"feature" "ave_expr" "log_fc" "stat" "pvalue" "padj" "rate1" "rate2" "group1" "group2"
"1" "Ube2c" 195.538301318959 -2.01197526172881 -7.38381759314248 1.53814141715487e-13 3.78169289891021e-10 0.761904761904762 0.839285714285714 "Uqcrc2_noRT" "non-targeting_noRT"
"2" "Sat1" 246.13284520123 1.32101965910235 7.36082374163695 1.82778777134374e-13 3.78169289891021e-10 1 1 "Uqcrc2_noRT" "non-targeting_noRT"
"3" "Dbi" 2979.61477947516 0.845108923554472 6.9426159235805 3.84904863723898e-12 5.30912108696497e-09 1 1 "Uqcrc2_noRT" "non-targeting_noRT"
"4" "Igfbp4" 22.6759776059642 2.99003477402677 6.82556168260507 8.75819594294797e-12 9.06035370297967e-09 0.476190476190476 0.357142857142857 "Uqcrc2_noRT" "non-targeting_noRT"
"5" "Ldhb" 33.9364133542218 2.12952147390372 6.45797440918279 1.06113679769942e-10 8.7819681377604e-08 0.714285714285714 0.696428571428571 "Uqcrc2_noRT" "non-targeting_noRT"
"6" "Cenpf" 44.0579008993042 -2.48544564056674 -5.74206001309927 9.35316599773434e-09 5.59973060444941e-06 0.285714285714286 0.660714285714286 "Uqcrc2_noRT" "non-targeting_noRT"
"7" "Rorb" 218.462613585343 0.900141531728386 5.739909432098 9.47271972719813e-09 5.59973060444941e-06 1 0.982142857142857 "Uqcrc2_noRT" "non-targeting_noRT"
"8" "Uqcrc2" 40.3453650915664 -5.96916992854167 -5.68997804925166 1.27055703728365e-08 6.5719562753497e-06 0.0952380952380952 1 "Uqcrc2_noRT" "non-targeting_noRT"
"9" "Anxa5" 112.562051956866 1.1717233969907 5.65292432564133 1.57740766827751e-08 6.97288243701424e-06 1 0.964285714285714 "Uqcrc2_noRT" "non-targeting_noRT"
"10" "Ramp2" 20.4564954574918 2.57408311425916 5.64156794513027 1.68508517085893e-08 6.97288243701424e-06 0.80952380952381 0.392857142857143 "Uqcrc2_noRT" "non-targeting_noRT"
"11" "Kcnn4" 12.6008676187419 4.32224889685467 5.3943609904326 6.87678410976096e-08 2.58692114965371e-05 0.19047619047619 0.125 "Uqcrc2_noRT" "non-targeting_noRT"
"12" "Hmmr" 34.0614822299471 -2.4110578950003 -5.37691216551159 7.57741153945368e-08 2.61294407918828e-05 0.285714285714286 0.642857142857143 "Uqcrc2_noRT" "non-targeting_noRT"
"13" "Tubb5" 316.229249895565 -1.039622364813 -5.34546565722132 9.01848969886228e-08 2.69907249229011e-05 1 1 "Uqcrc2_noRT" "non-targeting_noRT"
"14" "Hmgb2" 310.557686569332 -1.15383888344414 -5.34320557881021 9.13170973708592e-08 2.69907249229011e-05 0.857142857142857 0.982142857142857 "Uqcrc2_noRT" "non-targeting_noRT"
"15" "Tmsb10" 452.981855482789 0.76141071519397 5.14824485342453 2.62935126494528e-07 7.25350368956239e-05 1 1 "Uqcrc2_noRT" "non-targeting_noRT"
"16" "Rps26" 2887.0699770871 0.587138883567567 5.09271573139429 3.52970725015094e-07 9.12870537570288e-05 1 1 "Uqcrc2_noRT" "non-targeting_noRT"
"17" "Birc5" 91.4380482962113 -1.30774659475794 -4.97845626222623 6.40934228785825e-07 0.000156010931689161 0.523809523809524 0.767857142857143 "Uqcrc2_noRT" "non-targeting_noRT"
"18" "Ift27" 48.8849331549976 -1.92261823554193 -4.93522952012147 8.00565573812281e-07 0.000179758713919177 0.666666666666667 0.946428571428571 "Uqcrc2_noRT" "non-targeting_noRT"
"19" "Prc1" 81.0559028754158 -1.77777110159314 -4.92926906976526 8.25378338439915e-07 0.000179758713919177 0.619047619047619 0.875 "Uqcrc2_noRT" "non-targeting_noRT"
"20" "Lbh" 150.122705780846 0.950047453004989 4.90427790296683 9.37716527862516e-07 0.000191262120841245 1 0.982142857142857 "Uqcrc2_noRT" "non-targeting_noRT"
"21" "Tspan4" 89.2516550904245 -1.31475165181763 -4.89749944456548 9.70639085951222e-07 0.000191262120841245 0.904761904761905 1 "Uqcrc2_noRT" "non-targeting_noRT"
"22" "Gpm6b" 45.7686288487183 1.76175715244773 4.87781819773644 1.07265720785056e-06 0.000201757069367528 0.857142857142857 0.821428571428571 "Uqcrc2_noRT" "non-targeting_noRT"
"23" "Dusp2" 16.8693064827423 2.6355027105639 4.86080574152813 1.16908932589862e-06 0.000210334418720369 0.428571428571429 0.267857142857143 "Uqcrc2_noRT" "non-targeting_noRT"
"24" "Ifi27l2a" 373.229117157439 0.745113424410086 4.83639174434479 1.32217226735253e-06 0.000227964535096031 1 1 "Uqcrc2_noRT" "non-targeting_noRT"
"25" "Mki67" 22.1040423321061 -2.95957849566024 -4.82088704473033 1.42921270615184e-06 0.000236563287122252 0.142857142857143 0.642857142857143 "Uqcrc2_noRT" "non-targeting_noRT"
"26" "Hist1h2ap" 34.2140949798061 -2.34794614267894 -4.7931657535365 1.64169874835568e-06 0.000261282670026761 0.333333333333333 0.607142857142857 "Uqcrc2_noRT" "non-targeting_noRT"
"27" "Tuba1b" 278.877551717342 -0.797830162598542 -4.77403627633152 1.80569834233186e-06 0.000276739990391453 0.952380952380952 1 "Uqcrc2_noRT" "non-targeting_noRT"
"28" "Gamt" 32.6657108608529 1.80391590505256 4.74190024548015 2.11722875065233e-06 0.000312896163221406 0.666666666666667 0.678571428571429 "Uqcrc2_noRT" "non-targeting_noRT"
"29" "Hist1h1b" 36.3480560441757 -2.08430286113287 -4.64391625885161 3.41866173795142e-06 0.000487807664539413 0.333333333333333 0.553571428571429 "Uqcrc2_noRT" "non-targeting_noRT"
"30" "Vdac2" 156.292145848324 0.784686956712692 4.63001375131239 3.65641449461346e-06 0.00050434143929035 1 1 "Uqcrc2_noRT" "non-targeting_noRT"
"31" "Itm2b" 234.374033964981 0.691552368339312 4.61244462260685 3.97960589012186e-06 0.000508650568282599 1 1 "Uqcrc2_noRT" "non-targeting_noRT"
"32" "Ppp1r14c" 44.8000439622505 1.38588541563274 4.61139523185926 3.99975232176739e-06 0.000508650568282599 0.857142857142857 0.660714285714286 "Uqcrc2_noRT" "non-targeting_noRT"
"33" "Ifitm2" 158.29319288964 0.905484590620884 4.60779442007692 4.0696272727292e-06 0.000508650568282599 1 1 "Uqcrc2_noRT" "non-targeting_noRT"
"34" "Tm4sf1" 222.469378466429 1.24682451551192 4.60225839149398 4.17934251368013e-06 0.000508650568282599 0.952380952380952 0.928571428571429 "Uqcrc2_noRT" "non-targeting_noRT"
"35" "Rgs10" 22.6756196728927 -2.7999925515725 -4.577869950632 4.69734562261911e-06 0.00055536046246851 0.428571428571429 0.910714285714286 "Uqcrc2_noRT" "non-targeting_noRT"
"36" "Grcc10" 209.399477282251 0.755544176525922 4.54928552643591 5.38283646142097e-06 0.000618727146593333 1 1 "Uqcrc2_noRT" "non-targeting_noRT"
"37" "Myl12b" 119.903858552267 0.920253059934633 4.48231596655121 7.38373103822904e-06 0.00082578051449167 0.904761904761905 1 "Uqcrc2_noRT" "non-targeting_noRT"
"38" "Uchl1" 59.7569722817763 -1.48932354098009 -4.43153974251834 9.35625635519363e-06 0.00101884707362609 0.714285714285714 0.892857142857143 "Uqcrc2_noRT" "non-targeting_noRT"
"39" "Uqcr11" 357.919959519711 0.694761077367435 4.42419784605692 9.68012795701717e-06 0.00102708639708044 1 1 "Uqcrc2_noRT" "non-targeting_noRT"
"40" "Selenow" 235.296781934047 0.666756947637134 4.41467131593576 1.01163576059691e-05 0.00104649159775547 1 1 "Uqcrc2_noRT" "non-targeting_noRT"
"41" "Rpl13a" 1055.68404190755 -0.589947169362646 -4.40933578640271 1.03688147675143e-05 0.00104649159775547 1 1 "Uqcrc2_noRT" "non-targeting_noRT"
"42" "Atp5md" 586.144525515737 0.591210686715709 4.36478510153741 1.27247790748105e-05 0.00125369370979919 1 1 "Uqcrc2_noRT" "non-targeting_noRT"
"43" "Ncl" 382.330179684475 -0.637051560703978 -4.35127400660287 1.35348780669796e-05 0.00130249594049213 0.952380952380952 1 "Uqcrc2_noRT" "non-targeting_noRT"
"44" "Odc1" 116.473097071782 -1.54382528513749 -4.33082747800572 1.48550039323551e-05 0.00139704559709285 0.80952380952381 0.910714285714286 "Uqcrc2_noRT" "non-targeting_noRT"
"45" "Tubb4b" 91.2249108841736 -1.0563109308416 -4.30428408040939 1.67526587605055e-05 0.00154050004335493 0.904761904761905 0.964285714285714 "Uqcrc2_noRT" "non-targeting_noRT"
"46" "Hsp90aa1" 381.76355709815 -0.91138683613614 -4.29852566838195 1.71937991582374e-05 0.00154669436775623 1 1 "Uqcrc2_noRT" "non-targeting_noRT"
"47" "Atad2" 48.6280804703905 -1.67446791802681 -4.27697244674234 1.89452240927008e-05 0.00163452050759286 0.523809523809524 0.857142857142857 "Uqcrc2_noRT" "non-targeting_noRT"
"48" "Hist1h1a" 17.1622025539831 -2.98802516196886 -4.27679738802344 1.89601218860457e-05 0.00163452050759286 0.238095238095238 0.535714285714286 "Uqcrc2_noRT" "non-targeting_noRT"
"49" "Rpl38" 2435.48144680206 0.460600134198385 4.27023107449927 1.95270547230351e-05 0.00164903984579427 1 1 "Uqcrc2_noRT" "non-targeting_noRT"
"50" "Cdc42ep5" 19.3760816554954 1.88957227244068 4.25793329558706 2.06325488701836e-05 0.0017075497444964 0.761904761904762 0.375 "Uqcrc2_noRT" "non-targeting_noRT"
"51" "Tubb2b" 140.506973810123 -0.823855024478286 -4.24699486579444 2.16656922406027e-05 0.00175789479395321 0.904761904761905 1 "Uqcrc2_noRT" "non-targeting_noRT"
"52" "Nusap1" 23.9976944411766 -2.15935543547038 -4.23345363027696 2.30129649376974e-05 0.00183130094061907 0.285714285714286 0.535714285714286 "Uqcrc2_noRT" "non-targeting_noRT"
"53" "Gng12" 91.3091386638654 0.921201830502378 4.15159462441813 3.3016670107464e-05 0.0025454520691471 1 0.964285714285714 "Uqcrc2_noRT" "non-targeting_noRT"
"54" "Fbxo2" 66.1874585289488 1.20817940591409 4.15020615494579 3.32175958757718e-05 0.0025454520691471 0.857142857142857 0.785714285714286 "Uqcrc2_noRT" "non-targeting_noRT"
"55" "Syt4" 234.207883977794 -0.713485757347314 -4.13470324018375 3.55413600094473e-05 0.00267400268580169 0.904761904761905 1 "Uqcrc2_noRT" "non-targeting_noRT"
"56" "Ndufv3" 109.71793869935 0.812036761907313 4.12636049776293 3.68549393521063e-05 0.00272112689297006 1 0.982142857142857 "Uqcrc2_noRT" "non-targeting_noRT"
"57" "Dusp1" 30.6742731618287 2.34573912433873 4.12247150932346 3.74828982356919e-05 0.00272112689297006 0.666666666666667 0.517857142857143 "Uqcrc2_noRT" "non-targeting_noRT"
"58" "Ost4" 355.39427528866 0.610499258639848 4.10228383306458 4.09091996599017e-05 0.0029186597964254 1 1 "Uqcrc2_noRT" "non-targeting_noRT"
"59" "Fbxo5" 18.1485375155017 -2.87424218870754 -4.05992694441359 4.90880723407403e-05 0.00344282107366073 0.19047619047619 0.607142857142857 "Uqcrc2_noRT" "non-targeting_noRT"
"60" "Rgs5" 8.43819498498476 -5.58713355082008 -4.03875292374948 5.3736130690586e-05 NA 0 0.0892857142857143 "Uqcrc2_noRT" "non-targeting_noRT"
"61" "Cstb" 585.39503265395 -0.957992276352319 -4.00333198622406 6.24565612504415e-05 0.00430742084090545 1 1 "Uqcrc2_noRT" "non-targeting_noRT"
"62" "Atp6v0e" 702.823472376176 0.63197696719011 3.97029263382114 7.17844099119827e-05 0.00486957193796368 1 1 "Uqcrc2_noRT" "non-targeting_noRT"
"63" "Cdkn1a" 56.6997901573174 -1.25659730368484 -3.9624851603758 7.41736188222248e-05 0.00495049088203816 0.714285714285714 0.946428571428571 "Uqcrc2_noRT" "non-targeting_noRT"
"64" "Pcolce2" 35.9461503875851 -1.54134353018907 -3.9509589970364 7.78386607353442e-05 0.00511264092258499 0.523809523809524 0.803571428571429 "Uqcrc2_noRT" "non-targeting_noRT"
"65" "Rbms3" 5.71468146233082 3.66644710683449 3.95020288947213 7.80849737209691e-05 NA 0.380952380952381 0.0892857142857143 "Uqcrc2_noRT" "non-targeting_noRT"
"66" "Sfr1" 140.475034399447 0.730655911160178 3.94646346180925 7.93140188648176e-05 0.00512814703222836 1 1 "Uqcrc2_noRT" "non-targeting_noRT"
"67" "Cdk1" 101.538887393361 -1.13118744130806 -3.93046008744872 8.47834674067556e-05 0.00539744597121777 0.619047619047619 0.785714285714286 "Uqcrc2_noRT" "non-targeting_noRT"
"68" "Cenpe" 21.219213588381 -2.05780267234358 -3.92236059649855 8.76856279074451e-05 0.00549762315577284 0.238095238095238 0.642857142857143 "Uqcrc2_noRT" "non-targeting_noRT"
"69" "Mcm5" 16.2930368438723 -2.42992973013631 -3.89449676054659 9.84028068410945e-05 0.00607747484639476 0.285714285714286 0.785714285714286 "Uqcrc2_noRT" "non-targeting_noRT"
"70" "Tuba1c" 116.574006668686 -0.866503785063352 -3.88467950811024 0.000102464963490508 0.00623529439593706 0.952380952380952 0.964285714285714 "Uqcrc2_noRT" "non-targeting_noRT"
"71" "Slc7a5" 19.6712169052757 -2.22352181176656 -3.87257757052962 0.000107690385290384 0.00645830165697981 0.333333333333333 0.714285714285714 "Uqcrc2_noRT" "non-targeting_noRT"
"72" "Hsp90b1" 772.848029253701 0.593767473028227 3.8648846888435 0.000111141694136456 0.00649109235979197 1 1 "Uqcrc2_noRT" "non-targeting_noRT"
"73" "Slc29a1" 61.3889897258808 1.23438626152634 3.86437398359109 0.000111374470165594 0.00649109235979197 0.761904761904762 0.892857142857143 "Uqcrc2_noRT" "non-targeting_noRT"
"74" "Ndufc2" 285.006350671072 0.601410573599544 3.85689911046073 0.0001148345309935 0.00659979568404307 1 1 "Uqcrc2_noRT" "non-targeting_noRT"
"75" "Tle5" 88.4762203999228 0.843187427553878 3.84967136473113 0.000118276410535825 0.00668051720021209 1 1 "Uqcrc2_noRT" "non-targeting_noRT"
"76" "Hist1h3c" 19.853359152913 -2.43229643457627 -3.84721540935166 0.00011946792479838 0.00668051720021209 0.238095238095238 0.553571428571429 "Uqcrc2_noRT" "non-targeting_noRT"
"77" "Ndufa12" 231.055875843952 0.590328682158738 3.83961930106823 0.000123225239778802 0.00675038104140999 1 1 "Uqcrc2_noRT" "non-targeting_noRT"
"78" "Snhg12" 114.273061545914 -0.869520185539657 -3.83811992413889 0.000123979932128361 0.00675038104140999 1 0.982142857142857 "Uqcrc2_noRT" "non-targeting_noRT"
"79" "H19" 6.24282433178775 -5.14883813954631 -3.82558899237178 0.0001304597945738 NA 0 0.125 "Uqcrc2_noRT" "non-targeting_noRT"
"80" "Cdkn2a" 450.003338965894 0.60258363351168 3.81845349272468 0.000134290894242054 0.00721682753731976 1 1 "Uqcrc2_noRT" "non-targeting_noRT"
"81" "Sem1" 336.264943924802 0.522781607043941 3.81502387730197 0.000136169766274559 0.00722398067748877 1 1 "Uqcrc2_noRT" "non-targeting_noRT"
"82" "Cystm1" 60.0390207519501 0.961573134595222 3.80352238082035 0.000142653098838772 0.00747213320246634 0.904761904761905 0.982142857142857 "Uqcrc2_noRT" "non-targeting_noRT"
"83" "Xlr" 28.1027619375082 1.34661231810507 3.7976860681051 0.000146053134721572 0.00755459839347332 0.904761904761905 0.821428571428571 "Uqcrc2_noRT" "non-targeting_noRT"
"84" "Plec" 67.4681475642484 -1.04055705483362 -3.78486003606261 0.000153795109349798 0.00773990083797395 0.952380952380952 0.928571428571429 "Uqcrc2_noRT" "non-targeting_noRT"
"85" "Hddc2" 57.509281599417 0.961322373688269 3.78328275654186 0.000154773416774185 0.00773990083797395 0.952380952380952 0.982142857142857 "Uqcrc2_noRT" "non-targeting_noRT"
"86" "Ccnb1" 14.1520297356352 -2.66705562140589 -3.78252271091088 0.000155246923526302 0.00773990083797395 0.142857142857143 0.517857142857143 "Uqcrc2_noRT" "non-targeting_noRT"
"87" "Cox8a" 1035.7170895361 0.461781881756105 3.77236199741556 0.000161709410994284 0.00796611360350412 1 1 "Uqcrc2_noRT" "non-targeting_noRT"
"88" "Mt1" 566.081576528051 0.658266174939611 3.76783410383975 0.000164670071523872 0.00801652654077393 1 1 "Uqcrc2_noRT" "non-targeting_noRT"
"89" "Eif3f" 281.851334737825 0.604474002073977 3.74776677981117 0.000178416029464109 0.00858471546421491 1 1 "Uqcrc2_noRT" "non-targeting_noRT"
"90" "Mif" 1044.98095739727 0.498140300225297 3.7412494462254 0.000183107667582321 0.00870918998224878 1 1 "Uqcrc2_noRT" "non-targeting_noRT"
"91" "Aamdc" 21.1890533927556 1.51349231926322 3.71050916402812 0.000206842808447784 0.00972631296996511 0.80952380952381 0.625 "Uqcrc2_noRT" "non-targeting_noRT"
"92" "Eno3" 37.1375078065668 1.31063011243301 3.6914128563378 0.000223011805465274 0.0103687960788236 0.80952380952381 0.75 "Uqcrc2_noRT" "non-targeting_noRT"
"93" "Sparcl1" 29.8461408081919 1.41510379635721 3.66734197429504 0.000245084921531296 0.01126846005885 0.666666666666667 0.482142857142857 "Uqcrc2_noRT" "non-targeting_noRT"
"94" "Atp5e" 445.211368819639 0.473373957095052 3.65705898437551 0.000255125688471706 0.0116012098779771 1 1 "Uqcrc2_noRT" "non-targeting_noRT"
"95" "Rpl23a" 1041.35891271987 -0.539590073291014 -3.65079326332125 0.000261431613961023 0.0116619227586855 1 1 "Uqcrc2_noRT" "non-targeting_noRT"
"96" "Psma5" 177.177671985472 -0.677305234071243 -3.65014006805972 0.000262097345712361 0.0116619227586855 0.952380952380952 0.982142857142857 "Uqcrc2_noRT" "non-targeting_noRT"
"97" "Phf11d" 11.0104140318129 2.15225743803676 3.64611368624379 0.000266236227058854 NA 0.523809523809524 0.160714285714286 "Uqcrc2_noRT" "non-targeting_noRT"
"98" "Atp1a2" 13.2398552009537 -3.6589708683493 -3.63955469175225 0.000273109928669065 0.012022647710985 0.0476190476190476 0.285714285714286 "Uqcrc2_noRT" "non-targeting_noRT"
"99" "Vim" 1720.01286812353 0.372097797279933 3.63226837260425 0.000280940716510811 0.0122371861570709 1 1 "Uqcrc2_noRT" "non-targeting_noRT"
"100" "Tpx2" 26.4802597734206 -1.67021155453473 -3.62234463781364 0.000291944805297119 0.0125840375449946 0.285714285714286 0.696428571428571 "Uqcrc2_noRT" "non-targeting_noRT"
"101" "Clspn" 12.9861179581616 -2.8288776784871 -3.60656386659098 0.000310278516766528 0.0131037259372641 0.19047619047619 0.625 "Uqcrc2_noRT" "non-targeting_noRT"
"102" "Phactr4" 40.1860273951639 -1.38027436041386 -3.60396859699912 0.00031339493827949 0.0131037259372641 0.523809523809524 0.910714285714286 "Uqcrc2_noRT" "non-targeting_noRT"
"103" "Fn1" 44.8715000695624 -1.5599473860648 -3.60317987708304 0.000314347830562541 0.0131037259372641 0.571428571428571 0.75 "Uqcrc2_noRT" "non-targeting_noRT"
"104" "Gpx4" 463.681868441737 0.545343008135225 3.60126868527936 0.000316668099015565 0.0131037259372641 1 1 "Uqcrc2_noRT" "non-targeting_noRT"
"105" "E030030I06Rik" 15.8154262709822 1.86626655018959 3.59751807136067 0.000321268181000537 0.0131624528017844 0.666666666666667 0.428571428571429 "Uqcrc2_noRT" "non-targeting_noRT"
"106" "Chit1" 5.94697461777459 -5.08400415897283 -3.59171984741852 0.000328502885730244 NA 0 0.232142857142857 "Uqcrc2_noRT" "non-targeting_noRT"
"107" "mt-Nd2" 172.323269086659 -0.812362447486888 -3.56964067513542 0.000357471216476969 0.0145021166057029 0.904761904761905 1 "Uqcrc2_noRT" "non-targeting_noRT"
"108" "Ckap2l" 15.2012903095366 -2.33702984134564 -3.56262726995893 0.000367161808580051 0.0147506365427597 0.142857142857143 0.571428571428571 "Uqcrc2_noRT" "non-targeting_noRT"
"109" "Mir100hg" 16.8560410930635 1.62274209231797 3.53978227799345 0.00040045725507311 0.0159335780912743 0.761904761904762 0.517857142857143 "Uqcrc2_noRT" "non-targeting_noRT"
"110" "Cenph" 16.5958819090472 -2.09357186844042 -3.53511555026398 0.000407596878900789 0.0160631989037282 0.333333333333333 0.660714285714286 "Uqcrc2_noRT" "non-targeting_noRT"
"111" "Rack1" 1137.53861495172 -0.43506676385058 -3.51307521951758 0.000442952058077999 0.0172918454370449 1 1 "Uqcrc2_noRT" "non-targeting_noRT"
"112" "Atp5mpl" 223.065129535451 0.626532949668813 3.50840754192412 0.00045079789710437 0.0173232661894418 1 1 "Uqcrc2_noRT" "non-targeting_noRT"
"113" "Cst6" 465.570514572551 -0.656654349222147 -3.5076227498362 0.00045212971204923 0.0173232661894418 1 1 "Uqcrc2_noRT" "non-targeting_noRT"
"114" "Cdca8" 37.268150679323 -1.32136860163528 -3.49766603514024 0.000469348459692768 0.0178180176716392 0.333333333333333 0.75 "Uqcrc2_noRT" "non-targeting_noRT"
"115" "Sept7" 293.58459756471 0.547307431600109 3.48622533168143 0.000489888170396304 0.0184287022645446 1 1 "Uqcrc2_noRT" "non-targeting_noRT"
"116" "Ndufa3" 123.501847288457 0.686244119187387 3.48302657424376 0.000495779148787691 0.0184822893484997 1 1 "Uqcrc2_noRT" "non-targeting_noRT"
"117" "Saa3" 9.68971762364825 -4.77551519453338 -3.48080573645343 0.000499907923419403 NA 0.0476190476190476 0.25 "Uqcrc2_noRT" "non-targeting_noRT"
"118" "Elob" 450.935630301441 0.436223106053245 3.46399191122374 0.000532222514174331 0.019663721104048 1 1 "Uqcrc2_noRT" "non-targeting_noRT"
"119" "Btg1" 51.2095399623624 1.19778659938518 3.46119118842459 0.000537790731336344 0.0196936110289362 0.857142857142857 0.910714285714286 "Uqcrc2_noRT" "non-targeting_noRT"
"120" "Mrps21" 128.012619660001 0.6302413819059 3.45407359490426 0.000552186666011676 0.0198176804157809 1 1 "Uqcrc2_noRT" "non-targeting_noRT"
"121" "Polr3k" 65.7551756702788 -0.994664052987506 -3.45384912639657 0.00055264645829459 0.0198176804157809 0.80952380952381 0.964285714285714 "Uqcrc2_noRT" "non-targeting_noRT"
"122" "Ddit3" 59.0532643994416 -1.01284388169538 -3.45243739239218 0.000555546381882695 0.0198176804157809 0.952380952380952 0.964285714285714 "Uqcrc2_noRT" "non-targeting_noRT"
"123" "Mrpl52" 137.966398338291 0.618760515704456 3.44641357825427 0.000568080231466856 0.0200915897248705 1 1 "Uqcrc2_noRT" "non-targeting_noRT"
"124" "Marcksl1" 62.6633669143865 0.99502964302803 3.43131339088219 0.000600666236239077 0.0209902997757165 1 0.928571428571429 "Uqcrc2_noRT" "non-targeting_noRT"
"125" "Tecr" 127.993616805576 0.645363014799446 3.42896032943546 0.000605898082314882 0.0209902997757165 1 1 "Uqcrc2_noRT" "non-targeting_noRT"
"126" "Phlda1" 225.199866981149 0.632237284758061 3.42770409768038 0.000608708548353307 0.0209902997757165 0.952380952380952 1 "Uqcrc2_noRT" "non-targeting_noRT"
"127" "Entpd2" 5.34258318068562 3.2389814974665 3.42719115182628 0.000609859605118869 NA 0.333333333333333 0.107142857142857 "Uqcrc2_noRT" "non-targeting_noRT"
"128" "Cd9" 649.460038019972 0.484258114534269 3.4237488982052 0.00061763662455524 0.0210359797049326 1 1 "Uqcrc2_noRT" "non-targeting_noRT"
"129" "Morc4" 12.8319925651126 -2.52869489289268 -3.42240044148285 0.000620708245479339 0.0210359797049326 0.285714285714286 0.75 "Uqcrc2_noRT" "non-targeting_noRT"
"130" "Cks2" 111.885922350302 -0.724631634509325 -3.42040309927408 0.000625284075327867 0.0210359797049326 0.857142857142857 0.928571428571429 "Uqcrc2_noRT" "non-targeting_noRT"
"131" "Tcof1" 31.1207245207105 -1.39946741309917 -3.41714921735136 0.000632805850366104 0.0211173436194753 0.666666666666667 0.839285714285714 "Uqcrc2_noRT" "non-targeting_noRT"
"132" "Prxl2b" 5.27659984537233 2.99536052599758 3.41257581007875 0.000643520251370518 NA 0.428571428571429 0.107142857142857 "Uqcrc2_noRT" "non-targeting_noRT"
"133" "Mapk3" 29.8897762413513 1.21886523910264 3.39742801499181 0.000680224818026552 0.022518162375951 0.904761904761905 0.803571428571429 "Uqcrc2_noRT" "non-targeting_noRT"
"134" "Cenpa" 115.312361478711 -0.926595212547045 -3.39447140677949 0.000687612199070448 0.0225820577758215 0.523809523809524 0.821428571428571 "Uqcrc2_noRT" "non-targeting_noRT"
"135" "Josd2" 113.323552613542 0.721865584909475 3.38035431326821 0.000723924419293494 0.0233910497408444 1 1 "Uqcrc2_noRT" "non-targeting_noRT"
"136" "Rangap1" 25.0251311372383 -1.47710337356631 -3.37883606716707 0.000727934008886537 0.0233910497408444 0.476190476190476 0.803571428571429 "Uqcrc2_noRT" "non-targeting_noRT"
"137" "Ifitm3" 1512.8711042635 0.426258006477095 3.37835686707099 0.000729203822273787 0.0233910497408444 1 1 "Uqcrc2_noRT" "non-targeting_noRT"
"138" "Clec2d" 4.812228992511 3.74079577239362 3.36552887320913 0.000763970711360145 NA 0.428571428571429 0.0714285714285714 "Uqcrc2_noRT" "non-targeting_noRT"
"139" "Mthfd1l" 30.5830412400291 -1.40713307353217 -3.36311725658347 0.000770676216864235 0.0245312168106477 0.619047619047619 0.946428571428571 "Uqcrc2_noRT" "non-targeting_noRT"
"140" "Rflnb" 9.27604200389555 2.52263319045941 3.34107165879423 0.000834556803997524 NA 0.380952380952381 0.196428571428571 "Uqcrc2_noRT" "non-targeting_noRT"
"141" "Polr2l" 45.8728123299415 -1.08997375564864 -3.32571055918211 0.000881934591897433 0.0278583613837525 0.714285714285714 0.928571428571429 "Uqcrc2_noRT" "non-targeting_noRT"
"142" "Nasp" 59.6926681080236 -1.0107655765647 -3.32024246296733 0.000899392984863655 0.0281946073588318 0.761904761904762 0.964285714285714 "Uqcrc2_noRT" "non-targeting_noRT"
"143" "Ska1" 11.4071338286228 -2.66945321323865 -3.31873045540404 0.000904276708573982 NA 0.142857142857143 0.571428571428571 "Uqcrc2_noRT" "non-targeting_noRT"
"144" "Snhg5" 15.0137813491996 -2.28410414041545 -3.31439740412663 0.000918408762929944 0.0285742515864971 0.333333333333333 0.732142857142857 "Uqcrc2_noRT" "non-targeting_noRT"
"145" "Ckb" 725.655542261714 0.601309250636307 3.30414456723094 0.000952666920783397 0.0294189232701619 1 1 "Uqcrc2_noRT" "non-targeting_noRT"
"146" "Arl3" 85.9535561078186 0.697051304242233 3.28379903666081 0.00102417925583821 0.0312763246351545 1 1 "Uqcrc2_noRT" "non-targeting_noRT"
"147" "Prph" 58.545296361818 0.962446598286215 3.28171472582232 0.00103177932686493 0.0312763246351545 0.904761904761905 0.75 "Uqcrc2_noRT" "non-targeting_noRT"
"148" "Ly6a" 151.28083846591 -0.971495050357295 -3.28070231032925 0.00103548972330018 0.0312763246351545 0.714285714285714 0.839285714285714 "Uqcrc2_noRT" "non-targeting_noRT"
"149" "Nkain4" 3.68951119070758 4.38777345300816 3.2796434905931 0.0010393833930178 NA 0.285714285714286 0.0357142857142857 "Uqcrc2_noRT" "non-targeting_noRT"
"150" "Nnmt" 4.02891021796392 -4.52044485561867 -3.27905909519142 0.00104153822800049 NA 0 0.392857142857143 "Uqcrc2_noRT" "non-targeting_noRT"
"151" "Prdx2" 504.880303466056 0.477559224415346 3.27790082642096 0.00104582132135801 0.0313594828099961 1 1 "Uqcrc2_noRT" "non-targeting_noRT"
"152" "Aurkb" 15.361984343562 -1.98189613693605 -3.26920625877889 0.00107849652701921 0.0321066088403274 0.142857142857143 0.535714285714286 "Uqcrc2_noRT" "non-targeting_noRT"
"153" "Ttyh1" 4.59885203564051 3.31943509113046 3.26620198456733 0.00109000471136368 NA 0.238095238095238 0.0714285714285714 "Uqcrc2_noRT" "non-targeting_noRT"
"154" "Ssrp1" 53.8293112200469 -0.963808495201536 -3.25354619829335 0.00113974191160012 0.0334321960491158 0.714285714285714 1 "Uqcrc2_noRT" "non-targeting_noRT"
"155" "Rps28" 2003.70674569636 0.338261329422964 3.25312798424672 0.00114142074807199 0.0334321960491158 1 1 "Uqcrc2_noRT" "non-targeting_noRT"
"156" "Uba52" 450.665917568042 0.459919377441531 3.25031165892514 0.00115278598323573 0.0334321960491158 1 1 "Uqcrc2_noRT" "non-targeting_noRT"
"157" "Anxa4" 29.446935757832 1.11674807359295 3.24786586716989 0.00116274069825266 0.0334321960491158 0.857142857142857 0.767857142857143 "Uqcrc2_noRT" "non-targeting_noRT"
"158" "Dhfr" 20.9695072640006 -1.53412600646947 -3.24769942201887 0.00116342103215869 0.0334321960491158 0.428571428571429 0.714285714285714 "Uqcrc2_noRT" "non-targeting_noRT"
"159" "Ncapg" 10.1171011296251 -2.82808462047917 -3.23620478173142 0.00121130450601217 NA 0.142857142857143 0.535714285714286 "Uqcrc2_noRT" "non-targeting_noRT"
"160" "Cav2" 50.0050426261755 1.01448888171929 3.20823793823091 0.00133550958631907 0.0381126804702643 0.857142857142857 0.821428571428571 "Uqcrc2_noRT" "non-targeting_noRT"
"161" "Ndufs7" 106.341646172538 0.68126325998629 3.20611120339539 0.00134541983235446 0.0381325155224846 0.952380952380952 1 "Uqcrc2_noRT" "non-targeting_noRT"
"162" "Wars" 17.7023597672575 -1.83561441793952 -3.19929299463026 0.00137765081819566 0.0387804019434942 0.380952380952381 0.642857142857143 "Uqcrc2_noRT" "non-targeting_noRT"
"163" "1700003F12Rik" 16.0131675076545 1.52628105026865 3.17047149716348 0.00152191763091804 0.0425519943022894 0.619047619047619 0.428571428571429 "Uqcrc2_noRT" "non-targeting_noRT"
"164" "1810058I24Rik" 131.920517914335 0.634095257952328 3.15781944647237 0.00158953974496374 0.0441443990916775 1 1 "Uqcrc2_noRT" "non-targeting_noRT"
"165" "Kif20b" 16.2088696271553 -1.8452497348995 -3.15424079551453 0.00160916253303286 0.0441580963683908 0.238095238095238 0.607142857142857 "Uqcrc2_noRT" "non-targeting_noRT"
"166" "Oaz1" 985.907810299797 0.366101001126747 3.15383970369526 0.00161137567704858 0.0441580963683908 1 1 "Uqcrc2_noRT" "non-targeting_noRT"
"167" "Ifi47" 136.774939537217 0.753963170699522 3.15169593325937 0.00162325214957306 0.0441909039140349 0.904761904761905 0.982142857142857 "Uqcrc2_noRT" "non-targeting_noRT"
"168" "Rrm1" 16.4744986051047 -1.71591898151633 -3.14578697322679 0.00165640605015288 0.044798746637468 0.428571428571429 0.660714285714286 "Uqcrc2_noRT" "non-targeting_noRT"
"169" "Me2" 29.1205837376194 -1.44849860984327 -3.14084563419864 0.00168460798595883 0.0452656353629717 0.476190476190476 0.839285714285714 "Uqcrc2_noRT" "non-targeting_noRT"
"170" "Rpl41" 4817.98756700642 0.357493627639836 3.13444475394087 0.00172179671991677 0.0459664182388103 1 1 "Uqcrc2_noRT" "non-targeting_noRT"
"171" "Hist1h4d" 22.8076264691288 -1.61086688860344 -3.13204759322854 0.00173591732728392 0.0460463198737234 0.380952380952381 0.732142857142857 "Uqcrc2_noRT" "non-targeting_noRT"
"172" "Ndufc1" 195.995041997736 0.521234909184463 3.12771561761337 0.00176170547698074 0.0464327214251358 1 1 "Uqcrc2_noRT" "non-targeting_noRT"
"173" "Cdca5" 8.40585564662011 -3.61557903089704 -3.12739675126002 0.00176361752877085 NA 0.0952380952380952 0.5 "Uqcrc2_noRT" "non-targeting_noRT"
"174" "Oaf" 5.20499571816978 2.73886926035896 3.12632379688589 0.00177006541719779 NA 0.238095238095238 0.107142857142857 "Uqcrc2_noRT" "non-targeting_noRT"
"175" "Rars" 124.298117954842 -0.724753518809305 -3.12283830309309 0.00179116123301296 0.0469102859633395 1 0.982142857142857 "Uqcrc2_noRT" "non-targeting_noRT"
"176" "Gsn" 65.7578797945493 0.837517101143356 3.12043278657494 0.00180585504491742 0.0469976614834484 0.952380952380952 0.839285714285714 "Uqcrc2_noRT" "non-targeting_noRT"
"177" "Ccna2" 19.6305141730973 -1.5189785175914 -3.11624974320284 0.00183167075503095 0.0473715849019879 0.238095238095238 0.571428571428571 "Uqcrc2_noRT" "non-targeting_noRT"
"178" "Rps6" 781.081965731127 -0.424456121696942 -3.09904397135513 0.00194146203593621 0.0498991919546835 1 1 "Uqcrc2_noRT" "non-targeting_noRT"
"179" "Atf4" 122.375909754769 -0.794315473969245 -3.09153012070297 0.00199127778768295 0.0508636264532844 1 0.982142857142857 "Uqcrc2_noRT" "non-targeting_noRT"
"180" "Selenok" 208.308324252725 0.540897294527235 3.08955674053353 0.00200455413241504 0.0508886196314934 1 1 "Uqcrc2_noRT" "non-targeting_noRT"
"181" "Phf11b" 3.35038011492139 4.24033345056169 3.0878209084824 0.0020162994251028 NA 0.333333333333333 0.0357142857142857 "Uqcrc2_noRT" "non-targeting_noRT"
"182" "Atox1" 335.612687288246 0.452833803637894 3.07612813523081 0.00209707703669131 0.0529128340111501 1 1 "Uqcrc2_noRT" "non-targeting_noRT"
"183" "Rpl39" 1625.36722231103 0.423180146146849 3.06880911860936 0.00214913860428226 0.0534535647771934 1 1 "Uqcrc2_noRT" "non-targeting_noRT"
"184" "Myl6" 475.615602837079 0.432108411887718 3.06823133151722 0.0021532985666446 0.0534535647771934 1 1 "Uqcrc2_noRT" "non-targeting_noRT"
"185" "Taldo1" 181.190096272457 0.670552847093944 3.06768195400436 0.00215726083078572 0.0534535647771934 1 0.982142857142857 "Uqcrc2_noRT" "non-targeting_noRT"
"186" "Prune1" 21.9137604344084 -1.40528435588711 -3.06387684528523 0.00218488833741104 0.0538158805964695 0.571428571428571 0.821428571428571 "Uqcrc2_noRT" "non-targeting_noRT"
"187" "Col12a1" 3.22281117472049 4.18913437334945 3.06224198105302 0.00219685779420638 NA 0.238095238095238 0.0357142857142857 "Uqcrc2_noRT" "non-targeting_noRT"
"188" "Csad" 26.6093630791878 1.08594455027011 3.0617809245632 0.00220024421051473 0.0538734351663311 0.904761904761905 0.714285714285714 "Uqcrc2_noRT" "non-targeting_noRT"
"189" "Spcs1" 281.651284484202 0.491614582013799 3.05317829895064 0.00226431357653064 0.055116056351081 1 1 "Uqcrc2_noRT" "non-targeting_noRT"
"190" "Rps24" 2778.71281470031 0.460463791027947 3.04264597169005 0.00234508048747222 0.0567482050126318 1 1 "Uqcrc2_noRT" "non-targeting_noRT"
"191" "Atp5d" 319.794847450027 0.427727249081325 3.03166242483621 0.00243211031164375 0.0585120492417549 1 1 "Uqcrc2_noRT" "non-targeting_noRT"
"192" "Tmem119" 4.67243350361044 -4.73255410212219 -3.02869934277382 0.00245608979942596 NA 0 0.142857142857143 "Uqcrc2_noRT" "non-targeting_noRT"
"193" "Tubb6" 26.869821187012 -1.23962480485622 -3.01893467628041 0.00253665219913258 0.0606743745665354 0.523809523809524 0.785714285714286 "Uqcrc2_noRT" "non-targeting_noRT"
"194" "Lrr1" 5.72220670636246 -3.98878136425554 -3.01417285599024 0.00257680946032968 NA 0.0476190476190476 0.517857142857143 "Uqcrc2_noRT" "non-targeting_noRT"
"195" "Ptgds" 16.9502619319854 1.48045278492144 3.01141171219186 0.00260036009646278 0.0615802465209307 0.571428571428571 0.339285714285714 "Uqcrc2_noRT" "non-targeting_noRT"
"196" "Naca" 1053.56410936429 0.393549626171268 3.01095343681039 0.00260428785431679 0.0615802465209307 1 1 "Uqcrc2_noRT" "non-targeting_noRT"
"197" "Lxn" 8.03855156180836 2.2863903347507 3.00735796409008 0.00263529242784242 NA 0.428571428571429 0.196428571428571 "Uqcrc2_noRT" "non-targeting_noRT"
"198" "Spry2" 28.7480844720366 1.39467303297336 3.00506997833179 0.00265519753436646 0.0623844556613263 0.666666666666667 0.642857142857143 "Uqcrc2_noRT" "non-targeting_noRT"
"199" "Ndufa7" 338.84570908121 0.407413710491532 3.00355528551281 0.00266845061673629 0.0623844556613263 1 1 "Uqcrc2_noRT" "non-targeting_noRT"
"200" "Mfap2" 8.11283086178465 2.38855014302307 2.99183210381436 0.00277308729440969 NA 0.428571428571429 0.214285714285714 "Uqcrc2_noRT" "non-targeting_noRT"
"201" "Npc2" 108.03996832007 0.652452655813981 2.98599575330748 0.00282656568395207 0.0656391266224683 1 1 "Uqcrc2_noRT" "non-targeting_noRT"
"202" "Bpgm" 43.7498207858994 -1.16283709752273 -2.98461096897693 0.00283939189594534 0.0656391266224683 0.666666666666667 0.857142857142857 "Uqcrc2_noRT" "non-targeting_noRT"
"203" "Aldh2" 31.8007341994711 1.09981483788246 2.97898883308294 0.0028920131779191 0.0664841696123846 0.857142857142857 0.875 "Uqcrc2_noRT" "non-targeting_noRT"
"204" "Ddt" 43.5629686974735 0.911359641991311 2.97519014690837 0.00292806988881728 0.0669411779001431 0.904761904761905 0.875 "Uqcrc2_noRT" "non-targeting_noRT"
"205" "Ddit4" 33.3093375083977 0.996434072444571 2.97227513528923 0.00295601654616974 0.0669637024742994 0.619047619047619 0.678571428571429 "Uqcrc2_noRT" "non-targeting_noRT"
"206" "Ftl1" 598.069241251412 0.469547408233094 2.97171438412114 0.00296142038491947 0.0669637024742994 1 1 "Uqcrc2_noRT" "non-targeting_noRT"
"207" "Rrp1" 124.020059286906 0.569555621223451 2.94210324923486 0.0032599121624189 0.0724347890591613 1 1 "Uqcrc2_noRT" "non-targeting_noRT"
"208" "Timp2" 45.4994604817263 0.898749430223828 2.94094837786511 0.00327209059133708 0.0724347890591613 0.857142857142857 0.875 "Uqcrc2_noRT" "non-targeting_noRT"
"209" "Serf2" 684.241076827718 0.348896923956283 2.94002146620901 0.00328189509064024 0.0724347890591613 1 1 "Uqcrc2_noRT" "non-targeting_noRT"
"210" "Ppib" 753.626711975502 0.343886651583116 2.93925886576597 0.0032899816302932 0.0724347890591613 1 1 "Uqcrc2_noRT" "non-targeting_noRT"
"211" "Fam92a" 62.4452366103465 0.73401015919082 2.93771641798879 0.00330639310049161 0.0724347890591613 0.952380952380952 0.982142857142857 "Uqcrc2_noRT" "non-targeting_noRT"
"212" "Uqcrb" 264.868320444853 0.429555511311958 2.93730428224637 0.00331079078405659 0.0724347890591613 1 1 "Uqcrc2_noRT" "non-targeting_noRT"
"213" "Aurka" 17.0963031805155 -1.65112483756766 -2.93589128271974 0.00332590863248928 0.0724347890591613 0.285714285714286 0.660714285714286 "Uqcrc2_noRT" "non-targeting_noRT"
"214" "AI662270" 75.4503570294079 -0.75738136972798 -2.92891784564351 0.0034014431159705 0.0736919979784603 0.857142857142857 0.964285714285714 "Uqcrc2_noRT" "non-targeting_noRT"
"215" "Kif11" 8.03761492167811 -2.91930322847184 -2.92845105864946 0.00340655457784344 NA 0.0952380952380952 0.482142857142857 "Uqcrc2_noRT" "non-targeting_noRT"
"216" "Depdc1a" 10.3817538492561 -2.14634461208211 -2.92206204867868 0.00347722259873449 NA 0.142857142857143 0.517857142857143 "Uqcrc2_noRT" "non-targeting_noRT"
"217" "Rnpep" 10.0367163676664 1.75929252227965 2.92103211517911 0.00348873862691781 NA 0.571428571428571 0.392857142857143 "Uqcrc2_noRT" "non-targeting_noRT"
"218" "Ndufb4" 107.174779453806 0.634919353271286 2.91499887170013 0.0035568982852854 0.0766585682526614 1 1 "Uqcrc2_noRT" "non-targeting_noRT"
"219" "Rbp2" 5.13402603162832 2.75533940641688 2.9108380856019 0.00360460758380075 NA 0.238095238095238 0.0714285714285714 "Uqcrc2_noRT" "non-targeting_noRT"
"220" "Incenp" 17.233607763731 -1.65410046947859 -2.90132177324355 0.00371592092944569 0.0796708850054211 0.380952380952381 0.660714285714286 "Uqcrc2_noRT" "non-targeting_noRT"
"221" "Arl6ip1" 157.255601451278 -0.76082615350819 -2.89903338526541 0.00374315035411216 0.0798410111614234 1 0.982142857142857 "Uqcrc2_noRT" "non-targeting_noRT"
"222" "Mat2a" 35.455137195122 -1.03947254986009 -2.89734683067248 0.00376333454357144 0.0798598889297365 0.761904761904762 0.839285714285714 "Uqcrc2_noRT" "non-targeting_noRT"
"223" "Atp5g2" 746.096080503652 0.326966605719939 2.89537104714999 0.0037871059302403 0.0799151264637623 1 1 "Uqcrc2_noRT" "non-targeting_noRT"
"224" "Hnrnpa1" 271.593118620867 -0.471572671732396 -2.89392728488537 0.00380456256968612 0.0799151264637623 0.952380952380952 1 "Uqcrc2_noRT" "non-targeting_noRT"
"225" "Sgo1" 12.388557557123 -1.9283530806665 -2.87557233210566 0.00403295730305656 NA 0.285714285714286 0.607142857142857 "Uqcrc2_noRT" "non-targeting_noRT"
"226" "Glrx3" 96.1843794321057 0.708429894516156 2.87308683094138 0.00406482378832375 0.0849507112933519 0.952380952380952 1 "Uqcrc2_noRT" "non-targeting_noRT"
"227" "Fen1" 20.5475423884879 -1.38310000011376 -2.86905101421162 0.00411705389868173 0.0854545791560187 0.428571428571429 0.785714285714286 "Uqcrc2_noRT" "non-targeting_noRT"
"228" "Cops6" 89.0167698818199 0.602044629976347 2.86724464060435 0.00414062803594633 0.0854545791560187 0.952380952380952 0.964285714285714 "Uqcrc2_noRT" "non-targeting_noRT"
"229" "Cox17" 140.43885877327 0.536192468653669 2.86591517811068 0.00415805639987611 0.0854545791560187 1 1 "Uqcrc2_noRT" "non-targeting_noRT"
"230" "Pimreg" 5.10490256923765 -3.81598646409466 -2.86471398232444 0.00417386047912711 NA 0.0476190476190476 0.392857142857143 "Uqcrc2_noRT" "non-targeting_noRT"
"231" "Cd63" 555.690901346124 0.402378498705213 2.86418622813197 0.00418082133306505 0.0854545791560187 1 1 "Uqcrc2_noRT" "non-targeting_noRT"
"232" "Rpl12" 927.81348732951 -0.562109194653046 -2.86332604489607 0.00419218935927303 0.0854545791560187 1 1 "Uqcrc2_noRT" "non-targeting_noRT"
"233" "Kif22" 9.63383195427522 -2.36023796394921 -2.8572860128656 0.00427280630467257 NA 0.142857142857143 0.5 "Uqcrc2_noRT" "non-targeting_noRT"
"234" "Oard1" 22.8848420786659 -1.26360740421605 -2.8523618770591 0.00433956670264765 0.088025132429196 0.571428571428571 0.875 "Uqcrc2_noRT" "non-targeting_noRT"
"235" "1700012B07Rik" 1.62067737836683 5.11178013183012 2.85215712450141 0.00434236306313116 NA 0.142857142857143 0 "Uqcrc2_noRT" "non-targeting_noRT"
"236" "Neto1" 50.4363719359628 0.93266254285005 2.8455032052741 0.0044341313186856 0.0895045629108342 0.714285714285714 0.839285714285714 "Uqcrc2_noRT" "non-targeting_noRT"
"237" "Cdca3" 51.2309380588148 -0.959439945077468 -2.84166942170045 0.00448779996151511 0.0895266477191584 0.428571428571429 0.785714285714286 "Uqcrc2_noRT" "non-targeting_noRT"
"238" "Mrpl21" 96.1509568576515 0.600338943100268 2.8410109471245 0.00449707686360698 0.0895266477191584 1 1 "Uqcrc2_noRT" "non-targeting_noRT"
"239" "Nme4" 37.9975249814295 0.906830658162016 2.83966578073201 0.00451608222590731 0.0895266477191584 0.904761904761905 0.821428571428571 "Uqcrc2_noRT" "non-targeting_noRT"
"240" "Galk1" 74.8032812560922 0.715196626678136 2.83898637077526 0.00452570899063575 0.0895266477191584 1 1 "Uqcrc2_noRT" "non-targeting_noRT"
"241" "Eid1" 28.0347937445067 -1.13328892814084 -2.83774111652573 0.00454340164838648 0.0895266477191584 0.619047619047619 0.875 "Uqcrc2_noRT" "non-targeting_noRT"
"242" "Rhoc" 74.5096815191546 0.712576154188737 2.83146914643498 0.00463347036038928 0.0908687220440325 1 0.982142857142857 "Uqcrc2_noRT" "non-targeting_noRT"
"243" "Rps21" 2208.09613986061 0.337466047879238 2.82236352858668 0.00476711063317847 0.0930486028306249 1 1 "Uqcrc2_noRT" "non-targeting_noRT"
"244" "Esco2" 7.13042911082299 -3.3640401562509 -2.81759222848185 0.00483852161964933 NA 0.0952380952380952 0.446428571428571 "Uqcrc2_noRT" "non-targeting_noRT"
"245" "Bst2" 1287.49286085345 0.389953634966776 2.81606495451663 0.00486158364562131 0.0942327915311484 1 1 "Uqcrc2_noRT" "non-targeting_noRT"
"246" "Gm10076" 439.242657424318 0.405421634326545 2.81528992743035 0.00487332464660845 0.0942327915311484 1 1 "Uqcrc2_noRT" "non-targeting_noRT"
"247" "Spc25" 14.3896915495054 -1.65635366437258 -2.80179374235628 0.0050819353058051 0.0974975479235408 0.238095238095238 0.607142857142857 "Uqcrc2_noRT" "non-targeting_noRT"
"248" "Asah1" 28.7643897185545 0.992598290503437 2.80132730801022 0.00508928718015583 0.0974975479235408 0.904761904761905 0.785714285714286 "Uqcrc2_noRT" "non-targeting_noRT"
"249" "Tmem258" 303.428723075332 0.42609403967653 2.79891343415986 0.00512748816912973 0.0977767098795338 1 1 "Uqcrc2_noRT" "non-targeting_noRT"
"250" "Selenom" 113.527751082412 0.604833270549287 2.79428557017547 0.00520145235820392 0.0983747702832782 1 1 "Uqcrc2_noRT" "non-targeting_noRT"
"251" "Vat1" 17.243953125137 1.3011856244963 2.79397825516708 0.00520639794394343 0.0983747702832782 0.666666666666667 0.535714285714286 "Uqcrc2_noRT" "non-targeting_noRT"
"252" "Snrpd3" 199.069304494976 0.456794781595769 2.79245133283548 0.00523103358717086 0.0983862251165011 0.952380952380952 1 "Uqcrc2_noRT" "non-targeting_noRT"
"253" "Ndc80" 7.52823559320152 -2.83908765238276 -2.79166690819146 0.0052437305430078 NA 0.0952380952380952 0.553571428571429 "Uqcrc2_noRT" "non-targeting_noRT"
"254" "Lsm7" 195.765941710035 0.663918766880063 2.79099941472562 0.00525455673048495 0.0983862251165011 1 1 "Uqcrc2_noRT" "non-targeting_noRT"
"255" "Psme2" 327.118653987988 0.398319342177349 2.78842859532029 0.00529644217423516 0.0987237734999329 1 1 "Uqcrc2_noRT" "non-targeting_noRT"
"256" "Atp5k" 127.333565219897 0.551473161502049 2.78559932377443 0.0053428868600606 0.0991428960848912 0.952380952380952 1 "Uqcrc2_noRT" "non-targeting_noRT"
"257" "Prmt2" 14.2818772246378 1.37713743113922 2.78185435345734 0.0054049290108326 0.0998464118161844 0.80952380952381 0.553571428571429 "Uqcrc2_noRT" "non-targeting_noRT"
"258" "Ier5" 13.533726725301 1.5308060431408 2.77530285262051 0.00551503248276001 0.101427575171826 0.571428571428571 0.375 "Uqcrc2_noRT" "non-targeting_noRT"
"259" "Stxbp1" 8.33609255628134 1.8798482408137 2.77336953491489 0.00554790811943444 NA 0.666666666666667 0.303571428571429 "Uqcrc2_noRT" "non-targeting_noRT"
"260" "Spc24" 33.9718949124035 -1.01701332150736 -2.77269702255222 0.00555938543451344 0.101642097632592 0.571428571428571 0.821428571428571 "Uqcrc2_noRT" "non-targeting_noRT"
"261" "Cks1b" 116.740671771405 -0.66506162485499 -2.77173603516505 0.00557582314224223 0.101642097632592 0.857142857142857 0.982142857142857 "Uqcrc2_noRT" "non-targeting_noRT"
"262" "Cox6b1" 369.536186633975 0.413807964112502 2.7635772192743 0.00571715628837821 0.103761371584689 1 1 "Uqcrc2_noRT" "non-targeting_noRT"
"263" "Top2a" 115.949826469548 -1.95695541374217 -2.76210823731407 0.0057429436411455 0.103774239244804 0.476190476190476 0.785714285714286 "Uqcrc2_noRT" "non-targeting_noRT"
"264" "Avpi1" 39.5226420751629 0.91900359292129 2.7604617044755 0.00577197246018546 0.103845313218467 0.857142857142857 0.767857142857143 "Uqcrc2_noRT" "non-targeting_noRT"
"265" "S100b" 111.04268369674 0.569230848444525 2.75662189779947 0.0058401839875201 0.104617668140079 1 0.982142857142857 "Uqcrc2_noRT" "non-targeting_noRT"
"266" "Gtpbp2" 12.1507784762752 -1.87800201729607 -2.75495095191516 0.00587009345737061 NA 0.285714285714286 0.696428571428571 "Uqcrc2_noRT" "non-targeting_noRT"
"267" "Col11a2" 32.1473593632435 -1.00087138183025 -2.7521398132222 0.00592072372828021 0.105603253394929 0.80952380952381 0.928571428571429 "Uqcrc2_noRT" "non-targeting_noRT"
"268" "Snrpf" 480.110623743502 0.388853747678683 2.74884815857876 0.00598050836258447 0.106197403088424 1 1 "Uqcrc2_noRT" "non-targeting_noRT"
"269" "Card19" 83.1181576834954 0.670973215940288 2.74748841435774 0.00600536305526611 0.106197403088424 1 0.964285714285714 "Uqcrc2_noRT" "non-targeting_noRT"
"270" "Ndufv2" 106.372940644818 0.624286238894628 2.74532420020994 0.00604511460058136 0.106431829276028 0.952380952380952 1 "Uqcrc2_noRT" "non-targeting_noRT"
"271" "Cox7a2" 414.202859328408 0.358075142016466 2.74397257787696 0.00607006082869563 0.106431829276028 1 1 "Uqcrc2_noRT" "non-targeting_noRT"
"272" "Thap2" 13.8190903552573 1.3533294839827 2.74195570670206 0.00610745767122099 0.106635695542247 0.666666666666667 0.535714285714286 "Uqcrc2_noRT" "non-targeting_noRT"
"273" "Hist1h3f" 2.7989584811882 -3.99263237432664 -2.73816552195302 0.00617829715324663 NA 0 0.321428571428571 "Uqcrc2_noRT" "non-targeting_noRT"
"274" "Dclk2" 5.75768014475737 2.38462343334487 2.73709335635608 0.00619846999616346 NA 0.285714285714286 0.142857142857143 "Uqcrc2_noRT" "non-targeting_noRT"
"275" "S100a11" 93.540125896305 0.646656352465135 2.72753704486449 0.00638090923431718 0.110942026939515 1 0.982142857142857 "Uqcrc2_noRT" "non-targeting_noRT"
"276" "Gm42418" 2819.81118350363 1.15904076904846 2.72269319244759 0.00647521613470716 0.111877181773059 1 1 "Uqcrc2_noRT" "non-targeting_noRT"
"277" "Itpr2" 43.04275806185 -0.858456392386342 -2.72200233509342 0.0064887683966975 0.111877181773059 0.714285714285714 0.857142857142857 "Uqcrc2_noRT" "non-targeting_noRT"
"278" "G3bp1" 66.3781474159867 -0.718469039476121 -2.71707704988679 0.00658612733117756 0.113084626126194 0.761904761904762 0.928571428571429 "Uqcrc2_noRT" "non-targeting_noRT"
"279" "Zfp593" 31.3207162770237 0.94653412150083 2.71357323460565 0.00665618539121488 0.113815269210112 0.80952380952381 0.875 "Uqcrc2_noRT" "non-targeting_noRT"
"280" "Adm2" 6.42284851021244 -3.16667379938487 -2.71199358102162 0.00668798879276467 NA 0.0952380952380952 0.410714285714286 "Uqcrc2_noRT" "non-targeting_noRT"
"281" "Tpr" 100.188416988159 -0.604641032272972 -2.71179779736955 0.00669194003404041 0.113955752513824 1 1 "Uqcrc2_noRT" "non-targeting_noRT"
"282" "Fth1" 4358.94013057899 1.01524878016317 2.70364518920182 0.00685834785283994 0.116310833668244 1 1 "Uqcrc2_noRT" "non-targeting_noRT"
"283" "Atp5l" 420.09880603553 0.359682043553281 2.7010973315399 0.0069111110165472 0.116727254638662 1 1 "Uqcrc2_noRT" "non-targeting_noRT"
"284" "Nek2" 4.60795456582015 -3.64502284238882 -2.69944774834149 0.00694546614796172 NA 0.0476190476190476 0.410714285714286 "Uqcrc2_noRT" "non-targeting_noRT"
"285" "Slc7a1" 17.1173321006301 -1.50631731130736 -2.69744702777741 0.00698734006879532 0.116729883536725 0.428571428571429 0.714285714285714 "Uqcrc2_noRT" "non-targeting_noRT"
"286" "Gltp" 38.3517696126902 -0.929522425149416 -2.69723488898958 0.00699179327911537 0.116729883536725 0.761904761904762 0.910714285714286 "Uqcrc2_noRT" "non-targeting_noRT"
"287" "Cox5b" 363.095261198278 0.396782237244017 2.69703962905663 0.00699589442172737 0.116729883536725 1 1 "Uqcrc2_noRT" "non-targeting_noRT"
"288" "Kdm4a" 14.0512292163317 -1.59657773403381 -2.69316428642375 0.00707773839295998 0.117226951662886 0.380952380952381 0.803571428571429 "Uqcrc2_noRT" "non-targeting_noRT"
"289" "Dek" 129.320599347304 -0.567563736689955 -2.69294742488475 0.00708234362390561 0.117226951662886 0.904761904761905 1 "Uqcrc2_noRT" "non-targeting_noRT"
"290" "Ywhag" 60.4667568346827 -0.79837164695459 -2.68983916288646 0.00714864636469332 0.117852982697613 0.857142857142857 0.964285714285714 "Uqcrc2_noRT" "non-targeting_noRT"
"291" "Tmem256" 68.8215324260623 0.710991377565027 2.68681700902709 0.00721364603013905 0.118342864040846 0.904761904761905 1 "Uqcrc2_noRT" "non-targeting_noRT"
"292" "Map1lc3a" 87.9660875996644 0.580664236412088 2.68453846217614 0.00726300259157864 0.118342864040846 0.952380952380952 0.982142857142857 "Uqcrc2_noRT" "non-targeting_noRT"
"293" "Fdps" 97.4304944632527 0.755794660185156 2.68448527087535 0.00726415840173392 0.118342864040846 0.857142857142857 0.839285714285714 "Uqcrc2_noRT" "non-targeting_noRT"
"294" "Med23" 2.7261815138058 -3.9536890304122 -2.6834102222069 0.00728755387153839 NA 0 0.410714285714286 "Uqcrc2_noRT" "non-targeting_noRT"
"295" "Olig2" 31.3081962596823 -1.02660932990445 -2.6828390122599 0.00730001216697216 0.118460589595807 0.761904761904762 0.857142857142857 "Uqcrc2_noRT" "non-targeting_noRT"
"296" "Phf11a" 1.66883828465839 5.1444540742047 2.68189004683275 0.0073207516963754 NA 0.142857142857143 0 "Uqcrc2_noRT" "non-targeting_noRT"
"297" "Steap1" 15.4702976026484 -1.44833856161195 -2.67517605770877 0.00746900156417262 0.120729408095884 0.428571428571429 0.589285714285714 "Uqcrc2_noRT" "non-targeting_noRT"
"298" "Egr2" 4.70354458252782 2.40809925784596 2.67139018293201 0.00755377847715833 NA 0.380952380952381 0.142857142857143 "Uqcrc2_noRT" "non-targeting_noRT"
"299" "Kif23" 10.8796006525056 -1.95075200102711 -2.67127821648109 0.00755629881946531 NA 0.238095238095238 0.517857142857143 "Uqcrc2_noRT" "non-targeting_noRT"
"300" "Fxyd3" 36.6711684929759 1.06701851483427 2.67089101425769 0.00756502047672075 0.121805660438406 0.619047619047619 0.642857142857143 "Uqcrc2_noRT" "non-targeting_noRT"
"301" "Rpl9" 2617.96202622031 0.305444334195975 2.66480816673895 0.00770322512802129 0.123550176665706 1 1 "Uqcrc2_noRT" "non-targeting_noRT"
"302" "P3h3" 4.65158458687793 2.53871409108796 2.65849670155302 0.00784901189225171 NA 0.333333333333333 0.142857142857143 "Uqcrc2_noRT" "non-targeting_noRT"
"303" "Lima1" 24.1392454154002 -1.27354751080056 -2.65784848718745 0.00786412389686601 0.125643801873481 0.523809523809524 0.821428571428571 "Uqcrc2_noRT" "non-targeting_noRT"
"304" "Mkrn1" 62.9720165512503 -0.783008428243451 -2.65476234569246 0.0079364300116253 0.126090222810311 0.952380952380952 0.982142857142857 "Uqcrc2_noRT" "non-targeting_noRT"
"305" "Gsto1" 61.6695883115466 0.715877221153927 2.65390796500425 0.00795655250248937 0.126090222810311 1 0.982142857142857 "Uqcrc2_noRT" "non-targeting_noRT"
"306" "Phldb1" 23.2775837384538 -1.21018385106591 -2.65276769188373 0.00798347954961369 0.126090222810311 0.666666666666667 0.767857142857143 "Uqcrc2_noRT" "non-targeting_noRT"
"307" "Ckap4" 32.9738912957924 0.892084339919117 2.65018549459029 0.0080447588580494 0.126574951158207 0.761904761904762 0.785714285714286 "Uqcrc2_noRT" "non-targeting_noRT"
"308" "Rpl4" 502.760127956234 -0.378652768769068 -2.64716126241359 0.00811706348467084 0.127228820831697 1 1 "Uqcrc2_noRT" "non-targeting_noRT"
"309" "Bri3" 106.598377576954 0.540709734867239 2.64427611535989 0.00818658443755005 0.127834288311631 1 1 "Uqcrc2_noRT" "non-targeting_noRT"
"310" "Txndc17" 129.508155736195 0.503075415054619 2.6368034469331 0.00836913091451725 0.130193472647641 1 1 "Uqcrc2_noRT" "non-targeting_noRT"
"311" "Zfas1" 125.911150519776 -0.698656804537324 -2.63486553557444 0.00841706198265218 0.130448698442752 1 1 "Uqcrc2_noRT" "non-targeting_noRT"
"312" "Epn2" 26.3091918358281 -1.05311710239335 -2.63297893025349 0.00846395978096193 0.130686065573211 0.714285714285714 0.928571428571429 "Uqcrc2_noRT" "non-targeting_noRT"
"313" "Ube2t" 20.093166200627 -1.31594372955965 -2.6292740030967 0.00855673853497611 0.13162745002874 0.476190476190476 0.660714285714286 "Uqcrc2_noRT" "non-targeting_noRT"
"314" "Car5b" 3.22077909805731 3.07363766689777 2.62842086894655 0.00857823108166574 NA 0.285714285714286 0.0714285714285714 "Uqcrc2_noRT" "non-targeting_noRT"
"315" "Sfxn5" 5.15530663282852 2.31404213250629 2.62249283806483 0.00872891024160737 NA 0.428571428571429 0.160714285714286 "Uqcrc2_noRT" "non-targeting_noRT"
"316" "Rhoa" 150.257691698721 0.501865122899522 2.61733287981826 0.00886198715072842 0.135631676555782 1 1 "Uqcrc2_noRT" "non-targeting_noRT"
"317" "Idh1" 7.88459179243958 1.84944244177608 2.61700721716139 0.00887044657562845 NA 0.428571428571429 0.267857142857143 "Uqcrc2_noRT" "non-targeting_noRT"
"318" "Atp5j2" 327.922257461495 0.357639652079796 2.61653996603893 0.00888259650715728 0.135631676555782 1 1 "Uqcrc2_noRT" "non-targeting_noRT"
"319" "Snhg20" 15.0200302586332 1.3738907476116 2.60982222224889 0.00905892867321716 0.137815613418282 0.666666666666667 0.5 "Uqcrc2_noRT" "non-targeting_noRT"
"320" "Etv1" 21.7350520940051 1.08918403458694 2.60673343251953 0.00914104927840262 0.13855553814663 0.761904761904762 0.696428571428571 "Uqcrc2_noRT" "non-targeting_noRT"
"321" "Rgmb" 21.6293461997682 1.06763197748173 2.6028703966954 0.00924468938389093 0.139615053542119 0.857142857142857 0.714285714285714 "Uqcrc2_noRT" "non-targeting_noRT"
"322" "Rpl5" 762.977991603971 -0.394991110312984 -2.59946804182676 0.00933683718799031 0.140493935577832 1 1 "Uqcrc2_noRT" "non-targeting_noRT"
"323" "Tafa4" 14.0341755343637 -1.58655121122189 -2.59703861021006 0.00940313537124555 0.140800139763023 0.428571428571429 0.642857142857143 "Uqcrc2_noRT" "non-targeting_noRT"
"324" "Mvb12a" 66.2937758738011 0.637020528120726 2.59539680055411 0.00944817714957656 0.140800139763023 0.952380952380952 1 "Uqcrc2_noRT" "non-targeting_noRT"
"325" "Hist1h1e" 28.6128092830219 -1.32417804232627 -2.59499370781298 0.00945926506866127 0.140800139763023 0.571428571428571 0.625 "Uqcrc2_noRT" "non-targeting_noRT"
"326" "Ezh2" 88.8043804127716 -0.607816947701491 -2.59253248333718 0.00952721837885188 0.141303332084907 0.857142857142857 0.910714285714286 "Uqcrc2_noRT" "non-targeting_noRT"
"327" "Tex264" 29.8790934850713 0.92172370915809 2.58565244813797 0.00971948807330939 0.143640148740551 0.904761904761905 0.892857142857143 "Uqcrc2_noRT" "non-targeting_noRT"
"328" "Kif2c" 6.81028238431584 -2.59936719859401 -2.58243861822792 0.00981048120749719 NA 0.0952380952380952 0.464285714285714 "Uqcrc2_noRT" "non-targeting_noRT"
"329" "Nlgn2" 2.42178141622957 3.71755415402308 2.58054336557451 0.00986449660038429 NA 0.238095238095238 0.0357142857142857 "Uqcrc2_noRT" "non-targeting_noRT"
"330" "Ttyh3" 3.29297432547307 2.77002240990495 2.57941593364985 0.00989675437679002 NA 0.333333333333333 0.0714285714285714 "Uqcrc2_noRT" "non-targeting_noRT"
"331" "Tanc2" 10.1396223675719 -1.8050179971619 -2.56980500362351 0.0101755773433331 NA 0.19047619047619 0.535714285714286 "Uqcrc2_noRT" "non-targeting_noRT"
"332" "Rexo2" 69.5577187683599 -0.654237965166992 -2.56880622199316 0.0102049504460109 0.150277882368659 0.952380952380952 0.982142857142857 "Uqcrc2_noRT" "non-targeting_noRT"
"333" "Espl1" 2.6720006146033 -3.92300655488438 -2.56371067949365 0.0103559829223934 NA 0 0.321428571428571 "Uqcrc2_noRT" "non-targeting_noRT"
"334" "Acod1" 8.48406598941632 -2.09865456884673 -2.55589565857879 0.0105914873147195 NA 0.19047619047619 0.232142857142857 "Uqcrc2_noRT" "non-targeting_noRT"
"335" "Mrpl13" 153.945337062641 -0.465773463182403 -2.55105405586963 0.0107397666950084 0.157592746751577 0.952380952380952 1 "Uqcrc2_noRT" "non-targeting_noRT"
"336" "Rtraf" 152.228053617309 0.471224354462538 2.54630947663767 0.0108868622574745 0.159186699722366 1 1 "Uqcrc2_noRT" "non-targeting_noRT"
"337" "Uqcrh" 339.653453779896 0.44926556517349 2.5425749601062 0.0110038995207482 0.160331465552309 1 1 "Uqcrc2_noRT" "non-targeting_noRT"
"338" "Rbis" 119.477644808835 0.512339333766059 2.54031224693755 0.0110753540938305 0.160806369264107 0.952380952380952 0.982142857142857 "Uqcrc2_noRT" "non-targeting_noRT"
"339" "Rpl37" 5911.49780926756 0.287919254875647 2.53804657131222 0.0111473149321918 0.161285276886048 1 1 "Uqcrc2_noRT" "non-targeting_noRT"
"340" "Mtdh" 164.914066959432 -0.460047581229721 -2.53567476205325 0.0112230913583451 0.16181586076945 1 1 "Uqcrc2_noRT" "non-targeting_noRT"
"341" "Nolc1" 103.474337130106 -0.552982956293642 -2.53308996207908 0.011306193176687 0.162448011684482 0.952380952380952 1 "Uqcrc2_noRT" "non-targeting_noRT"
"342" "Gng2" 10.5261669110863 1.45354082959564 2.53188131184234 0.0113452386416443 NA 0.619047619047619 0.321428571428571 "Uqcrc2_noRT" "non-targeting_noRT"
"343" "Kpnb1" 33.9678874066197 -0.885509734607357 -2.52720104093968 0.0114975665616533 0.16364845198813 0.904761904761905 0.857142857142857 "Uqcrc2_noRT" "non-targeting_noRT"
"344" "Sec61g" 816.218918761053 0.32483788533037 2.52696710367981 0.0115052278845024 0.16364845198813 1 1 "Uqcrc2_noRT" "non-targeting_noRT"
"345" "Gng11" 44.9593047542438 0.766640762518487 2.52687072419907 0.0115083855796389 0.16364845198813 0.857142857142857 0.821428571428571 "Uqcrc2_noRT" "non-targeting_noRT"
"346" "Insig1" 14.5372030263584 1.2878563291541 2.52448506215933 0.0115867929131369 0.164199140666303 0.571428571428571 0.589285714285714 "Uqcrc2_noRT" "non-targeting_noRT"
"347" "Cars" 9.94466557521974 -1.8024647709748 -2.52407350871213 0.011600366891786 NA 0.333333333333333 0.553571428571429 "Uqcrc2_noRT" "non-targeting_noRT"
"348" "Cyfip1" 30.634269738216 0.867886857374162 2.52139201828124 0.0116891545810792 0.165084374254285 0.80952380952381 0.839285714285714 "Uqcrc2_noRT" "non-targeting_noRT"
"349" "Rpl22" 1813.24706125126 0.260234608363366 2.51819758144347 0.0117957130771007 0.165427689555019 1 1 "Uqcrc2_noRT" "non-targeting_noRT"
"350" "Gm42047" 5.78178377097103 -3.06157787420068 -2.51716690028404 0.0118302774039112 NA 0.0952380952380952 0.446428571428571 "Uqcrc2_noRT" "non-targeting_noRT"
"351" "Nucks1" 97.0888968148424 -0.5587784745444 -2.51541004983269 0.0118894011983666 0.165427689555019 0.904761904761905 0.982142857142857 "Uqcrc2_noRT" "non-targeting_noRT"
"352" "Cib1" 33.6926474778955 0.82200542832919 2.51404085825538 0.0119356605094167 0.165427689555019 0.714285714285714 0.857142857142857 "Uqcrc2_noRT" "non-targeting_noRT"
"353" "Trir" 117.597161315054 -0.505223083599948 -2.51365451054806 0.0119487424323751 0.165427689555019 1 1 "Uqcrc2_noRT" "non-targeting_noRT"
"354" "Actg1" 577.854963670812 0.458744286456984 2.51322397675359 0.0119633354926775 0.165427689555019 1 1 "Uqcrc2_noRT" "non-targeting_noRT"
"355" "Ndufb8" 404.195823966629 0.334014297040267 2.50975303390421 0.0120815623863561 0.165427689555019 1 1 "Uqcrc2_noRT" "non-targeting_noRT"
"356" "Klra4" 19.8938726078896 -3.23412743263355 -2.50970144652865 0.0120833273325781 0.165427689555019 0.19047619047619 0.285714285714286 "Uqcrc2_noRT" "non-targeting_noRT"
"357" "Trappc1" 36.908637238425 -0.993773966578241 -2.50912402856852 0.0121030979911671 0.165427689555019 0.619047619047619 0.928571428571429 "Uqcrc2_noRT" "non-targeting_noRT"
"358" "Emp3" 273.382352040584 0.396494958044346 2.50899750668632 0.0121074338987853 0.165427689555019 1 1 "Uqcrc2_noRT" "non-targeting_noRT"
"359" "Cd81" 416.104098968916 -0.391552353233071 -2.50882812755664 0.0121132406803216 0.165427689555019 0.952380952380952 0.857142857142857 "Uqcrc2_noRT" "non-targeting_noRT"
"360" "Mrpl34" 85.9333872617284 0.548096616207523 2.50706139362616 0.0121739564680268 0.165691115831132 1 0.982142857142857 "Uqcrc2_noRT" "non-targeting_noRT"
"361" "Arl2" 80.7142680529559 0.594022810026567 2.50594062910778 0.0122126124525122 0.165691115831132 1 1 "Uqcrc2_noRT" "non-targeting_noRT"
"362" "Fam49a" 3.31130065210828 3.09169580889615 2.50449842219362 0.0122625152202748 NA 0.333333333333333 0.0714285714285714 "Uqcrc2_noRT" "non-targeting_noRT"
"363" "Acot1" 92.9355163288306 0.647568200247641 2.50391714289806 0.0122826794810548 0.166097149322238 0.952380952380952 0.946428571428571 "Uqcrc2_noRT" "non-targeting_noRT"
"364" "Dgkh" 2.87575302069499 2.92186615754275 2.49939111548803 0.0124406923259823 NA 0.333333333333333 0.0714285714285714 "Uqcrc2_noRT" "non-targeting_noRT"
"365" "Atad5" 8.14582079023424 -2.02741696296915 -2.49381578580332 0.0126378113562847 NA 0.238095238095238 0.446428571428571 "Uqcrc2_noRT" "non-targeting_noRT"
"366" "Drap1" 101.466385901445 0.502098091557778 2.49162521182535 0.0127160137944813 0.170990624331522 1 1 "Uqcrc2_noRT" "non-targeting_noRT"
"367" "Slc3a2" 73.954485756608 -0.772845155175389 -2.491313122561 0.0127271900179094 0.170990624331522 0.904761904761905 0.982142857142857 "Uqcrc2_noRT" "non-targeting_noRT"
"368" "Rarg" 8.84203351664322 1.62645475101729 2.48771374207158 0.0128567170901902 NA 0.619047619047619 0.357142857142857 "Uqcrc2_noRT" "non-targeting_noRT"
"369" "Pdcd4" 31.4710035528238 0.820238099111581 2.48729576617117 0.0128718336755701 0.172221244302036 0.952380952380952 0.839285714285714 "Uqcrc2_noRT" "non-targeting_noRT"
"370" "Mien1" 74.5906325505376 0.590952744136419 2.48524420776778 0.0129462589290018 0.172221244302036 1 0.982142857142857 "Uqcrc2_noRT" "non-targeting_noRT"
"371" "H2-Q4" 31.649674759417 -0.930830135650863 -2.48427253682621 0.0129816413097132 0.172221244302036 0.666666666666667 0.928571428571429 "Uqcrc2_noRT" "non-targeting_noRT"
"372" "Rrm2" 23.3565719862829 -1.24894780253438 -2.48315918487528 0.0130222879911481 0.172221244302036 0.333333333333333 0.553571428571429 "Uqcrc2_noRT" "non-targeting_noRT"
"373" "Dnph1" 34.9845152710862 -0.86063792098248 -2.48303346628557 0.0130268848396659 0.172221244302036 0.714285714285714 0.928571428571429 "Uqcrc2_noRT" "non-targeting_noRT"
"374" "Csgalnact1" 12.1624775138926 -1.5074240301676 -2.48057750209813 0.0131169745018449 NA 0.428571428571429 0.553571428571429 "Uqcrc2_noRT" "non-targeting_noRT"
"375" "Dut" 129.147929146561 -0.516228243306759 -2.47992936884207 0.0131408410185678 0.1731745227224 0.904761904761905 1 "Uqcrc2_noRT" "non-targeting_noRT"
"376" "Tcf19" 4.09989987790817 -3.45790426174227 -2.47835495162909 0.0131989765313613 NA 0.0476190476190476 0.375 "Uqcrc2_noRT" "non-targeting_noRT"
"377" "Rassf4" 13.1328169955579 1.42013113404421 2.47375261439735 0.0133702243184154 0.175638057871755 0.476190476190476 0.410714285714286 "Uqcrc2_noRT" "non-targeting_noRT"
"378" "Pdia3" 276.741212966789 0.353625425990424 2.47164254519051 0.0134493920638258 0.175946283267486 1 1 "Uqcrc2_noRT" "non-targeting_noRT"
"379" "Laptm4b" 60.4591785052186 -0.834237587686563 -2.47045628178212 0.0134940811805321 0.175946283267486 0.857142857142857 0.964285714285714 "Uqcrc2_noRT" "non-targeting_noRT"
"380" "S100a1" 36.3786513967101 0.790005257347414 2.46973687893197 0.0135212465149977 0.175946283267486 0.904761904761905 0.75 "Uqcrc2_noRT" "non-targeting_noRT"
"381" "Sc5d" 17.2682208975329 1.2384556661212 2.4681516660295 0.0135812762649096 0.176173420640113 0.619047619047619 0.5 "Uqcrc2_noRT" "non-targeting_noRT"
"382" "Sesn2" 12.5472352958974 -1.69730578221548 -2.46779527645041 0.0135948046029939 NA 0.19047619047619 0.589285714285714 "Uqcrc2_noRT" "non-targeting_noRT"
"383" "Med27" 38.3639448694183 -0.896532111340227 -2.4649678208392 0.0137025556965238 0.177061959622744 0.761904761904762 0.946428571428571 "Uqcrc2_noRT" "non-targeting_noRT"
"384" "Smc2" 63.1927789610443 -0.767631015873118 -2.46328778953558 0.0137669364049103 0.177061959622744 0.619047619047619 0.821428571428571 "Uqcrc2_noRT" "non-targeting_noRT"
"385" "Sbno2" 8.15694790908299 1.59930875157121 2.46275849941676 0.0137872746663433 NA 0.666666666666667 0.321428571428571 "Uqcrc2_noRT" "non-targeting_noRT"
"386" "Rpl7" 1052.38902116342 -0.314878215311037 -2.46206271926529 0.0138140507605199 0.177061959622744 1 1 "Uqcrc2_noRT" "non-targeting_noRT"
"387" "Mlf1" 7.07228436762482 -2.20585307320916 -2.46194881862863 0.0138184384330318 NA 0.19047619047619 0.607142857142857 "Uqcrc2_noRT" "non-targeting_noRT"
"388" "Vcp" 128.529864998303 -0.490348867664345 -2.46188412470057 0.0138209311160334 0.177061959622744 1 1 "Uqcrc2_noRT" "non-targeting_noRT"
"389" "Map2k1" 15.5728622152332 -1.31685959234895 -2.45817737138998 0.013964418562864 0.178158597438306 0.428571428571429 0.875 "Uqcrc2_noRT" "non-targeting_noRT"
"390" "Pmf1" 17.9750895913089 -1.22377504213107 -2.45745227930175 0.0139926399631342 0.178158597438306 0.476190476190476 0.696428571428571 "Uqcrc2_noRT" "non-targeting_noRT"
"391" "Atg9b" 5.43409851677485 -2.92439059339346 -2.45125863969208 0.0142357622346261 NA 0.0952380952380952 0.410714285714286 "Uqcrc2_noRT" "non-targeting_noRT"
"392" "Gas7" 25.408718104204 0.960582699794062 2.44744465180554 0.0143873220768752 0.182621898018741 0.666666666666667 0.589285714285714 "Uqcrc2_noRT" "non-targeting_noRT"
"393" "Diaph3" 7.24318148266631 -2.27706265431127 -2.44729450582474 0.0143933175682579 NA 0.142857142857143 0.446428571428571 "Uqcrc2_noRT" "non-targeting_noRT"
"394" "Rad54l" 2.2967790359773 -3.70670085533152 -2.44629364313651 0.0144333394292388 NA 0 0.357142857142857 "Uqcrc2_noRT" "non-targeting_noRT"
"395" "Pnma5" 3.87546566457185 -3.36821226737997 -2.44574674030602 0.0144552500714864 NA 0.0476190476190476 0.482142857142857 "Uqcrc2_noRT" "non-targeting_noRT"
"396" "Phf10" 31.3139162274595 -0.939622196874287 -2.44521461974617 0.0144765966380028 0.182859651859912 0.714285714285714 0.910714285714286 "Uqcrc2_noRT" "non-targeting_noRT"
"397" "Ndufa13" 322.850806827393 0.401293656986424 2.44477051844934 0.0144944334968708 0.182859651859912 1 1 "Uqcrc2_noRT" "non-targeting_noRT"
"398" "Knl1" 11.6278892353343 -1.63860132039993 -2.4420022643695 0.0146060550109479 NA 0.19047619047619 0.660714285714286 "Uqcrc2_noRT" "non-targeting_noRT"
"399" "3830406C13Rik" 10.0049993536611 1.47674273706338 2.43665191271869 0.014823941404462 NA 0.523809523809524 0.410714285714286 "Uqcrc2_noRT" "non-targeting_noRT"
"400" "2610316D01Rik" 5.14256330934748 2.01538317273273 2.43347453871941 0.0149546871564176 NA 0.333333333333333 0.178571428571429 "Uqcrc2_noRT" "non-targeting_noRT"
"401" "Ndufb6" 205.80492848053 0.417099269093975 2.43120170441831 0.0150488342381935 0.189276826983722 1 1 "Uqcrc2_noRT" "non-targeting_noRT"
"402" "Wdr83os" 128.56342029122 0.460697527042424 2.42652296405571 0.0152442855289342 0.190803221259467 1 1 "Uqcrc2_noRT" "non-targeting_noRT"
"403" "Ptch1" 13.832658689058 1.54990146239419 2.42609170022244 0.0152624133003585 0.190803221259467 0.476190476190476 0.428571428571429 "Uqcrc2_noRT" "non-targeting_noRT"
"404" "Col3a1" 2.27934644773068 -3.69745638320994 -2.41802070644028 0.0156051887710596 NA 0 0.25 "Uqcrc2_noRT" "non-targeting_noRT"
"405" "Cdc20" 55.5134336191895 -0.831353188801189 -2.41742161322939 0.0156309002646489 0.194821281009389 0.619047619047619 0.714285714285714 "Uqcrc2_noRT" "non-targeting_noRT"
"406" "Slc6a6" 36.9515527494618 0.824983936862879 2.41107053921179 0.015905771820393 0.19765190328164 0.857142857142857 0.767857142857143 "Uqcrc2_noRT" "non-targeting_noRT"
"407" "Fau" 3512.88634817975 0.258518507105444 2.40881353959379 0.0160044724138101 0.198282954635767 1 1 "Uqcrc2_noRT" "non-targeting_noRT"
"408" "Osr2" 8.74904420942454 -1.85882227027304 -2.40663790548034 0.0161001241132905 NA 0.285714285714286 0.625 "Uqcrc2_noRT" "non-targeting_noRT"
"409" "Rras2" 22.7572864455597 -1.0516104942175 -2.40557830942664 0.0161468909246374 0.199042958929494 0.619047619047619 0.857142857142857 "Uqcrc2_noRT" "non-targeting_noRT"
"410" "Bop1" 16.1309877529493 -1.25552355889105 -2.4052361321844 0.0161620188980933 0.199042958929494 0.428571428571429 0.785714285714286 "Uqcrc2_noRT" "non-targeting_noRT"
"411" "Mt3" 26.1034885325225 -1.11685558641922 -2.40397523198195 0.01621787204738 0.199138144012043 0.476190476190476 0.75 "Uqcrc2_noRT" "non-targeting_noRT"
"412" "Eloa" 8.92518992794789 1.48530474437943 2.39834906577014 0.0164691622940305 NA 0.571428571428571 0.428571428571429 "Uqcrc2_noRT" "non-targeting_noRT"
"413" "Mrps30" 43.3678941469873 0.707045825422109 2.39508774576245 0.0166163882459217 0.201711877104635 0.952380952380952 0.946428571428571 "Uqcrc2_noRT" "non-targeting_noRT"
"414" "Washc3" 65.0896596824345 0.613098357354735 2.39487443034832 0.01662605810115 0.201711877104635 0.952380952380952 0.982142857142857 "Uqcrc2_noRT" "non-targeting_noRT"
"415" "Ak6" 44.7450638869995 -0.720825594593975 -2.39481169624635 0.0166289028568394 0.201711877104635 1 1 "Uqcrc2_noRT" "non-targeting_noRT"
"416" "Msi1" 3.41652245279552 2.51226564500792 2.39425510612448 0.0166541608509846 NA 0.380952380952381 0.0892857142857143 "Uqcrc2_noRT" "non-targeting_noRT"
"417" "Gm14418" 3.39008468917373 2.49109424219887 2.39412677745645 0.0166599891675778 NA 0.333333333333333 0.107142857142857 "Uqcrc2_noRT" "non-targeting_noRT"
"418" "Nup155" 12.9318289522742 -1.42180198260826 -2.39362026817855 0.0166830108415196 0.201711877104635 0.380952380952381 0.821428571428571 "Uqcrc2_noRT" "non-targeting_noRT"
"419" "Txnip" 14.4468087079867 -1.45894191699891 -2.39282831671487 0.0167190623108356 0.201711877104635 0.333333333333333 0.696428571428571 "Uqcrc2_noRT" "non-targeting_noRT"
"420" "Ubald2" 48.754117627475 -0.784113212935551 -2.39114713245436 0.0167958205174365 0.201711877104635 0.761904761904762 0.875 "Uqcrc2_noRT" "non-targeting_noRT"
"421" "Mrps35" 55.7918357362364 0.618875570829955 2.39087667921331 0.0168081975051267 0.201711877104635 0.904761904761905 0.982142857142857 "Uqcrc2_noRT" "non-targeting_noRT"
"422" "Rpl36a" 640.191659466868 0.301191845344837 2.39067466976219 0.0168174474628079 0.201711877104635 1 1 "Uqcrc2_noRT" "non-targeting_noRT"
"423" "Hjurp" 17.2272617345749 -1.3760452563115 -2.38549454605934 0.017056175282713 0.203513868628388 0.476190476190476 0.75 "Uqcrc2_noRT" "non-targeting_noRT"
"424" "Wdr1" 38.108152865678 -0.897536359689092 -2.38528166227815 0.0170660493992389 0.203513868628388 0.904761904761905 0.946428571428571 "Uqcrc2_noRT" "non-targeting_noRT"
"425" "Zfp385b" 32.7779324836432 -0.854964467946663 -2.38149086673987 0.0172427183395586 0.20502979450889 0.761904761904762 0.910714285714286 "Uqcrc2_noRT" "non-targeting_noRT"
"426" "Rtcb" 145.074804254303 -0.463520673468884 -2.37966528626249 0.017328369827035 0.205194084075718 1 1 "Uqcrc2_noRT" "non-targeting_noRT"
"427" "Svbp" 40.1642963395479 0.746302072242422 2.37887941967121 0.0173653553790136 0.205194084075718 0.857142857142857 0.910714285714286 "Uqcrc2_noRT" "non-targeting_noRT"
"428" "Rab3ip" 25.4345747116798 1.02643874132069 2.3780323662882 0.0174052980934212 0.205194084075718 0.80952380952381 0.767857142857143 "Uqcrc2_noRT" "non-targeting_noRT"
"429" "Slc5a3" 11.1550673779681 1.40586335984341 2.37539037509302 0.017530398877122 NA 0.571428571428571 0.357142857142857 "Uqcrc2_noRT" "non-targeting_noRT"
"430" "Calhm6" 3.03985252620444 2.96528143068646 2.3752904505111 0.0175351458319879 NA 0.142857142857143 0.0535714285714286 "Uqcrc2_noRT" "non-targeting_noRT"
"431" "Dynlrb1" 150.972510096089 0.445303895873072 2.37081793823995 0.0177487714344962 0.208648909647572 1 1 "Uqcrc2_noRT" "non-targeting_noRT"
"432" "Dtymk" 100.153503605522 -0.5311370894864 -2.36930392287813 0.0178216019663968 0.208911583390793 0.904761904761905 1 "Uqcrc2_noRT" "non-targeting_noRT"
"433" "Mrpl11" 52.9956250704173 0.62164704274575 2.3644548048188 0.018056630357185 0.210821538862113 0.952380952380952 0.964285714285714 "Uqcrc2_noRT" "non-targeting_noRT"
"434" "Ggct" 140.128340352758 -0.580705840944466 -2.36154733565021 0.0181988484171313 0.210821538862113 1 1 "Uqcrc2_noRT" "non-targeting_noRT"
"435" "Wscd1" 15.2714064089464 1.11767520583549 2.36077843590538 0.01823662253908 0.210821538862113 0.571428571428571 0.571428571428571 "Uqcrc2_noRT" "non-targeting_noRT"
"436" "Psme1" 303.906428842575 0.385542778090586 2.36017429363592 0.0182663506798599 0.210821538862113 1 1 "Uqcrc2_noRT" "non-targeting_noRT"
"437" "Ypel3" 21.7543991842839 1.05003459086211 2.35915429178496 0.0183166383931748 0.210821538862113 0.80952380952381 0.589285714285714 "Uqcrc2_noRT" "non-targeting_noRT"
"438" "Bcap29" 25.6923711850948 0.884248933145411 2.3579137191395 0.0183779639073989 0.210821538862113 0.80952380952381 0.821428571428571 "Uqcrc2_noRT" "non-targeting_noRT"
"439" "Eif3d" 102.015658707944 -0.543272700860163 -2.35747385090303 0.0183997511350742 0.210821538862113 0.904761904761905 1 "Uqcrc2_noRT" "non-targeting_noRT"
"440" "Asf1b" 16.4176186447893 -1.26446269050769 -2.35615056792503 0.0184654313749177 0.210821538862113 0.428571428571429 0.625 "Uqcrc2_noRT" "non-targeting_noRT"
"441" "Gpx2" 15.0103555853019 -1.75455504281369 -2.35561460507206 0.0184920918510935 0.210821538862113 0.238095238095238 0.535714285714286 "Uqcrc2_noRT" "non-targeting_noRT"
"442" "Bptf" 33.2904949361676 -0.851999174071229 -2.3555760447068 0.0184940112631578 0.210821538862113 0.666666666666667 0.892857142857143 "Uqcrc2_noRT" "non-targeting_noRT"
"443" "Myg1" 22.7120090974426 -1.000424343271 -2.35227406706657 0.0186590212467671 0.211098845507672 0.761904761904762 0.892857142857143 "Uqcrc2_noRT" "non-targeting_noRT"
"444" "Srsf11" 94.0368212414847 0.503630497515575 2.3522011062628 0.0186626818215462 0.211098845507672 1 0.982142857142857 "Uqcrc2_noRT" "non-targeting_noRT"
"445" "Tars" 81.1273038702721 -0.570408006848984 -2.3520277548145 0.0186713816954587 0.211098845507672 0.952380952380952 0.982142857142857 "Uqcrc2_noRT" "non-targeting_noRT"
"446" "Smim10l1" 53.8561114159227 0.694097425246685 2.35048433148088 0.0187489970114583 0.211164581045443 0.952380952380952 0.964285714285714 "Uqcrc2_noRT" "non-targeting_noRT"
"447" "Eapp" 22.035000915643 -1.01100416086473 -2.34901600888795 0.0188230974949663 0.211164581045443 0.714285714285714 0.928571428571429 "Uqcrc2_noRT" "non-targeting_noRT"
"448" "Sox10" 65.1513057641422 -0.639753109437707 -2.34887380258126 0.0188302876765995 0.211164581045443 0.952380952380952 0.982142857142857 "Uqcrc2_noRT" "non-targeting_noRT"
"449" "Kit" 2.20715122031491 -3.64993441543285 -2.34750925847894 0.018899403446716 NA 0 0.214285714285714 "Uqcrc2_noRT" "non-targeting_noRT"
"450" "Spg21" 29.5770676643854 0.837160698052716 2.34286263346448 0.0191364272487739 0.214017664744396 0.80952380952381 0.910714285714286 "Uqcrc2_noRT" "non-targeting_noRT"
"451" "Calr" 188.437350904927 -0.47705384657645 -2.34151685469328 0.0192055587650737 0.214211865686995 1 0.964285714285714 "Uqcrc2_noRT" "non-targeting_noRT"
"452" "Tulp2" 10.4370906322884 1.36904654152337 2.33259022882777 0.0196696622673884 NA 0.523809523809524 0.428571428571429 "Uqcrc2_noRT" "non-targeting_noRT"
"453" "Phlda2" 136.888609640685 -0.681210362212165 -2.33214591783885 0.0196930161444587 0.21710272317073 0.714285714285714 0.821428571428571 "Uqcrc2_noRT" "non-targeting_noRT"
"454" "Hmgcr" 27.6333883842268 0.880859224056805 2.33147536897038 0.0197283073880343 0.21710272317073 0.571428571428571 0.803571428571429 "Uqcrc2_noRT" "non-targeting_noRT"
"455" "Cdc45" 6.18028003877146 -2.42335366860889 -2.33111009887443 0.0197475549198516 NA 0.142857142857143 0.5 "Uqcrc2_noRT" "non-targeting_noRT"
"456" "Arf5" 191.582153918003 0.379047902277461 2.33061737627096 0.0197735444080413 0.21710272317073 1 1 "Uqcrc2_noRT" "non-targeting_noRT"
"457" "Cmc2" 22.573638635522 -0.995100791290113 -2.33046874396774 0.0197813901320116 0.21710272317073 0.571428571428571 0.839285714285714 "Uqcrc2_noRT" "non-targeting_noRT"
"458" "Trmt1l" 10.2594209731759 1.30803564904806 2.33013721555978 0.0197989000275431 NA 0.619047619047619 0.446428571428571 "Uqcrc2_noRT" "non-targeting_noRT"
"459" "Psma1" 134.430583562553 -0.473820318269516 -2.32990158387582 0.019811353299309 0.21710272317073 1 1 "Uqcrc2_noRT" "non-targeting_noRT"
"460" "Ndufab1" 274.6759906073 0.330523555080315 2.32863816532246 0.0198782424198331 0.21710272317073 1 1 "Uqcrc2_noRT" "non-targeting_noRT"
"461" "Tomm7" 386.108374924738 0.350752742416442 2.32823995102083 0.0198993658901468 0.21710272317073 1 1 "Uqcrc2_noRT" "non-targeting_noRT"
"462" "Ddx5" 146.041753662609 -0.470236945245735 -2.32796183993724 0.0199141300466727 0.21710272317073 0.952380952380952 1 "Uqcrc2_noRT" "non-targeting_noRT"
"463" "Mpp6" 69.8406566338369 0.549856792467719 2.3275326287413 0.019936934462271 0.21710272317073 0.904761904761905 0.982142857142857 "Uqcrc2_noRT" "non-targeting_noRT"
"464" "Ssc4d" 5.15788883546507 -2.79767931324795 -2.32535461328222 0.0200530062616634 NA 0.0952380952380952 0.517857142857143 "Uqcrc2_noRT" "non-targeting_noRT"
"465" "Nedd8" 179.671145503612 0.395086960884578 2.3242753401938 0.0201107416066274 0.218420600441533 0.952380952380952 1 "Uqcrc2_noRT" "non-targeting_noRT"
"466" "Mid1" 11.2051787656951 -1.52579628817181 -2.3205567822006 0.020310776983241 NA 0.285714285714286 0.642857142857143 "Uqcrc2_noRT" "non-targeting_noRT"
"467" "Stx16" 13.4447821045559 1.27449922728408 2.31874299296341 0.0204089758705594 0.221079429718258 0.80952380952381 0.553571428571429 "Uqcrc2_noRT" "non-targeting_noRT"
"468" "Klf2" 43.2136199505808 2.0656528606143 2.31481084553093 0.0206232861331811 0.222817644958494 0.571428571428571 0.607142857142857 "Uqcrc2_noRT" "non-targeting_noRT"
"469" "Trmt13" 9.83829895474977 1.33829082917735 2.31067640587985 0.0208507354181231 NA 0.666666666666667 0.339285714285714 "Uqcrc2_noRT" "non-targeting_noRT"
"470" "Skp2" 11.1175636823024 -1.53427178080236 -2.3104517560201 0.0208631565410049 NA 0.333333333333333 0.642857142857143 "Uqcrc2_noRT" "non-targeting_noRT"
"471" "Calcoco1" 5.24709130196116 1.90831999546622 2.30958399423133 0.0209111965762944 NA 0.428571428571429 0.160714285714286 "Uqcrc2_noRT" "non-targeting_noRT"
"472" "Ociad2" 9.31195265622572 1.43195603725496 2.30957027479584 0.0209119568694827 NA 0.428571428571429 0.285714285714286 "Uqcrc2_noRT" "non-targeting_noRT"
"473" "Ube2r2" 67.207196229526 0.581514579344442 2.309204537772 0.0209322338876834 0.225541216417877 1 1 "Uqcrc2_noRT" "non-targeting_noRT"
"474" "Pcna" 69.5977058502904 -0.669552672914138 -2.30766919152309 0.0210175428824385 0.225541216417877 0.80952380952381 0.946428571428571 "Uqcrc2_noRT" "non-targeting_noRT"
"475" "Lage3" 47.8988228503717 0.666642017919965 2.30728592190116 0.0210388858234172 0.225541216417877 0.857142857142857 0.964285714285714 "Uqcrc2_noRT" "non-targeting_noRT"
"476" "Ncapd3" 17.3676105030576 -1.14409777785616 -2.30260848772728 0.021300881173416 0.227759809549342 0.476190476190476 0.714285714285714 "Uqcrc2_noRT" "non-targeting_noRT"
"477" "Tbc1d31" 8.7529736277126 -1.85636113338558 -2.30222712716929 0.0213223669264831 NA 0.19047619047619 0.517857142857143 "Uqcrc2_noRT" "non-targeting_noRT"
"478" "Tspo" 278.544210583882 -0.408504736555873 -2.29960510058232 0.0214706028674575 0.228344564574264 1 1 "Uqcrc2_noRT" "non-targeting_noRT"
"479" "Ube2m" 142.215246870567 0.423873677671587 2.29920892022308 0.0214930787295138 0.228344564574264 1 1 "Uqcrc2_noRT" "non-targeting_noRT"
"480" "Map2k3" 15.0775022485472 -1.27041867075486 -2.29780039650411 0.0215731522001529 0.228344564574264 0.380952380952381 0.75 "Uqcrc2_noRT" "non-targeting_noRT"
"481" "Pebp1" 396.538576483692 0.326634576938867 2.29774513824699 0.0215762988759152 0.228344564574264 1 1 "Uqcrc2_noRT" "non-targeting_noRT"
"482" "Eif1ad" 78.9960036076781 -0.567709617371424 -2.29210173272594 0.0218997734452741 0.231176690093225 1 1 "Uqcrc2_noRT" "non-targeting_noRT"
"483" "Troap" 8.48140271373315 -1.78068252313743 -2.28939241701655 0.0220565623339187 NA 0.285714285714286 0.464285714285714 "Uqcrc2_noRT" "non-targeting_noRT"
"484" "Clock" 17.9065826284034 1.02704757872937 2.28668639089075 0.0222141346095574 0.233898445329131 0.714285714285714 0.660714285714286 "Uqcrc2_noRT" "non-targeting_noRT"
"485" "mt-Atp6" 837.584860749895 -0.473450582747797 -2.28458732384986 0.0223370369131122 0.234595580574767 1 1 "Uqcrc2_noRT" "non-targeting_noRT"
"486" "3110039M20Rik" 17.0820409213425 1.01497162058151 2.28340642141186 0.0224064393678951 0.23472872431481 0.619047619047619 0.607142857142857 "Uqcrc2_noRT" "non-targeting_noRT"
"487" "Msra" 8.31149608472652 1.46958983071995 2.28111335863339 0.022541739853928 NA 0.571428571428571 0.339285714285714 "Uqcrc2_noRT" "non-targeting_noRT"
"488" "Frmd4a" 16.0316392062317 -1.2255676117908 -2.28026469010598 0.0225919946629103 0.235594153282853 0.476190476190476 0.75 "Uqcrc2_noRT" "non-targeting_noRT"
"489" "Tsfm" 55.8752517053949 0.623840490840295 2.28008042444144 0.0226029190075623 0.235594153282853 0.904761904761905 0.964285714285714 "Uqcrc2_noRT" "non-targeting_noRT"
"490" "Ust" 3.40530698613691 -3.18959461253898 -2.28002620485972 0.0226061343350619 NA 0.0476190476190476 0.375 "Uqcrc2_noRT" "non-targeting_noRT"
"491" "Mxd3" 2.03036308116022 -3.53005763398189 -2.27735926786451 0.0227647803654453 NA 0 0.303571428571429 "Uqcrc2_noRT" "non-targeting_noRT"
"492" "Plagl1" 16.7143421584907 1.10198205199701 2.27158629546476 0.0231115094016049 0.240290014833771 0.428571428571429 0.535714285714286 "Uqcrc2_noRT" "non-targeting_noRT"
"493" "Slc1a4" 3.44235437228684 -3.1853665868888 -2.2708031291272 0.0231588984498676 NA 0.0476190476190476 0.339285714285714 "Uqcrc2_noRT" "non-targeting_noRT"
"494" "Fabp5" 45.2353854633851 0.928285927788117 2.26790189670414 0.0233351867260662 0.242007525494892 0.761904761904762 0.696428571428571 "Uqcrc2_noRT" "non-targeting_noRT"
"495" "Ccdc155" 2.00755430091033 -3.51625477521518 -2.26576088393357 0.0234660275389 NA 0 0.25 "Uqcrc2_noRT" "non-targeting_noRT"
"496" "Sec61b" 626.721389987743 0.262380600607033 2.26565647949898 0.0234724241151448 0.242270861751085 1 1 "Uqcrc2_noRT" "non-targeting_noRT"
"497" "Gm31645" 2.5926894657675 2.74171292074004 2.26551387059461 0.0234811638207647 NA 0.285714285714286 0.0714285714285714 "Uqcrc2_noRT" "non-targeting_noRT"
"498" "Cd151" 34.697918774339 -0.786029474754143 -2.26521803234798 0.023499303106273 0.242270861751085 0.761904761904762 0.910714285714286 "Uqcrc2_noRT" "non-targeting_noRT"
"499" "Senp6" 29.3944007195483 0.821461485357653 2.26434371994661 0.0235529825602508 0.242270861751085 0.857142857142857 0.821428571428571 "Uqcrc2_noRT" "non-targeting_noRT"
"500" "Lpcat2" 34.2612943363826 -1.16944862423405 -2.26366430060237 0.0235947697645451 0.242270861751085 0.523809523809524 0.714285714285714 "Uqcrc2_noRT" "non-targeting_noRT"
"501" "Ap2s1" 56.9215826635873 -0.628754373946066 -2.26064971651548 0.0237809565127085 0.24355880524419 0.952380952380952 0.982142857142857 "Uqcrc2_noRT" "non-targeting_noRT"
"502" "Hipk2" 42.7897707524771 -0.709474791767498 -2.25973148835626 0.0238379207645957 0.24355880524419 0.761904761904762 0.821428571428571 "Uqcrc2_noRT" "non-targeting_noRT"
"503" "Mcee" 20.0977704559757 0.934759011306055 2.25636789129794 0.0240476007757236 0.245007473784731 0.857142857142857 0.660714285714286 "Uqcrc2_noRT" "non-targeting_noRT"
"504" "Ndufa1" 98.4465716149373 0.475102530379214 2.25556120493352 0.0240981251402575 0.245007473784731 1 0.982142857142857 "Uqcrc2_noRT" "non-targeting_noRT"
"505" "Dad1" 134.240872999172 0.447502270728011 2.25289371953387 0.0242658509634519 0.245045439741077 1 1 "Uqcrc2_noRT" "non-targeting_noRT"
"506" "Usp36" 14.9597592266726 -1.26128001305528 -2.25247587399208 0.0242922156669588 0.245045439741077 0.380952380952381 0.732142857142857 "Uqcrc2_noRT" "non-targeting_noRT"
"507" "Pstk" 19.2473524761152 0.951448566464871 2.25179228169233 0.024335401670958 0.245045439741077 0.80952380952381 0.607142857142857 "Uqcrc2_noRT" "non-targeting_noRT"
"508" "3830403N18Rik" 67.2495031020911 0.545415012110565 2.25029621683647 0.0244301479366561 0.245045439741077 0.952380952380952 1 "Uqcrc2_noRT" "non-targeting_noRT"
"509" "Sypl" 27.2635694683859 0.815060404581304 2.24974048091839 0.0244654242111889 0.245045439741077 0.761904761904762 0.875 "Uqcrc2_noRT" "non-targeting_noRT"
"510" "Pikfyve" 7.60264859111535 1.55321949803254 2.2485233843932 0.0245428356901432 NA 0.476190476190476 0.232142857142857 "Uqcrc2_noRT" "non-targeting_noRT"
"511" "Cers4" 13.7480575237943 1.20629088765147 2.24833367601373 0.0245549208866439 0.245045439741077 0.523809523809524 0.553571428571429 "Uqcrc2_noRT" "non-targeting_noRT"
"512" "Tipin" 35.4881494096399 -0.836361302394494 -2.24823196216937 0.0245614025959345 0.245045439741077 0.666666666666667 0.910714285714286 "Uqcrc2_noRT" "non-targeting_noRT"
"513" "Crip1" 49.8394308294468 0.704414814846718 2.24800915788788 0.0245756059672661 0.245045439741077 0.857142857142857 0.892857142857143 "Uqcrc2_noRT" "non-targeting_noRT"
"514" "Haus8" 9.02157399544558 -1.62716690645934 -2.24704459058157 0.0246371775160062 NA 0.238095238095238 0.642857142857143 "Uqcrc2_noRT" "non-targeting_noRT"
"515" "Fgfr3" 9.50059593218565 1.52229213655781 2.24580314031447 0.0247166200852383 NA 0.238095238095238 0.0892857142857143 "Uqcrc2_noRT" "non-targeting_noRT"
"516" "Notch2" 9.57050177435208 1.51225333083856 2.2425862946106 0.0249235048582462 NA 0.523809523809524 0.285714285714286 "Uqcrc2_noRT" "non-targeting_noRT"
"517" "Mrps16" 75.9699506138477 0.539173403567189 2.24253113844452 0.024927065149642 0.247952393243314 0.952380952380952 1 "Uqcrc2_noRT" "non-targeting_noRT"
"518" "Med13" 9.75219425970902 -1.54464038787749 -2.24250572842598 0.0249287054964906 NA 0.238095238095238 0.714285714285714 "Uqcrc2_noRT" "non-targeting_noRT"
"519" "Nub1" 25.9550731353484 -0.881245351589204 -2.24153371724581 0.0249915240139306 0.24799742534687 0.714285714285714 0.892857142857143 "Uqcrc2_noRT" "non-targeting_noRT"
"520" "Nedd4l" 8.98546948539737 -1.63783261835256 -2.24126040091509 0.0250092123972878 NA 0.238095238095238 0.571428571428571 "Uqcrc2_noRT" "non-targeting_noRT"
"521" "Uhrf1" 14.1246149472584 -1.30088684518346 -2.23539031174115 0.0253917355986637 0.251366033270982 0.333333333333333 0.571428571428571 "Uqcrc2_noRT" "non-targeting_noRT"
"522" "Tmem63a" 8.24228606909288 -1.74760308663601 -2.2349369877112 0.0254214858499548 NA 0.238095238095238 0.642857142857143 "Uqcrc2_noRT" "non-targeting_noRT"
"523" "Slfn8" 8.15686003100405 -1.75624795671632 -2.23135457265652 0.0256576514348193 NA 0.238095238095238 0.553571428571429 "Uqcrc2_noRT" "non-targeting_noRT"
"524" "Pigp" 21.9903414361136 0.885528026954789 2.23025679017436 0.0257304000122524 0.253644187584062 0.761904761904762 0.803571428571429 "Uqcrc2_noRT" "non-targeting_noRT"
"525" "Usp1" 36.9003579863337 -0.810939850749804 -2.22936516070536 0.0257896183313725 0.253644187584062 0.619047619047619 0.875 "Uqcrc2_noRT" "non-targeting_noRT"
"526" "Gm43303" 4.77568860641429 -2.67956022941308 -2.2292949200784 0.0257942884258811 NA 0.0952380952380952 0.535714285714286 "Uqcrc2_noRT" "non-targeting_noRT"
"527" "Gm30191" 7.17593619801995 1.8799275908999 2.22870560818254 0.0258334988720069 NA 0.238095238095238 0.142857142857143 "Uqcrc2_noRT" "non-targeting_noRT"
"528" "Tinagl1" 100.965334992798 -0.815512473466066 -2.22857841738612 0.0258419683962088 0.253644187584062 0.952380952380952 0.928571428571429 "Uqcrc2_noRT" "non-targeting_noRT"
"529" "Prim2" 4.73238906001608 -2.73955505688609 -2.22823853625553 0.0258646125665161 NA 0.0952380952380952 0.482142857142857 "Uqcrc2_noRT" "non-targeting_noRT"
"530" "Gm43305" 20.4663636620132 0.939248367907424 2.22820198737564 0.025867048612971 0.253644187584062 0.571428571428571 0.660714285714286 "Uqcrc2_noRT" "non-targeting_noRT"
"531" "Thap12" 10.7114703951437 -1.48884891730851 -2.22769937885755 0.0259005684743082 NA 0.333333333333333 0.714285714285714 "Uqcrc2_noRT" "non-targeting_noRT"
"532" "Cited2" 23.337773226817 1.12002329211936 2.22443739760446 0.0261190300627673 0.255509565956811 0.571428571428571 0.464285714285714 "Uqcrc2_noRT" "non-targeting_noRT"
"533" "Dock8" 1.9443662376012 -3.46776182846153 -2.22171543063291 0.0263025430687116 NA 0 0.303571428571429 "Uqcrc2_noRT" "non-targeting_noRT"
"534" "Bphl" 11.9698329593409 1.16066090925707 2.2207621690718 0.0263670741649654 NA 0.523809523809524 0.517857142857143 "Uqcrc2_noRT" "non-targeting_noRT"
"535" "Rc3h1" 14.412407810509 1.09212988756023 2.22020771547538 0.0264046708215606 0.257393433727424 0.666666666666667 0.517857142857143 "Uqcrc2_noRT" "non-targeting_noRT"
"536" "Lmf2" 9.0494113838009 -1.60370989137447 -2.21925931586018 0.0264690877397043 NA 0.285714285714286 0.625 "Uqcrc2_noRT" "non-targeting_noRT"
"537" "Aars" 15.6810405243437 -1.20048772034284 -2.21884605540865 0.0264971995361875 0.257393433727424 0.428571428571429 0.75 "Uqcrc2_noRT" "non-targeting_noRT"
"538" "Pcbp2" 215.564854508371 -0.408850704685686 -2.21883117327615 0.0264982123653656 0.257393433727424 0.952380952380952 1 "Uqcrc2_noRT" "non-targeting_noRT"
"539" "H2-T23" 196.073819630001 -0.461877152195574 -2.21492764285226 0.0267650313950835 0.258019876724878 1 1 "Uqcrc2_noRT" "non-targeting_noRT"
"540" "Stx17" 18.8539537892061 1.00657446572006 2.21480409467906 0.0267735140576967 0.258019876724878 0.666666666666667 0.625 "Uqcrc2_noRT" "non-targeting_noRT"
"541" "Rsu1" 24.3278207618636 0.842074957207201 2.21354206421522 0.0268602965479055 0.258019876724878 0.666666666666667 0.803571428571429 "Uqcrc2_noRT" "non-targeting_noRT"
"542" "Cox5a" 435.365080525661 0.296099375077578 2.21339977537444 0.0268700961420985 0.258019876724878 1 1 "Uqcrc2_noRT" "non-targeting_noRT"
"543" "Srebf1" 3.28358056134541 -3.10893675149331 -2.21307306413748 0.0268926087983959 NA 0.0476190476190476 0.392857142857143 "Uqcrc2_noRT" "non-targeting_noRT"
"544" "Ppp2r2b" 22.3574751597358 0.972109755109649 2.21282109968507 0.0269099820069214 0.258019876724878 0.714285714285714 0.517857142857143 "Uqcrc2_noRT" "non-targeting_noRT"
"545" "Vegfb" 38.6725776755996 0.709041864880609 2.21012543990988 0.0270964577341569 0.258019876724878 0.857142857142857 0.892857142857143 "Uqcrc2_noRT" "non-targeting_noRT"
"546" "Ccdc107" 41.9330703246989 0.672530044490663 2.20996388779107 0.0271076686479668 0.258019876724878 0.952380952380952 0.928571428571429 "Uqcrc2_noRT" "non-targeting_noRT"
"547" "Asap2" 20.9680865279314 0.977406216068366 2.20993659762271 0.027109562845179 0.258019876724878 0.619047619047619 0.678571428571429 "Uqcrc2_noRT" "non-targeting_noRT"
"548" "Lrrc58" 19.6498188444213 0.918870039002557 2.2097302723875 0.0271238874759116 0.258019876724878 0.714285714285714 0.732142857142857 "Uqcrc2_noRT" "non-targeting_noRT"
"549" "Gas2l3" 9.48717722482836 -1.67193892447361 -2.20672396038645 0.0273333502357019 NA 0.19047619047619 0.446428571428571 "Uqcrc2_noRT" "non-targeting_noRT"
"550" "Gpt2" 13.1713028313744 -1.30944298232302 -2.20604865586102 0.027380593126742 0.259864436601969 0.428571428571429 0.607142857142857 "Uqcrc2_noRT" "non-targeting_noRT"
"551" "Tnpo3" 9.79532655789514 -1.56416908092669 -2.20415331230548 0.0275135639123974 NA 0.238095238095238 0.642857142857143 "Uqcrc2_noRT" "non-targeting_noRT"
"552" "Rybp" 10.8148357526424 1.34952137806588 2.20398925437983 0.0275250998031611 NA 0.476190476190476 0.410714285714286 "Uqcrc2_noRT" "non-targeting_noRT"
"553" "Park7" 225.883105056375 0.357559543574645 2.20377339021086 0.0275402848559665 0.260781919299747 1 1 "Uqcrc2_noRT" "non-targeting_noRT"
"554" "Phospho2" 3.28997747180355 -3.10644098664663 -2.20322641212714 0.0275787946085662 NA 0.0476190476190476 0.464285714285714 "Uqcrc2_noRT" "non-targeting_noRT"
"555" "Gpr107" 6.60375549252929 -2.02112690704762 -2.20092619918674 0.0277412488625795 NA 0.142857142857143 0.678571428571429 "Uqcrc2_noRT" "non-targeting_noRT"
"556" "Acsl3" 25.7475031557683 0.855423096731305 2.20000012889981 0.027806885881662 0.262149566485204 0.857142857142857 0.714285714285714 "Uqcrc2_noRT" "non-targeting_noRT"
"557" "Atp6v1f" 113.68602749968 0.456173527817166 2.19921356219098 0.0278627404402987 0.262149566485204 0.952380952380952 1 "Uqcrc2_noRT" "non-targeting_noRT"
"558" "C1qbp" 202.337114645864 0.363655054950749 2.19904429759842 0.0278747726567157 0.262149566485204 0.952380952380952 1 "Uqcrc2_noRT" "non-targeting_noRT"
"559" "Apol9b" 33.4534731424234 -0.868010325449738 -2.19554976772248 0.0281241850196226 0.263354204509429 0.714285714285714 0.821428571428571 "Uqcrc2_noRT" "non-targeting_noRT"
"560" "Hnrnpc" 60.5306469333464 -0.58909909577602 -2.19479837183741 0.0281780643431153 0.263354204509429 0.904761904761905 0.946428571428571 "Uqcrc2_noRT" "non-targeting_noRT"
"561" "Cetn2" 25.4294187396413 0.829023005793133 2.1939966828332 0.0282356480264943 0.263354204509429 0.857142857142857 0.857142857142857 "Uqcrc2_noRT" "non-targeting_noRT"
"562" "Cdk4" 228.275842089435 0.338363675347496 2.19369372593684 0.0282574351866086 0.263354204509429 1 1 "Uqcrc2_noRT" "non-targeting_noRT"
"563" "Rnaseh2c" 62.955200183722 0.537428346801566 2.19261296755522 0.0283352760329374 0.263486229717517 0.904761904761905 0.946428571428571 "Uqcrc2_noRT" "non-targeting_noRT"
"564" "Neb" 28.9280296712003 -0.908867499240718 -2.19050878594906 0.0284873583137503 0.264306476910984 0.476190476190476 0.767857142857143 "Uqcrc2_noRT" "non-targeting_noRT"
"565" "Mthfd2" 48.3282112625455 -0.723617597319929 -2.1857691567636 0.0288324983699378 0.266910242180767 0.714285714285714 0.839285714285714 "Uqcrc2_noRT" "non-targeting_noRT"
"566" "Tnnc1" 1.56429785908618 4.06141105975081 2.18466106032636 0.0289137072990801 NA 0.142857142857143 0.0178571428571429 "Uqcrc2_noRT" "non-targeting_noRT"
"567" "Rad51" 9.97961365550956 -1.56171991961864 -2.1841097827489 0.028954182008199 NA 0.19047619047619 0.625 "Uqcrc2_noRT" "non-targeting_noRT"
"568" "Tmem131" 6.39483941059612 -2.01065581632256 -2.18357897468993 0.0289931999287302 NA 0.19047619047619 0.625 "Uqcrc2_noRT" "non-targeting_noRT"
"569" "Psme4" 18.4157041098321 -1.07724012966343 -2.18125484637936 0.0291645721693109 0.26938169561743 0.476190476190476 0.821428571428571 "Uqcrc2_noRT" "non-targeting_noRT"
"570" "Cdc6" 9.35561195848268 -1.68096912724357 -2.1776001934689 0.0294358151377424 NA 0.142857142857143 0.5 "Uqcrc2_noRT" "non-targeting_noRT"
"571" "Anln" 30.0826072465837 -1.012532294969 -2.17754320631686 0.0294400617656454 0.271320658321248 0.428571428571429 0.75 "Uqcrc2_noRT" "non-targeting_noRT"
"572" "Jag1" 10.6721195561935 1.26813558877174 2.17706947290662 0.0294753843298345 NA 0.523809523809524 0.392857142857143 "Uqcrc2_noRT" "non-targeting_noRT"
"573" "Ecscr" 13.4209361196419 1.16173234288779 2.17631646565091 0.0295316051670933 0.271559515958738 0.619047619047619 0.482142857142857 "Uqcrc2_noRT" "non-targeting_noRT"
"574" "Mrpl23" 111.022283924388 0.462781996862853 2.17400515720125 0.0297047478950946 0.27202837489978 0.952380952380952 1 "Uqcrc2_noRT" "non-targeting_noRT"
"575" "Zfp36l1" 26.3097934323087 0.791180108154665 2.17388103178719 0.0297140709170373 0.27202837489978 0.714285714285714 0.589285714285714 "Uqcrc2_noRT" "non-targeting_noRT"
"576" "Prpf40a" 71.3165704106526 -0.525314233538015 -2.17295296388192 0.0297838575831515 0.272065348077442 0.952380952380952 0.982142857142857 "Uqcrc2_noRT" "non-targeting_noRT"
"577" "H3f3b" 719.103979851525 -0.305313437063976 -2.17032990289301 0.0299818628610248 0.272486669177397 1 1 "Uqcrc2_noRT" "non-targeting_noRT"
"578" "Rraga" 46.3605127534646 0.647134953672832 2.17004622506081 0.0300033443104201 0.272486669177397 0.857142857142857 0.928571428571429 "Uqcrc2_noRT" "non-targeting_noRT"
"579" "Selenos" 113.016227430141 -0.494084638710639 -2.16972703826914 0.0300275304845077 0.272486669177397 0.952380952380952 1 "Uqcrc2_noRT" "non-targeting_noRT"
"580" "Chchd2" 836.127845844879 0.255336645713072 2.16803548537797 0.0301559867347787 0.27276226861554 1 1 "Uqcrc2_noRT" "non-targeting_noRT"
"581" "Gins4" 18.4652457514349 -1.05151718915404 -2.16758434687856 0.0301903257833477 0.27276226861554 0.619047619047619 0.857142857142857 "Uqcrc2_noRT" "non-targeting_noRT"
"582" "Capzb" 48.85454966459 0.589981321227398 2.16672734322094 0.030255650385339 0.27276226861554 0.904761904761905 0.946428571428571 "Uqcrc2_noRT" "non-targeting_noRT"
"583" "Lrrc59" 53.8960269650754 -0.631931839495528 -2.16417501426078 0.0304509201056641 0.27392588564617 1 0.982142857142857 "Uqcrc2_noRT" "non-targeting_noRT"
"584" "Rpa1" 6.35446012753688 -1.99690844345905 -2.16055490421928 0.0307297381082881 NA 0.19047619047619 0.535714285714286 "Uqcrc2_noRT" "non-targeting_noRT"
"585" "Socs5" 6.8346912257545 1.61859825419816 2.1602586852659 0.0307526493750888 NA 0.333333333333333 0.267857142857143 "Uqcrc2_noRT" "non-targeting_noRT"
"586" "Hnrnpa2b1" 535.563003837312 0.330319095831093 2.15997724267916 0.0307744313398389 0.275711027888335 1 1 "Uqcrc2_noRT" "non-targeting_noRT"
"587" "Ube2s" 384.628260197334 -0.413950172720964 -2.15909249446463 0.0308429918313778 0.275711027888335 1 1 "Uqcrc2_noRT" "non-targeting_noRT"
"588" "Mcm3" 28.4714754158013 -0.91142106648498 -2.15883559474473 0.0308629239333876 0.275711027888335 0.523809523809524 0.821428571428571 "Uqcrc2_noRT" "non-targeting_noRT"
"589" "Tmem176b" 79.7006046832731 0.563957539145862 2.15815373183535 0.0309158813291898 0.275711027888335 0.857142857142857 0.946428571428571 "Uqcrc2_noRT" "non-targeting_noRT"
"590" "Ddx51" 1.8652702021138 -3.40721330599959 -2.15765694922408 0.0309545134271445 NA 0 0.267857142857143 "Uqcrc2_noRT" "non-targeting_noRT"
"591" "Fign" 8.79829431627755 -1.61765991281701 -2.1567844943549 0.0310224598210152 NA 0.285714285714286 0.553571428571429 "Uqcrc2_noRT" "non-targeting_noRT"
"592" "Kntc1" 1.85357494200554 -3.399482906603 -2.15638550942746 0.0310535752211155 NA 0 0.25 "Uqcrc2_noRT" "non-targeting_noRT"
"593" "St3gal6" 2.56515115260622 2.7388110160529 2.15540402173691 0.0311302319313886 NA 0.19047619047619 0.0535714285714286 "Uqcrc2_noRT" "non-targeting_noRT"
"594" "Iah1" 50.5213816734424 0.654016486995149 2.15455349542326 0.0311967915044808 0.277617899452778 1 0.982142857142857 "Uqcrc2_noRT" "non-targeting_noRT"
"595" "Mocs2" 29.8153281448444 0.768345296121883 2.15185539308114 0.0314087454535252 0.278904267567998 0.666666666666667 0.857142857142857 "Uqcrc2_noRT" "non-targeting_noRT"
"596" "Nt5c" 45.2631623684358 0.607673201754065 2.14977595585909 0.0315729409611769 0.279761947960064 0.857142857142857 0.928571428571429 "Uqcrc2_noRT" "non-targeting_noRT"
"597" "Serpinf1" 5.61344512820843 -2.28393110853689 -2.14930831925376 0.0316099674840313 NA 0.142857142857143 0.392857142857143 "Uqcrc2_noRT" "non-targeting_noRT"
"598" "Ctsb" 26.89254460589 0.788621160991425 2.14804777067269 0.031709960715997 0.279825199801018 0.857142857142857 0.857142857142857 "Uqcrc2_noRT" "non-targeting_noRT"
"599" "Nme2" 1618.67426884028 0.237272576705347 2.14748887162527 0.0317543821977459 0.279825199801018 1 1 "Uqcrc2_noRT" "non-targeting_noRT"
"600" "Tmem121" 8.81595419562793 1.50180694437967 2.14702767736331 0.0317910782425201 NA 0.476190476190476 0.267857142857143 "Uqcrc2_noRT" "non-targeting_noRT"
"601" "Hsd17b10" 64.0177530937793 0.555381985547449 2.14657380565517 0.031827227143388 0.279825199801018 0.952380952380952 0.982142857142857 "Uqcrc2_noRT" "non-targeting_noRT"
"602" "Arl1" 142.722645983402 0.408376006713304 2.14529053711798 0.0319296246230323 0.279825199801018 1 1 "Uqcrc2_noRT" "non-targeting_noRT"
"603" "Ndufb11" 142.137120519412 0.422059713009145 2.14516442825932 0.0319397026112899 0.279825199801018 1 1 "Uqcrc2_noRT" "non-targeting_noRT"
"604" "Ciapin1" 38.475975553222 -0.769093071545443 -2.14458779354172 0.031985819116936 0.279825199801018 0.714285714285714 0.946428571428571 "Uqcrc2_noRT" "non-targeting_noRT"
"605" "Rpl9-ps6" 33.0628099317674 0.721443158695497 2.14214352380898 0.0321819344750929 0.28094693008003 1 0.803571428571429 "Uqcrc2_noRT" "non-targeting_noRT"
"606" "Prpf39" 11.6969149067946 1.17488230400646 2.1410814179935 0.0322674728977613 NA 0.619047619047619 0.5 "Uqcrc2_noRT" "non-targeting_noRT"
"607" "Ruvbl2" 28.5388135511022 -0.809162508592392 -2.140568932685 0.03230881636885 0.281460804493266 0.714285714285714 0.964285714285714 "Uqcrc2_noRT" "non-targeting_noRT"
"608" "Msantd2" 4.8628316513293 1.80525376928977 2.13987317374146 0.0323650176130882 NA 0.380952380952381 0.232142857142857 "Uqcrc2_noRT" "non-targeting_noRT"
"609" "mt-Nd4" 243.060026626587 -0.442360210219961 -2.1392322472622 0.032416863756982 0.281808786189898 0.952380952380952 1 "Uqcrc2_noRT" "non-targeting_noRT"
"610" "Ngdn" 24.639983321766 0.807126092393116 2.13752894194759 0.0325549943053427 0.282416281835447 0.80952380952381 0.785714285714286 "Uqcrc2_noRT" "non-targeting_noRT"
"611" "Eny2" 226.360482098189 -0.339647249701556 -2.13515628957924 0.0327482459790899 0.283498413936138 1 1 "Uqcrc2_noRT" "non-targeting_noRT"
"612" "Hist2h2ac" 10.240590073448 -1.4061536758068 -2.13290804991295 0.0329322698649364 NA 0.285714285714286 0.428571428571429 "Uqcrc2_noRT" "non-targeting_noRT"
"613" "Arhgap18" 19.874903115585 1.02808464432254 2.12590605404708 0.0335110827070769 0.289496576705395 0.666666666666667 0.642857142857143 "Uqcrc2_noRT" "non-targeting_noRT"
"614" "Arhgdia" 109.587402163547 -0.443509883057528 -2.12470591181231 0.0336111598637892 0.289756207325749 1 1 "Uqcrc2_noRT" "non-targeting_noRT"
"615" "Ankrd11" 73.5425332109208 -0.540339227277589 -2.12224736607721 0.033816970870102 0.29077125043585 1 0.910714285714286 "Uqcrc2_noRT" "non-targeting_noRT"
"616" "Itpr3" 4.06421088704876 1.92068516765959 2.12158919742007 0.0338722503256096 NA 0.285714285714286 0.160714285714286 "Uqcrc2_noRT" "non-targeting_noRT"
"617" "Cebpzos" 28.3018835558299 0.742141110343563 2.12109424628517 0.0339138720550392 0.29077125043585 0.857142857142857 0.857142857142857 "Uqcrc2_noRT" "non-targeting_noRT"
"618" "Alx1" 19.5306268200664 1.00532344906132 2.12078726891503 0.0339397085453155 0.29077125043585 0.761904761904762 0.642857142857143 "Uqcrc2_noRT" "non-targeting_noRT"
"619" "Reep5" 98.4320587855962 0.446495403907001 2.11833442740232 0.0341467549325231 0.291558772824083 1 0.982142857142857 "Uqcrc2_noRT" "non-targeting_noRT"
"620" "Cox7b" 409.764852956459 0.273085272852997 2.11745004726298 0.0342216705206869 0.291558772824083 1 1 "Uqcrc2_noRT" "non-targeting_noRT"
"621" "Gstt3" 0.958228455928733 4.36042519878689 2.11642892366806 0.0343083442880147 NA 0.142857142857143 0 "Uqcrc2_noRT" "non-targeting_noRT"
"622" "Olig1" 123.472914950366 -0.405613828721769 -2.11629056768507 0.0343201024697263 0.291558772824083 0.952380952380952 1 "Uqcrc2_noRT" "non-targeting_noRT"
"623" "Mrpl49" 30.6710233339068 -0.762392488479454 -2.11620863625591 0.0343270670345655 0.291558772824083 0.714285714285714 0.946428571428571 "Uqcrc2_noRT" "non-targeting_noRT"
"624" "Tnfrsf9" 2.06231694007947 -3.55688572029555 -2.11489339109866 0.0344390345972809 NA 0 0.142857142857143 "Uqcrc2_noRT" "non-targeting_noRT"
"625" "Fmc1" 47.0587205861012 0.608028608071661 2.11475286027549 0.0344510164959951 0.291558772824083 0.952380952380952 0.946428571428571 "Uqcrc2_noRT" "non-targeting_noRT"
"626" "Bsg" 497.314583696688 0.314095699450121 2.11471337476943 0.034454383738757 0.291558772824083 1 1 "Uqcrc2_noRT" "non-targeting_noRT"
"627" "Hes6" 11.7331613088684 1.14589942637155 2.11414231147205 0.0345031142914965 NA 0.666666666666667 0.464285714285714 "Uqcrc2_noRT" "non-targeting_noRT"
"628" "Tiparp" 22.0154653726907 0.904677500323396 2.11339049464735 0.0345673588633725 0.291917818319664 0.666666666666667 0.589285714285714 "Uqcrc2_noRT" "non-targeting_noRT"
"629" "Rab28" 19.6170283022702 -0.954840408131341 -2.1055799862272 0.0352408526470779 0.296889459433087 0.476190476190476 0.892857142857143 "Uqcrc2_noRT" "non-targeting_noRT"
"630" "Cox7c" 490.943617755 0.285313910309239 2.1044441666002 0.0353397201617721 0.296889459433087 1 1 "Uqcrc2_noRT" "non-targeting_noRT"
"631" "Cdkn3" 16.2092277935945 -1.15176670003615 -2.10408176175785 0.0353713154906988 0.296889459433087 0.238095238095238 0.589285714285714 "Uqcrc2_noRT" "non-targeting_noRT"
"632" "Stmn1" 107.402665839978 -0.47893371472816 -2.099829048148 0.0357438819796045 0.299376906134293 0.904761904761905 0.946428571428571 "Uqcrc2_noRT" "non-targeting_noRT"
"633" "Sox4" 41.8123813944772 0.762228126606279 2.09745634381682 0.0359531978630148 0.299376906134293 0.857142857142857 0.803571428571429 "Uqcrc2_noRT" "non-targeting_noRT"
"634" "Ebpl" 14.4578928392297 1.02927385219471 2.09741675900097 0.0359566988124909 0.299376906134293 0.571428571428571 0.553571428571429 "Uqcrc2_noRT" "non-targeting_noRT"
"635" "Zrsr2" 49.1780082927683 -0.626951660481563 -2.09741265323781 0.0359570619499139 0.299376906134293 0.904761904761905 0.982142857142857 "Uqcrc2_noRT" "non-targeting_noRT"
"636" "Tab2" 24.2921420400821 -0.946236704304719 -2.0965179059677 0.0360362732025425 0.299433932755263 0.666666666666667 0.803571428571429 "Uqcrc2_noRT" "non-targeting_noRT"
"637" "Ppia" 2818.45267291958 0.205872670771691 2.09557715034732 0.0361197179375193 0.299525837325561 1 1 "Uqcrc2_noRT" "non-targeting_noRT"
"638" "Tspan3" 40.9442585154629 0.653939650254384 2.09467157937577 0.0362001973465767 0.299592833240269 0.904761904761905 0.928571428571429 "Uqcrc2_noRT" "non-targeting_noRT"
"639" "H2afx" 37.4036182269082 -0.975047304681416 -2.09070124587342 0.0365548532495242 0.300140862976872 0.857142857142857 0.75 "Uqcrc2_noRT" "non-targeting_noRT"
"640" "Spats2l" 57.3653823400785 -0.590829973336321 -2.09023731019755 0.036596487522155 0.300140862976872 0.904761904761905 0.946428571428571 "Uqcrc2_noRT" "non-targeting_noRT"
"641" "Gsr" 26.9009267754463 -0.808325769253325 -2.08983446928932 0.0366326718240426 0.300140862976872 0.714285714285714 0.839285714285714 "Uqcrc2_noRT" "non-targeting_noRT"
"642" "Nenf" 57.8602275735904 0.542257583374849 2.08962230506665 0.0366517412610668 0.300140862976872 0.952380952380952 0.946428571428571 "Uqcrc2_noRT" "non-targeting_noRT"
"643" "Mavs" 1.83614235375891 -3.38785019878391 -2.08931124779583 0.0366797145475836 NA 0 0.321428571428571 "Uqcrc2_noRT" "non-targeting_noRT"
"644" "Hadh" 35.7090494496724 0.660156523637486 2.08931110757327 0.0366797271618558 0.300140862976872 0.904761904761905 0.928571428571429 "Uqcrc2_noRT" "non-targeting_noRT"
"645" "Armc1" 18.6535121098476 -0.987816993479373 -2.08906787687682 0.0367016135007968 0.300140862976872 0.523809523809524 0.910714285714286 "Uqcrc2_noRT" "non-targeting_noRT"
"646" "Zw10" 1.77658526255314 -3.33736811747173 -2.08423148424507 0.037139116197385 NA 0 0.339285714285714 "Uqcrc2_noRT" "non-targeting_noRT"
"647" "Cdan1" 1.7924932347314 -3.34837160931149 -2.08179845121624 0.0373608832927231 NA 0 0.303571428571429 "Uqcrc2_noRT" "non-targeting_noRT"
"648" "Rara" 6.44359568617626 1.51936557525805 2.07933617456973 0.0375864624175449 NA 0.476190476190476 0.214285714285714 "Uqcrc2_noRT" "non-targeting_noRT"
"649" "Trim14" 1.32728885441525 3.78906602219843 2.07912988159154 0.0376054142579027 NA 0.19047619047619 0.0178571428571429 "Uqcrc2_noRT" "non-targeting_noRT"
"650" "Slc49a4" 1.32728885441525 3.78906602219843 2.07912988159154 0.0376054142579027 NA 0.19047619047619 0.0178571428571429 "Uqcrc2_noRT" "non-targeting_noRT"
"651" "Gsk3b" 42.7263638201616 0.633519841622865 2.07812082986841 0.0376982315894124 0.305835278402855 0.952380952380952 0.928571428571429 "Uqcrc2_noRT" "non-targeting_noRT"
"652" "mt-Co1" 1228.05174205372 0.307796997830061 2.07804453870345 0.0377052571285998 0.305835278402855 1 1 "Uqcrc2_noRT" "non-targeting_noRT"
"653" "Mlkl" 27.6096368447641 -0.793738485775535 -2.0775877649931 0.0377473440400598 0.305835278402855 0.761904761904762 0.892857142857143 "Uqcrc2_noRT" "non-targeting_noRT"
"654" "Tmco1" 84.0390285352415 -0.502886678748004 -2.07738923010885 0.0377656494061906 0.305835278402855 0.952380952380952 1 "Uqcrc2_noRT" "non-targeting_noRT"
"655" "Psmc1" 31.6860834559749 -0.7659720267431 -2.07687612741524 0.0378129936198581 0.305835278402855 0.904761904761905 0.964285714285714 "Uqcrc2_noRT" "non-targeting_noRT"
"656" "Amfr" 18.9899124539814 -0.979332807088547 -2.07467720295769 0.0380164615841766 0.305835278402855 0.714285714285714 0.964285714285714 "Uqcrc2_noRT" "non-targeting_noRT"
"657" "Rita1" 6.4828292594458 1.51609591639138 2.07432808312171 0.0380488513754489 NA 0.428571428571429 0.303571428571429 "Uqcrc2_noRT" "non-targeting_noRT"
"658" "Pclaf" 103.122985164445 -1.42050282225228 -2.07378276149266 0.0380994908553114 0.305835278402855 0.523809523809524 0.767857142857143 "Uqcrc2_noRT" "non-targeting_noRT"
"659" "Dpysl2" 23.159161137519 0.848280816504176 2.07348346476281 0.0381273084021982 0.305835278402855 0.761904761904762 0.803571428571429 "Uqcrc2_noRT" "non-targeting_noRT"
"660" "Kif15" 14.578559206806 -1.26824270368796 -2.07341686285411 0.038133500934467 0.305835278402855 0.19047619047619 0.607142857142857 "Uqcrc2_noRT" "non-targeting_noRT"
"661" "Sae1" 35.2503978426392 -0.729728285827607 -2.07337897999605 0.0381370235997761 0.305835278402855 0.80952380952381 0.857142857142857 "Uqcrc2_noRT" "non-targeting_noRT"
"662" "Gxylt2" 2.61780942447183 2.3954713817261 2.07319362418416 0.038154263524386 NA 0.238095238095238 0.0892857142857143 "Uqcrc2_noRT" "non-targeting_noRT"
"663" "Swap70" 7.8397318751581 1.43802088010981 2.07221188442291 0.0382456855737986 NA 0.428571428571429 0.339285714285714 "Uqcrc2_noRT" "non-targeting_noRT"
"664" "Cspg4" 11.1997841745389 -1.54648321951604 -2.07187780296981 0.0382768385124746 NA 0.285714285714286 0.553571428571429 "Uqcrc2_noRT" "non-targeting_noRT"
"665" "Tbc1d13" 2.61991578050683 2.39250895231082 2.0705652350821 0.038399443819537 NA 0.238095238095238 0.0892857142857143 "Uqcrc2_noRT" "non-targeting_noRT"
"666" "Crk" 19.4752481010872 -0.940182163475054 -2.06935055897568 0.0385132024290182 0.308254606675585 0.714285714285714 0.803571428571429 "Uqcrc2_noRT" "non-targeting_noRT"
"667" "Thtpa" 1.81330857057454 3.26937535363699 2.06784230747833 0.0386548539078798 NA 0.19047619047619 0.0357142857142857 "Uqcrc2_noRT" "non-targeting_noRT"
"668" "Atpif1" 304.283696431769 0.307078050203914 2.06520139132516 0.0389039489414064 0.310780966640038 0.952380952380952 1 "Uqcrc2_noRT" "non-targeting_noRT"
"669" "Bub1" 11.5482963524083 -1.44026579811148 -2.0637062012837 0.039045581035453 NA 0.238095238095238 0.535714285714286 "Uqcrc2_noRT" "non-targeting_noRT"
"670" "Wrnip1" 6.2957967747197 -1.93032584985134 -2.06334286451189 0.039080064229164 NA 0.142857142857143 0.535714285714286 "Uqcrc2_noRT" "non-targeting_noRT"
"671" "Mad2l1" 20.2492396665212 -0.928202317167251 -2.06227942928472 0.0391811403206563 0.312392213192439 0.428571428571429 0.714285714285714 "Uqcrc2_noRT" "non-targeting_noRT"
"672" "Myl12a" 185.123171459993 0.378847161749796 2.05937618635116 0.0394582152035795 0.313996335600792 1 1 "Uqcrc2_noRT" "non-targeting_noRT"
"673" "Paics" 313.95567496162 0.494188858998823 2.05751438412034 0.0396367727356192 0.314811834126665 1 1 "Uqcrc2_noRT" "non-targeting_noRT"
"674" "Ppih" 74.6550551512378 -0.494525562757602 -2.05576435034199 0.0398052358271987 0.315544187457755 0.904761904761905 0.982142857142857 "Uqcrc2_noRT" "non-targeting_noRT"
"675" "Vgf" 3.30056932418812 -3.12112951538692 -2.05258304980705 0.0401130328581828 NA 0.0476190476190476 0.25 "Uqcrc2_noRT" "non-targeting_noRT"
"676" "Glrx5" 83.4985868499868 0.472658356019469 2.05242275697376 0.0401285947783797 0.317499283351692 1 0.982142857142857 "Uqcrc2_noRT" "non-targeting_noRT"
"677" "Maged1" 68.3945069281334 0.502924386440417 2.05125984361883 0.0402416488388815 0.317734182977806 1 0.928571428571429 "Uqcrc2_noRT" "non-targeting_noRT"
"678" "St6gal1" 2.21462190317435 2.98614914731291 2.05119150714783 0.0402483006480211 NA 0.19047619047619 0.0535714285714286 "Uqcrc2_noRT" "non-targeting_noRT"
"679" "Capg" 151.300515195737 0.431774479906645 2.05053909710154 0.0403118526010992 0.317734182977806 1 1 "Uqcrc2_noRT" "non-targeting_noRT"
"680" "Akirin2" 46.6115112595982 -0.623703447143638 -2.04926710828589 0.0404360030899017 0.318008921537938 0.904761904761905 0.964285714285714 "Uqcrc2_noRT" "non-targeting_noRT"
"681" "Xpnpep3" 2.96930277543082 -2.944341924257 -2.04884305867115 0.0404774637806739 NA 0.0476190476190476 0.464285714285714 "Uqcrc2_noRT" "non-targeting_noRT"
"682" "Mrpl57" 96.5526857646894 0.418985748110988 2.0478943211579 0.0405703554334111 0.318008921537938 1 1 "Uqcrc2_noRT" "non-targeting_noRT"
"683" "Rabggtb" 89.0711598825778 0.455616293399734 2.04782385433731 0.0405772621005392 0.318008921537938 1 1 "Uqcrc2_noRT" "non-targeting_noRT"
"684" "Adgrl3" 4.1133925117952 1.94774689022919 2.0475413952488 0.0406049567798666 NA 0.285714285714286 0.142857142857143 "Uqcrc2_noRT" "non-targeting_noRT"
"685" "Il6st" 9.02897630389795 1.23661929560033 2.04571686235257 0.0407842357312085 NA 0.523809523809524 0.321428571428571 "Uqcrc2_noRT" "non-targeting_noRT"
"686" "Rps7" 2645.47033579868 0.223004230717842 2.04436585875334 0.0409174174907377 0.319765014369398 1 1 "Uqcrc2_noRT" "non-targeting_noRT"
"687" "2310009B15Rik" 21.6952806425109 0.892712893506276 2.0435294427026 0.041000055844016 0.319765014369398 0.857142857142857 0.785714285714286 "Uqcrc2_noRT" "non-targeting_noRT"
"688" "H3f3a" 450.955805178822 0.281781102318768 2.04319476689263 0.0410331615829266 0.319765014369398 1 1 "Uqcrc2_noRT" "non-targeting_noRT"
"689" "Sapcd2" 7.88747132668129 -1.65722081447959 -2.0416809264626 0.0411831919624266 NA 0.19047619047619 0.464285714285714 "Uqcrc2_noRT" "non-targeting_noRT"
"690" "Hes1" 49.3050488143368 0.657121650052786 2.04071774498831 0.0412788905219688 0.321075280037419 0.80952380952381 0.767857142857143 "Uqcrc2_noRT" "non-targeting_noRT"
"691" "Slc50a1" 68.6582094311722 0.489395394417471 2.03822608769702 0.0415273276885438 0.321862923214974 0.952380952380952 0.964285714285714 "Uqcrc2_noRT" "non-targeting_noRT"
"692" "Gtf2b" 45.0050883980941 0.606602458640574 2.03814215932318 0.0415357179789261 0.321862923214974 0.952380952380952 0.910714285714286 "Uqcrc2_noRT" "non-targeting_noRT"
"693" "Lgi4" 8.54746638627124 1.25292267634257 2.03666078563878 0.0416840468123919 NA 0.571428571428571 0.285714285714286 "Uqcrc2_noRT" "non-targeting_noRT"
"694" "Snx32" 1.01910534078343 4.42177796101721 2.03422485706708 0.0419289294318229 NA 0.142857142857143 0 "Uqcrc2_noRT" "non-targeting_noRT"
"695" "Nhlrc3" 3.32359745624696 2.24884811291483 2.03282097762593 0.042070612959193 NA 0.380952380952381 0.107142857142857 "Uqcrc2_noRT" "non-targeting_noRT"
"696" "Trps1" 14.6834267572872 -1.06700606457665 -2.03106414369983 0.042248488185242 0.326558669099044 0.476190476190476 0.642857142857143 "Uqcrc2_noRT" "non-targeting_noRT"
"697" "Anxa6" 21.3870568607332 0.831738737200924 2.03033219880007 0.042322783390935 0.326558669099044 0.666666666666667 0.732142857142857 "Uqcrc2_noRT" "non-targeting_noRT"
"698" "Zbtb41" 4.99940775563684 1.83436101810256 2.0301246552283 0.0423438699583443 NA 0.380952380952381 0.214285714285714 "Uqcrc2_noRT" "non-targeting_noRT"
"699" "Yif1a" 27.2066317765474 0.714742346058443 2.02971333761416 0.0423856863665447 0.326558669099044 0.857142857142857 0.857142857142857 "Uqcrc2_noRT" "non-targeting_noRT"
"700" "Lss" 3.2379868904817 2.14517510172086 2.02951252520965 0.0424061145499787 NA 0.285714285714286 0.125 "Uqcrc2_noRT" "non-targeting_noRT"
"701" "Dcaf7" 11.5282646595374 -1.22190586400022 -2.02913596314307 0.0424444437921071 NA 0.428571428571429 0.678571428571429 "Uqcrc2_noRT" "non-targeting_noRT"
"702" "Pdlim2" 3.71067218294674 2.17587970062151 2.02901949246883 0.0424563049610961 NA 0.142857142857143 0.142857142857143 "Uqcrc2_noRT" "non-targeting_noRT"
"703" "Mns1" 13.8820449015676 -1.23491278056338 -2.02884048013078 0.0424745407290562 0.326558669099044 0.380952380952381 0.607142857142857 "Uqcrc2_noRT" "non-targeting_noRT"
"704" "Pfdn6" 93.9825254014523 -0.459123911296971 -2.02823490510601 0.042536279034409 0.326558669099044 1 0.964285714285714 "Uqcrc2_noRT" "non-targeting_noRT"
"705" "Mapt" 1.68426935088912 -3.26143288250262 -2.0278334021089 0.0425772540457866 NA 0 0.285714285714286 "Uqcrc2_noRT" "non-targeting_noRT"
"706" "Trib3" 36.96005776364 -0.83313200800746 -2.02717954482041 0.0426440542786902 0.326694619876867 0.714285714285714 0.892857142857143 "Uqcrc2_noRT" "non-targeting_noRT"
"707" "Mypop" 4.8138692706923 1.90370540922862 2.02616862681364 0.0427475074406918 NA 0.476190476190476 0.196428571428571 "Uqcrc2_noRT" "non-targeting_noRT"
"708" "Ppm1g" 50.8800862493837 -0.58563708928034 -2.02572159666989 0.042793322273693 0.326694619876867 0.904761904761905 0.982142857142857 "Uqcrc2_noRT" "non-targeting_noRT"
"709" "Decr1" 35.8002805932091 0.660987865977288 2.0256806365272 0.0427975222362275 0.326694619876867 0.80952380952381 0.892857142857143 "Uqcrc2_noRT" "non-targeting_noRT"
"710" "Brca1" 6.75795964725631 -1.70406033955311 -2.02519561831575 0.0428472814333536 NA 0.238095238095238 0.5 "Uqcrc2_noRT" "non-targeting_noRT"
"711" "Camk1" 13.8318372723345 1.01707859122665 2.02448825356041 0.0429199393774784 0.326694619876867 0.714285714285714 0.607142857142857 "Uqcrc2_noRT" "non-targeting_noRT"
"712" "Tmem63b" 27.3680229671 0.783066483038303 2.02378703604331 0.0429920686703249 0.326694619876867 0.80952380952381 0.803571428571429 "Uqcrc2_noRT" "non-targeting_noRT"
"713" "Taf1b" 10.7167386817129 1.15095329160327 2.02373118089651 0.0429978184978483 NA 0.523809523809524 0.464285714285714 "Uqcrc2_noRT" "non-targeting_noRT"
"714" "Cdca2" 5.14940554237472 -2.13290967838231 -2.02278683657994 0.0430951294064387 NA 0.142857142857143 0.392857142857143 "Uqcrc2_noRT" "non-targeting_noRT"
"715" "Etnk1" 53.6028115403482 0.569512602898501 2.02242686331533 0.0431322721785643 0.326694619876867 0.904761904761905 0.875 "Uqcrc2_noRT" "non-targeting_noRT"
"716" "Ebag9" 21.6642461785586 -0.873259936691079 -2.0219961932105 0.0431767451365038 0.326694619876867 0.571428571428571 0.910714285714286 "Uqcrc2_noRT" "non-targeting_noRT"
"717" "Ptbp1" 34.7928822687163 -0.688013892580463 -2.02191061900039 0.0431855865327807 0.326694619876867 0.714285714285714 0.857142857142857 "Uqcrc2_noRT" "non-targeting_noRT"
"718" "Zfp532" 4.40332952987642 1.76634788067207 2.02109002672326 0.0432704465739575 NA 0.428571428571429 0.178571428571429 "Uqcrc2_noRT" "non-targeting_noRT"
"719" "Naaa" 5.42749550125984 1.69259972309691 2.01917319371636 0.0434692214454491 NA 0.476190476190476 0.232142857142857 "Uqcrc2_noRT" "non-targeting_noRT"
"720" "Snapc3" 6.32424734769591 1.56178551269539 2.01867457659213 0.0435210541010333 NA 0.428571428571429 0.303571428571429 "Uqcrc2_noRT" "non-targeting_noRT"
"721" "Akr1e1" 13.9953257042279 0.971733398883264 2.0140675200614 0.0440024450346641 0.332266637871241 0.714285714285714 0.589285714285714 "Uqcrc2_noRT" "non-targeting_noRT"
"722" "Zfp317" 2.87800758222168 -2.88814754089193 -2.01281252126906 0.0441343561567999 NA 0.0476190476190476 0.357142857142857 "Uqcrc2_noRT" "non-targeting_noRT"
"723" "Crtap" 21.756613616389 0.797718693989339 2.00942967830152 0.0444915854343507 0.335240942034998 0.80952380952381 0.821428571428571 "Uqcrc2_noRT" "non-targeting_noRT"
"724" "Tuba1a" 692.168657586537 -0.361242017252401 -2.00879983374585 0.0445583659060534 0.335240942034998 1 1 "Uqcrc2_noRT" "non-targeting_noRT"
"725" "Brdt" 2.95652187774243 -2.93273854368302 -2.00875674429591 0.0445629376362243 NA 0.0476190476190476 0.303571428571429 "Uqcrc2_noRT" "non-targeting_noRT"
"726" "Tug1" 18.4015170300985 0.902435496925441 2.00688600375896 0.0447618024756125 0.336160324217939 0.714285714285714 0.642857142857143 "Uqcrc2_noRT" "non-targeting_noRT"
"727" "Cdc25a" 7.87419336702655 -1.6625016149795 -2.00616600072065 0.044838540001627 NA 0.238095238095238 0.571428571428571 "Uqcrc2_noRT" "non-targeting_noRT"
"728" "Id1" 31.9349170897508 0.936363276544279 2.0054873487695 0.0449109718999254 0.336669568336759 0.761904761904762 0.660714285714286 "Uqcrc2_noRT" "non-targeting_noRT"
"729" "Tatdn2" 1.69596461099738 -3.26999492301416 -2.00503331216612 0.044959485879536 NA 0 0.285714285714286 "Uqcrc2_noRT" "non-targeting_noRT"
"730" "Armcx6" 3.06807221448074 2.09424039389963 2.00241367090399 0.0452402593694895 NA 0.238095238095238 0.107142857142857 "Uqcrc2_noRT" "non-targeting_noRT"
"731" "Atp5g3" 241.582048741779 0.311432744177033 2.00197626527654 0.0452872842719073 0.338459754260831 1 1 "Uqcrc2_noRT" "non-targeting_noRT"
"732" "Degs1" 32.0769522634496 0.766702056245026 2.00173383961716 0.045313364876873 0.338459754260831 0.904761904761905 0.857142857142857 "Uqcrc2_noRT" "non-targeting_noRT"
"733" "Arhgap11a" 8.679180133866 -1.59541046660486 -2.00159779681162 0.0453280061608586 NA 0.19047619047619 0.517857142857143 "Uqcrc2_noRT" "non-targeting_noRT"
"734" "Rfc3" 26.8058135578579 -0.785901942915683 -1.99912912738412 0.0455943843360678 0.339919402347671 0.666666666666667 0.839285714285714 "Uqcrc2_noRT" "non-targeting_noRT"
"735" "Hmox2" 20.3922608589998 0.920250241221157 1.99825631341925 0.0456888791431607 0.339919402347671 0.857142857142857 0.714285714285714 "Uqcrc2_noRT" "non-targeting_noRT"
"736" "Txnrd1" 82.1771280041983 -0.50141726769625 -1.9970574662991 0.0458189407116905 0.339919402347671 0.904761904761905 0.964285714285714 "Uqcrc2_noRT" "non-targeting_noRT"
"737" "mt-Nd1" 274.643003295304 -0.485098087678872 -1.99688784911314 0.0458373674504592 0.339919402347671 1 1 "Uqcrc2_noRT" "non-targeting_noRT"
"738" "Irf9" 10.9116963728357 -1.2674598456845 -1.99679044105591 0.045847952412232 NA 0.333333333333333 0.732142857142857 "Uqcrc2_noRT" "non-targeting_noRT"
"739" "Zgrf1" 2.84996537144691 -2.88103018292528 -1.9959262905306 0.0459419465438433 NA 0.0476190476190476 0.25 "Uqcrc2_noRT" "non-targeting_noRT"
"740" "Smarca5" 96.3178075101156 -0.464617036757979 -1.99527972667057 0.0460123797610176 0.340067292427607 0.952380952380952 1 "Uqcrc2_noRT" "non-targeting_noRT"
"741" "Calu" 53.9869432068171 -0.622423688119759 -1.99519447675995 0.0460216732139825 0.340067292427607 0.904761904761905 0.964285714285714 "Uqcrc2_noRT" "non-targeting_noRT"
"742" "Gm32834" 1.33310402490676 3.79620838121444 1.99501372269886 0.0460413832075697 NA 0.142857142857143 0.0178571428571429 "Uqcrc2_noRT" "non-targeting_noRT"
"743" "G530011O06Rik" 8.44692958127422 -1.46521201162173 -1.99232544050759 0.0463353621148432 NA 0.238095238095238 0.660714285714286 "Uqcrc2_noRT" "non-targeting_noRT"
"744" "Pcnt" 9.41643233410914 -1.45686137165417 -1.99200813565048 0.0463701652477976 NA 0.333333333333333 0.625 "Uqcrc2_noRT" "non-targeting_noRT"
"745" "Mapkapk3" 3.69144167410573 1.92066139098577 1.99057044182332 0.0465281325378928 NA 0.285714285714286 0.142857142857143 "Uqcrc2_noRT" "non-targeting_noRT"
"746" "4930589L23Rik" 0.970944434491873 4.37325436629692 1.99032736752211 0.046554885157465 NA 0.0952380952380952 0 "Uqcrc2_noRT" "non-targeting_noRT"
"747" "Uap1l1" 16.22055146328 0.915544894694567 1.98981875547951 0.0466109045997902 0.34373372536527 0.666666666666667 0.678571428571429 "Uqcrc2_noRT" "non-targeting_noRT"
"748" "Ppp4r1" 5.06783716780157 -2.10217675528887 -1.98911949488925 0.0466880150247359 NA 0.0952380952380952 0.517857142857143 "Uqcrc2_noRT" "non-targeting_noRT"
"749" "Smc4" 60.4839713229976 -0.671155973897415 -1.98814934724268 0.0467951750848625 0.34373372536527 0.857142857142857 0.910714285714286 "Uqcrc2_noRT" "non-targeting_noRT"
"750" "Ccnb2" 24.8758395765488 -0.910800711268315 -1.98790219739169 0.046822507688335 0.34373372536527 0.333333333333333 0.732142857142857 "Uqcrc2_noRT" "non-targeting_noRT"
"751" "Akr1a1" 163.552065095709 0.343563954193588 1.98765258797128 0.046850125931854 0.34373372536527 1 1 "Uqcrc2_noRT" "non-targeting_noRT"
"752" "Utp14b" 6.10356151175491 1.53479713373912 1.98606603730236 0.047025991790992 NA 0.333333333333333 0.267857142857143 "Uqcrc2_noRT" "non-targeting_noRT"
"753" "Med21" 121.671466527765 0.383893671662199 1.98164782833357 0.0475186701535078 0.348021693973832 0.952380952380952 1 "Uqcrc2_noRT" "non-targeting_noRT"
"754" "Fam83d" 4.98995573869204 -2.15886358728712 -1.98053065549349 0.0476439322144532 NA 0.0952380952380952 0.392857142857143 "Uqcrc2_noRT" "non-targeting_noRT"
"755" "Nudt21" 78.7099017414392 -0.507237080608753 -1.97986728517704 0.0477184433139478 0.348867347054975 0.857142857142857 1 "Uqcrc2_noRT" "non-targeting_noRT"
"756" "Tctn2" 5.95622494624156 -1.84544151601413 -1.97775896639839 0.0479559046027019 NA 0.142857142857143 0.571428571428571 "Uqcrc2_noRT" "non-targeting_noRT"
"757" "Arl15" 1.69269477502911 -3.26754161094381 -1.97772166097921 0.0479601152604735 NA 0 0.303571428571429 "Uqcrc2_noRT" "non-targeting_noRT"
"758" "Pus3" 10.907183686801 1.09048186171906 1.97758537776045 0.0479755001701756 NA 0.666666666666667 0.428571428571429 "Uqcrc2_noRT" "non-targeting_noRT"
"759" "Mrfap1" 139.836192147864 -0.366458046433038 -1.97734331098886 0.0480028371304182 0.35012161489335 1 1 "Uqcrc2_noRT" "non-targeting_noRT"
"760" "Yeats4" 41.3601796161281 0.586876638328588 1.97684435722484 0.0480592260172603 0.35012161489335 0.952380952380952 0.910714285714286 "Uqcrc2_noRT" "non-targeting_noRT"
"761" "Dpm3" 111.518448468336 0.401753769456664 1.97428207698529 0.0483496777147143 0.351618570094003 0.952380952380952 1 "Uqcrc2_noRT" "non-targeting_noRT"
"762" "Arpin" 7.08495212909661 1.32539057369707 1.97418397706001 0.0483608272434474 NA 0.571428571428571 0.392857142857143 "Uqcrc2_noRT" "non-targeting_noRT"
"763" "Cct6a" 86.9521906447043 -0.489894923141793 -1.97042490654382 0.0487896934279408 0.354196055096174 0.952380952380952 1 "Uqcrc2_noRT" "non-targeting_noRT"
"764" "Pnp2" 14.5112118373283 -1.05259719661189 -1.9688659505741 0.04896848648082 0.354373888398699 0.523809523809524 0.803571428571429 "Uqcrc2_noRT" "non-targeting_noRT"
"765" "Esd" 84.3909347971097 0.483008018921077 1.96871813673876 0.04898546741519 0.354373888398699 0.952380952380952 1 "Uqcrc2_noRT" "non-targeting_noRT"
"766" "Tulp3" 39.5463708802604 0.610237128359516 1.96711883809533 0.0491695119621259 0.355059003585009 0.857142857142857 0.875 "Uqcrc2_noRT" "non-targeting_noRT"
"767" "Pde11a" 0.945512477365593 4.34864721726996 1.96706570163262 0.0491756367616262 NA 0.142857142857143 0 "Uqcrc2_noRT" "non-targeting_noRT"
"768" "Gm9999" 0.945512477365593 4.34864721726996 1.96706570163262 0.0491756367616262 NA 0.0952380952380952 0 "Uqcrc2_noRT" "non-targeting_noRT"
"769" "Gm11808" 77.5443593205216 0.449032462048328 1.96582882446198 0.0493183869948358 0.355059003585009 0.952380952380952 1 "Uqcrc2_noRT" "non-targeting_noRT"
"770" "Maff" 18.7152533441922 0.887894602838198 1.96504132859251 0.0494094543433981 0.355059003585009 0.761904761904762 0.607142857142857 "Uqcrc2_noRT" "non-targeting_noRT"
"771" "Nacc2" 4.97667380157438 -2.11722072614287 -1.96495243130712 0.0494197434310848 NA 0.142857142857143 0.5 "Uqcrc2_noRT" "non-targeting_noRT"
"772" "Rpl21" 1851.65986530127 0.2242007557913 1.96451851547461 0.0494699912183069 0.355059003585009 1 1 "Uqcrc2_noRT" "non-targeting_noRT"
"773" "Lig1" 21.8005349354236 -0.918127666986761 -1.96402550902414 0.0495271337478661 0.355059003585009 0.476190476190476 0.75 "Uqcrc2_noRT" "non-targeting_noRT"
"774" "Ryk" 23.2791622222621 0.801984506914124 1.9634406137226 0.0495949985674565 0.355059003585009 0.904761904761905 0.785714285714286 "Uqcrc2_noRT" "non-targeting_noRT"
"775" "Cit" 5.12194706029806 -2.15851935407643 -1.96271512633216 0.0496792845052565 NA 0.142857142857143 0.446428571428571 "Uqcrc2_noRT" "non-targeting_noRT"
"776" "Bub3" 53.327426873864 -0.560317354887375 -1.96186274652541 0.0497784660552188 0.355302039710128 0.857142857142857 0.928571428571429 "Uqcrc2_noRT" "non-targeting_noRT"
"777" "Anxa7" 26.5562162594872 -0.788689356893078 -1.96167209599335 0.049800672554827 0.355302039710128 0.80952380952381 0.803571428571429 "Uqcrc2_noRT" "non-targeting_noRT"
"778" "Hist1h2an" 2.72002033366632 -2.8331502541459 -1.95993620318901 0.0500032474544136 NA 0.0476190476190476 0.267857142857143 "Uqcrc2_noRT" "non-targeting_noRT"
"779" "Dlx1" 1.72699972859356 3.22535936817928 1.95959488768617 0.0500431593910263 NA 0.238095238095238 0.0357142857142857 "Uqcrc2_noRT" "non-targeting_noRT"
"780" "Rab9" 67.3364821253841 0.529827073614497 1.95856470994863 0.0501637858398842 0.357276670921585 0.952380952380952 0.982142857142857 "Uqcrc2_noRT" "non-targeting_noRT"
"781" "Reep3" 29.1857466237779 0.687078377849895 1.95669059570253 0.0503838562350082 0.357997846436653 0.80952380952381 0.892857142857143 "Uqcrc2_noRT" "non-targeting_noRT"
"782" "Gemin8" 17.8297176167617 -0.963806371636578 -1.95622994375616 0.0504380726129939 0.357997846436653 0.619047619047619 0.803571428571429 "Uqcrc2_noRT" "non-targeting_noRT"
"783" "Gm15545" 1.68254763675851 3.23395083513867 1.95501391350519 0.0505814280610909 NA 0.238095238095238 0.0357142857142857 "Uqcrc2_noRT" "non-targeting_noRT"
"784" "Cenpm" 24.1415904502998 -0.891113779844482 -1.95445724948813 0.0506471659164055 0.358866391373435 0.523809523809524 0.767857142857143 "Uqcrc2_noRT" "non-targeting_noRT"
"785" "Slc22a4" 4.13340926079501 -2.41987353089378 -1.95412237162437 0.0506867469561093 NA 0.0952380952380952 0.428571428571429 "Uqcrc2_noRT" "non-targeting_noRT"
"786" "Clstn3" 1.60037886336509 -3.18764367060718 -1.95336083251589 0.050776853890037 NA 0 0.25 "Uqcrc2_noRT" "non-targeting_noRT"
"787" "Slc9a3r1" 9.68136643587531 1.12826882217521 1.95217593193467 0.0509173206373688 NA 0.571428571428571 0.339285714285714 "Uqcrc2_noRT" "non-targeting_noRT"
"788" "Ubb" 1789.0254987077 0.27631565271219 1.95132277553329 0.0510186614123985 0.360880719529068 1 1 "Uqcrc2_noRT" "non-targeting_noRT"
"789" "Tle2" 1.70216442339328 3.21796574847907 1.95094283583014 0.0510638462516483 NA 0.0952380952380952 0.0357142857142857 "Uqcrc2_noRT" "non-targeting_noRT"
"790" "Rcbtb2" 9.13232590461898 1.19647161469717 1.95059787217728 0.0511049005373184 NA 0.523809523809524 0.464285714285714 "Uqcrc2_noRT" "non-targeting_noRT"
"791" "Rbbp6" 30.2551417961804 -0.728648351078266 -1.94969521814509 0.0512124566099168 0.361633354013372 0.714285714285714 0.928571428571429 "Uqcrc2_noRT" "non-targeting_noRT"
"792" "Rpl32" 2619.01507900021 0.204726978617607 1.94749033176386 0.0514759777443639 0.362874950436419 1 1 "Uqcrc2_noRT" "non-targeting_noRT"
"793" "Rad21" 43.4892516132378 -0.627435865207298 -1.94366417517872 0.0519359614183182 0.365422519666128 0.761904761904762 0.928571428571429 "Uqcrc2_noRT" "non-targeting_noRT"
"794" "Stil" 2.80523061483928 -2.844965871145 -1.94352341672461 0.0519529488805758 NA 0.0476190476190476 0.339285714285714 "Uqcrc2_noRT" "non-targeting_noRT"
"795" "Racgap1" 14.5336456887624 -1.08024145080767 -1.94301799938301 0.052013983587083 0.365422519666128 0.285714285714286 0.589285714285714 "Uqcrc2_noRT" "non-targeting_noRT"
"796" "Ppip5k1" 2.82113858701754 -2.85278706401288 -1.94208348718867 0.0521269941994465 NA 0.0476190476190476 0.357142857142857 "Uqcrc2_noRT" "non-targeting_noRT"
"797" "Phykpl" 6.23150181779022 1.42188633282987 1.94146698816698 0.0522016598302646 NA 0.523809523809524 0.303571428571429 "Uqcrc2_noRT" "non-targeting_noRT"
"798" "Ncaph2" 28.8503891533198 -0.79627713826585 -1.9403808785037 0.0523334186858656 0.367043536478156 0.619047619047619 0.946428571428571 "Uqcrc2_noRT" "non-targeting_noRT"
"799" "Tbca" 247.04758458949 0.322784020659677 1.93901927627999 0.0524989910022862 0.367581767796041 1 1 "Uqcrc2_noRT" "non-targeting_noRT"
"800" "Otub1" 42.6523289055435 0.584540670777735 1.93743008704948 0.0526927917827066 0.368315493913581 0.952380952380952 0.910714285714286 "Uqcrc2_noRT" "non-targeting_noRT"
"801" "Pqlc1" 3.71787943772752 1.94079811520706 1.93726747931816 0.0527126553892521 NA 0.380952380952381 0.142857142857143 "Uqcrc2_noRT" "non-targeting_noRT"
"802" "Fbxo6" 8.89915625745218 1.24165512047078 1.93670462489441 0.0527814601007026 NA 0.523809523809524 0.357142857142857 "Uqcrc2_noRT" "non-targeting_noRT"
"803" "Tmbim6" 308.864842418969 0.310378990660946 1.93646946316424 0.052810229072984 0.368513875048917 1 1 "Uqcrc2_noRT" "non-targeting_noRT"
"804" "Psap" 70.5406791085292 0.474668284617429 1.93369350979851 0.0531508222961608 0.369167393124791 0.857142857142857 0.964285714285714 "Uqcrc2_noRT" "non-targeting_noRT"
"805" "Ckap2" 13.6206542821901 -1.04633577968745 -1.93279912591806 0.0532609480748648 0.369167393124791 0.333333333333333 0.660714285714286 "Uqcrc2_noRT" "non-targeting_noRT"
"806" "Adamts7" 0.910067549637175 4.31047314341364 1.93253440076801 0.0532935803020622 NA 0.0952380952380952 0 "Uqcrc2_noRT" "non-targeting_noRT"
"807" "Gstt2" 0.910067549637175 4.31047314341364 1.93253440076801 0.0532935803020622 NA 0.142857142857143 0 "Uqcrc2_noRT" "non-targeting_noRT"
"808" "Serpina3g" 0.910067549637175 4.31047314341364 1.93253440076801 0.0532935803020622 NA 0.0952380952380952 0 "Uqcrc2_noRT" "non-targeting_noRT"
"809" "Rpl8" 2379.90582646054 -0.263831872037785 -1.93219324945999 0.0533356580808561 0.369167393124791 1 1 "Uqcrc2_noRT" "non-targeting_noRT"
"810" "Usp50" 18.118132007506 -0.934550795192933 -1.93091803594732 0.0534931893757785 0.369167393124791 0.571428571428571 0.732142857142857 "Uqcrc2_noRT" "non-targeting_noRT"
"811" "Tyms" 51.2855070569103 -0.634872051896074 -1.93083367609618 0.053503624312261 0.369167393124791 0.761904761904762 0.928571428571429 "Uqcrc2_noRT" "non-targeting_noRT"
"812" "Rpl37a" 1053.49916097256 0.226738459815516 1.93068158580531 0.0535224414963307 0.369167393124791 1 1 "Uqcrc2_noRT" "non-targeting_noRT"
"813" "Ccdc34" 48.9421916415998 -0.594721340761994 -1.9299761280641 0.0536097956708678 0.369167393124791 0.80952380952381 0.892857142857143 "Uqcrc2_noRT" "non-targeting_noRT"
"814" "Rpl34" 1950.19162786018 0.224644416154571 1.92960708073972 0.053655540818837 0.369167393124791 1 1 "Uqcrc2_noRT" "non-targeting_noRT"
"815" "Ncapd2" 13.5602721346562 -1.23753442079877 -1.92919379831672 0.0537068077963085 0.369167393124791 0.380952380952381 0.660714285714286 "Uqcrc2_noRT" "non-targeting_noRT"
"816" "St6galnac4" 9.74326205045342 1.15436579132495 1.92884665374919 0.0537499020842982 NA 0.523809523809524 0.410714285714286 "Uqcrc2_noRT" "non-targeting_noRT"
"817" "Plin2" 59.7324673056246 -0.571388974694465 -1.92832763257146 0.0538143868613154 0.369293420948795 0.857142857142857 0.982142857142857 "Uqcrc2_noRT" "non-targeting_noRT"
"818" "Pard6g" 1.27222714005206 3.75076096107124 1.92809086757884 0.0538438247111158 NA 0.142857142857143 0.0178571428571429 "Uqcrc2_noRT" "non-targeting_noRT"
"819" "Gstcd" 2.71080834714026 -2.7894756231284 -1.92605644145044 0.0540973267174896 NA 0.0476190476190476 0.392857142857143 "Uqcrc2_noRT" "non-targeting_noRT"
"820" "Nop56" 65.4785908807537 -0.488327974890075 -1.92399112979367 0.0543556953202078 0.372390508667251 0.904761904761905 0.946428571428571 "Uqcrc2_noRT" "non-targeting_noRT"
"821" "Acaa2" 10.7662501202136 1.09755513455989 1.92363122982843 0.054400823643155 NA 0.666666666666667 0.482142857142857 "Uqcrc2_noRT" "non-targeting_noRT"
"822" "Ddah2" 1.26851832559555 3.74183433846537 1.92315637808313 0.0544604137430015 NA 0.142857142857143 0.0178571428571429 "Uqcrc2_noRT" "non-targeting_noRT"
"823" "Eif5" 169.73648721146 -0.331719233325357 -1.92268247396659 0.0545199392035004 0.372857901518715 1 1 "Uqcrc2_noRT" "non-targeting_noRT"
"824" "Stpg4" 1.26641196956055 3.74179940414243 1.92244509333497 0.0545497761605916 NA 0.142857142857143 0.0178571428571429 "Uqcrc2_noRT" "non-targeting_noRT"
"825" "9930111J21Rik2" 1.63430116375661 -3.21373130472689 -1.92226564492754 0.0545723405124868 NA 0 0.232142857142857 "Uqcrc2_noRT" "non-targeting_noRT"
"826" "Npepps" 9.69265515317457 -1.29578765072963 -1.92128187297599 0.0546961811650587 NA 0.333333333333333 0.607142857142857 "Uqcrc2_noRT" "non-targeting_noRT"
"827" "Timm8b" 91.7548266888596 0.415836643692809 1.92115180556386 0.0547125720346642 0.372857901518715 0.952380952380952 1 "Uqcrc2_noRT" "non-targeting_noRT"
"828" "Osm" 0.897351571074035 4.29767259371568 1.92032040865252 0.0548174400371386 NA 0.0952380952380952 0 "Uqcrc2_noRT" "non-targeting_noRT"
"829" "Fbxo7" 57.4859415699542 -0.528348146785355 -1.91910599756536 0.0549709206038234 0.372857901518715 0.952380952380952 0.946428571428571 "Uqcrc2_noRT" "non-targeting_noRT"
"830" "Syne2" 21.925653498673 -0.825488631038324 -1.91784832660823 0.0551302459567023 0.372857901518715 0.571428571428571 0.732142857142857 "Uqcrc2_noRT" "non-targeting_noRT"
"831" "Mgst1" 11.2329125163947 1.28983293733769 1.91760053337435 0.0551616824625296 NA 0.380952380952381 0.375 "Uqcrc2_noRT" "non-targeting_noRT"
"832" "Arpc5l" 71.2549016568259 -0.487455183251541 -1.91748863171519 0.0551758838614898 0.372857901518715 0.904761904761905 1 "Uqcrc2_noRT" "non-targeting_noRT"
"833" "Atp2a2" 18.0816937062406 -0.904893081667421 -1.91713587546518 0.0552206719772438 0.372857901518715 0.476190476190476 0.785714285714286 "Uqcrc2_noRT" "non-targeting_noRT"
"834" "Plp1" 31.0280580747101 -0.751463952033187 -1.91668552992953 0.0552778946670134 0.372857901518715 0.619047619047619 0.821428571428571 "Uqcrc2_noRT" "non-targeting_noRT"
"835" "Hat1" 38.8760910686389 -0.707308812399852 -1.91659722381273 0.0552891209861281 0.372857901518715 0.761904761904762 0.928571428571429 "Uqcrc2_noRT" "non-targeting_noRT"
"836" "Mastl" 5.77049655083695 -1.81985495175044 -1.91659340714965 0.0552896062397219 NA 0.142857142857143 0.410714285714286 "Uqcrc2_noRT" "non-targeting_noRT"
"837" "Ddx27" 35.9331385818592 -0.688056168117508 -1.91638992410252 0.0553154823767747 0.372857901518715 0.857142857142857 0.910714285714286 "Uqcrc2_noRT" "non-targeting_noRT"
"838" "Rgcc" 160.656748594694 0.466917557673856 1.91631528706714 0.0553249762040819 0.372857901518715 0.904761904761905 0.982142857142857 "Uqcrc2_noRT" "non-targeting_noRT"
"839" "Prkdc" 2.63881794214393 -2.7839618022873 -1.91527981507972 0.0554568283603414 NA 0.0476190476190476 0.303571428571429 "Uqcrc2_noRT" "non-targeting_noRT"
"840" "Fbxo44" 6.05120968659846 1.49820796752436 1.91437045598996 0.0555728377512343 NA 0.476190476190476 0.303571428571429 "Uqcrc2_noRT" "non-targeting_noRT"
"841" "Use1" 49.0027482395219 -0.613449197094684 -1.91423437095351 0.0555902158677408 0.373011684501951 0.857142857142857 0.928571428571429 "Uqcrc2_noRT" "non-targeting_noRT"
"842" "Rps9" 1479.44932974977 -0.237251708398573 -1.91405591990016 0.0556130110038512 0.373011684501951 1 1 "Uqcrc2_noRT" "non-targeting_noRT"
"843" "Abracl" 93.1332851986197 0.408576478846774 1.91401512165281 0.0556182236195514 0.373011684501951 0.904761904761905 1 "Uqcrc2_noRT" "non-targeting_noRT"
"844" "Selenop" 10.2335469648494 1.08620982020524 1.91398825656561 0.055621656277881 NA 0.476190476190476 0.392857142857143 "Uqcrc2_noRT" "non-targeting_noRT"
"845" "Trappc2" 16.9741857697388 -0.952881614034367 -1.91293616941543 0.0557562244843869 0.373332130932675 0.428571428571429 0.857142857142857 "Uqcrc2_noRT" "non-targeting_noRT"
"846" "Shmt2" 29.8084842076068 -0.724742446744098 -1.91148333697261 0.0559424961451174 0.373974231096116 0.714285714285714 0.910714285714286 "Uqcrc2_noRT" "non-targeting_noRT"
"847" "Zfp68" 7.24345619849335 1.2830594423633 1.91027449719689 0.0560978796065457 NA 0.476190476190476 0.357142857142857 "Uqcrc2_noRT" "non-targeting_noRT"
"848" "Mxd4" 24.0219811539779 0.774453940522254 1.90942230923866 0.0562076351298125 0.37514063575349 0.80952380952381 0.767857142857143 "Uqcrc2_noRT" "non-targeting_noRT"
"849" "Ehbp1" 2.81865922966862 2.18164295412204 1.90882165971683 0.0562851017330397 NA 0.19047619047619 0.107142857142857 "Uqcrc2_noRT" "non-targeting_noRT"
"850" "Tmem134" 38.4386737376857 0.653058737405237 1.90526513416783 0.0567456152260452 0.378121345902375 0.904761904761905 0.910714285714286 "Uqcrc2_noRT" "non-targeting_noRT"
"851" "Repin1" 14.2652156419535 -1.00242924900912 -1.90321029306974 0.0570131106003322 0.37929300910639 0.428571428571429 0.803571428571429 "Uqcrc2_noRT" "non-targeting_noRT"
"852" "Ppp1r8" 11.2551820527175 -1.15043158741624 -1.90239934238927 0.0571189669381241 NA 0.380952380952381 0.732142857142857 "Uqcrc2_noRT" "non-targeting_noRT"
"853" "Slc38a1" 32.3960440078718 -0.685084130746378 -1.90157855361647 0.0572262739008313 0.379551498518713 0.666666666666667 0.892857142857143 "Uqcrc2_noRT" "non-targeting_noRT"
"854" "Ik" 35.614964438533 -0.653483431884714 -1.90120954380605 0.0572745715181309 0.379551498518713 0.761904761904762 0.964285714285714 "Uqcrc2_noRT" "non-targeting_noRT"
"855" "Gemin5" 18.8448414930777 -0.910329189514245 -1.90080823176301 0.0573271354698394 0.379551498518713 0.523809523809524 0.803571428571429 "Uqcrc2_noRT" "non-targeting_noRT"
"856" "Csnk1d" 19.5383038015464 -0.873749135857937 -1.89958958952509 0.0574869994703749 0.380001923016631 0.619047619047619 0.892857142857143 "Uqcrc2_noRT" "non-targeting_noRT"
"857" "Ifngr2" 8.24357541579403 1.22342999348922 1.89835776379198 0.0576489694461763 NA 0.428571428571429 0.303571428571429 "Uqcrc2_noRT" "non-targeting_noRT"
"858" "Amer1" 6.79159095006293 1.30899957133951 1.89709018743401 0.0578160360660603 NA 0.571428571428571 0.339285714285714 "Uqcrc2_noRT" "non-targeting_noRT"
"859" "Hpn" 2.35407800267506 2.5380032049256 1.89561674866317 0.058010740929667 NA 0.238095238095238 0.0714285714285714 "Uqcrc2_noRT" "non-targeting_noRT"
"860" "Gpnmb" 295.626157418494 0.488616321683974 1.89477103852978 0.0581227416660817 0.383591555046644 1 0.982142857142857 "Uqcrc2_noRT" "non-targeting_noRT"
"861" "Cuedc2" 125.446136980439 0.365582289575633 1.8926102229118 0.0584097232592346 0.384392276135598 0.952380952380952 1 "Uqcrc2_noRT" "non-targeting_noRT"
"862" "Bcap31" 112.175443916219 -0.385850437409876 -1.8922238045578 0.0584611679974762 0.384392276135598 0.952380952380952 1 "Uqcrc2_noRT" "non-targeting_noRT"
"863" "Fkbp11" 70.3349110649179 0.503600964819536 1.89176162314328 0.0585227486625005 0.384392276135598 0.904761904761905 0.928571428571429 "Uqcrc2_noRT" "non-targeting_noRT"
"864" "Jade2" 3.72027044726657 1.76296564769099 1.89136766066409 0.058575282418851 NA 0.380952380952381 0.160714285714286 "Uqcrc2_noRT" "non-targeting_noRT"
"865" "Dock7" 28.5881900162894 0.682037160848483 1.89097252167123 0.0586280123944564 0.384473399822917 0.80952380952381 0.857142857142857 "Uqcrc2_noRT" "non-targeting_noRT"
"866" "Rbm43" 9.19100474723584 -1.3433531584127 -1.89070848652512 0.0586632689671878 NA 0.285714285714286 0.607142857142857 "Uqcrc2_noRT" "non-targeting_noRT"
"867" "Rad1" 27.5711319649302 -0.737678024564522 -1.88973301876041 0.0587936757439442 0.384636771943559 0.666666666666667 0.946428571428571 "Uqcrc2_noRT" "non-targeting_noRT"
"868" "Vmp1" 80.2254663776471 -0.502351975279962 -1.88939567838823 0.0588388295409069 0.384636771943559 0.904761904761905 1 "Uqcrc2_noRT" "non-targeting_noRT"
"869" "Dbf4" 21.4769181829166 -0.859700463057037 -1.88861938891274 0.0589428470734212 0.384642252304217 0.380952380952381 0.625 "Uqcrc2_noRT" "non-targeting_noRT"
"870" "Cd302" 34.6735877979759 0.625165279779952 1.88710057817237 0.0591467989638932 0.384642252304217 0.761904761904762 0.892857142857143 "Uqcrc2_noRT" "non-targeting_noRT"
"871" "Ly6c1" 17.5329650068469 -1.43801348316998 -1.88644439531361 0.0592350948029004 0.384642252304217 0.380952380952381 0.375 "Uqcrc2_noRT" "non-targeting_noRT"
"872" "Parp1" 24.5865392785855 -0.752045765146465 -1.88530903951632 0.059388126435127 0.384642252304217 0.619047619047619 0.875 "Uqcrc2_noRT" "non-targeting_noRT"
"873" "Gcsh" 44.4774512561136 0.542522846049986 1.88462052828958 0.0594810887508379 0.384642252304217 0.857142857142857 0.928571428571429 "Uqcrc2_noRT" "non-targeting_noRT"
"874" "Cops3" 57.7974305506288 -0.533251039430225 -1.88429067685085 0.0595256678253382 0.384642252304217 0.952380952380952 1 "Uqcrc2_noRT" "non-targeting_noRT"
"875" "Fam111a" 12.6176865563229 -1.2627557612596 -1.88413488484869 0.0595467325862697 0.384642252304217 0.19047619047619 0.535714285714286 "Uqcrc2_noRT" "non-targeting_noRT"
"876" "Rps14" 1741.65165418278 -0.22031473415819 -1.88386456680895 0.0595832971790728 0.384642252304217 1 1 "Uqcrc2_noRT" "non-targeting_noRT"
"877" "Hnrnph1" 60.0297856765099 -0.495886397170589 -1.88226207192724 0.0598004414948684 0.385366993457271 0.761904761904762 0.946428571428571 "Uqcrc2_noRT" "non-targeting_noRT"
"878" "2600006K01Rik" 1.83842852927886 2.64819505848169 1.8821332224704 0.0598179295726512 NA 0.142857142857143 0.0535714285714286 "Uqcrc2_noRT" "non-targeting_noRT"
"879" "Rilpl1" 1.83842852927886 2.64819505848169 1.8821332224704 0.0598179295726512 NA 0.19047619047619 0.0535714285714286 "Uqcrc2_noRT" "non-targeting_noRT"
"880" "Vps13a" 21.9555038044921 0.775575143092481 1.8816627430643 0.0598818213612918 0.385366993457271 0.714285714285714 0.821428571428571 "Uqcrc2_noRT" "non-targeting_noRT"
"881" "Tmem173" 6.66485082912536 1.37998544030917 1.88121989851752 0.0599420119944343 NA 0.476190476190476 0.267857142857143 "Uqcrc2_noRT" "non-targeting_noRT"
"882" "Adrb1" 6.19916905259231 1.42281764570814 1.88040651877952 0.0600526958110102 NA 0.380952380952381 0.267857142857143 "Uqcrc2_noRT" "non-targeting_noRT"
"883" "Wdr61" 37.074742019712 0.656773824001456 1.88011860567634 0.0600919152969729 0.386118548911295 0.952380952380952 0.875 "Uqcrc2_noRT" "non-targeting_noRT"
"884" "Hist1h4h" 2.62960595561786 -2.73874366688849 -1.87928657186011 0.0602053742238647 NA 0.0476190476190476 0.357142857142857 "Uqcrc2_noRT" "non-targeting_noRT"
"885" "Dhcr24" 11.5548647495391 1.10490381601423 1.87922500425736 0.0602137768415968 NA 0.571428571428571 0.428571428571429 "Uqcrc2_noRT" "non-targeting_noRT"
"886" "Nabp2" 44.7498485602277 0.602823303830213 1.87901436106651 0.0602425323378957 0.38637480250175 0.857142857142857 0.928571428571429 "Uqcrc2_noRT" "non-targeting_noRT"
"887" "Pts" 10.517943645155 -1.20085937971414 -1.87881067713162 0.0602703486322858 NA 0.380952380952381 0.714285714285714 "Uqcrc2_noRT" "non-targeting_noRT"
"888" "Mars" 15.4442178114923 0.880124466487815 1.87845797486827 0.0603185409415492 0.38637480250175 0.619047619047619 0.625 "Uqcrc2_noRT" "non-targeting_noRT"
"889" "Ninj1" 38.1994763882345 0.593577487973032 1.87705603609452 0.0605104141083941 0.387004781422774 0.904761904761905 0.892857142857143 "Uqcrc2_noRT" "non-targeting_noRT"
"890" "Tonsl" 2.61209552501809 -2.73624369767361 -1.87679336713457 0.0605464199077514 NA 0.0476190476190476 0.303571428571429 "Uqcrc2_noRT" "non-targeting_noRT"
"891" "Pcbd1" 8.60083337816977 1.14911704778219 1.87645457196679 0.0605928870571236 NA 0.571428571428571 0.375 "Uqcrc2_noRT" "non-targeting_noRT"
"892" "Zfp768" 3.32027491958422 1.93623667681791 1.87636299468858 0.0606054523298197 NA 0.285714285714286 0.142857142857143 "Uqcrc2_noRT" "non-targeting_noRT"
"893" "Zfp367" 4.92788065788093 -2.01942645899646 -1.87601876309642 0.060652703490422 NA 0.142857142857143 0.446428571428571 "Uqcrc2_noRT" "non-targeting_noRT"
"894" "Mtmr9" 2.55111736912562 2.35455064622453 1.87409594103268 0.0609172026857118 NA 0.238095238095238 0.0892857142857143 "Uqcrc2_noRT" "non-targeting_noRT"
"895" "Mctp2" 2.56182826269153 -2.73517861429944 -1.87351420918558 0.0609974124735865 NA 0.0476190476190476 0.357142857142857 "Uqcrc2_noRT" "non-targeting_noRT"
"896" "Psmd3" 43.2267446629087 -0.57577792550806 -1.87307642996248 0.0610578315999623 0.389903251791117 0.80952380952381 0.928571428571429 "Uqcrc2_noRT" "non-targeting_noRT"
"897" "Tcn2" 5.6486857250837 1.53196479420762 1.87291172471336 0.0610805758587097 NA 0.380952380952381 0.232142857142857 "Uqcrc2_noRT" "non-targeting_noRT"
"898" "Prpf3" 10.6909947261646 1.10274775117882 1.8726076546394 0.0611225835366914 NA 0.619047619047619 0.428571428571429 "Uqcrc2_noRT" "non-targeting_noRT"
"899" "Ankrd17" 31.3351183765545 -0.697705217447237 -1.8718523577673 0.0612270323356154 0.390381293998115 0.80952380952381 0.875 "Uqcrc2_noRT" "non-targeting_noRT"
"900" "Ftsj1" 5.46863566829146 -1.74257139365708 -1.87180508790732 0.0612335741211554 NA 0.142857142857143 0.553571428571429 "Uqcrc2_noRT" "non-targeting_noRT"
"901" "Gmfb" 25.2995880800393 0.711547724660979 1.87082411316461 0.0613694641970369 0.390687450534367 0.80952380952381 0.767857142857143 "Uqcrc2_noRT" "non-targeting_noRT"
"902" "Zfp942" 4.20097889054783 1.77844420724329 1.87028281799759 0.0614445542627596 NA 0.428571428571429 0.178571428571429 "Uqcrc2_noRT" "non-targeting_noRT"
"903" "Cenpc1" 8.94541819669995 -1.31767747020834 -1.87011205721662 0.0614682584819674 NA 0.333333333333333 0.589285714285714 "Uqcrc2_noRT" "non-targeting_noRT"
"904" "Erp27" 1.63067791601044 3.16836843895533 1.86991459881353 0.0614956781803128 NA 0.19047619047619 0.0357142857142857 "Uqcrc2_noRT" "non-targeting_noRT"
"905" "Emc10" 78.4666901843655 0.417896327321707 1.86941267601769 0.061565422357061 0.390771562983419 1 0.982142857142857 "Uqcrc2_noRT" "non-targeting_noRT"
"906" "Paip1" 24.6284386091329 0.703044291403699 1.8692762723761 0.0615843874999716 0.390771562983419 0.761904761904762 0.910714285714286 "Uqcrc2_noRT" "non-targeting_noRT"
"907" "Ppp6r1" 5.4911453733473 -1.78234859286898 -1.86877563333071 0.0616540362699691 NA 0.19047619047619 0.553571428571429 "Uqcrc2_noRT" "non-targeting_noRT"
"908" "Blvrb" 34.4729883228905 -0.75408888969722 -1.86868981884486 0.06166598130212 0.390771562983419 0.619047619047619 0.875 "Uqcrc2_noRT" "non-targeting_noRT"
"909" "Ube2d1" 22.4284681987484 0.739604115027754 1.86551711554552 0.0621089553965433 0.392443554729253 0.857142857142857 0.821428571428571 "Uqcrc2_noRT" "non-targeting_noRT"
"910" "Msmo1" 58.0873968479813 0.527931499106842 1.86512902405021 0.0621633211655734 0.392443554729253 0.80952380952381 0.875 "Uqcrc2_noRT" "non-targeting_noRT"
"911" "Psmd1" 66.6940257081865 -0.470353464574474 -1.86450129606854 0.0622513397360073 0.392443554729253 0.952380952380952 0.964285714285714 "Uqcrc2_noRT" "non-targeting_noRT"
"912" "Bad" 38.4864520057881 0.568283008122977 1.86348081280228 0.0623946495780335 0.392443554729253 0.904761904761905 0.928571428571429 "Uqcrc2_noRT" "non-targeting_noRT"
"913" "Orc2" 19.4035389559526 -0.896113655472471 -1.86290701365799 0.0624753498797764 0.392443554729253 0.476190476190476 0.785714285714286 "Uqcrc2_noRT" "non-targeting_noRT"
"914" "Rpl11" 1147.39688044654 0.213684930834546 1.86273993204952 0.0624988648058428 0.392443554729253 1 1 "Uqcrc2_noRT" "non-targeting_noRT"
"915" "Dusp10" 2.54802664654827 -2.7279873625729 -1.86147076793648 0.0626777249941566 NA 0.0476190476190476 0.339285714285714 "Uqcrc2_noRT" "non-targeting_noRT"
"916" "Mrpl19" 20.4143285128554 0.797336735767922 1.85928544195376 0.0629866893997334 0.394479548803166 0.857142857142857 0.785714285714286 "Uqcrc2_noRT" "non-targeting_noRT"
"917" "Osmr" 8.020990827337 -1.41858891008446 -1.85919698844336 0.0629992215430339 NA 0.285714285714286 0.464285714285714 "Uqcrc2_noRT" "non-targeting_noRT"
"918" "Fbxo28" 6.33609978967566 -1.59216103849891 -1.85913987096792 0.0630073150743712 NA 0.238095238095238 0.589285714285714 "Uqcrc2_noRT" "non-targeting_noRT"
"919" "Mtch1" 58.4051661623754 0.467227130132988 1.85909431921272 0.0630137703622264 0.394479548803166 0.904761904761905 0.982142857142857 "Uqcrc2_noRT" "non-targeting_noRT"
"920" "Usp18" 83.7444271182766 0.551624249216979 1.8576517067452 0.0632184906699213 0.395004727442593 0.952380952380952 0.964285714285714 "Uqcrc2_noRT" "non-targeting_noRT"
"921" "Nucb1" 28.720560780042 0.653425862408651 1.85715870863018 0.063288577644862 0.395004727442593 0.904761904761905 0.839285714285714 "Uqcrc2_noRT" "non-targeting_noRT"
"922" "Cenpn" 4.08619408878939 -2.41312987823375 -1.85333869890163 0.0638338276988139 NA 0.0476190476190476 0.357142857142857 "Uqcrc2_noRT" "non-targeting_noRT"
"923" "Plod3" 25.2835089727336 -0.767762832514511 -1.85211529088876 0.06400926923087 0.398901138670693 0.666666666666667 0.803571428571429 "Uqcrc2_noRT" "non-targeting_noRT"
"924" "Mis18bp1" 8.76214216697831 -1.55354754815299 -1.85083379715642 0.064193467269335 NA 0.19047619047619 0.446428571428571 "Uqcrc2_noRT" "non-targeting_noRT"
"925" "Il10rb" 4.66103540704945 1.5587526634104 1.85048073886585 0.06424429162442 NA 0.428571428571429 0.196428571428571 "Uqcrc2_noRT" "non-targeting_noRT"
"926" "Taf1c" 1.51648837584106 -3.10988379972366 -1.84981493464974 0.0643402275801196 NA 0 0.232142857142857 "Uqcrc2_noRT" "non-targeting_noRT"
"927" "Bik" 6.44526654961966 -1.62341099183635 -1.84898496312938 0.0644599840207398 NA 0.19047619047619 0.428571428571429 "Uqcrc2_noRT" "non-targeting_noRT"
"928" "Schip1" 24.5668555866878 0.826530991347832 1.84831815311436 0.0645563311472296 0.400850663239949 0.80952380952381 0.732142857142857 "Uqcrc2_noRT" "non-targeting_noRT"
"929" "H1f0" 84.5893051611756 -0.5096588574869 -1.84805490540796 0.0645944004162475 0.400850663239949 0.857142857142857 0.910714285714286 "Uqcrc2_noRT" "non-targeting_noRT"
"930" "Eif5b" 84.7948554399248 -0.444658244475087 -1.84776413879073 0.0646364708327457 0.400850663239949 1 0.982142857142857 "Uqcrc2_noRT" "non-targeting_noRT"
"931" "Tfg" 25.3403189244593 0.677331961293419 1.84725921974289 0.0647095802426984 0.400850663239949 0.904761904761905 0.875 "Uqcrc2_noRT" "non-targeting_noRT"
"932" "Nppc" 1.71327794353491 3.17711143659833 1.84567187766899 0.0649398629310113 NA 0.0952380952380952 0.0178571428571429 "Uqcrc2_noRT" "non-targeting_noRT"
"933" "Pet2" 58.9551839110633 -0.503988297241629 -1.84491382404974 0.06505007539274 0.402357566480057 0.952380952380952 0.928571428571429 "Uqcrc2_noRT" "non-targeting_noRT"
"934" "Basp1" 1.50595659566607 -3.10141880878034 -1.84452256539178 0.0651070203377631 NA 0 0.125 "Uqcrc2_noRT" "non-targeting_noRT"
"935" "Edil3" 1.5128574037377 -3.10705313475567 -1.84258961056955 0.0653889519701248 NA 0 0.142857142857143 "Uqcrc2_noRT" "non-targeting_noRT"
"936" "Bbx" 50.7012229378348 -0.582942416185808 -1.84257124852692 0.0653916349899519 0.40386654565436 0.904761904761905 0.910714285714286 "Uqcrc2_noRT" "non-targeting_noRT"
"937" "Cgref1" 5.16846626745656 1.49024313180772 1.84213942796861 0.0654547578001739 NA 0.380952380952381 0.25 "Uqcrc2_noRT" "non-targeting_noRT"
"938" "Tulp4" 91.5396042471117 0.391533528295539 1.84142457454882 0.0655593643055512 0.404299030546007 0.952380952380952 0.964285714285714 "Uqcrc2_noRT" "non-targeting_noRT"
"939" "Pclo" 5.64144525144495 -1.75491821693518 -1.8407097148279 0.0656641095241096 NA 0.19047619047619 0.392857142857143 "Uqcrc2_noRT" "non-targeting_noRT"
"940" "Kras" 58.9921131017372 0.474632596998726 1.83916844506553 0.0658904143440248 0.405735914517224 0.952380952380952 0.928571428571429 "Uqcrc2_noRT" "non-targeting_noRT"
"941" "1810062G17Rik" 1.82942136517224 2.66963722939414 1.83900727669627 0.0659141157924271 NA 0.19047619047619 0.0535714285714286 "Uqcrc2_noRT" "non-targeting_noRT"
"942" "Nelfb" 7.2960539065831 -1.46141411814295 -1.83768508684108 0.0661088226437453 NA 0.238095238095238 0.607142857142857 "Uqcrc2_noRT" "non-targeting_noRT"
"943" "Cr1l" 34.8641219943952 0.577256714480311 1.83767932027272 0.0661096728705571 0.406481168407675 0.80952380952381 0.875 "Uqcrc2_noRT" "non-targeting_noRT"
"944" "Paqr6" 2.00663912256859 2.81309379667522 1.83723477456116 0.0661752441216389 NA 0.19047619047619 0.0535714285714286 "Uqcrc2_noRT" "non-targeting_noRT"
"945" "Brd2" 46.8395128094371 -0.679770697235662 -1.83635119559411 0.0663057326290564 0.40708178281756 0.857142857142857 0.875 "Uqcrc2_noRT" "non-targeting_noRT"
"946" "Arhgap9" 1.83152772120723 2.66485428099409 1.83614583200066 0.0663360914277814 NA 0.238095238095238 0.0535714285714286 "Uqcrc2_noRT" "non-targeting_noRT"
"947" "Ppp5c" 9.46597468050906 -1.23069253976777 -1.83600245144033 0.0663572940927281 NA 0.380952380952381 0.696428571428571 "Uqcrc2_noRT" "non-targeting_noRT"
"948" "Jak1" 18.667101307468 0.805989070327955 1.83424103695596 0.0666182223504661 0.408394376424043 0.761904761904762 0.696428571428571 "Uqcrc2_noRT" "non-targeting_noRT"
"949" "Fam76b" 11.8366779432738 1.01345528712677 1.83367637246177 0.066702047925532 NA 0.666666666666667 0.446428571428571 "Uqcrc2_noRT" "non-targeting_noRT"
"950" "Oas3" 6.32419970714795 -1.55536280842965 -1.83311267742412 0.0667858161982366 NA 0.19047619047619 0.446428571428571 "Uqcrc2_noRT" "non-targeting_noRT"
"951" "Eef1b2" 992.31489150089 -0.222569866241079 -1.83163748351337 0.0670054484068672 0.410160570277539 1 1 "Uqcrc2_noRT" "non-targeting_noRT"
"952" "Ptma" 1954.49375379792 -0.243452817359942 -1.82902464556319 0.0673959162663288 0.411941361167014 1 1 "Uqcrc2_noRT" "non-targeting_noRT"
"953" "Dhh" 4.55926081213252 -1.91971253334861 -1.82794234342252 0.0675582052312091 NA 0.142857142857143 0.375 "Uqcrc2_noRT" "non-targeting_noRT"
"954" "Ttc39c" 2.65510283186939 -2.75256716742379 -1.8259356307847 0.0678599583413318 NA 0.0476190476190476 0.357142857142857 "Uqcrc2_noRT" "non-targeting_noRT"
"955" "Pantr1" 6.16080386152492 1.31682960941154 1.82578265221942 0.0678830074168907 NA 0.476190476190476 0.285714285714286 "Uqcrc2_noRT" "non-targeting_noRT"
"956" "Cenpt" 4.62710541291556 -1.94117857277326 -1.82478114950622 0.0680340615998842 NA 0.142857142857143 0.464285714285714 "Uqcrc2_noRT" "non-targeting_noRT"
"957" "Gabarap" 182.002321010598 0.321522203985715 1.82467044969425 0.0680507751315025 0.415330542026781 1 1 "Uqcrc2_noRT" "non-targeting_noRT"
"958" "Pou4f1" 2.4758314191325 -2.6798610281231 -1.82449574783677 0.0680771586036126 NA 0.0476190476190476 0.285714285714286 "Uqcrc2_noRT" "non-targeting_noRT"
"959" "Chek2" 7.09339682054536 -1.43878744081153 -1.82292886217685 0.0683141658868832 NA 0.142857142857143 0.571428571428571 "Uqcrc2_noRT" "non-targeting_noRT"
"960" "Hspa13" 14.3885718700844 -0.987579131441413 -1.82243793642244 0.0683885627803873 0.416777426782389 0.285714285714286 0.732142857142857 "Uqcrc2_noRT" "non-targeting_noRT"
"961" "C78283" 3.76369085423857 -2.32499449279917 -1.82181397903288 0.0684832159402824 NA 0.0952380952380952 0.375 "Uqcrc2_noRT" "non-targeting_noRT"
"962" "Arpp19" 122.797095999917 0.347578795569575 1.8217498533847 0.0684929497794067 0.416799744392919 1 1 "Uqcrc2_noRT" "non-targeting_noRT"
"963" "Hist1h1c" 4.68468511688409 -2.05126049179882 -1.82174054419532 0.0684943629458351 NA 0.0952380952380952 0.410714285714286 "Uqcrc2_noRT" "non-targeting_noRT"
"964" "Hivep1" 6.29367115137594 1.33089622487707 1.82122648295446 0.0685724363904873 NA 0.333333333333333 0.321428571428571 "Uqcrc2_noRT" "non-targeting_noRT"
"965" "Cdc5l" 28.4296484589593 -0.69235411216016 -1.82068427062106 0.068654864549766 0.417171555810472 0.80952380952381 0.910714285714286 "Uqcrc2_noRT" "non-targeting_noRT"
"966" "Zmynd8" 18.5448917189221 -0.841771635147461 -1.81978686256089 0.0687914691524568 0.417333816186937 0.523809523809524 0.892857142857143 "Uqcrc2_noRT" "non-targeting_noRT"
"967" "Nol12" 48.5602421000158 -0.55878676370198 -1.81896566792222 0.0689166680773453 0.417333816186937 0.904761904761905 0.982142857142857 "Uqcrc2_noRT" "non-targeting_noRT"
"968" "Rpl18" 2648.45841027754 0.206907623856882 1.81852368468728 0.0689841300801994 0.417333816186937 1 1 "Uqcrc2_noRT" "non-targeting_noRT"
"969" "Vldlr" 3.69091388685617 -2.29011705867153 -1.81680648361787 0.0692467497099155 NA 0.0952380952380952 0.375 "Uqcrc2_noRT" "non-targeting_noRT"
"970" "Tmed10" 191.904942206391 0.302772783329099 1.8165806714476 0.0692813452378632 0.418520009626683 1 1 "Uqcrc2_noRT" "non-targeting_noRT"
"971" "Plpp5" 10.4986575477076 1.01468248773954 1.81641226214807 0.0693071556057241 NA 0.619047619047619 0.5 "Uqcrc2_noRT" "non-targeting_noRT"
"972" "Cdc25c" 4.77027032687278 -1.95911087764612 -1.81289639322023 0.0698478026450327 NA 0.142857142857143 0.392857142857143 "Uqcrc2_noRT" "non-targeting_noRT"
"973" "Ublcp1" 23.0536694811974 -0.755393678155598 -1.81199914073987 0.069986329272664 0.42216243517534 0.714285714285714 0.857142857142857 "Uqcrc2_noRT" "non-targeting_noRT"
"974" "Coq8a" 3.79580786252061 -2.32061250404477 -1.81091504993288 0.0701540025492668 NA 0.0952380952380952 0.142857142857143 "Uqcrc2_noRT" "non-targeting_noRT"
"975" "Rad51ap1" 26.7554438906567 -0.856146047845048 -1.81074200744243 0.0701807970278669 0.422719269434226 0.380952380952381 0.678571428571429 "Uqcrc2_noRT" "non-targeting_noRT"
"976" "Gprc5a" 1.43107327224867 -3.02649668626218 -1.80828168145753 0.0705626714427528 NA 0 0.196428571428571 "Uqcrc2_noRT" "non-targeting_noRT"
"977" "Tubb2a" 53.1987619454072 -0.548960708746351 -1.8079275725641 0.0706177737705749 0.424733063753835 0.80952380952381 0.964285714285714 "Uqcrc2_noRT" "non-targeting_noRT"
"978" "Kif20a" 8.40263467260757 -1.41246305907934 -1.80645752653355 0.0708469028220532 NA 0.142857142857143 0.410714285714286 "Uqcrc2_noRT" "non-targeting_noRT"
"979" "Ktn1" 43.0449114818895 0.518134648486744 1.80551629916885 0.0709939273010709 0.426054064521591 1 0.910714285714286 "Uqcrc2_noRT" "non-targeting_noRT"
"980" "Gng10" 78.0770473493987 0.432059862559913 1.80520038197676 0.0710433312034552 0.426054064521591 0.904761904761905 0.964285714285714 "Uqcrc2_noRT" "non-targeting_noRT"
"981" "Kremen1" 4.42205257812261 1.62654517146905 1.80446899060407 0.0711578161433781 NA 0.380952380952381 0.214285714285714 "Uqcrc2_noRT" "non-targeting_noRT"
"982" "Nup35" 19.622373970241 -0.827178106241483 -1.80347678255307 0.071313368514422 0.427054585980721 0.714285714285714 0.767857142857143 "Uqcrc2_noRT" "non-targeting_noRT"
"983" "Eed" 12.4847005772455 -1.07746615975769 -1.80267825484583 0.0714387591694498 NA 0.380952380952381 0.75 "Uqcrc2_noRT" "non-targeting_noRT"
"984" "Cyb5r1" 18.6865449400389 -0.842799960403267 -1.80127535393492 0.0716594904597805 0.428507184281173 0.619047619047619 0.75 "Uqcrc2_noRT" "non-targeting_noRT"
"985" "Uhrf1bp1" 1.42417246417704 -3.0205926397924 -1.80041192153567 0.0717956197940151 NA 0 0.25 "Uqcrc2_noRT" "non-targeting_noRT"
"986" "Tnrc6c" 13.4913668379979 -1.02714994365909 -1.79954789866081 0.0719320542226125 0.42906403320425 0.476190476190476 0.732142857142857 "Uqcrc2_noRT" "non-targeting_noRT"
"987" "Spred1" 27.717074949399 0.663856446919693 1.79937114968398 0.0719599901024045 0.42906403320425 0.857142857142857 0.821428571428571 "Uqcrc2_noRT" "non-targeting_noRT"
"988" "Lsg1" 10.9967545322836 -1.11546819051802 -1.79729116529673 0.0722894080297828 NA 0.333333333333333 0.625 "Uqcrc2_noRT" "non-targeting_noRT"
"989" "Tm2d3" 41.3675683258733 0.535379202978959 1.79713300745637 0.0723145067418296 0.430557451651354 0.857142857142857 0.946428571428571 "Uqcrc2_noRT" "non-targeting_noRT"
"990" "Oip5" 7.11562386082862 -1.44370753720391 -1.79678322170305 0.0723700410091614 NA 0.19047619047619 0.428571428571429 "Uqcrc2_noRT" "non-targeting_noRT"
"991" "Tdp2" 10.357879374214 -1.14330601618689 -1.79660271209445 0.0723987135486172 NA 0.333333333333333 0.607142857142857 "Uqcrc2_noRT" "non-targeting_noRT"
"992" "Rpl35a" 1412.70967337854 0.211823043091687 1.79549790900917 0.0725744056073405 0.431484037935597 1 1 "Uqcrc2_noRT" "non-targeting_noRT"
"993" "Gtf2h3" 4.44899748011195 -1.91741100812157 -1.79525834918955 0.0726125477773281 NA 0.142857142857143 0.553571428571429 "Uqcrc2_noRT" "non-targeting_noRT"
"994" "Dancr" 12.3559939742493 0.976297085006877 1.79460145306441 0.0727172214795322 NA 0.666666666666667 0.5 "Uqcrc2_noRT" "non-targeting_noRT"
"995" "Nomo1" 17.6263573624038 -0.858055507105108 -1.79411738128417 0.0727944353424232 0.431689064371972 0.476190476190476 0.714285714285714 "Uqcrc2_noRT" "non-targeting_noRT"
"996" "Eno1" 187.61269764488 0.340316106035445 1.79397263503799 0.0728175367162002 0.431689064371972 0.904761904761905 1 "Uqcrc2_noRT" "non-targeting_noRT"
"997" "Piezo2" 19.4130262357362 -0.855498459083438 -1.79111518497515 0.0732748128707713 0.433778505950289 0.380952380952381 0.75 "Uqcrc2_noRT" "non-targeting_noRT"
"998" "Utp14a" 35.2791703215094 -0.631975979734656 -1.79007612342422 0.0734416746129007 0.434145213640262 0.857142857142857 0.946428571428571 "Uqcrc2_noRT" "non-targeting_noRT"
"999" "Scyl3" 2.3220298909812 2.18113902709938 1.78983884846935 0.0734798218894642 NA 0.285714285714286 0.0892857142857143 "Uqcrc2_noRT" "non-targeting_noRT"
"1000" "Mgarp" 1.48314781541617 -3.08230435826934 -1.78899031714367 0.0736163749746816 NA 0 0.214285714285714 "Uqcrc2_noRT" "non-targeting_noRT"
"1001" "Trim59" 7.387284180667 -1.47760697418234 -1.78885018608946 0.0736389460425216 NA 0.142857142857143 0.607142857142857 "Uqcrc2_noRT" "non-targeting_noRT"
"1002" "Cpsf1" 7.13958928536464 -1.43245603863017 -1.78804369716685 0.0737689581574362 NA 0.285714285714286 0.5 "Uqcrc2_noRT" "non-targeting_noRT"
"1003" "Timm13" 222.207346050608 0.290953390528606 1.78774321349082 0.0738174463628792 0.43574406997089 1 1 "Uqcrc2_noRT" "non-targeting_noRT"
"1004" "Slc25a39" 74.4410806021597 0.426761549815494 1.7854540370714 0.0741877003388547 0.436726547699903 0.904761904761905 0.982142857142857 "Uqcrc2_noRT" "non-targeting_noRT"
"1005" "Ncald" 99.8273511403587 -0.433390363027697 -1.78540921839372 0.0741949644835746 0.436726547699903 0.952380952380952 0.964285714285714 "Uqcrc2_noRT" "non-targeting_noRT"
"1006" "Cops7a" 49.1759349003881 0.498849866119655 1.7845437755754 0.0743353481954845 0.436931350614936 0.904761904761905 0.964285714285714 "Uqcrc2_noRT" "non-targeting_noRT"
"1007" "Psma6" 114.467321998749 -0.373603780148275 -1.7836307567216 0.0744836844322961 0.437182249901903 0.952380952380952 0.982142857142857 "Uqcrc2_noRT" "non-targeting_noRT"
"1008" "Dcbld2" 1.44276853235693 -3.03658030901119 -1.78275741087012 0.0746258013081034 NA 0 0.214285714285714 "Uqcrc2_noRT" "non-targeting_noRT"
"1009" "Lhfpl2" 4.59063293108513 -1.9353037672473 -1.78269618911236 0.0746357720388045 NA 0.142857142857143 0.410714285714286 "Uqcrc2_noRT" "non-targeting_noRT"
"1010" "Ank2" 9.3465723573999 -1.19847038789175 -1.78162273740728 0.0748107740040122 NA 0.380952380952381 0.535714285714286 "Uqcrc2_noRT" "non-targeting_noRT"
"1011" "Smo" 6.66301620336651 1.2796173613627 1.78137255726194 0.0748516083262472 NA 0.238095238095238 0.303571428571429 "Uqcrc2_noRT" "non-targeting_noRT"
"1012" "Fkbp15" 4.67853130825972 -1.92146863764978 -1.78084216632216 0.0749382387712377 NA 0.142857142857143 0.339285714285714 "Uqcrc2_noRT" "non-targeting_noRT"
"1013" "Ythdc1" 40.8105463885575 -0.556877626499952 -1.7804694410758 0.0749991661508966 0.439584347779618 0.952380952380952 0.946428571428571 "Uqcrc2_noRT" "non-targeting_noRT"
"1014" "Mcm10" 6.34757929286805 -1.59712690967425 -1.77974085388951 0.0751183811794259 NA 0.19047619047619 0.357142857142857 "Uqcrc2_noRT" "non-targeting_noRT"
"1015" "Cog2" 2.34585938968597 2.16805764656396 1.77959804778063 0.0751417659457908 NA 0.19047619047619 0.0892857142857143 "Uqcrc2_noRT" "non-targeting_noRT"
"1016" "Fkbp4" 153.256068427352 0.370237335514205 1.77735583944782 0.0755097116936616 0.441950759530936 1 0.982142857142857 "Uqcrc2_noRT" "non-targeting_noRT"
"1017" "Sgo2a" 12.7057032585242 -1.02941439153125 -1.77500749735192 0.0758966492589321 0.443184657737244 0.285714285714286 0.553571428571429 "Uqcrc2_noRT" "non-targeting_noRT"
"1018" "Setdb2" 2.39402029597753 2.18758802237214 1.77480302875393 0.0759304160806131 NA 0.238095238095238 0.0892857142857143 "Uqcrc2_noRT" "non-targeting_noRT"
"1019" "Anxa1" 375.19071893194 0.440940237690656 1.77477689793758 0.0759347323189236 0.443184657737244 1 1 "Uqcrc2_noRT" "non-targeting_noRT"
"1020" "Ano10" 8.51451409237159 1.15038820304967 1.77443293738855 0.0759915657267511 NA 0.571428571428571 0.410714285714286 "Uqcrc2_noRT" "non-targeting_noRT"
"1021" "Gm49335" 5.75348345924206 1.36188414711831 1.7719763630702 0.0763984809738335 NA 0.333333333333333 0.267857142857143 "Uqcrc2_noRT" "non-targeting_noRT"
"1022" "Ttpal" 3.15726105165489 1.87639010518816 1.77190574771732 0.0764102041608826 NA 0.238095238095238 0.125 "Uqcrc2_noRT" "non-targeting_noRT"
"1023" "Naa50" 45.1455619977462 -0.538989736865911 -1.77070523795002 0.0766097309987426 0.446494460384221 0.761904761904762 0.964285714285714 "Uqcrc2_noRT" "non-targeting_noRT"
"1024" "Phf12" 6.88136658735023 -1.41260501949575 -1.76953099680373 0.0768053027018858 NA 0.285714285714286 0.589285714285714 "Uqcrc2_noRT" "non-targeting_noRT"
"1025" "Gm21887" 11.5273369099228 -1.04693023626995 -1.7686275773495 0.076956045478064 NA 0.380952380952381 0.678571428571429 "Uqcrc2_noRT" "non-targeting_noRT"
"1026" "Tob1" 11.792986567369 0.95657584711232 1.76818209700786 0.0770304661647686 NA 0.571428571428571 0.517857142857143 "Uqcrc2_noRT" "non-targeting_noRT"
"1027" "Cryl1" 24.727268775743 0.872885662882485 1.76795582491219 0.077068288997651 0.448535274081969 0.523809523809524 0.607142857142857 "Uqcrc2_noRT" "non-targeting_noRT"
"1028" "Foxo4" 4.62610730016242 1.57366539553409 1.7675478997985 0.07713651453559 NA 0.333333333333333 0.214285714285714 "Uqcrc2_noRT" "non-targeting_noRT"
"1029" "Alyref2" 2.35436265617911 2.17925717470812 1.76587399707162 0.0774169905604701 NA 0.238095238095238 0.0892857142857143 "Uqcrc2_noRT" "non-targeting_noRT"
"1030" "Tnfsf13" 2.35436265617911 2.17925717470812 1.76587399707162 0.0774169905604701 NA 0.238095238095238 0.0892857142857143 "Uqcrc2_noRT" "non-targeting_noRT"
"1031" "Letm1" 12.7428885592368 -1.02496298162725 -1.76516449111779 0.0775361245091547 0.450624274183823 0.428571428571429 0.678571428571429 "Uqcrc2_noRT" "non-targeting_noRT"
"1032" "Zfp639" 13.3850375307376 -1.0296075591245 -1.76447437779293 0.0776521454494076 0.450665607110307 0.476190476190476 0.821428571428571 "Uqcrc2_noRT" "non-targeting_noRT"
"1033" "Zbtb40" 1.46288921660519 -3.05393997118464 -1.76412697461102 0.0777106038986743 NA 0 0.25 "Uqcrc2_noRT" "non-targeting_noRT"
"1034" "Midn" 23.4077230169995 -0.763000944597077 -1.76312602166458 0.0778792373267834 0.45135053789668 0.523809523809524 0.875 "Uqcrc2_noRT" "non-targeting_noRT"
"1035" "Ric1" 4.87562190926426 1.50209385915444 1.76289595135791 0.0779180400226808 NA 0.380952380952381 0.214285714285714 "Uqcrc2_noRT" "non-targeting_noRT"
"1036" "Pon3" 1.47626893886398 2.91544985048738 1.76282857618564 0.0779294062171599 NA 0.19047619047619 0.0357142857142857 "Uqcrc2_noRT" "non-targeting_noRT"
"1037" "Lamc1" 3.60848794319093 -2.23344586882213 -1.76282364226393 0.0779302386230168 NA 0.0952380952380952 0.375 "Uqcrc2_noRT" "non-targeting_noRT"
"1038" "Abr" 2.79190946762488 1.90271616527302 1.76245113928074 0.0779931048080438 NA 0.333333333333333 0.125 "Uqcrc2_noRT" "non-targeting_noRT"
"1039" "Il17ra" 1.46710192867519 -3.05754439901458 -1.76164558075305 0.0781291976552438 NA 0 0.214285714285714 "Uqcrc2_noRT" "non-targeting_noRT"
"1040" "H2afz" 893.019316089846 -0.261880167196095 -1.76157603100115 0.0781409566056015 0.452233955851719 1 1 "Uqcrc2_noRT" "non-targeting_noRT"
"1041" "Dnajb12" 8.4955979481606 -1.24813124093043 -1.76135455482101 0.0781784117365083 NA 0.19047619047619 0.678571428571429 "Uqcrc2_noRT" "non-targeting_noRT"
"1042" "Ndufb1-ps" 163.547286165794 0.298795775654594 1.76002802263678 0.0784030553777706 0.452247564466539 1 1 "Uqcrc2_noRT" "non-targeting_noRT"
"1043" "Srsf1" 31.007196157665 -0.657179784177305 -1.76000132751996 0.0784075814906054 0.452247564466539 0.80952380952381 0.946428571428571 "Uqcrc2_noRT" "non-targeting_noRT"
"1044" "Tst" 18.2889042858077 0.857576340899137 1.75962634259063 0.0784711820413183 0.452247564466539 0.666666666666667 0.714285714285714 "Uqcrc2_noRT" "non-targeting_noRT"
"1045" "Batf2" 12.271987855637 0.931748016368763 1.75921241787584 0.0785414358479373 NA 0.428571428571429 0.428571428571429 "Uqcrc2_noRT" "non-targeting_noRT"
"1046" "Spidr" 3.5343911821596 -2.25663901489392 -1.75915933927789 0.0785504483701315 NA 0.0952380952380952 0.428571428571429 "Uqcrc2_noRT" "non-targeting_noRT"
"1047" "Wdr48" 4.4039616595788 -1.90363922713711 -1.75888263534619 0.0785974451616153 NA 0.0952380952380952 0.428571428571429 "Uqcrc2_noRT" "non-targeting_noRT"
"1048" "Tmem9" 14.4210193675999 0.844283911945736 1.75704633801456 0.0789099112281672 0.453766328071699 0.619047619047619 0.625 "Uqcrc2_noRT" "non-targeting_noRT"
"1049" "Hcfc1" 20.0474273956867 -0.792737964296707 -1.75678756633477 0.078954025184056 0.453766328071699 0.476190476190476 0.857142857142857 "Uqcrc2_noRT" "non-targeting_noRT"
"1050" "Gm15910" 1.46355296030084 2.90814691802881 1.75637261700303 0.0790248053113727 NA 0.19047619047619 0.0357142857142857 "Uqcrc2_noRT" "non-targeting_noRT"
"1051" "Ercc6l" 9.74781112031237 -1.24623568797376 -1.75600064683341 0.0790882981154695 NA 0.285714285714286 0.517857142857143 "Uqcrc2_noRT" "non-targeting_noRT"
"1052" "Eprs" 98.1516205684147 -0.378054976557233 -1.75579815955089 0.0791228787688926 0.45410606427972 0.857142857142857 0.964285714285714 "Uqcrc2_noRT" "non-targeting_noRT"
"1053" "Apol10b" 4.38282224560713 -1.93224629935529 -1.7554363259206 0.0791847031144878 NA 0.0952380952380952 0.482142857142857 "Uqcrc2_noRT" "non-targeting_noRT"
"1054" "Phax" 44.4881120054962 0.552769446774129 1.75437580363522 0.0793661345623323 0.454109139303994 0.80952380952381 0.982142857142857 "Uqcrc2_noRT" "non-targeting_noRT"
"1055" "Smad2" 15.5813701040537 0.814131500281952 1.75432697570224 0.079374496053617 0.454109139303994 0.619047619047619 0.696428571428571 "Uqcrc2_noRT" "non-targeting_noRT"
"1056" "Gm45184" 4.5386311697144 2.14604010721614 1.75378812440705 0.0794668186910464 NA 0.142857142857143 0.107142857142857 "Uqcrc2_noRT" "non-targeting_noRT"
"1057" "Uspl1" 8.52472579651549 -1.25393108065111 -1.7536981657906 0.0794822400097875 NA 0.238095238095238 0.625 "Uqcrc2_noRT" "non-targeting_noRT"
"1058" "Gm44386" 2.38661559029241 2.2280621569629 1.75363802557669 0.0794925510118558 NA 0.238095238095238 0.0892857142857143 "Uqcrc2_noRT" "non-targeting_noRT"
"1059" "Gnb1" 96.9471081091345 0.38737044465777 1.75341708363966 0.0795304407058113 0.454109139303994 0.952380952380952 1 "Uqcrc2_noRT" "non-targeting_noRT"
"1060" "Parp14" 11.1004025791894 -1.1243283527953 -1.7533471403739 0.0795424384501071 NA 0.428571428571429 0.642857142857143 "Uqcrc2_noRT" "non-targeting_noRT"
"1061" "Rap2b" 14.1482719117193 0.858962659940226 1.75323090951017 0.0795623794092305 0.454109139303994 0.571428571428571 0.571428571428571 "Uqcrc2_noRT" "non-targeting_noRT"
"1062" "Aspm" 8.5966363704272 -1.2367358444603 -1.75301004907689 0.0796002821688468 NA 0.333333333333333 0.535714285714286 "Uqcrc2_noRT" "non-targeting_noRT"
"1063" "Cox10" 7.06528770191388 -1.41082022241376 -1.75116264968815 0.0799178971337971 NA 0.285714285714286 0.571428571428571 "Uqcrc2_noRT" "non-targeting_noRT"
"1064" "Palm" 8.40937701487338 1.07762152819425 1.75104640509651 0.079937916930827 NA 0.571428571428571 0.446428571428571 "Uqcrc2_noRT" "non-targeting_noRT"
"1065" "Mrps33" 141.306275739708 0.311054750521618 1.7496539414803 0.0801780458140383 0.456837185424191 1 1 "Uqcrc2_noRT" "non-targeting_noRT"
"1066" "Wnk1" 25.9154268139132 -0.698044985973462 -1.74917283156159 0.0802611488166716 0.456837185424191 0.571428571428571 0.946428571428571 "Uqcrc2_noRT" "non-targeting_noRT"
"1067" "Dnm1l" 9.55766170322478 -1.2312973873998 -1.74890117025514 0.0803081042785073 NA 0.285714285714286 0.642857142857143 "Uqcrc2_noRT" "non-targeting_noRT"
"1068" "Adam9" 6.27387237261182 -1.55501366033221 -1.74742731091065 0.080563243502156 NA 0.19047619047619 0.535714285714286 "Uqcrc2_noRT" "non-targeting_noRT"
"1069" "Anp32b" 498.527692748813 -0.275093768687686 -1.74695594730369 0.0806449798794621 0.457193937638502 1 1 "Uqcrc2_noRT" "non-targeting_noRT"
"1070" "Mrps28" 49.944472922145 0.484932761586685 1.74565079735808 0.0808716496658148 0.457193937638502 0.80952380952381 0.928571428571429 "Uqcrc2_noRT" "non-targeting_noRT"
"1071" "Gtf2h4" 14.1243625819299 0.866437714924708 1.7455728825923 0.0808851977314919 0.457193937638502 0.714285714285714 0.535714285714286 "Uqcrc2_noRT" "non-targeting_noRT"
"1072" "Krt8" 116.475671207267 -2.08809362299199 -1.74514663902531 0.0809593469294389 0.457193937638502 0.476190476190476 0.625 "Uqcrc2_noRT" "non-targeting_noRT"
"1073" "Dnajc10" 18.3149611691634 -0.804518732591691 -1.74501836198166 0.080981672764046 0.457193937638502 0.619047619047619 0.892857142857143 "Uqcrc2_noRT" "non-targeting_noRT"
"1074" "Tagln2" 164.03455932625 -0.356071619576265 -1.74451202848782 0.0810698458181114 0.457193937638502 0.904761904761905 1 "Uqcrc2_noRT" "non-targeting_noRT"
"1075" "Tomm6" 158.90314951107 0.342826773593333 1.74435484857479 0.0810972330175593 0.457193937638502 0.952380952380952 1 "Uqcrc2_noRT" "non-targeting_noRT"
"1076" "Ubash3b" 11.0959072023468 -1.10609244825142 -1.74421044769723 0.0811224002028418 NA 0.285714285714286 0.482142857142857 "Uqcrc2_noRT" "non-targeting_noRT"
"1077" "Wdr44" 6.10281957286403 -1.48345509090453 -1.74269757903326 0.0813864547760495 NA 0.19047619047619 0.553571428571429 "Uqcrc2_noRT" "non-targeting_noRT"
"1078" "Arhgef1" 10.1010249785523 -1.15002697080107 -1.74129460834346 0.0816319508138493 NA 0.333333333333333 0.642857142857143 "Uqcrc2_noRT" "non-targeting_noRT"
"1079" "Mtrex" 12.7229944450145 -1.05000370918244 -1.74107743932313 0.0816700053469446 0.458698426889962 0.333333333333333 0.767857142857143 "Uqcrc2_noRT" "non-targeting_noRT"
"1080" "Orc6" 84.1918984119062 -0.452433814972134 -1.74104917088795 0.0816749598840752 0.458698426889962 0.80952380952381 0.928571428571429 "Uqcrc2_noRT" "non-targeting_noRT"
"1081" "Pbrm1" 26.2251998627386 -0.668298653181614 -1.74029383429074 0.0818074361533623 0.458698426889962 0.571428571428571 0.875 "Uqcrc2_noRT" "non-targeting_noRT"
"1082" "9530051G07Rik" 1.04422529948776 3.39808791122918 1.73995944144229 0.0818661399729106 NA 0.142857142857143 0.0178571428571429 "Uqcrc2_noRT" "non-targeting_noRT"
"1083" "Got1" 44.8164018050239 -0.520199700192769 -1.73986376894554 0.0818829418954716 0.458698426889962 0.80952380952381 0.946428571428571 "Uqcrc2_noRT" "non-targeting_noRT"
"1084" "Cct3" 128.645034103697 -0.341313357989533 -1.73966219526032 0.0819183512498023 0.458698426889962 0.952380952380952 0.982142857142857 "Uqcrc2_noRT" "non-targeting_noRT"
"1085" "Galnt2" 19.6100353994945 -0.841476532727859 -1.73885814159043 0.0820597185904927 0.458869075037107 0.428571428571429 0.803571428571429 "Uqcrc2_noRT" "non-targeting_noRT"
"1086" "Klre1" 4.81426218288245 -2.03006108148385 -1.73843695583124 0.0821338496782781 NA 0.0952380952380952 0.410714285714286 "Uqcrc2_noRT" "non-targeting_noRT"
"1087" "Sspn" 2.37709160534439 2.18997341694683 1.73710023988625 0.0823694790343668 NA 0.19047619047619 0.0892857142857143 "Uqcrc2_noRT" "non-targeting_noRT"
"1088" "Dach2" 2.47787086731079 -2.64693691765019 -1.73703384907835 0.0823811963334142 NA 0.0476190476190476 0.214285714285714 "Uqcrc2_noRT" "non-targeting_noRT"
"1089" "Grn" 35.3663069913189 0.557713128269379 1.73665454242645 0.0824481659990471 0.460419043055407 0.952380952380952 0.803571428571429 "Uqcrc2_noRT" "non-targeting_noRT"
"1090" "Atl3" 11.6825257844441 0.915788360260473 1.73642775963535 0.082488227418351 NA 0.666666666666667 0.517857142857143 "Uqcrc2_noRT" "non-targeting_noRT"
"1091" "Ifit3b" 26.788205073227 0.844978208108421 1.736016489982 0.0825609188936069 0.460427334746288 0.666666666666667 0.553571428571429 "Uqcrc2_noRT" "non-targeting_noRT"
"1092" "Ndufa2" 309.919716808484 0.254739549493952 1.73530747524749 0.0826863584147254 0.460506259919426 1 1 "Uqcrc2_noRT" "non-targeting_noRT"
"1093" "Afg1l" 2.77919348906174 1.89854340043928 1.73499402680058 0.0827418632142015 NA 0.285714285714286 0.125 "Uqcrc2_noRT" "non-targeting_noRT"
"1094" "Eif3l" 85.4935460110724 -0.401620757218009 -1.73436563277588 0.0828532288742701 0.460815404679744 0.857142857142857 1 "Uqcrc2_noRT" "non-targeting_noRT"
"1095" "Nuf2" 5.38889583189639 -1.68181194187889 -1.73210870847955 0.0832542089591431 NA 0.19047619047619 0.446428571428571 "Uqcrc2_noRT" "non-targeting_noRT"
"1096" "Dda1" 32.8921443072871 -0.617095790106708 -1.73127079474327 0.0834034778271498 0.462615068570365 0.80952380952381 0.982142857142857 "Uqcrc2_noRT" "non-targeting_noRT"
"1097" "Zfp830" 15.1262801347165 0.88586239472515 1.73119297128056 0.0834173525640111 0.462615068570365 0.761904761904762 0.660714285714286 "Uqcrc2_noRT" "non-targeting_noRT"
"1098" "Dbt" 6.03933243436084 -1.4909896998922 -1.73054169860293 0.0835335378524862 NA 0.238095238095238 0.464285714285714 "Uqcrc2_noRT" "non-targeting_noRT"
"1099" "Cdk11b" 24.7971943737808 -0.745522084167835 -1.7301838125233 0.0835974395385815 0.462615068570365 0.761904761904762 0.910714285714286 "Uqcrc2_noRT" "non-targeting_noRT"
"1100" "Map3k7" 9.65564405770751 -1.2050025151807 -1.729304101814 0.0837546829108429 NA 0.333333333333333 0.642857142857143 "Uqcrc2_noRT" "non-targeting_noRT"
"1101" "Ckap5" 20.7131826443199 -0.807764762703675 -1.72869353702823 0.0838639586742238 0.462615068570365 0.476190476190476 0.75 "Uqcrc2_noRT" "non-targeting_noRT"
"1102" "Med10" 33.3031106720143 0.569980670812698 1.72859412642763 0.0838817615971554 0.462615068570365 0.952380952380952 0.892857142857143 "Uqcrc2_noRT" "non-targeting_noRT"
"1103" "Naxd" 29.4500260194579 0.619515268254705 1.72840219954539 0.0839161414313947 0.462615068570365 0.80952380952381 0.928571428571429 "Uqcrc2_noRT" "non-targeting_noRT"
"1104" "Nup210" 1.34507642868964 -2.93737779314715 -1.72776376097711 0.0840305869335572 NA 0 0.232142857142857 "Uqcrc2_noRT" "non-targeting_noRT"
"1105" "Nsd2" 26.2639166151668 -0.671077933786825 -1.72771251812624 0.0840397781217616 0.462615068570365 0.619047619047619 0.892857142857143 "Uqcrc2_noRT" "non-targeting_noRT"
"1106" "Psmd11" 105.013624548884 -0.389331447399838 -1.72695130106999 0.0841764098886949 0.462615068570365 1 1 "Uqcrc2_noRT" "non-targeting_noRT"
"1107" "Mdp1" 16.4186153567192 0.786374684236446 1.72691475529886 0.0841829740535247 0.462615068570365 0.666666666666667 0.660714285714286 "Uqcrc2_noRT" "non-targeting_noRT"
"1108" "Dhx16" 6.01804827017931 -1.48550092927946 -1.72502843363703 0.0845223484693485 NA 0.19047619047619 0.571428571428571 "Uqcrc2_noRT" "non-targeting_noRT"
"1109" "Eif3e" 315.337773065622 -0.269162497297717 -1.72453103031821 0.084612022149885 0.464356164000297 1 1 "Uqcrc2_noRT" "non-targeting_noRT"
"1110" "Heatr1" 6.98721238488136 -1.38307967354047 -1.72260965744487 0.0849591373914381 NA 0.238095238095238 0.571428571428571 "Uqcrc2_noRT" "non-targeting_noRT"
"1111" "Atf7ip" 24.8219342613291 -0.72716165736722 -1.72202648706884 0.0850647204880034 0.466088729629562 0.666666666666667 0.875 "Uqcrc2_noRT" "non-targeting_noRT"
"1112" "Spry1" 28.2810214690359 0.710855667926579 1.72141256820235 0.085175985226421 0.466088729629562 0.80952380952381 0.732142857142857 "Uqcrc2_noRT" "non-targeting_noRT"
"1113" "Ubn1" 14.8009406845365 -0.964800805017752 -1.72065475515027 0.0853134911482574 0.466088729629562 0.428571428571429 0.857142857142857 "Uqcrc2_noRT" "non-targeting_noRT"
"1114" "Agap1" 19.796272753956 -0.76012838802163 -1.71989866834676 0.0854508626435699 0.466088729629562 0.571428571428571 0.803571428571429 "Uqcrc2_noRT" "non-targeting_noRT"
"1115" "Seh1l" 29.8966532460608 -0.618920808908144 -1.71967848727881 0.0854909003839627 0.466088729629562 0.857142857142857 0.964285714285714 "Uqcrc2_noRT" "non-targeting_noRT"
"1116" "Bud31" 45.1887162580666 -0.506893441246999 -1.71775010287787 0.0858422062894238 0.466767622951942 0.857142857142857 0.982142857142857 "Uqcrc2_noRT" "non-targeting_noRT"
"1117" "Nav2" 26.7293043226999 0.716325062259565 1.71748514944716 0.0858905655422599 0.466767622951942 0.761904761904762 0.75 "Uqcrc2_noRT" "non-targeting_noRT"
"1118" "Wdr70" 32.9315472821558 -0.635933065384996 -1.71713874072571 0.0859538252028467 0.466767622951942 0.761904761904762 0.928571428571429 "Uqcrc2_noRT" "non-targeting_noRT"
"1119" "Ptprn" 1.40347003996214 -3.00217538778815 -1.71685266564774 0.0860060953714512 NA 0 0.178571428571429 "Uqcrc2_noRT" "non-targeting_noRT"
"1120" "Mindy1" 19.362873735455 -0.796687444441875 -1.71578695740842 0.0862010421834309 0.46749660885326 0.523809523809524 0.839285714285714 "Uqcrc2_noRT" "non-targeting_noRT"
"1121" "Axin1" 4.28179824503053 -1.84831536633643 -1.71549439162601 0.0862546227656698 NA 0.142857142857143 0.464285714285714 "Uqcrc2_noRT" "non-targeting_noRT"
"1122" "Gm28791" 2.79881027569652 1.89343157827071 1.71537220259965 0.0862770084618646 NA 0.238095238095238 0.107142857142857 "Uqcrc2_noRT" "non-targeting_noRT"
"1123" "Arid2" 8.54653485914755 1.0933222473986 1.71477212866612 0.0863870134025387 NA 0.523809523809524 0.428571428571429 "Uqcrc2_noRT" "non-targeting_noRT"
"1124" "Siah1a" 11.6052390185292 0.906691473452913 1.71474884367937 0.0863912842645888 NA 0.619047619047619 0.589285714285714 "Uqcrc2_noRT" "non-targeting_noRT"
"1125" "Rbm38" 14.6147635423057 0.857120002737039 1.71465684420203 0.0864081601992499 0.468006501183895 0.619047619047619 0.660714285714286 "Uqcrc2_noRT" "non-targeting_noRT"
"1126" "Ank3" 2.87450949514935 1.91549420319157 1.71408362248519 0.0865133691739667 NA 0.238095238095238 0.107142857142857 "Uqcrc2_noRT" "non-targeting_noRT"
"1127" "Stau2" 1.37209792100953 -2.96187655274176 -1.71405689154663 0.0865182778873464 NA 0 0.25 "Uqcrc2_noRT" "non-targeting_noRT"
"1128" "Ugt8a" 2.29272421187282 -2.5559754759596 -1.71374065417803 0.0865763669416305 NA 0.0476190476190476 0.267857142857143 "Uqcrc2_noRT" "non-targeting_noRT"
"1129" "Rab8a" 26.111802620581 -0.663442086299315 -1.71333183043294 0.0866515096854849 0.468711041932727 0.619047619047619 0.892857142857143 "Uqcrc2_noRT" "non-targeting_noRT"
"1130" "Eri1" 12.2357623257366 -0.974154935410237 -1.7125211711651 0.0868006664597808 NA 0.428571428571429 0.767857142857143 "Uqcrc2_noRT" "non-targeting_noRT"
"1131" "Mcm6" 20.2792001116485 -0.744584572108415 -1.71142906255581 0.0870019359894366 0.469800657114683 0.523809523809524 0.732142857142857 "Uqcrc2_noRT" "non-targeting_noRT"
"1132" "Ndufa5" 149.017364702311 0.309217722249064 1.71100594448155 0.0870800154680913 0.469800657114683 1 1 "Uqcrc2_noRT" "non-targeting_noRT"
"1133" "Herc4" 9.53680587464748 1.10333267607642 1.71088861787017 0.0871016761764562 NA 0.523809523809524 0.428571428571429 "Uqcrc2_noRT" "non-targeting_noRT"
"1134" "Ankrd16" 4.38460291864891 1.55263305124147 1.71085187788666 0.0871084599653238 NA 0.333333333333333 0.178571428571429 "Uqcrc2_noRT" "non-targeting_noRT"
"1135" "Slc35e4" 9.63750544425347 1.00211319032228 1.7079024444571 0.087654445552098 NA 0.428571428571429 0.5 "Uqcrc2_noRT" "non-targeting_noRT"
"1136" "Psmb4" 206.993637373502 -0.296967083828155 -1.7078192678428 0.087669882757425 0.47176546925664 1 1 "Uqcrc2_noRT" "non-targeting_noRT"
"1137" "Ubr4" 20.2969932070209 -0.754143899179413 -1.70765270184421 0.0877008032505318 0.47176546925664 0.714285714285714 0.785714285714286 "Uqcrc2_noRT" "non-targeting_noRT"
"1138" "Erich1" 19.3541605247564 0.712133219517346 1.70719277243622 0.0877862279670403 0.47176546925664 0.857142857142857 0.714285714285714 "Uqcrc2_noRT" "non-targeting_noRT"
"1139" "Mylpf" 3.44883132835735 -2.17158007078108 -1.70678054419 0.0878628499582248 NA 0.0952380952380952 0.428571428571429 "Uqcrc2_noRT" "non-targeting_noRT"
"1140" "Acvr1" 3.52365457956518 -2.19225205771659 -1.70593628070654 0.0880199438743416 NA 0.0952380952380952 0.410714285714286 "Uqcrc2_noRT" "non-targeting_noRT"
"1141" "Impdh2" 98.5888323498977 -0.361343949850564 -1.70551219488615 0.0880989398504082 0.472512419190983 0.952380952380952 1 "Uqcrc2_noRT" "non-targeting_noRT"
"1142" "Lrch3" 5.21530936883065 1.38670939918833 1.70537143820252 0.0881251717314804 NA 0.476190476190476 0.25 "Uqcrc2_noRT" "non-targeting_noRT"
"1143" "Meaf6" 23.3863243057102 -0.721012041719669 -1.70485166210931 0.0882220934956818 0.472512419190983 0.619047619047619 0.857142857142857 "Uqcrc2_noRT" "non-targeting_noRT"
"1144" "Armcx1" 4.23953647107613 1.55423162583105 1.70460297019987 0.0882684970408096 NA 0.380952380952381 0.214285714285714 "Uqcrc2_noRT" "non-targeting_noRT"
"1145" "Isy1" 16.8321885277055 -0.845297713165032 -1.70454012306076 0.0882802268334353 0.472512419190983 0.523809523809524 0.785714285714286 "Uqcrc2_noRT" "non-targeting_noRT"
"1146" "Hdac8" 6.45665767438737 1.20219973754312 1.70411828912094 0.0883589904655675 NA 0.476190476190476 0.357142857142857 "Uqcrc2_noRT" "non-targeting_noRT"
"1147" "Alkbh6" 13.4437887616338 0.835994135634634 1.70399524824198 0.0883819749767571 0.472512419190983 0.714285714285714 0.625 "Uqcrc2_noRT" "non-targeting_noRT"
"1148" "Uaca" 22.0233178429408 -0.789542541452458 -1.70316013599788 0.088538104566515 0.472595957072412 0.571428571428571 0.732142857142857 "Uqcrc2_noRT" "non-targeting_noRT"
"1149" "Sertad3" 11.6142461826358 0.904582269627628 1.70308382171179 0.0885523830901817 NA 0.619047619047619 0.464285714285714 "Uqcrc2_noRT" "non-targeting_noRT"
"1150" "Ppic" 73.8953810024455 0.409465531851445 1.70235576679882 0.0886886966495684 0.472595957072412 0.952380952380952 0.946428571428571 "Uqcrc2_noRT" "non-targeting_noRT"
"1151" "Wdr89" 41.0376779412532 0.518379858747679 1.70193127516851 0.0887682521317688 0.472595957072412 0.952380952380952 0.946428571428571 "Uqcrc2_noRT" "non-targeting_noRT"
"1152" "Gas5" 608.923852542008 -0.252038608200674 -1.70109872982583 0.0889244493981164 0.472595957072412 1 1 "Uqcrc2_noRT" "non-targeting_noRT"
"1153" "Sirt5" 7.8763073861891 1.1522752952348 1.70051923854186 0.0890333008031484 NA 0.619047619047619 0.357142857142857 "Uqcrc2_noRT" "non-targeting_noRT"
"1154" "Ccdc18" 3.52670182297043 -2.16069682118508 -1.70015115686428 0.0891024968427116 NA 0.0952380952380952 0.375 "Uqcrc2_noRT" "non-targeting_noRT"
"1155" "Elf1" 16.3871783186414 0.803531639847919 1.699902135288 0.0891493352201678 0.472595957072412 0.666666666666667 0.589285714285714 "Uqcrc2_noRT" "non-targeting_noRT"
"1156" "Cnp" 49.3164961163017 -0.630811832466695 -1.69977975790577 0.0891723604046411 0.472595957072412 0.857142857142857 0.821428571428571 "Uqcrc2_noRT" "non-targeting_noRT"
"1157" "Cdc34" 73.9018944487429 0.392718314358654 1.69964849891046 0.0891970619800759 0.472595957072412 0.952380952380952 0.964285714285714 "Uqcrc2_noRT" "non-targeting_noRT"
"1158" "Tifa" 1.10510218434246 3.45426304233429 1.69937418308886 0.089248703155643 NA 0.0952380952380952 0.0178571428571429 "Uqcrc2_noRT" "non-targeting_noRT"
"1159" "Sgip1" 1.10510218434246 3.45426304233429 1.69937418308886 0.089248703155643 NA 0.142857142857143 0.0178571428571429 "Uqcrc2_noRT" "non-targeting_noRT"
"1160" "Zkscan3" 11.0342705221836 0.982930170078361 1.69774862994211 0.0895552151426386 NA 0.619047619047619 0.482142857142857 "Uqcrc2_noRT" "non-targeting_noRT"
"1161" "Abcf2" 25.9345883503782 -0.688162942025648 -1.69677556145595 0.0897391007521998 0.474859845156781 0.761904761904762 0.857142857142857 "Uqcrc2_noRT" "non-targeting_noRT"
"1162" "Ncaph" 4.31732300384356 -1.85331483062932 -1.69663392144246 0.0897658924989113 NA 0.0952380952380952 0.375 "Uqcrc2_noRT" "non-targeting_noRT"
"1163" "Plk3" 8.69323798959869 -1.25257605756945 -1.69573255458862 0.0899365403802708 NA 0.285714285714286 0.607142857142857 "Uqcrc2_noRT" "non-targeting_noRT"
"1164" "Pacsin2" 19.2521401025653 -0.817453571916316 -1.69569174232297 0.0899442731837121 0.475337678715454 0.619047619047619 0.75 "Uqcrc2_noRT" "non-targeting_noRT"
"1165" "Tmem64" 7.53739555451234 1.11560778830489 1.69520966413649 0.0900356542619418 NA 0.523809523809524 0.446428571428571 "Uqcrc2_noRT" "non-targeting_noRT"
"1166" "Wasf2" 37.6836600811079 0.52185563178781 1.69443681438803 0.0901823089031198 0.475364157906596 0.904761904761905 0.928571428571429 "Uqcrc2_noRT" "non-targeting_noRT"
"1167" "Vars" 24.0436609658505 -0.742484983541891 -1.6942625091508 0.090215411318796 0.475364157906596 0.714285714285714 0.910714285714286 "Uqcrc2_noRT" "non-targeting_noRT"
"1168" "Fancm" 4.34033660651289 -1.91613313762295 -1.69368987294003 0.0903242298490605 NA 0.0952380952380952 0.446428571428571 "Uqcrc2_noRT" "non-targeting_noRT"
"1169" "Scaf11" 82.1297803637598 -0.409658193914013 -1.69356369303573 0.0903482221145952 0.475364157906596 0.904761904761905 1 "Uqcrc2_noRT" "non-targeting_noRT"
"1170" "Psmc3ip" 19.9314778619724 -0.813571365738696 -1.69268716558724 0.0905150295169082 0.475364157906596 0.428571428571429 0.75 "Uqcrc2_noRT" "non-targeting_noRT"
"1171" "Mark3" 21.6790771375815 -0.717732349408277 -1.69264178496551 0.0905236724094726 0.475364157906596 0.666666666666667 0.785714285714286 "Uqcrc2_noRT" "non-targeting_noRT"
"1172" "Tmem177" 1.97469263516445 2.2486381861364 1.69191918986005 0.0906613825587922 NA 0.238095238095238 0.0714285714285714 "Uqcrc2_noRT" "non-targeting_noRT"
"1173" "Kif18a" 5.37617985333325 -1.68542893212996 -1.69176950994941 0.0906899291942532 NA 0.19047619047619 0.446428571428571 "Uqcrc2_noRT" "non-targeting_noRT"
"1174" "Ntm" 2.30931391241806 2.17654612352403 1.6906410008913 0.0909053888675128 NA 0.142857142857143 0.0892857142857143 "Uqcrc2_noRT" "non-targeting_noRT"
"1175" "Huwe1" 37.4719895718597 -0.542070880587004 -1.69048701838461 0.0909348197432051 0.476917977309737 0.714285714285714 0.964285714285714 "Uqcrc2_noRT" "non-targeting_noRT"
"1176" "Melk" 7.60059551361513 -1.31210519668268 -1.68997557655595 0.09103262727635 NA 0.19047619047619 0.446428571428571 "Uqcrc2_noRT" "non-targeting_noRT"
"1177" "Gk5" 3.81679708226913 1.65756611842239 1.68962495873117 0.091099727877072 NA 0.238095238095238 0.178571428571429 "Uqcrc2_noRT" "non-targeting_noRT"
"1178" "Arap1" 1.08548539770769 3.44356707736793 1.6881354065045 0.0913852391513033 NA 0.142857142857143 0.0178571428571429 "Uqcrc2_noRT" "non-targeting_noRT"
"1179" "Snrpc" 77.7272022846122 -0.392718022432162 -1.68805712270236 0.0914002641419947 0.478201279390519 0.904761904761905 1 "Uqcrc2_noRT" "non-targeting_noRT"
"1180" "Pim3" 33.2785995504738 -0.648566979625836 -1.68778701033448 0.0914521219883616 0.478201279390519 0.714285714285714 0.875 "Uqcrc2_noRT" "non-targeting_noRT"
"1181" "Bloc1s1" 15.9699005502336 0.859310289483774 1.68740137600268 0.091526199438688 0.478201279390519 0.571428571428571 0.571428571428571 "Uqcrc2_noRT" "non-targeting_noRT"
"1182" "Fam91a1" 8.17384697445432 -1.3621570068955 -1.68694042398733 0.0916148081159419 NA 0.285714285714286 0.607142857142857 "Uqcrc2_noRT" "non-targeting_noRT"
"1183" "Unc80" 5.14862055423852 -1.62895630808539 -1.68667824333636 0.0916652377793803 NA 0.142857142857143 0.464285714285714 "Uqcrc2_noRT" "non-targeting_noRT"
"1184" "Atp6v0c" 271.631860466776 0.247771833183958 1.6858053436829 0.0918332982094527 0.479200741476312 1 1 "Uqcrc2_noRT" "non-targeting_noRT"
"1185" "Clcf1" 2.29240013374429 2.18333669957598 1.6841746285882 0.0921479249955837 NA 0.142857142857143 0.0535714285714286 "Uqcrc2_noRT" "non-targeting_noRT"
"1186" "Zdhhc21" 10.0428655233486 -1.11007722999074 -1.68401848504836 0.092178096374417 NA 0.333333333333333 0.517857142857143 "Uqcrc2_noRT" "non-targeting_noRT"
"1187" "Slc35b4" 2.34190583661925 -2.54887872292829 -1.68359435393719 0.0922600906359752 NA 0.0476190476190476 0.303571428571429 "Uqcrc2_noRT" "non-targeting_noRT"
"1188" "Eci2" 22.0251497195119 0.725509393286978 1.68336521226106 0.0923044133397634 0.481052471536449 0.714285714285714 0.803571428571429 "Uqcrc2_noRT" "non-targeting_noRT"
"1189" "Ntan1" 16.1988970482693 0.768197439801053 1.68237518881179 0.0924961094377833 0.481445158306349 0.666666666666667 0.625 "Uqcrc2_noRT" "non-targeting_noRT"
"1190" "Ptges3l" 3.70986564715787 1.62530988371678 1.68217455075262 0.0925349974823543 NA 0.285714285714286 0.178571428571429 "Uqcrc2_noRT" "non-targeting_noRT"
"1191" "Sncg" 2.57886050470634 2.11086425095958 1.68207170219974 0.0925549368706665 NA 0.19047619047619 0.0714285714285714 "Uqcrc2_noRT" "non-targeting_noRT"
"1192" "Slfn5" 2.42316106756032 2.22166058664664 1.68205264603456 0.0925586316940308 NA 0.142857142857143 0.0892857142857143 "Uqcrc2_noRT" "non-targeting_noRT"
"1193" "Fxyd5" 7.94168163661785 1.09799160630951 1.68183100946791 0.0926016137810683 NA 0.428571428571429 0.375 "Uqcrc2_noRT" "non-targeting_noRT"
"1194" "Prag1" 1.77173647393266 2.5883116997495 1.68159028181771 0.0926483163660579 NA 0.19047619047619 0.0535714285714286 "Uqcrc2_noRT" "non-targeting_noRT"
"1195" "Rnf19a" 13.1586844745936 0.860935031269562 1.68157477703411 0.0926513250337127 0.481647214810933 0.619047619047619 0.607142857142857 "Uqcrc2_noRT" "non-targeting_noRT"
"1196" "Ankrd28" 7.00013011444889 1.18683090953458 1.6812785954449 0.0927088134543171 NA 0.333333333333333 0.375 "Uqcrc2_noRT" "non-targeting_noRT"
"1197" "Isca2" 27.8826786073047 0.629627989038747 1.68015033715511 0.0929280691418315 0.481984174314639 0.857142857142857 0.821428571428571 "Uqcrc2_noRT" "non-targeting_noRT"
"1198" "Acot13" 42.4145400047946 0.506089469452173 1.68004223356463 0.0929490988649303 0.481984174314639 0.857142857142857 0.946428571428571 "Uqcrc2_noRT" "non-targeting_noRT"
"1199" "Tacc1" 10.0517915737332 0.980844114494347 1.6777930864582 0.0933874994787142 NA 0.523809523809524 0.464285714285714 "Uqcrc2_noRT" "non-targeting_noRT"
"1200" "Shprh" 7.99710249838466 1.12082811559727 1.67719371192447 0.0935046082638208 NA 0.619047619047619 0.357142857142857 "Uqcrc2_noRT" "non-targeting_noRT"
"1201" "Bloc1s2" 62.5698643407337 -0.428070553328332 -1.67716006424084 0.093511186007018 0.484109846230039 1 0.982142857142857 "Uqcrc2_noRT" "non-targeting_noRT"
"1202" "Mink1" 4.38059502899835 1.45000795880618 1.67712981985052 0.093517098761489 NA 0.333333333333333 0.196428571428571 "Uqcrc2_noRT" "non-targeting_noRT"
"1203" "Jund" 190.366393805368 0.305951681222676 1.67674165973289 0.0935930103876343 0.484109846230039 1 1 "Uqcrc2_noRT" "non-targeting_noRT"
"1204" "Zfp322a" 5.31285672228808 1.33482916649419 1.67574104022711 0.0937889273257163 NA 0.428571428571429 0.267857142857143 "Uqcrc2_noRT" "non-targeting_noRT"
"1205" "Uqcrq" 729.934869056392 0.19836145650593 1.67566269526874 0.0938042808016298 0.484417893078375 1 1 "Uqcrc2_noRT" "non-targeting_noRT"
"1206" "Ncapg2" 7.50719396437098 -1.28165937796105 -1.67558409451334 0.0938196864324013 NA 0.238095238095238 0.464285714285714 "Uqcrc2_noRT" "non-targeting_noRT"
"1207" "Ndufa6" 129.636595791335 0.322886233048023 1.67524232403321 0.0938866965318649 0.484417893078375 1 1 "Uqcrc2_noRT" "non-targeting_noRT"
"1208" "Piga" 2.30152655356001 -2.5137498836544 -1.67459301474584 0.0940141107376785 NA 0.0476190476190476 0.303571428571429 "Uqcrc2_noRT" "non-targeting_noRT"
"1209" "Pomt1" 1.342388332688 -2.9347922861772 -1.67412089022823 0.094106842942492 NA 0 0.214285714285714 "Uqcrc2_noRT" "non-targeting_noRT"
"1210" "Ttk" 3.53512724711043 -2.1630189118926 -1.67406530684862 0.0941177651600745 NA 0.0952380952380952 0.357142857142857 "Uqcrc2_noRT" "non-targeting_noRT"
"1211" "Mpc1" 102.812286404202 0.376167362647437 1.67401856958313 0.0941269498895447 0.484736740008407 0.952380952380952 0.964285714285714 "Uqcrc2_noRT" "non-targeting_noRT"
"1212" "Pfn1" 438.494859384371 0.22841713123925 1.6737345577705 0.0941827788706523 0.484736740008407 1 1 "Uqcrc2_noRT" "non-targeting_noRT"
"1213" "Layn" 3.88247040789192 1.62705455927693 1.67339678018029 0.0942492112975056 NA 0.333333333333333 0.160714285714286 "Uqcrc2_noRT" "non-targeting_noRT"
"1214" "Gdnf" 3.55859560968011 -2.16178927691875 -1.67314891356006 0.0942979843726495 NA 0.0952380952380952 0.321428571428571 "Uqcrc2_noRT" "non-targeting_noRT"
"1215" "Qsox1" 2.91416713494777 1.92362462410199 1.67210675980157 0.0945032718983903 NA 0.238095238095238 0.125 "Uqcrc2_noRT" "non-targeting_noRT"
"1216" "Mical3" 3.34017045475829 -2.1624316601817 -1.67189378490144 0.0945452685761573 NA 0.0476190476190476 0.375 "Uqcrc2_noRT" "non-targeting_noRT"
"1217" "Ash1l" 19.3267830180874 -0.782631711192867 -1.67159646725281 0.0946039218774749 0.486023055009761 0.571428571428571 0.767857142857143 "Uqcrc2_noRT" "non-targeting_noRT"
"1218" "Macf1" 23.8447476252301 -0.675715825270656 -1.67102253506484 0.0947172267528241 0.486023055009761 0.666666666666667 0.803571428571429 "Uqcrc2_noRT" "non-targeting_noRT"
"1219" "A930041C12Rik" 1.44393617366607 2.92408295565857 1.67100655366673 0.0947203833331646 NA 0.142857142857143 0.0357142857142857 "Uqcrc2_noRT" "non-targeting_noRT"
"1220" "Limd2" 7.49803698990798 1.15761421997077 1.67099834908617 0.0947220039010829 NA 0.380952380952381 0.357142857142857 "Uqcrc2_noRT" "non-targeting_noRT"
"1221" "Gpat3" 3.33748235875666 -2.16134830484509 -1.6699735424285 0.0949245983769703 NA 0.0476190476190476 0.303571428571429 "Uqcrc2_noRT" "non-targeting_noRT"
"1222" "Mul1" 13.5496599149415 0.84786805957049 1.66966684914786 0.0949852961539018 0.486023055009761 0.80952380952381 0.714285714285714 "Uqcrc2_noRT" "non-targeting_noRT"
"1223" "Prrc2a" 28.479131223419 -0.645498516687369 -1.66946027318435 0.0950261971989873 0.486023055009761 0.619047619047619 0.892857142857143 "Uqcrc2_noRT" "non-targeting_noRT"
"1224" "Pank1" 4.06781451423422 1.61024325199237 1.66878946853201 0.0951591105911048 NA 0.380952380952381 0.196428571428571 "Uqcrc2_noRT" "non-targeting_noRT"
"1225" "Nebl" 10.1302989884181 1.09061330704152 1.66796964276765 0.0953217532246449 NA 0.476190476190476 0.303571428571429 "Uqcrc2_noRT" "non-targeting_noRT"
"1226" "Ginm1" 33.5487361309738 0.595185915584155 1.66777699177839 0.0953600049304289 0.486023055009761 0.80952380952381 0.839285714285714 "Uqcrc2_noRT" "non-targeting_noRT"
"1227" "Sap30bp" 27.0353785084326 -0.643725693513364 -1.66730159888347 0.0954544488885405 0.486023055009761 0.857142857142857 0.928571428571429 "Uqcrc2_noRT" "non-targeting_noRT"
"1228" "Cdk5rap3" 24.1446624587742 0.631957812270191 1.66727279117708 0.0954601743794052 0.486023055009761 0.80952380952381 0.803571428571429 "Uqcrc2_noRT" "non-targeting_noRT"
"1229" "Kdelr1" 69.919573264321 0.389584815110178 1.66714912030941 0.0954847569137995 0.486023055009761 1 1 "Uqcrc2_noRT" "non-targeting_noRT"
"1230" "Ecpas" 20.1349475713797 -0.72979444513039 -1.66696778240879 0.0955208113118433 0.486023055009761 0.714285714285714 0.803571428571429 "Uqcrc2_noRT" "non-targeting_noRT"
"1231" "Cct7" 144.592604483413 0.332956444384051 1.66652955613243 0.0956079863899046 0.486023055009761 1 1 "Uqcrc2_noRT" "non-targeting_noRT"
"1232" "Serhl" 11.1722922809276 1.04026718584675 1.66651692859257 0.0956104992935631 NA 0.571428571428571 0.482142857142857 "Uqcrc2_noRT" "non-targeting_noRT"
"1233" "Mtfr1l" 14.0598804956399 0.822679283027978 1.66594336400654 0.0957246954647064 0.486023055009761 0.619047619047619 0.607142857142857 "Uqcrc2_noRT" "non-targeting_noRT"
"1234" "Atp11a" 1.91381575030975 2.22038926379569 1.66440207405563 0.0960321058780212 NA 0.238095238095238 0.0714285714285714 "Uqcrc2_noRT" "non-targeting_noRT"
"1235" "Camta2" 1.91381575030975 2.22038926379569 1.66440207405563 0.0960321058780212 NA 0.142857142857143 0.0714285714285714 "Uqcrc2_noRT" "non-targeting_noRT"
"1236" "Hspa12a" 1.0590476340859 3.40967426997667 1.66438519425709 0.0960354769241384 NA 0.142857142857143 0.0178571428571429 "Uqcrc2_noRT" "non-targeting_noRT"
"1237" "Epb41l3" 6.97119416528554 1.1213631914842 1.66380666729583 0.0961510711712611 NA 0.428571428571429 0.285714285714286 "Uqcrc2_noRT" "non-targeting_noRT"
"1238" "Rnf207" 1.0569412780509 3.40968669717687 1.6636537142917 0.0961816509904212 NA 0.0952380952380952 0.0178571428571429 "Uqcrc2_noRT" "non-targeting_noRT"
"1239" "Fam228b" 1.0569412780509 3.40968669717687 1.6636537142917 0.0961816509904212 NA 0.142857142857143 0.0178571428571429 "Uqcrc2_noRT" "non-targeting_noRT"
"1240" "Gapdh" 2551.64252220012 0.250432965221954 1.66358440992801 0.096195509539833 0.487006877035426 1 1 "Uqcrc2_noRT" "non-targeting_noRT"
"1241" "Pcmtd2" 17.4294505277323 -0.842040585554711 -1.66339919283984 0.0962325545902156 0.487006877035426 0.619047619047619 0.821428571428571 "Uqcrc2_noRT" "non-targeting_noRT"
"1242" "Ube2n" 110.210531953574 0.415068740235342 1.66320434456826 0.0962715382829818 0.487006877035426 1 1 "Uqcrc2_noRT" "non-targeting_noRT"
"1243" "Chtf18" 2.28939231496351 -2.51428025695293 -1.66190943838583 0.0965309339550674 NA 0.0476190476190476 0.303571428571429 "Uqcrc2_noRT" "non-targeting_noRT"
"1244" "Lztfl1" 27.9025092530812 -0.680750881746797 -1.66162537410469 0.0965879124407064 0.48778680765821 0.761904761904762 0.857142857142857 "Uqcrc2_noRT" "non-targeting_noRT"
"1245" "Wdr78" 1.05004046997927 3.40972908739452 1.66115426722381 0.0966824678105436 NA 0.0952380952380952 0.0178571428571429 "Uqcrc2_noRT" "non-targeting_noRT"
"1246" "Sik3" 5.05273573141217 -1.63062058717177 -1.66045840009308 0.0968222700126972 NA 0.19047619047619 0.464285714285714 "Uqcrc2_noRT" "non-targeting_noRT"
"1247" "Rps19" 1301.778517902 -0.237959787169481 -1.66014490007989 0.0968853060934036 0.48778680765821 1 1 "Uqcrc2_noRT" "non-targeting_noRT"
"1248" "Romo1" 133.849253516586 0.314337899935634 1.66012163475415 0.0968899854073242 0.48778680765821 1 1 "Uqcrc2_noRT" "non-targeting_noRT"
"1249" "Mdc1" 5.95435630925669 -1.45695194300007 -1.65949318783005 0.0970164522209515 NA 0.238095238095238 0.428571428571429 "Uqcrc2_noRT" "non-targeting_noRT"
"1250" "Eea1" 24.1024854696483 0.68012355066815 1.6589077889529 0.097134374882409 0.48778680765821 0.714285714285714 0.785714285714286 "Uqcrc2_noRT" "non-targeting_noRT"
"1251" "Pde8a" 1.46862654474355 -3.05966652176269 -1.65838953940298 0.0972388666045399 NA 0 0.142857142857143 "Uqcrc2_noRT" "non-targeting_noRT"
"1252" "Itgb1bp1" 23.1031930372809 0.711013571995385 1.65807319026888 0.0973026944461117 0.48778680765821 0.80952380952381 0.821428571428571 "Uqcrc2_noRT" "non-targeting_noRT"
"1253" "Epsti1" 43.5685015857623 0.566292704344843 1.65807258716834 0.0973028161620194 0.48778680765821 0.857142857142857 0.857142857142857 "Uqcrc2_noRT" "non-targeting_noRT"
"1254" "Rnf144a" 27.0322938550658 -0.672239975649989 -1.65792668332933 0.0973322656057536 0.48778680765821 0.714285714285714 0.928571428571429 "Uqcrc2_noRT" "non-targeting_noRT"
"1255" "Tiam1" 13.2745878968369 -0.943388791234973 -1.65774595588016 0.0973687537761435 0.48778680765821 0.523809523809524 0.732142857142857 "Uqcrc2_noRT" "non-targeting_noRT"
"1256" "Arfgap1" 6.70784828416381 -1.36319355726386 -1.65661087800558 0.0975981716524087 NA 0.238095238095238 0.553571428571429 "Uqcrc2_noRT" "non-targeting_noRT"
"1257" "Wdhd1" 2.2999240951385 -2.52068688791692 -1.65631500146403 0.0976580440862575 NA 0.0476190476190476 0.25 "Uqcrc2_noRT" "non-targeting_noRT"
"1258" "Lgals1" 1134.08179462356 -0.25894853541844 -1.6554946879435 0.0978241930699763 0.487898015886218 1 1 "Uqcrc2_noRT" "non-targeting_noRT"
"1259" "Cfap410" 7.98786316694069 1.05192648473258 1.65493106030215 0.0979384829083962 NA 0.523809523809524 0.375 "Uqcrc2_noRT" "non-targeting_noRT"
"1260" "Topbp1" 30.2532113127822 -0.605196501480217 -1.65480024615968 0.0979650240499216 0.487898015886218 0.666666666666667 0.839285714285714 "Uqcrc2_noRT" "non-targeting_noRT"
"1261" "Smc1a" 72.4285762302263 -0.402939625484858 -1.6546145721052 0.0980027056941781 0.487898015886218 0.952380952380952 0.928571428571429 "Uqcrc2_noRT" "non-targeting_noRT"
"1262" "Aip" 21.5499916576244 -0.72208867983856 -1.65460059901435 0.0980055419332801 0.487898015886218 0.619047619047619 0.875 "Uqcrc2_noRT" "non-targeting_noRT"
"1263" "Tpm3-rs7" 22.285153912254 -0.680403435828243 -1.65430727928355 0.0980650947134273 0.487898015886218 0.761904761904762 0.803571428571429 "Uqcrc2_noRT" "non-targeting_noRT"
"1264" "BC030867" 3.4428113354464 -2.11729153583419 -1.65394798929887 0.0981380808388691 NA 0.0952380952380952 0.357142857142857 "Uqcrc2_noRT" "non-targeting_noRT"
"1265" "Dusp6" 43.4688501050348 0.544058379211857 1.65368813492249 0.098190894661263 0.487898015886218 0.80952380952381 0.821428571428571 "Uqcrc2_noRT" "non-targeting_noRT"
"1266" "Tpi1" 327.446166226408 0.258748902715516 1.65356317800915 0.0982162994763701 0.487898015886218 1 1 "Uqcrc2_noRT" "non-targeting_noRT"
"1267" "H2-Q7" 5.41578549723432 -1.63546979357476 -1.65349174079125 0.0982308256356284 NA 0.142857142857143 0.482142857142857 "Uqcrc2_noRT" "non-targeting_noRT"
"1268" "Nipsnap1" 12.3857149115488 0.864283136146376 1.65193257251267 0.0985482970845644 NA 0.571428571428571 0.571428571428571 "Uqcrc2_noRT" "non-targeting_noRT"
"1269" "Cox4i1" 505.005141478388 0.207756865836719 1.65175764076457 0.0985839670278141 0.488135339582009 1 1 "Uqcrc2_noRT" "non-targeting_noRT"
"1270" "Il33" 3.9520553816592 1.52711668527585 1.65142173222544 0.098652490293122 NA 0.285714285714286 0.178571428571429 "Uqcrc2_noRT" "non-targeting_noRT"
"1271" "Rps27a" 5019.13122799768 0.17077811300327 1.65129982759209 0.0986773674871405 0.488135339582009 1 1 "Uqcrc2_noRT" "non-targeting_noRT"
"1272" "Rad54b" 2.25176318884694 -2.52074468029392 -1.65113161016881 0.0987117040000109 NA 0.0476190476190476 0.267857142857143 "Uqcrc2_noRT" "non-targeting_noRT"
"1273" "Rfc5" 20.048278877198 -0.809220154677519 -1.65092808695985 0.0987532598754274 0.488135339582009 0.571428571428571 0.803571428571429 "Uqcrc2_noRT" "non-targeting_noRT"
"1274" "Ap2a2" 14.9427586292659 -0.846404617518584 -1.65091743684466 0.098755434826943 0.488135339582009 0.571428571428571 0.785714285714286 "Uqcrc2_noRT" "non-targeting_noRT"
"1275" "Pola2" 8.26186098271716 -1.18083486174225 -1.65016407170908 0.098909383047456 NA 0.285714285714286 0.517857142857143 "Uqcrc2_noRT" "non-targeting_noRT"
"1276" "Rpl29" 1134.93221094772 0.202539722828369 1.64952423525209 0.0990402823597309 0.488135339582009 1 1 "Uqcrc2_noRT" "non-targeting_noRT"
"1277" "Wipf1" 17.2447710651532 -0.776451471952696 -1.64946790531124 0.0990518130962138 0.488135339582009 0.619047619047619 0.75 "Uqcrc2_noRT" "non-targeting_noRT"
"1278" "Gadd45a" 11.1829957710667 -1.1010600863399 -1.64946747069147 0.0990519020670275 NA 0.476190476190476 0.410714285714286 "Uqcrc2_noRT" "non-targeting_noRT"
"1279" "Rapgef1" 8.25620348566342 -1.18908175959943 -1.64935648628142 0.0990746237224312 NA 0.333333333333333 0.625 "Uqcrc2_noRT" "non-targeting_noRT"
"1280" "Rps4x" 4278.41819340061 0.193262448041609 1.64928225916913 0.0990898224381072 0.488135339582009 1 1 "Uqcrc2_noRT" "non-targeting_noRT"
"1281" "Pecr" 12.0862450385424 0.912518585120342 1.64907927460159 0.0991313949843604 NA 0.571428571428571 0.607142857142857 "Uqcrc2_noRT" "non-targeting_noRT"
"1282" "Acap2" 9.64351251393651 0.953064287925671 1.64905431895303 0.0991365070225566 NA 0.666666666666667 0.428571428571429 "Uqcrc2_noRT" "non-targeting_noRT"
"1283" "Ufm1" 42.0912261283284 -0.504829285919241 -1.64857961237726 0.0992337883290435 0.488263277176673 0.857142857142857 0.982142857142857 "Uqcrc2_noRT" "non-targeting_noRT"
"1284" "Gpd2" 8.40588545449792 -1.21726421958311 -1.64801852203663 0.0993488704179094 NA 0.285714285714286 0.571428571428571 "Uqcrc2_noRT" "non-targeting_noRT"
"1285" "Maf" 2.33583150712446 2.15612869878323 1.64785271565752 0.0993828984093675 NA 0.142857142857143 0.0714285714285714 "Uqcrc2_noRT" "non-targeting_noRT"
"1286" "Slc26a11" 1.52232348912054 2.95690686213868 1.64729053905244 0.0994983416032061 NA 0.19047619047619 0.0357142857142857 "Uqcrc2_noRT" "non-targeting_noRT"
"1287" "Peg3" 10.7856180374771 -1.06938478969135 -1.64716022062865 0.0995251178128096 NA 0.238095238095238 0.535714285714286 "Uqcrc2_noRT" "non-targeting_noRT"
"1288" "Pgrmc1" 11.6655654798177 -1.03388522270909 -1.64713315206757 0.0995306802451886 NA 0.428571428571429 0.75 "Uqcrc2_noRT" "non-targeting_noRT"
"1289" "Ndufaf3" 12.9629157640789 0.914198631324305 1.64707847444042 0.0995419169370562 0.489197686799927 0.523809523809524 0.517857142857143 "Uqcrc2_noRT" "non-targeting_noRT"
"1290" "Pa2g4" 177.884768045496 0.312251139913544 1.64590905209676 0.0997824850037526 0.489355167219008 1 1 "Uqcrc2_noRT" "non-targeting_noRT"
"1291" "Rab11fip4" 1.03361567695962 3.38745576590966 1.64585875472371 0.0997928423348321 NA 0.142857142857143 0.0178571428571429 "Uqcrc2_noRT" "non-targeting_noRT"
"1292" "Gtf3a" 37.9376632314051 0.513857669406008 1.64577311809442 0.099810478765791 0.489355167219008 0.904761904761905 0.910714285714286 "Uqcrc2_noRT" "non-targeting_noRT"
"1293" "Mtbp" 7.89668149381491 -1.28118377282219 -1.64572863888436 0.0998196400151363 NA 0.285714285714286 0.535714285714286 "Uqcrc2_noRT" "non-targeting_noRT"
"1294" "Moap1" 1.03150932092462 3.38745163640777 1.64510440301645 0.0999482827675893 NA 0.142857142857143 0.0178571428571429 "Uqcrc2_noRT" "non-targeting_noRT"
"1295" "Dnajc16" 1.31326048433312 -2.90764404485013 -1.64427355772701 0.100119708714836 NA 0 0.232142857142857 "Uqcrc2_noRT" "non-targeting_noRT"
"1296" "Cbx5" 137.029285348863 -0.320562885963718 -1.64409317971154 0.10015695655308 0.490403290303491 0.952380952380952 1 "Uqcrc2_noRT" "non-targeting_noRT"
"1297" "Cog5" 5.90230388152155 1.33344002099557 1.64393893807525 0.100188816023672 NA 0.333333333333333 0.25 "Uqcrc2_noRT" "non-targeting_noRT"
"1298" "Vps26a" 11.7127392703791 0.904611722373469 1.64314784366891 0.100352348003116 NA 0.714285714285714 0.5 "Uqcrc2_noRT" "non-targeting_noRT"
"1299" "Arhgef26" 14.6520682370417 0.772826606366184 1.64301517377173 0.100379793834475 0.490403290303491 0.571428571428571 0.410714285714286 "Uqcrc2_noRT" "non-targeting_noRT"
"1300" "Lysmd2" 14.6520682370417 0.772826606366184 1.64301517377173 0.100379793834475 0.490403290303491 0.619047619047619 0.625 "Uqcrc2_noRT" "non-targeting_noRT"
"1301" "Crmp1" 1.26387403716725 -2.84706242300305 -1.64270589906024 0.100443797681989 NA 0 0.214285714285714 "Uqcrc2_noRT" "non-targeting_noRT"
"1302" "Tmem170b" 4.70091278122667 1.46870331107555 1.6426529257478 0.100454763676424 NA 0.380952380952381 0.214285714285714 "Uqcrc2_noRT" "non-targeting_noRT"
"1303" "Tcte2" 1.02460851285299 3.38743805590958 1.64262068551681 0.100461438187085 NA 0.142857142857143 0.0178571428571429 "Uqcrc2_noRT" "non-targeting_noRT"
"1304" "Zfp36l2" 13.5824723352747 -0.884478524456042 -1.64168056414625 0.100656221623136 0.490790501839009 0.476190476190476 0.714285714285714 "Uqcrc2_noRT" "non-targeting_noRT"
"1305" "Acadl" 50.0302464227453 0.464239531053171 1.64148748458445 0.10069626294377 0.490790501839009 0.857142857142857 0.964285714285714 "Uqcrc2_noRT" "non-targeting_noRT"
"1306" "4930503L19Rik" 4.22863607555144 -1.78871224798714 -1.6411699758321 0.100762136299004 NA 0.142857142857143 0.464285714285714 "Uqcrc2_noRT" "non-targeting_noRT"
"1307" "Cep55" 5.0881048055189 -1.65116276142747 -1.64102151601033 0.100792948951052 NA 0.0952380952380952 0.392857142857143 "Uqcrc2_noRT" "non-targeting_noRT"
"1308" "Pign" 1.25907958513061 -2.84238396754987 -1.63972507849034 0.101062342118386 NA 0 0.214285714285714 "Uqcrc2_noRT" "non-targeting_noRT"
"1309" "Angptl4" 1.25907958513061 -2.84238396754987 -1.63972507849034 0.101062342118386 NA 0 0.25 "Uqcrc2_noRT" "non-targeting_noRT"
"1310" "Snrnp48" 20.1365568654484 -0.733852790101399 -1.63859829659902 0.10129694733745 0.49288146752649 0.619047619047619 0.857142857142857 "Uqcrc2_noRT" "non-targeting_noRT"
"1311" "Tspan2" 2.46890361939492 1.93872793840266 1.63858308920044 0.101300116606494 NA 0.238095238095238 0.0892857142857143 "Uqcrc2_noRT" "non-targeting_noRT"
"1312" "Aco2" 42.6968534802857 -0.507605324712303 -1.63762049647311 0.101500884678677 0.49288146752649 0.857142857142857 0.982142857142857 "Uqcrc2_noRT" "non-targeting_noRT"
"1313" "Pdcd5" 151.132120063584 0.289510898472642 1.63739201792815 0.101548584974071 0.49288146752649 0.952380952380952 1 "Uqcrc2_noRT" "non-targeting_noRT"
"1314" "Asph" 14.4338534562522 0.845801211179256 1.63663961953041 0.101705792107888 0.49288146752649 0.619047619047619 0.607142857142857 "Uqcrc2_noRT" "non-targeting_noRT"
"1315" "Slc38a9" 1.27978200934551 -2.86245438848353 -1.63627766875767 0.101781487586067 NA 0 0.25 "Uqcrc2_noRT" "non-targeting_noRT"
"1316" "Kmt2a" 34.1825876899155 -0.585083186978722 -1.63625216820036 0.101786822258657 0.49288146752649 0.714285714285714 0.892857142857143 "Uqcrc2_noRT" "non-targeting_noRT"
"1317" "Serpine2" 1.72728438209761 2.59034521062754 1.63616232983439 0.101805618063328 NA 0.142857142857143 0.0535714285714286 "Uqcrc2_noRT" "non-targeting_noRT"
"1318" "Cdc23" 5.04800818723225 -1.67252493107524 -1.63610901857259 0.101816773046005 NA 0.142857142857143 0.517857142857143 "Uqcrc2_noRT" "non-targeting_noRT"
"1319" "Trappc6a" 23.4645045398268 0.673540980020997 1.63531716834195 0.101982576371585 0.49288146752649 0.857142857142857 0.821428571428571 "Uqcrc2_noRT" "non-targeting_noRT"
"1320" "Ash2l" 34.4601322913613 -0.552287238366288 -1.63528454085158 0.101989412758757 0.49288146752649 0.80952380952381 0.964285714285714 "Uqcrc2_noRT" "non-targeting_noRT"
"1321" "Nbn" 13.4775093416357 -0.893130189130111 -1.63486115142362 0.102078157967666 0.49288146752649 0.619047619047619 0.75 "Uqcrc2_noRT" "non-targeting_noRT"
"1322" "Wdr5" 12.8275206634245 -0.899557990187061 -1.63286149355563 0.102498130325256 0.494332474692203 0.523809523809524 0.803571428571429 "Uqcrc2_noRT" "non-targeting_noRT"
"1323" "Trib2" 4.67018247445027 1.47917030759152 1.63193478146086 0.102693225947178 NA 0.333333333333333 0.214285714285714 "Uqcrc2_noRT" "non-targeting_noRT"
"1324" "Hmx2" 4.4066790892298 -1.7945602119924 -1.63160117098508 0.102763531400163 NA 0.0952380952380952 0.303571428571429 "Uqcrc2_noRT" "non-targeting_noRT"
"1325" "N4bp2l2" 35.1716635269216 0.534753760551176 1.63156427026665 0.102771310250695 0.495072970683792 0.857142857142857 0.875 "Uqcrc2_noRT" "non-targeting_noRT"
"1326" "Smoc1" 35.7476825862297 -0.591374740381331 -1.62962208526257 0.103181393735898 0.4961141002971 0.761904761904762 0.892857142857143 "Uqcrc2_noRT" "non-targeting_noRT"
"1327" "Ubtd1" 18.5273030068531 0.801301020211778 1.62940542568836 0.103227220965636 0.4961141002971 0.666666666666667 0.589285714285714 "Uqcrc2_noRT" "non-targeting_noRT"
"1328" "Ubxn2a" 9.65223502453909 0.998316476833758 1.62804990364375 0.103514304663364 NA 0.380952380952381 0.410714285714286 "Uqcrc2_noRT" "non-targeting_noRT"
"1329" "Creb1" 8.40485230438143 1.02342069829868 1.62719463131627 0.103695767614104 NA 0.523809523809524 0.464285714285714 "Uqcrc2_noRT" "non-targeting_noRT"
"1330" "Anapc15" 17.8193056144769 -0.754473589012875 -1.62682570957643 0.103774119664936 0.49816392943562 0.571428571428571 0.803571428571429 "Uqcrc2_noRT" "non-targeting_noRT"
"1331" "Rpa2" 34.3288884269534 -0.627037302474684 -1.62553755909369 0.104048067619472 0.498900236163819 0.666666666666667 0.75 "Uqcrc2_noRT" "non-targeting_noRT"
"1332" "Top1" 69.0431471394902 0.416568596444646 1.62482691203947 0.104199445000559 0.499047804875363 0.952380952380952 0.946428571428571 "Uqcrc2_noRT" "non-targeting_noRT"
"1333" "Unkl" 1.25486687306062 -2.83832259854992 -1.62436809241575 0.104297272654361 NA 0 0.214285714285714 "Uqcrc2_noRT" "non-targeting_noRT"
"1334" "Bzw1" 135.394121591031 0.312401258173294 1.62413587688078 0.104346812502898 0.499175849869355 0.952380952380952 1 "Uqcrc2_noRT" "non-targeting_noRT"
"1335" "Zfp667" 2.18959385526122 -2.44071744030877 -1.62306568787731 0.104575363536174 NA 0.0476190476190476 0.303571428571429 "Uqcrc2_noRT" "non-targeting_noRT"
"1336" "Cklf" 6.68259041089676 -1.31851872807309 -1.62178606802778 0.104849162523494 NA 0.238095238095238 0.571428571428571 "Uqcrc2_noRT" "non-targeting_noRT"
"1337" "Chrdl2" 6.36115175783969 1.25696110036513 1.62115902874715 0.104983537100185 NA 0.428571428571429 0.196428571428571 "Uqcrc2_noRT" "non-targeting_noRT"
"1338" "Katnal2" 2.18269304718959 -2.43636136312108 -1.62069430065072 0.105083216549603 NA 0.0476190476190476 0.267857142857143 "Uqcrc2_noRT" "non-targeting_noRT"
"1339" "Plp2" 84.2837912266482 -0.381495404502704 -1.62020560271822 0.105188118301325 0.502262839612505 0.904761904761905 0.964285714285714 "Uqcrc2_noRT" "non-targeting_noRT"
"1340" "Wdr12" 33.4509662256288 -0.584700482902349 -1.61998794006048 0.105234867555351 0.502262839612505 0.904761904761905 0.910714285714286 "Uqcrc2_noRT" "non-targeting_noRT"
"1341" "Lmnb1" 18.1134170656236 -0.760502002995285 -1.61867070887157 0.105518132387445 0.503034598870103 0.571428571428571 0.678571428571429 "Uqcrc2_noRT" "non-targeting_noRT"
"1342" "Pdp1" 2.21552971000099 -2.449047434909 -1.61752039645603 0.105765996578128 NA 0.0476190476190476 0.303571428571429 "Uqcrc2_noRT" "non-targeting_noRT"
"1343" "Acads" 18.528879404291 0.689555384576217 1.61739009029555 0.105794103466343 0.503769850568155 0.714285714285714 0.714285714285714 "Uqcrc2_noRT" "non-targeting_noRT"
"1344" "Glmn" 11.3759467179653 0.886348303764288 1.61723770076872 0.105826981226624 NA 0.619047619047619 0.535714285714286 "Uqcrc2_noRT" "non-targeting_noRT"
"1345" "Oxsm" 0.996064393196202 3.35256172985288 1.6171506418699 0.105845767661148 NA 0.142857142857143 0.0178571428571429 "Uqcrc2_noRT" "non-targeting_noRT"
"1346" "Ubn2" 20.2130378003716 -0.741106995032913 -1.61663790550268 0.105956464682054 0.503875674643376 0.523809523809524 0.803571428571429 "Uqcrc2_noRT" "non-targeting_noRT"
"1347" "Ptpn18" 24.5787450560593 0.691081427947763 1.61615936005741 0.106059862884094 0.503875674643376 0.619047619047619 0.660714285714286 "Uqcrc2_noRT" "non-targeting_noRT"
"1348" "Apex1" 61.540979716573 0.401178325426211 1.61525668472919 0.106255119649105 0.504224409527518 1 0.928571428571429 "Uqcrc2_noRT" "non-targeting_noRT"
"1349" "Kpna2" 10.676449917811 -1.02314578653123 -1.61524483212148 0.106257685368857 NA 0.285714285714286 0.517857142857143 "Uqcrc2_noRT" "non-targeting_noRT"
"1350" "Naa16" 7.93201489019143 1.09568013749433 1.61483429567014 0.106346584021323 NA 0.428571428571429 0.339285714285714 "Uqcrc2_noRT" "non-targeting_noRT"
"1351" "Dhrs13os" 0.98916358512457 3.35246974397452 1.6145602911046 0.106405950500683 NA 0.142857142857143 0.0178571428571429 "Uqcrc2_noRT" "non-targeting_noRT"
"1352" "Hdac5" 4.17918470926032 -1.74630243535124 -1.61398111669306 0.106531522259453 NA 0.142857142857143 0.5 "Uqcrc2_noRT" "non-targeting_noRT"
"1353" "Tnfsf12" 3.36593075908848 1.83200912137335 1.61185235372026 0.106994072453365 NA 0.238095238095238 0.142857142857143 "Uqcrc2_noRT" "non-targeting_noRT"
"1354" "Lsm3" 71.1557285809337 -0.455681273060063 -1.61179729123232 0.107006057834915 0.506358181665824 0.904761904761905 0.946428571428571 "Uqcrc2_noRT" "non-targeting_noRT"
"1355" "R3hdm4" 21.8543021566651 0.67693375624795 1.61165009075411 0.107038103998515 0.506358181665824 0.904761904761905 0.785714285714286 "Uqcrc2_noRT" "non-targeting_noRT"
"1356" "P4hb" 138.999996820397 -0.352949690703326 -1.6111229660011 0.107152923648624 0.506358181665824 1 1 "Uqcrc2_noRT" "non-targeting_noRT"
"1357" "Hist1h2be" 1.36636059287117 -2.95736455627807 -1.61096482596856 0.107187389132437 NA 0 0.160714285714286 "Uqcrc2_noRT" "non-targeting_noRT"
"1358" "Tnfrsf12a" 35.2225963377624 0.525910636018641 1.6109333942857 0.10719424048798 0.506358181665824 0.571428571428571 0.767857142857143 "Uqcrc2_noRT" "non-targeting_noRT"
"1359" "Mcc" 1.28668281741714 -2.86933856853327 -1.610424574235 0.10730519936867 NA 0 0.196428571428571 "Uqcrc2_noRT" "non-targeting_noRT"
"1360" "Ube2e1" 35.4523732673341 0.514139966870007 1.60966536818966 0.107470929291248 0.507007594543415 0.857142857142857 0.946428571428571 "Uqcrc2_noRT" "non-targeting_noRT"
"1361" "Lrpap1" 24.7087272888639 0.600134269774338 1.60918100560019 0.107576768489395 0.507007594543415 0.857142857142857 0.839285714285714 "Uqcrc2_noRT" "non-targeting_noRT"
"1362" "Rccd1" 3.23013929007506 -2.05248513649211 -1.60799301437223 0.107836708733018 NA 0.0952380952380952 0.375 "Uqcrc2_noRT" "non-targeting_noRT"
"1363" "Gm15091" 0.983348414633062 3.34108165125199 1.60748796673151 0.107947366989821 NA 0.142857142857143 0.0178571428571429 "Uqcrc2_noRT" "non-targeting_noRT"
"1364" "Slc9a3r2" 3.43190854268896 1.62522019508716 1.60713260777627 0.108025281631972 NA 0.238095238095238 0.142857142857143 "Uqcrc2_noRT" "non-targeting_noRT"
"1365" "Rbm45" 4.52305122292264 1.46635157751647 1.60657511360835 0.108147605360776 NA 0.380952380952381 0.214285714285714 "Uqcrc2_noRT" "non-targeting_noRT"
"1366" "Fa2h" 4.31129617528548 -1.77839883913038 -1.60647486254189 0.10816961378025 NA 0.142857142857143 0.428571428571429 "Uqcrc2_noRT" "non-targeting_noRT"
"1367" "Serpini1" 5.40264221138824 1.24538836062076 1.60644992571641 0.108175088787399 NA 0.428571428571429 0.267857142857143 "Uqcrc2_noRT" "non-targeting_noRT"
"1368" "Mtm1" 4.22363680109536 -1.73542490989138 -1.60641055681785 0.108183732876232 NA 0.142857142857143 0.446428571428571 "Uqcrc2_noRT" "non-targeting_noRT"
"1369" "Metap1d" 10.791306443727 0.949484416510045 1.60632847072119 0.108201757986419 NA 0.619047619047619 0.517857142857143 "Uqcrc2_noRT" "non-targeting_noRT"
"1370" "Col9a3" 61.5528220783552 0.570068493133169 1.606063166543 0.108260031819364 0.509446493323079 0.857142857142857 0.839285714285714 "Uqcrc2_noRT" "non-targeting_noRT"
"1371" "Chchd3" 70.0452371837128 0.382810222875478 1.60536465588166 0.10841357787195 0.509446493323079 0.952380952380952 0.982142857142857 "Uqcrc2_noRT" "non-targeting_noRT"
"1372" "Nol11" 43.8464626914416 -0.500231041189663 -1.60414023127122 0.10868314564886 0.509446493323079 0.761904761904762 1 "Uqcrc2_noRT" "non-targeting_noRT"
"1373" "Ube2e3" 34.3762265152884 0.534473260712208 1.60367799711172 0.108785048308407 0.509446493323079 0.952380952380952 0.875 "Uqcrc2_noRT" "non-targeting_noRT"
"1374" "Ifi27" 72.5807025642193 -0.420358278226183 -1.60349354415537 0.108825733307 0.509446493323079 0.904761904761905 0.982142857142857 "Uqcrc2_noRT" "non-targeting_noRT"
"1375" "March9" 9.73321817195205 0.919641237567678 1.60335740142926 0.108855770182714 NA 0.619047619047619 0.482142857142857 "Uqcrc2_noRT" "non-targeting_noRT"
"1376" "Hist1h2ak" 3.24975607670983 -2.05043960529342 -1.60333694437926 0.108860284144151 NA 0.0952380952380952 0.357142857142857 "Uqcrc2_noRT" "non-targeting_noRT"
"1377" "Snhg9" 24.9718723483667 -0.658018283258217 -1.60241676076151 0.109063480917238 0.509446493323079 0.666666666666667 0.767857142857143 "Uqcrc2_noRT" "non-targeting_noRT"
"1378" "Ctsd" 71.1333227792146 -0.422871773309538 -1.60175196614933 0.109210468727723 0.509446493323079 0.904761904761905 0.982142857142857 "Uqcrc2_noRT" "non-targeting_noRT"
"1379" "Urah" 6.56778002836352 1.25116010862243 1.60161056202084 0.109241753740666 NA 0.333333333333333 0.285714285714286 "Uqcrc2_noRT" "non-targeting_noRT"
"1380" "Pbk" 14.5155258523478 -0.899016109700734 -1.60138746473843 0.10929112739782 0.509446493323079 0.238095238095238 0.571428571428571 "Uqcrc2_noRT" "non-targeting_noRT"
"1381" "Ttc1" 30.2138548582957 -0.584127929923277 -1.60127983118687 0.109314954086812 0.509446493323079 0.857142857142857 0.928571428571429 "Uqcrc2_noRT" "non-targeting_noRT"
"1382" "Phpt1" 15.401813823285 0.747770416062813 1.60123267004356 0.10932539537721 0.509446493323079 0.666666666666667 0.642857142857143 "Uqcrc2_noRT" "non-targeting_noRT"
"1383" "Tmem8" 7.76166123570223 1.06589993615159 1.60121029752987 0.109330348838908 NA 0.476190476190476 0.303571428571429 "Uqcrc2_noRT" "non-targeting_noRT"
"1384" "Brinp3" 1.24106525691735 -2.82468166603036 -1.60119809337961 0.109333051014678 NA 0 0.196428571428571 "Uqcrc2_noRT" "non-targeting_noRT"
"1385" "Ccdc7b" 1.98190544165803 2.70136856750646 1.60101991257756 0.109372508840719 NA 0.0952380952380952 0.0535714285714286 "Uqcrc2_noRT" "non-targeting_noRT"
"1386" "Arl4c" 9.05917180516163 0.983261790659465 1.60036451461328 0.109517742447049 NA 0.428571428571429 0.357142857142857 "Uqcrc2_noRT" "non-targeting_noRT"
"1387" "Ppt2" 14.3857841841231 -0.975392590440047 -1.60032293100674 0.109526962351257 0.509563586294379 0.428571428571429 0.75 "Uqcrc2_noRT" "non-targeting_noRT"
"1388" "Abca3" 3.45363168535873 1.61995170118537 1.60006818811184 0.109583457259721 NA 0.285714285714286 0.178571428571429 "Uqcrc2_noRT" "non-targeting_noRT"
"1389" "Il6ra" 2.41914025468185 1.89890112560776 1.59988535476681 0.109624018821744 NA 0.238095238095238 0.107142857142857 "Uqcrc2_noRT" "non-targeting_noRT"
"1390" "Supt6" 10.7103899883461 -1.01776234054651 -1.59963708785341 0.10967911581247 NA 0.333333333333333 0.625 "Uqcrc2_noRT" "non-targeting_noRT"
"1391" "Heatr6" 20.6736924672613 -0.696172078476865 -1.59951378713712 0.10970648763413 0.509563586294379 0.476190476190476 0.910714285714286 "Uqcrc2_noRT" "non-targeting_noRT"
"1392" "Ctsz" 85.535556925012 0.359462807980766 1.59945315020241 0.109719950552995 0.509563586294379 0.952380952380952 0.982142857142857 "Uqcrc2_noRT" "non-targeting_noRT"
"1393" "Arhgef2" 12.0967480629083 -0.948184674979094 -1.59795645164198 0.110052669214997 NA 0.380952380952381 0.535714285714286 "Uqcrc2_noRT" "non-targeting_noRT"
"1394" "Prxl2c" 6.5267095183764 -1.30355888271928 -1.59714710853757 0.110232919396139 NA 0.238095238095238 0.553571428571429 "Uqcrc2_noRT" "non-targeting_noRT"
"1395" "Adra1b" 16.8902866267653 -0.77790061049715 -1.59601380084329 0.110485712139069 0.512544704968015 0.428571428571429 0.714285714285714 "Uqcrc2_noRT" "non-targeting_noRT"
"1396" "Phlpp2" 1.25428513309398 -2.837567314215 -1.59598117678558 0.110492995953154 NA 0 0.214285714285714 "Uqcrc2_noRT" "non-targeting_noRT"
"1397" "Ncam2" 1.25276051702562 -2.83619136712524 -1.59506294900406 0.110698159789765 NA 0 0.232142857142857 "Uqcrc2_noRT" "non-targeting_noRT"
"1398" "Sec22a" 5.32425489593376 1.23476278042662 1.59505108264716 0.110700813111795 NA 0.380952380952381 0.25 "Uqcrc2_noRT" "non-targeting_noRT"
"1399" "Lonp1" 14.1665337277306 -0.838949846424894 -1.59442307815633 0.110841306834897 0.512568022819181 0.428571428571429 0.678571428571429 "Uqcrc2_noRT" "non-targeting_noRT"
"1400" "Ndufaf4" 68.621980496272 0.390484386343815 1.59437505245223 0.110852056674432 0.512568022819181 1 0.982142857142857 "Uqcrc2_noRT" "non-targeting_noRT"
"1401" "Mrpl22" 95.8338450060297 -0.35679967603183 -1.59432909547991 0.110862344229862 0.512568022819181 1 1 "Uqcrc2_noRT" "non-targeting_noRT"
"1402" "Ddx17" 24.8033076691168 -0.626454303264793 -1.59367973169885 0.111007786134252 0.512667655160195 0.714285714285714 0.964285714285714 "Uqcrc2_noRT" "non-targeting_noRT"
"1403" "Tbcel" 3.19098554789013 -2.08220575554172 -1.59296698991205 0.111167596551158 NA 0.0476190476190476 0.357142857142857 "Uqcrc2_noRT" "non-targeting_noRT"
"1404" "Exo1" 7.46541704530967 -1.30977735274896 -1.59281990693832 0.111200597976555 NA 0.238095238095238 0.464285714285714 "Uqcrc2_noRT" "non-targeting_noRT"
"1405" "Cyp2j9" 9.71309748770379 0.925279237299455 1.59270843026449 0.111225615466185 NA 0.619047619047619 0.410714285714286 "Uqcrc2_noRT" "non-targeting_noRT"
"1406" "Maged2" 48.4578529678472 0.484951852818255 1.59261107080602 0.111247468417717 0.513201810827773 0.857142857142857 0.839285714285714 "Uqcrc2_noRT" "non-targeting_noRT"
"1407" "Larp7" 17.8935322137587 -0.760130846761166 -1.59164016182206 0.111465580582571 0.513635381348194 0.571428571428571 0.821428571428571 "Uqcrc2_noRT" "non-targeting_noRT"
"1408" "Zfr" 34.9808350238424 -0.537985443849595 -1.59062481689845 0.111694035998214 0.514115596174206 0.857142857142857 0.946428571428571 "Uqcrc2_noRT" "non-targeting_noRT"
"1409" "Iqcb1" 4.07900933201082 -1.75495847608039 -1.58995517686054 0.111844908911714 NA 0.0952380952380952 0.482142857142857 "Uqcrc2_noRT" "non-targeting_noRT"
"1410" "Usp12" 14.5490128645991 0.80986235909768 1.58974605835581 0.111892057178864 0.514194499533 0.666666666666667 0.535714285714286 "Uqcrc2_noRT" "non-targeting_noRT"
"1411" "Sod1" 63.0958318516262 -0.450319818301622 -1.58944615506927 0.111959701324126 0.514194499533 0.952380952380952 0.928571428571429 "Uqcrc2_noRT" "non-targeting_noRT"
"1412" "Gclm" 31.9235198450134 -0.550862914181142 -1.58886508863769 0.112090854505554 0.514226115237232 0.904761904761905 0.857142857142857 "Uqcrc2_noRT" "non-targeting_noRT"
"1413" "Btf3" 676.927411619676 0.212331561982525 1.58820000693832 0.112241119555895 0.514345241109961 1 1 "Uqcrc2_noRT" "non-targeting_noRT"
"1414" "Rnf6" 11.0813826590084 -0.9464298622651 -1.58745059325007 0.11241062842371 NA 0.476190476190476 0.732142857142857 "Uqcrc2_noRT" "non-targeting_noRT"
"1415" "Ripk2" 25.9465322640331 -0.614647390754183 -1.58640682278949 0.112647053707451 0.514658617430666 0.761904761904762 0.803571428571429 "Uqcrc2_noRT" "non-targeting_noRT"
"1416" "Galk2" 5.40314610900172 1.2360913084644 1.58637014373715 0.112655369032873 NA 0.523809523809524 0.285714285714286 "Uqcrc2_noRT" "non-targeting_noRT"
"1417" "Pola1" 31.7391808399596 -0.624862866141761 -1.5859545307858 0.11274962438394 0.514658617430666 0.523809523809524 0.839285714285714 "Uqcrc2_noRT" "non-targeting_noRT"
"1418" "Cdk2ap1" 92.6639709743974 -0.380722248698896 -1.58531002908633 0.112895911504431 0.514658617430666 1 1 "Uqcrc2_noRT" "non-targeting_noRT"
"1419" "Nfu1" 44.0129119021305 0.452177318691517 1.58515187603715 0.112931831470267 0.514658617430666 0.857142857142857 0.982142857142857 "Uqcrc2_noRT" "non-targeting_noRT"
"1420" "Nop58" 115.968183800588 -0.328527949443019 -1.58479412912421 0.113013116733435 0.514658617430666 0.952380952380952 1 "Uqcrc2_noRT" "non-targeting_noRT"
"1421" "Wdr36" 12.6497137945464 -0.880352638712277 -1.58460658658749 0.113055747521623 0.514658617430666 0.476190476190476 0.803571428571429 "Uqcrc2_noRT" "non-targeting_noRT"
"1422" "Ndufa11" 119.814988863888 0.317892485476173 1.58254972827419 0.113524129440834 0.516222909479307 0.952380952380952 1 "Uqcrc2_noRT" "non-targeting_noRT"
"1423" "Ptges2" 10.2721659015216 0.881015680481252 1.58246641247202 0.11354313403949 NA 0.523809523809524 0.553571428571429 "Uqcrc2_noRT" "non-targeting_noRT"
"1424" "Ppig" 68.6902395217855 -0.396605727155054 -1.58166745700244 0.113725505574219 0.516570957262481 1 0.982142857142857 "Uqcrc2_noRT" "non-targeting_noRT"
"1425" "Gm14296" 3.39797331906954 1.6108739655042 1.58128006269933 0.113814016152688 NA 0.238095238095238 0.178571428571429 "Uqcrc2_noRT" "non-targeting_noRT"
"1426" "Kmt2e" 55.0066052612951 0.484243426986013 1.58100427583289 0.113877060078388 0.516692187066195 0.952380952380952 0.910714285714286 "Uqcrc2_noRT" "non-targeting_noRT"
"1427" "Cd2bp2" 12.0191097356326 -0.917797375473883 -1.58062113087412 0.113964691327117 NA 0.428571428571429 0.821428571428571 "Uqcrc2_noRT" "non-targeting_noRT"
"1428" "Mir22hg" 4.44297065155386 -1.84155493430789 -1.58054853497995 0.113981301125857 NA 0.0952380952380952 0.482142857142857 "Uqcrc2_noRT" "non-targeting_noRT"
"1429" "Slpi" 1.79506207502394 2.6028015681814 1.5801510584548 0.11407227676722 NA 0.19047619047619 0.0357142857142857 "Uqcrc2_noRT" "non-targeting_noRT"
"1430" "Slbp" 52.478330309855 -0.509574220644793 -1.57981496923986 0.114149246490298 0.517359892636204 0.80952380952381 0.946428571428571 "Uqcrc2_noRT" "non-targeting_noRT"
"1431" "Cpne7" 1.11091735483397 3.47306833199027 1.57921347769369 0.114287099581216 NA 0.0476190476190476 0.0178571428571429 "Uqcrc2_noRT" "non-targeting_noRT"
"1432" "Arl10" 2.44035949973814 1.9141097833718 1.57887898349804 0.114363817452394 NA 0.238095238095238 0.107142857142857 "Uqcrc2_noRT" "non-targeting_noRT"
"1433" "Dcaf17" 34.2838640646345 1.47970203729797 1.57787419938407 0.114594513345543 0.518361369019917 0.523809523809524 0.5 "Uqcrc2_noRT" "non-targeting_noRT"
"1434" "Wdr18" 44.7232669464636 0.474640842375922 1.57776003922945 0.11462074737874 0.518361369019917 1 0.946428571428571 "Uqcrc2_noRT" "non-targeting_noRT"
"1435" "Nsdhl" 11.2226289301117 0.936817972142529 1.57743459328826 0.114695560880713 NA 0.476190476190476 0.428571428571429 "Uqcrc2_noRT" "non-targeting_noRT"
"1436" "Brd9" 9.68718090027278 -1.02240432955223 -1.57700851323823 0.114793566222385 NA 0.285714285714286 0.625 "Uqcrc2_noRT" "non-targeting_noRT"
"1437" "Stk25" 10.9481138019276 0.862681090667791 1.57662642833874 0.114881507986343 NA 0.619047619047619 0.535714285714286 "Uqcrc2_noRT" "non-targeting_noRT"
"1438" "Rel" 9.16418878342942 0.942505097370539 1.57610071614212 0.115002594044446 NA 0.571428571428571 0.392857142857143 "Uqcrc2_noRT" "non-targeting_noRT"
"1439" "Slc30a5" 7.30317951047696 -1.19685183103259 -1.57556120111964 0.115126963633538 NA 0.285714285714286 0.660714285714286 "Uqcrc2_noRT" "non-targeting_noRT"
"1440" "Sytl2" 7.68428726630048 -1.27052216546499 -1.57486863760711 0.115286769158118 NA 0.285714285714286 0.482142857142857 "Uqcrc2_noRT" "non-targeting_noRT"
"1441" "Lrrc42" 14.5210221887702 -0.910404919792275 -1.57414611781404 0.115453672817023 0.521558185717076 0.428571428571429 0.821428571428571 "Uqcrc2_noRT" "non-targeting_noRT"
"1442" "Prr11" 4.94990444999462 -1.51906244831966 -1.57380092859556 0.115533479325009 NA 0.142857142857143 0.392857142857143 "Uqcrc2_noRT" "non-targeting_noRT"
"1443" "Haus1" 17.7087576289523 -0.73422826643615 -1.5727533489185 0.115775941556075 0.521889706539302 0.666666666666667 0.839285714285714 "Uqcrc2_noRT" "non-targeting_noRT"
"1444" "Dctpp1" 98.8457807527973 -0.400355501758036 -1.57273884306266 0.115779301740715 0.521889706539302 0.952380952380952 1 "Uqcrc2_noRT" "non-targeting_noRT"
"1445" "Bcas3" 5.34910312436194 1.26601775116524 1.57238500994394 0.115861288563338 NA 0.333333333333333 0.232142857142857 "Uqcrc2_noRT" "non-targeting_noRT"
"1446" "Ttc26" 1.55536497435137 2.34566698681067 1.57231990887318 0.115876378129411 NA 0.19047619047619 0.0535714285714286 "Uqcrc2_noRT" "non-targeting_noRT"
"1447" "Samd14" 1.87626446654633 2.20431925980431 1.57231420725135 0.115877699763407 NA 0.19047619047619 0.0714285714285714 "Uqcrc2_noRT" "non-targeting_noRT"
"1448" "B230354K17Rik" 4.04400624095486 -1.73468969025107 -1.57218131086245 0.11590850845776 NA 0.142857142857143 0.446428571428571 "Uqcrc2_noRT" "non-targeting_noRT"
"1449" "Smim20" 9.27023940338 0.92210380506923 1.57095939395111 0.116192081063686 NA 0.523809523809524 0.446428571428571 "Uqcrc2_noRT" "non-targeting_noRT"
"1450" "Mrps7" 52.1901483767635 -0.45128164232697 -1.57065892144778 0.116261895736132 0.523389513792293 0.952380952380952 0.946428571428571 "Uqcrc2_noRT" "non-targeting_noRT"
"1451" "Surf4" 51.8807509611411 -0.442066219094272 -1.57021545240788 0.116364995816556 0.523389513792293 0.952380952380952 0.982142857142857 "Uqcrc2_noRT" "non-targeting_noRT"
"1452" "Slc25a37" 5.52387916025624 1.25029705398906 1.56938091995605 0.116559207195342 NA 0.476190476190476 0.267857142857143 "Uqcrc2_noRT" "non-targeting_noRT"
"1453" "Plpp1" 8.98290613558798 -1.10034262466033 -1.5690618785939 0.116633521355163 NA 0.428571428571429 0.571428571428571 "Uqcrc2_noRT" "non-targeting_noRT"
"1454" "Smarcd3" 1.40478243148114 2.85381367987726 1.56905281740519 0.116635632517112 NA 0.142857142857143 0.0357142857142857 "Uqcrc2_noRT" "non-targeting_noRT"
"1455" "Pold1" 6.40141418242258 -1.26652226366382 -1.5690081975991 0.116646028901845 NA 0.285714285714286 0.482142857142857 "Uqcrc2_noRT" "non-targeting_noRT"
"1456" "Wasl" 28.5339186732559 0.628346518864887 1.56877744308112 0.116699806165139 0.524000326582617 0.857142857142857 0.910714285714286 "Uqcrc2_noRT" "non-targeting_noRT"
"1457" "Exosc3" 55.0776735373416 -0.476763340734916 -1.5685447273847 0.11675406020038 0.524000326582617 0.904761904761905 1 "Uqcrc2_noRT" "non-targeting_noRT"
"1458" "Tsn" 78.8599964018931 -0.370713347191727 -1.56723896941713 0.117058844799897 0.524799024682527 0.904761904761905 1 "Uqcrc2_noRT" "non-targeting_noRT"
"1459" "Rnaseh2a" 34.4898390647679 -0.605419972864721 -1.5657741610649 0.117401497385251 0.525685475343416 0.666666666666667 0.928571428571429 "Uqcrc2_noRT" "non-targeting_noRT"
"1460" "Rock1" 45.196619776994 0.528341157198171 1.56530825365298 0.117510648789913 0.525685475343416 0.80952380952381 0.964285714285714 "Uqcrc2_noRT" "non-targeting_noRT"
"1461" "Bub1b" 6.44913809895737 -1.27886579697945 -1.56509494225549 0.117560649324002 NA 0.238095238095238 0.464285714285714 "Uqcrc2_noRT" "non-targeting_noRT"
"1462" "Rchy1" 11.062581768409 -0.923164566868087 -1.56458870704563 0.117679378503576 NA 0.476190476190476 0.714285714285714 "Uqcrc2_noRT" "non-targeting_noRT"
"1463" "Gbf1" 17.3608331572439 -0.799651031659199 -1.56436048923466 0.11773293401703 0.526055168016199 0.619047619047619 0.75 "Uqcrc2_noRT" "non-targeting_noRT"
"1464" "Smpd1" 6.03572755515278 1.1521926773283 1.56389591117727 0.117842014909225 NA 0.428571428571429 0.321428571428571 "Uqcrc2_noRT" "non-targeting_noRT"
"1465" "Adprh" 20.3480320951397 0.647676903113851 1.56387236785261 0.117847544889081 0.526055168016199 0.619047619047619 0.732142857142857 "Uqcrc2_noRT" "non-targeting_noRT"
"1466" "Mrtfa" 1.18688435771485 -2.75499064130064 -1.56361881532834 0.117907113543998 NA 0 0.214285714285714 "Uqcrc2_noRT" "non-targeting_noRT"
"1467" "3110040N11Rik" 6.44696483506566 -1.24991662327868 -1.56344266941231 0.117948510492811 NA 0.285714285714286 0.571428571428571 "Uqcrc2_noRT" "non-targeting_noRT"
"1468" "Pxk" 5.64166805853572 -1.36056918807897 -1.56335800361433 0.117968412290422 NA 0.238095238095238 0.464285714285714 "Uqcrc2_noRT" "non-targeting_noRT"
"1469" "Plaat3" 69.8040512213769 0.389302737637433 1.56306662951345 0.118036923699735 0.526332748135241 0.952380952380952 0.982142857142857 "Uqcrc2_noRT" "non-targeting_noRT"
"1470" "Smpd2" 7.13220885318238 1.29138253367205 1.5627529969011 0.11811070367727 NA 0.380952380952381 0.303571428571429 "Uqcrc2_noRT" "non-targeting_noRT"
"1471" "Pcdh7" 2.09669620363056 -2.368021707981 -1.56164317553655 0.118372072268894 NA 0.0476190476190476 0.303571428571429 "Uqcrc2_noRT" "non-targeting_noRT"
"1472" "Hsf2" 19.264788657958 0.682880472362838 1.56145961037895 0.118415346483832 0.527293506667946 0.714285714285714 0.660714285714286 "Uqcrc2_noRT" "non-targeting_noRT"
"1473" "Tbl1x" 40.6244844164635 -0.490824647884431 -1.56004211544118 0.118749929023302 0.527293506667946 0.761904761904762 0.928571428571429 "Uqcrc2_noRT" "non-targeting_noRT"
"1474" "Ccdc50" 13.2200985621938 -0.841724572596446 -1.55884414715881 0.119033272425098 0.527293506667946 0.571428571428571 0.732142857142857 "Uqcrc2_noRT" "non-targeting_noRT"
"1475" "Psmd7" 140.449373589827 -0.298752821739981 -1.5588059994245 0.119042303823434 0.527293506667946 0.952380952380952 1 "Uqcrc2_noRT" "non-targeting_noRT"
"1476" "Pkmyt1" 4.00769491975575 -1.67613488660253 -1.55853617455521 0.119106199646291 NA 0.142857142857143 0.410714285714286 "Uqcrc2_noRT" "non-targeting_noRT"
"1477" "Tor1aip1" 34.4324873860181 -0.539610078262792 -1.55765266578969 0.119315606870158 0.527293506667946 0.904761904761905 0.946428571428571 "Uqcrc2_noRT" "non-targeting_noRT"
"1478" "Pycard" 1.17787719360822 -2.74571552764224 -1.55763655464632 0.119319428173101 NA 0 0.160714285714286 "Uqcrc2_noRT" "non-targeting_noRT"
"1479" "Pde6h" 1.85293886545505 2.18779907625132 1.5575098157247 0.119349491942431 NA 0.19047619047619 0.0714285714285714 "Uqcrc2_noRT" "non-targeting_noRT"
"1480" "Plpp2" 57.3997104635139 -0.452460514898397 -1.55643667177308 0.119604290628387 0.527293506667946 0.904761904761905 0.964285714285714 "Uqcrc2_noRT" "non-targeting_noRT"
"1481" "Pik3cd" 2.13912177051523 -2.38779119375601 -1.55571739742245 0.119775307748077 NA 0.0476190476190476 0.25 "Uqcrc2_noRT" "non-targeting_noRT"
"1482" "B4galt6" 9.02996611445359 0.986834873624865 1.55550226425229 0.11982649573682 NA 0.523809523809524 0.375 "Uqcrc2_noRT" "non-targeting_noRT"
"1483" "Sumo1" 110.568284960036 0.326850335224735 1.55505804571205 0.119932245663845 0.527293506667946 0.952380952380952 1 "Uqcrc2_noRT" "non-targeting_noRT"
"1484" "Gphn" 7.16232378624272 -1.19626949871725 -1.55446449635433 0.120073659095242 NA 0.333333333333333 0.553571428571429 "Uqcrc2_noRT" "non-targeting_noRT"
"1485" "Fam162a" 58.4485693305584 -0.43465446936435 -1.55438733029944 0.120092053533393 0.527293506667946 0.80952380952381 1 "Uqcrc2_noRT" "non-targeting_noRT"
"1486" "Cnot6" 17.660515393114 -0.75683254236582 -1.554365162032 0.120097338296327 0.527293506667946 0.476190476190476 0.821428571428571 "Uqcrc2_noRT" "non-targeting_noRT"
"1487" "Blm" 4.29916877233611 -1.81553969742421 -1.5543296588983 0.120105802379292 NA 0.142857142857143 0.303571428571429 "Uqcrc2_noRT" "non-targeting_noRT"
"1488" "Bcas1" 39.0185538549872 -0.573448197984998 -1.55416581245555 0.120144870050494 0.527293506667946 0.80952380952381 0.821428571428571 "Uqcrc2_noRT" "non-targeting_noRT"
"1489" "Gm35019" 20.5930151371383 -0.747787988230151 -1.55399852267063 0.120184769020329 0.527293506667946 0.571428571428571 0.642857142857143 "Uqcrc2_noRT" "non-targeting_noRT"
"1490" "Jam3" 17.7390618804683 -0.730885434535894 -1.5539275154159 0.120201707537758 0.527293506667946 0.476190476190476 0.767857142857143 "Uqcrc2_noRT" "non-targeting_noRT"
"1491" "Sdhb" 120.321105358619 0.302571008341275 1.55385765658104 0.120218373927885 0.527293506667946 1 1 "Uqcrc2_noRT" "non-targeting_noRT"
"1492" "Atp5a1" 124.369057695466 -0.318367161949574 -1.55373962118189 0.120246538027831 0.527293506667946 1 0.982142857142857 "Uqcrc2_noRT" "non-targeting_noRT"
"1493" "Vps29" 61.4283069000727 0.389219080006566 1.55347128244769 0.120310584811917 0.527293506667946 0.952380952380952 0.982142857142857 "Uqcrc2_noRT" "non-targeting_noRT"
"1494" "Nfkbiz" 7.50753362993809 1.0397316771979 1.5533583722946 0.120337542060686 NA 0.380952380952381 0.303571428571429 "Uqcrc2_noRT" "non-targeting_noRT"
"1495" "Suclg2" 24.6044887966699 0.596081028331302 1.55323022735786 0.120368142335782 0.527293506667946 0.80952380952381 0.875 "Uqcrc2_noRT" "non-targeting_noRT"
"1496" "Chic2" 63.8434210659049 0.377267195661595 1.55294183893606 0.120437030115338 0.527293506667946 0.952380952380952 1 "Uqcrc2_noRT" "non-targeting_noRT"
"1497" "Gm47283" 153.94240069824 -0.274057907933396 -1.55248560369117 0.120546074748158 0.527293506667946 1 0.982142857142857 "Uqcrc2_noRT" "non-targeting_noRT"
"1498" "Tal1" 1.07276941914455 3.4367819118302 1.55096699287058 0.120909594194257 NA 0.0952380952380952 0.0178571428571429 "Uqcrc2_noRT" "non-targeting_noRT"
"1499" "Ubl5" 245.156655585736 0.241673135493251 1.55025335154406 0.121080719011628 0.528172947080364 1 1 "Uqcrc2_noRT" "non-targeting_noRT"
"1500" "Plk1" 17.9637773988551 -0.756190261631406 -1.55005121099449 0.121129224931398 0.528172947080364 0.380952380952381 0.571428571428571 "Uqcrc2_noRT" "non-targeting_noRT"
"1501" "Tshz1" 7.33338616076484 -1.19300709271301 -1.54972774262923 0.12120687646336 NA 0.142857142857143 0.535714285714286 "Uqcrc2_noRT" "non-targeting_noRT"
"1502" "Gins2" 13.3655759385398 -0.984043538748165 -1.54957159948613 0.121244373982246 0.528172947080364 0.380952380952381 0.660714285714286 "Uqcrc2_noRT" "non-targeting_noRT"
"1503" "Zc3h15" 103.109504352247 -0.333151694377172 -1.54951618106828 0.121257684805787 0.528172947080364 0.952380952380952 1 "Uqcrc2_noRT" "non-targeting_noRT"
"1504" "Bag6" 12.5796229344341 -0.858572163229897 -1.54938368571877 0.121289513195415 NA 0.571428571428571 0.767857142857143 "Uqcrc2_noRT" "non-targeting_noRT"
"1505" "Pfdn1" 144.77561664274 0.277594362994896 1.54894521670386 0.121394890001722 0.528214568693088 1 1 "Uqcrc2_noRT" "non-targeting_noRT"
"1506" "Epcam" 21.8250741496838 -0.714721081190746 -1.54837616786806 0.121531755674501 0.528254627080972 0.619047619047619 0.732142857142857 "Uqcrc2_noRT" "non-targeting_noRT"
"1507" "Zfp410" 3.22034556358236 -1.98231530949341 -1.54755108442423 0.121730416210385 NA 0.0952380952380952 0.375 "Uqcrc2_noRT" "non-targeting_noRT"
"1508" "Mtf2" 11.9808368086083 -0.908651824526983 -1.5456962850121 0.122177934886601 NA 0.380952380952381 0.714285714285714 "Uqcrc2_noRT" "non-targeting_noRT"
"1509" "Tvp23a" 1.17577083757322 -2.74355134661495 -1.54425297414983 0.122527060027574 NA 0 0.142857142857143 "Uqcrc2_noRT" "non-targeting_noRT"
"1510" "Tafa5" 2.15247956125458 -2.40816963904174 -1.54387815140496 0.122617853978011 NA 0.0476190476190476 0.160714285714286 "Uqcrc2_noRT" "non-targeting_noRT"
"1511" "Tssc4" 10.2718954538829 -1.10699934095145 -1.54384510416075 0.122625861589017 NA 0.19047619047619 0.589285714285714 "Uqcrc2_noRT" "non-targeting_noRT"
"1512" "Trip12" 20.3518687591152 0.646963249556523 1.5431672713742 0.12279019603039 0.532631998095062 0.619047619047619 0.696428571428571 "Uqcrc2_noRT" "non-targeting_noRT"
"1513" "Pnkp" 9.49020764931087 1.03127112329402 1.54275474600476 0.122890293261583 NA 0.380952380952381 0.464285714285714 "Uqcrc2_noRT" "non-targeting_noRT"
"1514" "Lockd" 22.7946675467134 -0.769959539980744 -1.54270671224502 0.122901952556255 0.532631998095062 0.428571428571429 0.714285714285714 "Uqcrc2_noRT" "non-targeting_noRT"
"1515" "Gdpd1" 24.0581730665797 0.594529035747854 1.54261186365552 0.122924977810726 0.532631998095062 0.761904761904762 0.75 "Uqcrc2_noRT" "non-targeting_noRT"
"1516" "Ank" 1.17308274157158 -2.74067488207294 -1.54242053167023 0.122971435435481 NA 0 0.196428571428571 "Uqcrc2_noRT" "non-targeting_noRT"
"1517" "Ago2" 17.6261056055305 -0.728115797665206 -1.5413556933447 0.123230241111976 0.5333961691646 0.571428571428571 0.821428571428571 "Uqcrc2_noRT" "non-targeting_noRT"
"1518" "Glis1" 0.675164901001241 3.82967663459468 1.54103300833973 0.123308752624497 NA 0.0952380952380952 0 "Uqcrc2_noRT" "non-targeting_noRT"
"1519" "Gm47545" 0.675164901001241 3.82967663459468 1.54103300833973 0.123308752624497 NA 0.0952380952380952 0 "Uqcrc2_noRT" "non-targeting_noRT"
"1520" "Caskin1" 0.675164901001241 3.82967663459468 1.54103300833973 0.123308752624497 NA 0.0952380952380952 0 "Uqcrc2_noRT" "non-targeting_noRT"
"1521" "Gm50069" 0.675164901001241 3.82967663459468 1.54103300833973 0.123308752624497 NA 0.0952380952380952 0 "Uqcrc2_noRT" "non-targeting_noRT"
"1522" "March3" 0.675164901001241 3.82967663459468 1.54103300833973 0.123308752624497 NA 0.0952380952380952 0 "Uqcrc2_noRT" "non-targeting_noRT"
"1523" "Olfr1423" 0.675164901001241 3.82967663459468 1.54103300833973 0.123308752624497 NA 0.0952380952380952 0 "Uqcrc2_noRT" "non-targeting_noRT"
"1524" "Bcl6" 1.18267164564485 -2.75074063140859 -1.54097911506866 0.123321869038662 NA 0 0.214285714285714 "Uqcrc2_noRT" "non-targeting_noRT"
"1525" "Gcc1" 2.0786818754173 -2.35600440611979 -1.54050986622448 0.123436119729854 NA 0.0476190476190476 0.232142857142857 "Uqcrc2_noRT" "non-targeting_noRT"
"1526" "Metap2" 146.712294641743 0.310752065052974 1.54039033175248 0.123465236671527 0.533764219282777 1 1 "Uqcrc2_noRT" "non-targeting_noRT"
"1527" "Ston1" 1.49448808949667 2.31080605849853 1.54028809160989 0.123490145208368 NA 0.142857142857143 0.0535714285714286 "Uqcrc2_noRT" "non-targeting_noRT"
"1528" "Papss2" 2.0972779435972 -2.36846521155447 -1.53983478247051 0.123600631158393 NA 0.0476190476190476 0.25 "Uqcrc2_noRT" "non-targeting_noRT"
"1529" "2900076A07Rik" 2.09619230601707 -2.35922527794608 -1.53966999516488 0.123640814218847 NA 0.0476190476190476 0.321428571428571 "Uqcrc2_noRT" "non-targeting_noRT"
"1530" "Prkce" 3.19543042729746 -1.97101471628186 -1.53964382799851 0.123647195968993 NA 0.0952380952380952 0.339285714285714 "Uqcrc2_noRT" "non-targeting_noRT"
"1531" "Pias3" 1.16887002950159 -2.73634500569922 -1.53960740950353 0.123656078280908 NA 0 0.214285714285714 "Uqcrc2_noRT" "non-targeting_noRT"
"1532" "Akr1b8" 25.5102422554998 0.562407509475248 1.53885519133893 0.123839652413074 0.533764219282777 0.80952380952381 0.821428571428571 "Uqcrc2_noRT" "non-targeting_noRT"
"1533" "Raet1e" 19.1486506191043 0.650091108975585 1.53880738814838 0.123851325666158 0.533764219282777 0.857142857142857 0.75 "Uqcrc2_noRT" "non-targeting_noRT"
"1534" "Irf2bp2" 18.8880825168817 0.713750085591929 1.53842958175617 0.123943613941787 0.533764219282777 0.666666666666667 0.642857142857143 "Uqcrc2_noRT" "non-targeting_noRT"
"1535" "Cers2" 71.2429114828994 -0.384417127545796 -1.5383615996839 0.123960225889499 0.533764219282777 0.857142857142857 1 "Uqcrc2_noRT" "non-targeting_noRT"
"1536" "Pin1" 100.032129159789 -0.349293566778097 -1.53717344182332 0.124250842126626 0.53393253453098 0.904761904761905 1 "Uqcrc2_noRT" "non-targeting_noRT"
"1537" "Sart3" 8.72179250788395 -1.06873805341288 -1.53717338775424 0.124250855363679 NA 0.333333333333333 0.625 "Uqcrc2_noRT" "non-targeting_noRT"
"1538" "Syne1" 22.9524715661006 -0.635880637189968 -1.53714674486327 0.12425737814242 0.53393253453098 0.714285714285714 0.785714285714286 "Uqcrc2_noRT" "non-targeting_noRT"
"1539" "Tmc4" 4.24670900942391 1.38378072437636 1.53687116621942 0.124324861663333 NA 0.380952380952381 0.232142857142857 "Uqcrc2_noRT" "non-targeting_noRT"
"1540" "Gstk1" 25.6578520488644 0.570500410949827 1.53650157049596 0.124415412907716 0.534057031755322 0.619047619047619 0.75 "Uqcrc2_noRT" "non-targeting_noRT"
"1541" "Rab21" 53.1700585519455 0.409863985174708 1.53533898923882 0.12470058168457 0.534402552742441 0.857142857142857 0.910714285714286 "Uqcrc2_noRT" "non-targeting_noRT"
"1542" "Wbp1" 13.2398212421937 0.760329292422178 1.53512064217523 0.124754196701111 0.534402552742441 0.80952380952381 0.642857142857143 "Uqcrc2_noRT" "non-targeting_noRT"
"1543" "Gm6169" 2.08725204976716 -2.3941007828345 -1.53399677505287 0.125030446163987 NA 0.0476190476190476 0.267857142857143 "Uqcrc2_noRT" "non-targeting_noRT"
"1544" "Phlda3" 74.7337065475193 0.511946773276881 1.53390196082803 0.125053773543689 0.534749261899248 0.952380952380952 0.946428571428571 "Uqcrc2_noRT" "non-targeting_noRT"
"1545" "Tfpi" 14.1852508157627 0.781184539526 1.53372349684489 0.12509769068521 0.534749261899248 0.619047619047619 0.571428571428571 "Uqcrc2_noRT" "non-targeting_noRT"
"1546" "Cltb" 95.5684934310457 -0.361974531153417 -1.53321527701302 0.125222821358234 0.534749261899248 0.952380952380952 0.946428571428571 "Uqcrc2_noRT" "non-targeting_noRT"
"1547" "Luzp4" 5.53352813653908 1.2078149807461 1.532696309413 0.125350698936191 NA 0.428571428571429 0.285714285714286 "Uqcrc2_noRT" "non-targeting_noRT"
"1548" "1600012H06Rik" 2.03531542116238 -2.35917422315698 -1.53250414086887 0.125398076545768 NA 0.0476190476190476 0.285714285714286 "Uqcrc2_noRT" "non-targeting_noRT"
"1549" "Klk8" 59.0028841349551 -0.650973741259017 -1.53161961958819 0.125616328131797 0.535876665782864 0.761904761904762 0.857142857142857 "Uqcrc2_noRT" "non-targeting_noRT"
"1550" "Gripap1" 8.98779682913069 -1.0670162556411 -1.53150154791633 0.125645484156361 NA 0.333333333333333 0.571428571428571 "Uqcrc2_noRT" "non-targeting_noRT"
"1551" "Syt1" 1.9624934774427 2.31907114149074 1.53115559780904 0.12573094169437 NA 0.142857142857143 0.0714285714285714 "Uqcrc2_noRT" "non-targeting_noRT"
"1552" "Fam114a1" 4.90632487112276 1.27451684582047 1.53080980027064 0.125816406793587 NA 0.333333333333333 0.267857142857143 "Uqcrc2_noRT" "non-targeting_noRT"
"1553" "Eif4h" 34.8562368444157 -0.550794860801655 -1.52998339446846 0.12602083927398 0.537048643579535 0.714285714285714 0.892857142857143 "Uqcrc2_noRT" "non-targeting_noRT"
"1554" "Med14" 4.83955298469194 1.27448088494576 1.52993966059786 0.126031665162841 NA 0.333333333333333 0.267857142857143 "Uqcrc2_noRT" "non-targeting_noRT"
"1555" "Gcn1" 10.2046723705331 -0.98745963487056 -1.52922205063482 0.126209405920966 NA 0.428571428571429 0.642857142857143 "Uqcrc2_noRT" "non-targeting_noRT"
"1556" "Chaf1a" 9.63296172165594 -1.10349318348104 -1.52907394145537 0.126246114539041 NA 0.333333333333333 0.428571428571429 "Uqcrc2_noRT" "non-targeting_noRT"
"1557" "Hist1h2bl" 1.18957245371648 -2.75797745155137 -1.52876830066441 0.126321893392985 NA 0 0.160714285714286 "Uqcrc2_noRT" "non-targeting_noRT"
"1558" "Pyroxd2" 1.36512479168272 2.84102782905207 1.52876720498817 0.126322165112475 NA 0.142857142857143 0.0357142857142857 "Uqcrc2_noRT" "non-targeting_noRT"
"1559" "Zc3h12c" 1.16407557746495 -2.73123823990601 -1.52843082906885 0.126405605338397 NA 0 0.196428571428571 "Uqcrc2_noRT" "non-targeting_noRT"
"1560" "Atp6v1e1" 85.0714827751563 0.327522300663572 1.52832868868239 0.126430950415375 0.537671118878815 1 1 "Uqcrc2_noRT" "non-targeting_noRT"
"1561" "Lats1" 10.3509123643797 0.901650914721607 1.52817344589937 0.126469479878319 NA 0.571428571428571 0.464285714285714 "Uqcrc2_noRT" "non-targeting_noRT"
"1562" "Impact" 13.8408691171483 -0.869292965376338 -1.52799234338895 0.126514438979309 0.537671118878815 0.380952380952381 0.660714285714286 "Uqcrc2_noRT" "non-targeting_noRT"
"1563" "Zwint" 42.2112942144795 -0.479357062560391 -1.5278221108924 0.126556710920243 0.537671118878815 0.714285714285714 0.928571428571429 "Uqcrc2_noRT" "non-targeting_noRT"
"1564" "Nfib" 42.8064481174605 0.484941310214272 1.52669590950168 0.126836645049645 0.537912420341545 0.857142857142857 0.875 "Uqcrc2_noRT" "non-targeting_noRT"
"1565" "Rfc1" 62.6767068729256 -0.499865032451397 -1.52654780288502 0.126873494986309 0.537912420341545 0.952380952380952 0.982142857142857 "Uqcrc2_noRT" "non-targeting_noRT"
"1566" "Exog" 2.05168231461685 1.93921230285803 1.52424733879684 0.127446936657348 NA 0.19047619047619 0.0714285714285714 "Uqcrc2_noRT" "non-targeting_noRT"
"1567" "Rad9a" 3.96374473680272 -1.66854339946893 -1.52409799723152 0.127484232936041 NA 0.142857142857143 0.410714285714286 "Uqcrc2_noRT" "non-targeting_noRT"
"1568" "Spindoc" 11.0050919618657 0.900408111670452 1.52337014341127 0.127666127308897 NA 0.571428571428571 0.5 "Uqcrc2_noRT" "non-targeting_noRT"
"1569" "Extl2" 5.50018956484566 1.19952865764418 1.5228501141542 0.127796208851372 NA 0.476190476190476 0.267857142857143 "Uqcrc2_noRT" "non-targeting_noRT"
"1570" "Rpl27a" 1902.66133658282 0.185794341130176 1.52241384259866 0.127905418505841 0.541732468553908 1 1 "Uqcrc2_noRT" "non-targeting_noRT"
"1571" "Rad18" 9.53303628188736 -1.04925581973533 -1.52207308493395 0.127990769119251 NA 0.285714285714286 0.553571428571429 "Uqcrc2_noRT" "non-targeting_noRT"
"1572" "Stk17b" 3.06925912309863 -1.96025334737224 -1.52194226387088 0.128023548032718 NA 0.0952380952380952 0.25 "Uqcrc2_noRT" "non-targeting_noRT"
"1573" "Gm17018" 28.4756356316282 0.603435180399288 1.52168250082834 0.128088654378904 0.541829938165656 0.80952380952381 0.839285714285714 "Uqcrc2_noRT" "non-targeting_noRT"
"1574" "Fam219a" 2.02362016105411 -2.35117742280656 -1.52148660137427 0.128137771143513 NA 0.0476190476190476 0.303571428571429 "Uqcrc2_noRT" "non-targeting_noRT"
"1575" "Pdp2" 2.83875256899898 1.67955555891538 1.52136706520098 0.128167748966499 NA 0.238095238095238 0.107142857142857 "Uqcrc2_noRT" "non-targeting_noRT"
"1576" "Dnaja1" 292.199106804249 0.247787170338037 1.52127711127262 0.128190311615316 0.541829938165656 1 1 "Uqcrc2_noRT" "non-targeting_noRT"
"1577" "Hs2st1" 10.3155516230853 -0.942526672069478 -1.52109695835395 0.128235507665156 NA 0.333333333333333 0.642857142857143 "Uqcrc2_noRT" "non-targeting_noRT"
"1578" "Inf2" 3.12773057672428 -1.98620057978696 -1.5208925561296 0.1282868022847 NA 0.0952380952380952 0.357142857142857 "Uqcrc2_noRT" "non-targeting_noRT"
"1579" "Golga4" 7.31066006978377 -1.18292244797701 -1.52031749950933 0.12843119797004 NA 0.238095238095238 0.5 "Uqcrc2_noRT" "non-targeting_noRT"
"1580" "Nup85" 21.3918591234011 -0.645271990220936 -1.52002225085325 0.128505383441658 0.542607425185286 0.666666666666667 0.821428571428571 "Uqcrc2_noRT" "non-targeting_noRT"
"1581" "Arhgap28" 3.08676955369841 -1.95719464329148 -1.51919844283151 0.128712553169942 NA 0.0952380952380952 0.303571428571429 "Uqcrc2_noRT" "non-targeting_noRT"
"1582" "Plscr4" 3.53591971446125 1.46745983870115 1.51871042666412 0.128835400935216 NA 0.285714285714286 0.160714285714286 "Uqcrc2_noRT" "non-targeting_noRT"
"1583" "Usp19" 10.2689133441306 -0.93851588743402 -1.51824421332516 0.128952845368299 NA 0.380952380952381 0.696428571428571 "Uqcrc2_noRT" "non-targeting_noRT"
"1584" "Zfp976" 2.39430494948158 1.89015151825624 1.51784722155475 0.129052917656499 NA 0.19047619047619 0.107142857142857 "Uqcrc2_noRT" "non-targeting_noRT"
"1585" "Zfp583" 1.55747133038637 2.34160290889312 1.51741720434645 0.129161382936057 NA 0.142857142857143 0.0535714285714286 "Uqcrc2_noRT" "non-targeting_noRT"
"1586" "Aqp11" 1.55747133038637 2.34160290889312 1.51741720434645 0.129161382936057 NA 0.142857142857143 0.0535714285714286 "Uqcrc2_noRT" "non-targeting_noRT"
"1587" "Bud13" 5.02328418879552 1.30433224417943 1.51708173270697 0.129246049697633 NA 0.428571428571429 0.214285714285714 "Uqcrc2_noRT" "non-targeting_noRT"
"1588" "Stx4a" 12.0391635120241 -0.903522253109486 -1.51685756432117 0.129302649624018 NA 0.380952380952381 0.696428571428571 "Uqcrc2_noRT" "non-targeting_noRT"
"1589" "Rac1" 81.0118265343138 -0.34824257606381 -1.51648731013325 0.129396176681383 0.54555557042639 1 1 "Uqcrc2_noRT" "non-targeting_noRT"
"1590" "Aim2" 14.4369347112933 0.772450731118041 1.51574184586537 0.129584642031926 0.54555557042639 0.523809523809524 0.571428571428571 "Uqcrc2_noRT" "non-targeting_noRT"
"1591" "Nedd9" 21.7078200888288 0.612963172233833 1.51568464525497 0.129599112066008 0.54555557042639 0.761904761904762 0.678571428571429 "Uqcrc2_noRT" "non-targeting_noRT"
"1592" "Gm7967" 12.1647210550587 0.878866048132425 1.51462866903798 0.129866467717989 NA 0.523809523809524 0.482142857142857 "Uqcrc2_noRT" "non-targeting_noRT"
"1593" "Ubc" 139.623964619219 -0.4041006698649 -1.51420465952879 0.129973940284831 0.546019929185622 0.904761904761905 1 "Uqcrc2_noRT" "non-targeting_noRT"
"1594" "Psmd2" 34.3680708300992 -0.579607093462492 -1.51388657262716 0.13005461024055 0.546019929185622 0.666666666666667 0.928571428571429 "Uqcrc2_noRT" "non-targeting_noRT"
"1595" "Samd4" 2.04478150654521 1.95192464960442 1.5137889818777 0.130079367999893 NA 0.19047619047619 0.0892857142857143 "Uqcrc2_noRT" "non-targeting_noRT"
"1596" "Ccdc77" 6.47878276815364 -1.27575695948996 -1.51359850143759 0.130127701446159 NA 0.142857142857143 0.482142857142857 "Uqcrc2_noRT" "non-targeting_noRT"
"1597" "Fkbp7" 13.900123540451 0.795852946738366 1.51359638360993 0.130128238912528 0.546019929185622 0.761904761904762 0.535714285714286 "Uqcrc2_noRT" "non-targeting_noRT"
"1598" "Leprot" 30.793557537746 0.518302839450745 1.51302464361713 0.130273399211164 0.546019929185622 0.904761904761905 0.839285714285714 "Uqcrc2_noRT" "non-targeting_noRT"
"1599" "Copz2" 33.2874341619664 0.525496347022459 1.51241281139122 0.130428877763876 0.546019929185622 0.904761904761905 0.910714285714286 "Uqcrc2_noRT" "non-targeting_noRT"
"1600" "Polr1c" 30.9288315095518 -0.552573794750236 -1.51212864788452 0.13050113822247 0.546019929185622 0.80952380952381 0.946428571428571 "Uqcrc2_noRT" "non-targeting_noRT"
"1601" "Cenpl" 3.09998942987503 -1.96362526790378 -1.51179602280176 0.13058576151716 NA 0.0952380952380952 0.303571428571429 "Uqcrc2_noRT" "non-targeting_noRT"
"1602" "1700112D23Rik" 1.54475535182323 2.33437398255903 1.51086244202202 0.130823501641632 NA 0.142857142857143 0.0535714285714286 "Uqcrc2_noRT" "non-targeting_noRT"
"1603" "Npat" 6.77935319069957 -1.30482763646077 -1.50925931042945 0.131232528613674 NA 0.19047619047619 0.5 "Uqcrc2_noRT" "non-targeting_noRT"
"1604" "Zfp598" 7.16612685347384 -1.13495261112471 -1.50913477489356 0.131264344377837 NA 0.333333333333333 0.607142857142857 "Uqcrc2_noRT" "non-targeting_noRT"
"1605" "Fkbp3" 152.001156864659 0.277010458849372 1.5089563773837 0.131309930969713 0.54878784221836 1 0.982142857142857 "Uqcrc2_noRT" "non-targeting_noRT"
"1606" "Ttf2" 3.04703208281538 -1.95002205168452 -1.50858554400758 0.131404730702401 NA 0.0952380952380952 0.357142857142857 "Uqcrc2_noRT" "non-targeting_noRT"
"1607" "Atg2b" 2.09415285783879 -2.39916841387464 -1.50834713923066 0.131465704441864 NA 0.0476190476190476 0.267857142857143 "Uqcrc2_noRT" "non-targeting_noRT"
"1608" "Anp32a" 83.3730819641805 0.390161819374125 1.5080845866377 0.13153287953376 0.54878784221836 0.952380952380952 0.964285714285714 "Uqcrc2_noRT" "non-targeting_noRT"
"1609" "Serbp1" 493.187261465345 -0.189036167656326 -1.50797504454078 0.131560914165892 0.54878784221836 1 1 "Uqcrc2_noRT" "non-targeting_noRT"
"1610" "Rpain" 11.7554999111184 -0.922804064462871 -1.50747184191555 0.131689756133054 NA 0.380952380952381 0.803571428571429 "Uqcrc2_noRT" "non-targeting_noRT"
"1611" "Smchd1" 34.435513705671 -0.511833882813661 -1.50745852353885 0.131693167550225 0.54878784221836 0.761904761904762 0.964285714285714 "Uqcrc2_noRT" "non-targeting_noRT"
"1612" "Piezo1" 12.7774521359366 -0.945318719546088 -1.5061644979719 0.132024950670896 0.549616947561537 0.523809523809524 0.660714285714286 "Uqcrc2_noRT" "non-targeting_noRT"
"1613" "Zfp850" 1.15506841335832 -2.72161413166637 -1.50549905353097 0.132195820007666 NA 0 0.178571428571429 "Uqcrc2_noRT" "non-targeting_noRT"
"1614" "Jkamp" 25.137419057928 0.558202194914843 1.50526264692919 0.132256564481331 0.550027802837939 0.904761904761905 0.875 "Uqcrc2_noRT" "non-targeting_noRT"
"1615" "Tmem42" 10.313630822161 0.854334712999986 1.50457793685159 0.132432622155216 NA 0.571428571428571 0.535714285714286 "Uqcrc2_noRT" "non-targeting_noRT"
"1616" "Idh2" 57.6644006408733 0.395585859803767 1.50439706557053 0.132479159399872 0.550400363048865 0.952380952380952 0.946428571428571 "Uqcrc2_noRT" "non-targeting_noRT"
"1617" "Rnf20" 15.5358387493342 -0.783540312528343 -1.50366104683486 0.132668663857882 0.550634835550566 0.523809523809524 0.767857142857143 "Uqcrc2_noRT" "non-targeting_noRT"
"1618" "Ttll4" 4.3501364524981 1.30640901371591 1.50319186304599 0.132789575212643 NA 0.380952380952381 0.196428571428571 "Uqcrc2_noRT" "non-targeting_noRT"
"1619" "Prpf19" 32.2451424789313 -0.518541674897354 -1.50274616750771 0.132904512516591 0.551060994783218 0.857142857142857 0.910714285714286 "Uqcrc2_noRT" "non-targeting_noRT"
"1620" "Lrrc14" 5.54048488605925 -1.35269002209798 -1.50240719136504 0.13299198025696 NA 0.19047619047619 0.589285714285714 "Uqcrc2_noRT" "non-targeting_noRT"
"1621" "Tle4" 18.4734134278726 0.677231470402929 1.50097903571251 0.133360983999999 0.552307357485535 0.666666666666667 0.678571428571429 "Uqcrc2_noRT" "non-targeting_noRT"
"1622" "Mef2c" 6.52041455443524 1.12729327422554 1.50089209189139 0.133383473916205 NA 0.380952380952381 0.267857142857143 "Uqcrc2_noRT" "non-targeting_noRT"
"1623" "Dcun1d2" 2.02610343463631 -2.29821184913617 -1.50062632141499 0.133452239447343 NA 0.0476190476190476 0.285714285714286 "Uqcrc2_noRT" "non-targeting_noRT"
"1624" "Ccndbp1" 19.8345062576527 0.663143539583268 1.50054976206518 0.133472053524779 0.552307357485535 0.857142857142857 0.75 "Uqcrc2_noRT" "non-targeting_noRT"
"1625" "Gm4419" 2.00562776436029 1.91371781934208 1.49982667793437 0.133659304888598 NA 0.238095238095238 0.0892857142857143 "Uqcrc2_noRT" "non-targeting_noRT"
"1626" "Fam89a" 107.652837038117 -0.370143209482012 -1.49840509635358 0.13402803311207 0.553621915655638 0.952380952380952 0.982142857142857 "Uqcrc2_noRT" "non-targeting_noRT"
"1627" "Smim12" 20.6211865316485 -0.660693129333313 -1.4982923430174 0.13405731258747 0.553621915655638 0.666666666666667 0.875 "Uqcrc2_noRT" "non-targeting_noRT"
"1628" "Pitpnc1" 11.9727063188407 0.832328057205267 1.49822657313732 0.134074393812857 NA 0.619047619047619 0.428571428571429 "Uqcrc2_noRT" "non-targeting_noRT"
"1629" "Nfyc" 12.4135113256643 -0.84039697185843 -1.49798386933071 0.134137441464799 NA 0.523809523809524 0.732142857142857 "Uqcrc2_noRT" "non-targeting_noRT"
"1630" "Syngr1" 29.7023373054747 0.58841220983153 1.49767758008371 0.134217039556533 0.553728922916187 0.904761904761905 0.892857142857143 "Uqcrc2_noRT" "non-targeting_noRT"
"1631" "Kyat3" 3.41237158713881 1.5991304514522 1.4976236876603 0.134231048834717 NA 0.238095238095238 0.160714285714286 "Uqcrc2_noRT" "non-targeting_noRT"
"1632" "Ift22" 13.2715722674249 0.761405406517188 1.49656321001149 0.134506948979486 0.554372265813859 0.761904761904762 0.607142857142857 "Uqcrc2_noRT" "non-targeting_noRT"
"1633" "Tsen2" 4.60496233447796 1.26193043689419 1.49584455251964 0.134694168254526 NA 0.428571428571429 0.232142857142857 "Uqcrc2_noRT" "non-targeting_noRT"
"1634" "Fam53a" 15.2288877336102 -0.82316434538541 -1.49577422906627 0.134712499209186 0.554666986793642 0.523809523809524 0.75 "Uqcrc2_noRT" "non-targeting_noRT"
"1635" "Rps20" 7640.55854994154 0.159438552754332 1.49497899015595 0.134919925419455 0.55488433409809 1 1 "Uqcrc2_noRT" "non-targeting_noRT"
"1636" "Rpl17" 1290.31746117431 -0.162173969994177 -1.49454405483948 0.135033476180951 0.55488433409809 1 1 "Uqcrc2_noRT" "non-targeting_noRT"
"1637" "Snapc5" 1.9922480421015 -2.31703686590111 -1.49405720229317 0.135160668819075 NA 0.0476190476190476 0.285714285714286 "Uqcrc2_noRT" "non-targeting_noRT"
"1638" "Ctsh" 23.8375392265361 0.576309892989691 1.49316967462665 0.135392777991176 0.555313902900496 0.714285714285714 0.660714285714286 "Uqcrc2_noRT" "non-targeting_noRT"
"1639" "Thumpd1" 18.4189225189796 0.659002056546537 1.49311758259385 0.135406410832915 0.555313902900496 0.761904761904762 0.714285714285714 "Uqcrc2_noRT" "non-targeting_noRT"
"1640" "Abca2" 1.83492453724179 2.22602691565081 1.49282367843805 0.135483347433485 NA 0.238095238095238 0.0714285714285714 "Uqcrc2_noRT" "non-targeting_noRT"
"1641" "Lrp8" 6.50784370865182 -1.25265139953702 -1.49279812490719 0.1354900382904 NA 0.285714285714286 0.392857142857143 "Uqcrc2_noRT" "non-targeting_noRT"
"1642" "Zfp180" 3.89648386471778 -1.67168999079768 -1.49253301681743 0.135559468427571 NA 0.142857142857143 0.410714285714286 "Uqcrc2_noRT" "non-targeting_noRT"
"1643" "Enkd1" 5.42651273958217 -1.35506024363572 -1.49216817144207 0.135655064060747 NA 0.19047619047619 0.571428571428571 "Uqcrc2_noRT" "non-targeting_noRT"
"1644" "Ap3b1" 14.497559624337 0.750182706357286 1.49153822694869 0.135820242674071 0.556459568500302 0.666666666666667 0.571428571428571 "Uqcrc2_noRT" "non-targeting_noRT"
"1645" "Kbtbd11" 3.2852788467914 -2.01576186602788 -1.49060195144007 0.136066031679545 NA 0.0952380952380952 0.357142857142857 "Uqcrc2_noRT" "non-targeting_noRT"
"1646" "Pvr" 12.2459194687083 0.787303836818315 1.49033315457052 0.136136659056881 NA 0.761904761904762 0.553571428571429 "Uqcrc2_noRT" "non-targeting_noRT"
"1647" "Zcchc14" 2.0016921959649 -2.2900079766577 -1.49001835224806 0.136219410516951 NA 0.0476190476190476 0.285714285714286 "Uqcrc2_noRT" "non-targeting_noRT"
"1648" "Fgfrl1" 71.52224558076 0.39102076073553 1.48984664495826 0.136264563233592 0.556704051957723 0.952380952380952 0.964285714285714 "Uqcrc2_noRT" "non-targeting_noRT"
"1649" "Sqstm1" 74.6189880063723 -0.461418505988208 -1.48978077574114 0.136281887486451 0.556704051957723 0.857142857142857 1 "Uqcrc2_noRT" "non-targeting_noRT"
"1650" "Slfn9" 17.8473397489394 -0.764010039702678 -1.48975503659451 0.136288657597492 0.556704051957723 0.380952380952381 0.589285714285714 "Uqcrc2_noRT" "non-targeting_noRT"
"1651" "Ralbp1" 40.6727216666461 -0.497830956187464 -1.48926327551553 0.136418054298002 0.556704051957723 0.714285714285714 0.910714285714286 "Uqcrc2_noRT" "non-targeting_noRT"
"1652" "Dtwd2" 3.54274069144827 1.49093221279252 1.48915390641828 0.136446845386424 NA 0.238095238095238 0.196428571428571 "Uqcrc2_noRT" "non-targeting_noRT"
"1653" "Ddx55" 3.8268988909505 -1.64498711133811 -1.48842386044597 0.136639147955567 NA 0.142857142857143 0.446428571428571 "Uqcrc2_noRT" "non-targeting_noRT"
"1654" "Cenpb" 10.2364555875979 -0.925177876038315 -1.48804175727448 0.136739881702055 NA 0.285714285714286 0.660714285714286 "Uqcrc2_noRT" "non-targeting_noRT"
"1655" "Ahr" 8.58470061016928 0.968056038030409 1.48749532873221 0.136884036050179 NA 0.666666666666667 0.321428571428571 "Uqcrc2_noRT" "non-targeting_noRT"
"1656" "Cox11" 10.3115913739827 0.833325708415452 1.48718146245441 0.13696689070526 NA 0.571428571428571 0.553571428571429 "Uqcrc2_noRT" "non-targeting_noRT"
"1657" "Cenpq" 27.5482704533711 -0.553092145972477 -1.48687981799159 0.137046555489794 0.55815718687822 0.761904761904762 0.946428571428571 "Uqcrc2_noRT" "non-targeting_noRT"
"1658" "Ifi209" 8.73167564023559 -1.04883488976855 -1.48675273606692 0.137080128728482 NA 0.380952380952381 0.428571428571429 "Uqcrc2_noRT" "non-targeting_noRT"
"1659" "Ppa2" 23.4260012652675 0.570776089922151 1.48673224967175 0.137085541536729 0.55815718687822 0.80952380952381 0.785714285714286 "Uqcrc2_noRT" "non-targeting_noRT"
"1660" "Hsp90ab1" 3137.23918538803 0.164605587719915 1.48637939703736 0.137178796291723 0.55815718687822 1 1 "Uqcrc2_noRT" "non-targeting_noRT"
"1661" "N6amt1" 8.61539032657262 -1.00831715150292 -1.48607540248685 0.137259177665942 NA 0.380952380952381 0.660714285714286 "Uqcrc2_noRT" "non-targeting_noRT"
"1662" "Mapk8ip1" 3.51100457817636 1.49190087692608 1.48514106822983 0.137506459082874 NA 0.285714285714286 0.178571428571429 "Uqcrc2_noRT" "non-targeting_noRT"
"1663" "Gmfg" 8.58929529993299 -1.0478696355742 -1.48488593039856 0.13757404367419 NA 0.333333333333333 0.642857142857143 "Uqcrc2_noRT" "non-targeting_noRT"
"1664" "Desi1" 31.8998768631264 -0.51884471319971 -1.48463139885224 0.137641493182095 0.559205809840468 0.857142857142857 1 "Uqcrc2_noRT" "non-targeting_noRT"
"1665" "Adgra3" 55.9338997482219 0.458952066293477 1.4841648545817 0.137765191128037 0.559205809840468 0.904761904761905 0.803571428571429 "Uqcrc2_noRT" "non-targeting_noRT"
"1666" "H2-K1" 457.62985061078 -0.204213976334867 -1.48347568096978 0.137948073028809 0.559205809840468 1 1 "Uqcrc2_noRT" "non-targeting_noRT"
"1667" "Emc3" 29.4904271057829 -0.534212878239296 -1.48298495789781 0.138078407308146 0.559205809840468 0.80952380952381 0.892857142857143 "Uqcrc2_noRT" "non-targeting_noRT"
"1668" "1700120G11Rik" 0.627003994709683 3.75742955647781 1.48277312344704 0.138134699092707 NA 0.0952380952380952 0 "Uqcrc2_noRT" "non-targeting_noRT"
"1669" "Gm47140" 0.627003994709683 3.75742955647781 1.48277312344704 0.138134699092707 NA 0.0952380952380952 0 "Uqcrc2_noRT" "non-targeting_noRT"
"1670" "Dip2a" 0.627003994709683 3.75742955647781 1.48277312344704 0.138134699092707 NA 0.0952380952380952 0 "Uqcrc2_noRT" "non-targeting_noRT"
"1671" "Gm26621" 0.627003994709683 3.75742955647781 1.48277312344704 0.138134699092707 NA 0.0952380952380952 0 "Uqcrc2_noRT" "non-targeting_noRT"
"1672" "Gm9895" 0.627003994709683 3.75742955647781 1.48277312344704 0.138134699092707 NA 0.0952380952380952 0 "Uqcrc2_noRT" "non-targeting_noRT"
"1673" "Mrps6" 75.5598389338843 0.405445967744611 1.482042244831 0.138329054756099 0.559205809840468 0.904761904761905 0.946428571428571 "Uqcrc2_noRT" "non-targeting_noRT"
"1674" "Rps19bp1" 68.8416087484282 -0.391200985786055 -1.48202675054912 0.138333177284095 0.559205809840468 0.952380952380952 0.982142857142857 "Uqcrc2_noRT" "non-targeting_noRT"
"1675" "Cdc40" 28.8745941687643 0.579823240593263 1.48184143401182 0.138382491366998 0.559205809840468 0.761904761904762 0.857142857142857 "Uqcrc2_noRT" "non-targeting_noRT"
"1676" "Tmem88b" 4.77530050922808 -1.44101333538652 -1.48100017629746 0.13860652651105 NA 0.19047619047619 0.410714285714286 "Uqcrc2_noRT" "non-targeting_noRT"
"1677" "Siah1b" 8.47759605290588 -1.166794462613 -1.4809491426941 0.138620126241621 NA 0.19047619047619 0.517857142857143 "Uqcrc2_noRT" "non-targeting_noRT"
"1678" "Spop" 29.7340274447029 -0.550344322484829 -1.48082050676599 0.138654410450572 0.559705502225145 0.80952380952381 0.928571428571429 "Uqcrc2_noRT" "non-targeting_noRT"
"1679" "Arrb2" 1.96312019374661 -2.29673686266952 -1.48052575344595 0.138732993105181 NA 0.0476190476190476 0.303571428571429 "Uqcrc2_noRT" "non-targeting_noRT"
"1680" "Chd8" 9.34440614368308 -0.976444181466757 -1.48020911113639 0.138817449685578 NA 0.380952380952381 0.642857142857143 "Uqcrc2_noRT" "non-targeting_noRT"
"1681" "Atp5g1" 601.433208321301 0.202884950828958 1.479621912715 0.138974175283484 0.559705502225145 1 1 "Uqcrc2_noRT" "non-targeting_noRT"
"1682" "Slc26a2" 69.7100396032286 -0.398496307715996 -1.47956720781558 0.138988783174898 0.559705502225145 0.904761904761905 0.910714285714286 "Uqcrc2_noRT" "non-targeting_noRT"
"1683" "Hist1h3i" 3.05662098688864 -1.95559635829312 -1.47942710569414 0.139026200144175 NA 0.0952380952380952 0.303571428571429 "Uqcrc2_noRT" "non-targeting_noRT"
"1684" "Pttg1" 143.162588899627 -0.357925881563676 -1.47934853951397 0.139047186149698 0.559705502225145 0.904761904761905 0.910714285714286 "Uqcrc2_noRT" "non-targeting_noRT"
"1685" "Apbb3" 1.99914885017313 -2.32208942731306 -1.47923392096928 0.139077806566072 NA 0.0476190476190476 0.303571428571429 "Uqcrc2_noRT" "non-targeting_noRT"
"1686" "Ulk4" 1.85983967352668 2.16814255394371 1.47888470716969 0.139171131262041 NA 0.142857142857143 0.0714285714285714 "Uqcrc2_noRT" "non-targeting_noRT"
"1687" "Inpp5e" 2.49612993413425 1.68748077286024 1.47855402457726 0.139259548075699 NA 0.238095238095238 0.125 "Uqcrc2_noRT" "non-targeting_noRT"
"1688" "Rpl24" 1092.95638644106 0.162540044605344 1.47827761395789 0.139333487006664 0.560312895270724 1 1 "Uqcrc2_noRT" "non-targeting_noRT"
"1689" "Ogfod2" 3.43370290030201 1.45809572164709 1.47773559376526 0.139478563356994 NA 0.380952380952381 0.178571428571429 "Uqcrc2_noRT" "non-targeting_noRT"
"1690" "Arf4" 106.253292661657 0.313420971578266 1.47707996368378 0.139654203722367 0.561057373789471 0.952380952380952 0.964285714285714 "Uqcrc2_noRT" "non-targeting_noRT"
"1691" "Tnfrsf13c" 6.07006306336451 1.22548167553256 1.47690794576589 0.13970031473111 NA 0.333333333333333 0.160714285714286 "Uqcrc2_noRT" "non-targeting_noRT"
"1692" "Zdhhc5" 7.75946030466536 -1.06801837647134 -1.47605294453449 0.139929679666631 NA 0.285714285714286 0.660714285714286 "Uqcrc2_noRT" "non-targeting_noRT"
"1693" "Dnase2a" 3.54913959063788 1.45614231793036 1.47508756708136 0.140189002584219 NA 0.333333333333333 0.196428571428571 "Uqcrc2_noRT" "non-targeting_noRT"
"1694" "C1d" 37.4968616601962 0.466334783840338 1.47416784912055 0.140436404031205 0.563652609002063 0.904761904761905 0.928571428571429 "Uqcrc2_noRT" "non-targeting_noRT"
"1695" "Zfp280b" 2.5167674392239 1.7030184349176 1.47379003595852 0.140538131919421 NA 0.285714285714286 0.107142857142857 "Uqcrc2_noRT" "non-targeting_noRT"
"1696" "Ifi211" 40.0138166903279 0.584289728496673 1.47318625680337 0.140700819796455 0.564166659222607 0.714285714285714 0.75 "Uqcrc2_noRT" "non-targeting_noRT"
"1697" "4833420G17Rik" 12.7730667513084 0.77198024710598 1.47251175549067 0.140882734914497 0.564349232406764 0.523809523809524 0.607142857142857 "Uqcrc2_noRT" "non-targeting_noRT"
"1698" "Nup62" 10.8429959917382 -0.905373755553238 -1.47245345645226 0.140898466833946 NA 0.476190476190476 0.642857142857143 "Uqcrc2_noRT" "non-targeting_noRT"
"1699" "Klk6" 1.14816760528669 -2.71392254048515 -1.47216800894422 0.14097551396737 NA 0 0.214285714285714 "Uqcrc2_noRT" "non-targeting_noRT"
"1700" "Nsl1" 1.10088751415582 -2.64670607916382 -1.47125454501878 0.141222291075018 NA 0 0.160714285714286 "Uqcrc2_noRT" "non-targeting_noRT"
"1701" "Cep126" 2.04883437253305 -2.32317771540667 -1.47070860721602 0.141369937488625 NA 0.0476190476190476 0.267857142857143 "Uqcrc2_noRT" "non-targeting_noRT"
"1702" "Ifnar2" 26.5523739076527 0.577274980830708 1.47064740638477 0.141386496368722 0.565819460322797 0.904761904761905 0.732142857142857 "Uqcrc2_noRT" "non-targeting_noRT"
"1703" "Gm26581" 1.58180273797316 2.3999529946607 1.47060263551591 0.141398610799287 NA 0.142857142857143 0.0357142857142857 "Uqcrc2_noRT" "non-targeting_noRT"
"1704" "Acyp2" 12.2882938320636 -0.816278813035084 -1.46957952103965 0.141675670073875 NA 0.523809523809524 0.678571428571429 "Uqcrc2_noRT" "non-targeting_noRT"
"1705" "Mfge8" 19.7341369920703 0.645858500164148 1.46948789847383 0.141700501786688 0.566528189751993 0.761904761904762 0.767857142857143 "Uqcrc2_noRT" "non-targeting_noRT"
"1706" "1700001O22Rik" 12.5210107851462 0.761122701919429 1.46926869826097 0.141759923391878 NA 0.714285714285714 0.589285714285714 "Uqcrc2_noRT" "non-targeting_noRT"
"1707" "Fbxl4" 4.96841238489241 1.2142693063203 1.46908063520485 0.141810919476613 NA 0.428571428571429 0.232142857142857 "Uqcrc2_noRT" "non-targeting_noRT"
"1708" "Atp1b2" 1.29734709875639 2.82101061081667 1.46885095238408 0.141873220491456 NA 0.142857142857143 0.0357142857142857 "Uqcrc2_noRT" "non-targeting_noRT"
"1709" "Thada" 2.3079961075006 1.85314054457948 1.46800824036545 0.142101984565135 NA 0.238095238095238 0.107142857142857 "Uqcrc2_noRT" "non-targeting_noRT"
"1710" "Ifit3" 117.769993236297 0.895818846094198 1.46755273751599 0.142225754050658 0.568010500524542 0.80952380952381 0.821428571428571 "Uqcrc2_noRT" "non-targeting_noRT"
"1711" "Clybl" 7.71548906562596 0.960066914701999 1.46726032706216 0.142305251597593 NA 0.428571428571429 0.357142857142857 "Uqcrc2_noRT" "non-targeting_noRT"
"1712" "Gm42696" 0.614288016146543 3.73898783104584 1.46706258369699 0.142359031365522 NA 0.0952380952380952 0 "Uqcrc2_noRT" "non-targeting_noRT"
"1713" "Gm43445" 0.614288016146543 3.73898783104584 1.46706258369699 0.142359031365522 NA 0.0952380952380952 0 "Uqcrc2_noRT" "non-targeting_noRT"
"1714" "Cdkn1c" 0.614288016146543 3.73898783104584 1.46706258369699 0.142359031365522 NA 0.0952380952380952 0 "Uqcrc2_noRT" "non-targeting_noRT"
"1715" "Tgfbr3l" 0.614288016146543 3.73898783104584 1.46706258369699 0.142359031365522 NA 0.0952380952380952 0 "Uqcrc2_noRT" "non-targeting_noRT"
"1716" "AW046200" 0.614288016146543 3.73898783104584 1.46706258369699 0.142359031365522 NA 0.0952380952380952 0 "Uqcrc2_noRT" "non-targeting_noRT"
"1717" "Mpzl2" 0.614288016146543 3.73898783104584 1.46706258369699 0.142359031365522 NA 0.0952380952380952 0 "Uqcrc2_noRT" "non-targeting_noRT"
"1718" "Asgr1" 0.614288016146543 3.73898783104584 1.46706258369699 0.142359031365522 NA 0.0952380952380952 0 "Uqcrc2_noRT" "non-targeting_noRT"
"1719" "Gngt2" 0.614288016146543 3.73898783104584 1.46706258369699 0.142359031365522 NA 0.0952380952380952 0 "Uqcrc2_noRT" "non-targeting_noRT"
"1720" "Prr15l" 0.614288016146543 3.73898783104584 1.46706258369699 0.142359031365522 NA 0.0952380952380952 0 "Uqcrc2_noRT" "non-targeting_noRT"
"1721" "C4a" 0.614288016146543 3.73898783104584 1.46706258369699 0.142359031365522 NA 0.0952380952380952 0 "Uqcrc2_noRT" "non-targeting_noRT"
"1722" "Ctsf" 0.614288016146543 3.73898783104584 1.46706258369699 0.142359031365522 NA 0.0952380952380952 0 "Uqcrc2_noRT" "non-targeting_noRT"
"1723" "Gm46652" 0.614288016146543 3.73898783104584 1.46706258369699 0.142359031365522 NA 0.0952380952380952 0 "Uqcrc2_noRT" "non-targeting_noRT"
"1724" "Zfp292" 25.1763575581009 -0.593419229166898 -1.46690839363761 0.142400976876982 0.568010500524542 0.714285714285714 0.875 "Uqcrc2_noRT" "non-targeting_noRT"
"1725" "Sin3b" 50.7159085394897 0.392720914463822 1.46660676257603 0.142483059338926 0.568010500524542 0.904761904761905 0.928571428571429 "Uqcrc2_noRT" "non-targeting_noRT"
"1726" "Tcaf1" 7.11987716327168 1.00969150149518 1.46638937761275 0.142542238540828 NA 0.333333333333333 0.392857142857143 "Uqcrc2_noRT" "non-targeting_noRT"
"1727" "Nfkb1" 6.28052555457113 1.12415837472385 1.4659300061929 0.142667356330727 NA 0.476190476190476 0.357142857142857 "Uqcrc2_noRT" "non-targeting_noRT"
"1728" "Pds5b" 9.42874045661102 -0.992427722008589 -1.46574945274897 0.142716556271264 NA 0.333333333333333 0.642857142857143 "Uqcrc2_noRT" "non-targeting_noRT"
"1729" "Zbtb7a" 18.3565810902661 0.647634054991619 1.46549181149837 0.142786784815935 0.568673450980113 0.80952380952381 0.714285714285714 "Uqcrc2_noRT" "non-targeting_noRT"
"1730" "Zbtb5" 3.93533350217697 1.3770998749638 1.46469144993676 0.143005118709373 NA 0.142857142857143 0.178571428571429 "Uqcrc2_noRT" "non-targeting_noRT"
"1731" "Tomm40" 60.512509586079 -0.412162525117686 -1.46292442303729 0.143488060270082 0.570916916728462 0.904761904761905 0.946428571428571 "Uqcrc2_noRT" "non-targeting_noRT"
"1732" "Nsun5" 3.84222512316212 -1.65268954404543 -1.46286085682302 0.143505456670573 NA 0.142857142857143 0.410714285714286 "Uqcrc2_noRT" "non-targeting_noRT"
"1733" "Agtpbp1" 2.00961372249141 -2.28640803602317 -1.46270360351813 0.143548499714401 NA 0.0476190476190476 0.267857142857143 "Uqcrc2_noRT" "non-targeting_noRT"
"1734" "Angptl6" 6.05853957615674 -1.40519007378674 -1.46201269107363 0.143737732154623 NA 0.0952380952380952 0.446428571428571 "Uqcrc2_noRT" "non-targeting_noRT"
"1735" "Clcn3" 32.4722940287772 -0.554165474436357 -1.46197142339524 0.143749040916897 0.571107788480114 0.80952380952381 0.946428571428571 "Uqcrc2_noRT" "non-targeting_noRT"
"1736" "Rab39b" 6.33822413038198 -1.22801108912301 -1.46186589323484 0.143777962911331 NA 0.19047619047619 0.464285714285714 "Uqcrc2_noRT" "non-targeting_noRT"
"1737" "Skp1a" 105.463295728273 0.34333673973467 1.46174149119541 0.143812062734722 0.571107788480114 1 1 "Uqcrc2_noRT" "non-targeting_noRT"
"1738" "Mdm1" 1.10299387019082 -2.649046778135 -1.46170315937628 0.143822571113389 NA 0 0.178571428571429 "Uqcrc2_noRT" "non-targeting_noRT"
"1739" "Tmem131l" 2.46279136244083 1.67082083146232 1.46165041588797 0.143837031304772 NA 0.238095238095238 0.107142857142857 "Uqcrc2_noRT" "non-targeting_noRT"
"1740" "Gm6871" 1.99689774392827 -2.28639592116431 -1.4612053299604 0.143959100773934 NA 0.0476190476190476 0.232142857142857 "Uqcrc2_noRT" "non-targeting_noRT"
"1741" "Dlg1" 4.68021865920927 -1.40975302805354 -1.46098007023879 0.144020910872937 NA 0.19047619047619 0.5 "Uqcrc2_noRT" "non-targeting_noRT"
"1742" "Gm32885" 43.7952378103929 -0.441374967526996 -1.45982392841902 0.144338470446432 0.572203865143823 0.857142857142857 0.946428571428571 "Uqcrc2_noRT" "non-targeting_noRT"
"1743" "5430416N02Rik" 25.7949365431522 -0.567365134387403 -1.45972877934539 0.144364629098635 0.572203865143823 0.666666666666667 0.875 "Uqcrc2_noRT" "non-targeting_noRT"
"1744" "Plat" 3.78812206631277 -1.61179743831524 -1.45880002759219 0.144620155023596 NA 0.142857142857143 0.357142857142857 "Uqcrc2_noRT" "non-targeting_noRT"
"1745" "2410004B18Rik" 28.5276412020099 0.543069206384418 1.45869585001763 0.144648838831075 0.572781717782763 0.80952380952381 0.839285714285714 "Uqcrc2_noRT" "non-targeting_noRT"
"1746" "Cdc25b" 2.95413443118472 -1.89518678486057 -1.45837941552486 0.144735991281182 NA 0.0952380952380952 0.357142857142857 "Uqcrc2_noRT" "non-targeting_noRT"
"1747" "Slc25a23" 1.98847231978828 -2.28050302756852 -1.45781584867888 0.144891308603159 NA 0.0476190476190476 0.25 "Uqcrc2_noRT" "non-targeting_noRT"
"1748" "Rhobtb2" 2.36036972586215 1.86664450061928 1.45726214945963 0.145044030760981 NA 0.238095238095238 0.0714285714285714 "Uqcrc2_noRT" "non-targeting_noRT"
"1749" "Myo7a" 1.08977399401419 -2.6343778448263 -1.45653289883212 0.145245361886558 NA 0 0.214285714285714 "Uqcrc2_noRT" "non-targeting_noRT"
"1750" "Capn7" 1.08977399401419 -2.6343778448263 -1.45653289883212 0.145245361886558 NA 0 0.232142857142857 "Uqcrc2_noRT" "non-targeting_noRT"
"1751" "Colgalt1" 26.8679030297442 -0.564316881441779 -1.45495261712707 0.145682379578631 0.576322836229806 0.761904761904762 0.928571428571429 "Uqcrc2_noRT" "non-targeting_noRT"
"1752" "Aunip" 1.11200103429745 -2.65912290732026 -1.45453715297035 0.145797440721047 NA 0 0.196428571428571 "Uqcrc2_noRT" "non-targeting_noRT"
"1753" "Zfp469" 7.6969160422639 -1.07459197848143 -1.45389494846973 0.145975433555781 NA 0.333333333333333 0.589285714285714 "Uqcrc2_noRT" "non-targeting_noRT"
"1754" "Lsm5" 142.248320041082 0.255898492917567 1.45384392517369 0.145989582256409 0.576424143523698 1 1 "Uqcrc2_noRT" "non-targeting_noRT"
"1755" "Baz1b" 29.6324463099504 -0.535228340043923 -1.4537739787565 0.146008980022188 0.576424143523698 0.714285714285714 0.803571428571429 "Uqcrc2_noRT" "non-targeting_noRT"
"1756" "Odf2" 3.0648415886092 -1.88849917482529 -1.45310109905483 0.146195685967245 NA 0.0952380952380952 0.392857142857143 "Uqcrc2_noRT" "non-targeting_noRT"
"1757" "Wwc1" 5.40400303452633 -1.31430255512402 -1.45279145944413 0.146281663952809 NA 0.19047619047619 0.428571428571429 "Uqcrc2_noRT" "non-targeting_noRT"
"1758" "Ngf" 3.98213598256318 -1.61931783004038 -1.45262916215241 0.146326744679655 NA 0.142857142857143 0.178571428571429 "Uqcrc2_noRT" "non-targeting_noRT"
"1759" "Cenpk" 8.73507531445437 -1.0691252845345 -1.45226153010807 0.146428899802509 NA 0.285714285714286 0.607142857142857 "Uqcrc2_noRT" "non-targeting_noRT"
"1760" "Taf10" 224.595911954294 0.244594025373231 1.45216242048987 0.146456449052985 0.576424143523698 0.952380952380952 1 "Uqcrc2_noRT" "non-targeting_noRT"
"1761" "Hoxaas3" 1.94475087950559 1.8854351578198 1.45185540278675 0.146541815157791 NA 0.19047619047619 0.0892857142857143 "Uqcrc2_noRT" "non-targeting_noRT"
"1762" "Akap1" 3.79763312803289 -1.62616839187719 -1.45180683375792 0.146555323236246 NA 0.0952380952380952 0.410714285714286 "Uqcrc2_noRT" "non-targeting_noRT"
"1763" "Rictor" 18.1999765950714 -0.698200200261403 -1.45169666339093 0.146585967486055 0.576424143523698 0.476190476190476 0.821428571428571 "Uqcrc2_noRT" "non-targeting_noRT"
"1764" "Noa1" 14.6143425778067 -0.761894055012498 -1.45154114907175 0.146629232647957 0.576424143523698 0.523809523809524 0.696428571428571 "Uqcrc2_noRT" "non-targeting_noRT"
"1765" "Tsen15" 20.5783588310513 0.645664503105128 1.45120104759281 0.146723885277659 0.576424143523698 0.80952380952381 0.767857142857143 "Uqcrc2_noRT" "non-targeting_noRT"
"1766" "Mgll" 1.20924931256083 -2.79077273438936 -1.45094191977223 0.146796033733345 NA 0 0.0714285714285714 "Uqcrc2_noRT" "non-targeting_noRT"
"1767" "Ggt7" 2.94723362311309 -1.89190300368467 -1.45085505229293 0.146820226148732 NA 0.0952380952380952 0.321428571428571 "Uqcrc2_noRT" "non-targeting_noRT"
"1768" "Uck2" 19.2998669271565 -0.664123213034712 -1.45058045324187 0.146896721478434 0.576424143523698 0.714285714285714 0.875 "Uqcrc2_noRT" "non-targeting_noRT"
"1769" "Gpr108" 9.23415266347537 0.936006698859545 1.45055401669126 0.146904087542689 NA 0.523809523809524 0.428571428571429 "Uqcrc2_noRT" "non-targeting_noRT"
"1770" "Phf5a" 131.229799109376 -0.295195886091009 -1.45017932866303 0.147008517926547 0.576424143523698 0.952380952380952 0.982142857142857 "Uqcrc2_noRT" "non-targeting_noRT"
"1771" "Osbp" 7.90103568342897 -1.07413757088898 -1.45015024934649 0.147016625080202 NA 0.285714285714286 0.589285714285714 "Uqcrc2_noRT" "non-targeting_noRT"
"1772" "Hist1h2ae" 80.5990860327313 -1.37503193963919 -1.44976287583389 0.147124655301407 0.576424143523698 0.523809523809524 0.75 "Uqcrc2_noRT" "non-targeting_noRT"
"1773" "Il13ra1" 8.09061628377783 -1.07891431803087 -1.44968407755933 0.147146637889033 NA 0.333333333333333 0.5 "Uqcrc2_noRT" "non-targeting_noRT"
"1774" "Slc7a11" 4.63924122576193 -1.4690963122805 -1.44967137346531 0.147150182222772 NA 0.19047619047619 0.339285714285714 "Uqcrc2_noRT" "non-targeting_noRT"
"1775" "Pepd" 16.5418151953467 0.726355289173587 1.44916254082621 0.147292195855844 0.576424143523698 0.666666666666667 0.732142857142857 "Uqcrc2_noRT" "non-targeting_noRT"
"1776" "Dyrk3" 20.2240777166207 0.611731585628335 1.44903843562815 0.14732684912652 0.576424143523698 0.761904761904762 0.732142857142857 "Uqcrc2_noRT" "non-targeting_noRT"
"1777" "Ptcd1" 1.95812091929054 -2.23587231574533 -1.448952669971 0.147350800681594 NA 0.0476190476190476 0.285714285714286 "Uqcrc2_noRT" "non-targeting_noRT"
"1778" "Cdadc1" 3.7478028554631 -1.60518947998365 -1.44880531368541 0.147391959444209 NA 0.0952380952380952 0.464285714285714 "Uqcrc2_noRT" "non-targeting_noRT"
"1779" "Prkrip1" 22.6018011294402 -0.604635860481165 -1.44876859636419 0.147402216495894 0.576424143523698 0.619047619047619 0.821428571428571 "Uqcrc2_noRT" "non-targeting_noRT"
"1780" "Cep128" 1.11890184236908 -2.66690435960867 -1.44863010294347 0.147440909800059 NA 0 0.142857142857143 "Uqcrc2_noRT" "non-targeting_noRT"
"1781" "Iws1" 13.6140740969652 -0.76952812938516 -1.44835107486386 0.147518890283131 0.576424143523698 0.523809523809524 0.732142857142857 "Uqcrc2_noRT" "non-targeting_noRT"
"1782" "Brca2" 6.19513904750938 -1.22223529761481 -1.44694025998661 0.147913656010067 NA 0.0952380952380952 0.375 "Uqcrc2_noRT" "non-targeting_noRT"
"1783" "Hdac3" 13.7414088810973 -0.775477298932056 -1.44597785093103 0.148183414307648 0.576747104332814 0.619047619047619 0.785714285714286 "Uqcrc2_noRT" "non-targeting_noRT"
"1784" "Dr1" 6.91524195328783 -1.09083474047762 -1.44590339001311 0.14820430097239 NA 0.285714285714286 0.589285714285714 "Uqcrc2_noRT" "non-targeting_noRT"
"1785" "H2afj" 133.828558244675 0.268611070195008 1.44579029873494 0.148236027950498 0.576747104332814 1 0.982142857142857 "Uqcrc2_noRT" "non-targeting_noRT"
"1786" "Smug1" 1.94221294711228 -2.22433903534805 -1.44559394220521 0.148291126744669 NA 0.0476190476190476 0.303571428571429 "Uqcrc2_noRT" "non-targeting_noRT"
"1787" "Pcdh17" 15.1221830830526 -0.736911257491844 -1.4450875341645 0.148433300008715 0.576747104332814 0.476190476190476 0.678571428571429 "Uqcrc2_noRT" "non-targeting_noRT"
"1788" "Ppil3" 35.6388861606055 0.473667263728981 1.44501926699356 0.148452473870259 0.576747104332814 0.904761904761905 0.928571428571429 "Uqcrc2_noRT" "non-targeting_noRT"
"1789" "Gm28187" 3.03934471235767 -1.87605873271319 -1.44466775892859 0.148551230142676 NA 0.0952380952380952 0.285714285714286 "Uqcrc2_noRT" "non-targeting_noRT"
"1790" "Glud1" 24.8112663307345 0.54990307882473 1.4444834502441 0.148603031756065 0.576747104332814 0.761904761904762 0.821428571428571 "Uqcrc2_noRT" "non-targeting_noRT"
"1791" "Mef2b" 1.11258277426409 -2.6599611857822 -1.44416282898359 0.148693178113112 NA 0 0.196428571428571 "Uqcrc2_noRT" "non-targeting_noRT"
"1792" "Bex4" 91.9596724053255 0.331947857837805 1.44402067054598 0.148733160952662 0.576747104332814 0.904761904761905 0.964285714285714 "Uqcrc2_noRT" "non-targeting_noRT"
"1793" "Hsbp1" 118.364284151859 0.27677008657551 1.44341824454908 0.148902687673389 0.576747104332814 1 0.982142857142857 "Uqcrc2_noRT" "non-targeting_noRT"
"1794" "Plpp3" 10.6993892411085 -0.908116138612677 -1.44336530398483 0.148917592552186 NA 0.380952380952381 0.482142857142857 "Uqcrc2_noRT" "non-targeting_noRT"
"1795" "Cyp51" 42.0269305487798 0.494908102118054 1.44212543816854 0.149266989986246 0.576747104332814 0.80952380952381 0.821428571428571 "Uqcrc2_noRT" "non-targeting_noRT"
"1796" "Tpm1" 57.761337394242 -0.492338589979296 -1.44206285499186 0.149284642662174 0.576747104332814 0.761904761904762 0.964285714285714 "Uqcrc2_noRT" "non-targeting_noRT"
"1797" "Mmgt2" 6.15927568247522 1.09316937684898 1.44199309799545 0.149304320716627 NA 0.333333333333333 0.339285714285714 "Uqcrc2_noRT" "non-targeting_noRT"
"1798" "Lpar2" 1.89034322636421 -2.23087417204214 -1.4418447684548 0.149346170221585 NA 0.0476190476190476 0.267857142857143 "Uqcrc2_noRT" "non-targeting_noRT"
"1799" "Batf" 2.13428234214132 1.96266817582946 1.44172534855474 0.149379869702185 NA 0.0952380952380952 0.0892857142857143 "Uqcrc2_noRT" "non-targeting_noRT"
"1800" "Gpn3" 11.5017201037799 -0.86337222299749 -1.44134798662432 0.149486396803614 NA 0.476190476190476 0.785714285714286 "Uqcrc2_noRT" "non-targeting_noRT"
"1801" "Trappc13" 10.717274600524 -0.874209877167516 -1.44118682625235 0.149531909109503 NA 0.476190476190476 0.732142857142857 "Uqcrc2_noRT" "non-targeting_noRT"
"1802" "Terf1" 14.1463693816942 -0.801935829901454 -1.44118254838218 0.149533117340444 0.576747104332814 0.380952380952381 0.607142857142857 "Uqcrc2_noRT" "non-targeting_noRT"
"1803" "Rpl15" 1418.87838388915 0.165843260069349 1.44117850185685 0.149534260237785 0.576747104332814 1 1 "Uqcrc2_noRT" "non-targeting_noRT"
"1804" "Mmp16" 6.20980370866975 -1.21345110390982 -1.44105364775496 0.149569527204835 NA 0.142857142857143 0.375 "Uqcrc2_noRT" "non-targeting_noRT"
"1805" "Irx2" 4.76794148597428 1.31708276214024 1.44066522452775 0.149679283919737 NA 0.380952380952381 0.196428571428571 "Uqcrc2_noRT" "non-targeting_noRT"
"1806" "Mxra7" 7.18369767851045 1.10364868542909 1.43983518595197 0.149914033781189 NA 0.571428571428571 0.375 "Uqcrc2_noRT" "non-targeting_noRT"
"1807" "Gabpb1" 7.84394894257749 -1.04277967897878 -1.43967228417722 0.149960138285379 NA 0.285714285714286 0.660714285714286 "Uqcrc2_noRT" "non-targeting_noRT"
"1808" "Tjp1" 14.5385226365042 0.801589264015677 1.43957608069548 0.149987370899518 0.576747104332814 0.476190476190476 0.589285714285714 "Uqcrc2_noRT" "non-targeting_noRT"
"1809" "Serf1" 64.3685402493048 0.35396618412696 1.43954009339048 0.149997558905475 0.576747104332814 0.904761904761905 0.982142857142857 "Uqcrc2_noRT" "non-targeting_noRT"
"1810" "2510009E07Rik" 2.01288355845968 -2.28871203657821 -1.43931827645854 0.150060366931678 NA 0.0476190476190476 0.196428571428571 "Uqcrc2_noRT" "non-targeting_noRT"
"1811" "Haus3" 15.6224446777778 -0.75448570700736 -1.43930353553542 0.150064541572053 0.576747104332814 0.476190476190476 0.785714285714286 "Uqcrc2_noRT" "non-targeting_noRT"
"1812" "BFP" 2.01623738688843 1.92336828462148 1.43904137572361 0.150138800221255 NA 0.0952380952380952 0.0892857142857143 "Uqcrc2_noRT" "non-targeting_noRT"
"1813" "Timm9" 46.1939557709725 0.41254549288581 1.43880097643698 0.150206919673156 0.576747104332814 0.904761904761905 0.964285714285714 "Uqcrc2_noRT" "non-targeting_noRT"
"1814" "Otud7b" 10.7814628730172 -0.959276671497178 -1.43862230135349 0.150257564244198 NA 0.380952380952381 0.625 "Uqcrc2_noRT" "non-targeting_noRT"
"1815" "Asxl3" 6.15227649086794 -1.24407435356501 -1.43851469684156 0.150288070493684 NA 0.238095238095238 0.464285714285714 "Uqcrc2_noRT" "non-targeting_noRT"
"1816" "Sap30l" 37.0351882635831 0.452085635980121 1.43850627584631 0.150290458074065 0.576747104332814 0.952380952380952 0.910714285714286 "Uqcrc2_noRT" "non-targeting_noRT"
"1817" "Fxr1" 54.25874906645 0.392758778110772 1.43850191081736 0.150291695689455 0.576747104332814 1 0.946428571428571 "Uqcrc2_noRT" "non-targeting_noRT"
"1818" "Eif3b" 44.9852797356054 -0.436569504384402 -1.43839963607645 0.150320695841259 0.576747104332814 0.80952380952381 0.946428571428571 "Uqcrc2_noRT" "non-targeting_noRT"
"1819" "Shroom2" 1.95651846086903 -2.24406005997664 -1.43833359094167 0.150339425302634 NA 0.0476190476190476 0.232142857142857 "Uqcrc2_noRT" "non-targeting_noRT"
"1820" "Srp9" 131.033773433093 0.286150701257336 1.43828540628959 0.150353090907595 0.576747104332814 0.952380952380952 1 "Uqcrc2_noRT" "non-targeting_noRT"
"1821" "Fscn1" 66.2999646120893 0.357862585380024 1.43815842956823 0.150389107195531 0.576747104332814 0.952380952380952 0.946428571428571 "Uqcrc2_noRT" "non-targeting_noRT"
"1822" "Dscc1" 12.17618833384 -0.951586995753363 -1.43805063163786 0.150419688681338 NA 0.238095238095238 0.553571428571429 "Uqcrc2_noRT" "non-targeting_noRT"
"1823" "Soat1" 16.5167254690624 -0.742288151419886 -1.43690894819449 0.150743867018888 0.577572334929776 0.523809523809524 0.714285714285714 "Uqcrc2_noRT" "non-targeting_noRT"
"1824" "Bahd1" 2.0541006690738 2.32283285921683 1.43670890766529 0.150800722844792 NA 0.142857142857143 0.0714285714285714 "Uqcrc2_noRT" "non-targeting_noRT"
"1825" "Dus3l" 5.31320629491738 1.21829310677861 1.43639904157643 0.150888825724862 NA 0.380952380952381 0.267857142857143 "Uqcrc2_noRT" "non-targeting_noRT"
"1826" "Clint1" 130.896225711567 -0.293049209139633 -1.43638772761022 0.150892043317914 0.577605249999562 1 1 "Uqcrc2_noRT" "non-targeting_noRT"
"1827" "Cep104" 5.41723384519939 -1.27669007659239 -1.43592645856949 0.151023268728233 NA 0.238095238095238 0.446428571428571 "Uqcrc2_noRT" "non-targeting_noRT"
"1828" "Mrps36" 78.0614870274411 0.33102889188933 1.43589020753197 0.15103358539045 0.577612732297304 0.952380952380952 1 "Uqcrc2_noRT" "non-targeting_noRT"
"1829" "Arl5b" 7.26943898768704 0.966192893398833 1.43546327549908 0.151155126144321 NA 0.380952380952381 0.375 "Uqcrc2_noRT" "non-targeting_noRT"
"1830" "Dmap1" 5.55923527922333 -1.29659104085718 -1.43468529748478 0.151376795711014 NA 0.238095238095238 0.535714285714286 "Uqcrc2_noRT" "non-targeting_noRT"
"1831" "Tmx2" 28.6843566900947 -0.521751822433584 -1.43459368946359 0.151402913907245 0.578490542703768 0.714285714285714 0.946428571428571 "Uqcrc2_noRT" "non-targeting_noRT"
"1832" "Cnnm2" 1.95543282328891 -2.23393723417151 -1.43403781825794 0.15156147095368 NA 0.0476190476190476 0.25 "Uqcrc2_noRT" "non-targeting_noRT"
"1833" "Spdl1" 9.22551455383455 -0.958739706392576 -1.43387145901782 0.151608947947019 NA 0.285714285714286 0.482142857142857 "Uqcrc2_noRT" "non-targeting_noRT"
"1834" "Phtf2" 3.79144694495893 1.57383461146482 1.4335328294353 0.151705623887552 NA 0.333333333333333 0.107142857142857 "Uqcrc2_noRT" "non-targeting_noRT"
"1835" "Gadd45g" 5.381707619836 1.14755862719207 1.43323626673839 0.151790328636896 NA 0.333333333333333 0.214285714285714 "Uqcrc2_noRT" "non-targeting_noRT"
"1836" "Tcirg1" 7.93056455349488 0.933092402230552 1.43314467136123 0.151816497544939 NA 0.476190476190476 0.410714285714286 "Uqcrc2_noRT" "non-targeting_noRT"
"1837" "Gm813" 0.928286700269872 3.28187738782091 1.43310141285416 0.151828857746134 NA 0.0476190476190476 0.0178571428571429 "Uqcrc2_noRT" "non-targeting_noRT"
"1838" "Scd2" 40.0005748443299 -0.513578669908994 -1.43225678966945 0.152070344486844 0.579787565535456 0.857142857142857 0.857142857142857 "Uqcrc2_noRT" "non-targeting_noRT"
"1839" "Rps3a1" 2030.07150358415 0.157268664649378 1.4318986980513 0.152172814908838 0.579787565535456 1 1 "Uqcrc2_noRT" "non-targeting_noRT"
"1840" "Rfc4" 34.9121806578739 -0.582398672928994 -1.43100205042326 0.152429627485866 0.579787565535456 0.571428571428571 0.910714285714286 "Uqcrc2_noRT" "non-targeting_noRT"
"1841" "H13" 58.0176149893826 0.385319551987206 1.43089989759098 0.152458906421887 0.579787565535456 1 0.964285714285714 "Uqcrc2_noRT" "non-targeting_noRT"
"1842" "Rspry1" 13.970156146859 -0.76609767224534 -1.43063956508272 0.152533542001359 0.579787565535456 0.619047619047619 0.696428571428571 "Uqcrc2_noRT" "non-targeting_noRT"
"1843" "Actl6a" 29.6162637493117 -0.523273952031404 -1.43046693397748 0.152583049508968 0.579787565535456 0.761904761904762 0.982142857142857 "Uqcrc2_noRT" "non-targeting_noRT"
"1844" "Ahcyl1" 8.61199351053806 -0.976901562299784 -1.43020933894076 0.152656945884752 NA 0.333333333333333 0.589285714285714 "Uqcrc2_noRT" "non-targeting_noRT"
"1845" "Fam193a" 10.1781998908881 -0.914467908114858 -1.42938652891739 0.152893168099662 NA 0.380952380952381 0.607142857142857 "Uqcrc2_noRT" "non-targeting_noRT"
"1846" "Edc3" 1.92528425647914 -2.22129364320235 -1.42934883408133 0.152903996645426 NA 0.0476190476190476 0.267857142857143 "Uqcrc2_noRT" "non-targeting_noRT"
"1847" "Smg9" 4.99972443163544 1.20562706200997 1.42852850421644 0.153139796259185 NA 0.476190476190476 0.25 "Uqcrc2_noRT" "non-targeting_noRT"
"1848" "4430402I18Rik" 1.07597237787093 -2.61867982849341 -1.42844976594716 0.153162443711119 NA 0 0.214285714285714 "Uqcrc2_noRT" "non-targeting_noRT"
"1849" "Dpy19l1" 8.5876601142198 -0.972270552144905 -1.42829112732562 0.15320808060095 NA 0.285714285714286 0.589285714285714 "Uqcrc2_noRT" "non-targeting_noRT"
"1850" "Tmem164" 3.04860953830241 1.54857524074641 1.42799138649033 0.153294337767708 NA 0.238095238095238 0.142857142857143 "Uqcrc2_noRT" "non-targeting_noRT"
"1851" "Sri" 82.1571463060517 -0.385545387822478 -1.42791146171444 0.153317344155416 0.581791722563706 0.904761904761905 0.946428571428571 "Uqcrc2_noRT" "non-targeting_noRT"
"1852" "Prrx1" 30.7043400817803 -0.541784607933537 -1.42765328154721 0.153391679390286 0.581791722563706 0.761904761904762 0.785714285714286 "Uqcrc2_noRT" "non-targeting_noRT"
"1853" "Fbxo33" 3.88386213892925 -1.57293841123073 -1.42713648940322 0.153540556519628 NA 0.142857142857143 0.464285714285714 "Uqcrc2_noRT" "non-targeting_noRT"
"1854" "Ankfy1" 8.40003018519964 -0.973361422648154 -1.427004027391 0.153578733769723 NA 0.380952380952381 0.607142857142857 "Uqcrc2_noRT" "non-targeting_noRT"
"1855" "Mlf2" 95.6772998087155 0.308046819945016 1.42677277963222 0.153645399636285 0.582220387999034 1 1 "Uqcrc2_noRT" "non-targeting_noRT"
"1856" "Ino80c" 3.75929329315193 -1.55278115420064 -1.42421915808703 0.154383040737467 NA 0.142857142857143 0.375 "Uqcrc2_noRT" "non-targeting_noRT"
"1857" "Dennd4c" 1.87712335018758 -2.22127464997819 -1.42340727838858 0.154618123776644 NA 0.0476190476190476 0.321428571428571 "Uqcrc2_noRT" "non-targeting_noRT"
"1858" "Atp6v0a2" 6.90106341959736 -1.12083157537699 -1.42254726338505 0.154867441070371 NA 0.333333333333333 0.571428571428571 "Uqcrc2_noRT" "non-targeting_noRT"
"1859" "Nup88" 15.6582105492832 -0.725341813901479 -1.4223854212137 0.154914393033145 0.586492002169399 0.476190476190476 0.714285714285714 "Uqcrc2_noRT" "non-targeting_noRT"
"1860" "Snx13" 1.90356310254084 -2.24065974244358 -1.42204865037675 0.155012128126904 NA 0.0476190476190476 0.303571428571429 "Uqcrc2_noRT" "non-targeting_noRT"
"1861" "Slc16a3" 15.8353231198184 -0.69093555161581 -1.42161689494918 0.155137497420008 0.586738045851957 0.476190476190476 0.589285714285714 "Uqcrc2_noRT" "non-targeting_noRT"
"1862" "Ankrd37" 6.26154644935154 -1.15519103308341 -1.42127957444479 0.155235499101855 NA 0.285714285714286 0.428571428571429 "Uqcrc2_noRT" "non-targeting_noRT"
"1863" "Aldh5a1" 2.99876634250472 1.54967726927138 1.42123975097659 0.155247072110254 NA 0.285714285714286 0.160714285714286 "Uqcrc2_noRT" "non-targeting_noRT"
"1864" "Klhl13" 3.95073757674174 1.37773770789858 1.42109015854591 0.15529055068148 NA 0.285714285714286 0.196428571428571 "Uqcrc2_noRT" "non-targeting_noRT"
"1865" "Rtl8a" 4.01210344725056 1.37846497042791 1.4209823293707 0.155321896626349 NA 0.238095238095238 0.214285714285714 "Uqcrc2_noRT" "non-targeting_noRT"
"1866" "Mrpl43" 115.594014441617 -0.286054604597619 -1.42082191985043 0.155368536567091 0.586738045851957 1 1 "Uqcrc2_noRT" "non-targeting_noRT"
"1867" "Hnrnpab" 240.740145158384 -0.214657507187776 -1.4206973600754 0.155404760331983 0.586738045851957 1 1 "Uqcrc2_noRT" "non-targeting_noRT"
"1868" "Fxyd1" 2.91385513652582 1.69796664645656 1.42016541109544 0.15555953086397 NA 0.19047619047619 0.125 "Uqcrc2_noRT" "non-targeting_noRT"
"1869" "Ibtk" 3.9730638993313 -1.59505817794754 -1.42002954659209 0.155599079385596 NA 0.142857142857143 0.375 "Uqcrc2_noRT" "non-targeting_noRT"
"1870" "Sestd1" 3.54972133060451 1.45569001691324 1.41989796455496 0.155637388606739 NA 0.333333333333333 0.178571428571429 "Uqcrc2_noRT" "non-targeting_noRT"
"1871" "Car10" 1.47966575489854 2.30609065529013 1.41987040227588 0.155645414084796 NA 0.0952380952380952 0.0535714285714286 "Uqcrc2_noRT" "non-targeting_noRT"
"1872" "Kxd1" 44.7590209641478 0.405559635034696 1.41942941397119 0.15577386207538 0.58759547973375 0.857142857142857 1 "Uqcrc2_noRT" "non-targeting_noRT"
"1873" "Rps16" 3393.78170667312 0.167663134996098 1.41871001090193 0.155983577405977 0.587850676963508 1 1 "Uqcrc2_noRT" "non-targeting_noRT"
"1874" "Il1rap" 6.14306450434188 -1.20309032823094 -1.4182851723057 0.156107523936789 NA 0.238095238095238 0.464285714285714 "Uqcrc2_noRT" "non-targeting_noRT"
"1875" "Serping1" 5.11478420442411 1.12916013593334 1.41777403449628 0.156256747248443 NA 0.238095238095238 0.25 "Uqcrc2_noRT" "non-targeting_noRT"
"1876" "Gm26532" 10.4133336241778 0.91574311233285 1.417724413614 0.156271239497739 NA 0.523809523809524 0.375 "Uqcrc2_noRT" "non-targeting_noRT"
"1877" "Dsn1" 4.83776692927639 -1.43524459370753 -1.41722585379967 0.156416905209546 NA 0.142857142857143 0.428571428571429 "Uqcrc2_noRT" "non-targeting_noRT"
"1878" "Actr5" 2.47179852654746 1.65774115051619 1.41681148632276 0.156538050540168 NA 0.19047619047619 0.125 "Uqcrc2_noRT" "non-targeting_noRT"
"1879" "Sh3bp5l" 2.95363053357123 -1.88319900792997 -1.41677216901427 0.156549549124744 NA 0.0952380952380952 0.339285714285714 "Uqcrc2_noRT" "non-targeting_noRT"
"1880" "Mis18a" 9.41718994671262 -1.00963698298367 -1.416423858747 0.156651442542313 NA 0.285714285714286 0.5 "Uqcrc2_noRT" "non-targeting_noRT"
"1881" "Epg5" 1.07386602183593 -2.6162194559771 -1.41613891453719 0.156734836476382 NA 0 0.178571428571429 "Uqcrc2_noRT" "non-targeting_noRT"
"1882" "Akt3" 8.9637252560264 0.874548594592417 1.41571705097617 0.156858364071736 NA 0.476190476190476 0.464285714285714 "Uqcrc2_noRT" "non-targeting_noRT"
"1883" "Immt" 68.1436260903874 -0.349243533657345 -1.41531985663931 0.156974735620829 0.588446204616385 1 0.964285714285714 "Uqcrc2_noRT" "non-targeting_noRT"
"1884" "Plcd3" 1.86753444611432 -2.214096357281 -1.41517680797073 0.157016662605251 NA 0.0476190476190476 0.303571428571429 "Uqcrc2_noRT" "non-targeting_noRT"
"1885" "Ap3s2" 9.83179615092654 -0.880231876542438 -1.41508874041479 0.157042479070195 NA 0.333333333333333 0.732142857142857 "Uqcrc2_noRT" "non-targeting_noRT"
"1886" "Rps17" 1012.42709126155 -0.203209446986158 -1.41501433604332 0.157064292763724 0.588446204616385 1 1 "Uqcrc2_noRT" "non-targeting_noRT"
"1887" "Cdc42se1" 71.0493980873623 0.338414989875964 1.41480854019035 0.157124639455738 0.588446204616385 0.952380952380952 1 "Uqcrc2_noRT" "non-targeting_noRT"
"1888" "Ntpcr" 8.43820023632142 0.889001706199294 1.41451906526393 0.157209553584567 NA 0.571428571428571 0.446428571428571 "Uqcrc2_noRT" "non-targeting_noRT"
"1889" "Psmb5" 179.169919818256 0.247204574402303 1.41356986208043 0.157488235401715 0.588446204616385 1 1 "Uqcrc2_noRT" "non-targeting_noRT"
"1890" "Enpp2" 17.9935723220214 -0.808556779804839 -1.41348948973702 0.15751184954218 0.588446204616385 0.380952380952381 0.482142857142857 "Uqcrc2_noRT" "non-targeting_noRT"
"1891" "Hivep2" 16.5974298062966 0.643586506029392 1.41348813123977 0.157512248704337 0.588446204616385 0.571428571428571 0.625 "Uqcrc2_noRT" "non-targeting_noRT"
"1892" "Cab39l" 6.09127874543946 1.01824102849813 1.4134812206152 0.15751427923913 NA 0.476190476190476 0.321428571428571 "Uqcrc2_noRT" "non-targeting_noRT"
"1893" "Pigx" 22.0390443355201 0.568125967148496 1.41337928881007 0.157544231958513 0.588446204616385 0.904761904761905 0.75 "Uqcrc2_noRT" "non-targeting_noRT"
"1894" "Lgals3bp" 64.8545252723687 -0.360628294580062 -1.41337884629796 0.157544362000355 0.588446204616385 0.904761904761905 0.982142857142857 "Uqcrc2_noRT" "non-targeting_noRT"
"1895" "Gaa" 27.1086848985441 -0.537828814215357 -1.41303367908936 0.157645821697189 0.588446204616385 0.666666666666667 0.839285714285714 "Uqcrc2_noRT" "non-targeting_noRT"
"1896" "Plekha5" 31.2684593771174 0.516800597551849 1.41283811668807 0.157703327981824 0.588446204616385 0.904761904761905 0.928571428571429 "Uqcrc2_noRT" "non-targeting_noRT"
"1897" "1700113A16Rik" 5.54933647315909 1.22361749968571 1.41255786868687 0.157785764273349 NA 0.380952380952381 0.25 "Uqcrc2_noRT" "non-targeting_noRT"
"1898" "Phactr1" 30.2322950298354 0.621546441192415 1.41227376795335 0.157869367180962 0.588446204616385 0.761904761904762 0.803571428571429 "Uqcrc2_noRT" "non-targeting_noRT"
"1899" "Sms" 171.097580883685 0.286267687755731 1.41219416668309 0.157892797627463 0.588446204616385 0.952380952380952 1 "Uqcrc2_noRT" "non-targeting_noRT"
"1900" "Dlx1as" 0.687880879564381 3.85460893520021 1.41196784810355 0.157959428359586 NA 0.0952380952380952 0 "Uqcrc2_noRT" "non-targeting_noRT"
"1901" "Rhov" 0.687880879564381 3.85460893520021 1.41196784810355 0.157959428359586 NA 0.0476190476190476 0 "Uqcrc2_noRT" "non-targeting_noRT"
"1902" "Fv1" 0.687880879564381 3.85460893520021 1.41196784810355 0.157959428359586 NA 0.0952380952380952 0 "Uqcrc2_noRT" "non-targeting_noRT"
"1903" "4632411P08Rik" 0.687880879564381 3.85460893520021 1.41196784810355 0.157959428359586 NA 0.0476190476190476 0 "Uqcrc2_noRT" "non-targeting_noRT"
"1904" "Vamp8" 0.687880879564381 3.85460893520021 1.41196784810355 0.157959428359586 NA 0.0952380952380952 0 "Uqcrc2_noRT" "non-targeting_noRT"
"1905" "Gm31105" 0.687880879564381 3.85460893520021 1.41196784810355 0.157959428359586 NA 0.0952380952380952 0 "Uqcrc2_noRT" "non-targeting_noRT"
"1906" "G430095P16Rik" 0.687880879564381 3.85460893520021 1.41196784810355 0.157959428359586 NA 0.0476190476190476 0 "Uqcrc2_noRT" "non-targeting_noRT"
"1907" "Gm26759" 0.687880879564381 3.85460893520021 1.41196784810355 0.157959428359586 NA 0.0952380952380952 0 "Uqcrc2_noRT" "non-targeting_noRT"
"1908" "Tcam1" 0.687880879564381 3.85460893520021 1.41196784810355 0.157959428359586 NA 0.0952380952380952 0 "Uqcrc2_noRT" "non-targeting_noRT"
"1909" "Gm16835" 0.687880879564381 3.85460893520021 1.41196784810355 0.157959428359586 NA 0.0476190476190476 0 "Uqcrc2_noRT" "non-targeting_noRT"
"1910" "Hax1" 43.9825675445305 -0.448272220553474 -1.4118631188007 0.157990269049977 0.588446204616385 0.857142857142857 0.964285714285714 "Uqcrc2_noRT" "non-targeting_noRT"
"1911" "Zfp65" 2.01942938050355 1.88795703513604 1.4102266531736 0.158472768129289 NA 0.238095238095238 0.0892857142857143 "Uqcrc2_noRT" "non-targeting_noRT"
"1912" "Pole" 5.3625361251555 -1.26741049114219 -1.41017247230724 0.158488761992048 NA 0.142857142857143 0.410714285714286 "Uqcrc2_noRT" "non-targeting_noRT"
"1913" "Msn" 42.7447038003434 0.420371331877992 1.40979611929884 0.158599892843734 0.588851075095621 0.857142857142857 0.785714285714286 "Uqcrc2_noRT" "non-targeting_noRT"
"1914" "Ccdc59" 87.9283455751966 0.30772838908083 1.40962363699897 0.158650843737425 0.588851075095621 1 1 "Uqcrc2_noRT" "non-targeting_noRT"
"1915" "Atp1b3" 27.8537029406075 -0.525774495878471 -1.40961028809299 0.158654787491535 0.588851075095621 0.761904761904762 0.946428571428571 "Uqcrc2_noRT" "non-targeting_noRT"
"1916" "Kin" 28.5178283863111 -0.553454365050244 -1.40841407763761 0.159008493090376 0.588851075095621 0.761904761904762 0.857142857142857 "Uqcrc2_noRT" "non-targeting_noRT"
"1917" "Trim56" 11.3030544969712 -0.861170733674798 -1.40829793725982 0.159042866212963 NA 0.333333333333333 0.589285714285714 "Uqcrc2_noRT" "non-targeting_noRT"
"1918" "Bnip3l" 45.3708726415759 0.408717744319431 1.40779634025367 0.1591913843827 0.588851075095621 0.857142857142857 1 "Uqcrc2_noRT" "non-targeting_noRT"
"1919" "Prelid1" 80.6003032762871 0.331467494867744 1.40749235582838 0.159281442374247 0.588851075095621 1 1 "Uqcrc2_noRT" "non-targeting_noRT"
"1920" "Mettl26" 24.0504959254115 0.53737680613116 1.40746578044154 0.159289317392199 0.588851075095621 0.761904761904762 0.767857142857143 "Uqcrc2_noRT" "non-targeting_noRT"
"1921" "Rrs1" 39.6188028742085 -0.437748917536242 -1.40714147411363 0.159385442007679 0.588851075095621 0.857142857142857 0.892857142857143 "Uqcrc2_noRT" "non-targeting_noRT"
"1922" "Smn1" 44.379752347414 0.415022735070018 1.40698639123824 0.159431424183857 0.588851075095621 0.80952380952381 0.946428571428571 "Uqcrc2_noRT" "non-targeting_noRT"
"1923" "Vps28" 85.6688399425992 0.31571727837172 1.40651950445312 0.159569917009828 0.588851075095621 1 1 "Uqcrc2_noRT" "non-targeting_noRT"
"1924" "Klhdc2" 50.1684590422989 0.423302880387333 1.4059648050164 0.159734575994 0.588851075095621 0.904761904761905 0.946428571428571 "Uqcrc2_noRT" "non-targeting_noRT"
"1925" "Gm16286" 57.7834028003666 0.37559714616521 1.40572227027229 0.159806611245138 0.588851075095621 1 0.928571428571429 "Uqcrc2_noRT" "non-targeting_noRT"
"1926" "Cip2a" 5.39782188098406 -1.32054166621346 -1.40544697431287 0.159888406670736 NA 0.0952380952380952 0.375 "Uqcrc2_noRT" "non-targeting_noRT"
"1927" "Atp6v1d" 45.9848580195471 0.410665916331428 1.40506271379277 0.160002630372903 0.589048829611275 0.952380952380952 0.928571428571429 "Uqcrc2_noRT" "non-targeting_noRT"
"1928" "Cmss1" 11.7049862747022 -0.827276647307929 -1.40497258349449 0.160029431065576 NA 0.428571428571429 0.642857142857143 "Uqcrc2_noRT" "non-targeting_noRT"
"1929" "Aldh1l2" 11.6352325542607 -0.892079074851311 -1.40423319603576 0.160249419751078 NA 0.333333333333333 0.642857142857143 "Uqcrc2_noRT" "non-targeting_noRT"
"1930" "Wdr75" 36.0298467799514 -0.53160438434431 -1.40406373025689 0.160299872801393 0.589618554357479 0.714285714285714 0.910714285714286 "Uqcrc2_noRT" "non-targeting_noRT"
"1931" "Ado" 18.6112397240339 0.611551844970933 1.40308688359224 0.16059093196546 0.589739592145941 0.80952380952381 0.767857142857143 "Uqcrc2_noRT" "non-targeting_noRT"
"1932" "Hectd1" 28.0139764417675 0.511465935996718 1.40297485914671 0.160624336042046 0.589739592145941 0.80952380952381 0.803571428571429 "Uqcrc2_noRT" "non-targeting_noRT"
"1933" "Ythdc2" 3.09077744334897 -1.88552664873034 -1.40266523512859 0.160716688777388 NA 0.0952380952380952 0.357142857142857 "Uqcrc2_noRT" "non-targeting_noRT"
"1934" "Id2" 18.0982330795767 0.824463781871479 1.40251895761981 0.160760333480092 0.589739592145941 0.523809523809524 0.446428571428571 "Uqcrc2_noRT" "non-targeting_noRT"
"1935" "4833439L19Rik" 10.5527654501757 -0.850045131536587 -1.40204447362009 0.160901966528767 NA 0.333333333333333 0.732142857142857 "Uqcrc2_noRT" "non-targeting_noRT"
"1936" "Siva1" 137.08516942519 -0.262062110378794 -1.40135500293901 0.161107940902695 0.590491283839991 1 1 "Uqcrc2_noRT" "non-targeting_noRT"
"1937" "Mvp" 23.5683987454232 -0.577476032370881 -1.40067937648989 0.161309972562329 0.590708554391962 0.619047619047619 0.821428571428571 "Uqcrc2_noRT" "non-targeting_noRT"
"1938" "Sft2d1" 16.5479457579025 0.651030607627375 1.39979239559095 0.161575495666485 0.591157737460579 0.714285714285714 0.660714285714286 "Uqcrc2_noRT" "non-targeting_noRT"
"1939" "Bicd2" 3.75079002665879 -1.55901223407191 -1.39953521034242 0.161652547311071 NA 0.142857142857143 0.410714285714286 "Uqcrc2_noRT" "non-targeting_noRT"
"1940" "Sergef" 6.67860662541003 1.01714067086923 1.39893637711539 0.161832062783002 NA 0.476190476190476 0.446428571428571 "Uqcrc2_noRT" "non-targeting_noRT"
"1941" "Rps27l" 285.583306960082 0.227366745961683 1.39864718148166 0.161918810389026 0.591890492393806 1 1 "Uqcrc2_noRT" "non-targeting_noRT"
"1942" "Serpina3m" 3.54244360498568 1.33942007986203 1.39856204068649 0.161944356051052 NA 0.285714285714286 0.196428571428571 "Uqcrc2_noRT" "non-targeting_noRT"
"1943" "Trappc8" 5.69920474428361 1.04500202502329 1.39839398218646 0.161994789287321 NA 0.285714285714286 0.303571428571429 "Uqcrc2_noRT" "non-targeting_noRT"
"1944" "Dgkq" 6.63357080487688 1.03702544648708 1.39831142423434 0.16201956872053 NA 0.476190476190476 0.303571428571429 "Uqcrc2_noRT" "non-targeting_noRT"
"1945" "Eif2ak1" 4.55099327595804 -1.39780724131902 -1.39823294095156 0.162043127810764 NA 0.19047619047619 0.428571428571429 "Uqcrc2_noRT" "non-targeting_noRT"
"1946" "Dicer1" 12.3686283329502 0.720933412632375 1.39769723745151 0.162204004199766 NA 0.714285714285714 0.553571428571429 "Uqcrc2_noRT" "non-targeting_noRT"
"1947" "Wtap" 22.937322786756 0.576092541407521 1.3976357820096 0.162222467503895 0.592405536008214 0.857142857142857 0.767857142857143 "Uqcrc2_noRT" "non-targeting_noRT"
"1948" "Gramd4" 1.96436766614036 1.87656609551291 1.39763537799693 0.162222588888285 NA 0.0952380952380952 0.0892857142857143 "Uqcrc2_noRT" "non-targeting_noRT"
"1949" "Rps18" 1682.9597529896 -0.163453505594515 -1.39722463323014 0.162346031375861 0.592405536008214 1 1 "Uqcrc2_noRT" "non-targeting_noRT"
"1950" "Ostm1" 8.71383372937736 0.857562444571384 1.39698320020113 0.162418623112479 NA 0.428571428571429 0.428571428571429 "Uqcrc2_noRT" "non-targeting_noRT"
"1951" "Hspg2" 15.8439662896057 -0.699164926234247 -1.39569206946875 0.16280724348782 0.593440781552164 0.571428571428571 0.714285714285714 "Uqcrc2_noRT" "non-targeting_noRT"
"1952" "Tfam" 25.8391620649613 -0.552154580433977 -1.39532929929451 0.162916560619444 0.593440781552164 0.761904761904762 0.910714285714286 "Uqcrc2_noRT" "non-targeting_noRT"
"1953" "Chst5" 1.13232849908179 2.48296344578065 1.39334179130119 0.163516458753742 NA 0.142857142857143 0.0357142857142857 "Uqcrc2_noRT" "non-targeting_noRT"
"1954" "Cryab" 71.2666026093469 -0.56201811887711 -1.39268300765415 0.163715669256305 0.595447301020411 0.857142857142857 0.982142857142857 "Uqcrc2_noRT" "non-targeting_noRT"
"1955" "Rif1" 30.8581705920358 -0.545377029455519 -1.39255234366696 0.163755202648919 0.595447301020411 0.666666666666667 0.839285714285714 "Uqcrc2_noRT" "non-targeting_noRT"
"1956" "Sec14l1" 10.0643075754957 -0.922194881036544 -1.39197434838383 0.163930165864656 NA 0.380952380952381 0.660714285714286 "Uqcrc2_noRT" "non-targeting_noRT"
"1957" "Glod4" 46.5899781254373 0.405515732016439 1.39139726776859 0.164104992693994 0.596195311473002 0.857142857142857 0.928571428571429 "Uqcrc2_noRT" "non-targeting_noRT"
"1958" "Dzip3" 5.336031453677 -1.24560997996347 -1.39086158801363 0.164267402795371 NA 0.19047619047619 0.428571428571429 "Uqcrc2_noRT" "non-targeting_noRT"
"1959" "Slc31a1" 23.0964312583673 0.529082645186149 1.39011591596177 0.164493680964452 0.597083203360441 0.904761904761905 0.875 "Uqcrc2_noRT" "non-targeting_noRT"
"1960" "Coro1b" 1.93785007143396 1.89618987238817 1.38946879731579 0.164690242771721 NA 0.19047619047619 0.0892857142857143 "Uqcrc2_noRT" "non-targeting_noRT"
"1961" "Fam199x" 3.08425928845026 1.41255689518192 1.38929206209381 0.164743956700587 NA 0.238095238095238 0.160714285714286 "Uqcrc2_noRT" "non-targeting_noRT"
"1962" "Moxd1" 238.568532738076 -0.237396545520508 -1.38905640885234 0.164815597700172 0.597432523955218 1 1 "Uqcrc2_noRT" "non-targeting_noRT"
"1963" "Echdc3" 9.02262077618092 0.853647261369342 1.38900364456016 0.164831641799156 NA 0.523809523809524 0.517857142857143 "Uqcrc2_noRT" "non-targeting_noRT"
"1964" "Nudt4" 29.9472272786207 0.524486063015689 1.38884900031945 0.164878671425051 0.597432523955218 0.80952380952381 0.875 "Uqcrc2_noRT" "non-targeting_noRT"
"1965" "Cast" 9.18121479825222 -0.912878033935836 -1.38883840965417 0.16488189257431 NA 0.333333333333333 0.571428571428571 "Uqcrc2_noRT" "non-targeting_noRT"
"1966" "Ide" 12.2870013833326 -0.784569210853946 -1.38824607002217 0.165062128025463 NA 0.476190476190476 0.696428571428571 "Uqcrc2_noRT" "non-targeting_noRT"
"1967" "Dnajc22" 12.7691031072666 0.808040239836538 1.38819683669632 0.165077115277784 0.597628261609336 0.619047619047619 0.482142857142857 "Uqcrc2_noRT" "non-targeting_noRT"
"1968" "Apeh" 6.73970324464353 0.973085121510187 1.38816592330117 0.165086526233061 NA 0.428571428571429 0.392857142857143 "Uqcrc2_noRT" "non-targeting_noRT"
"1969" "Mrnip" 2.86138152976392 -1.89400286768761 -1.38739020556235 0.165322809981779 NA 0.0952380952380952 0.25 "Uqcrc2_noRT" "non-targeting_noRT"
"1970" "Arrdc1" 2.50934981031088 1.66864083118161 1.38708420826481 0.165416086779027 NA 0.285714285714286 0.107142857142857 "Uqcrc2_noRT" "non-targeting_noRT"
"1971" "Mybl2" 8.44237592099969 -0.968999977873794 -1.38694920346453 0.165457252723015 NA 0.19047619047619 0.464285714285714 "Uqcrc2_noRT" "non-targeting_noRT"
"1972" "Fyn" 16.4724871454118 -0.735429760193644 -1.38670560491611 0.165531550802412 0.598509405965726 0.428571428571429 0.696428571428571 "Uqcrc2_noRT" "non-targeting_noRT"
"1973" "S100a10" 335.868588167875 0.187253799994385 1.38644920629714 0.165609780046099 0.598509405965726 1 1 "Uqcrc2_noRT" "non-targeting_noRT"
"1974" "Armc5" 1.87212407573151 -2.15703182813784 -1.38614369565752 0.165703030071492 NA 0.0476190476190476 0.267857142857143 "Uqcrc2_noRT" "non-targeting_noRT"
"1975" "Lmod1" 1.18630457586485 2.56005277729149 1.38610495153324 0.165714858637334 NA 0.0952380952380952 0.0357142857142857 "Uqcrc2_noRT" "non-targeting_noRT"
"1976" "Pdk2" 1.18630457586485 2.56005277729149 1.38610495153324 0.165714858637334 NA 0.142857142857143 0.0357142857142857 "Uqcrc2_noRT" "non-targeting_noRT"
"1977" "Map2k2" 97.9215242785641 0.311617038083392 1.38486424220146 0.166093982686889 0.598680903204066 1 0.982142857142857 "Uqcrc2_noRT" "non-targeting_noRT"
"1978" "Pgls" 131.288941926395 0.258663636696349 1.38481438643546 0.166109230755413 0.598680903204066 1 1 "Uqcrc2_noRT" "non-targeting_noRT"
"1979" "St7l" 11.8795218104468 0.757491318158631 1.38471070510169 0.166140944402336 NA 0.619047619047619 0.642857142857143 "Uqcrc2_noRT" "non-targeting_noRT"
"1980" "Arpc5" 87.7510513351692 0.2968269593108 1.3846835316397 0.166149256869263 0.598680903204066 0.952380952380952 0.982142857142857 "Uqcrc2_noRT" "non-targeting_noRT"
"1981" "Setx" 14.3029125952517 -0.782780894487601 -1.38440019525363 0.166235949198036 0.598680903204066 0.476190476190476 0.732142857142857 "Uqcrc2_noRT" "non-targeting_noRT"
"1982" "Lrriq3" 1.57490192990153 2.43040045343981 1.38423859441495 0.166285409377514 NA 0.19047619047619 0.0535714285714286 "Uqcrc2_noRT" "non-targeting_noRT"
"1983" "mt-Nd6" 6.91146623097461 -1.06864195274593 -1.38363159811401 0.166471287867966 NA 0.285714285714286 0.446428571428571 "Uqcrc2_noRT" "non-targeting_noRT"
"1984" "Dhx8" 13.0280115357454 -0.762055681985656 -1.38329539038859 0.166574310864544 0.599246530508847 0.571428571428571 0.75 "Uqcrc2_noRT" "non-targeting_noRT"
"1985" "Hnrnpf" 127.161530752631 -0.275726239636708 -1.3821103634084 0.166937816899513 0.599246530508847 0.952380952380952 1 "Uqcrc2_noRT" "non-targeting_noRT"
"1986" "Gla" 3.8208139789143 -1.57586881375528 -1.38210817427948 0.166938488964216 NA 0.142857142857143 0.446428571428571 "Uqcrc2_noRT" "non-targeting_noRT"
"1987" "Atp6ap2" 17.4696398710136 0.606364706397043 1.38198752527335 0.166975531470539 0.599246530508847 0.80952380952381 0.625 "Uqcrc2_noRT" "non-targeting_noRT"
"1988" "3110082I17Rik" 6.84086252748391 -1.07299390787994 -1.38184134376428 0.16702042142141 NA 0.238095238095238 0.589285714285714 "Uqcrc2_noRT" "non-targeting_noRT"
"1989" "Lhx9" 0.662448922438101 3.81611892506356 1.3818092929534 0.167030264913406 NA 0.0476190476190476 0 "Uqcrc2_noRT" "non-targeting_noRT"
"1990" "Lypd6" 0.662448922438101 3.81611892506356 1.3818092929534 0.167030264913406 NA 0.0476190476190476 0 "Uqcrc2_noRT" "non-targeting_noRT"
"1991" "Card14" 0.662448922438101 3.81611892506356 1.3818092929534 0.167030264913406 NA 0.0952380952380952 0 "Uqcrc2_noRT" "non-targeting_noRT"
"1992" "Cul4b" 16.3897418318095 -0.667985832672063 -1.38173942178595 0.16705172535987 0.599246530508847 0.523809523809524 0.785714285714286 "Uqcrc2_noRT" "non-targeting_noRT"
"1993" "3110021N24Rik" 4.21347007328874 1.33742095809569 1.38156158796096 0.167106355138843 NA 0.380952380952381 0.232142857142857 "Uqcrc2_noRT" "non-targeting_noRT"
"1994" "Dhrs1" 37.0643419378553 -0.494387783786928 -1.38152666586471 0.167117084631998 0.599246530508847 0.761904761904762 0.928571428571429 "Uqcrc2_noRT" "non-targeting_noRT"
"1995" "Focad" 5.15644657596781 1.1932035474627 1.38116101513947 0.167229458545552 NA 0.380952380952381 0.303571428571429 "Uqcrc2_noRT" "non-targeting_noRT"
"1996" "Amotl2" 12.9154245923119 -0.788519385710862 -1.38101670120122 0.167273825569268 0.59928925558929 0.476190476190476 0.767857142857143 "Uqcrc2_noRT" "non-targeting_noRT"
"1997" "Syngr2" 36.1933936490363 0.44831703609521 1.38015331710553 0.167539444012253 0.599721643012719 0.904761904761905 0.892857142857143 "Uqcrc2_noRT" "non-targeting_noRT"
"1998" "Cep192" 6.92135619897339 -1.05999400186101 -1.38008513559723 0.16756043341117 NA 0.285714285714286 0.482142857142857 "Uqcrc2_noRT" "non-targeting_noRT"
"1999" "Tmem167" 147.943463788021 -0.244777686130096 -1.37963692260062 0.167698463125527 0.599772031472281 1 1 "Uqcrc2_noRT" "non-targeting_noRT"
"2000" "Coro2a" 2.86915830608056 -1.83002833341976 -1.3789123268755 0.16792178705158 NA 0.0952380952380952 0.357142857142857 "Uqcrc2_noRT" "non-targeting_noRT"
"2001" "Col2a1" 46.7377616758019 0.523212977213651 1.37885529252514 0.167939374791981 0.600002122406355 0.714285714285714 0.678571428571429 "Uqcrc2_noRT" "non-targeting_noRT"
"2002" "Vezt" 3.66428928548627 -1.50414708865064 -1.37884767954966 0.16794172251758 NA 0.142857142857143 0.375 "Uqcrc2_noRT" "non-targeting_noRT"
"2003" "Mier3" 4.72539829926989 1.17352589845976 1.37793260903568 0.168224095861679 NA 0.19047619047619 0.196428571428571 "Uqcrc2_noRT" "non-targeting_noRT"
"2004" "Cnot1" 18.8846845350986 -0.634049847511448 -1.37745098363123 0.168372859385375 0.600002122406355 0.619047619047619 0.857142857142857 "Uqcrc2_noRT" "non-targeting_noRT"
"2005" "Txndc12" 54.3544500713802 -0.438831372385693 -1.37735251023831 0.168403287811779 0.600002122406355 0.904761904761905 0.964285714285714 "Uqcrc2_noRT" "non-targeting_noRT"
"2006" "Dtd1" 47.3337070668133 0.380991098047407 1.37734018623919 0.168407096236616 0.600002122406355 0.904761904761905 0.946428571428571 "Uqcrc2_noRT" "non-targeting_noRT"
"2007" "Ipo9" 6.89658581289836 -1.07584416155363 -1.37724418189674 0.168436766199751 NA 0.285714285714286 0.589285714285714 "Uqcrc2_noRT" "non-targeting_noRT"
"2008" "Pex16" 6.89658581289836 -1.07584416155363 -1.37724418189674 0.168436766199751 NA 0.238095238095238 0.625 "Uqcrc2_noRT" "non-targeting_noRT"
"2009" "Inip" 12.8683424892502 0.700324991228492 1.37698284436291 0.168517551953967 0.600002122406355 0.666666666666667 0.607142857142857 "Uqcrc2_noRT" "non-targeting_noRT"
"2010" "Smim4" 16.8701803348891 0.752091402514601 1.37661023122623 0.16863278597356 0.600002122406355 0.619047619047619 0.589285714285714 "Uqcrc2_noRT" "non-targeting_noRT"
"2011" "Frmd6" 1.91308509875739 -2.20234903818235 -1.37587734978174 0.168859608781429 NA 0.0476190476190476 0.178571428571429 "Uqcrc2_noRT" "non-targeting_noRT"
"2012" "Tmem65" 11.3784353739213 0.750371158719308 1.3754410567393 0.168994747752724 NA 0.476190476190476 0.535714285714286 "Uqcrc2_noRT" "non-targeting_noRT"
"2013" "Zbtb44" 5.26012940053619 -1.24385608348195 -1.37508185181141 0.169106070061201 NA 0.142857142857143 0.482142857142857 "Uqcrc2_noRT" "non-targeting_noRT"
"2014" "Ankrd49" 4.51462188254936 -1.32921598655011 -1.37493298774594 0.16915222110246 NA 0.142857142857143 0.392857142857143 "Uqcrc2_noRT" "non-targeting_noRT"
"2015" "Gcc2" 17.9597651232404 0.596651234831333 1.37485755772976 0.169175609625424 0.601416385420966 0.619047619047619 0.714285714285714 "Uqcrc2_noRT" "non-targeting_noRT"
"2016" "Pcnx3" 3.74716104328689 -1.59032128892784 -1.37450007617609 0.169286486626654 NA 0.142857142857143 0.410714285714286 "Uqcrc2_noRT" "non-targeting_noRT"
"2017" "Nek8" 1.0127843145618 -2.52713162525495 -1.37408148366045 0.169416387157507 NA 0 0.196428571428571 "Uqcrc2_noRT" "non-targeting_noRT"
"2018" "Ifit1" 81.7883249616835 0.958380816048491 1.3737542733056 0.169517981386675 0.602116229165717 0.761904761904762 0.732142857142857 "Uqcrc2_noRT" "non-targeting_noRT"
"2019" "Zfp235" 3.59118625124388 1.35363659597384 1.373186346545 0.169694423134447 NA 0.333333333333333 0.160714285714286 "Uqcrc2_noRT" "non-targeting_noRT"
"2020" "Fry" 3.80157410982673 -1.52059673795963 -1.37305601268929 0.16973493427616 NA 0.142857142857143 0.410714285714286 "Uqcrc2_noRT" "non-targeting_noRT"
"2021" "Ahcy" 6.81493959597205 -1.05585402122972 -1.37302748329754 0.169743802918051 NA 0.333333333333333 0.660714285714286 "Uqcrc2_noRT" "non-targeting_noRT"
"2022" "Wdr43" 44.1100388383145 -0.423857179502538 -1.3729812085766 0.16975818860871 0.602452302283741 0.80952380952381 0.946428571428571 "Uqcrc2_noRT" "non-targeting_noRT"
"2023" "Il16" 3.57215319330721 1.31438594136492 1.37249410836746 0.169909671726767 NA 0.333333333333333 0.196428571428571 "Uqcrc2_noRT" "non-targeting_noRT"
"2024" "Rnf11" 27.7265649993344 0.515098046563357 1.37207388867555 0.170040437092772 0.602802864347026 0.80952380952381 0.821428571428571 "Uqcrc2_noRT" "non-targeting_noRT"
"2025" "Srsf9" 95.4744553804962 0.298758678365777 1.37169267391855 0.170159130014346 0.602802864347026 1 0.982142857142857 "Uqcrc2_noRT" "non-targeting_noRT"
"2026" "Gtse1" 1.79533921869855 -2.14487148780716 -1.37151705098524 0.170213831888515 NA 0.0476190476190476 0.214285714285714 "Uqcrc2_noRT" "non-targeting_noRT"
"2027" "Wnk3" 1.79533921869855 -2.14487148780716 -1.37151705098524 0.170213831888515 NA 0.0476190476190476 0.267857142857143 "Uqcrc2_noRT" "non-targeting_noRT"
"2028" "Cox6c" 659.125869647945 0.167207615445121 1.37066339297412 0.170479911387872 0.602802864347026 1 1 "Uqcrc2_noRT" "non-targeting_noRT"
"2029" "Atp5j" 271.691037335448 0.19969393915004 1.37051752932473 0.170525407269995 0.602802864347026 1 1 "Uqcrc2_noRT" "non-targeting_noRT"
"2030" "Orc5" 5.26659123011959 -1.25364969551063 -1.37039633196636 0.170563216483872 NA 0.238095238095238 0.5 "Uqcrc2_noRT" "non-targeting_noRT"
"2031" "Ak2" 52.7763149699837 0.379041350396463 1.37032541106945 0.170585344163936 0.602802864347026 0.857142857142857 0.928571428571429 "Uqcrc2_noRT" "non-targeting_noRT"
"2032" "B4galt5" 4.19712511135371 1.2971119442179 1.37025748394087 0.170606539789393 NA 0.238095238095238 0.25 "Uqcrc2_noRT" "non-targeting_noRT"
"2033" "C1s1" 3.60130604459658 -1.52715606817211 -1.36951291827527 0.170838999514499 NA 0.142857142857143 0.392857142857143 "Uqcrc2_noRT" "non-targeting_noRT"
"2034" "Rps12" 4972.4481500179 0.162218065231418 1.36865773688931 0.171106287039233 0.603495023910931 1 1 "Uqcrc2_noRT" "non-targeting_noRT"
"2035" "Gm773" 35.5392111937759 0.46254432822686 1.36840375378044 0.171185729914522 0.603495023910931 0.761904761904762 0.910714285714286 "Uqcrc2_noRT" "non-targeting_noRT"
"2036" "Nmral1" 6.94307735291169 -1.04402671152687 -1.3683693675373 0.171196487642018 NA 0.285714285714286 0.660714285714286 "Uqcrc2_noRT" "non-targeting_noRT"
"2037" "Synj2bp" 25.4118405869814 -0.542058207551179 -1.36829823550119 0.171218742888215 0.603495023910931 0.666666666666667 0.928571428571429 "Uqcrc2_noRT" "non-targeting_noRT"
"2038" "Psmf1" 12.3569879256265 -0.842765581902893 -1.36779532805618 0.171376150517454 NA 0.523809523809524 0.660714285714286 "Uqcrc2_noRT" "non-targeting_noRT"
"2039" "Slc35a4" 7.64595448159442 -0.984531037565937 -1.36763174772243 0.171427373724659 NA 0.380952380952381 0.642857142857143 "Uqcrc2_noRT" "non-targeting_noRT"
"2040" "Lonp2" 10.7642669667358 0.765092569984949 1.36702618127582 0.171617099303731 NA 0.523809523809524 0.535714285714286 "Uqcrc2_noRT" "non-targeting_noRT"
"2041" "Vps54" 7.82544039922457 0.877806347986509 1.3660165639637 0.171933764480958 NA 0.476190476190476 0.375 "Uqcrc2_noRT" "non-targeting_noRT"
"2042" "Maoa" 3.58750442845331 -1.52119984558959 -1.36594291850655 0.171956880382986 NA 0.142857142857143 0.410714285714286 "Uqcrc2_noRT" "non-targeting_noRT"
"2043" "Cald1" 30.8430024376829 0.49920845828068 1.3655742776977 0.172072624646252 0.605544703665102 0.619047619047619 0.75 "Uqcrc2_noRT" "non-targeting_noRT"
"2044" "Nadk2" 15.6755285904221 -0.669097158225515 -1.36550960419073 0.172092936566013 0.605544703665102 0.523809523809524 0.803571428571429 "Uqcrc2_noRT" "non-targeting_noRT"
"2045" "Vangl1" 1.83659931691848 -2.1395257646316 -1.36516638687231 0.172200760381664 NA 0.0476190476190476 0.285714285714286 "Uqcrc2_noRT" "non-targeting_noRT"
"2046" "B4gat1" 5.603888738196 1.03433878274537 1.36490664559412 0.172282393280781 NA 0.428571428571429 0.267857142857143 "Uqcrc2_noRT" "non-targeting_noRT"
"2047" "Atp10a" 2.97244783459203 -1.84276193707905 -1.36488749267691 0.172288413909436 NA 0.0952380952380952 0.303571428571429 "Uqcrc2_noRT" "non-targeting_noRT"
"2048" "Il11ra1" 12.1346447784794 0.705105851089512 1.36441783445336 0.172436097997966 NA 0.571428571428571 0.571428571428571 "Uqcrc2_noRT" "non-targeting_noRT"
"2049" "Gm15050" 3.57246519172916 1.4669638433936 1.36360271938552 0.172692635777966 NA 0.285714285714286 0.142857142857143 "Uqcrc2_noRT" "non-targeting_noRT"
"2050" "Parpbp" 5.56882903021228 -1.2997266370395 -1.36313921562616 0.172838639622432 NA 0.19047619047619 0.392857142857143 "Uqcrc2_noRT" "non-targeting_noRT"
"2051" "Mob1a" 14.8962161773357 -0.709417803888766 -1.36310781309881 0.172848534766792 0.607686692323691 0.571428571428571 0.803571428571429 "Uqcrc2_noRT" "non-targeting_noRT"
"2052" "Akna" 1.00588350649016 -2.51877830990299 -1.36249476215383 0.173041796041065 NA 0 0.178571428571429 "Uqcrc2_noRT" "non-targeting_noRT"
"2053" "Polr1a" 16.0573921700715 -0.688518407699151 -1.36190782832094 0.173226975345329 0.60843720115352 0.476190476190476 0.607142857142857 "Uqcrc2_noRT" "non-targeting_noRT"
"2054" "Zfp977" 1.01757876659843 -2.5329992597989 -1.3617063075705 0.173290589866182 NA 0 0.196428571428571 "Uqcrc2_noRT" "non-targeting_noRT"
"2055" "Kif18b" 1.89224475997977 -2.17283862350879 -1.36168477033735 0.173297389606949 NA 0.0476190476190476 0.232142857142857 "Uqcrc2_noRT" "non-targeting_noRT"
"2056" "Depdc1b" 2.8134527908097 -1.79015555806038 -1.36134849471567 0.173403584498697 NA 0.0952380952380952 0.321428571428571 "Uqcrc2_noRT" "non-targeting_noRT"
"2057" "Pgap2" 13.4969309577101 0.666007793364213 1.36063099123354 0.173630332647784 0.60843720115352 0.666666666666667 0.607142857142857 "Uqcrc2_noRT" "non-targeting_noRT"
"2058" "Ndufs8" 60.2325443780736 0.361557070041024 1.36036300272721 0.173715080186426 0.60843720115352 1 1 "Uqcrc2_noRT" "non-targeting_noRT"
"2059" "Cfl1" 406.857453317857 0.192170402662102 1.36002717632832 0.173821324115392 0.60843720115352 1 1 "Uqcrc2_noRT" "non-targeting_noRT"
"2060" "Pygo2" 5.39197597193234 -1.22056193387159 -1.35956666621886 0.173967092598357 NA 0.19047619047619 0.5 "Uqcrc2_noRT" "non-targeting_noRT"
"2061" "Rfc2" 32.7424846797702 -0.533347651883413 -1.35955530494601 0.17397069001527 0.60843720115352 0.666666666666667 0.875 "Uqcrc2_noRT" "non-targeting_noRT"
"2062" "Rhod" 13.4606994675956 0.687568583611358 1.35949489173053 0.173989820101317 0.60843720115352 0.619047619047619 0.607142857142857 "Uqcrc2_noRT" "non-targeting_noRT"
"2063" "Bcl2l11" 2.87962802531452 -1.77366657310779 -1.35932571925694 0.174043397601503 NA 0.0952380952380952 0.339285714285714 "Uqcrc2_noRT" "non-targeting_noRT"
"2064" "Dtl" 14.4506099248007 -0.761629129880479 -1.35905930329063 0.174127797430795 0.60843720115352 0.428571428571429 0.589285714285714 "Uqcrc2_noRT" "non-targeting_noRT"
"2065" "Rad51d" 9.4117874372257 0.805447483089606 1.35871073881623 0.174238267831698 NA 0.523809523809524 0.446428571428571 "Uqcrc2_noRT" "non-targeting_noRT"
"2066" "Nup54" 17.1628621568571 -0.648659907487922 -1.35871063889032 0.174238299508681 0.60843720115352 0.476190476190476 0.767857142857143 "Uqcrc2_noRT" "non-targeting_noRT"
"2067" "Smyd2" 27.5279260326466 0.511395022718862 1.35772765451885 0.174550118317247 0.608685604610099 0.761904761904762 0.803571428571429 "Uqcrc2_noRT" "non-targeting_noRT"
"2068" "Rsbn1l" 24.1144842973174 -0.54122550284907 -1.35755910125885 0.174603628001978 0.608685604610099 0.80952380952381 0.892857142857143 "Uqcrc2_noRT" "non-targeting_noRT"
"2069" "Uqcc2" 291.870208855684 0.197908528014756 1.35705166036379 0.174764796429075 0.608734619211712 1 1 "Uqcrc2_noRT" "non-targeting_noRT"
"2070" "Afap1l1" 5.25457566939187 1.15088280698182 1.3562567660016 0.175017486209105 NA 0.380952380952381 0.303571428571429 "Uqcrc2_noRT" "non-targeting_noRT"
"2071" "Cirbp" 17.4688239749782 0.585766835774109 1.35603079098772 0.175089371388128 0.6093522445787 0.714285714285714 0.714285714285714 "Uqcrc2_noRT" "non-targeting_noRT"
"2072" "Ift52" 9.06033172211357 0.837814749922977 1.35522722403646 0.17534517350718 NA 0.476190476190476 0.392857142857143 "Uqcrc2_noRT" "non-targeting_noRT"
"2073" "Trim24" 12.0338787916959 0.829137766318483 1.35522448279512 0.175346046612534 NA 0.619047619047619 0.517857142857143 "Uqcrc2_noRT" "non-targeting_noRT"
"2074" "Sesn1" 1.6434681739454 1.92238729315568 1.35518543257378 0.175358484745005 NA 0.142857142857143 0.0714285714285714 "Uqcrc2_noRT" "non-targeting_noRT"
"2075" "Xpc" 5.18205799973695 1.14951579967647 1.35515095666979 0.17536946642989 NA 0.333333333333333 0.25 "Uqcrc2_noRT" "non-targeting_noRT"
"2076" "Dhx37" 1.83820177533999 -2.13091259805987 -1.35493256913866 0.175439041805758 NA 0.0476190476190476 0.214285714285714 "Uqcrc2_noRT" "non-targeting_noRT"
"2077" "Gna15" 1.83820177533999 -2.13091259805987 -1.35493256913866 0.175439041805758 NA 0.0476190476190476 0.178571428571429 "Uqcrc2_noRT" "non-targeting_noRT"
"2078" "Cep63" 4.409213074775 -1.34052747748485 -1.35459411918416 0.175546908163064 NA 0.19047619047619 0.446428571428571 "Uqcrc2_noRT" "non-targeting_noRT"
"2079" "Parp2" 19.5531974969896 0.60988156624449 1.35450798718633 0.175574366925949 0.610526664150904 0.761904761904762 0.696428571428571 "Uqcrc2_noRT" "non-targeting_noRT"
"2080" "Ifi205" 1.13814366957329 2.51891444178724 1.35388306550551 0.175773687056886 NA 0.0952380952380952 0.0357142857142857 "Uqcrc2_noRT" "non-targeting_noRT"
"2081" "Smim8" 21.7162645963646 -0.597813958976137 -1.35374317882295 0.17581832732605 0.61054027099726 0.666666666666667 0.839285714285714 "Uqcrc2_noRT" "non-targeting_noRT"
"2082" "Rps2" 3813.3061866433 0.147945662525897 1.35357073271246 0.175873369509119 0.61054027099726 1 1 "Uqcrc2_noRT" "non-targeting_noRT"
"2083" "Selenon" 2.57893478407816 1.51643317641608 1.35247601394251 0.176223086889134 NA 0.19047619047619 0.142857142857143 "Uqcrc2_noRT" "non-targeting_noRT"
"2084" "Pias1" 3.6817218737329 -1.51133877039375 -1.35233442182662 0.176268357552384 NA 0.142857142857143 0.321428571428571 "Uqcrc2_noRT" "non-targeting_noRT"
"2085" "Llph" 138.84677276398 0.24762138014963 1.35227227540324 0.176288230109533 0.611084107737131 1 1 "Uqcrc2_noRT" "non-targeting_noRT"
"2086" "S100a13" 45.7253940746241 0.41662410769757 1.3520761468036 0.176350957089952 0.611084107737131 0.952380952380952 0.875 "Uqcrc2_noRT" "non-targeting_noRT"
"2087" "Lyar" 120.406648807538 -0.369489256686881 -1.35169452664799 0.176473056729307 0.611084107737131 0.952380952380952 0.910714285714286 "Uqcrc2_noRT" "non-targeting_noRT"
"2088" "Donson" 1.81182893084345 -2.15781193598027 -1.35108715663805 0.176667515124461 NA 0.0476190476190476 0.285714285714286 "Uqcrc2_noRT" "non-targeting_noRT"
"2089" "Fam177a" 1.01699702663179 -2.53220278425158 -1.3510614412562 0.176675751802362 NA 0 0.214285714285714 "Uqcrc2_noRT" "non-targeting_noRT"
"2090" "Spryd4" 4.99622242832983 1.0932681335775 1.35078441654778 0.176764501406893 NA 0.523809523809524 0.267857142857143 "Uqcrc2_noRT" "non-targeting_noRT"
"2091" "Ocel1" 3.57370281231005 -1.51593171866635 -1.35019904181813 0.176952145474225 NA 0.142857142857143 0.428571428571429 "Uqcrc2_noRT" "non-targeting_noRT"
"2092" "Capn1" 5.25794911838133 1.05892647156588 1.349837153792 0.177068224250166 NA 0.476190476190476 0.267857142857143 "Uqcrc2_noRT" "non-targeting_noRT"
"2093" "Gnb4" 11.9822673864298 -0.786961115028862 -1.34944626349473 0.177193669478125 NA 0.571428571428571 0.660714285714286 "Uqcrc2_noRT" "non-targeting_noRT"
"2094" "Tacc3" 20.2633443047067 -0.621080865274962 -1.3493080803318 0.177238031305006 0.611171284895897 0.428571428571429 0.696428571428571 "Uqcrc2_noRT" "non-targeting_noRT"
"2095" "Taz" 13.1745724733691 0.7170839546378 1.34906605084488 0.177315751516512 0.611171284895897 0.666666666666667 0.625 "Uqcrc2_noRT" "non-targeting_noRT"
"2096" "Nudcd2" 78.5778720842825 -0.312366886057026 -1.34886098521719 0.177381621801244 0.611171284895897 0.952380952380952 0.982142857142857 "Uqcrc2_noRT" "non-targeting_noRT"
"2097" "Gbp8" 7.26543109803648 0.918669485009064 1.34860000408048 0.177465479374864 NA 0.476190476190476 0.321428571428571 "Uqcrc2_noRT" "non-targeting_noRT"
"2098" "Ttc9c" 17.6057473715711 -0.669951984185591 -1.34831272655658 0.177557820545677 0.611171284895897 0.571428571428571 0.857142857142857 "Uqcrc2_noRT" "non-targeting_noRT"
"2099" "Zcchc8" 2.94441854704516 -1.80225563948348 -1.34820294799813 0.1775931167094 NA 0.0952380952380952 0.410714285714286 "Uqcrc2_noRT" "non-targeting_noRT"
"2100" "Snx10" 64.7664011847304 -0.374197326487001 -1.34785015756221 0.177706581783547 0.611171284895897 0.904761904761905 0.946428571428571 "Uqcrc2_noRT" "non-targeting_noRT"
"2101" "Wnt7b" 9.31648941451251 -1.05670872752781 -1.34760970856638 0.177783946332715 NA 0.238095238095238 0.446428571428571 "Uqcrc2_noRT" "non-targeting_noRT"
"2102" "Golph3" 30.2331578271161 -0.502091077402358 -1.34741985052877 0.177845050937646 0.611171284895897 0.714285714285714 0.875 "Uqcrc2_noRT" "non-targeting_noRT"
"2103" "Rnps1" 66.444361805339 -0.351052229556021 -1.34721309972363 0.177911610154796 0.611171284895897 0.904761904761905 1 "Uqcrc2_noRT" "non-targeting_noRT"
"2104" "CAAA01147332.1" 2.59905546832642 1.49253443944591 1.34677731904718 0.178051961612347 NA 0.238095238095238 0.142857142857143 "Uqcrc2_noRT" "non-targeting_noRT"
"2105" "Acot7" 66.4143912281512 0.322813746901308 1.3465990138658 0.17810941194094 0.611171284895897 0.952380952380952 0.982142857142857 "Uqcrc2_noRT" "non-targeting_noRT"
"2106" "Dcakd" 17.0268195754249 0.645791749215145 1.3464638072608 0.178152985008552 0.611171284895897 0.619047619047619 0.767857142857143 "Uqcrc2_noRT" "non-targeting_noRT"
"2107" "Adam15" 4.73651181941152 1.16731111987339 1.3458032281013 0.178365984100603 NA 0.428571428571429 0.25 "Uqcrc2_noRT" "non-targeting_noRT"
"2108" "Cdc16" 11.9789279034776 -0.825641097060902 -1.34577703282316 0.178374434487952 NA 0.285714285714286 0.75 "Uqcrc2_noRT" "non-targeting_noRT"
"2109" "Sarnp" 178.084278263518 0.222894516225021 1.3456981910996 0.178399869995455 0.611171284895897 1 1 "Uqcrc2_noRT" "non-targeting_noRT"
"2110" "Tra2a" 50.9455215346004 -0.407897550755259 -1.34545353637244 0.178478816414824 0.611171284895897 0.952380952380952 0.946428571428571 "Uqcrc2_noRT" "non-targeting_noRT"
"2111" "Polg2" 0.996876342383533 -2.50778248537602 -1.34544749362875 0.178480766646678 NA 0 0.196428571428571 "Uqcrc2_noRT" "non-targeting_noRT"
"2112" "Atf2" 9.79614441204722 -0.850908280058492 -1.3453491105804 0.178512520969514 NA 0.428571428571429 0.714285714285714 "Uqcrc2_noRT" "non-targeting_noRT"
"2113" "Adar" 6.19152249709602 -1.14089180554606 -1.34514233518588 0.178579273938459 NA 0.238095238095238 0.517857142857143 "Uqcrc2_noRT" "non-targeting_noRT"
"2114" "Hmgcs1" 13.9181061675099 0.753161749625484 1.34486760049809 0.178667994824369 0.611171284895897 0.476190476190476 0.464285714285714 "Uqcrc2_noRT" "non-targeting_noRT"
"2115" "Abhd17a" 41.8403246556592 0.414534030653165 1.34485173494514 0.178673119335658 0.611171284895897 0.761904761904762 0.982142857142857 "Uqcrc2_noRT" "non-targeting_noRT"
"2116" "Pdcd10" 60.1220329585637 0.336117684241862 1.34481324149514 0.178685553023293 0.611171284895897 0.952380952380952 0.982142857142857 "Uqcrc2_noRT" "non-targeting_noRT"
"2117" "Timm10b" 91.1631507327872 0.297264438257363 1.34472613547577 0.17871369133012 0.611171284895897 1 0.982142857142857 "Uqcrc2_noRT" "non-targeting_noRT"
"2118" "Sp100" 10.0522774866754 0.773075370533984 1.34427957944538 0.17885799639541 NA 0.571428571428571 0.446428571428571 "Uqcrc2_noRT" "non-targeting_noRT"
"2119" "Nudt16" 2.63399649844135 1.52718265253918 1.3442253994805 0.178875510603774 NA 0.285714285714286 0.142857142857143 "Uqcrc2_noRT" "non-targeting_noRT"
"2120" "Scrn1" 19.6293857025064 0.664870242376357 1.34382639238025 0.179004532878288 0.611330078640743 0.571428571428571 0.696428571428571 "Uqcrc2_noRT" "non-targeting_noRT"
"2121" "Cd200" 1.78211934252193 -2.13455776097147 -1.34371458081353 0.179040700493167 NA 0.0476190476190476 0.125 "Uqcrc2_noRT" "non-targeting_noRT"
"2122" "Sfmbt2" 8.16666539808723 0.861670902566716 1.34351646289295 0.179104798913849 NA 0.666666666666667 0.428571428571429 "Uqcrc2_noRT" "non-targeting_noRT"
"2123" "Cope" 137.194549567078 0.25361406161038 1.34326079412643 0.179187542365076 0.611330078640743 1 1 "Uqcrc2_noRT" "non-targeting_noRT"
"2124" "Casp8ap2" 29.1446759911075 -0.53905333862552 -1.3432120175616 0.179203331414022 0.611330078640743 0.523809523809524 0.857142857142857 "Uqcrc2_noRT" "non-targeting_noRT"
"2125" "Shc3" 2.14560068470238 1.68647644044119 1.34283980714158 0.179323850567575 NA 0.238095238095238 0.107142857142857 "Uqcrc2_noRT" "non-targeting_noRT"
"2126" "Dennd4a" 4.41102035561595 -1.38516817494169 -1.34250200601706 0.179433280384537 NA 0.19047619047619 0.321428571428571 "Uqcrc2_noRT" "non-targeting_noRT"
"2127" "0610040B10Rik" 1.14504447764493 2.49145743181934 1.34154592258029 0.179743270280627 NA 0.142857142857143 0.0357142857142857 "Uqcrc2_noRT" "non-targeting_noRT"
"2128" "Neil2" 1.14504447764493 2.49145743181934 1.34154592258029 0.179743270280627 NA 0.142857142857143 0.0357142857142857 "Uqcrc2_noRT" "non-targeting_noRT"
"2129" "Pag1" 2.12706953564773 1.66448393886556 1.34153295913144 0.179747476138907 NA 0.238095238095238 0.107142857142857 "Uqcrc2_noRT" "non-targeting_noRT"
"2130" "Tdrkh" 27.4448336500503 -0.50249435242778 -1.34108988314886 0.179891271583102 0.613171401821149 0.666666666666667 0.946428571428571 "Uqcrc2_noRT" "non-targeting_noRT"
"2131" "Smpdl3a" 4.51560624909172 1.21223348231642 1.34059768555384 0.180051109116031 NA 0.285714285714286 0.160714285714286 "Uqcrc2_noRT" "non-targeting_noRT"
"2132" "Map3k15" 1.94743897550722 1.87593303018632 1.34026682518346 0.180158612871332 NA 0.19047619047619 0.0892857142857143 "Uqcrc2_noRT" "non-targeting_noRT"
"2133" "Hmgb1" 497.885233247095 0.179947676142187 1.33928028942045 0.180479442960063 0.614669905324067 1 1 "Uqcrc2_noRT" "non-targeting_noRT"
"2134" "Grb14" 12.5789605710148 0.732440040335411 1.33884601211211 0.18062080819812 NA 0.523809523809524 0.589285714285714 "Uqcrc2_noRT" "non-targeting_noRT"
"2135" "Eef2k" 1.81858498870522 -2.12531853530432 -1.33818582495433 0.180835868743923 NA 0.0476190476190476 0.25 "Uqcrc2_noRT" "non-targeting_noRT"
"2136" "Exosc9" 13.1063210088467 -0.756424044465655 -1.33797553128479 0.180904413278816 0.61528439659485 0.476190476190476 0.732142857142857 "Uqcrc2_noRT" "non-targeting_noRT"
"2137" "Src" 3.57530527073156 -1.50684450411349 -1.33793947258402 0.1809161684318 NA 0.142857142857143 0.428571428571429 "Uqcrc2_noRT" "non-targeting_noRT"
"2138" "Mllt3" 21.5814928853959 0.536019513504742 1.33773020352621 0.180984401437602 0.61528439659485 0.761904761904762 0.732142857142857 "Uqcrc2_noRT" "non-targeting_noRT"
"2139" "Hexim2" 5.60127848454752 1.04388656691672 1.33754029082844 0.181046339760781 NA 0.476190476190476 0.321428571428571 "Uqcrc2_noRT" "non-targeting_noRT"
"2140" "Malat1" 3769.73983318106 0.309268532939279 1.33735758124164 0.181105943705299 0.61528439659485 1 1 "Uqcrc2_noRT" "non-targeting_noRT"
"2141" "Sept5" 1.13022214304679 2.48922096812814 1.33692224953138 0.181248017324701 NA 0.142857142857143 0.0357142857142857 "Uqcrc2_noRT" "non-targeting_noRT"
"2142" "Gm26549" 1.13022214304679 2.48922096812814 1.33692224953138 0.181248017324701 NA 0.142857142857143 0.0357142857142857 "Uqcrc2_noRT" "non-targeting_noRT"
"2143" "Cdkn1b" 26.0010474779308 0.566365674989813 1.33683231451905 0.181277378567669 0.615361601733401 0.619047619047619 0.732142857142857 "Uqcrc2_noRT" "non-targeting_noRT"
"2144" "Hspa9" 97.9684596212432 -0.339377838113409 -1.33551787556413 0.181706908729715 0.616314088789805 0.952380952380952 1 "Uqcrc2_noRT" "non-targeting_noRT"
"2145" "Ptk2" 11.1021651288356 -0.7861014016591 -1.33529989507841 0.181778212966467 NA 0.380952380952381 0.75 "Uqcrc2_noRT" "non-targeting_noRT"
"2146" "Tapbpl" 48.8375833017007 -0.379920550257633 -1.33369644572808 0.182303360100848 0.616413862562511 0.904761904761905 0.910714285714286 "Uqcrc2_noRT" "non-targeting_noRT"
"2147" "Lmo4" 48.2667368023597 0.379552147734269 1.3336499672409 0.182318599072955 0.616413862562511 0.857142857142857 0.875 "Uqcrc2_noRT" "non-targeting_noRT"
"2148" "Cela1" 25.8646371480077 -0.531438027674199 -1.33349203777409 0.182370386705125 0.616413862562511 0.619047619047619 0.839285714285714 "Uqcrc2_noRT" "non-targeting_noRT"
"2149" "Cdc37l1" 22.6607811336214 0.53515780145726 1.33326132887033 0.18244605950024 0.616413862562511 0.904761904761905 0.785714285714286 "Uqcrc2_noRT" "non-targeting_noRT"
"2150" "Smndc1" 39.7762905261375 0.421993392066018 1.3331543826735 0.182481145877012 0.616413862562511 0.904761904761905 0.946428571428571 "Uqcrc2_noRT" "non-targeting_noRT"
"2151" "Slc47a1" 11.2052255061755 0.733147724228541 1.33103803840296 0.183176495040775 NA 0.428571428571429 0.517857142857143 "Uqcrc2_noRT" "non-targeting_noRT"
"2152" "Ralgps1" 1.03769945084669 -2.5576162495555 -1.33082196842043 0.183247597623419 NA 0 0.214285714285714 "Uqcrc2_noRT" "non-targeting_noRT"
"2153" "Zmiz2" 8.16135736596328 -0.92877056526608 -1.32983244023626 0.183573484947954 NA 0.285714285714286 0.625 "Uqcrc2_noRT" "non-targeting_noRT"
"2154" "Gm12166" 1.13443485511678 2.47330431133133 1.32975452318018 0.18359916406699 NA 0.142857142857143 0.0357142857142857 "Uqcrc2_noRT" "non-targeting_noRT"
"2155" "Senp1" 17.5515878506822 -0.623285232348235 -1.32916798261626 0.183792555614097 0.620005343714683 0.666666666666667 0.785714285714286 "Uqcrc2_noRT" "non-targeting_noRT"
"2156" "Ccdc142os" 2.07200782128454 1.65314970318974 1.32905754005928 0.183828987115407 NA 0.238095238095238 0.0892857142857143 "Uqcrc2_noRT" "non-targeting_noRT"
"2157" "Hdlbp" 69.5894051824106 0.364527416765666 1.32901197095512 0.183844020477988 0.620005343714683 1 1 "Uqcrc2_noRT" "non-targeting_noRT"
"2158" "1810009A15Rik" 6.84065770506448 -1.0397387621211 -1.32876169413366 0.183926603666725 NA 0.285714285714286 0.625 "Uqcrc2_noRT" "non-targeting_noRT"
"2159" "Abi2" 6.23524464347275 1.02787303262318 1.32782221409949 0.18423684654991 NA 0.428571428571429 0.285714285714286 "Uqcrc2_noRT" "non-targeting_noRT"
"2160" "Prim1" 29.4994281823087 -0.54496430400838 -1.32765417879426 0.184292377381832 0.620353831008644 0.714285714285714 0.767857142857143 "Uqcrc2_noRT" "non-targeting_noRT"
"2161" "Ppat" 56.4607621011665 0.495057492157977 1.327559451293 0.184323687555499 0.620353831008644 0.952380952380952 0.928571428571429 "Uqcrc2_noRT" "non-targeting_noRT"
"2162" "Rad23a" 34.2433077754686 -0.466785873548935 -1.32711166083777 0.184471748533682 0.620353831008644 0.714285714285714 0.910714285714286 "Uqcrc2_noRT" "non-targeting_noRT"
"2163" "Zfp280c" 3.03660227977219 1.38031010873322 1.32706268232899 0.184487948514731 NA 0.285714285714286 0.142857142857143 "Uqcrc2_noRT" "non-targeting_noRT"
"2164" "Krcc1" 43.3390101166208 0.408527320030308 1.3268841164736 0.184547019326158 0.620353831008644 0.952380952380952 0.910714285714286 "Uqcrc2_noRT" "non-targeting_noRT"
"2165" "Lgals3" 649.426896041079 0.32405612218069 1.3261264717624 0.184797809110314 0.6206926413137 1 1 "Uqcrc2_noRT" "non-targeting_noRT"
"2166" "Runx1" 8.04318218989004 0.886701065109375 1.32579927209635 0.184906194193003 NA 0.428571428571429 0.428571428571429 "Uqcrc2_noRT" "non-targeting_noRT"
"2167" "Ints13" 12.0646025193253 -0.753581908229479 -1.32559875460853 0.184972638969601 NA 0.380952380952381 0.732142857142857 "Uqcrc2_noRT" "non-targeting_noRT"
"2168" "Pfn2" 18.7046245712441 -0.605325655498866 -1.32554100900547 0.184991777203342 0.62084020605631 0.666666666666667 0.803571428571429 "Uqcrc2_noRT" "non-targeting_noRT"
"2169" "Appl2" 6.4227729482032 1.05039941087689 1.32479830242023 0.185238058020437 NA 0.428571428571429 0.303571428571429 "Uqcrc2_noRT" "non-targeting_noRT"
"2170" "Casp9" 2.57043151758501 1.50742928692799 1.32428454038012 0.185408562891981 NA 0.285714285714286 0.142857142857143 "Uqcrc2_noRT" "non-targeting_noRT"
"2171" "Klhdc1" 1.16458143319508 2.59370401057957 1.32393326170982 0.18552521036103 NA 0.142857142857143 0.0178571428571429 "Uqcrc2_noRT" "non-targeting_noRT"
"2172" "Zfp513" 3.52431636514418 -1.48501806460173 -1.32375628302531 0.185583999401823 NA 0.142857142857143 0.392857142857143 "Uqcrc2_noRT" "non-targeting_noRT"
"2173" "Olfr267" 1.16138748146332 -2.72720896586916 -1.32367742465378 0.185610199128307 NA 0 0.160714285714286 "Uqcrc2_noRT" "non-targeting_noRT"
"2174" "Mpv17l" 1.5825912890907 1.88814254691506 1.32355623871299 0.185650467001349 NA 0.142857142857143 0.0714285714285714 "Uqcrc2_noRT" "non-targeting_noRT"
"2175" "Akr1b3" 52.1639521097009 -0.362140613619037 -1.32336749437055 0.185713196161033 0.622756244501097 0.857142857142857 0.964285714285714 "Uqcrc2_noRT" "non-targeting_noRT"
"2176" "Rbbp8" 11.983671858079 -0.773914538499375 -1.32334121995473 0.185721929702494 NA 0.285714285714286 0.660714285714286 "Uqcrc2_noRT" "non-targeting_noRT"
"2177" "Chd3" 2.78163684645318 -1.7733764301762 -1.32298448496622 0.185840537456189 NA 0.0952380952380952 0.303571428571429 "Uqcrc2_noRT" "non-targeting_noRT"
"2178" "Psmc2" 125.913985357355 -0.266837838867693 -1.32284817500235 0.185885872769784 0.62283055993633 0.952380952380952 1 "Uqcrc2_noRT" "non-targeting_noRT"
"2179" "Sh3glb1" 86.9603307191015 0.283847081768338 1.32210444559954 0.186133373648343 0.622993401872433 1 0.982142857142857 "Uqcrc2_noRT" "non-targeting_noRT"
"2180" "Rpp14" 14.8679396475433 0.662954123605389 1.32171874043174 0.186261825840002 0.622993401872433 0.571428571428571 0.642857142857143 "Uqcrc2_noRT" "non-targeting_noRT"
"2181" "9530059O14Rik" 1.15565015332496 -2.7209326527188 -1.32135750633019 0.186382187780556 NA 0 0.107142857142857 "Uqcrc2_noRT" "non-targeting_noRT"
"2182" "Sumo2" 402.614412545238 0.189138237810519 1.3213456591845 0.186386136181264 0.622993401872433 1 1 "Uqcrc2_noRT" "non-targeting_noRT"
"2183" "Jsrp1" 1.78402087613749 -2.07197081166535 -1.32045261476379 0.186683946786022 NA 0.0476190476190476 0.142857142857143 "Uqcrc2_noRT" "non-targeting_noRT"
"2184" "Nppb" 3.39824145574953 5.19029704140911 1.31988555208683 0.186873232065428 NA 0.0476190476190476 0.0178571428571429 "Uqcrc2_noRT" "non-targeting_noRT"
"2185" "C2" 16.6659475416366 0.657696031724433 1.3193249762662 0.187060491337269 0.624467863663594 0.714285714285714 0.678571428571429 "Uqcrc2_noRT" "non-targeting_noRT"
"2186" "Ldb1" 19.7889976925478 0.552262704902762 1.31911974130022 0.187129084326451 0.624467863663594 0.714285714285714 0.732142857142857 "Uqcrc2_noRT" "non-targeting_noRT"
"2187" "Cog6" 1.77130489757435 -2.07197913411107 -1.3188637756601 0.187214658389639 NA 0.0476190476190476 0.25 "Uqcrc2_noRT" "non-targeting_noRT"
"2188" "Ppt1" 12.4694059590272 0.714534634698588 1.31829545406245 0.187404762145858 NA 0.666666666666667 0.607142857142857 "Uqcrc2_noRT" "non-targeting_noRT"
"2189" "Pex26" 0.989975534311901 -2.49907410381619 -1.31783446654157 0.18755906727606 NA 0 0.196428571428571 "Uqcrc2_noRT" "non-targeting_noRT"
"2190" "Hars" 23.4479588031684 -0.559196260930026 -1.31782465542949 0.187562352342577 0.624520215209914 0.761904761904762 0.875 "Uqcrc2_noRT" "non-targeting_noRT"
"2191" "Nus1" 37.9001606562994 0.410748459691836 1.31778244485908 0.187576486243359 0.624520215209914 0.761904761904762 0.910714285714286 "Uqcrc2_noRT" "non-targeting_noRT"
"2192" "Vrk1" 16.8425479676102 -0.615157323626239 -1.31745738076968 0.187685357918273 0.624520215209914 0.714285714285714 0.767857142857143 "Uqcrc2_noRT" "non-targeting_noRT"
"2193" "Guk1" 104.15471909809 -0.277817942550865 -1.31726902255847 0.187748464891526 0.624520215209914 1 1 "Uqcrc2_noRT" "non-targeting_noRT"
"2194" "Casc3" 11.2643030285199 -0.781277830196987 -1.3162315580117 0.188096334630536 NA 0.428571428571429 0.642857142857143 "Uqcrc2_noRT" "non-targeting_noRT"
"2195" "Bid" 6.16616206885686 0.96305346102335 1.31599243587341 0.188176581497084 NA 0.333333333333333 0.303571428571429 "Uqcrc2_noRT" "non-targeting_noRT"
"2196" "Dhx15" 39.528706625432 -0.450143934515649 -1.3159903415967 0.188177284425814 0.625443857794392 0.904761904761905 0.946428571428571 "Uqcrc2_noRT" "non-targeting_noRT"
"2197" "Trim12c" 8.28977977640697 -0.957215783357476 -1.31572218746385 0.188267304413662 NA 0.333333333333333 0.589285714285714 "Uqcrc2_noRT" "non-targeting_noRT"
"2198" "Nfe2l2" 26.9702115926328 0.522217224845367 1.31533283839279 0.188398066381302 0.62567511933052 0.857142857142857 0.803571428571429 "Uqcrc2_noRT" "non-targeting_noRT"
"2199" "Pou3f3" 2.93746539112115 1.50991319208327 1.3144068093625 0.188709340187581 NA 0.285714285714286 0.125 "Uqcrc2_noRT" "non-targeting_noRT"
"2200" "Ppp4r2" 54.8866713569765 0.375246103164217 1.31436888289921 0.18872209680373 0.626248625961377 1 0.928571428571429 "Uqcrc2_noRT" "non-targeting_noRT"
"2201" "Srbd1" 3.69138862015932 -1.50514312443762 -1.31423124345036 0.188768397356344 NA 0.142857142857143 0.446428571428571 "Uqcrc2_noRT" "non-targeting_noRT"
"2202" "D330023K18Rik" 1.79513439627912 -2.08098739414982 -1.31409239750907 0.188815112247634 NA 0.0476190476190476 0.214285714285714 "Uqcrc2_noRT" "non-targeting_noRT"
"2203" "Gm9828" 1.90138442525066 1.84572481882121 1.31373529403453 0.188935299316793 NA 0.19047619047619 0.0892857142857143 "Uqcrc2_noRT" "non-targeting_noRT"
"2204" "Zfp458" 2.10063177202594 1.63399510535943 1.31356278096804 0.188993380673688 NA 0.142857142857143 0.107142857142857 "Uqcrc2_noRT" "non-targeting_noRT"
"2205" "Mir17hg" 2.10063177202594 1.63399510535943 1.31356278096804 0.188993380673688 NA 0.238095238095238 0.107142857142857 "Uqcrc2_noRT" "non-targeting_noRT"
"2206" "Vta1" 35.3169261720792 0.416916771102356 1.31345622625938 0.189029261877556 0.626360581825155 1 0.982142857142857 "Uqcrc2_noRT" "non-targeting_noRT"
"2207" "Flii" 9.54427780952953 0.781040246686899 1.31342685668734 0.189039152662201 NA 0.523809523809524 0.464285714285714 "Uqcrc2_noRT" "non-targeting_noRT"
"2208" "Gosr2" 15.2786363552931 -0.658951219283382 -1.31320648059084 0.189113380847145 0.626360581825155 0.571428571428571 0.803571428571429 "Uqcrc2_noRT" "non-targeting_noRT"
"2209" "Snrpg" 537.879306456156 0.169750463700774 1.31291990466321 0.189209938927367 0.626360581825155 1 1 "Uqcrc2_noRT" "non-targeting_noRT"
"2210" "Snx19" 1.72314399128279 -2.07201090939922 -1.31270228274741 0.189283288112177 NA 0.0476190476190476 0.25 "Uqcrc2_noRT" "non-targeting_noRT"
"2211" "Rnf121" 8.58005058611525 -0.936213634077968 -1.31182213355126 0.189580155060615 NA 0.380952380952381 0.732142857142857 "Uqcrc2_noRT" "non-targeting_noRT"
"2212" "Uhrf2" 5.25825521183853 -1.17244165351933 -1.31172365834188 0.189613391253105 NA 0.238095238095238 0.446428571428571 "Uqcrc2_noRT" "non-targeting_noRT"
"2213" "Acox1" 7.44608237663186 0.892300584052693 1.31153707103305 0.189676377778131 NA 0.476190476190476 0.410714285714286 "Uqcrc2_noRT" "non-targeting_noRT"
"2214" "Stard13" 8.88894281977999 -0.855449575647815 -1.31109297576875 0.189826353616957 NA 0.380952380952381 0.517857142857143 "Uqcrc2_noRT" "non-targeting_noRT"
"2215" "Cradd" 2.77982956561223 -1.7090510189648 -1.3102777520176 0.190101890975618 NA 0.0952380952380952 0.303571428571429 "Uqcrc2_noRT" "non-targeting_noRT"
"2216" "B2m" 1143.78419421459 -0.159718820588299 -1.31008686635981 0.190166450935672 0.629023800137339 1 1 "Uqcrc2_noRT" "non-targeting_noRT"
"2217" "Mad1l1" 2.80474470189712 -1.72176696629173 -1.3099055597887 0.190227786078476 NA 0.0952380952380952 0.303571428571429 "Uqcrc2_noRT" "non-targeting_noRT"
"2218" "Ccnb1ip1" 1.612737867169 1.9574319712538 1.30971891663569 0.190290941779346 NA 0.19047619047619 0.0535714285714286 "Uqcrc2_noRT" "non-targeting_noRT"
"2219" "Tle6" 6.67555453508909 0.986951101054551 1.30878499354546 0.190607191584109 NA 0.476190476190476 0.267857142857143 "Uqcrc2_noRT" "non-targeting_noRT"
"2220" "Lmbr1" 2.74125756339394 -1.74026671208928 -1.30877582870813 0.190610296944252 NA 0.0952380952380952 0.339285714285714 "Uqcrc2_noRT" "non-targeting_noRT"
"2221" "Trim34a" 3.53972043970896 -1.48245933569001 -1.30868646855904 0.190640577169309 NA 0.0952380952380952 0.357142857142857 "Uqcrc2_noRT" "non-targeting_noRT"
"2222" "Mcur1" 11.8653452654878 0.721189789353081 1.3086060624182 0.190667826301526 NA 0.476190476190476 0.625 "Uqcrc2_noRT" "non-targeting_noRT"
"2223" "Srr" 1.75539692539609 -2.05913149228103 -1.30853847460132 0.190690733602959 NA 0.0476190476190476 0.25 "Uqcrc2_noRT" "non-targeting_noRT"
"2224" "Acbd6" 40.9048629682299 0.423741111919474 1.30836603037911 0.190749188696892 0.630447318264242 0.952380952380952 0.892857142857143 "Uqcrc2_noRT" "non-targeting_noRT"
"2225" "Slc25a4" 389.161228095388 0.202275427548733 1.30791683130457 0.190901520006065 0.630447318264242 1 1 "Uqcrc2_noRT" "non-targeting_noRT"
"2226" "C330011M18Rik" 1.06244445012046 2.46428009632098 1.30751407989748 0.191038176209994 NA 0.142857142857143 0.0357142857142857 "Uqcrc2_noRT" "non-targeting_noRT"
"2227" "BC024063" 1.06244445012046 2.46428009632098 1.30751407989748 0.191038176209994 NA 0.142857142857143 0.0357142857142857 "Uqcrc2_noRT" "non-targeting_noRT"
"2228" "Cir1" 11.4502546454969 -0.796597223832764 -1.30715333995626 0.19116063875779 NA 0.285714285714286 0.785714285714286 "Uqcrc2_noRT" "non-targeting_noRT"
"2229" "Prune2" 2.87796064776776 -1.75641631389075 -1.30701496429094 0.191207629300224 NA 0.0476190476190476 0.285714285714286 "Uqcrc2_noRT" "non-targeting_noRT"
"2230" "Etfrf1" 13.0086000630963 0.650284702318132 1.30641574176292 0.191411215434449 0.631386915572314 0.619047619047619 0.625 "Uqcrc2_noRT" "non-targeting_noRT"
"2231" "Chek1" 12.0741115923139 -0.748435560049688 -1.30586495478217 0.191598486193908 NA 0.428571428571429 0.696428571428571 "Uqcrc2_noRT" "non-targeting_noRT"
"2232" "Dlgap5" 5.14565335644563 -1.24217526404951 -1.30580041661134 0.191620438363796 NA 0.142857142857143 0.428571428571429 "Uqcrc2_noRT" "non-targeting_noRT"
"2233" "Pex7" 8.94881065738511 0.787561410031829 1.30571868810308 0.191648240351619 NA 0.619047619047619 0.5 "Uqcrc2_noRT" "non-targeting_noRT"
"2234" "Bpifa3" 1.02811054677342 -2.54600182287581 -1.30539215357828 0.191759348813386 NA 0 0.107142857142857 "Uqcrc2_noRT" "non-targeting_noRT"
"2235" "Psmb10" 205.062556913874 -0.21694934969077 -1.30497139999562 0.19190258662472 0.631386915572314 1 1 "Uqcrc2_noRT" "non-targeting_noRT"
"2236" "Larp4b" 19.3978992436164 -0.612856524790177 -1.30430709506787 0.192128897169894 0.631386915572314 0.619047619047619 0.75 "Uqcrc2_noRT" "non-targeting_noRT"
"2237" "Rer1" 116.126866560592 0.257292052325881 1.30425795447915 0.192145645817964 0.631386915572314 0.952380952380952 1 "Uqcrc2_noRT" "non-targeting_noRT"
"2238" "Sp3os" 19.0849837998404 0.626319367150763 1.30416026585293 0.192178944342341 0.631386915572314 0.80952380952381 0.696428571428571 "Uqcrc2_noRT" "non-targeting_noRT"
"2239" "Nfyb" 19.5024040833028 -0.573880788756699 -1.3040011583493 0.192233187425964 0.631386915572314 0.619047619047619 0.839285714285714 "Uqcrc2_noRT" "non-targeting_noRT"
"2240" "Mms22l" 17.7627912533455 -0.669579364368747 -1.30393979185933 0.192254111556577 0.631386915572314 0.523809523809524 0.732142857142857 "Uqcrc2_noRT" "non-targeting_noRT"
"2241" "Hist1h2ab" 2.6840116506426 -1.77819040370876 -1.30382294201539 0.192293958474636 NA 0.0476190476190476 0.25 "Uqcrc2_noRT" "non-targeting_noRT"
"2242" "Rdm1" 44.8306412872441 0.396450135662489 1.30296676708086 0.192586107581912 0.631407916950002 0.761904761904762 0.875 "Uqcrc2_noRT" "non-targeting_noRT"
"2243" "Vamp5" 23.9821255584319 0.563398820058727 1.30291061586635 0.192605279226466 0.631407916950002 0.761904761904762 0.732142857142857 "Uqcrc2_noRT" "non-targeting_noRT"
"2244" "Asxl1" 6.75734895750709 -1.01323095867277 -1.30275546060384 0.192658261001888 NA 0.333333333333333 0.535714285714286 "Uqcrc2_noRT" "non-targeting_noRT"
"2245" "Pfdn5" 228.832915227068 0.225451937832292 1.30257976575805 0.192718269479906 0.631407916950002 1 1 "Uqcrc2_noRT" "non-targeting_noRT"
"2246" "Gapvd1" 15.3633134052032 -0.689660698589217 -1.30179367732798 0.192986925769551 0.631439530632972 0.428571428571429 0.732142857142857 "Uqcrc2_noRT" "non-targeting_noRT"
"2247" "Krr1" 11.1809293618373 -0.757618001199371 -1.30145685339747 0.19310212404952 NA 0.428571428571429 0.660714285714286 "Uqcrc2_noRT" "non-targeting_noRT"
"2248" "Ubqln4" 7.59758676415196 -0.948112098858494 -1.30133328607002 0.193144398388273 NA 0.333333333333333 0.535714285714286 "Uqcrc2_noRT" "non-targeting_noRT"
"2249" "Tarbp2" 12.6520538921686 -0.72324625114611 -1.3012716071068 0.193165502281547 0.631439530632972 0.523809523809524 0.732142857142857 "Uqcrc2_noRT" "non-targeting_noRT"
"2250" "Babam2" 28.8264395294532 -0.478044940247441 -1.30121256765098 0.193185704635414 0.631439530632972 0.761904761904762 0.857142857142857 "Uqcrc2_noRT" "non-targeting_noRT"
"2251" "Smarcd2" 7.35185200812438 0.876086667649622 1.30120906106972 0.193186904580048 NA 0.619047619047619 0.375 "Uqcrc2_noRT" "non-targeting_noRT"
"2252" "Lars" 98.2169391983253 -0.27605729572001 -1.30034351453979 0.193483260252 0.631490190777722 0.904761904761905 0.982142857142857 "Uqcrc2_noRT" "non-targeting_noRT"
"2253" "Tnfrsf11b" 8.99536910525516 0.788724981632393 1.29998535147489 0.193605989813271 NA 0.428571428571429 0.410714285714286 "Uqcrc2_noRT" "non-targeting_noRT"
"2254" "Prrc2b" 13.2393713279121 -0.710239328043169 -1.29995524128717 0.193616310092727 0.631490190777722 0.380952380952381 0.607142857142857 "Uqcrc2_noRT" "non-targeting_noRT"
"2255" "Hnrnpll" 15.6976149350431 0.60048936351633 1.29959459338821 0.193739953709147 0.631490190777722 0.714285714285714 0.625 "Uqcrc2_noRT" "non-targeting_noRT"
"2256" "Trpc4ap" 12.94082237017 0.646655283898269 1.29901280505536 0.193939534734896 0.631490190777722 0.666666666666667 0.607142857142857 "Uqcrc2_noRT" "non-targeting_noRT"
"2257" "Apopt1" 22.9477705438557 0.513502569771258 1.29870904170189 0.194043799945653 0.631490190777722 0.80952380952381 0.714285714285714 "Uqcrc2_noRT" "non-targeting_noRT"
"2258" "Bin3" 12.0037786578022 0.700567886141271 1.29835890602369 0.194164033260032 NA 0.476190476190476 0.625 "Uqcrc2_noRT" "non-targeting_noRT"
"2259" "Socs1" 21.0136176212434 0.758847410456387 1.29811642960575 0.194247329431555 0.631490190777722 0.571428571428571 0.571428571428571 "Uqcrc2_noRT" "non-targeting_noRT"
"2260" "Polr2f" 265.14402977182 -0.226804733433454 -1.2980520288925 0.194269456950227 0.631490190777722 1 1 "Uqcrc2_noRT" "non-targeting_noRT"
"2261" "Tmem35b" 1.17838304933835 2.53329496267131 1.29799356767158 0.194289545313369 NA 0.142857142857143 0.0357142857142857 "Uqcrc2_noRT" "non-targeting_noRT"
"2262" "Clp1" 11.3556935015281 0.73420152377315 1.29791606361659 0.194316179498692 NA 0.666666666666667 0.553571428571429 "Uqcrc2_noRT" "non-targeting_noRT"
"2263" "Keap1" 16.2324128058518 -0.640228251017525 -1.29750386983075 0.194457874471177 0.631606502795708 0.476190476190476 0.767857142857143 "Uqcrc2_noRT" "non-targeting_noRT"
"2264" "Fam98c" 4.79707670584427 1.07743028175444 1.29683559752015 0.194687759599515 NA 0.380952380952381 0.196428571428571 "Uqcrc2_noRT" "non-targeting_noRT"
"2265" "Lin54" 5.13010453167098 -1.21261875705239 -1.296484122437 0.1948087467174 NA 0.19047619047619 0.428571428571429 "Uqcrc2_noRT" "non-targeting_noRT"
"2266" "Cd1d1" 1.65618415250854 1.93060048556502 1.29549530243005 0.195149420826232 NA 0.0952380952380952 0.0714285714285714 "Uqcrc2_noRT" "non-targeting_noRT"
"2267" "1110004F10Rik" 101.245202918289 -0.285386607239712 -1.29539261834784 0.195184823177296 0.633470430045216 1 0.982142857142857 "Uqcrc2_noRT" "non-targeting_noRT"
"2268" "F2r" 1.6392554618754 1.93265110491323 1.29520084461834 0.195250953542355 NA 0.19047619047619 0.0535714285714286 "Uqcrc2_noRT" "non-targeting_noRT"
"2269" "Flot1" 22.652268292354 0.506558484554246 1.29348930434042 0.195841880923468 0.634377970798899 0.857142857142857 0.821428571428571 "Uqcrc2_noRT" "non-targeting_noRT"
"2270" "Gmpr2" 10.6007511899244 0.737722284422945 1.29323821678561 0.195928681689144 NA 0.523809523809524 0.517857142857143 "Uqcrc2_noRT" "non-targeting_noRT"
"2271" "Clptm1" 17.516916562112 -0.649527470882864 -1.29316374175506 0.195954433067908 0.634377970798899 0.619047619047619 0.821428571428571 "Uqcrc2_noRT" "non-targeting_noRT"
"2272" "Serp1" 83.5744469023248 0.319489439050653 1.29306971136332 0.195986949685194 0.634377970798899 1 0.982142857142857 "Uqcrc2_noRT" "non-targeting_noRT"
"2273" "Ddx52" 18.0284952154638 -0.600065464254863 -1.29258207588074 0.196155642167018 0.634377970798899 0.571428571428571 0.821428571428571 "Uqcrc2_noRT" "non-targeting_noRT"
"2274" "Hgsnat" 8.81461389141133 -0.909085158920754 -1.29236886819116 0.196229432592328 NA 0.333333333333333 0.625 "Uqcrc2_noRT" "non-targeting_noRT"
"2275" "R3hdm2" 22.2152820570889 0.56628928007137 1.29200953979122 0.196353840894389 0.634377970798899 0.761904761904762 0.767857142857143 "Uqcrc2_noRT" "non-targeting_noRT"
"2276" "Rpl23" 4535.44204091007 0.129902260281477 1.29192162704385 0.196384287238615 0.634377970798899 1 1 "Uqcrc2_noRT" "non-targeting_noRT"
"2277" "Cuedc1" 4.52366767891242 1.15524318550182 1.29140181528275 0.196564381502502 NA 0.380952380952381 0.232142857142857 "Uqcrc2_noRT" "non-targeting_noRT"
"2278" "Rasgrf1" 15.5657643090993 -0.668500450877749 -1.29072648355072 0.196798537925428 0.6352202417593 0.523809523809524 0.714285714285714 "Uqcrc2_noRT" "non-targeting_noRT"
"2279" "Gm6526" 5.85348317838245 0.979781627251271 1.28995448523643 0.197066461493881 NA 0.380952380952381 0.285714285714286 "Uqcrc2_noRT" "non-targeting_noRT"
"2280" "Slfn4" 1.68472827216533 1.97191016688456 1.28976657253187 0.197131717368455 NA 0.19047619047619 0.0714285714285714 "Uqcrc2_noRT" "non-targeting_noRT"
"2281" "Arpc4" 51.8140808276636 0.356763939059466 1.28974490146911 0.197139244029881 0.635823999840723 0.952380952380952 0.964285714285714 "Uqcrc2_noRT" "non-targeting_noRT"
"2282" "Nup133" 5.44653378868205 -1.19822873778323 -1.28920181278101 0.197327934985745 NA 0.142857142857143 0.5 "Uqcrc2_noRT" "non-targeting_noRT"
"2283" "Plekha6" 1.6982288549979 -2.05168759688908 -1.28913781027797 0.197350180745963 NA 0.0476190476190476 0.178571428571429 "Uqcrc2_noRT" "non-targeting_noRT"
"2284" "Tmem208" 62.4106405861927 -0.330440580840737 -1.28905723494833 0.197378189439767 0.635863086063697 0.904761904761905 0.982142857142857 "Uqcrc2_noRT" "non-targeting_noRT"
"2285" "Ttc7" 2.65757189828934 -1.76402279448308 -1.28899261421703 0.197400654276987 NA 0.0952380952380952 0.303571428571429 "Uqcrc2_noRT" "non-targeting_noRT"
"2286" "C8g" 1.62653948331226 1.92538327132694 1.28866077675836 0.197516044172722 NA 0.19047619047619 0.0714285714285714 "Uqcrc2_noRT" "non-targeting_noRT"
"2287" "Spcs3" 19.5880064855948 0.544003720451175 1.28845339445423 0.197588182315959 0.635863086063697 0.857142857142857 0.821428571428571 "Uqcrc2_noRT" "non-targeting_noRT"
"2288" "Gm12530" 1.71144873117452 -2.06243782839305 -1.28840100968569 0.197606407460201 NA 0.0476190476190476 0.267857142857143 "Uqcrc2_noRT" "non-targeting_noRT"
"2289" "1110038F14Rik" 105.26118725973 -0.281119795037321 -1.28838391279848 0.197612355891231 0.635863086063697 0.952380952380952 1 "Uqcrc2_noRT" "non-targeting_noRT"
"2290" "Gm42788" 11.0585566001812 0.726704388340515 1.28797385550061 0.197755064255061 NA 0.523809523809524 0.571428571428571 "Uqcrc2_noRT" "non-targeting_noRT"
"2291" "Trim8" 16.6341603471089 0.621542554826414 1.28758354711748 0.197890969622025 0.636056204477437 0.761904761904762 0.625 "Uqcrc2_noRT" "non-targeting_noRT"
"2292" "Slc22a23" 6.95592041924063 0.976916696763067 1.2873069902526 0.197987308065929 NA 0.380952380952381 0.232142857142857 "Uqcrc2_noRT" "non-targeting_noRT"
"2293" "Jmjd1c" 39.9329795265126 -0.442704667366556 -1.2871926328997 0.198027154416788 0.636056204477437 0.80952380952381 0.839285714285714 "Uqcrc2_noRT" "non-targeting_noRT"
"2294" "Trio" 11.8265490142629 -0.781734530393687 -1.28706896425716 0.198070251768613 NA 0.428571428571429 0.75 "Uqcrc2_noRT" "non-targeting_noRT"
"2295" "Anxa2" 197.061943922233 0.216557180668703 1.28640842993287 0.198300557918833 0.636056204477437 1 1 "Uqcrc2_noRT" "non-targeting_noRT"
"2296" "Rsrp1" 32.9792166681332 0.42225482834504 1.2861916285373 0.198376191960821 0.636056204477437 0.857142857142857 0.910714285714286 "Uqcrc2_noRT" "non-targeting_noRT"
"2297" "Mrpl35" 62.8457630842644 0.336155944785147 1.28600611381231 0.19844092797979 0.636056204477437 1 0.982142857142857 "Uqcrc2_noRT" "non-targeting_noRT"
"2298" "Wdr3" 10.2608252741892 -0.854240008710591 -1.28587731386919 0.198485882259828 NA 0.333333333333333 0.660714285714286 "Uqcrc2_noRT" "non-targeting_noRT"
"2299" "Rgl2" 3.1781776585358 1.28085480633067 1.28535075982701 0.198669739741167 NA 0.333333333333333 0.178571428571429 "Uqcrc2_noRT" "non-targeting_noRT"
"2300" "Wdr59" 1.02927402670669 -2.54780348367801 -1.28516067123211 0.198736143772907 NA 0 0.178571428571429 "Uqcrc2_noRT" "non-targeting_noRT"
"2301" "Swi5" 291.366002910618 0.190169325317746 1.28448427874279 0.198972560910443 0.637266607621836 1 1 "Uqcrc2_noRT" "non-targeting_noRT"
"2302" "Zfp869" 5.09292817672331 -1.15559549881103 -1.28415347595079 0.199088260092449 NA 0.238095238095238 0.464285714285714 "Uqcrc2_noRT" "non-targeting_noRT"
"2303" "Bend6" 1.15876626270358 2.55386316265327 1.28370133629438 0.199246476690384 NA 0.142857142857143 0.0357142857142857 "Uqcrc2_noRT" "non-targeting_noRT"
"2304" "Sco1" 1.15876626270358 2.55386316265327 1.28370133629438 0.199246476690384 NA 0.142857142857143 0.0357142857142857 "Uqcrc2_noRT" "non-targeting_noRT"
"2305" "Chadl" 20.8814813302163 0.518857014708515 1.28335586768489 0.199367427943582 0.638037445344579 0.80952380952381 0.660714285714286 "Uqcrc2_noRT" "non-targeting_noRT"
"2306" "Gm43597" 1.10370454834038 2.53821574893481 1.28286028053977 0.199541030529932 NA 0.0952380952380952 0.0357142857142857 "Uqcrc2_noRT" "non-targeting_noRT"
"2307" "Cep83os" 1.10370454834038 2.53821574893481 1.28286028053977 0.199541030529932 NA 0.142857142857143 0.0357142857142857 "Uqcrc2_noRT" "non-targeting_noRT"
"2308" "Mindy2" 5.04619061546234 1.03802680972837 1.28278881971316 0.199566072135249 NA 0.333333333333333 0.267857142857143 "Uqcrc2_noRT" "non-targeting_noRT"
"2309" "Rbm6" 15.4197222581332 -0.627870972506766 -1.28136299108113 0.2000661970057 0.639293591813353 0.619047619047619 0.714285714285714 "Uqcrc2_noRT" "non-targeting_noRT"
"2310" "Churc1" 61.692335238993 0.355731056274068 1.28135522791688 0.200068922522545 0.639293591813353 0.904761904761905 1 "Uqcrc2_noRT" "non-targeting_noRT"
"2311" "Ttll5" 3.55708612009887 -1.43795299304542 -1.28006548607628 0.200522105757666 NA 0.142857142857143 0.267857142857143 "Uqcrc2_noRT" "non-targeting_noRT"
"2312" "Tbc1d30" 2.87019159580831 1.47491534816883 1.27902573784705 0.200887992582956 NA 0.19047619047619 0.107142857142857 "Uqcrc2_noRT" "non-targeting_noRT"
"2313" "Lbp" 27.8898602913713 0.506133880631472 1.27860496825806 0.201036199544794 0.641647115228064 0.857142857142857 0.678571428571429 "Uqcrc2_noRT" "non-targeting_noRT"
"2314" "Sp2" 3.62703508818544 -1.43700627711237 -1.2785044422742 0.201071619445196 NA 0.142857142857143 0.410714285714286 "Uqcrc2_noRT" "non-targeting_noRT"
"2315" "G3bp2" 75.1807454672425 0.321854543948838 1.27837966850156 0.201115589282455 0.641647115228064 1 1 "Uqcrc2_noRT" "non-targeting_noRT"
"2316" "Lin37" 14.7736402597644 -0.664290844931956 -1.27783170277452 0.201308773518897 0.641768647782123 0.428571428571429 0.732142857142857 "Uqcrc2_noRT" "non-targeting_noRT"
"2317" "Ypel2" 3.61837749670812 -1.54142689625923 -1.27768350542654 0.201361043447059 NA 0.0952380952380952 0.303571428571429 "Uqcrc2_noRT" "non-targeting_noRT"
"2318" "Bmpr1a" 3.64875823085521 -1.4360707441005 -1.27767879370981 0.201362705454902 NA 0.0952380952380952 0.410714285714286 "Uqcrc2_noRT" "non-targeting_noRT"
"2319" "Adprhl2" 12.5430532977531 0.715654315926744 1.27707866508502 0.201574476233052 NA 0.571428571428571 0.625 "Uqcrc2_noRT" "non-targeting_noRT"
"2320" "Tex19.1" 18.0593033645934 -0.599269680026574 -1.27679060585335 0.201676182990159 0.642444992465958 0.523809523809524 0.75 "Uqcrc2_noRT" "non-targeting_noRT"
"2321" "Rab3gap2" 9.64458016684531 0.737753092825827 1.27657671319317 0.201751727526417 NA 0.428571428571429 0.535714285714286 "Uqcrc2_noRT" "non-targeting_noRT"
"2322" "Ufd1" 15.457739650775 -0.695184222238774 -1.27583704945425 0.202013127666158 0.642841278640343 0.523809523809524 0.767857142857143 "Uqcrc2_noRT" "non-targeting_noRT"
"2323" "Zfp160" 4.44816199454049 -1.2703982048353 -1.27517117475291 0.20224866155521 NA 0.142857142857143 0.446428571428571 "Uqcrc2_noRT" "non-targeting_noRT"
"2324" "Nucb2" 5.66518081960237 1.1154017980707 1.27487097629638 0.202354913494088 NA 0.428571428571429 0.303571428571429 "Uqcrc2_noRT" "non-targeting_noRT"
"2325" "Pdzrn3" 0.9336882790744 -2.40855375031271 -1.27467687240367 0.20242363608053 NA 0 0.142857142857143 "Uqcrc2_noRT" "non-targeting_noRT"
"2326" "Fdxacb1" 0.9336882790744 -2.40855375031271 -1.27467687240367 0.20242363608053 NA 0 0.196428571428571 "Uqcrc2_noRT" "non-targeting_noRT"
"2327" "Gm49463" 0.9336882790744 -2.40855375031271 -1.27467687240367 0.20242363608053 NA 0 0.178571428571429 "Uqcrc2_noRT" "non-targeting_noRT"
"2328" "Oas1a" 8.14675626420604 -0.91222593013726 -1.27460569566302 0.202448840504535 NA 0.380952380952381 0.625 "Uqcrc2_noRT" "non-targeting_noRT"
"2329" "Pttg1ip" 25.8522869589317 0.489530675512787 1.27450206118934 0.202485542637968 0.642841278640343 0.80952380952381 0.857142857142857 "Uqcrc2_noRT" "non-targeting_noRT"
"2330" "Bola3" 58.0808153163112 0.347054021341793 1.27443966281177 0.202507643352351 0.642841278640343 1 0.964285714285714 "Uqcrc2_noRT" "non-targeting_noRT"
"2331" "Zmat3" 4.17923776320673 1.20013875856129 1.27435865439585 0.202536338128466 NA 0.380952380952381 0.196428571428571 "Uqcrc2_noRT" "non-targeting_noRT"
"2332" "Cpsf2" 21.7851137197088 -0.538340795879612 -1.27372619127502 0.202760470881116 0.642841278640343 0.666666666666667 0.857142857142857 "Uqcrc2_noRT" "non-targeting_noRT"
"2333" "Med30" 72.1363357438837 -0.342703875162305 -1.27352685903901 0.202831147820626 0.642841278640343 0.857142857142857 1 "Uqcrc2_noRT" "non-targeting_noRT"
"2334" "Rpl36" 1409.98869668134 0.164814524791229 1.27343002122857 0.202865489937588 0.642841278640343 1 1 "Uqcrc2_noRT" "non-targeting_noRT"
"2335" "Pak2" 28.4548769429178 0.464604979850414 1.27336644085494 0.202888040092868 0.642841278640343 0.80952380952381 0.892857142857143 "Uqcrc2_noRT" "non-targeting_noRT"
"2336" "Fstl1" 3.65285168721611 1.21584157230878 1.27325874165017 0.202926242111979 NA 0.333333333333333 0.178571428571429 "Uqcrc2_noRT" "non-targeting_noRT"
"2337" "Zkscan17" 4.48687874696865 -1.28378281988967 -1.27304642888889 0.203001566982976 NA 0.142857142857143 0.428571428571429 "Uqcrc2_noRT" "non-targeting_noRT"
"2338" "Eps15" 7.66134089371513 0.857910990287199 1.27285757951849 0.203068584562173 NA 0.571428571428571 0.392857142857143 "Uqcrc2_noRT" "non-targeting_noRT"
"2339" "Spryd3" 9.6389730595273 -0.809902997221778 -1.27272760738722 0.203114717547336 NA 0.428571428571429 0.607142857142857 "Uqcrc2_noRT" "non-targeting_noRT"
"2340" "Zfp978" 1.14293812160993 2.49929846718788 1.2726810929221 0.203131229488203 NA 0.142857142857143 0.0357142857142857 "Uqcrc2_noRT" "non-targeting_noRT"
"2341" "Gnb1l" 1.56776895449256 1.88378311369114 1.27222903982544 0.203291752506437 NA 0.142857142857143 0.0714285714285714 "Uqcrc2_noRT" "non-targeting_noRT"
"2342" "Mettl3" 5.08011291585386 1.01992845006753 1.27150326195345 0.203549667723422 NA 0.285714285714286 0.267857142857143 "Uqcrc2_noRT" "non-targeting_noRT"
"2343" "Ubl4a" 43.6583015982716 0.371599880048613 1.27111015288861 0.203689463884765 0.644427501460197 0.904761904761905 0.946428571428571 "Uqcrc2_noRT" "non-targeting_noRT"
"2344" "Elovl7" 23.9167104401659 -0.520328959955632 -1.27108014458682 0.203700138209265 0.644427501460197 0.714285714285714 0.892857142857143 "Uqcrc2_noRT" "non-targeting_noRT"
"2345" "Lrch4" 0.935794635109398 -2.41129706072438 -1.27090775413463 0.203761467515859 NA 0 0.196428571428571 "Uqcrc2_noRT" "non-targeting_noRT"
"2346" "Rpusd1" 3.63694371503785 1.2290043481532 1.27037529898765 0.203950977625687 NA 0.380952380952381 0.214285714285714 "Uqcrc2_noRT" "non-targeting_noRT"
"2347" "R3hcc1" 3.24014018097062 1.28409218122645 1.27004903993417 0.20406716229252 NA 0.19047619047619 0.178571428571429 "Uqcrc2_noRT" "non-targeting_noRT"
"2348" "Pyroxd1" 5.1394217054681 -1.13464404509612 -1.26946853295534 0.204274006686616 NA 0.238095238095238 0.446428571428571 "Uqcrc2_noRT" "non-targeting_noRT"
"2349" "Vps13d" 1.68922169089127 -2.04406058296668 -1.26922795845248 0.204359772114696 NA 0.0476190476190476 0.232142857142857 "Uqcrc2_noRT" "non-targeting_noRT"
"2350" "Slc8b1" 2.08683015588268 1.65576807324942 1.26896508822442 0.204453515971689 NA 0.142857142857143 0.107142857142857 "Uqcrc2_noRT" "non-targeting_noRT"
"2351" "Pgs1" 17.8175553038156 0.558555459467785 1.26875451209613 0.204528633452185 0.646157209075903 0.761904761904762 0.767857142857143 "Uqcrc2_noRT" "non-targeting_noRT"
"2352" "Atp5o" 199.13171625088 0.21869439461229 1.26860303581717 0.204582681032218 0.646157209075903 1 1 "Uqcrc2_noRT" "non-targeting_noRT"
"2353" "Dst" 51.7298572943949 -0.362920000225629 -1.2682313465647 0.204715345843042 0.646157209075903 0.904761904761905 0.946428571428571 "Uqcrc2_noRT" "non-targeting_noRT"
"2354" "Zfp120" 4.61394215366669 1.04826625289391 1.26757583689693 0.204949465409134 NA 0.333333333333333 0.285714285714286 "Uqcrc2_noRT" "non-targeting_noRT"
"2355" "Zfp626" 0.931581923039401 -2.40585248625784 -1.26739025834983 0.205015781345588 NA 0 0.196428571428571 "Uqcrc2_noRT" "non-targeting_noRT"
"2356" "0610038B21Rik" 0.931581923039401 -2.40585248625784 -1.26739025834983 0.205015781345588 NA 0 0.196428571428571 "Uqcrc2_noRT" "non-targeting_noRT"
"2357" "Carhsp1" 15.2388488785411 0.591655194448504 1.26735967511415 0.205026711670183 0.646470508012345 0.571428571428571 0.678571428571429 "Uqcrc2_noRT" "non-targeting_noRT"
"2358" "Ykt6" 9.67227943938715 -0.86934456853994 -1.26729861161706 0.205048536784233 NA 0.380952380952381 0.625 "Uqcrc2_noRT" "non-targeting_noRT"
"2359" "Crocc" 0.92468111496777 -2.39675144341883 -1.26706659178008 0.20513147995203 NA 0 0.196428571428571 "Uqcrc2_noRT" "non-targeting_noRT"
"2360" "Myt1" 0.978862014170274 -2.48465960033224 -1.26691946437654 0.205184088145842 NA 0 0.160714285714286 "Uqcrc2_noRT" "non-targeting_noRT"
"2361" "Rtn3" 56.032487116351 -0.33392202194304 -1.2667227327281 0.205254448602482 0.646470508012345 0.952380952380952 0.982142857142857 "Uqcrc2_noRT" "non-targeting_noRT"
"2362" "Spout1" 5.0243639214109 -1.12558988501929 -1.26670992947632 0.205259028253048 NA 0.238095238095238 0.517857142857143 "Uqcrc2_noRT" "non-targeting_noRT"
"2363" "Dnajc2" 127.196534300168 -0.263039812475912 -1.26664210916903 0.20528328843118 0.646470508012345 0.952380952380952 1 "Uqcrc2_noRT" "non-targeting_noRT"
"2364" "Coq6" 4.43704847439886 -1.26604529180931 -1.2665268928762 0.20532450752815 NA 0.19047619047619 0.482142857142857 "Uqcrc2_noRT" "non-targeting_noRT"
"2365" "Specc1" 50.1207615509473 0.366375279427509 1.26588947511787 0.205552655025303 0.646826529653768 0.857142857142857 0.875 "Uqcrc2_noRT" "non-targeting_noRT"
"2366" "Numa1" 10.3247815942827 -0.770239306539298 -1.26558557969166 0.205661491503419 NA 0.380952380952381 0.607142857142857 "Uqcrc2_noRT" "non-targeting_noRT"
"2367" "Pik3r1" 9.0896773161158 0.80742312694454 1.26547541982996 0.20570095426663 NA 0.476190476190476 0.410714285714286 "Uqcrc2_noRT" "non-targeting_noRT"
"2368" "Tirap" 2.10644694251745 1.65003009512331 1.26494252309981 0.20589193249559 NA 0.19047619047619 0.107142857142857 "Uqcrc2_noRT" "non-targeting_noRT"
"2369" "Gjb1" 10.6525898015225 -0.933448579762019 -1.26457570429902 0.206023466951337 NA 0.380952380952381 0.571428571428571 "Uqcrc2_noRT" "non-targeting_noRT"
"2370" "Men1" 3.64326278314285 1.22401718524313 1.26398879941751 0.206234047159036 NA 0.285714285714286 0.214285714285714 "Uqcrc2_noRT" "non-targeting_noRT"
"2371" "2300009A05Rik" 11.0167543253433 0.710207178371187 1.26373789848013 0.206324117556258 NA 0.571428571428571 0.5 "Uqcrc2_noRT" "non-targeting_noRT"
"2372" "Dhx34" 2.07411417731954 1.64998937547125 1.26345028895695 0.206427401028995 NA 0.238095238095238 0.0892857142857143 "Uqcrc2_noRT" "non-targeting_noRT"
"2373" "Fosb" 23.6593699371787 0.596149806302679 1.26321693605513 0.206511227986826 0.648852470360574 0.714285714285714 0.589285714285714 "Uqcrc2_noRT" "non-targeting_noRT"
"2374" "Metrnl" 3.18929117867742 1.27116731633829 1.26286123249269 0.206639054308482 NA 0.285714285714286 0.178571428571429 "Uqcrc2_noRT" "non-targeting_noRT"
"2375" "Mdn1" 17.0380760557019 -0.667663451052954 -1.2622119134063 0.206872542992433 0.648852470360574 0.428571428571429 0.696428571428571 "Uqcrc2_noRT" "non-targeting_noRT"
"2376" "Fryl" 15.0430701468744 -0.716844863044677 -1.2620493510288 0.206931028767959 0.648852470360574 0.476190476190476 0.642857142857143 "Uqcrc2_noRT" "non-targeting_noRT"
"2377" "Eif3a" 215.425178013499 -0.217686662765853 -1.26151816295992 0.207122220291526 0.648852470360574 1 1 "Uqcrc2_noRT" "non-targeting_noRT"
"2378" "Ppan" 30.8750332941371 -0.442029462538814 -1.26117630143898 0.207245334934217 0.648852470360574 0.857142857142857 0.946428571428571 "Uqcrc2_noRT" "non-targeting_noRT"
"2379" "D10Wsu102e" 34.8762458444238 -0.416083804721388 -1.26110985793408 0.207269269405908 0.648852470360574 0.80952380952381 0.857142857142857 "Uqcrc2_noRT" "non-targeting_noRT"
"2380" "Pms2" 4.96930220704771 -1.13679185002665 -1.26101412820238 0.207303756973473 NA 0.238095238095238 0.410714285714286 "Uqcrc2_noRT" "non-targeting_noRT"
"2381" "Gm35066" 0.763268100595267 2.86118378192875 1.26088063734719 0.207351855304175 NA 0.0952380952380952 0.0178571428571429 "Uqcrc2_noRT" "non-targeting_noRT"
"2382" "Mroh7" 0.763268100595267 2.86118378192875 1.26088063734719 0.207351855304175 NA 0.0952380952380952 0.0178571428571429 "Uqcrc2_noRT" "non-targeting_noRT"
"2383" "Tmem82" 0.763268100595267 2.86118378192875 1.26088063734719 0.207351855304175 NA 0.0952380952380952 0.0178571428571429 "Uqcrc2_noRT" "non-targeting_noRT"
"2384" "3110082J24Rik" 0.763268100595267 2.86118378192875 1.26088063734719 0.207351855304175 NA 0.0952380952380952 0.0178571428571429 "Uqcrc2_noRT" "non-targeting_noRT"
"2385" "Trp53inp1" 2.70974069423146 -1.65735234023015 -1.26062426487518 0.207444252038323 NA 0.0952380952380952 0.214285714285714 "Uqcrc2_noRT" "non-targeting_noRT"
"2386" "Meis2" 14.904836686172 0.618576393912956 1.2606233059551 0.207444597689537 0.648852470360574 0.666666666666667 0.678571428571429 "Uqcrc2_noRT" "non-targeting_noRT"
"2387" "Ctdnep1" 20.8131523442711 -0.55093053257739 -1.2606058259888 0.207450898571058 0.648852470360574 0.619047619047619 0.910714285714286 "Uqcrc2_noRT" "non-targeting_noRT"
"2388" "Bcl7a" 0.761161744560269 2.86123662642948 1.26009584031633 0.207634790671427 NA 0.0952380952380952 0.0178571428571429 "Uqcrc2_noRT" "non-targeting_noRT"
"2389" "Btbd17" 0.761161744560269 2.86123662642948 1.26009584031633 0.207634790671427 NA 0.0952380952380952 0.0178571428571429 "Uqcrc2_noRT" "non-targeting_noRT"
"2390" "Ccdc74a" 0.761161744560269 2.86123662642948 1.26009584031633 0.207634790671427 NA 0.0952380952380952 0.0178571428571429 "Uqcrc2_noRT" "non-targeting_noRT"
"2391" "Gm20219" 0.761161744560269 2.86123662642948 1.26009584031633 0.207634790671427 NA 0.0952380952380952 0.0178571428571429 "Uqcrc2_noRT" "non-targeting_noRT"
"2392" "Tmem126a" 70.7085145826485 -0.306970913202093 -1.2600576676286 0.207648559843884 0.648980166641988 0.952380952380952 1 "Uqcrc2_noRT" "non-targeting_noRT"
"2393" "Cyth1" 4.2070458179127 1.08647595816458 1.25931239453133 0.207917518102973 NA 0.333333333333333 0.232142857142857 "Uqcrc2_noRT" "non-targeting_noRT"
"2394" "Ftl1-ps1" 5.2041778640177 0.973540725557979 1.25892562070685 0.208057198705074 NA 0.333333333333333 0.285714285714286 "Uqcrc2_noRT" "non-targeting_noRT"
"2395" "Zfp646" 5.92707013683554 -1.04307691738088 -1.25863146710413 0.208163475719329 NA 0.238095238095238 0.464285714285714 "Uqcrc2_noRT" "non-targeting_noRT"
"2396" "Clcn6" 2.70283988615983 -1.65353105984063 -1.25829483645388 0.208285147881679 NA 0.0952380952380952 0.303571428571429 "Uqcrc2_noRT" "non-targeting_noRT"
"2397" "Acaa1a" 19.0036077389404 0.531865645563635 1.25826948610263 0.208294312628303 0.650507068419559 0.666666666666667 0.660714285714286 "Uqcrc2_noRT" "non-targeting_noRT"
"2398" "Mtfr2" 1.81583682049401 -2.09908506829728 -1.25806712926308 0.208367479853278 NA 0.0476190476190476 0.267857142857143 "Uqcrc2_noRT" "non-targeting_noRT"
"2399" "Lyg1" 0.566127109854984 3.65069544970852 1.25758238676189 0.208542826511157 NA 0.0476190476190476 0 "Uqcrc2_noRT" "non-targeting_noRT"
"2400" "Ckmt1" 0.566127109854984 3.65069544970852 1.25758238676189 0.208542826511157 NA 0.0476190476190476 0 "Uqcrc2_noRT" "non-targeting_noRT"
"2401" "Fgl2" 0.566127109854984 3.65069544970852 1.25758238676189 0.208542826511157 NA 0.0952380952380952 0 "Uqcrc2_noRT" "non-targeting_noRT"
"2402" "Lrrc4b" 0.566127109854984 3.65069544970852 1.25758238676189 0.208542826511157 NA 0.0476190476190476 0 "Uqcrc2_noRT" "non-targeting_noRT"
"2403" "9930012K11Rik" 0.566127109854984 3.65069544970852 1.25758238676189 0.208542826511157 NA 0.0952380952380952 0 "Uqcrc2_noRT" "non-targeting_noRT"
"2404" "Cldn9" 0.566127109854984 3.65069544970852 1.25758238676189 0.208542826511157 NA 0.0952380952380952 0 "Uqcrc2_noRT" "non-targeting_noRT"
"2405" "Doc2g" 0.566127109854984 3.65069544970852 1.25758238676189 0.208542826511157 NA 0.0952380952380952 0 "Uqcrc2_noRT" "non-targeting_noRT"
"2406" "Sh2d3c" 0.754260936488637 2.86141054154069 1.25750715769422 0.208570048822712 NA 0.0952380952380952 0.0178571428571429 "Uqcrc2_noRT" "non-targeting_noRT"
"2407" "Tph2" 0.754260936488637 2.86141054154069 1.25750715769422 0.208570048822712 NA 0.0952380952380952 0.0178571428571429 "Uqcrc2_noRT" "non-targeting_noRT"
"2408" "Gm36839" 0.754260936488637 2.86141054154069 1.25750715769422 0.208570048822712 NA 0.0952380952380952 0.0178571428571429 "Uqcrc2_noRT" "non-targeting_noRT"
"2409" "Pcdh9" 0.754260936488637 2.86141054154069 1.25750715769422 0.208570048822712 NA 0.0952380952380952 0.0178571428571429 "Uqcrc2_noRT" "non-targeting_noRT"
"2410" "Zfp960" 0.754260936488637 2.86141054154069 1.25750715769422 0.208570048822712 NA 0.0952380952380952 0.0178571428571429 "Uqcrc2_noRT" "non-targeting_noRT"
"2411" "Cad" 9.65748929662259 -0.805273012136668 -1.25719699151522 0.208682312430307 NA 0.380952380952381 0.553571428571429 "Uqcrc2_noRT" "non-targeting_noRT"
"2412" "Zfpm2" 1.06825962061197 2.50382130422424 1.25605152022909 0.209097291404231 NA 0.142857142857143 0.0178571428571429 "Uqcrc2_noRT" "non-targeting_noRT"
"2413" "Tmem209" 9.67871053041033 -0.812934610216394 -1.25575837735063 0.209203586607426 NA 0.380952380952381 0.696428571428571 "Uqcrc2_noRT" "non-targeting_noRT"
"2414" "Creg2" 1.11750616448365 2.47692628098936 1.25567451562918 0.209234002523295 NA 0.142857142857143 0.0357142857142857 "Uqcrc2_noRT" "non-targeting_noRT"
"2415" "Cd38" 1.11750616448365 2.47692628098936 1.25567451562918 0.209234002523295 NA 0.142857142857143 0.0357142857142857 "Uqcrc2_noRT" "non-targeting_noRT"
"2416" "Akt1s1" 17.4720773234403 -0.585362792894432 -1.25556991086881 0.209271946248153 0.653067355637148 0.666666666666667 0.803571428571429 "Uqcrc2_noRT" "non-targeting_noRT"
"2417" "Gsta4" 8.08424682593709 0.796652525236573 1.25541027509388 0.209329861210878 NA 0.428571428571429 0.357142857142857 "Uqcrc2_noRT" "non-targeting_noRT"
"2418" "Med11" 4.30026953640335 -1.28616650816982 -1.25502734701871 0.209468832686024 NA 0.19047619047619 0.410714285714286 "Uqcrc2_noRT" "non-targeting_noRT"
"2419" "Myo1c" 4.51076831788299 -1.29777096465969 -1.25449218887168 0.209663163109053 NA 0.142857142857143 0.446428571428571 "Uqcrc2_noRT" "non-targeting_noRT"
"2420" "Parp11" 17.3073198111578 0.572935715446804 1.2543164008723 0.209727024968258 0.653562146877747 0.761904761904762 0.732142857142857 "Uqcrc2_noRT" "non-targeting_noRT"
"2421" "Itga6" 31.1647866289502 0.446888257159828 1.25370858587094 0.209947946052082 0.653562146877747 0.761904761904762 0.678571428571429 "Uqcrc2_noRT" "non-targeting_noRT"
"2422" "Sap18" 74.6014702355734 0.285355097632748 1.25351151389778 0.210019611488833 0.653562146877747 1 0.964285714285714 "Uqcrc2_noRT" "non-targeting_noRT"
"2423" "Meis1" 2.72085421437309 -1.6627900956998 -1.25343207967044 0.210048502838333 NA 0.0952380952380952 0.303571428571429 "Uqcrc2_noRT" "non-targeting_noRT"
"2424" "Mcmbp" 13.2788112220631 -0.697974175713491 -1.25303176830717 0.210194145511244 0.653562146877747 0.571428571428571 0.785714285714286 "Uqcrc2_noRT" "non-targeting_noRT"
"2425" "Taf15" 42.7590555419828 -0.499901095210958 -1.25286174348895 0.210256026640667 0.653562146877747 0.714285714285714 0.982142857142857 "Uqcrc2_noRT" "non-targeting_noRT"
"2426" "Acin1" 49.7316514745087 0.343482112603333 1.25235448053921 0.210440725113721 0.653562146877747 1 0.946428571428571 "Uqcrc2_noRT" "non-targeting_noRT"
"2427" "Slc2a8" 5.07140482694128 1.08450179953295 1.25222866368362 0.210486554196258 NA 0.285714285714286 0.25 "Uqcrc2_noRT" "non-targeting_noRT"
"2428" "Tha1" 2.03445653752113 1.63849795720029 1.25207303927554 0.210543250738991 NA 0.19047619047619 0.0892857142857143 "Uqcrc2_noRT" "non-targeting_noRT"
"2429" "Aopep" 28.3234428749546 0.477135421074215 1.25175244196926 0.210660084459619 0.653562146877747 0.857142857142857 0.767857142857143 "Uqcrc2_noRT" "non-targeting_noRT"
"2430" "Mga" 8.03214839313351 -0.872708337749312 -1.25162274198314 0.210707363719459 NA 0.428571428571429 0.553571428571429 "Uqcrc2_noRT" "non-targeting_noRT"
"2431" "Uggt1" 14.9038953072354 -0.643459164372197 -1.25157554993478 0.210724568440886 0.653562146877747 0.523809523809524 0.732142857142857 "Uqcrc2_noRT" "non-targeting_noRT"
"2432" "Tmx4" 13.9264639785862 0.617554905876289 1.25111243885489 0.210893457947646 0.653562146877747 0.761904761904762 0.553571428571429 "Uqcrc2_noRT" "non-targeting_noRT"
"2433" "Ccnd2" 132.510718060218 0.262433846638454 1.25079325881396 0.211009914990012 0.653562146877747 0.952380952380952 0.982142857142857 "Uqcrc2_noRT" "non-targeting_noRT"
"2434" "Amacr" 6.68726008612632 -0.989458922069752 -1.25064870195932 0.211062673761905 NA 0.238095238095238 0.571428571428571 "Uqcrc2_noRT" "non-targeting_noRT"
"2435" "Ifit1bl2" 1.45744070334674 2.2312875675093 1.25000532751871 0.211297601207352 NA 0.0952380952380952 0.0357142857142857 "Uqcrc2_noRT" "non-targeting_noRT"
"2436" "Igf2bp2" 9.45661413523936 -0.890249951554517 -1.24946396874921 0.211495424174965 NA 0.333333333333333 0.625 "Uqcrc2_noRT" "non-targeting_noRT"
"2437" "Laptm4a" 200.204388054632 0.21090622292438 1.24924880522891 0.211574086258631 0.654391834938291 0.952380952380952 1 "Uqcrc2_noRT" "non-targeting_noRT"
"2438" "Tsc22d1" 25.7475486679736 0.502977919115726 1.24911947216418 0.211621379581296 0.654391834938291 0.761904761904762 0.75 "Uqcrc2_noRT" "non-targeting_noRT"
"2439" "Fam181b" 7.32069763481911 0.875738298428399 1.24884876966289 0.21172039231039 NA 0.333333333333333 0.285714285714286 "Uqcrc2_noRT" "non-targeting_noRT"
"2440" "Tomm20" 266.787845776035 -0.220841709108088 -1.24840534512509 0.211882652559701 0.654391834938291 1 1 "Uqcrc2_noRT" "non-targeting_noRT"
"2441" "Rps6ka3" 15.4387408943798 -0.653255219753959 -1.24832965798291 0.211910357374894 0.654391834938291 0.428571428571429 0.785714285714286 "Uqcrc2_noRT" "non-targeting_noRT"
"2442" "Vps25" 5.30681874470581 0.989536726398919 1.24822218807249 0.211949700575332 NA 0.380952380952381 0.339285714285714 "Uqcrc2_noRT" "non-targeting_noRT"
"2443" "Plvap" 2.73692203263351 1.35293864585644 1.24779466605083 0.212106262549755 NA 0.238095238095238 0.160714285714286 "Uqcrc2_noRT" "non-targeting_noRT"
"2444" "Nrp1" 3.57084782134828 1.44928272148361 1.24767113648285 0.212151515618955 NA 0.238095238095238 0.0714285714285714 "Uqcrc2_noRT" "non-targeting_noRT"
"2445" "Spred3" 0.929475567004403 -2.40315159041658 -1.247510610518 0.212210332144281 NA 0 0.160714285714286 "Uqcrc2_noRT" "non-targeting_noRT"
"2446" "Gm29243" 1.68901686847183 -1.97570674496994 -1.24622905599574 0.212680314703199 NA 0.0476190476190476 0.196428571428571 "Uqcrc2_noRT" "non-targeting_noRT"
"2447" "Zdhhc8" 4.40459071786613 -1.23770367324041 -1.24603603276963 0.212751166902927 NA 0.142857142857143 0.464285714285714 "Uqcrc2_noRT" "non-targeting_noRT"
"2448" "Derl2" 24.6563677380533 -0.544535792975725 -1.24587315201543 0.212810968094609 0.655823234307401 0.666666666666667 0.946428571428571 "Uqcrc2_noRT" "non-targeting_noRT"
"2449" "Set" 286.566979472741 -0.181239996196262 -1.24551764596448 0.212941533253864 0.655823234307401 1 1 "Uqcrc2_noRT" "non-targeting_noRT"
"2450" "Sucla2" 16.5957439538091 0.569975115524099 1.2451272503998 0.213084978749886 0.655823234307401 0.80952380952381 0.678571428571429 "Uqcrc2_noRT" "non-targeting_noRT"
"2451" "Mrps31" 33.6651651061828 0.402414984901787 1.24504059031235 0.213116830269377 0.655823234307401 0.904761904761905 0.910714285714286 "Uqcrc2_noRT" "non-targeting_noRT"
"2452" "Ofd1" 10.9115931436813 -0.736891812784915 -1.24492897360895 0.213157859543084 NA 0.380952380952381 0.642857142857143 "Uqcrc2_noRT" "non-targeting_noRT"
"2453" "Pycrl" 34.6127557252127 0.44117073032455 1.24474388786939 0.213225907925159 0.655823234307401 0.857142857142857 0.857142857142857 "Uqcrc2_noRT" "non-targeting_noRT"
"2454" "Pum1" 24.9654095684337 -0.556961501634017 -1.2444749524365 0.213324812319421 0.655823234307401 0.666666666666667 0.839285714285714 "Uqcrc2_noRT" "non-targeting_noRT"
"2455" "Hk1os" 1.71495468132824 1.97900044720176 1.24411505581976 0.213457220633427 NA 0.0952380952380952 0.0714285714285714 "Uqcrc2_noRT" "non-targeting_noRT"
"2456" "Ddx3x" 36.6073293464946 -0.45175123242458 -1.24357084812559 0.213657550827242 0.656155259755799 0.761904761904762 0.875 "Uqcrc2_noRT" "non-targeting_noRT"
"2457" "Tnfaip6" 5.86981464930988 -1.15208256447671 -1.24348812800386 0.213688013093204 NA 0.142857142857143 0.410714285714286 "Uqcrc2_noRT" "non-targeting_noRT"
"2458" "Dynll1" 540.646217704553 -0.203543911872863 -1.24331996682926 0.213749949287293 0.656155259755799 1 1 "Uqcrc2_noRT" "non-targeting_noRT"
"2459" "Wdr41" 3.1459247244225 1.2513887798719 1.24276417495981 0.213954747619172 NA 0.285714285714286 0.178571428571429 "Uqcrc2_noRT" "non-targeting_noRT"
"2460" "Gm13889" 5.09945379627849 -4.85924333076912 -1.24240095989101 0.214088661654511 NA 0 0.0535714285714286 "Uqcrc2_noRT" "non-targeting_noRT"
"2461" "Dhx36" 41.9248451618807 -0.385689934096442 -1.24190078715397 0.214273169644657 0.657273814669823 0.761904761904762 0.946428571428571 "Uqcrc2_noRT" "non-targeting_noRT"
"2462" "Angptl2" 11.5836706911129 0.885221496825433 1.24170419504384 0.214345721605763 NA 0.333333333333333 0.321428571428571 "Uqcrc2_noRT" "non-targeting_noRT"
"2463" "Dlg3" 2.07309345886467 1.62441738566219 1.24161598901759 0.214378279635939 NA 0.142857142857143 0.107142857142857 "Uqcrc2_noRT" "non-targeting_noRT"
"2464" "Arhgef25" 3.6019228538383 1.23086567278455 1.2410583386919 0.21458419840924 NA 0.333333333333333 0.196428571428571 "Uqcrc2_noRT" "non-targeting_noRT"
"2465" "Get4" 25.5498049670444 -0.47457769971261 -1.24060873715169 0.21475032273224 0.657866446188284 0.761904761904762 0.892857142857143 "Uqcrc2_noRT" "non-targeting_noRT"
"2466" "Aplp2" 40.1506949348543 -0.414516327974599 -1.24021394754387 0.214896270891679 0.657866446188284 0.857142857142857 0.821428571428571 "Uqcrc2_noRT" "non-targeting_noRT"
"2467" "Ect2" 8.26444008332384 -0.894226862012556 -1.24010749481748 0.214935637200456 NA 0.333333333333333 0.517857142857143 "Uqcrc2_noRT" "non-targeting_noRT"
"2468" "Agpat5" 33.5690418888271 -0.418875130065424 -1.24008673592346 0.214943314462678 0.657866446188284 0.857142857142857 0.982142857142857 "Uqcrc2_noRT" "non-targeting_noRT"
"2469" "Sdhaf3" 5.51767265052754 1.02604528334964 1.23973409076096 0.215073763427952 NA 0.380952380952381 0.339285714285714 "Uqcrc2_noRT" "non-targeting_noRT"
"2470" "Klf6" 41.1626452824353 0.424042515096446 1.2389180422015 0.215375851309949 0.658264733607685 0.761904761904762 0.821428571428571 "Uqcrc2_noRT" "non-targeting_noRT"
"2471" "Rnf10" 21.7861824565981 -0.534801029044747 -1.23887551637154 0.215391602055294 0.658264733607685 0.619047619047619 0.839285714285714 "Uqcrc2_noRT" "non-targeting_noRT"
"2472" "Ywhae" 330.012541808628 0.167537629081347 1.23773736663172 0.215813459075609 0.659067227789572 0.952380952380952 1 "Uqcrc2_noRT" "non-targeting_noRT"
"2473" "Dgat2" 1.6821160604002 -1.96974712917851 -1.23635011743025 0.216328449420967 NA 0.0476190476190476 0.267857142857143 "Uqcrc2_noRT" "non-targeting_noRT"
"2474" "Plekhn1" 1.51270724012937 1.8685792505273 1.23624013158387 0.216369317427411 NA 0.19047619047619 0.0714285714285714 "Uqcrc2_noRT" "non-targeting_noRT"
"2475" "Cdsn" 2.76283595585384 -1.6811039471211 -1.23610008994576 0.216421361461514 NA 0.0476190476190476 0.232142857142857 "Uqcrc2_noRT" "non-targeting_noRT"
"2476" "Hirip3" 12.0638159569392 -0.732399534736672 -1.23607108428914 0.216432142034586 NA 0.380952380952381 0.625 "Uqcrc2_noRT" "non-targeting_noRT"
"2477" "Ralgapa2" 5.20257540559618 0.965534050968288 1.23592545366212 0.216486274616141 NA 0.380952380952381 0.303571428571429 "Uqcrc2_noRT" "non-targeting_noRT"
"2478" "Topors" 36.8946567403465 -0.420436752752913 -1.23509190250026 0.21679630270359 0.661530072514737 0.80952380952381 0.892857142857143 "Uqcrc2_noRT" "non-targeting_noRT"
"2479" "Mpzl1" 10.0919207047838 0.706601235049099 1.23496489281638 0.216843570272366 NA 0.523809523809524 0.535714285714286 "Uqcrc2_noRT" "non-targeting_noRT"
"2480" "Polq" 1.65094876386703 -1.99545496339388 -1.23476788303637 0.216916903551779 NA 0.0476190476190476 0.25 "Uqcrc2_noRT" "non-targeting_noRT"
"2481" "Ppp3ca" 82.7614213381062 -0.337432844454641 -1.23470676064017 0.216939658869623 0.661530072514737 0.952380952380952 0.964285714285714 "Uqcrc2_noRT" "non-targeting_noRT"
"2482" "Slc25a10" 3.57387490743781 -1.3928575650032 -1.23415542052919 0.217144995447341 NA 0.142857142857143 0.375 "Uqcrc2_noRT" "non-targeting_noRT"
"2483" "E530011L22Rik" 0.936376375076035 -2.41239002678087 -1.23410069029886 0.217165386349575 NA 0 0.160714285714286 "Uqcrc2_noRT" "non-targeting_noRT"
"2484" "Hist1h2bb" 0.936376375076035 -2.41239002678087 -1.23410069029886 0.217165386349575 NA 0 0.142857142857143 "Uqcrc2_noRT" "non-targeting_noRT"
"2485" "Gjc1" 7.52188629267651 0.980037028195255 1.23403049045593 0.217191542798697 NA 0.428571428571429 0.357142857142857 "Uqcrc2_noRT" "non-targeting_noRT"
"2486" "Cxxc5" 3.25387687798863 1.30594194020129 1.23354177584646 0.217373700579636 NA 0.19047619047619 0.142857142857143 "Uqcrc2_noRT" "non-targeting_noRT"
"2487" "Rtn4ip1" 1.69322958054183 -1.97925598512198 -1.23313462128165 0.217525542498838 NA 0.0476190476190476 0.178571428571429 "Uqcrc2_noRT" "non-targeting_noRT"
"2488" "Tex10" 17.673859147327 0.531400966972789 1.23310136341503 0.217537948868027 0.662814165807588 0.666666666666667 0.714285714285714 "Uqcrc2_noRT" "non-targeting_noRT"
"2489" "Prxl2a" 12.425767069699 0.667282632695738 1.23296453613 0.217588995673049 NA 0.571428571428571 0.571428571428571 "Uqcrc2_noRT" "non-targeting_noRT"
"2490" "Hnrnph2" 10.8982308282535 0.706278034902709 1.23288121355228 0.21762008544203 NA 0.619047619047619 0.535714285714286 "Uqcrc2_noRT" "non-targeting_noRT"
"2491" "Gbp7" 41.3740576620265 -0.400234729917705 -1.23271767694812 0.217681114386784 0.662814165807588 0.857142857142857 0.964285714285714 "Uqcrc2_noRT" "non-targeting_noRT"
"2492" "Smyd3" 6.49106389898958 0.871204147495578 1.23262310919421 0.217716411001139 NA 0.523809523809524 0.392857142857143 "Uqcrc2_noRT" "non-targeting_noRT"
"2493" "Vps16" 6.54664243419416 0.891575930317016 1.2324210193055 0.217791853134801 NA 0.523809523809524 0.410714285714286 "Uqcrc2_noRT" "non-targeting_noRT"
"2494" "Pik3cb" 8.4132597438501 0.778515931805892 1.23229653303005 0.217838334433053 NA 0.380952380952381 0.428571428571429 "Uqcrc2_noRT" "non-targeting_noRT"
"2495" "Tedc1" 2.68591119552669 -1.65580252146904 -1.2314397478803 0.218158438544841 NA 0.0952380952380952 0.321428571428571 "Uqcrc2_noRT" "non-targeting_noRT"
"2496" "Supt5" 21.6093963061749 -0.520613846698536 -1.23106074354222 0.218300146419483 0.663490606024228 0.666666666666667 0.839285714285714 "Uqcrc2_noRT" "non-targeting_noRT"
"2497" "Ttc32" 13.7949611058793 -0.637928040229978 -1.23096513494721 0.218335904452414 0.663490606024228 0.428571428571429 0.714285714285714 "Uqcrc2_noRT" "non-targeting_noRT"
"2498" "Mcm7" 30.3821034096596 -0.4333509983677 -1.23076152796683 0.218412068379041 0.663490606024228 0.571428571428571 0.857142857142857 "Uqcrc2_noRT" "non-targeting_noRT"
"2499" "Zfp746" 4.27522742005218 -1.2152564440363 -1.23044549534487 0.218530325540829 NA 0.19047619047619 0.410714285714286 "Uqcrc2_noRT" "non-targeting_noRT"
"2500" "Slc37a3" 8.49037996635011 0.842261030582003 1.23028407494564 0.218590745653018 NA 0.428571428571429 0.464285714285714 "Uqcrc2_noRT" "non-targeting_noRT"
"2501" "Gm32856" 3.6128444747884 1.38840261200667 1.23005133980718 0.218677880197866 NA 0.142857142857143 0.125 "Uqcrc2_noRT" "non-targeting_noRT"
"2502" "Gnao1" 0.908773142789508 -2.37543840980264 -1.22992483605878 0.218725252856434 NA 0 0.160714285714286 "Uqcrc2_noRT" "non-targeting_noRT"
"2503" "Qdpr" 36.0791172905438 0.394757917438375 1.229599339944 0.218847177329341 0.663490606024228 0.80952380952381 0.857142857142857 "Uqcrc2_noRT" "non-targeting_noRT"
"2504" "Tiam2" 1.71335222290673 1.94256456863992 1.22958799745514 0.218851426883622 NA 0.0952380952380952 0.0714285714285714 "Uqcrc2_noRT" "non-targeting_noRT"
"2505" "Mitd1" 28.409385658097 0.449018198243995 1.22958511445764 0.218852507031169 0.663490606024228 0.80952380952381 0.892857142857143 "Uqcrc2_noRT" "non-targeting_noRT"
"2506" "Ccdc6" 11.7237534763027 0.689743060060513 1.22946065923408 0.218899139235576 NA 0.571428571428571 0.535714285714286 "Uqcrc2_noRT" "non-targeting_noRT"
"2507" "Jmjd6" 44.1844128712741 0.34852297058718 1.22929135901364 0.218962585895601 0.663490606024228 0.952380952380952 0.946428571428571 "Uqcrc2_noRT" "non-targeting_noRT"
"2508" "Snx29" 2.59903353680698 -1.6622880541513 -1.22922735807314 0.21898657421789 NA 0.0952380952380952 0.285714285714286 "Uqcrc2_noRT" "non-targeting_noRT"
"2509" "Ndufb10" 145.074751275955 0.239656190852158 1.22912309637551 0.219025656797751 0.663490606024228 1 1 "Uqcrc2_noRT" "non-targeting_noRT"
"2510" "Slc25a36" 8.42968453686975 0.784152359933708 1.22874310155655 0.21916814055199 NA 0.523809523809524 0.482142857142857 "Uqcrc2_noRT" "non-targeting_noRT"
"2511" "Ppp3r1" 12.3549096193066 -0.682099546337399 -1.22854849444192 0.21924113666031 NA 0.380952380952381 0.803571428571429 "Uqcrc2_noRT" "non-targeting_noRT"
"2512" "Klc4" 2.50353463981937 1.64834923734805 1.2283889670974 0.219300987549161 NA 0.19047619047619 0.125 "Uqcrc2_noRT" "non-targeting_noRT"
"2513" "Timeless" 4.19212349491422 -1.22676809769905 -1.2280110423383 0.219442822795988 NA 0.19047619047619 0.375 "Uqcrc2_noRT" "non-targeting_noRT"
"2514" "Zfp846" 1.72083281282835 -2.00341201417356 -1.22779370176026 0.219524420582698 NA 0.0476190476190476 0.232142857142857 "Uqcrc2_noRT" "non-targeting_noRT"
"2515" "D930016D06Rik" 1.6191328195105 -1.96790593686863 -1.22730565566226 0.219707730711254 NA 0.0476190476190476 0.214285714285714 "Uqcrc2_noRT" "non-targeting_noRT"
"2516" "Pde7a" 2.62830613537173 -1.74276939148818 -1.22690255499421 0.219859218154028 NA 0.0476190476190476 0.267857142857143 "Uqcrc2_noRT" "non-targeting_noRT"
"2517" "Fancb" 1.70761293665173 -1.99193789656716 -1.22658941714849 0.219976948792173 NA 0.0476190476190476 0.214285714285714 "Uqcrc2_noRT" "non-targeting_noRT"
"2518" "Dbndd2" 9.21582078512736 0.767680765363397 1.22652566877247 0.220000921851072 NA 0.428571428571429 0.410714285714286 "Uqcrc2_noRT" "non-targeting_noRT"
"2519" "Hoxa4" 2.49691848525179 1.43890418137153 1.22651515903296 0.220004874298085 NA 0.238095238095238 0.125 "Uqcrc2_noRT" "non-targeting_noRT"
"2520" "Ska2" 17.7094447707177 -0.592176177724068 -1.22651368430037 0.220005428911761 0.665971078885783 0.476190476190476 0.696428571428571 "Uqcrc2_noRT" "non-targeting_noRT"
"2521" "Atcay" 4.98354081294775 -1.11245713380163 -1.22623314215689 0.220110952734192 NA 0.19047619047619 0.375 "Uqcrc2_noRT" "non-targeting_noRT"
"2522" "Ano6" 16.9363373688979 -0.601834621168115 -1.2256857490739 0.220316955075215 0.666426579021373 0.619047619047619 0.75 "Uqcrc2_noRT" "non-targeting_noRT"
"2523" "Il12rb1" 3.42568138537516 -1.43495186154845 -1.22531907007281 0.220455025983468 NA 0.142857142857143 0.303571428571429 "Uqcrc2_noRT" "non-targeting_noRT"
"2524" "Tmod2" 5.36096300038335 -1.17779391818803 -1.22527351636287 0.220472183308746 NA 0.238095238095238 0.339285714285714 "Uqcrc2_noRT" "non-targeting_noRT"
"2525" "Mrpl2" 65.8473308169688 0.309003942621889 1.22377131415519 0.221038508564785 0.667495922957989 1 0.982142857142857 "Uqcrc2_noRT" "non-targeting_noRT"
"2526" "Ets1" 16.6196383703422 -0.58287422155965 -1.22333078454362 0.221204784344244 0.667495922957989 0.523809523809524 0.660714285714286 "Uqcrc2_noRT" "non-targeting_noRT"
"2527" "Prr14" 3.38957687532696 -1.46613618455926 -1.2231581461394 0.221269970322936 NA 0.142857142857143 0.321428571428571 "Uqcrc2_noRT" "non-targeting_noRT"
"2528" "Mef2a" 19.0044687496274 0.555288477826329 1.22314784045993 0.221273862046646 0.667495922957989 0.619047619047619 0.839285714285714 "Uqcrc2_noRT" "non-targeting_noRT"
"2529" "5031425E22Rik" 7.60246517803424 0.866027659020503 1.22305251939025 0.221309860374781 NA 0.476190476190476 0.339285714285714 "Uqcrc2_noRT" "non-targeting_noRT"
"2530" "Jpx" 4.74701426593715 0.990053299826557 1.22304612318473 0.221312276073944 NA 0.285714285714286 0.267857142857143 "Uqcrc2_noRT" "non-targeting_noRT"
"2531" "Lsm2" 96.6288716802715 -0.317232807344762 -1.22303703211503 0.221315709593611 0.667495922957989 0.857142857142857 0.982142857142857 "Uqcrc2_noRT" "non-targeting_noRT"
"2532" "Surf2" 20.0681925563218 0.508425756706168 1.22201823306696 0.221700732015499 0.667663280665049 0.761904761904762 0.767857142857143 "Uqcrc2_noRT" "non-targeting_noRT"
"2533" "Ccar1" 50.4028054131474 0.334088788660232 1.22191245648622 0.22174073436286 0.667663280665049 0.904761904761905 0.964285714285714 "Uqcrc2_noRT" "non-targeting_noRT"
"2534" "Wdr46" 13.10101329895 -0.651935179641872 -1.22160973168416 0.221855246716878 0.667663280665049 0.571428571428571 0.785714285714286 "Uqcrc2_noRT" "non-targeting_noRT"
"2535" "Dbndd1" 3.11569831525958 1.24828936536842 1.22130330677134 0.221971201855213 NA 0.285714285714286 0.178571428571429 "Uqcrc2_noRT" "non-targeting_noRT"
"2536" "Ncam1" 10.3790793519616 0.698753847208244 1.22107257874298 0.222058540960427 NA 0.428571428571429 0.446428571428571 "Uqcrc2_noRT" "non-targeting_noRT"
"2537" "Rnaset2a" 6.8216792753241 0.850080455780713 1.22072089506851 0.222191713602651 NA 0.476190476190476 0.303571428571429 "Uqcrc2_noRT" "non-targeting_noRT"
"2538" "Pkia" 1.63082807961877 -1.97808740793036 -1.22004962330395 0.222446063949601 NA 0.0476190476190476 0.160714285714286 "Uqcrc2_noRT" "non-targeting_noRT"
"2539" "Col11a1" 152.367404239397 -0.239144691353916 -1.21993092027312 0.222491063178358 0.668670788662217 0.952380952380952 0.982142857142857 "Uqcrc2_noRT" "non-targeting_noRT"
"2540" "Fam216a" 15.2072421119534 -0.630076681399936 -1.21987249740645 0.222513213143517 0.668670788662217 0.523809523809524 0.75 "Uqcrc2_noRT" "non-targeting_noRT"
"2541" "Mast4" 11.3723756035438 0.714965212940881 1.2196914494949 0.222581864186 NA 0.380952380952381 0.464285714285714 "Uqcrc2_noRT" "non-targeting_noRT"
"2542" "Xlr3a" 11.2204623325282 0.680075739894885 1.21923950344304 0.222753302487827 NA 0.571428571428571 0.607142857142857 "Uqcrc2_noRT" "non-targeting_noRT"
"2543" "Rsf1" 31.6834375258931 0.406865904770689 1.21899444581472 0.222846300577348 0.668830647281137 0.714285714285714 0.875 "Uqcrc2_noRT" "non-targeting_noRT"
"2544" "Lnpep" 13.0242953497738 -0.670812541995276 -1.21888018365591 0.2228896719673 0.668830647281137 0.476190476190476 0.714285714285714 "Uqcrc2_noRT" "non-targeting_noRT"
"2545" "Gm10439" 3.77320782092344 1.13109770524055 1.21878632379269 0.222925303615964 NA 0.285714285714286 0.232142857142857 "Uqcrc2_noRT" "non-targeting_noRT"
"2546" "Gm19705" 4.27978970475148 -1.31005202518836 -1.21853132052441 0.223022130080233 NA 0.142857142857143 0.428571428571429 "Uqcrc2_noRT" "non-targeting_noRT"
"2547" "Hbegf" 54.1577486729521 0.389769874648891 1.2183985623154 0.223072551180186 0.668894359988124 0.80952380952381 0.803571428571429 "Uqcrc2_noRT" "non-targeting_noRT"
"2548" "Efemp2" 24.8696016895998 0.460942605697789 1.21767682472387 0.223346807288753 0.669231780275786 0.761904761904762 0.821428571428571 "Uqcrc2_noRT" "non-targeting_noRT"
"2549" "Trip13" 9.35059086020668 -0.814025102098096 -1.21763100726574 0.223364225796738 NA 0.285714285714286 0.517857142857143 "Uqcrc2_noRT" "non-targeting_noRT"
"2550" "Arhgap23" 4.13008313012625 -1.24848430029814 -1.21716914340579 0.22353986771236 NA 0.142857142857143 0.428571428571429 "Uqcrc2_noRT" "non-targeting_noRT"
"2551" "Ppp2r2a" 36.5529064810019 0.406182433549415 1.21699664104225 0.223605493859614 0.669522093770681 0.857142857142857 0.875 "Uqcrc2_noRT" "non-targeting_noRT"
"2552" "Tigar" 2.68532945556006 -1.65465205771319 -1.21688820091288 0.223646755465879 NA 0.0476190476190476 0.321428571428571 "Uqcrc2_noRT" "non-targeting_noRT"
"2553" "Slf2" 14.6222671770451 -0.626031418009329 -1.21636062202178 0.223847577594571 0.66976231098072 0.571428571428571 0.714285714285714 "Uqcrc2_noRT" "non-targeting_noRT"
"2554" "Cmtr1" 10.0378700264016 -0.740985337177744 -1.21592108824397 0.224014983917833 NA 0.380952380952381 0.589285714285714 "Uqcrc2_noRT" "non-targeting_noRT"
"2555" "Il15ra" 10.8548640517713 -0.738771947700536 -1.21562164479974 0.224129084939057 NA 0.476190476190476 0.785714285714286 "Uqcrc2_noRT" "non-targeting_noRT"
"2556" "Sema6a" 11.136127697373 -0.725107481005214 -1.21490243172142 0.224403306230749 NA 0.476190476190476 0.517857142857143 "Uqcrc2_noRT" "non-targeting_noRT"
"2557" "Zwilch" 5.06205995538418 -1.14687915345392 -1.21471005014791 0.224476698037774 NA 0.19047619047619 0.446428571428571 "Uqcrc2_noRT" "non-targeting_noRT"
"2558" "Zfp982" 0.715107194303708 2.79687861854765 1.21430941883254 0.224629590267799 NA 0.0952380952380952 0.0178571428571429 "Uqcrc2_noRT" "non-targeting_noRT"
"2559" "Gm42670" 0.715107194303708 2.79687861854765 1.21430941883254 0.224629590267799 NA 0.0952380952380952 0.0178571428571429 "Uqcrc2_noRT" "non-targeting_noRT"
"2560" "Slc26a6" 0.715107194303708 2.79687861854765 1.21430941883254 0.224629590267799 NA 0.0952380952380952 0.0178571428571429 "Uqcrc2_noRT" "non-targeting_noRT"
"2561" "Nhp2" 268.4779086162 -0.205747074321037 -1.21385237010613 0.224804103828415 0.672138281533223 0.952380952380952 1 "Uqcrc2_noRT" "non-targeting_noRT"
"2562" "Soga3" 6.2658956094339 0.914654440982652 1.21374209810979 0.224846223158934 NA 0.380952380952381 0.285714285714286 "Uqcrc2_noRT" "non-targeting_noRT"
"2563" "Gm43260" 0.71300083826871 2.7968684684146 1.21346023916691 0.224953907210793 NA 0.0952380952380952 0.0178571428571429 "Uqcrc2_noRT" "non-targeting_noRT"
"2564" "Zscan25" 0.71300083826871 2.7968684684146 1.21346023916691 0.224953907210793 NA 0.0952380952380952 0.0178571428571429 "Uqcrc2_noRT" "non-targeting_noRT"
"2565" "2210011C24Rik" 0.71300083826871 2.7968684684146 1.21346023916691 0.224953907210793 NA 0.0952380952380952 0.0178571428571429 "Uqcrc2_noRT" "non-targeting_noRT"
"2566" "Prdm1" 0.71300083826871 2.7968684684146 1.21346023916691 0.224953907210793 NA 0.0952380952380952 0.0178571428571429 "Uqcrc2_noRT" "non-targeting_noRT"
"2567" "M1ap" 1.07355797026209 2.41233906111805 1.21320883491029 0.225049987148255 NA 0.142857142857143 0.0357142857142857 "Uqcrc2_noRT" "non-targeting_noRT"
"2568" "Insl6" 87.4140761228339 0.287655987571168 1.2130044138763 0.22512813296807 0.672288982203764 1 0.982142857142857 "Uqcrc2_noRT" "non-targeting_noRT"
"2569" "Zfp110" 4.39245647926963 -1.23979003303944 -1.21233552239389 0.225383971438034 NA 0.0952380952380952 0.428571428571429 "Uqcrc2_noRT" "non-targeting_noRT"
"2570" "Terf2ip" 6.57577028254905 0.879645031525066 1.2122955488474 0.225399267142973 NA 0.428571428571429 0.410714285714286 "Uqcrc2_noRT" "non-targeting_noRT"
"2571" "Rhoq" 3.14432226600099 1.23715640044898 1.2120775442868 0.225482698691638 NA 0.285714285714286 0.160714285714286 "Uqcrc2_noRT" "non-targeting_noRT"
"2572" "Chpt1" 42.5646405496591 0.373209625374706 1.21192420774343 0.225541394641178 0.672288982203764 0.80952380952381 0.910714285714286 "Uqcrc2_noRT" "non-targeting_noRT"
"2573" "Dvl2" 2.58727820448914 -1.62897182750497 -1.2118733347531 0.225560870807388 NA 0.0952380952380952 0.357142857142857 "Uqcrc2_noRT" "non-targeting_noRT"
"2574" "2700081O15Rik" 8.76447235753832 0.769324488821329 1.21170747870359 0.22562437531526 NA 0.380952380952381 0.392857142857143 "Uqcrc2_noRT" "non-targeting_noRT"
"2575" "Arhgap5" 29.9192686618657 0.453898654291759 1.21163628405427 0.225651638900531 0.672288982203764 0.761904761904762 0.857142857142857 "Uqcrc2_noRT" "non-targeting_noRT"
"2576" "Ptov1" 58.2380139379613 0.336092989775939 1.21155444015914 0.22568298345973 0.672288982203764 0.904761904761905 0.964285714285714 "Uqcrc2_noRT" "non-targeting_noRT"
"2577" "D930019O06Rik" 0.706100030197078 2.79683506016802 1.21065860142483 0.226026274833702 NA 0.0952380952380952 0.0178571428571429 "Uqcrc2_noRT" "non-targeting_noRT"
"2578" "Iapp" 0.706100030197078 2.79683506016802 1.21065860142483 0.226026274833702 NA 0.0952380952380952 0.0178571428571429 "Uqcrc2_noRT" "non-targeting_noRT"
"2579" "Gdpd5" 0.706100030197078 2.79683506016802 1.21065860142483 0.226026274833702 NA 0.0952380952380952 0.0178571428571429 "Uqcrc2_noRT" "non-targeting_noRT"
"2580" "Map3k14" 0.706100030197078 2.79683506016802 1.21065860142483 0.226026274833702 NA 0.0952380952380952 0.0178571428571429 "Uqcrc2_noRT" "non-targeting_noRT"
"2581" "Egr3" 0.706100030197078 2.79683506016802 1.21065860142483 0.226026274833702 NA 0.0952380952380952 0.0178571428571429 "Uqcrc2_noRT" "non-targeting_noRT"
"2582" "Bscl2" 5.46219573961268 0.937169081332617 1.21026436504841 0.226177466873988 NA 0.333333333333333 0.303571428571429 "Uqcrc2_noRT" "non-targeting_noRT"
"2583" "Praf2" 22.879954571515 0.465179633574952 1.21021144229595 0.226197768563408 0.672288982203764 0.666666666666667 0.803571428571429 "Uqcrc2_noRT" "non-targeting_noRT"
"2584" "Xpa" 20.4016359319522 0.497896698382977 1.21006981808998 0.226252103400486 0.672288982203764 0.761904761904762 0.785714285714286 "Uqcrc2_noRT" "non-targeting_noRT"
"2585" "Lars2" 26.8793011787553 0.487465294669709 1.20971958135641 0.226386513472386 0.672288982203764 0.80952380952381 0.767857142857143 "Uqcrc2_noRT" "non-targeting_noRT"
"2586" "Nol4l" 7.2231537366435 -0.884835027603428 -1.20915096090845 0.226604853798961 NA 0.285714285714286 0.517857142857143 "Uqcrc2_noRT" "non-targeting_noRT"
"2587" "Sec11a" 113.189251965401 -0.253903631338467 -1.20913136180841 0.226612382188316 0.672288982203764 1 1 "Uqcrc2_noRT" "non-targeting_noRT"
"2588" "0610010K14Rik" 53.6496358131198 0.323925199736816 1.20907004078583 0.226635937918823 0.672288982203764 1 0.928571428571429 "Uqcrc2_noRT" "non-targeting_noRT"
"2589" "Bpnt1" 17.2544709227381 -0.556257334320169 -1.20870545244018 0.226776026193167 0.672288982203764 0.619047619047619 0.785714285714286 "Uqcrc2_noRT" "non-targeting_noRT"
"2590" "Fam126a" 3.41558858368841 -1.41922696519813 -1.20850787312331 0.226851969243644 NA 0.0952380952380952 0.321428571428571 "Uqcrc2_noRT" "non-targeting_noRT"
"2591" "Zcrb1" 144.438266323281 -0.226000558415034 -1.20830809537588 0.226928775738556 0.672288982203764 0.952380952380952 1 "Uqcrc2_noRT" "non-targeting_noRT"
"2592" "Morf4l1" 175.220399602635 0.202868035114741 1.20817006270678 0.226981854570381 0.672288982203764 1 1 "Uqcrc2_noRT" "non-targeting_noRT"
"2593" "Tmem160" 61.0158789560735 -0.327373217131031 -1.20769524274619 0.227164508580232 0.672288982203764 0.952380952380952 0.982142857142857 "Uqcrc2_noRT" "non-targeting_noRT"
"2594" "Nsmce2" 53.2667399670892 -0.354395017800094 -1.20736370995692 0.227292104915229 0.672288982203764 0.904761904761905 1 "Uqcrc2_noRT" "non-targeting_noRT"
"2595" "Hspa4l" 27.5777685525552 -0.460091702213605 -1.20727209898113 0.227327372048934 0.672288982203764 0.523809523809524 0.785714285714286 "Uqcrc2_noRT" "non-targeting_noRT"
"2596" "Ireb2" 4.21209942895262 -1.19958276874519 -1.20702901957264 0.227420968323961 NA 0.19047619047619 0.410714285714286 "Uqcrc2_noRT" "non-targeting_noRT"
"2597" "Litaf" 36.7913765121489 0.388629937140252 1.20677037803852 0.227520586861988 0.672288982203764 0.904761904761905 0.928571428571429 "Uqcrc2_noRT" "non-targeting_noRT"
"2598" "Chd4" 74.4504155246749 -0.27962900802455 -1.20652156670221 0.227616448542164 0.672288982203764 0.952380952380952 0.946428571428571 "Uqcrc2_noRT" "non-targeting_noRT"
"2599" "5730409E04Rik" 2.68157566476627 1.55695230540554 1.20551381195469 0.228005009260247 NA 0.285714285714286 0.107142857142857 "Uqcrc2_noRT" "non-targeting_noRT"
"2600" "S100a4" 30.9873205087327 0.485477011122621 1.20538278053774 0.228055565833351 0.673021462094637 0.714285714285714 0.571428571428571 "Uqcrc2_noRT" "non-targeting_noRT"
"2601" "Epb41" 10.4328135789335 -0.758342501934629 -1.20524395665071 0.228109137730274 NA 0.285714285714286 0.607142857142857 "Uqcrc2_noRT" "non-targeting_noRT"
"2602" "Vps33a" 1.63445905172213 -1.98111815591912 -1.20516975959889 0.228137773919587 NA 0.0476190476190476 0.232142857142857 "Uqcrc2_noRT" "non-targeting_noRT"
"2603" "Ttc14" 24.6822107635641 0.480816391868579 1.20493703412682 0.228227610417761 0.673021462094637 0.952380952380952 0.767857142857143 "Uqcrc2_noRT" "non-targeting_noRT"
"2604" "Slc22a17" 3.29891070979032 1.31123803820235 1.20449497777368 0.228398322036589 NA 0.285714285714286 0.178571428571429 "Uqcrc2_noRT" "non-targeting_noRT"
"2605" "Fos" 191.484562842046 0.943102260550834 1.20387200936446 0.228639051927788 0.673021462094637 0.952380952380952 0.982142857142857 "Uqcrc2_noRT" "non-targeting_noRT"
"2606" "Zswim6" 7.3753824316351 0.833998032466531 1.20373409071029 0.228692371411096 NA 0.523809523809524 0.357142857142857 "Uqcrc2_noRT" "non-targeting_noRT"
"2607" "Zfp472" 1.67732160836356 -1.96529399407475 -1.20368050495894 0.228713090101641 NA 0.0476190476190476 0.214285714285714 "Uqcrc2_noRT" "non-targeting_noRT"
"2608" "Lancl2" 3.38740361143525 -1.40563849303731 -1.20360239473434 0.228743293463641 NA 0.142857142857143 0.392857142857143 "Uqcrc2_noRT" "non-targeting_noRT"
"2609" "Frmd8" 9.43355003513477 -0.791322081307606 -1.20338710395383 0.228826555976668 NA 0.238095238095238 0.607142857142857 "Uqcrc2_noRT" "non-targeting_noRT"
"2610" "Elk1" 2.53061403170444 -1.66997010171402 -1.20319679885139 0.228900173381352 NA 0.0952380952380952 0.339285714285714 "Uqcrc2_noRT" "non-targeting_noRT"
"2611" "Tmem126b" 9.92398938262433 0.80156308965476 1.20294346488062 0.228998198958727 NA 0.523809523809524 0.392857142857143 "Uqcrc2_noRT" "non-targeting_noRT"
"2612" "Mphosph9" 3.53253497813327 -1.39391306441074 -1.2029096451907 0.229011287480872 NA 0.142857142857143 0.375 "Uqcrc2_noRT" "non-targeting_noRT"
"2613" "Slc38a7" 2.54856145206099 -1.60608163980447 -1.20290866059613 0.229011668535742 NA 0.0952380952380952 0.321428571428571 "Uqcrc2_noRT" "non-targeting_noRT"
"2614" "Cebpd" 13.9709981047651 0.72430517054584 1.20284056645845 0.229038023221978 0.673021462094637 0.333333333333333 0.428571428571429 "Uqcrc2_noRT" "non-targeting_noRT"
"2615" "Oxct1" 25.9448363972453 0.449382507891475 1.20282606149045 0.229043637403822 0.673021462094637 0.714285714285714 0.821428571428571 "Uqcrc2_noRT" "non-targeting_noRT"
"2616" "Zfp36" 9.10176929783503 0.715042371886351 1.20258985419242 0.229135075777479 NA 0.380952380952381 0.357142857142857 "Uqcrc2_noRT" "non-targeting_noRT"
"2617" "Gdf15" 43.3695203256827 -1.2642454689997 -1.20244488968372 0.229191205954217 0.673021462094637 0.333333333333333 0.625 "Uqcrc2_noRT" "non-targeting_noRT"
"2618" "Dym" 4.25400817499589 -1.2241790857677 -1.2024103628306 0.229204576175235 NA 0.142857142857143 0.392857142857143 "Uqcrc2_noRT" "non-targeting_noRT"
"2619" "Vcan" 0.702391215740568 2.78081573165317 1.20230508920228 0.229245345890848 NA 0.0952380952380952 0.0178571428571429 "Uqcrc2_noRT" "non-targeting_noRT"
"2620" "Brip1" 4.97555921421167 -1.10226154558149 -1.20188573925564 0.229407800352147 NA 0.142857142857143 0.428571428571429 "Uqcrc2_noRT" "non-targeting_noRT"
"2621" "Mcm2" 14.6941012683258 -0.637722782635435 -1.20186908232232 0.229414254871351 0.673021462094637 0.380952380952381 0.642857142857143 "Uqcrc2_noRT" "non-targeting_noRT"
"2622" "Dnmt3b" 0.70028485970557 2.78078634296926 1.20143677552349 0.229581817852708 NA 0.0952380952380952 0.0178571428571429 "Uqcrc2_noRT" "non-targeting_noRT"
"2623" "Gstm7" 0.70028485970557 2.78078634296926 1.20143677552349 0.229581817852708 NA 0.0952380952380952 0.0178571428571429 "Uqcrc2_noRT" "non-targeting_noRT"
"2624" "Rarres2" 0.70028485970557 2.78078634296926 1.20143677552349 0.229581817852708 NA 0.0952380952380952 0.0178571428571429 "Uqcrc2_noRT" "non-targeting_noRT"
"2625" "Fxyd7" 0.70028485970557 2.78078634296926 1.20143677552349 0.229581817852708 NA 0.0952380952380952 0.0178571428571429 "Uqcrc2_noRT" "non-targeting_noRT"
"2626" "Gm3435" 0.70028485970557 2.78078634296926 1.20143677552349 0.229581817852708 NA 0.0952380952380952 0.0178571428571429 "Uqcrc2_noRT" "non-targeting_noRT"
"2627" "Tcte3" 0.70028485970557 2.78078634296926 1.20143677552349 0.229581817852708 NA 0.0952380952380952 0.0178571428571429 "Uqcrc2_noRT" "non-targeting_noRT"
"2628" "Gm15080" 0.70028485970557 2.78078634296926 1.20143677552349 0.229581817852708 NA 0.0952380952380952 0.0178571428571429 "Uqcrc2_noRT" "non-targeting_noRT"
"2629" "Prdm2" 10.2208763464903 0.732290623187777 1.20086624962587 0.22980308808789 NA 0.523809523809524 0.410714285714286 "Uqcrc2_noRT" "non-targeting_noRT"
"2630" "Aamp" 38.1166060049158 -0.395948095532522 -1.20079356521164 0.229831288578943 0.673021462094637 0.80952380952381 0.964285714285714 "Uqcrc2_noRT" "non-targeting_noRT"
"2631" "Sdhaf1" 27.1671516448653 0.445377305362113 1.20068693360317 0.229872664539809 0.673021462094637 0.761904761904762 0.803571428571429 "Uqcrc2_noRT" "non-targeting_noRT"
"2632" "Hypk" 93.5919714852668 0.28243154721025 1.2006542025079 0.229885366156609 0.673021462094637 1 1 "Uqcrc2_noRT" "non-targeting_noRT"
"2633" "Chst11" 13.3665195965233 0.620228203336113 1.20052020799898 0.229937369221129 0.673021462094637 0.571428571428571 0.517857142857143 "Uqcrc2_noRT" "non-targeting_noRT"
"2634" "Prcp" 4.86114523106214 -1.13472607697485 -1.20048916535895 0.229949418015952 NA 0.19047619047619 0.5 "Uqcrc2_noRT" "non-targeting_noRT"
"2635" "Rpl19" 3286.81582619089 0.125044041123845 1.19983110253503 0.230204942155695 0.673021462094637 1 1 "Uqcrc2_noRT" "non-targeting_noRT"
"2636" "Cbx3" 234.980628953253 0.230153789033452 1.19914988637203 0.230469669288631 0.673021462094637 1 1 "Uqcrc2_noRT" "non-targeting_noRT"
"2637" "Comtd1" 23.9448445516713 0.468420191045785 1.19913044188023 0.230477228780028 0.673021462094637 0.857142857142857 0.767857142857143 "Uqcrc2_noRT" "non-targeting_noRT"
"2638" "Znrf2" 9.08840467144854 0.7379952666048 1.19859562928394 0.230685218522147 NA 0.619047619047619 0.464285714285714 "Uqcrc2_noRT" "non-targeting_noRT"
"2639" "4930455G09Rik" 0.693384051633938 2.78068954594113 1.19857182796806 0.230694478003508 NA 0.0952380952380952 0.0178571428571429 "Uqcrc2_noRT" "non-targeting_noRT"
"2640" "D830025C05Rik" 0.693384051633938 2.78068954594113 1.19857182796806 0.230694478003508 NA 0.0952380952380952 0.0178571428571429 "Uqcrc2_noRT" "non-targeting_noRT"
"2641" "Man2c1" 0.693384051633938 2.78068954594113 1.19857182796806 0.230694478003508 NA 0.0952380952380952 0.0178571428571429 "Uqcrc2_noRT" "non-targeting_noRT"
"2642" "Ankrd13d" 0.693384051633938 2.78068954594113 1.19857182796806 0.230694478003508 NA 0.0952380952380952 0.0178571428571429 "Uqcrc2_noRT" "non-targeting_noRT"
"2643" "Srsf5" 40.5619003455708 -0.376984463096529 -1.1985342568079 0.230709094937057 0.673021462094637 0.857142857142857 0.875 "Uqcrc2_noRT" "non-targeting_noRT"
"2644" "Dcun1d4" 2.62577788545226 1.31549110802371 1.19852670017692 0.230712034898438 NA 0.285714285714286 0.107142857142857 "Uqcrc2_noRT" "non-targeting_noRT"
"2645" "Oat" 51.9329265520549 0.316356278111547 1.1983293282341 0.230788833296297 0.673021462094637 0.952380952380952 0.892857142857143 "Uqcrc2_noRT" "non-targeting_noRT"
"2646" "Srpk2" 82.6480332288161 -0.287484404776408 -1.1983235523183 0.230791081007248 0.673021462094637 1 0.982142857142857 "Uqcrc2_noRT" "non-targeting_noRT"
"2647" "Sptan1" 15.0298851560599 -0.594147504086166 -1.19832109224586 0.230792038354831 0.673021462094637 0.428571428571429 0.714285714285714 "Uqcrc2_noRT" "non-targeting_noRT"
"2648" "Lrpprc" 7.42565168269312 0.822138748014927 1.19828979368004 0.230804218570344 NA 0.428571428571429 0.446428571428571 "Uqcrc2_noRT" "non-targeting_noRT"
"2649" "Tmem184c" 6.373908765892 -0.941317522581847 -1.1980498652947 0.23089760477781 NA 0.285714285714286 0.535714285714286 "Uqcrc2_noRT" "non-targeting_noRT"
"2650" "Fzr1" 9.28093897858269 -0.778093437016239 -1.19584981579582 0.231755171865894 NA 0.333333333333333 0.607142857142857 "Uqcrc2_noRT" "non-targeting_noRT"
"2651" "Pim1" 7.31572371613961 0.912366674331575 1.19564187505346 0.231836342840796 NA 0.428571428571429 0.321428571428571 "Uqcrc2_noRT" "non-targeting_noRT"
"2652" "Rnf168" 10.7760147130108 0.676179956420775 1.19515751178875 0.232025495348764 NA 0.523809523809524 0.464285714285714 "Uqcrc2_noRT" "non-targeting_noRT"
"2653" "Rpn2" 66.7610576997482 -0.312960039377245 -1.19515154021005 0.232027828040399 0.676148698895191 1 1 "Uqcrc2_noRT" "non-targeting_noRT"
"2654" "Tceal8" 23.3447257089686 0.461557279343538 1.19468195519595 0.232211315255072 0.676207193895488 0.666666666666667 0.839285714285714 "Uqcrc2_noRT" "non-targeting_noRT"
"2655" "Gm3448" 2.72841876614037 1.34561898616315 1.19423641948916 0.232385500554081 NA 0.238095238095238 0.142857142857143 "Uqcrc2_noRT" "non-targeting_noRT"
"2656" "Cenpu" 5.06039058910596 -1.11482864090136 -1.19354773245845 0.232654929968257 NA 0.142857142857143 0.357142857142857 "Uqcrc2_noRT" "non-targeting_noRT"
"2657" "Trim33" 9.29639229896998 0.781609553086125 1.19260860001139 0.233022696174809 NA 0.476190476190476 0.446428571428571 "Uqcrc2_noRT" "non-targeting_noRT"
"2658" "Mettl21a" 4.71839031519575 0.996754964935589 1.19246725917292 0.233078081216872 NA 0.428571428571429 0.25 "Uqcrc2_noRT" "non-targeting_noRT"
"2659" "Irf2" 20.8966360451405 -0.531464734216571 -1.19221980997234 0.233175067776367 0.678190830562334 0.666666666666667 0.839285714285714 "Uqcrc2_noRT" "non-targeting_noRT"
"2660" "Vkorc1" 66.2574090812943 0.31091613674083 1.19210446102893 0.233220288035331 0.678190830562334 1 0.982142857142857 "Uqcrc2_noRT" "non-targeting_noRT"
"2661" "Psmb6" 178.423416422877 -0.213316815204581 -1.19145923692259 0.233473349999147 0.67825644482532 1 1 "Uqcrc2_noRT" "non-targeting_noRT"
"2662" "Rabl6" 14.5706132132129 -0.632958270236758 -1.19121123432595 0.233570670342214 0.67825644482532 0.523809523809524 0.714285714285714 "Uqcrc2_noRT" "non-targeting_noRT"
"2663" "Gnptab" 10.8116499337691 -0.702567949596591 -1.19102768771874 0.233642715599016 NA 0.428571428571429 0.714285714285714 "Uqcrc2_noRT" "non-targeting_noRT"
"2664" "Bhlhe40" 2.09060388946444 1.62041709038509 1.19086569347905 0.23370631425991 NA 0.19047619047619 0.0892857142857143 "Uqcrc2_noRT" "non-targeting_noRT"
"2665" "Mex3a" 4.19165466657583 1.12303036320269 1.19072598961785 0.233761171610189 NA 0.285714285714286 0.214285714285714 "Uqcrc2_noRT" "non-targeting_noRT"
"2666" "Relb" 12.0949736786981 -0.763770373746478 -1.19034594836146 0.233910448144293 NA 0.333333333333333 0.660714285714286 "Uqcrc2_noRT" "non-targeting_noRT"
"2667" "Cbll1" 11.7217786250224 -0.686383499476152 -1.19020084308932 0.233967461911193 NA 0.428571428571429 0.785714285714286 "Uqcrc2_noRT" "non-targeting_noRT"
"2668" "Stx8" 27.3548812094438 0.431372728453899 1.19019939856965 0.23396802953144 0.678625490633534 0.80952380952381 0.857142857142857 "Uqcrc2_noRT" "non-targeting_noRT"
"2669" "Rpl36al" 592.776176564901 0.138867354910316 1.18991444931526 0.234080018684319 0.678625490633534 1 1 "Uqcrc2_noRT" "non-targeting_noRT"
"2670" "Hnrnpd" 86.6976337559901 -0.271223269746154 -1.18963532937111 0.234189753655072 0.678625490633534 0.904761904761905 0.946428571428571 "Uqcrc2_noRT" "non-targeting_noRT"
"2671" "Tanc1" 7.94224738064462 0.818200963711732 1.18931826322411 0.234314451247097 NA 0.476190476190476 0.428571428571429 "Uqcrc2_noRT" "non-targeting_noRT"
"2672" "Twistnb" 35.3957291236113 -0.391617719496923 -1.18917436553714 0.234371059670044 0.678675608757622 0.952380952380952 0.928571428571429 "Uqcrc2_noRT" "non-targeting_noRT"
"2673" "Scaf1" 7.13082689048304 -0.888203136000469 -1.18833163600712 0.234702778554103 NA 0.238095238095238 0.607142857142857 "Uqcrc2_noRT" "non-targeting_noRT"
"2674" "Nfkb2" 10.5053728006685 -0.762589797508633 -1.18811271382497 0.234789006042152 NA 0.380952380952381 0.464285714285714 "Uqcrc2_noRT" "non-targeting_noRT"
"2675" "Unc50" 24.8172331619995 -0.472827740663368 -1.18771871066607 0.234944249674904 0.679859653954372 0.523809523809524 0.875 "Uqcrc2_noRT" "non-targeting_noRT"
"2676" "Tap1" 80.539481913886 -0.290614962270553 -1.18714123684944 0.235171915024082 0.680042896135325 1 0.946428571428571 "Uqcrc2_noRT" "non-targeting_noRT"
"2677" "Hyls1" 3.49273258812499 -1.36485148807436 -1.18700617100386 0.235225186395375 NA 0.0952380952380952 0.303571428571429 "Uqcrc2_noRT" "non-targeting_noRT"
"2678" "Hipk3" 4.07296789914673 1.14330546627777 1.18694694320111 0.235248549149415 NA 0.19047619047619 0.25 "Uqcrc2_noRT" "non-targeting_noRT"
"2679" "Ubfd1" 26.5349024101112 -0.455885110065027 -1.18639891103408 0.235464801565559 0.680211642628794 0.666666666666667 0.910714285714286 "Uqcrc2_noRT" "non-targeting_noRT"
"2680" "Fam107b" 1.7204578533978 1.61408368907797 1.18621532351895 0.235537276287285 NA 0.142857142857143 0.0892857142857143 "Uqcrc2_noRT" "non-targeting_noRT"
"2681" "Srsf3" 157.727683509815 -0.232989198964535 -1.18616021558814 0.235559034288802 0.680211642628794 1 1 "Uqcrc2_noRT" "non-targeting_noRT"
"2682" "Ccdc61" 4.33181375048373 -1.20015357429844 -1.18611232018107 0.235577945759218 NA 0.19047619047619 0.392857142857143 "Uqcrc2_noRT" "non-targeting_noRT"
"2683" "Stk38" 10.5100321849691 0.664711857881276 1.18575687830366 0.235718325327116 NA 0.666666666666667 0.535714285714286 "Uqcrc2_noRT" "non-targeting_noRT"
"2684" "Wdr31" 4.74970236193879 0.988487289430905 1.18486713643936 0.236069982852889 NA 0.380952380952381 0.267857142857143 "Uqcrc2_noRT" "non-targeting_noRT"
"2685" "Tars2" 4.22066761457101 -1.21120455488162 -1.18458876681743 0.236180080568461 NA 0.142857142857143 0.410714285714286 "Uqcrc2_noRT" "non-targeting_noRT"
"2686" "Gm44867" 0.775984079158407 2.88378853651033 1.18435232191295 0.236273625196891 NA 0.0476190476190476 0.0178571428571429 "Uqcrc2_noRT" "non-targeting_noRT"
"2687" "1810041H14Rik" 0.775984079158407 2.88378853651033 1.18435232191295 0.236273625196891 NA 0.0476190476190476 0.0178571428571429 "Uqcrc2_noRT" "non-targeting_noRT"
"2688" "Ostn" 0.775984079158407 2.88378853651033 1.18435232191295 0.236273625196891 NA 0.0476190476190476 0.0178571428571429 "Uqcrc2_noRT" "non-targeting_noRT"
"2689" "Eva1c" 0.775984079158407 2.88378853651033 1.18435232191295 0.236273625196891 NA 0.0952380952380952 0.0178571428571429 "Uqcrc2_noRT" "non-targeting_noRT"
"2690" "Tmeff1" 0.899765978682878 -2.36273733772909 -1.18428431157336 0.236300536959322 NA 0 0.142857142857143 "Uqcrc2_noRT" "non-targeting_noRT"
"2691" "2610002M06Rik" 19.5360819983361 -0.522110862425761 -1.18397407489562 0.236423325434208 0.68128168672001 0.666666666666667 0.839285714285714 "Uqcrc2_noRT" "non-targeting_noRT"
"2692" "D630036H23Rik" 0.773877723123409 2.88385605678855 1.18349507742502 0.236612996282911 NA 0.0952380952380952 0.0178571428571429 "Uqcrc2_noRT" "non-targeting_noRT"
"2693" "Rps10" 2517.40666754097 0.124857899686031 1.18342852209164 0.236639359016708 0.68128168672001 1 1 "Uqcrc2_noRT" "non-targeting_noRT"
"2694" "Ptpn21" 6.61289358355031 -0.952214163325198 -1.18332419809036 0.236680686192621 NA 0.238095238095238 0.517857142857143 "Uqcrc2_noRT" "non-targeting_noRT"
"2695" "Slc1a1" 4.1921835671238 -1.24525956330793 -1.18325628293149 0.236707593018735 NA 0.19047619047619 0.321428571428571 "Uqcrc2_noRT" "non-targeting_noRT"
"2696" "Txn1" 656.72396386411 -0.152463498369934 -1.18277663024207 0.236897684789807 0.68128168672001 1 1 "Uqcrc2_noRT" "non-targeting_noRT"
"2697" "Vps4b" 15.2327014139975 -0.586050730734952 -1.18254712910695 0.236988676832793 0.68128168672001 0.571428571428571 0.767857142857143 "Uqcrc2_noRT" "non-targeting_noRT"
"2698" "Rpl30" 4368.22258162524 0.127118014910507 1.18247531632683 0.237017154059582 0.68128168672001 1 1 "Uqcrc2_noRT" "non-targeting_noRT"
"2699" "Mrpl45" 31.0590917873955 -0.412500929509232 -1.18221281604399 0.237121268643658 0.68128168672001 0.761904761904762 0.928571428571429 "Uqcrc2_noRT" "non-targeting_noRT"
"2700" "Rps27rt" 21.8657817666699 0.477640611540008 1.1819003240154 0.237245253414457 0.68128168672001 0.80952380952381 0.946428571428571 "Uqcrc2_noRT" "non-targeting_noRT"
"2701" "Ccnt1" 14.0178980480651 -0.630400111945055 -1.1818637176 0.237259780423379 0.68128168672001 0.523809523809524 0.821428571428571 "Uqcrc2_noRT" "non-targeting_noRT"
"2702" "Cep162" 4.8240309370555 -1.1138919454283 -1.18152079064401 0.237395899195056 NA 0.19047619047619 0.446428571428571 "Uqcrc2_noRT" "non-targeting_noRT"
"2703" "Trappc10" 13.2180583216475 0.634154869003931 1.18138755922427 0.237448797922257 0.68128168672001 0.666666666666667 0.607142857142857 "Uqcrc2_noRT" "non-targeting_noRT"
"2704" "Psmc4" 60.4948296022887 -0.305378926135794 -1.18106728078912 0.237575996601492 0.68128168672001 0.952380952380952 0.982142857142857 "Uqcrc2_noRT" "non-targeting_noRT"
"2705" "4732440D04Rik" 0.766976915051777 2.88407806012791 1.18066943949752 0.237734066411174 NA 0.0952380952380952 0.0178571428571429 "Uqcrc2_noRT" "non-targeting_noRT"
"2706" "Srcin1" 0.766976915051777 2.88407806012791 1.18066943949752 0.237734066411174 NA 0.0952380952380952 0.0178571428571429 "Uqcrc2_noRT" "non-targeting_noRT"
"2707" "Stx12" 11.6142657721718 0.651517595609191 1.1805318483734 0.237788751229465 NA 0.714285714285714 0.589285714285714 "Uqcrc2_noRT" "non-targeting_noRT"
"2708" "Prss56" 1.04205007747941 -2.57544291356918 -1.17975287801322 0.238098516139537 NA 0 0.0714285714285714 "Uqcrc2_noRT" "non-targeting_noRT"
"2709" "Rab27b" 1.04205007747941 -2.57544291356918 -1.17975287801322 0.238098516139537 NA 0 0.0892857142857143 "Uqcrc2_noRT" "non-targeting_noRT"
"2710" "Gpatch1" 2.61792868018093 -1.60346818576372 -1.17965896491697 0.238135880804232 NA 0.0952380952380952 0.375 "Uqcrc2_noRT" "non-targeting_noRT"
"2711" "P2ry10b" 1.0142835438289 2.4124526439305 1.17918548072512 0.23832432629426 NA 0.0952380952380952 0.0357142857142857 "Uqcrc2_noRT" "non-targeting_noRT"
"2712" "Twf1" 26.3222497603023 0.43217222800685 1.17898933924209 0.238402420927566 0.681926277997688 0.80952380952381 0.892857142857143 "Uqcrc2_noRT" "non-targeting_noRT"
"2713" "Cavin1" 7.07716672835521 0.821284738539819 1.17895586988723 0.238415748708995 NA 0.333333333333333 0.339285714285714 "Uqcrc2_noRT" "non-targeting_noRT"
"2714" "Yipf5" 21.9123448908197 -0.506213207048596 -1.17855573076707 0.23857512823574 0.681926277997688 0.761904761904762 0.910714285714286 "Uqcrc2_noRT" "non-targeting_noRT"
"2715" "Eif4e3" 2.73961012863515 1.35233187355093 1.17846821136672 0.238609998132556 NA 0.238095238095238 0.0892857142857143 "Uqcrc2_noRT" "non-targeting_noRT"
"2716" "Mmp15" 7.91427354427692 -0.817751644468784 -1.17846575514388 0.238610976804458 NA 0.380952380952381 0.517857142857143 "Uqcrc2_noRT" "non-targeting_noRT"
"2717" "Tcf4" 46.8675169707031 -0.353172407217169 -1.1784475313271 0.238618238097877 0.681926277997688 0.857142857142857 0.892857142857143 "Uqcrc2_noRT" "non-targeting_noRT"
"2718" "Mcat" 11.7181068379577 0.632944957234925 1.17841889065789 0.238629650309069 NA 0.666666666666667 0.482142857142857 "Uqcrc2_noRT" "non-targeting_noRT"
"2719" "Ptpn1" 9.47584663322169 -0.753931602174766 -1.17840246495073 0.23863619549889 NA 0.380952380952381 0.678571428571429 "Uqcrc2_noRT" "non-targeting_noRT"
"2720" "Hnrnpa0" 56.9435487396389 -0.334278044214379 -1.17757933365994 0.238964352807855 0.681926277997688 0.952380952380952 0.910714285714286 "Uqcrc2_noRT" "non-targeting_noRT"
"2721" "Ankmy2" 6.00956889332225 0.864920977827818 1.17753383161102 0.238982502366639 NA 0.380952380952381 0.303571428571429 "Uqcrc2_noRT" "non-targeting_noRT"
"2722" "Tns2" 2.59715393471085 1.32867688212158 1.1775294759788 0.238984239763645 NA 0.285714285714286 0.142857142857143 "Uqcrc2_noRT" "non-targeting_noRT"
"2723" "Picalm" 20.7249611501192 0.487484492813507 1.17743924590965 0.239020233202569 0.681926277997688 0.714285714285714 0.75 "Uqcrc2_noRT" "non-targeting_noRT"
"2724" "Scfd1" 30.5097666026351 -0.412232223324756 -1.17720605137045 0.239113273934604 0.681926277997688 0.761904761904762 0.910714285714286 "Uqcrc2_noRT" "non-targeting_noRT"
"2725" "Cntrl" 12.831175171912 -0.639255630450624 -1.17714952832657 0.239135829532619 0.681926277997688 0.476190476190476 0.678571428571429 "Uqcrc2_noRT" "non-targeting_noRT"
"2726" "Dusp4" 2.14899750073694 1.44004916925152 1.17702649824962 0.239184930041828 NA 0.19047619047619 0.125 "Uqcrc2_noRT" "non-targeting_noRT"
"2727" "Snu13" 258.614168942046 -0.206996256336725 -1.17696118111167 0.239211000579439 0.681926277997688 1 1 "Uqcrc2_noRT" "non-targeting_noRT"
"2728" "Cnbp" 172.106373731888 -0.223758664160709 -1.17660927770913 0.239351493011725 0.681926277997688 1 1 "Uqcrc2_noRT" "non-targeting_noRT"
"2729" "Exosc2" 14.4789752830216 -0.596470322850998 -1.17602066267361 0.239586619255712 0.681926277997688 0.619047619047619 0.714285714285714 "Uqcrc2_noRT" "non-targeting_noRT"
"2730" "Hif1a" 25.5027008553629 -0.50416506549882 -1.17595330755827 0.239613535091503 0.681926277997688 0.666666666666667 0.785714285714286 "Uqcrc2_noRT" "non-targeting_noRT"
"2731" "Magi3" 1.59720485442129 -1.88711792636345 -1.1759051457541 0.239632782378906 NA 0.0476190476190476 0.232142857142857 "Uqcrc2_noRT" "non-targeting_noRT"
"2732" "Lrrc28" 1.25958544086074 1.95453556910115 1.17534118802531 0.239858242441417 NA 0.142857142857143 0.0535714285714286 "Uqcrc2_noRT" "non-targeting_noRT"
"2733" "Aifm2" 6.93151854081579 0.817973775710649 1.17500120190881 0.239994234944986 NA 0.428571428571429 0.392857142857143 "Uqcrc2_noRT" "non-targeting_noRT"
"2734" "Tax1bp3" 13.3172968345882 0.585889012251038 1.17478779375361 0.240079624745458 0.682464050311292 0.619047619047619 0.642857142857143 "Uqcrc2_noRT" "non-targeting_noRT"
"2735" "Abca7" 8.62964615539075 0.840753786998346 1.17470226727384 0.240113851982677 NA 0.476190476190476 0.321428571428571 "Uqcrc2_noRT" "non-targeting_noRT"
"2736" "Akt1" 25.2874414390991 0.435036056005983 1.17458806885257 0.240159558938158 0.682464050311292 0.761904761904762 0.785714285714286 "Uqcrc2_noRT" "non-targeting_noRT"
"2737" "Ttc28" 3.10087598066145 1.24543350112112 1.1743334944617 0.240261472261402 NA 0.285714285714286 0.178571428571429 "Uqcrc2_noRT" "non-targeting_noRT"
"2738" "Stn1" 8.26827511650326 0.880788483376372 1.17366830450792 0.240527910440406 NA 0.476190476190476 0.392857142857143 "Uqcrc2_noRT" "non-targeting_noRT"
"2739" "Tfdp2" 18.0641625728064 0.53262704264015 1.1730949790248 0.240757719779046 0.682464050311292 0.666666666666667 0.678571428571429 "Uqcrc2_noRT" "non-targeting_noRT"
"2740" "Atic" 57.468374022968 0.300328667045965 1.17278684466754 0.240881294916342 0.682464050311292 0.857142857142857 0.964285714285714 "Uqcrc2_noRT" "non-targeting_noRT"
"2741" "Snrnp25" 20.2782427074542 -0.523363520375301 -1.17264822525555 0.240936901831889 0.682464050311292 0.761904761904762 0.803571428571429 "Uqcrc2_noRT" "non-targeting_noRT"
"2742" "Ppard" 1.60831837456292 -1.8972309369097 -1.17254206554322 0.240979493712547 NA 0.0476190476190476 0.25 "Uqcrc2_noRT" "non-targeting_noRT"
"2743" "Psat1" 107.182764799019 -0.242877504839338 -1.17249554605303 0.240998159267443 0.682464050311292 1 1 "Uqcrc2_noRT" "non-targeting_noRT"
"2744" "Mrpl51" 168.925453274663 -0.219437713399177 -1.17240177465146 0.24103578734966 0.682464050311292 1 0.982142857142857 "Uqcrc2_noRT" "non-targeting_noRT"
"2745" "Gramd1a" 5.16124839951954 0.996430874300147 1.17236759224888 0.241049504908669 NA 0.380952380952381 0.303571428571429 "Uqcrc2_noRT" "non-targeting_noRT"
"2746" "Pgam5" 10.7835476507848 -0.693658112090168 -1.17189983424706 0.241237273630401 NA 0.380952380952381 0.732142857142857 "Uqcrc2_noRT" "non-targeting_noRT"
"2747" "Snhg4" 20.3796390702748 0.531615508363469 1.17150069064528 0.241397580378217 0.682464050311292 0.714285714285714 0.678571428571429 "Uqcrc2_noRT" "non-targeting_noRT"
"2748" "Mafg" 30.8866120179962 -0.421755675121403 -1.17142614030024 0.241427530100447 0.682464050311292 0.80952380952381 0.910714285714286 "Uqcrc2_noRT" "non-targeting_noRT"
"2749" "Mob1b" 22.6249045989199 0.488790409177575 1.17136584035951 0.241451756804188 0.682464050311292 0.619047619047619 0.839285714285714 "Uqcrc2_noRT" "non-targeting_noRT"
"2750" "Dis3l" 1.5950984983863 -1.88524379732491 -1.17130401573684 0.24147659785603 NA 0.0476190476190476 0.214285714285714 "Uqcrc2_noRT" "non-targeting_noRT"
"2751" "Zfp53" 1.61471528502107 -1.89156389301243 -1.1708168785446 0.241672391870086 NA 0.0476190476190476 0.214285714285714 "Uqcrc2_noRT" "non-targeting_noRT"
"2752" "Gk" 5.59243949933536 -0.982045699055671 -1.17042723107002 0.241829082456109 NA 0.285714285714286 0.428571428571429 "Uqcrc2_noRT" "non-targeting_noRT"
"2753" "Apaf1" 3.30918839110854 -1.3033782140195 -1.16989219946438 0.242044353433233 NA 0.142857142857143 0.321428571428571 "Uqcrc2_noRT" "non-targeting_noRT"
"2754" "Psd3" 1.54904394812974 -1.88713112401195 -1.16949424200198 0.242204559780644 NA 0.0476190476190476 0.214285714285714 "Uqcrc2_noRT" "non-targeting_noRT"
"2755" "AC160336.1" 3.47255183166716 -1.33531737809388 -1.16876187922012 0.242499583111049 NA 0.142857142857143 0.321428571428571 "Uqcrc2_noRT" "non-targeting_noRT"
"2756" "Psmc5" 138.574732079205 -0.222061356347625 -1.16763959216053 0.242952172861386 0.685390567839865 0.904761904761905 0.982142857142857 "Uqcrc2_noRT" "non-targeting_noRT"
"2757" "Ccdc112" 4.77832631268019 0.981846258580522 1.16719062612249 0.24313339560052 NA 0.333333333333333 0.25 "Uqcrc2_noRT" "non-targeting_noRT"
"2758" "Cant1" 7.35801873997665 0.791074587664451 1.16714371737419 0.243152335546451 NA 0.380952380952381 0.446428571428571 "Uqcrc2_noRT" "non-targeting_noRT"
"2759" "Trib1" 52.3195531016718 -0.407994603364236 -1.16691972178014 0.243242790639042 0.685390567839865 0.761904761904762 0.875 "Uqcrc2_noRT" "non-targeting_noRT"
"2760" "Dnmt1" 49.8902531245951 -0.364154644069446 -1.16658554931021 0.243377781898218 0.685390567839865 0.904761904761905 0.928571428571429 "Uqcrc2_noRT" "non-targeting_noRT"
"2761" "Rabgap1l" 0.847691435515372 -2.26941905671557 -1.16633540361561 0.243478864412181 NA 0 0.160714285714286 "Uqcrc2_noRT" "non-targeting_noRT"
"2762" "Lig4" 0.847691435515372 -2.26941905671557 -1.16633540361561 0.243478864412181 NA 0 0.178571428571429 "Uqcrc2_noRT" "non-targeting_noRT"
"2763" "Ankle1" 0.847691435515372 -2.26941905671557 -1.16633540361561 0.243478864412181 NA 0 0.160714285714286 "Uqcrc2_noRT" "non-targeting_noRT"
"2764" "Ranbp6" 0.847691435515372 -2.26941905671557 -1.16633540361561 0.243478864412181 NA 0 0.142857142857143 "Uqcrc2_noRT" "non-targeting_noRT"
"2765" "Kif1b" 14.9306704250557 -0.586614878352019 -1.1660492581169 0.243594530419458 0.685390567839865 0.476190476190476 0.75 "Uqcrc2_noRT" "non-targeting_noRT"
"2766" "Scp2" 46.3658514278068 0.324061504738628 1.16573720163509 0.243720714189902 0.685390567839865 0.857142857142857 0.982142857142857 "Uqcrc2_noRT" "non-targeting_noRT"
"2767" "Mybbp1a" 45.3123060757835 -0.341752884440706 -1.16568998169079 0.243739812138204 0.685390567839865 0.761904761904762 0.928571428571429 "Uqcrc2_noRT" "non-targeting_noRT"
"2768" "Efcab11" 2.47476376622371 -1.56192780421704 -1.16552781877807 0.243805406389378 NA 0.0952380952380952 0.232142857142857 "Uqcrc2_noRT" "non-targeting_noRT"
"2769" "Timm10" 44.8910610519901 -0.416454187778399 -1.16552562618919 0.243806293367787 0.685390567839865 0.857142857142857 0.964285714285714 "Uqcrc2_noRT" "non-targeting_noRT"
"2770" "Sra1" 59.0755158702036 0.312114387598879 1.16551100601062 0.243812207796105 0.685390567839865 0.904761904761905 0.982142857142857 "Uqcrc2_noRT" "non-targeting_noRT"
"2771" "Mbip" 3.26582193685361 -1.32627359031879 -1.16523986167158 0.243921914446951 NA 0.142857142857143 0.321428571428571 "Uqcrc2_noRT" "non-targeting_noRT"
"2772" "Anxa9" 2.17551509544334 1.42579323697588 1.16507063742855 0.24399040117581 NA 0.238095238095238 0.125 "Uqcrc2_noRT" "non-targeting_noRT"
"2773" "Cacfd1" 7.53017768657533 0.801326167750768 1.16495272754506 0.244038128457179 NA 0.523809523809524 0.410714285714286 "Uqcrc2_noRT" "non-targeting_noRT"
"2774" "Pxn" 4.21452836595097 1.08139202774288 1.16492044063011 0.244051198621019 NA 0.380952380952381 0.214285714285714 "Uqcrc2_noRT" "non-targeting_noRT"
"2775" "Socs4" 4.92494237925581 -1.04010907252175 -1.16488892341501 0.244063957674492 NA 0.238095238095238 0.5 "Uqcrc2_noRT" "non-targeting_noRT"
"2776" "Ciao3" 2.47265741018871 -1.56066979567941 -1.16474465215734 0.244122368709904 NA 0.0952380952380952 0.267857142857143 "Uqcrc2_noRT" "non-targeting_noRT"
"2777" "Nr4a1" 27.2941893429447 0.458039950879931 1.16442098430127 0.244253447675583 0.686164810917559 0.666666666666667 0.767857142857143 "Uqcrc2_noRT" "non-targeting_noRT"
"2778" "Gm47761" 0.845585079480374 -2.26642801127297 -1.16441900284039 0.244254250279515 NA 0 0.160714285714286 "Uqcrc2_noRT" "non-targeting_noRT"
"2779" "E330032C10Rik" 0.845585079480374 -2.26642801127297 -1.16441900284039 0.244254250279515 NA 0 0.142857142857143 "Uqcrc2_noRT" "non-targeting_noRT"
"2780" "Rhpn2" 0.854592243587004 -2.27941894570503 -1.16408437630801 0.244389819550126 NA 0 0.142857142857143 "Uqcrc2_noRT" "non-targeting_noRT"
"2781" "Opcml" 5.58261842792476 -1.05370039444879 -1.16407057625035 0.244395411584949 NA 0.142857142857143 0.232142857142857 "Uqcrc2_noRT" "non-targeting_noRT"
"2782" "Castor1" 5.58711380476735 -1.09513172195035 -1.16285676725759 0.244887620590076 NA 0.19047619047619 0.482142857142857 "Uqcrc2_noRT" "non-targeting_noRT"
"2783" "Zfp600" 1.562845564273 -1.89990147843235 -1.1628235522485 0.244901099306547 NA 0.0476190476190476 0.214285714285714 "Uqcrc2_noRT" "non-targeting_noRT"
"2784" "Mterf3" 9.42645533914014 -0.74074542283982 -1.16271617732773 0.244944675823824 NA 0.380952380952381 0.625 "Uqcrc2_noRT" "non-targeting_noRT"
"2785" "Nes" 40.1583038084437 -0.371422536324568 -1.16269221945055 0.244954399514949 0.68766709985947 0.619047619047619 0.75 "Uqcrc2_noRT" "non-targeting_noRT"
"2786" "Cd48" 1.65740574653474 -2.01479096104932 -1.16266022832059 0.244967384053695 NA 0.0476190476190476 0.178571428571429 "Uqcrc2_noRT" "non-targeting_noRT"
"2787" "Zfyve1" 3.26257204367331 1.14030964056609 1.16198978138162 0.24523961574461 NA 0.238095238095238 0.196428571428571 "Uqcrc2_noRT" "non-targeting_noRT"
"2788" "Gm10399" 1.02329070793553 2.37076685209722 1.16181192668407 0.245311868377055 NA 0.0952380952380952 0.0357142857142857 "Uqcrc2_noRT" "non-targeting_noRT"
"2789" "Dand5" 3.35334140774954 -1.34573293982149 -1.16160527153378 0.245395839811658 NA 0.142857142857143 0.321428571428571 "Uqcrc2_noRT" "non-targeting_noRT"
"2790" "Tspan9" 5.62258607741366 -0.964924520334463 -1.16073232410121 0.2457507722686 NA 0.285714285714286 0.375 "Uqcrc2_noRT" "non-targeting_noRT"
"2791" "Heatr5b" 3.85370149241291 1.15055643571384 1.16039256897239 0.245889010871913 NA 0.238095238095238 0.232142857142857 "Uqcrc2_noRT" "non-targeting_noRT"
"2792" "Pgm5" 2.22207354331339 1.42711790172688 1.160355807119 0.245903971698647 NA 0.238095238095238 0.0892857142857143 "Uqcrc2_noRT" "non-targeting_noRT"
"2793" "Rnasel" 0.750552122032127 2.84962748408501 1.1603477995729 0.245907230582803 NA 0.0952380952380952 0.0178571428571429 "Uqcrc2_noRT" "non-targeting_noRT"
"2794" "Rassf8" 0.750552122032127 2.84962748408501 1.1603477995729 0.245907230582803 NA 0.0476190476190476 0.0178571428571429 "Uqcrc2_noRT" "non-targeting_noRT"
"2795" "Gm47438" 0.750552122032127 2.84962748408501 1.1603477995729 0.245907230582803 NA 0.0476190476190476 0.0178571428571429 "Uqcrc2_noRT" "non-targeting_noRT"
"2796" "Rnf128" 0.750552122032127 2.84962748408501 1.1603477995729 0.245907230582803 NA 0.0476190476190476 0.0178571428571429 "Uqcrc2_noRT" "non-targeting_noRT"
"2797" "Sdhaf2" 20.3820865438534 0.497662794648918 1.16015841844191 0.245984313104626 0.690090228899623 0.666666666666667 0.75 "Uqcrc2_noRT" "non-targeting_noRT"
"2798" "Ska3" 2.50338771696511 -1.56559352728506 -1.15997885003705 0.246057417262957 NA 0.0952380952380952 0.232142857142857 "Uqcrc2_noRT" "non-targeting_noRT"
"2799" "2310034G01Rik" 3.05060871833489 1.23077065367725 1.15960984369855 0.246207691370067 NA 0.285714285714286 0.142857142857143 "Uqcrc2_noRT" "non-targeting_noRT"
"2800" "Adgrb3" 0.748445765997129 2.84966349726481 1.1594589795483 0.24626914779503 NA 0.0476190476190476 0.0178571428571429 "Uqcrc2_noRT" "non-targeting_noRT"
"2801" "Gm28417" 0.748445765997129 2.84966349726481 1.1594589795483 0.24626914779503 NA 0.0476190476190476 0.0178571428571429 "Uqcrc2_noRT" "non-targeting_noRT"
"2802" "Fabp3" 0.748445765997129 2.84966349726481 1.1594589795483 0.24626914779503 NA 0.0476190476190476 0.0178571428571429 "Uqcrc2_noRT" "non-targeting_noRT"
"2803" "Gm50103" 0.748445765997129 2.84966349726481 1.1594589795483 0.24626914779503 NA 0.0476190476190476 0.0178571428571429 "Uqcrc2_noRT" "non-targeting_noRT"
"2804" "A930007I19Rik" 0.748445765997129 2.84966349726481 1.1594589795483 0.24626914779503 NA 0.0952380952380952 0.0178571428571429 "Uqcrc2_noRT" "non-targeting_noRT"
"2805" "Gm364" 0.748445765997129 2.84966349726481 1.1594589795483 0.24626914779503 NA 0.0476190476190476 0.0178571428571429 "Uqcrc2_noRT" "non-targeting_noRT"
"2806" "Hoxd8" 4.78354483124569 0.987829030980905 1.15941881052541 0.246285512968296 NA 0.380952380952381 0.285714285714286 "Uqcrc2_noRT" "non-targeting_noRT"
"2807" "Tmem68" 8.74791160677567 -0.769890996102233 -1.15928874681791 0.246338507166706 NA 0.380952380952381 0.642857142857143 "Uqcrc2_noRT" "non-targeting_noRT"
"2808" "Myof" 6.42155285134217 -0.943685470904535 -1.15895978274061 0.246472578591068 NA 0.19047619047619 0.410714285714286 "Uqcrc2_noRT" "non-targeting_noRT"
"2809" "Gm26533" 1.20241737046255 1.94280968768498 1.15885394241009 0.246515725368511 NA 0.142857142857143 0.0357142857142857 "Uqcrc2_noRT" "non-targeting_noRT"
"2810" "Mier2" 1.56916463237799 -1.90571289541155 -1.15878685068134 0.246543078665251 NA 0.0476190476190476 0.232142857142857 "Uqcrc2_noRT" "non-targeting_noRT"
"2811" "Rnaset2b" 8.72873034334732 0.715880820328321 1.15823812285304 0.246766874821374 NA 0.428571428571429 0.410714285714286 "Uqcrc2_noRT" "non-targeting_noRT"
"2812" "Gpr180" 9.91129320812497 0.678132745514693 1.15816636137055 0.24679615293633 NA 0.523809523809524 0.464285714285714 "Uqcrc2_noRT" "non-targeting_noRT"
"2813" "Rab11b" 24.6907662698002 -0.465980506202655 -1.15815228958574 0.246801894398155 0.691142922176752 0.761904761904762 0.910714285714286 "Uqcrc2_noRT" "non-targeting_noRT"
"2814" "Arfgap2" 12.8094414173829 0.624521177045538 1.15814406429158 0.246805250462986 0.691142922176752 0.666666666666667 0.625 "Uqcrc2_noRT" "non-targeting_noRT"
"2815" "Gprasp1" 0.838684271408742 -2.25642335378295 -1.15804753336426 0.246844639170159 NA 0 0.178571428571429 "Uqcrc2_noRT" "non-targeting_noRT"
"2816" "Ackr3" 7.38944282291487 -1.04089378188951 -1.15800931701964 0.246860234274246 NA 0.19047619047619 0.339285714285714 "Uqcrc2_noRT" "non-targeting_noRT"
"2817" "Hikeshi" 56.926950605859 0.309083396572852 1.15800837570494 0.246860618409193 0.691142922176752 0.952380952380952 1 "Uqcrc2_noRT" "non-targeting_noRT"
"2818" "9530068E07Rik" 26.9938801246798 -0.445498658678596 -1.1575673753464 0.24704062940849 0.691179259291636 0.857142857142857 0.857142857142857 "Uqcrc2_noRT" "non-targeting_noRT"
"2819" "Lrwd1" 8.59420397814703 -0.776791643702929 -1.15756131910277 0.247043102133494 NA 0.333333333333333 0.642857142857143 "Uqcrc2_noRT" "non-targeting_noRT"
"2820" "Olr1" 0.852485887552006 -2.27646332691779 -1.15744016125538 0.24709257373931 NA 0 0.125 "Uqcrc2_noRT" "non-targeting_noRT"
"2821" "Cyb561a3" 2.30148157722274 1.47896132773888 1.15709027195208 0.247235480741804 NA 0.19047619047619 0.125 "Uqcrc2_noRT" "non-targeting_noRT"
"2822" "Saal1" 17.5101876862193 0.561974418730339 1.15691292104564 0.24730793914099 0.691459629841498 0.714285714285714 0.714285714285714 "Uqcrc2_noRT" "non-targeting_noRT"
"2823" "4930513N10Rik" 0.741544957925497 2.84978189510609 1.15652902328994 0.247464835146665 NA 0.0476190476190476 0.0178571428571429 "Uqcrc2_noRT" "non-targeting_noRT"
"2824" "Gng3" 0.741544957925497 2.84978189510609 1.15652902328994 0.247464835146665 NA 0.0952380952380952 0.0178571428571429 "Uqcrc2_noRT" "non-targeting_noRT"
"2825" "Gm27042" 0.741544957925497 2.84978189510609 1.15652902328994 0.247464835146665 NA 0.0476190476190476 0.0178571428571429 "Uqcrc2_noRT" "non-targeting_noRT"
"2826" "Morc3" 3.7128290980565 -1.44375723921058 -1.15621811268096 0.247591952941413 NA 0.0952380952380952 0.410714285714286 "Uqcrc2_noRT" "non-targeting_noRT"
"2827" "Brk1" 63.6534978021935 -0.303733793192275 -1.1552640041717 0.247982331670981 0.692877034743091 0.904761904761905 1 "Uqcrc2_noRT" "non-targeting_noRT"
"2828" "Ssh1" 1.5442494960931 -1.88268168073701 -1.15506611484637 0.248063353077843 NA 0.0476190476190476 0.232142857142857 "Uqcrc2_noRT" "non-targeting_noRT"
"2829" "Hist3h2ba" 0.84979779155037 -2.2724726327386 -1.15494520148997 0.24811286749281 NA 0 0.142857142857143 "Uqcrc2_noRT" "non-targeting_noRT"
"2830" "Cep131" 0.84979779155037 -2.2724726327386 -1.15494520148997 0.24811286749281 NA 0 0.160714285714286 "Uqcrc2_noRT" "non-targeting_noRT"
"2831" "Hoxd4" 1.71464268290629 1.5952376308079 1.15492729646287 0.248120200247787 NA 0.19047619047619 0.0714285714285714 "Uqcrc2_noRT" "non-targeting_noRT"
"2832" "Ufc1" 140.341216424365 0.212668527709276 1.1548438156553 0.24815439065383 0.692889924781072 1 1 "Uqcrc2_noRT" "non-targeting_noRT"
"2833" "Tmem87b" 3.74625323646026 1.08904715232497 1.15385841245755 0.248558221587266 NA 0.380952380952381 0.232142857142857 "Uqcrc2_noRT" "non-targeting_noRT"
"2834" "Setd1b" 1.59190650477117 -1.87061239726721 -1.15353337219402 0.248691528036221 NA 0.0476190476190476 0.196428571428571 "Uqcrc2_noRT" "non-targeting_noRT"
"2835" "Gtf2ird1" 3.30664504531677 -1.34787457689932 -1.1534801717213 0.248713351527975 NA 0.142857142857143 0.375 "Uqcrc2_noRT" "non-targeting_noRT"
"2836" "Plxna3" 2.42660285993215 -1.59314531897335 -1.15338462252943 0.248752550350671 NA 0.0952380952380952 0.303571428571429 "Uqcrc2_noRT" "non-targeting_noRT"
"2837" "Bclaf3" 14.4242002108939 -0.631118697511731 -1.15325178106841 0.248807055414142 0.694243826907432 0.476190476190476 0.714285714285714 "Uqcrc2_noRT" "non-targeting_noRT"
"2838" "Cdk18" 1.54483123605974 -1.88333900330061 -1.15304981961678 0.248889936519017 NA 0.0476190476190476 0.196428571428571 "Uqcrc2_noRT" "non-targeting_noRT"
"2839" "Gm50240" 1.6616873245781 1.5773471860375 1.15273402939116 0.249019569457177 NA 0.19047619047619 0.0892857142857143 "Uqcrc2_noRT" "non-targeting_noRT"
"2840" "Tpmt" 6.91770400144463 0.803361628776783 1.15256278014917 0.249089887577733 NA 0.476190476190476 0.339285714285714 "Uqcrc2_noRT" "non-targeting_noRT"
"2841" "Pard3" 6.27890475822634 -0.909479507774716 -1.15253159387939 0.249102694733577 NA 0.285714285714286 0.5 "Uqcrc2_noRT" "non-targeting_noRT"
"2842" "Hacd2" 10.653524770651 -0.685168969809372 -1.15241727867773 0.24914964409218 NA 0.476190476190476 0.660714285714286 "Uqcrc2_noRT" "non-targeting_noRT"
"2843" "Tsg101" 49.7892986705644 0.369528148557803 1.15240945587073 0.249152857152341 0.694395150636325 0.80952380952381 0.982142857142857 "Uqcrc2_noRT" "non-targeting_noRT"
"2844" "Casp7" 4.28358593633546 -1.17177594574759 -1.15236304900314 0.249171918432616 NA 0.142857142857143 0.375 "Uqcrc2_noRT" "non-targeting_noRT"
"2845" "Pfkfb3" 2.1691181849852 1.41196060769548 1.15232623453065 0.249187040432093 NA 0.19047619047619 0.125 "Uqcrc2_noRT" "non-targeting_noRT"
"2846" "Fbxo24" 1.22414051313232 1.92580407889785 1.15219111431536 0.249242548228519 NA 0.142857142857143 0.0535714285714286 "Uqcrc2_noRT" "non-targeting_noRT"
"2847" "Lrrc8d" 10.5106013842777 -0.757708142854807 -1.15214912144654 0.249259800787362 NA 0.333333333333333 0.589285714285714 "Uqcrc2_noRT" "non-targeting_noRT"
"2848" "Cd3eap" 19.0406039211511 -0.517565639153635 -1.15212137866378 0.249271199227952 0.694395150636325 0.619047619047619 0.767857142857143 "Uqcrc2_noRT" "non-targeting_noRT"
"2849" "Cdkn2c" 3.29117406289528 -1.29472583555071 -1.15210283777194 0.249278817169193 NA 0.142857142857143 0.303571428571429 "Uqcrc2_noRT" "non-targeting_noRT"
"2850" "Ddx58" 34.4740607355697 -0.404920297887092 -1.15189380126181 0.249364715767419 0.694395150636325 0.714285714285714 0.946428571428571 "Uqcrc2_noRT" "non-targeting_noRT"
"2851" "Saysd1" 11.6491016154256 0.666581188960144 1.15188394908571 0.249368764796065 NA 0.571428571428571 0.589285714285714 "Uqcrc2_noRT" "non-targeting_noRT"
"2852" "D230025D16Rik" 1.53793042798811 -1.87695200208807 -1.15164444526695 0.249467209757674 NA 0.0476190476190476 0.214285714285714 "Uqcrc2_noRT" "non-targeting_noRT"
"2853" "Fancl" 10.2379312804809 -0.709123094663176 -1.15152295943978 0.249517155324204 NA 0.476190476190476 0.660714285714286 "Uqcrc2_noRT" "non-targeting_noRT"
"2854" "Gm13470" 0.84079062744374 -2.25942414609629 -1.15142249747247 0.249558462785575 NA 0 0.125 "Uqcrc2_noRT" "non-targeting_noRT"
"2855" "Bco1" 0.84079062744374 -2.25942414609629 -1.15142249747247 0.249558462785575 NA 0 0.142857142857143 "Uqcrc2_noRT" "non-targeting_noRT"
"2856" "Fndc3c1" 0.84079062744374 -2.25942414609629 -1.15142249747247 0.249558462785575 NA 0 0.160714285714286 "Uqcrc2_noRT" "non-targeting_noRT"
"2857" "Nova1" 3.2964724125454 -1.30791557058378 -1.15139541483536 0.249569599309838 NA 0.142857142857143 0.357142857142857 "Uqcrc2_noRT" "non-targeting_noRT"
"2858" "Spata5" 11.0719169268775 -0.702487399401711 -1.1511128910385 0.249685795303962 NA 0.380952380952381 0.660714285714286 "Uqcrc2_noRT" "non-targeting_noRT"
"2859" "Xlr3c" 22.9969943433014 -0.503586841443777 -1.15071909301944 0.249847819061339 0.694798125204356 0.666666666666667 0.875 "Uqcrc2_noRT" "non-targeting_noRT"
"2860" "Eif4ebp1" 186.982122053624 -0.228859224123445 -1.15069205355202 0.249858946839778 0.694798125204356 1 1 "Uqcrc2_noRT" "non-targeting_noRT"
"2861" "Gen1" 1.63904868133932 -1.91425670184253 -1.150645369614 0.249878159886624 NA 0.0476190476190476 0.214285714285714 "Uqcrc2_noRT" "non-targeting_noRT"
"2862" "Hhex" 2.20776802955664 1.47356536082951 1.1504730252876 0.249949098137149 NA 0.238095238095238 0.107142857142857 "Uqcrc2_noRT" "non-targeting_noRT"
"2863" "Elof1" 22.933547472944 -0.471516938292997 -1.15009391236473 0.250105193439026 0.694798125204356 0.857142857142857 0.839285714285714 "Uqcrc2_noRT" "non-targeting_noRT"
"2864" "Svil" 4.34731781344884 1.09492782415937 1.15002136660388 0.250135071065063 NA 0.285714285714286 0.196428571428571 "Uqcrc2_noRT" "non-targeting_noRT"
"2865" "Cnih1" 34.1456316677411 -0.400737965718917 -1.1499097244285 0.250181055233081 0.694798125204356 0.952380952380952 0.946428571428571 "Uqcrc2_noRT" "non-targeting_noRT"
"2866" "Pld3" 11.4188792538785 -0.651021345754614 -1.14949851263541 0.250350479709886 NA 0.523809523809524 0.625 "Uqcrc2_noRT" "non-targeting_noRT"
"2867" "1500002F19Rik" 0.843478723445376 -2.26344120706575 -1.14920683276407 0.25047070407847 NA 0 0.160714285714286 "Uqcrc2_noRT" "non-targeting_noRT"
"2868" "Tnfaip8l1" 4.78406364081854 0.978638850695391 1.14908373965849 0.25052145258696 NA 0.238095238095238 0.232142857142857 "Uqcrc2_noRT" "non-targeting_noRT"
"2869" "Arf3" 15.7635083729312 -0.574306466361034 -1.1484106362431 0.250799084888977 0.695788278806373 0.476190476190476 0.696428571428571 "Uqcrc2_noRT" "non-targeting_noRT"
"2870" "Rfng" 2.54464781518504 -1.53321111643406 -1.14823519508822 0.250871483678165 NA 0.0952380952380952 0.303571428571429 "Uqcrc2_noRT" "non-targeting_noRT"
"2871" "Fads2" 6.3621514448427 -0.908647199992359 -1.14817575464678 0.250896016099638 NA 0.285714285714286 0.464285714285714 "Uqcrc2_noRT" "non-targeting_noRT"
"2872" "Aff4" 35.5761673852893 0.362363925708474 1.14788882239258 0.251014463113542 0.695788278806373 0.857142857142857 0.892857142857143 "Uqcrc2_noRT" "non-targeting_noRT"
"2873" "Slc13a5" 1.20931817853418 1.92254292795406 1.14777570269706 0.251061170191083 NA 0.142857142857143 0.0535714285714286 "Uqcrc2_noRT" "non-targeting_noRT"
"2874" "Thoc1" 13.4543725364092 -0.607237348132024 -1.14768237270067 0.251099710675663 0.695788278806373 0.571428571428571 0.785714285714286 "Uqcrc2_noRT" "non-targeting_noRT"
"2875" "Drosha" 16.0717845650877 -0.590658565121872 -1.14741493577062 0.251210171226854 0.695788278806373 0.571428571428571 0.75 "Uqcrc2_noRT" "non-targeting_noRT"
"2876" "Gm45589" 0.858804955657 -2.28559226408073 -1.14739286439726 0.251219288969332 NA 0 0.125 "Uqcrc2_noRT" "non-targeting_noRT"
"2877" "Mdh1" 177.615379613288 0.190112276108817 1.14646157205178 0.251604218729729 0.696070694502995 1 1 "Uqcrc2_noRT" "non-targeting_noRT"
"2878" "Pbx2" 4.18124413084139 -1.1600371744293 -1.14618699706307 0.251717786910954 NA 0.142857142857143 0.428571428571429 "Uqcrc2_noRT" "non-targeting_noRT"
"2879" "Cherp" 8.4841454685459 -0.80064204532402 -1.14616301176745 0.251727709273345 NA 0.285714285714286 0.678571428571429 "Uqcrc2_noRT" "non-targeting_noRT"
"2880" "Tox4" 15.6884227525808 0.552438766845888 1.14585757302777 0.251854088621959 0.696070694502995 0.666666666666667 0.678571428571429 "Uqcrc2_noRT" "non-targeting_noRT"
"2881" "Marc2" 42.3640673668429 0.338669711116079 1.1455844553507 0.251967132164986 0.696070694502995 0.80952380952381 0.964285714285714 "Uqcrc2_noRT" "non-targeting_noRT"
"2882" "Ccnl2" 22.9998737154655 0.448621842664715 1.14524220535815 0.252108839547166 0.696070694502995 0.904761904761905 0.803571428571429 "Uqcrc2_noRT" "non-targeting_noRT"
"2883" "Utp20" 12.9751559819046 -0.629927835450465 -1.14500481138046 0.252207164303239 0.696070694502995 0.523809523809524 0.696428571428571 "Uqcrc2_noRT" "non-targeting_noRT"
"2884" "Bak1" 19.2015892753986 -0.502784690841778 -1.14472903160498 0.252321421400312 0.696070694502995 0.857142857142857 0.821428571428571 "Uqcrc2_noRT" "non-targeting_noRT"
"2885" "Pspc1" 6.32445541086942 -0.892485708643912 -1.14457720801622 0.252384338155842 NA 0.238095238095238 0.482142857142857 "Uqcrc2_noRT" "non-targeting_noRT"
"2886" "Spns1" 4.21879541460481 -1.14807405171861 -1.14450905957528 0.252412582901218 NA 0.19047619047619 0.482142857142857 "Uqcrc2_noRT" "non-targeting_noRT"
"2887" "Plcd1" 3.23874254496854 1.14649453020267 1.1442093962668 0.252536807246441 NA 0.285714285714286 0.196428571428571 "Uqcrc2_noRT" "non-targeting_noRT"
"2888" "Ticrr" 2.50657971058023 -1.58341701643679 -1.14403963670364 0.252607199364303 NA 0.0952380952380952 0.25 "Uqcrc2_noRT" "non-targeting_noRT"
"2889" "Dld" 17.353056764794 -0.550574784777941 -1.14376220781795 0.252722266830729 0.696454776865415 0.619047619047619 0.839285714285714 "Uqcrc2_noRT" "non-targeting_noRT"
"2890" "Aarsd1" 38.0588595282606 0.371468464018769 1.14349508086224 0.252833095938482 0.696454776865415 0.857142857142857 0.875 "Uqcrc2_noRT" "non-targeting_noRT"
"2891" "Sun2" 2.53142793900841 -1.52533143379326 -1.14331042248046 0.252909729203725 NA 0.0952380952380952 0.285714285714286 "Uqcrc2_noRT" "non-targeting_noRT"
"2892" "Nono" 97.1579050854519 -0.247420893203106 -1.14317589039551 0.252965570234103 0.696454776865415 1 0.982142857142857 "Uqcrc2_noRT" "non-targeting_noRT"
"2893" "Slc4a1ap" 10.019637952541 -0.727015302772963 -1.14208884380272 0.253417092211955 NA 0.380952380952381 0.678571428571429 "Uqcrc2_noRT" "non-targeting_noRT"
"2894" "Fam57a" 1.71145068929117 1.63410741178463 1.14199672563828 0.253455380725177 NA 0.19047619047619 0.0892857142857143 "Uqcrc2_noRT" "non-targeting_noRT"
"2895" "Khsrp" 15.4973463782467 -0.569750383864712 -1.14139757792178 0.253704512165908 0.698024781477744 0.571428571428571 0.767857142857143 "Uqcrc2_noRT" "non-targeting_noRT"
"2896" "Rdh10" 0.863599407693634 -2.29270139727291 -1.14127607777376 0.253755053891842 NA 0 0.160714285714286 "Uqcrc2_noRT" "non-targeting_noRT"
"2897" "Zfp958" 5.59498284512714 -0.956644947970382 -1.14062446509029 0.254026231838033 NA 0.285714285714286 0.535714285714286 "Uqcrc2_noRT" "non-targeting_noRT"
"2898" "Brd8" 17.1516103076712 -0.549226220700248 -1.13947593396881 0.25450470042242 0.699761096576725 0.476190476190476 0.803571428571429 "Uqcrc2_noRT" "non-targeting_noRT"
"2899" "Ube2h" 12.976943780909 0.642466224935157 1.13903595656583 0.254688157359396 0.699800527990159 0.428571428571429 0.625 "Uqcrc2_noRT" "non-targeting_noRT"
"2900" "Id3" 146.072964943311 0.310782087878683 1.13832196708123 0.254986064550688 0.700099539071898 0.761904761904762 0.785714285714286 "Uqcrc2_noRT" "non-targeting_noRT"
"2901" "Ptgr1" 5.98261232012761 0.861895184563635 1.13807961679577 0.25508723859723 NA 0.476190476190476 0.375 "Uqcrc2_noRT" "non-targeting_noRT"
"2902" "Plaa" 19.9887188971932 -0.499483516187529 -1.13796437974653 0.255135356433162 0.700099539071898 0.571428571428571 0.803571428571429 "Uqcrc2_noRT" "non-targeting_noRT"
"2903" "Kif5c" 2.76925479783142 1.35902310359589 1.13762082842396 0.25527884554477 NA 0.0952380952380952 0.107142857142857 "Uqcrc2_noRT" "non-targeting_noRT"
"2904" "Zfp422" 11.3876615676096 0.62544877368355 1.1368568961529 0.255598113799823 NA 0.571428571428571 0.517857142857143 "Uqcrc2_noRT" "non-targeting_noRT"
"2905" "Fbxl16" 2.16790556733879 1.68411191680018 1.13673640335808 0.255648496370391 NA 0.142857142857143 0.0714285714285714 "Uqcrc2_noRT" "non-targeting_noRT"
"2906" "Tdrd3" 2.10294295048038 1.41484542243154 1.1362134612272 0.255867238123475 NA 0.19047619047619 0.107142857142857 "Uqcrc2_noRT" "non-targeting_noRT"
"2907" "Hcfc1r1" 0.865705763728632 -2.29579901147076 -1.13615643815846 0.255891098195327 NA 0 0.142857142857143 "Uqcrc2_noRT" "non-targeting_noRT"
"2908" "Gbp2" 122.087386932567 -0.362040230462255 -1.13554510906709 0.256146992781568 0.701315366400262 0.857142857142857 0.964285714285714 "Uqcrc2_noRT" "non-targeting_noRT"
"2909" "Pank3" 13.314860664799 0.629301700382671 1.1353539284923 0.256227055014353 0.701315366400262 0.571428571428571 0.607142857142857 "Uqcrc2_noRT" "non-targeting_noRT"
"2910" "Ranbp1" 227.156176530144 -0.187400531042609 -1.13503411528203 0.256361024629608 0.701315366400262 1 1 "Uqcrc2_noRT" "non-targeting_noRT"
"2911" "Asah2" 1.57708417017304 -1.86847779470017 -1.13468883595571 0.256505716593437 NA 0.0476190476190476 0.160714285714286 "Uqcrc2_noRT" "non-targeting_noRT"
"2912" "Mettl23" 66.4627098937447 -0.281096508646196 -1.13465719449411 0.25651897902784 0.701315366400262 0.904761904761905 1 "Uqcrc2_noRT" "non-targeting_noRT"
"2913" "Nup50" 17.5152042388428 -0.538502920576654 -1.13424094043217 0.256693495146122 0.701315366400262 0.619047619047619 0.857142857142857 "Uqcrc2_noRT" "non-targeting_noRT"
"2914" "Atp6v1a" 19.3531175525548 -0.501361335691895 -1.1339564879954 0.256812800327456 0.701315366400262 0.714285714285714 0.75 "Uqcrc2_noRT" "non-targeting_noRT"
"2915" "Zfp263" 1.59778659438793 -1.88786101719616 -1.13366624277456 0.256934574793756 NA 0.0476190476190476 0.25 "Uqcrc2_noRT" "non-targeting_noRT"
"2916" "Cdk13" 9.24783058549514 -0.730128831099833 -1.13350913926399 0.257000505416071 NA 0.285714285714286 0.607142857142857 "Uqcrc2_noRT" "non-targeting_noRT"
"2917" "Ddx56" 12.900912481932 -0.613637272644819 -1.13348747954572 0.257009596132076 0.701315366400262 0.571428571428571 0.732142857142857 "Uqcrc2_noRT" "non-targeting_noRT"
"2918" "Wdr74" 64.1562829838353 -0.305940319129346 -1.13287646206923 0.25726613585662 0.701315366400262 0.952380952380952 1 "Uqcrc2_noRT" "non-targeting_noRT"
"2919" "Usp5" 13.4315036839497 -0.597705566912031 -1.13284561467262 0.257279092050159 0.701315366400262 0.476190476190476 0.732142857142857 "Uqcrc2_noRT" "non-targeting_noRT"
"2920" "Ivd" 3.75046594853026 1.08554946429159 1.13262193409612 0.257373053518083 NA 0.333333333333333 0.232142857142857 "Uqcrc2_noRT" "non-targeting_noRT"
"2921" "2610507B11Rik" 34.3683263525016 0.396913573232662 1.13250775931375 0.257421024080244 0.701315366400262 0.857142857142857 0.946428571428571 "Uqcrc2_noRT" "non-targeting_noRT"
"2922" "Csn3" 10.5897106652203 0.741689458957334 1.13246922605716 0.257437215237266 NA 0.238095238095238 0.321428571428571 "Uqcrc2_noRT" "non-targeting_noRT"
"2923" "Yars" 21.6984205890754 -0.484991030248476 -1.13228901516269 0.25751294681468 0.701315366400262 0.714285714285714 0.839285714285714 "Uqcrc2_noRT" "non-targeting_noRT"
"2924" "Nt5c3b" 27.3976549892356 0.424787159048663 1.1314113157349 0.25788201095669 0.701315366400262 0.80952380952381 0.875 "Uqcrc2_noRT" "non-targeting_noRT"
"2925" "Hsdl2" 10.4869912373819 0.623066694264513 1.13121948721891 0.257962721822121 NA 0.523809523809524 0.553571428571429 "Uqcrc2_noRT" "non-targeting_noRT"
"2926" "Gnl1" 19.7816250080604 -0.501563367071889 -1.13117412099436 0.257981811989739 0.701315366400262 0.619047619047619 0.857142857142857 "Uqcrc2_noRT" "non-targeting_noRT"
"2927" "Irak2" 2.68598903787985 -1.63489881268773 -1.13101117716019 0.258050387050515 NA 0.0952380952380952 0.25 "Uqcrc2_noRT" "non-targeting_noRT"
"2928" "Mtss2" 26.9830577307867 0.419039018182749 1.1307112478501 0.25817664561726 0.701315366400262 0.714285714285714 0.75 "Uqcrc2_noRT" "non-targeting_noRT"
"2929" "Tnpo1" 16.066189128975 -0.608273068111841 -1.13039416915998 0.25831016997445 0.701315366400262 0.476190476190476 0.767857142857143 "Uqcrc2_noRT" "non-targeting_noRT"
"2930" "Med31" 39.5556110027755 -0.359975664564086 -1.13017453008042 0.25840268979929 0.701315366400262 0.952380952380952 0.928571428571429 "Uqcrc2_noRT" "non-targeting_noRT"
"2931" "D330050G23Rik" 3.20809206927676 1.13054569858701 1.13013836295557 0.258417926886491 NA 0.238095238095238 0.196428571428571 "Uqcrc2_noRT" "non-targeting_noRT"
"2932" "Mfsd6" 4.07621224061423 -1.11868862674665 -1.12989856079386 0.258518970480049 NA 0.142857142857143 0.375 "Uqcrc2_noRT" "non-targeting_noRT"
"2933" "Fundc2" 150.014034663656 0.201728842948099 1.1296723454823 0.258614314185499 0.701315366400262 1 1 "Uqcrc2_noRT" "non-targeting_noRT"
"2934" "Pdcd6ip" 20.9613870039323 -0.496036139315887 -1.12940010164567 0.258729089993608 0.701315366400262 0.428571428571429 0.785714285714286 "Uqcrc2_noRT" "non-targeting_noRT"
"2935" "Rpl3" 1064.88443047972 -0.124967146226245 -1.12919006460665 0.258817664036665 0.701315366400262 1 1 "Uqcrc2_noRT" "non-targeting_noRT"
"2936" "Myadm" 10.3364885255963 0.635599235383542 1.12888951531486 0.258944444251812 NA 0.571428571428571 0.428571428571429 "Uqcrc2_noRT" "non-targeting_noRT"
"2937" "Prdx3" 69.4943795969031 0.311488010125417 1.12876126129834 0.258998558529846 0.701315366400262 1 0.946428571428571 "Uqcrc2_noRT" "non-targeting_noRT"
"2938" "Rbfa" 21.0912924783642 -0.480604212736074 -1.1284319207822 0.259137553220396 0.701315366400262 0.619047619047619 0.857142857142857 "Uqcrc2_noRT" "non-targeting_noRT"
"2939" "Ldlrad4" 1.64594948941095 -1.92126730065253 -1.12836141411237 0.259167316530808 NA 0.0476190476190476 0.214285714285714 "Uqcrc2_noRT" "non-targeting_noRT"
"2940" "Elf4" 1.52892326388148 -1.86839913472109 -1.1282827069488 0.259200544351121 NA 0.0476190476190476 0.232142857142857 "Uqcrc2_noRT" "non-targeting_noRT"
"2941" "St5" 1.27440777545888 1.96149553024511 1.12810929997374 0.259273762024057 NA 0.142857142857143 0.0535714285714286 "Uqcrc2_noRT" "non-targeting_noRT"
"2942" "Irf7" 63.3741780479131 0.393142439980313 1.12764531539231 0.259469740798793 0.701691275411446 0.904761904761905 0.857142857142857 "Uqcrc2_noRT" "non-targeting_noRT"
"2943" "Ppp3cb" 6.11768916414335 0.879464610255451 1.12731835290298 0.259607905499678 NA 0.476190476190476 0.375 "Uqcrc2_noRT" "non-targeting_noRT"
"2944" "Ltv1" 16.268440178344 -0.558854382078681 -1.12730015344924 0.259615597548314 0.701691275411446 0.523809523809524 0.803571428571429 "Uqcrc2_noRT" "non-targeting_noRT"
"2945" "Map3k10" 3.30868449349505 -1.29161386163155 -1.12727257218227 0.259627255146644 NA 0.142857142857143 0.375 "Uqcrc2_noRT" "non-targeting_noRT"
"2946" "Gm49741" 1.25747908482574 1.96436017170351 1.12712662346338 0.259688948395155 NA 0.0952380952380952 0.0357142857142857 "Uqcrc2_noRT" "non-targeting_noRT"
"2947" "Dele1" 5.7147750090114 -0.952740012773073 -1.1266988836146 0.259869814617185 NA 0.285714285714286 0.535714285714286 "Uqcrc2_noRT" "non-targeting_noRT"
"2948" "Pitpnb" 26.7426752771263 0.414164200757067 1.12645999343934 0.259970865275741 0.702077495048882 0.857142857142857 0.857142857142857 "Uqcrc2_noRT" "non-targeting_noRT"
"2949" "Nfia" 24.7182543771387 0.433262131870834 1.12615994364479 0.260097825014484 0.702077495048882 0.761904761904762 0.785714285714286 "Uqcrc2_noRT" "non-targeting_noRT"
"2950" "Tmem267" 4.79128852701871 -1.02290817548656 -1.12574101573124 0.260275157295947 NA 0.19047619047619 0.428571428571429 "Uqcrc2_noRT" "non-targeting_noRT"
"2951" "Etf1" 56.0537446408216 -0.3154910839578 -1.12546538137835 0.260391879005057 0.702413034760708 0.904761904761905 0.964285714285714 "Uqcrc2_noRT" "non-targeting_noRT"
"2952" "Zcchc7" 23.0336348552257 0.430526486192196 1.1237697773326 0.261110705960396 0.703666615084803 0.857142857142857 0.821428571428571 "Uqcrc2_noRT" "non-targeting_noRT"
"2953" "Taf7" 14.0779095664735 0.609126321398689 1.12356716027458 0.261196694241242 0.703666615084803 0.571428571428571 0.553571428571429 "Uqcrc2_noRT" "non-targeting_noRT"
"2954" "Zfp57" 1.70665623725453 1.64584276314093 1.12309209728315 0.261398382116652 NA 0.19047619047619 0.0892857142857143 "Uqcrc2_noRT" "non-targeting_noRT"
"2955" "Tpp2" 12.1840055472316 -0.673440602101286 -1.12299304784871 0.261440447089723 NA 0.380952380952381 0.785714285714286 "Uqcrc2_noRT" "non-targeting_noRT"
"2956" "Adam17" 9.40190419717455 -0.722796212634496 -1.12296848340745 0.261450880004254 NA 0.380952380952381 0.642857142857143 "Uqcrc2_noRT" "non-targeting_noRT"
"2957" "Cdh18" 0.842896983478738 -2.26245869658299 -1.12244077795867 0.261675074525264 NA 0 0.125 "Uqcrc2_noRT" "non-targeting_noRT"
"2958" "Mycbp2" 30.8913535753649 0.377533283535994 1.12226481993836 0.261749859440053 0.704698060092998 0.857142857142857 0.910714285714286 "Uqcrc2_noRT" "non-targeting_noRT"
"2959" "Hoxa10" 3.24877042753005 1.15339804746096 1.12215482675111 0.261796615769388 NA 0.285714285714286 0.160714285714286 "Uqcrc2_noRT" "non-targeting_noRT"
"2960" "Zfp386" 8.1103745798684 0.735926849176802 1.12214240424574 0.261801896738723 NA 0.380952380952381 0.517857142857143 "Uqcrc2_noRT" "non-targeting_noRT"
"2961" "Pfkm" 4.98389272756046 0.925439335744056 1.12197477404129 0.261873165727885 NA 0.333333333333333 0.303571428571429 "Uqcrc2_noRT" "non-targeting_noRT"
"2962" "Lacc1" 3.20648961085525 1.11745979729752 1.12147081345541 0.262087508334317 NA 0.285714285714286 0.178571428571429 "Uqcrc2_noRT" "non-targeting_noRT"
"2963" "Nthl1" 5.92704869688239 0.841437593772729 1.12133714223183 0.262144381204909 NA 0.428571428571429 0.339285714285714 "Uqcrc2_noRT" "non-targeting_noRT"
"2964" "Rprd1a" 5.54240440434614 -0.926597046013917 -1.12101554635942 0.262281244988884 NA 0.285714285714286 0.535714285714286 "Uqcrc2_noRT" "non-targeting_noRT"
"2965" "Pla2g12a" 52.0605809303026 -0.31606899603455 -1.12087218809187 0.262342270862712 0.705833756066255 0.904761904761905 1 "Uqcrc2_noRT" "non-targeting_noRT"
"2966" "Stard7" 6.93929425908336 -0.828810997332816 -1.12050759477455 0.262497517997576 NA 0.333333333333333 0.589285714285714 "Uqcrc2_noRT" "non-targeting_noRT"
"2967" "Myo10" 8.62908008913671 -0.757379180737051 -1.12006125579471 0.262687659541062 NA 0.238095238095238 0.392857142857143 "Uqcrc2_noRT" "non-targeting_noRT"
"2968" "Rnf149" 4.78561325982139 -1.06162554391072 -1.11991626361517 0.262749447038886 NA 0.238095238095238 0.482142857142857 "Uqcrc2_noRT" "non-targeting_noRT"
"2969" "Sfpq" 62.5039242700647 -0.290296586880842 -1.11991589988997 0.262749602050691 0.706470340016738 0.857142857142857 0.946428571428571 "Uqcrc2_noRT" "non-targeting_noRT"
"2970" "Epb41l2" 9.96791012381862 -0.770159856569311 -1.11983858665827 0.262782552709063 NA 0.285714285714286 0.642857142857143 "Uqcrc2_noRT" "non-targeting_noRT"
"2971" "Hectd2" 1.27920222749551 1.94602994756341 1.11968168709487 0.262849431583737 NA 0.142857142857143 0.0535714285714286 "Uqcrc2_noRT" "non-targeting_noRT"
"2972" "Oma1" 2.80119573352277 1.20423421098012 1.11936155605098 0.262985924776291 NA 0.238095238095238 0.160714285714286 "Uqcrc2_noRT" "non-targeting_noRT"
"2973" "Zbtb9" 1.75961159558272 1.6682967192041 1.11914897267726 0.26307659026023 NA 0.142857142857143 0.0892857142857143 "Uqcrc2_noRT" "non-targeting_noRT"
"2974" "Pde9a" 1.75961159558272 1.6682967192041 1.11914897267726 0.26307659026023 NA 0.19047619047619 0.0714285714285714 "Uqcrc2_noRT" "non-targeting_noRT"
"2975" "H2-DMb1" 96.9993477966447 0.270340506290125 1.11885063734514 0.263203864801549 0.706484492093775 1 1 "Uqcrc2_noRT" "non-targeting_noRT"
"2976" "Elavl1" 46.507078102984 0.320148350873301 1.11850931377572 0.263349530916079 0.706484492093775 0.857142857142857 0.964285714285714 "Uqcrc2_noRT" "non-targeting_noRT"
"2977" "Caml" 11.2784024359229 -0.63772473296098 -1.1179881572658 0.263572051349394 NA 0.523809523809524 0.607142857142857 "Uqcrc2_noRT" "non-targeting_noRT"
"2978" "Vdac1" 165.693449330451 0.204823488383696 1.11796085988812 0.263583710202191 0.706484492093775 1 1 "Uqcrc2_noRT" "non-targeting_noRT"
"2979" "Ltbp1" 5.79400895906152 -0.987368070491552 -1.11788644188263 0.263615496328809 NA 0.285714285714286 0.410714285714286 "Uqcrc2_noRT" "non-targeting_noRT"
"2980" "Plscr2" 21.2598870248022 -0.600504204895365 -1.11785969389668 0.263626921829135 0.706484492093775 0.428571428571429 0.660714285714286 "Uqcrc2_noRT" "non-targeting_noRT"
"2981" "Riok1" 15.8167628064534 -0.557625547857601 -1.11740392091313 0.263821659439296 0.706484492093775 0.666666666666667 0.803571428571429 "Uqcrc2_noRT" "non-targeting_noRT"
"2982" "Xab2" 3.18091073087471 -1.28519848913068 -1.1173244781323 0.263855613019196 NA 0.142857142857143 0.357142857142857 "Uqcrc2_noRT" "non-targeting_noRT"
"2983" "Rlim" 22.6462166854498 -0.458359219245786 -1.11724100002237 0.263891294532816 0.706484492093775 0.714285714285714 0.839285714285714 "Uqcrc2_noRT" "non-targeting_noRT"
"2984" "Isoc2b" 5.580445517285 0.891761959991554 1.11713558436787 0.263936357688122 NA 0.428571428571429 0.285714285714286 "Uqcrc2_noRT" "non-targeting_noRT"
"2985" "Hdac1" 58.1977625018272 -0.310359775876309 -1.11710371605353 0.263949981821405 0.706484492093775 0.857142857142857 0.946428571428571 "Uqcrc2_noRT" "non-targeting_noRT"
"2986" "D130020L05Rik" 1.69502589627152 1.60231945063311 1.11678405738314 0.264086667038526 NA 0.19047619047619 0.0892857142857143 "Uqcrc2_noRT" "non-targeting_noRT"
"2987" "Sdsl" 6.00766735970669 0.808312161273369 1.11648627880187 0.264214040293739 NA 0.476190476190476 0.357142857142857 "Uqcrc2_noRT" "non-targeting_noRT"
"2988" "Anp32e" 56.1278421499193 -0.321310729338948 -1.11640382245669 0.264249318058634 0.70649720798566 1 0.946428571428571 "Uqcrc2_noRT" "non-targeting_noRT"
"2989" "AA467197" 15.3528313465619 -0.645183634660239 -1.11627207678869 0.264305690293355 0.70649720798566 0.333333333333333 0.571428571428571 "Uqcrc2_noRT" "non-targeting_noRT"
"2990" "Sephs2" 12.167760543082 0.574876853369125 1.11615489836304 0.264355836363599 NA 0.523809523809524 0.535714285714286 "Uqcrc2_noRT" "non-targeting_noRT"
"2991" "Tubd1" 0.860911311691998 -2.28896319792604 -1.11589224920205 0.264468259920045 NA 0 0.160714285714286 "Uqcrc2_noRT" "non-targeting_noRT"
"2992" "Thoc7" 53.1384031698258 0.300174210116479 1.11582819461993 0.264495682649057 0.70649720798566 1 0.928571428571429 "Uqcrc2_noRT" "non-targeting_noRT"
"2993" "Nr2c2" 7.11908249266164 -0.842348280125983 -1.11562584323978 0.264582325191683 NA 0.285714285714286 0.607142857142857 "Uqcrc2_noRT" "non-targeting_noRT"
"2994" "Tlnrd1" 16.3091213947815 -0.546018787114699 -1.11549661423271 0.264637668530153 0.70649720798566 0.571428571428571 0.839285714285714 "Uqcrc2_noRT" "non-targeting_noRT"
"2995" "Fbxo34" 4.96409612144074 -1.02149118268144 -1.11521325372061 0.264759047825505 NA 0.19047619047619 0.446428571428571 "Uqcrc2_noRT" "non-targeting_noRT"
"2996" "Crnde" 5.71660998761233 0.877834958527458 1.11511432358307 0.264801434220131 NA 0.380952380952381 0.339285714285714 "Uqcrc2_noRT" "non-targeting_noRT"
"2997" "Aida" 17.6325404740627 -0.514097011695103 -1.11499617173884 0.264852062239099 0.706613690229138 0.619047619047619 0.678571428571429 "Uqcrc2_noRT" "non-targeting_noRT"
"2998" "Pacsin1" 1.21513334902569 1.95535460683761 1.11495279990801 0.264870648725266 NA 0.0952380952380952 0.0357142857142857 "Uqcrc2_noRT" "non-targeting_noRT"
"2999" "Grtp1" 8.14560026348738 0.69619930067591 1.11492143755099 0.264884089253141 NA 0.571428571428571 0.410714285714286 "Uqcrc2_noRT" "non-targeting_noRT"
"3000" "Gm47015" 0.834471559338746 -2.25018763847105 -1.11477217259935 0.264948064092682 NA 0 0.142857142857143 "Uqcrc2_noRT" "non-targeting_noRT"
"3001" "Ogg1" 6.93049191739617 -0.861954267324721 -1.11469819940992 0.264979772888168 NA 0.285714285714286 0.553571428571429 "Uqcrc2_noRT" "non-targeting_noRT"
"3002" "Mroh1" 2.19236395499186 1.47413742560705 1.11452616026217 0.265053528017721 NA 0.19047619047619 0.125 "Uqcrc2_noRT" "non-targeting_noRT"
"3003" "P2rx4" 9.15653392573564 0.673901026101286 1.11451675424725 0.26505756089053 NA 0.476190476190476 0.535714285714286 "Uqcrc2_noRT" "non-targeting_noRT"
"3004" "Spice1" 0.82277629923048 -2.23281860220262 -1.11439663542866 0.26510906611214 NA 0 0.142857142857143 "Uqcrc2_noRT" "non-targeting_noRT"
"3005" "Chst3" 3.27216094774658 1.1319652466258 1.11438827619623 0.265112650687373 NA 0.238095238095238 0.160714285714286 "Uqcrc2_noRT" "non-targeting_noRT"
"3006" "Evi5" 16.3192970437185 0.508073822500433 1.11435017467583 0.265128989663861 0.706627623827836 0.714285714285714 0.696428571428571 "Uqcrc2_noRT" "non-targeting_noRT"
"3007" "Brf1" 2.57812087677418 1.27531934418892 1.1142902791006 0.265154675930997 NA 0.19047619047619 0.142857142857143 "Uqcrc2_noRT" "non-targeting_noRT"
"3008" "Suz12" 37.7447998819207 -0.369274982076103 -1.11418736249631 0.265198815805855 0.706627623827836 0.761904761904762 0.910714285714286 "Uqcrc2_noRT" "non-targeting_noRT"
"3009" "Mapk1ip1" 0.833889819372108 -2.24917954105888 -1.11417899165594 0.265202406195937 NA 0 0.142857142857143 "Uqcrc2_noRT" "non-targeting_noRT"
"3010" "Zc4h2" 0.833889819372108 -2.24917954105888 -1.11417899165594 0.265202406195937 NA 0 0.160714285714286 "Uqcrc2_noRT" "non-targeting_noRT"
"3011" "Hddc3" 1.66539613903461 1.60090077888071 1.11357490802938 0.265461595931757 NA 0.19047619047619 0.0892857142857143 "Uqcrc2_noRT" "non-targeting_noRT"
"3012" "Shmt1" 13.7197330567482 -0.594796624703552 -1.11349439405006 0.26549615464682 0.706964664046681 0.380952380952381 0.75 "Uqcrc2_noRT" "non-targeting_noRT"
"3013" "Gm26812" 1.16326362827762 1.8781748719842 1.113198069736 0.26562337151357 NA 0.142857142857143 0.0535714285714286 "Uqcrc2_noRT" "non-targeting_noRT"
"3014" "Ascc2" 5.54988695238441 -0.928839692552571 -1.11302461358005 0.265697858548479 NA 0.285714285714286 0.535714285714286 "Uqcrc2_noRT" "non-targeting_noRT"
"3015" "Gm14305" 3.23613428005152 1.12091088631096 1.11292997224622 0.265738506308621 NA 0.333333333333333 0.196428571428571 "Uqcrc2_noRT" "non-targeting_noRT"
"3016" "Sppl3" 9.29484578199701 -0.709911064395877 -1.11268638184703 0.265843146294354 NA 0.428571428571429 0.714285714285714 "Uqcrc2_noRT" "non-targeting_noRT"
"3017" "5730480H06Rik" 7.78412368407689 -0.772557629580297 -1.11267103784612 0.265849738620511 NA 0.333333333333333 0.642857142857143 "Uqcrc2_noRT" "non-targeting_noRT"
"3018" "Itga1" 9.02927698395669 0.699809448200846 1.11255510658762 0.265899550432258 NA 0.380952380952381 0.285714285714286 "Uqcrc2_noRT" "non-targeting_noRT"
"3019" "Gmnn" 52.5295780370645 -0.428054182143118 -1.11196389835746 0.266153672908579 0.708197440836146 0.714285714285714 0.839285714285714 "Uqcrc2_noRT" "non-targeting_noRT"
"3020" "Imp3" 47.9303368850974 -0.321254075067007 -1.1116203804306 0.266301405978986 0.708197440836146 0.80952380952381 0.964285714285714 "Uqcrc2_noRT" "non-targeting_noRT"
"3021" "Gm11033" 5.43806915444532 0.859910642209185 1.11092020547177 0.266602697427919 NA 0.333333333333333 0.267857142857143 "Uqcrc2_noRT" "non-targeting_noRT"
"3022" "Cth" 14.9292380730305 -0.549368754061181 -1.11073456065544 0.266682621346838 0.708420229360234 0.476190476190476 0.589285714285714 "Uqcrc2_noRT" "non-targeting_noRT"
"3023" "Slc35a1" 20.5254077715262 0.502129545316222 1.11028370691731 0.266876791793122 0.708420229360234 0.80952380952381 0.803571428571429 "Uqcrc2_noRT" "non-targeting_noRT"
"3024" "Fra10ac1" 16.7298743587418 0.507305591026248 1.11022911152086 0.266900311144977 0.708420229360234 0.666666666666667 0.75 "Uqcrc2_noRT" "non-targeting_noRT"
"3025" "Ndc1" 6.98542864042454 -0.830029356512173 -1.11018258769892 0.266920354438585 NA 0.333333333333333 0.5 "Uqcrc2_noRT" "non-targeting_noRT"
"3026" "Ajuba" 2.13156690122178 1.39671763712968 1.11003308841132 0.266984768410777 NA 0.0952380952380952 0.125 "Uqcrc2_noRT" "non-targeting_noRT"
"3027" "H2-DMb2" 2.04615179762939 1.61404187400736 1.10978030225462 0.267093709373889 NA 0.19047619047619 0.107142857142857 "Uqcrc2_noRT" "non-targeting_noRT"
"3028" "Mrps2" 4.92653191444942 -1.05451849313007 -1.10963467416914 0.267156483269045 NA 0.238095238095238 0.410714285714286 "Uqcrc2_noRT" "non-targeting_noRT"
"3029" "Srsf6" 32.6854262789493 -0.380344874044786 -1.10962713974657 0.267159731304922 0.708420229360234 0.857142857142857 0.857142857142857 "Uqcrc2_noRT" "non-targeting_noRT"
"3030" "Ubl3" 23.4147487406024 -0.473451598427106 -1.10943823886356 0.26724117400467 0.708420229360234 0.666666666666667 0.857142857142857 "Uqcrc2_noRT" "non-targeting_noRT"
"3031" "Cldn22" 2.52605174700514 -1.51937218079481 -1.10884270277918 0.267498045088782 NA 0.0952380952380952 0.232142857142857 "Uqcrc2_noRT" "non-targeting_noRT"
"3032" "Mex3d" 11.786892326111 0.63117337971669 1.10876314051972 0.267532375326806 NA 0.571428571428571 0.535714285714286 "Uqcrc2_noRT" "non-targeting_noRT"
"3033" "Sharpin" 9.27486500104294 -0.72282755222213 -1.10864198932086 0.267584656550848 NA 0.380952380952381 0.696428571428571 "Uqcrc2_noRT" "non-targeting_noRT"
"3034" "Commd3" 50.4512642749444 0.330735635885693 1.10860559388542 0.267600363899322 0.708918249561713 0.952380952380952 0.982142857142857 "Uqcrc2_noRT" "non-targeting_noRT"
"3035" "Zfp362" 1.26859260496737 1.92978318507627 1.10840719757383 0.267685997868184 NA 0.142857142857143 0.0535714285714286 "Uqcrc2_noRT" "non-targeting_noRT"
"3036" "Haus6" 6.29089909352866 -0.88267413822038 -1.10815217142927 0.267796102684317 NA 0.333333333333333 0.5 "Uqcrc2_noRT" "non-targeting_noRT"
"3037" "G6pc3" 20.7192073344747 -0.494749867111808 -1.10797003023144 0.267874759253055 0.709191141259848 0.857142857142857 0.839285714285714 "Uqcrc2_noRT" "non-targeting_noRT"
"3038" "Gm49336" 3.40986766597151 -1.30452506050551 -1.10696305205495 0.268309903164692 NA 0.142857142857143 0.357142857142857 "Uqcrc2_noRT" "non-targeting_noRT"
"3039" "Bclaf1" 62.3466574643265 0.290195218566201 1.10652831139585 0.268497916955302 0.709222120989221 0.857142857142857 0.982142857142857 "Uqcrc2_noRT" "non-targeting_noRT"
"3040" "Hmgn5" 29.9031181530396 -0.433316103223256 -1.10628939124025 0.268601282097988 0.709222120989221 0.761904761904762 0.821428571428571 "Uqcrc2_noRT" "non-targeting_noRT"
"3041" "Syncrip" 49.2899286557475 0.315753390881573 1.10623135511194 0.268626394664009 0.709222120989221 0.857142857142857 0.982142857142857 "Uqcrc2_noRT" "non-targeting_noRT"
"3042" "Crot" 3.22427718512963 -1.26131021126268 -1.10621968220434 0.26863144579292 NA 0.0952380952380952 0.410714285714286 "Uqcrc2_noRT" "non-targeting_noRT"
"3043" "Hspb8" 4.98187144666952 -1.07808679162008 -1.10586555448961 0.26878471580271 NA 0.19047619047619 0.357142857142857 "Uqcrc2_noRT" "non-targeting_noRT"
"3044" "Csnk1g2" 22.7421752098076 0.426277130289788 1.10585375705888 0.268789822881785 0.709222120989221 0.761904761904762 0.839285714285714 "Uqcrc2_noRT" "non-targeting_noRT"
"3045" "Rsrc1" 24.8776897591314 0.40825983866749 1.10576840043579 0.268826775541336 0.709222120989221 0.857142857142857 0.839285714285714 "Uqcrc2_noRT" "non-targeting_noRT"
"3046" "Chka" 9.59970675896609 -0.734340828745181 -1.10575674452474 0.268831821898614 NA 0.333333333333333 0.553571428571429 "Uqcrc2_noRT" "non-targeting_noRT"
"3047" "Ecd" 8.82953460954512 0.679228203601716 1.10570788517844 0.268852975969379 NA 0.523809523809524 0.5 "Uqcrc2_noRT" "non-targeting_noRT"
"3048" "Cltc" 48.9739323759021 -0.328934036870716 -1.10556506944389 0.268914815812491 0.709222120989221 0.904761904761905 0.928571428571429 "Uqcrc2_noRT" "non-targeting_noRT"
"3049" "Fbxl14" 6.59898870763782 0.764731162954263 1.10545187833793 0.268963834997288 NA 0.333333333333333 0.375 "Uqcrc2_noRT" "non-targeting_noRT"
"3050" "Dync1li2" 10.5257619425271 -0.65937357210519 -1.10522927883933 0.269060253096664 NA 0.333333333333333 0.625 "Uqcrc2_noRT" "non-targeting_noRT"
"3051" "Ext1" 7.09416735637675 -0.836137704505008 -1.10500845066746 0.269155927394425 NA 0.238095238095238 0.535714285714286 "Uqcrc2_noRT" "non-targeting_noRT"
"3052" "Rnf26" 3.94735284041377 -1.10053017814206 -1.10490642111068 0.269200139813473 NA 0.19047619047619 0.392857142857143 "Uqcrc2_noRT" "non-targeting_noRT"
"3053" "Morrbid" 4.76753687066709 -1.01491209451316 -1.10468135023767 0.269297687292777 NA 0.238095238095238 0.464285714285714 "Uqcrc2_noRT" "non-targeting_noRT"
"3054" "Avl9" 13.2874199980546 0.548554670254946 1.10435429716162 0.269439477890699 0.710153222618925 0.666666666666667 0.714285714285714 "Uqcrc2_noRT" "non-targeting_noRT"
"3055" "Map4k3" 4.18502558878034 0.981307623517732 1.10419003261317 0.269510712470294 NA 0.380952380952381 0.25 "Uqcrc2_noRT" "non-targeting_noRT"
"3056" "Coq10b" 11.7527358696506 0.60616967042177 1.10398218824731 0.269600864290176 NA 0.571428571428571 0.571428571428571 "Uqcrc2_noRT" "non-targeting_noRT"
"3057" "Fam49b" 57.4854630124862 -0.318291201427037 -1.10256541575707 0.270215935957886 0.711457712458951 0.904761904761905 0.982142857142857 "Uqcrc2_noRT" "non-targeting_noRT"
"3058" "Zfp398" 3.89145759859576 1.05791298642935 1.10253190251446 0.270230496896953 NA 0.285714285714286 0.196428571428571 "Uqcrc2_noRT" "non-targeting_noRT"
"3059" "Pex6" 2.75993563530284 1.17938122979877 1.10225410670314 0.270351215208991 NA 0.238095238095238 0.178571428571429 "Uqcrc2_noRT" "non-targeting_noRT"
"3060" "Tmcc2" 2.19723823811311 1.41790472732748 1.10210234138176 0.270417181615376 NA 0.19047619047619 0.125 "Uqcrc2_noRT" "non-targeting_noRT"
"3061" "Slc1a3" 62.4035437398147 0.316197136245262 1.10196680833032 0.2704761018208 0.711457712458951 0.761904761904762 0.857142857142857 "Uqcrc2_noRT" "non-targeting_noRT"
"3062" "Cript" 35.6516815863865 0.344473410876722 1.10186759737473 0.270519237321236 0.711457712458951 0.904761904761905 0.964285714285714 "Uqcrc2_noRT" "non-targeting_noRT"
"3063" "Lonrf1" 1.5181088189339 -1.79271612360665 -1.10171082655146 0.270587408639852 NA 0.0476190476190476 0.232142857142857 "Uqcrc2_noRT" "non-targeting_noRT"
"3064" "Ccdc86" 32.9924478932879 0.384624615201446 1.10163095327256 0.270622145821747 0.711457712458951 0.80952380952381 0.75 "Uqcrc2_noRT" "non-targeting_noRT"
"3065" "Slc35e3" 2.76996351786435 1.18661603758372 1.10122055782741 0.270800676507708 NA 0.238095238095238 0.125 "Uqcrc2_noRT" "non-targeting_noRT"
"3066" "Plekhf2" 9.93649299791391 0.630636160820872 1.10100588780335 0.270894094649166 NA 0.571428571428571 0.5 "Uqcrc2_noRT" "non-targeting_noRT"
"3067" "Znhit3" 35.2976656541097 -0.35726527044321 -1.10100025320772 0.270896546958464 0.711726927818492 0.80952380952381 0.928571428571429 "Uqcrc2_noRT" "non-targeting_noRT"
"3068" "Fnbp1" 4.10694254739063 -1.12081949529569 -1.1007995282047 0.270983917152063 NA 0.142857142857143 0.357142857142857 "Uqcrc2_noRT" "non-targeting_noRT"
"3069" "Ccdc85c" 1.63996418190833 1.58676064487357 1.10078597191683 0.270989818535458 NA 0.19047619047619 0.0892857142857143 "Uqcrc2_noRT" "non-targeting_noRT"
"3070" "Zfp384" 3.24708596537953 -1.27286395934951 -1.10064691396547 0.271050358944865 NA 0.142857142857143 0.410714285714286 "Uqcrc2_noRT" "non-targeting_noRT"
"3071" "Cpne3" 28.4598977960512 0.382337520486681 1.10054014685926 0.271096847468221 0.711783029274835 0.857142857142857 0.910714285714286 "Uqcrc2_noRT" "non-targeting_noRT"
"3072" "Mta1" 12.9807643412452 -0.60016334431384 -1.10010207921182 0.271287648032762 0.711783029274835 0.523809523809524 0.714285714285714 "Uqcrc2_noRT" "non-targeting_noRT"
"3073" "Scamp2" 23.4268311991262 0.417930939145821 1.0997663568437 0.271433934315053 0.711783029274835 0.761904761904762 0.803571428571429 "Uqcrc2_noRT" "non-targeting_noRT"
"3074" "Stradb" 1.5202151749689 -1.79474335153826 -1.09974276046777 0.271444218134583 NA 0.0476190476190476 0.196428571428571 "Uqcrc2_noRT" "non-targeting_noRT"
"3075" "Ercc3" 1.5202151749689 -1.79474335153826 -1.09974276046777 0.271444218134583 NA 0.0476190476190476 0.214285714285714 "Uqcrc2_noRT" "non-targeting_noRT"
"3076" "Phc1" 1.53772560556867 -1.79948730157018 -1.09953371226975 0.271535337591608 NA 0.0476190476190476 0.214285714285714 "Uqcrc2_noRT" "non-targeting_noRT"
"3077" "1110038B12Rik" 309.374887535841 -0.229810782309644 -1.09912218562548 0.271714774102627 0.712068230042225 1 1 "Uqcrc2_noRT" "non-targeting_noRT"
"3078" "Fstl3" 1.52871844146204 -1.79072278644444 -1.09901075321173 0.271763375551748 NA 0.0476190476190476 0.214285714285714 "Uqcrc2_noRT" "non-targeting_noRT"
"3079" "Nr1h3" 1.18970139189941 1.93548312229179 1.09898963225076 0.271772588168161 NA 0.142857142857143 0.0357142857142857 "Uqcrc2_noRT" "non-targeting_noRT"
"3080" "3010003L21Rik" 2.57964350411108 1.32937348094636 1.09878165236496 0.271863317000408 NA 0.19047619047619 0.142857142857143 "Uqcrc2_noRT" "non-targeting_noRT"
"3081" "Elp6" 7.59771929593104 -0.799676387927162 -1.09858120627899 0.271950778922172 NA 0.333333333333333 0.553571428571429 "Uqcrc2_noRT" "non-targeting_noRT"
"3082" "Csnk2a2" 46.4584927002368 -0.315269305037931 -1.09852747798416 0.271974225805863 0.71225050040608 0.952380952380952 0.946428571428571 "Uqcrc2_noRT" "non-targeting_noRT"
"3083" "Pabpn1" 78.7713609864904 0.261412649149697 1.09787288143969 0.272260001128493 0.71225050040608 0.904761904761905 1 "Uqcrc2_noRT" "non-targeting_noRT"
"3084" "Cdk12" 31.2849743486969 -0.38552339823708 -1.09777969767007 0.272300698801938 0.71225050040608 0.761904761904762 0.767857142857143 "Uqcrc2_noRT" "non-targeting_noRT"
"3085" "Ppl" 5.84258740388816 0.953655177800025 1.09755621382915 0.272398321525387 NA 0.285714285714286 0.25 "Uqcrc2_noRT" "non-targeting_noRT"
"3086" "Cdc42bpb" 8.12496275839773 0.691571324870467 1.09738139948839 0.272474701019436 NA 0.476190476190476 0.482142857142857 "Uqcrc2_noRT" "non-targeting_noRT"
"3087" "Zfp944" 2.40358925726282 -1.48920185957738 -1.0972675049384 0.272524471457319 NA 0.0952380952380952 0.321428571428571 "Uqcrc2_noRT" "non-targeting_noRT"
"3088" "Fzd3" 4.8669334098877 0.896451319239273 1.09688691355858 0.272690830066202 NA 0.238095238095238 0.267857142857143 "Uqcrc2_noRT" "non-targeting_noRT"
"3089" "Fbxl12" 6.6082949469385 0.806255503526046 1.09669105222704 0.272776469215301 NA 0.380952380952381 0.375 "Uqcrc2_noRT" "non-targeting_noRT"
"3090" "Polr2j" 74.9311165028898 -0.277568835557904 -1.09659519660475 0.272818388195027 0.713132145194383 1 1 "Uqcrc2_noRT" "non-targeting_noRT"
"3091" "Manf" 226.98920206223 -0.18273486871391 -1.09622016851762 0.272982435473152 0.713132145194383 1 0.982142857142857 "Uqcrc2_noRT" "non-targeting_noRT"
"3092" "C9orf72" 3.92698235740879 1.04363488113082 1.09617881774376 0.273000527532269 NA 0.333333333333333 0.232142857142857 "Uqcrc2_noRT" "non-targeting_noRT"
"3093" "Reep4" 12.1613648846465 -0.610243563584008 -1.09568649996439 0.273215992612139 NA 0.285714285714286 0.571428571428571 "Uqcrc2_noRT" "non-targeting_noRT"
"3094" "Gm13663" 1.19180774793441 1.92905890117802 1.09560459749353 0.273251848874093 NA 0.142857142857143 0.0535714285714286 "Uqcrc2_noRT" "non-targeting_noRT"
"3095" "Mrps22" 17.7414908480815 -0.538952218139706 -1.09489784778995 0.27356139205737 0.713899460298112 0.476190476190476 0.821428571428571 "Uqcrc2_noRT" "non-targeting_noRT"
"3096" "Mttp" 3.81926435991146 1.11116070169906 1.09454698475455 0.27371515252689 NA 0.285714285714286 0.178571428571429 "Uqcrc2_noRT" "non-targeting_noRT"
"3097" "Rps15a" 2014.47323312136 0.113813106295499 1.09444604542176 0.273759398616959 0.713899460298112 1 1 "Uqcrc2_noRT" "non-targeting_noRT"
"3098" "Snx4" 7.91612650754919 0.719959476515831 1.09444307966319 0.273760698711568 NA 0.428571428571429 0.464285714285714 "Uqcrc2_noRT" "non-targeting_noRT"
"3099" "Morf4l2" 40.9879647956399 -0.366704488573377 -1.09420183433213 0.273866467155647 0.713899460298112 0.904761904761905 0.964285714285714 "Uqcrc2_noRT" "non-targeting_noRT"
"3100" "F830016B08Rik" 11.0228194329059 0.684640521358278 1.09419392909675 0.273869933496025 NA 0.476190476190476 0.428571428571429 "Uqcrc2_noRT" "non-targeting_noRT"
"3101" "Shld1" 2.39516383312283 -1.48392177784008 -1.0939392015101 0.273981644197805 NA 0.0952380952380952 0.321428571428571 "Uqcrc2_noRT" "non-targeting_noRT"
"3102" "Tead2" 13.2137622155115 0.549019853097891 1.09378114008148 0.274050977639721 0.713899460298112 0.619047619047619 0.607142857142857 "Uqcrc2_noRT" "non-targeting_noRT"
"3103" "4933434E20Rik" 25.839615926091 0.416349897937125 1.09358102983469 0.274138772937095 0.713899460298112 0.761904761904762 0.857142857142857 "Uqcrc2_noRT" "non-targeting_noRT"
"3104" "Inka1" 16.3764521908888 0.502210293812817 1.09283411095745 0.274466641838309 0.714303750897437 0.714285714285714 0.714285714285714 "Uqcrc2_noRT" "non-targeting_noRT"
"3105" "Rhebl1" 9.14157514312513 -0.699591880410933 -1.09153493299407 0.275037569293837 NA 0.428571428571429 0.625 "Uqcrc2_noRT" "non-targeting_noRT"
"3106" "Zfp146" 6.71211223078778 0.845437748222376 1.09113156241639 0.275214996462425 NA 0.333333333333333 0.357142857142857 "Uqcrc2_noRT" "non-targeting_noRT"
"3107" "Bcl2" 1.46784155660734 -1.79076102796353 -1.09092093285371 0.275307675329427 NA 0.0476190476190476 0.196428571428571 "Uqcrc2_noRT" "non-targeting_noRT"
"3108" "Dubr" 1.46784155660734 -1.79076102796353 -1.09092093285371 0.275307675329427 NA 0.0476190476190476 0.25 "Uqcrc2_noRT" "non-targeting_noRT"
"3109" "Bex3" 69.4516998549482 0.28465556519659 1.09086205639189 0.275333585301122 0.716056910897361 0.904761904761905 1 "Uqcrc2_noRT" "non-targeting_noRT"
"3110" "Rundc3a" 1.50822083966658 -1.84813355464714 -1.09069891453654 0.275405388405699 NA 0.0476190476190476 0.178571428571429 "Uqcrc2_noRT" "non-targeting_noRT"
"3111" "Itgav" 25.515187524363 -0.545547464273423 -1.09051495161785 0.275486370746399 0.716056910897361 0.619047619047619 0.821428571428571 "Uqcrc2_noRT" "non-targeting_noRT"
"3112" "Wdr37" 4.79756618176776 0.906703832983064 1.09024506979995 0.27560520485982 NA 0.380952380952381 0.285714285714286 "Uqcrc2_noRT" "non-targeting_noRT"
"3113" "Stxbp3" 11.2062072085071 -0.621895981984331 -1.09007082747573 0.275681945656738 NA 0.476190476190476 0.678571428571429 "Uqcrc2_noRT" "non-targeting_noRT"
"3114" "Dis3l2" 1.46094074853571 -1.78399369175514 -1.09005687028606 0.275688093392309 NA 0.0476190476190476 0.232142857142857 "Uqcrc2_noRT" "non-targeting_noRT"
"3115" "Fabp7" 4.08958260262645 1.06184770284097 1.08997426724502 0.27572447954107 NA 0.19047619047619 0.107142857142857 "Uqcrc2_noRT" "non-targeting_noRT"
"3116" "Otud1" 4.38274831948726 0.922218853596645 1.08907707790158 0.276119897165347 NA 0.380952380952381 0.214285714285714 "Uqcrc2_noRT" "non-targeting_noRT"
"3117" "Dhx29" 9.14478005996816 -0.692116222713338 -1.08906768600937 0.27612403849168 NA 0.380952380952381 0.589285714285714 "Uqcrc2_noRT" "non-targeting_noRT"
"3118" "Katnb1" 3.14865779676141 -1.32250786212033 -1.08893703076976 0.276181654916177 NA 0.0952380952380952 0.339285714285714 "Uqcrc2_noRT" "non-targeting_noRT"
"3119" "Tmcc3" 10.5040387998573 -0.659609136672778 -1.088389825143 0.276423051044244 NA 0.428571428571429 0.517857142857143 "Uqcrc2_noRT" "non-targeting_noRT"
"3120" "Slc35e1" 2.46555177969764 -1.46891410907487 -1.0880647161272 0.276566538829473 NA 0.0952380952380952 0.285714285714286 "Uqcrc2_noRT" "non-targeting_noRT"
"3121" "Golm1" 6.98032610619924 0.811901649890084 1.08761911981699 0.27676328649808 NA 0.571428571428571 0.392857142857143 "Uqcrc2_noRT" "non-targeting_noRT"
"3122" "Atl1" 1.51702318135378 -1.77924920175475 -1.08757121797417 0.276784442655572 NA 0.0476190476190476 0.196428571428571 "Uqcrc2_noRT" "non-targeting_noRT"
"3123" "Lrrc40" 3.92773605377899 -1.10215756246649 -1.08748886260778 0.276820818010147 NA 0.142857142857143 0.375 "Uqcrc2_noRT" "non-targeting_noRT"
"3124" "Mtmr4" 2.33370520830149 -1.52246872336438 -1.08713220703809 0.276978386004306 NA 0.0952380952380952 0.303571428571429 "Uqcrc2_noRT" "non-targeting_noRT"
"3125" "Tubgcp2" 8.58550682373089 -0.725832269708379 -1.08698579181613 0.277043088940664 NA 0.285714285714286 0.571428571428571 "Uqcrc2_noRT" "non-targeting_noRT"
"3126" "Pick1" 7.79573911310055 -0.765318560060131 -1.08683835325003 0.277108254513716 NA 0.285714285714286 0.696428571428571 "Uqcrc2_noRT" "non-targeting_noRT"
"3127" "Khdrbs2" 4.04228994022271 -1.10380597590743 -1.08671226510101 0.277163991815787 NA 0.142857142857143 0.303571428571429 "Uqcrc2_noRT" "non-targeting_noRT"
"3128" "Tcim" 73.799026827563 -0.368793671078608 -1.08666541024914 0.277184705962802 0.719662174793182 0.904761904761905 0.839285714285714 "Uqcrc2_noRT" "non-targeting_noRT"
"3129" "Becn1" 63.1195018009703 -0.283352153168438 -1.08656041081542 0.277231129184227 0.719662174793182 0.857142857142857 0.928571428571429 "Uqcrc2_noRT" "non-targeting_noRT"
"3130" "Kidins220" 3.95054483402889 -1.11217616359046 -1.08634392078586 0.277326862272338 NA 0.142857142857143 0.446428571428571 "Uqcrc2_noRT" "non-targeting_noRT"
"3131" "Nap1l1" 313.574573209646 0.16210490371369 1.08618950576603 0.277395159206168 0.719662174793182 1 1 "Uqcrc2_noRT" "non-targeting_noRT"
"3132" "Golga1" 2.49321508419374 -1.51271061573307 -1.0861246879513 0.277423831191125 NA 0.0952380952380952 0.321428571428571 "Uqcrc2_noRT" "non-targeting_noRT"
"3133" "Prkab2" 2.78376513400761 1.1723642107797 1.08609083868339 0.277438805125516 NA 0.238095238095238 0.160714285714286 "Uqcrc2_noRT" "non-targeting_noRT"
"3134" "Frrs1" 7.25278939884516 0.744072554936222 1.08588491906967 0.277529909851437 NA 0.571428571428571 0.464285714285714 "Uqcrc2_noRT" "non-targeting_noRT"
"3135" "Oxsr1" 3.2989556861276 -1.24144624492656 -1.08539923451412 0.277744871286485 NA 0.142857142857143 0.339285714285714 "Uqcrc2_noRT" "non-targeting_noRT"
"3136" "Trim39" 2.1935294236566 1.39845841398727 1.08512927437014 0.277864403240126 NA 0.238095238095238 0.125 "Uqcrc2_noRT" "non-targeting_noRT"
"3137" "Gm14167" 1.47474236467897 -1.79761499267678 -1.08499655104462 0.277923182824344 NA 0.0476190476190476 0.196428571428571 "Uqcrc2_noRT" "non-targeting_noRT"
"3138" "Nrp2" 28.6243579022376 0.451243272788938 1.08498374472592 0.277928854845586 0.719806112795036 0.714285714285714 0.589285714285714 "Uqcrc2_noRT" "non-targeting_noRT"
"3139" "Lamtor2" 109.821091302617 0.233249001539521 1.0848897239265 0.277970499824911 0.719806112795036 1 1 "Uqcrc2_noRT" "non-targeting_noRT"
"3140" "Hspb11" 52.0582841735381 -0.29998757600689 -1.08488522847542 0.277972491118044 0.719806112795036 0.904761904761905 0.982142857142857 "Uqcrc2_noRT" "non-targeting_noRT"
"3141" "Ncs1" 1.46515346060571 -1.78804831287898 -1.08468414310167 0.27806157329705 NA 0.0476190476190476 0.214285714285714 "Uqcrc2_noRT" "non-targeting_noRT"
"3142" "Syde1" 4.79915571696137 0.887287386704427 1.08455462503896 0.278118960962646 NA 0.333333333333333 0.25 "Uqcrc2_noRT" "non-targeting_noRT"
"3143" "Tmem220" 1.23314767723895 1.89854609053169 1.08449034043343 0.278147447577589 NA 0.142857142857143 0.0535714285714286 "Uqcrc2_noRT" "non-targeting_noRT"
"3144" "Slc35g1" 2.51443432925003 -1.49593267546135 -1.08410592661573 0.278317835383428 NA 0.0952380952380952 0.267857142857143 "Uqcrc2_noRT" "non-targeting_noRT"
"3145" "Chaf1b" 4.75490072318857 -1.03561719176657 -1.08382038221006 0.278444446224862 NA 0.19047619047619 0.321428571428571 "Uqcrc2_noRT" "non-targeting_noRT"
"3146" "Zfp719" 1.50009449072064 -1.77518990071187 -1.08349013687665 0.278590926400615 NA 0.0476190476190476 0.214285714285714 "Uqcrc2_noRT" "non-targeting_noRT"
"3147" "Pcsk1n" 11.2057360381853 -0.685707099552276 -1.08321069868743 0.278714912034669 NA 0.333333333333333 0.482142857142857 "Uqcrc2_noRT" "non-targeting_noRT"
"3148" "Crls1" 19.0896654014784 -0.503720016063226 -1.08264700240826 0.278965136104637 0.720202592969201 0.523809523809524 0.714285714285714 "Uqcrc2_noRT" "non-targeting_noRT"
"3149" "Nptn" 34.505000639094 0.348833336318345 1.08248334309493 0.279037812880387 0.720202592969201 0.761904761904762 0.892857142857143 "Uqcrc2_noRT" "non-targeting_noRT"
"3150" "Aaas" 12.0634228434983 -0.634061373614851 -1.08235554605768 0.279094573120322 NA 0.571428571428571 0.571428571428571 "Uqcrc2_noRT" "non-targeting_noRT"
"3151" "Whamm" 9.09879042883685 -0.708219242670528 -1.08228735008874 0.279124865138324 NA 0.285714285714286 0.642857142857143 "Uqcrc2_noRT" "non-targeting_noRT"
"3152" "Cyb5r3" 46.5431629140899 -0.335151259217302 -1.08186864051464 0.279310901062102 0.720202592969201 0.80952380952381 0.928571428571429 "Uqcrc2_noRT" "non-targeting_noRT"
"3153" "Adipor1" 30.5070498777812 -0.389935770019022 -1.08179538506616 0.279343457691714 0.720202592969201 0.761904761904762 0.946428571428571 "Uqcrc2_noRT" "non-targeting_noRT"
"3154" "Foxg1" 8.25675733389654 0.728225731122808 1.08163650144791 0.279414078577265 NA 0.476190476190476 0.375 "Uqcrc2_noRT" "non-targeting_noRT"
"3155" "Tmem238" 34.5867015454463 0.363819418208404 1.0816181258491 0.279422246980585 0.720202592969201 0.857142857142857 0.910714285714286 "Uqcrc2_noRT" "non-targeting_noRT"
"3156" "Adk" 70.8676183719998 -0.329176876748502 -1.0815833644385 0.279437699722254 0.720202592969201 0.904761904761905 0.892857142857143 "Uqcrc2_noRT" "non-targeting_noRT"
"3157" "Smarcd1" 14.8387294422075 -0.548236015556148 -1.08135552978454 0.279538995094764 0.720202592969201 0.666666666666667 0.696428571428571 "Uqcrc2_noRT" "non-targeting_noRT"
"3158" "Dbnl" 27.8193234319138 -0.439283314855186 -1.0810515759275 0.279674171954136 0.720202592969201 0.714285714285714 0.892857142857143 "Uqcrc2_noRT" "non-targeting_noRT"
"3159" "Limk1" 1.45883439250071 -1.78195196549827 -1.08103676305288 0.279680760792817 NA 0.0476190476190476 0.232142857142857 "Uqcrc2_noRT" "non-targeting_noRT"
"3160" "Rdx" 49.3448478336305 -0.307761356034731 -1.08101145735537 0.279692017134245 0.720202592969201 0.952380952380952 0.964285714285714 "Uqcrc2_noRT" "non-targeting_noRT"
"3161" "Phldb3" 1.20081491204104 1.90049987714825 1.08040349573089 0.279962539854243 NA 0.142857142857143 0.0535714285714286 "Uqcrc2_noRT" "non-targeting_noRT"
"3162" "Gm10125" 1.20081491204104 1.90049987714825 1.08040349573089 0.279962539854243 NA 0.0952380952380952 0.0535714285714286 "Uqcrc2_noRT" "non-targeting_noRT"
"3163" "Sgf29" 12.2699499046239 -0.62910632898805 -1.08036990780551 0.279977490546047 NA 0.523809523809524 0.714285714285714 "Uqcrc2_noRT" "non-targeting_noRT"
"3164" "Rab4b" 28.3941178782465 0.404893108335849 1.0800693854435 0.280111283511701 0.720529346046785 0.80952380952381 0.839285714285714 "Uqcrc2_noRT" "non-targeting_noRT"
"3165" "Rcor1" 14.59887009822 0.5331688815756 1.07994390069729 0.280167162346369 0.720529346046785 0.714285714285714 0.714285714285714 "Uqcrc2_noRT" "non-targeting_noRT"
"3166" "Rbm12b1" 1.46573520057234 -1.7887680728464 -1.07974302660263 0.280256628109003 NA 0.0476190476190476 0.232142857142857 "Uqcrc2_noRT" "non-targeting_noRT"
"3167" "Map11" 1.46573520057234 -1.7887680728464 -1.07974302660263 0.280256628109003 NA 0.0476190476190476 0.196428571428571 "Uqcrc2_noRT" "non-targeting_noRT"
"3168" "Tmem214" 9.82810532114136 -0.683228493916791 -1.07965307195697 0.280296698605482 NA 0.380952380952381 0.714285714285714 "Uqcrc2_noRT" "non-targeting_noRT"
"3169" "Mrpl47" 10.40053351443 -0.651763457196399 -1.07886300555685 0.280648802640952 NA 0.428571428571429 0.696428571428571 "Uqcrc2_noRT" "non-targeting_noRT"
"3170" "Erap1" 11.4294239572814 -0.641923706464402 -1.07880249042969 0.28067578442485 NA 0.523809523809524 0.678571428571429 "Uqcrc2_noRT" "non-targeting_noRT"
"3171" "Zc3h3" 1.4837495287856 -1.80662542041602 -1.07841442909341 0.280848850585683 NA 0.0476190476190476 0.160714285714286 "Uqcrc2_noRT" "non-targeting_noRT"
"3172" "B930036N10Rik" 7.60020256951324 -0.768653542292755 -1.07808278053725 0.280996815393975 NA 0.333333333333333 0.428571428571429 "Uqcrc2_noRT" "non-targeting_noRT"
"3173" "Adgrv1" 3.43006134565725 -1.29690771875464 -1.07725222803721 0.28136759809116 NA 0.142857142857143 0.232142857142857 "Uqcrc2_noRT" "non-targeting_noRT"
"3174" "Hdgf" 122.100008153965 -0.262390311748229 -1.07705276996291 0.281456691375093 0.72331017798191 1 0.982142857142857 "Uqcrc2_noRT" "non-targeting_noRT"
"3175" "Papolg" 1.52980407904216 -1.80458475420368 -1.07683726874647 0.281552972270664 NA 0.0476190476190476 0.196428571428571 "Uqcrc2_noRT" "non-targeting_noRT"
"3176" "Npm1" 1807.14409086043 -0.113138407985059 -1.07673640894885 0.281598041742112 0.72331017798191 1 1 "Uqcrc2_noRT" "non-targeting_noRT"
"3177" "Wfdc12" 1.02118435190053 2.3692120121499 1.07607536718001 0.281893551205269 NA 0.0952380952380952 0.0357142857142857 "Uqcrc2_noRT" "non-targeting_noRT"
"3178" "Hist1h4a" 1.50590966121215 -1.76833908394392 -1.07576857536026 0.28203076963172 NA 0.0476190476190476 0.125 "Uqcrc2_noRT" "non-targeting_noRT"
"3179" "Spryd7" 13.8682095658107 0.540693838098837 1.07572398080134 0.282050719159527 0.72372081466919 0.666666666666667 0.696428571428571 "Uqcrc2_noRT" "non-targeting_noRT"
"3180" "Chkb" 10.7895860428486 -0.687582076713835 -1.07561226410932 0.282100700204031 NA 0.571428571428571 0.732142857142857 "Uqcrc2_noRT" "non-targeting_noRT"
"3181" "Aldh1a3" 1.49530003868401 -1.77035585701891 -1.07530872062027 0.28223653316527 NA 0.0476190476190476 0.232142857142857 "Uqcrc2_noRT" "non-targeting_noRT"
"3182" "Herpud2" 9.66060899959735 -0.674731175188314 -1.07506915088915 0.28234376975916 NA 0.428571428571429 0.660714285714286 "Uqcrc2_noRT" "non-targeting_noRT"
"3183" "Samhd1" 27.7227244304831 -0.431198608705678 -1.07471783692642 0.282501075442642 0.72372081466919 0.714285714285714 0.892857142857143 "Uqcrc2_noRT" "non-targeting_noRT"
"3184" "Dcaf12" 14.0865839006602 -0.589426628268206 -1.07456280726884 0.282570511005849 0.72372081466919 0.523809523809524 0.75 "Uqcrc2_noRT" "non-targeting_noRT"
"3185" "Arhgef17" 1.15425646417099 1.90395852669178 1.07451346346649 0.282592613815141 NA 0.0952380952380952 0.0535714285714286 "Uqcrc2_noRT" "non-targeting_noRT"
"3186" "Psmb7" 83.9778302478265 -0.257929950331904 -1.07445658263363 0.282618094177266 0.72372081466919 1 0.982142857142857 "Uqcrc2_noRT" "non-targeting_noRT"
"3187" "Psmd14" 72.9190158228584 -0.252935103342483 -1.07442466741192 0.282632391615614 0.72372081466919 0.952380952380952 1 "Uqcrc2_noRT" "non-targeting_noRT"
"3188" "Sec24c" 3.85945446323918 -1.11236941187644 -1.07442189244467 0.282633634773594 NA 0.19047619047619 0.410714285714286 "Uqcrc2_noRT" "non-targeting_noRT"
"3189" "Sox6" 31.8368660317664 -0.428430410015926 -1.07385859134047 0.282886064860261 0.723922409642399 0.80952380952381 0.875 "Uqcrc2_noRT" "non-targeting_noRT"
"3190" "Fbxw11" 7.48650122262992 0.718032706071729 1.07370641154105 0.282954286849108 NA 0.523809523809524 0.428571428571429 "Uqcrc2_noRT" "non-targeting_noRT"
"3191" "Taf12" 47.540662932387 -0.306589908326694 -1.07304858088243 0.283249319657752 0.724404007876253 0.952380952380952 0.982142857142857 "Uqcrc2_noRT" "non-targeting_noRT"
"3192" "Stau1" 7.89237683992903 0.710550452925567 1.07289676265138 0.283317438743003 NA 0.476190476190476 0.410714285714286 "Uqcrc2_noRT" "non-targeting_noRT"
"3193" "Hspe1-rs1" 6.84320461383758 -0.793039742396821 -1.07288080158136 0.283324600935234 NA 0.333333333333333 0.607142857142857 "Uqcrc2_noRT" "non-targeting_noRT"
"3194" "Cdt1" 15.0366331376095 -0.593653659321675 -1.07238133263056 0.283548789023986 0.72472198207613 0.428571428571429 0.589285714285714 "Uqcrc2_noRT" "non-targeting_noRT"
"3195" "Fech" 7.90869054112275 -0.770833820833655 -1.07150094837958 0.283944244501745 NA 0.333333333333333 0.571428571428571 "Uqcrc2_noRT" "non-targeting_noRT"
"3196" "Acot9" 29.749414956845 -0.382177537348135 -1.07148873248398 0.283949734325061 0.724991505235488 0.761904761904762 0.892857142857143 "Uqcrc2_noRT" "non-targeting_noRT"
"3197" "Gyg" 13.892917021492 0.546139607387467 1.07117818773269 0.284089317264719 0.724991505235488 0.714285714285714 0.696428571428571 "Uqcrc2_noRT" "non-targeting_noRT"
"3198" "Flywch1" 14.0462155520974 -0.562271579580554 -1.07097682413524 0.284179850529715 0.724991505235488 0.571428571428571 0.732142857142857 "Uqcrc2_noRT" "non-targeting_noRT"
"3199" "Atxn7l1" 2.25600876693281 1.45306476579707 1.07066257597183 0.284321175817096 NA 0.142857142857143 0.107142857142857 "Uqcrc2_noRT" "non-targeting_noRT"
"3200" "Nrf1" 7.67413208233248 -0.827539213412021 -1.07048089470235 0.284402904140094 NA 0.333333333333333 0.5 "Uqcrc2_noRT" "non-targeting_noRT"
"3201" "Pip4p2" 56.1900328065694 0.291796433029622 1.070465098746 0.284410010615582 0.725020650557994 0.952380952380952 1 "Uqcrc2_noRT" "non-targeting_noRT"
"3202" "Pgm1" 24.7474307341974 0.40628891177144 1.06978785277556 0.284714811231376 0.725020650557994 0.857142857142857 0.785714285714286 "Uqcrc2_noRT" "non-targeting_noRT"
"3203" "Stat2" 18.3052738828514 -0.512424868347745 -1.06940687671149 0.284886370009264 0.725020650557994 0.571428571428571 0.732142857142857 "Uqcrc2_noRT" "non-targeting_noRT"
"3204" "Thyn1" 35.1131608108479 -0.352496972641752 -1.06939411846196 0.284892116434823 0.725020650557994 0.761904761904762 0.928571428571429 "Uqcrc2_noRT" "non-targeting_noRT"
"3205" "Zswim1" 3.80842058131452 0.993918108308376 1.06902131049644 0.285060066974462 NA 0.333333333333333 0.25 "Uqcrc2_noRT" "non-targeting_noRT"
"3206" "Ufsp1" 1.51070411324878 -1.77302177565146 -1.06879953644263 0.28516000827199 NA 0.0476190476190476 0.196428571428571 "Uqcrc2_noRT" "non-targeting_noRT"
"3207" "Mospd1" 1.51070411324878 -1.77302177565146 -1.06879953644263 0.28516000827199 NA 0.0476190476190476 0.214285714285714 "Uqcrc2_noRT" "non-targeting_noRT"
"3208" "Fbxl6" 32.933806112348 -0.384980345730135 -1.06867574406785 0.285215804950398 0.7253599918276 0.80952380952381 0.946428571428571 "Uqcrc2_noRT" "non-targeting_noRT"
"3209" "Csprs" 6.6211959438573 0.947097639948155 1.06859816523916 0.285250775656439 NA 0.285714285714286 0.303571428571429 "Uqcrc2_noRT" "non-targeting_noRT"
"3210" "4930506C21Rik" 1.20771572011267 1.8783403685207 1.0684988588319 0.285295544873291 NA 0.142857142857143 0.0535714285714286 "Uqcrc2_noRT" "non-targeting_noRT"
"3211" "Peg13" 3.95374975087191 -1.09490005431561 -1.06846651521596 0.285310127016018 NA 0.19047619047619 0.428571428571429 "Uqcrc2_noRT" "non-targeting_noRT"
"3212" "Tubg1" 30.5233976221127 -0.415008393354052 -1.06832032518533 0.285376043183986 0.7253599918276 0.714285714285714 0.910714285714286 "Uqcrc2_noRT" "non-targeting_noRT"
"3213" "Wdr82" 7.26457499549475 -0.838477784283765 -1.06792237337539 0.285555529318031 NA 0.333333333333333 0.553571428571429 "Uqcrc2_noRT" "non-targeting_noRT"
"3214" "Fbxl17" 1.44503277635745 -1.76822186063886 -1.06757809502251 0.285710868945102 NA 0.0476190476190476 0.196428571428571 "Uqcrc2_noRT" "non-targeting_noRT"
"3215" "Pou3f1" 1.02539706397053 2.34825837362098 1.06750594837007 0.285743429010519 NA 0.0952380952380952 0.0357142857142857 "Uqcrc2_noRT" "non-targeting_noRT"
"3216" "Gm10451" 1.47626698074733 -1.79914723501599 -1.06739954201312 0.285791455190895 NA 0.0476190476190476 0.25 "Uqcrc2_noRT" "non-targeting_noRT"
"3217" "Nrbp2" 1.21621898660582 1.90106145087845 1.0667934236096 0.286065128898876 NA 0.142857142857143 0.0535714285714286 "Uqcrc2_noRT" "non-targeting_noRT"
"3218" "Armcx3" 16.3004668194699 0.489468113338338 1.06663374693905 0.286137255337623 0.726848350268314 0.619047619047619 0.660714285714286 "Uqcrc2_noRT" "non-targeting_noRT"
"3219" "Smad1" 6.83048863527444 -0.795430729344597 -1.06646234333696 0.286214692538983 NA 0.380952380952381 0.517857142857143 "Uqcrc2_noRT" "non-targeting_noRT"
"3220" "Tmem106a" 1.51012237328214 -1.77228819438892 -1.06623011579474 0.28631963153421 NA 0.0476190476190476 0.214285714285714 "Uqcrc2_noRT" "non-targeting_noRT"
"3221" "Zfp397" 10.5772786353641 0.596677313609407 1.06612940308468 0.286365149678246 NA 0.571428571428571 0.589285714285714 "Uqcrc2_noRT" "non-targeting_noRT"
"3222" "Pex14" 10.3453360275337 0.649423325077544 1.06582981595692 0.286500580053144 NA 0.428571428571429 0.571428571428571 "Uqcrc2_noRT" "non-targeting_noRT"
"3223" "Exd2" 1.45825265253407 -1.78120068620827 -1.06558389523933 0.286611782489855 NA 0.0476190476190476 0.214285714285714 "Uqcrc2_noRT" "non-targeting_noRT"
"3224" "Igf1" 6.86622020523838 -0.854151704669399 -1.06554839274329 0.286627838705605 NA 0.142857142857143 0.267857142857143 "Uqcrc2_noRT" "non-targeting_noRT"
"3225" "Zic5" 4.880006547123 0.959060655918231 1.06547833953302 0.286659522469847 NA 0.380952380952381 0.267857142857143 "Uqcrc2_noRT" "non-targeting_noRT"
"3226" "Adat2" 4.74198764656318 0.881155115221096 1.06537055797772 0.286708274681425 NA 0.380952380952381 0.232142857142857 "Uqcrc2_noRT" "non-targeting_noRT"
"3227" "Rad23b" 42.1148747248647 -0.320712186293643 -1.06529085526231 0.286744329753369 0.727943580686773 0.80952380952381 0.982142857142857 "Uqcrc2_noRT" "non-targeting_noRT"
"3228" "Rsbn1" 10.0314752127843 0.727427925057169 1.06499817338005 0.286876756352456 NA 0.523809523809524 0.392857142857143 "Uqcrc2_noRT" "non-targeting_noRT"
"3229" "Ncln" 20.0457224129079 -0.465185875425924 -1.06469601023649 0.287013516147399 0.728180214480649 0.619047619047619 0.785714285714286 "Uqcrc2_noRT" "non-targeting_noRT"
"3230" "AU040320" 4.62647831274487 -0.987734847231362 -1.0646101215981 0.287052397591704 NA 0.238095238095238 0.446428571428571 "Uqcrc2_noRT" "non-targeting_noRT"
"3231" "Tmtc4" 1.55573993378193 -1.8180003687316 -1.06448399141874 0.287109502665618 NA 0.0476190476190476 0.178571428571429 "Uqcrc2_noRT" "non-targeting_noRT"
"3232" "Dcun1d1" 11.1261094972853 0.596530023012309 1.06409928595356 0.287283724311949 NA 0.666666666666667 0.517857142857143 "Uqcrc2_noRT" "non-targeting_noRT"
"3233" "Plekhh3" 3.18556043270148 -1.24189770680509 -1.06388970826974 0.28737866581828 NA 0.0952380952380952 0.375 "Uqcrc2_noRT" "non-targeting_noRT"
"3234" "Tmem123" 6.89884806816741 -0.785812624219657 -1.06385453341428 0.287394602575185 NA 0.285714285714286 0.5 "Uqcrc2_noRT" "non-targeting_noRT"
"3235" "Rin1" 2.44811919145102 -1.45664417649301 -1.06382093486198 0.287409825709497 NA 0.0952380952380952 0.232142857142857 "Uqcrc2_noRT" "non-targeting_noRT"
"3236" "Peg10" 3.22545774966667 1.19630559541336 1.06339437521303 0.287603142499145 NA 0.238095238095238 0.125 "Uqcrc2_noRT" "non-targeting_noRT"
"3237" "Synj1" 1.55363357774693 -1.81593211815217 -1.06327771308668 0.287656029037025 NA 0.0476190476190476 0.214285714285714 "Uqcrc2_noRT" "non-targeting_noRT"
"3238" "Vegfa" 16.7211442612093 -0.652860460557893 -1.06313703790832 0.287719810156852 0.72930543586972 0.428571428571429 0.642857142857143 "Uqcrc2_noRT" "non-targeting_noRT"
"3239" "A630072M18Rik" 1.14364684164285 1.8872964545952 1.06294388543924 0.287807399646384 NA 0.142857142857143 0.0535714285714286 "Uqcrc2_noRT" "non-targeting_noRT"
"3240" "Cfap298" 26.3784843148453 0.3911896374947 1.06293921917443 0.287809515895421 0.72930543586972 0.714285714285714 0.839285714285714 "Uqcrc2_noRT" "non-targeting_noRT"
"3241" "Gm20186" 1.16115727224263 1.88167643278606 1.06276508667949 0.287888496141585 NA 0.142857142857143 0.0535714285714286 "Uqcrc2_noRT" "non-targeting_noRT"
"3242" "L3mbtl3" 4.41239298868354 0.925865509725377 1.06274242117598 0.287898777475154 NA 0.238095238095238 0.232142857142857 "Uqcrc2_noRT" "non-targeting_noRT"
"3243" "Poli" 2.31177920132893 1.24947106780879 1.06254344934762 0.287989044019053 NA 0.19047619047619 0.142857142857143 "Uqcrc2_noRT" "non-targeting_noRT"
"3244" "Dstn" 39.7421601616854 0.335639705393182 1.0624070054114 0.288050954881597 0.729470533231364 0.80952380952381 0.928571428571429 "Uqcrc2_noRT" "non-targeting_noRT"
"3245" "Cyp27a1" 1.6008104397234 1.5390582984223 1.06200442022807 0.288233678525734 NA 0.19047619047619 0.0892857142857143 "Uqcrc2_noRT" "non-targeting_noRT"
"3246" "Prr5l" 4.66569896278652 -1.01172039356592 -1.06185653950612 0.288300817619348 NA 0.238095238095238 0.375 "Uqcrc2_noRT" "non-targeting_noRT"
"3247" "Cd2ap" 30.5635721585403 -0.377351674108763 -1.06128234180804 0.288561608162687 0.730316779557921 0.761904761904762 0.892857142857143 "Uqcrc2_noRT" "non-targeting_noRT"
"3248" "0610009E02Rik" 0.65423030944901 2.70260159161727 1.06080952532153 0.288776472480159 NA 0.0952380952380952 0.0178571428571429 "Uqcrc2_noRT" "non-targeting_noRT"
"3249" "Hsd17b14" 0.65423030944901 2.70260159161727 1.06080952532153 0.288776472480159 NA 0.0952380952380952 0.0178571428571429 "Uqcrc2_noRT" "non-targeting_noRT"
"3250" "Gm11772" 0.65423030944901 2.70260159161727 1.06080952532153 0.288776472480159 NA 0.0952380952380952 0.0178571428571429 "Uqcrc2_noRT" "non-targeting_noRT"
"3251" "Tnks1bp1" 4.41929379675517 0.921546386286792 1.06067987464439 0.288835409105686 NA 0.333333333333333 0.214285714285714 "Uqcrc2_noRT" "non-targeting_noRT"
"3252" "Nxn" 7.7776489312656 -0.780601067456273 -1.05989828027637 0.289190878118945 NA 0.380952380952381 0.589285714285714 "Uqcrc2_noRT" "non-targeting_noRT"
"3253" "Tbx2" 0.652123953414012 2.7024916498971 1.05978983819831 0.289240220833169 NA 0.0476190476190476 0.0178571428571429 "Uqcrc2_noRT" "non-targeting_noRT"
"3254" "Gm20337" 0.652123953414012 2.7024916498971 1.05978983819831 0.289240220833169 NA 0.0952380952380952 0.0178571428571429 "Uqcrc2_noRT" "non-targeting_noRT"
"3255" "Meiob" 5.01966372214888 -1.0359621963806 -1.0592303621314 0.289494880642585 NA 0.238095238095238 0.446428571428571 "Uqcrc2_noRT" "non-targeting_noRT"
"3256" "Iscu" 38.5565324011348 -0.383881524049586 -1.05852119166894 0.289817894627321 0.733047951080595 0.761904761904762 0.910714285714286 "Uqcrc2_noRT" "non-targeting_noRT"
"3257" "Adamts12" 2.3027720372223 1.26132253253603 1.05846791122775 0.289842172676021 NA 0.19047619047619 0.107142857142857 "Uqcrc2_noRT" "non-targeting_noRT"
"3258" "Mpnd" 10.5348550572109 0.590380252166171 1.05822750341489 0.289951735203598 NA 0.666666666666667 0.589285714285714 "Uqcrc2_noRT" "non-targeting_noRT"
"3259" "Hist1h2af" 1.44924548842744 -1.77220659077987 -1.05812156478204 0.290000024115459 NA 0.0476190476190476 0.142857142857143 "Uqcrc2_noRT" "non-targeting_noRT"
"3260" "Canx" 134.696536598664 -0.237460697420136 -1.05802122065474 0.290045767933725 0.733176168423797 0.952380952380952 1 "Uqcrc2_noRT" "non-targeting_noRT"
"3261" "Glrx2" 57.8742748271145 0.270471974562656 1.05740530793429 0.290326650098913 0.733201261982424 1 0.964285714285714 "Uqcrc2_noRT" "non-targeting_noRT"
"3262" "Iars2" 9.73207229282333 0.632851819088177 1.05692321928824 0.290546630513648 NA 0.619047619047619 0.535714285714286 "Uqcrc2_noRT" "non-targeting_noRT"
"3263" "Eif4ebp2" 17.8559709919084 0.494958354574343 1.05679781798821 0.29060387037685 0.733201261982424 0.714285714285714 0.696428571428571 "Uqcrc2_noRT" "non-targeting_noRT"
"3264" "Mbnl2" 30.4870153699953 -0.377175885367486 -1.0565220244389 0.29072978399848 0.733201261982424 0.904761904761905 0.910714285714286 "Uqcrc2_noRT" "non-targeting_noRT"
"3265" "Pex19" 7.30577011294992 0.749787945392109 1.05648214465963 0.290747994159392 NA 0.476190476190476 0.482142857142857 "Uqcrc2_noRT" "non-targeting_noRT"
"3266" "Csrp1" 17.0858040723829 0.463688100526574 1.05644612051197 0.290764444396607 0.733201261982424 0.714285714285714 0.660714285714286 "Uqcrc2_noRT" "non-targeting_noRT"
"3267" "Gm43329" 0.64522314534238 2.70212977039993 1.05642731947817 0.290773030038266 NA 0.0952380952380952 0.0178571428571429 "Uqcrc2_noRT" "non-targeting_noRT"
"3268" "Gm30083" 0.64522314534238 2.70212977039993 1.05642731947817 0.290773030038266 NA 0.0476190476190476 0.0178571428571429 "Uqcrc2_noRT" "non-targeting_noRT"
"3269" "Onecut2" 2.47136695018915 -1.45540448140118 -1.05633635656814 0.290814571383206 NA 0.0952380952380952 0.267857142857143 "Uqcrc2_noRT" "non-targeting_noRT"
"3270" "Ankrd13c" 6.82940299769432 -0.789826343430612 -1.05619428599174 0.290879460789814 NA 0.285714285714286 0.553571428571429 "Uqcrc2_noRT" "non-targeting_noRT"
"3271" "Zscan20" 1.16536998431262 1.86869640276257 1.05591052751486 0.291009093966959 NA 0.142857142857143 0.0535714285714286 "Uqcrc2_noRT" "non-targeting_noRT"
"3272" "Kank2" 1.16536998431262 1.86869640276257 1.05591052751486 0.291009093966959 NA 0.142857142857143 0.0357142857142857 "Uqcrc2_noRT" "non-targeting_noRT"
"3273" "Tbc1d23" 4.03001778706348 -1.09827175037896 -1.05557696278055 0.291161530475601 NA 0.19047619047619 0.375 "Uqcrc2_noRT" "non-targeting_noRT"
"3274" "Rsad2" 40.4699713595462 -1.01774699864632 -1.05542128582332 0.291232692016744 0.733568450652095 0.523809523809524 0.678571428571429 "Uqcrc2_noRT" "non-targeting_noRT"
"3275" "Pde4b" 8.69880297746671 -0.773514631865957 -1.05529650315642 0.291289739902069 NA 0.285714285714286 0.446428571428571 "Uqcrc2_noRT" "non-targeting_noRT"
"3276" "AW549877" 15.2188823047492 0.50888794267873 1.05524819944163 0.291311825312924 0.733568450652095 0.761904761904762 0.642857142857143 "Uqcrc2_noRT" "non-targeting_noRT"
"3277" "Bambi" 2.78797784607761 1.16801927070811 1.05507188918046 0.291392447394628 NA 0.238095238095238 0.125 "Uqcrc2_noRT" "non-targeting_noRT"
"3278" "Lsm8" 95.8611000074486 -0.247062699511173 -1.05496378489883 0.291441888079276 0.733568450652095 1 1 "Uqcrc2_noRT" "non-targeting_noRT"
"3279" "Tent5a" 11.8576564531143 -0.60776770828434 -1.05416533325269 0.291807228601275 NA 0.428571428571429 0.589285714285714 "Uqcrc2_noRT" "non-targeting_noRT"
"3280" "Hsph1" 32.6289011106881 0.36049134850721 1.05409043174931 0.291841516408391 0.734121947376443 0.666666666666667 0.803571428571429 "Uqcrc2_noRT" "non-targeting_noRT"
"3281" "Hint1" 1003.60417141799 0.12338802187984 1.05370803663414 0.292016608357087 0.734121947376443 1 1 "Uqcrc2_noRT" "non-targeting_noRT"
"3282" "Fbh1" 5.73424540954693 0.833670191597914 1.05366097427988 0.29203816225198 NA 0.428571428571429 0.339285714285714 "Uqcrc2_noRT" "non-targeting_noRT"
"3283" "Bin1" 8.08849711221444 0.680645278270861 1.05286502107309 0.292402859509433 NA 0.380952380952381 0.428571428571429 "Uqcrc2_noRT" "non-targeting_noRT"
"3284" "Prdx5" 84.6367098041311 -0.258156305112339 -1.05267589433944 0.292489560314376 0.734864481227011 0.952380952380952 1 "Uqcrc2_noRT" "non-targeting_noRT"
"3285" "Irak4" 3.28239365272752 1.02327465112653 1.0521323892358 0.292738813828291 NA 0.285714285714286 0.232142857142857 "Uqcrc2_noRT" "non-targeting_noRT"
"3286" "Cubn" 1.60771124779503 1.52502834100516 1.05212921636538 0.292740269337349 NA 0.19047619047619 0.0892857142857143 "Uqcrc2_noRT" "non-targeting_noRT"
"3287" "Dhdds" 2.43750956892288 -1.46411168489027 -1.05212581599397 0.292741829214635 NA 0.0952380952380952 0.357142857142857 "Uqcrc2_noRT" "non-targeting_noRT"
"3288" "Bcar1" 2.2461078644376 1.2297510454222 1.05132437930601 0.293109633802783 NA 0.238095238095238 0.125 "Uqcrc2_noRT" "non-targeting_noRT"
"3289" "Pigo" 0.759588235921346 -2.11209254255769 -1.05126967084269 0.293134752547022 NA 0 0.142857142857143 "Uqcrc2_noRT" "non-targeting_noRT"
"3290" "Prkcz" 0.759588235921346 -2.11209254255769 -1.05126967084269 0.293134752547022 NA 0 0.160714285714286 "Uqcrc2_noRT" "non-targeting_noRT"
"3291" "Rab43" 0.759588235921346 -2.11209254255769 -1.05126967084269 0.293134752547022 NA 0 0.142857142857143 "Uqcrc2_noRT" "non-targeting_noRT"
"3292" "Zfp82" 0.759588235921346 -2.11209254255769 -1.05126967084269 0.293134752547022 NA 0 0.160714285714286 "Uqcrc2_noRT" "non-targeting_noRT"
"3293" "Crtc1" 0.759588235921346 -2.11209254255769 -1.05126967084269 0.293134752547022 NA 0 0.160714285714286 "Uqcrc2_noRT" "non-targeting_noRT"
"3294" "Psmb8" 444.656070224152 0.14491614340922 1.05116881020135 0.293181065305162 0.736068723928123 1 1 "Uqcrc2_noRT" "non-targeting_noRT"
"3295" "Fchsd2" 10.6717043583449 -0.633686298622086 -1.05095182928087 0.293280714321489 NA 0.476190476190476 0.714285714285714 "Uqcrc2_noRT" "non-targeting_noRT"
"3296" "Smg6" 8.50641078824349 -0.703711447758977 -1.05069849292453 0.293397088417248 NA 0.333333333333333 0.607142857142857 "Uqcrc2_noRT" "non-targeting_noRT"
"3297" "Slc2a3" 15.566456574819 0.572128557771717 1.05068216696187 0.293404589071157 0.736068723928123 0.619047619047619 0.553571428571429 "Uqcrc2_noRT" "non-targeting_noRT"
"3298" "Syt14" 0.766489043992978 -2.12319156937114 -1.0506477823858 0.293420386833349 NA 0 0.125 "Uqcrc2_noRT" "non-targeting_noRT"
"3299" "Fbxo46" 0.766489043992978 -2.12319156937114 -1.0506477823858 0.293420386833349 NA 0 0.160714285714286 "Uqcrc2_noRT" "non-targeting_noRT"
"3300" "Manbal" 23.0460408240984 0.408722148015971 1.05009968637284 0.293672282916858 0.736068723928123 0.761904761904762 0.732142857142857 "Uqcrc2_noRT" "non-targeting_noRT"
"3301" "Cnot2" 15.2422550548222 0.493412964065893 1.05008204662714 0.293680392268084 0.736068723928123 0.571428571428571 0.732142857142857 "Uqcrc2_noRT" "non-targeting_noRT"
"3302" "Nlrc5" 8.64079526100826 0.740733132225504 1.04994432047322 0.293743712957728 NA 0.428571428571429 0.410714285714286 "Uqcrc2_noRT" "non-targeting_noRT"
"3303" "Brf2" 5.00690633022979 0.842073554986026 1.04967031367427 0.293869716984625 NA 0.380952380952381 0.303571428571429 "Uqcrc2_noRT" "non-targeting_noRT"
"3304" "Gtpbp10" 7.81332994256464 0.833900098907863 1.04956224649292 0.293919422433528 NA 0.428571428571429 0.375 "Uqcrc2_noRT" "non-targeting_noRT"
"3305" "Mysm1" 16.7121190056189 -0.497715762755134 -1.0491842401361 0.294093330630873 0.73628883608121 0.714285714285714 0.75 "Uqcrc2_noRT" "non-targeting_noRT"
"3306" "Mrpl20" 127.725838088982 -0.234342935728311 -1.04911741741521 0.294124080725529 0.73628883608121 1 1 "Uqcrc2_noRT" "non-targeting_noRT"
"3307" "Cluap1" 2.42894138330449 -1.44351977628782 -1.04894005393822 0.294205709283233 NA 0.0952380952380952 0.303571428571429 "Uqcrc2_noRT" "non-targeting_noRT"
"3308" "Fbxl18" 2.45545897801089 -1.44504664114596 -1.04888686809395 0.29423019013371 NA 0.0476190476190476 0.303571428571429 "Uqcrc2_noRT" "non-targeting_noRT"
"3309" "Mcam" 9.9485283627054 -0.716171599248877 -1.0488169690813 0.294262365945954 NA 0.333333333333333 0.571428571428571 "Uqcrc2_noRT" "non-targeting_noRT"
"3310" "Btbd8" 2.30756453114229 -1.42624348457107 -1.04850230160584 0.294407242435061 NA 0.0952380952380952 0.267857142857143 "Uqcrc2_noRT" "non-targeting_noRT"
"3311" "Ccnj" 1.23996865422597 1.97628952205308 1.04847543333177 0.294419615109698 NA 0.0952380952380952 0.0535714285714286 "Uqcrc2_noRT" "non-targeting_noRT"
"3312" "Tpm3" 60.1903559314347 0.271532195725361 1.0478264260704 0.294718584850987 0.737331018206399 0.857142857142857 0.946428571428571 "Uqcrc2_noRT" "non-targeting_noRT"
"3313" "Gopc" 8.61408021539753 0.675553277464162 1.04777794976225 0.294740923964733 NA 0.571428571428571 0.482142857142857 "Uqcrc2_noRT" "non-targeting_noRT"
"3314" "Togaram1" 4.88297356100296 -0.99872132861055 -1.04776096068291 0.294748753232407 NA 0.238095238095238 0.464285714285714 "Uqcrc2_noRT" "non-targeting_noRT"
"3315" "Prkab1" 4.73013991188786 -0.954142560286401 -1.04770721083292 0.294773524295627 NA 0.19047619047619 0.517857142857143 "Uqcrc2_noRT" "non-targeting_noRT"
"3316" "Arnt" 5.52629160974844 -0.880057539798402 -1.0476312455857 0.294808535887526 NA 0.19047619047619 0.517857142857143 "Uqcrc2_noRT" "non-targeting_noRT"
"3317" "Sybu" 2.05267568815382 1.39127880717102 1.04739296470619 0.294918375143335 NA 0.142857142857143 0.125 "Uqcrc2_noRT" "non-targeting_noRT"
"3318" "Bod1" 29.6873596800977 -0.385535618638966 -1.04722874057535 0.29499409275489 0.737574353969627 0.714285714285714 0.910714285714286 "Uqcrc2_noRT" "non-targeting_noRT"
"3319" "Ggps1" 10.2638050742796 -0.686279574347877 -1.04722144662168 0.294997456026485 NA 0.428571428571429 0.678571428571429 "Uqcrc2_noRT" "non-targeting_noRT"
"3320" "Usp42" 1.44023832432081 -1.76307330883208 -1.04607539646504 0.29552622354219 NA 0.0476190476190476 0.196428571428571 "Uqcrc2_noRT" "non-targeting_noRT"
"3321" "Lrp10" 8.35582824537325 -0.693211696958075 -1.04589675179245 0.295608704213396 NA 0.380952380952381 0.571428571428571 "Uqcrc2_noRT" "non-targeting_noRT"
"3322" "Zbtb37" 0.761694591956344 -2.1154378649692 -1.04583791440748 0.295635872948291 NA 0 0.142857142857143 "Uqcrc2_noRT" "non-targeting_noRT"
"3323" "Sec14l5" 2.24771032285911 1.24867316845413 1.04573894343296 0.29568157752999 NA 0.19047619047619 0.125 "Uqcrc2_noRT" "non-targeting_noRT"
"3324" "Katnal1" 8.30824907904833 -0.700859611698809 -1.0448805519599 0.296078179297856 NA 0.428571428571429 0.517857142857143 "Uqcrc2_noRT" "non-targeting_noRT"
"3325" "Magoh" 134.58071560365 -0.203586604643451 -1.04400896415579 0.296481242280558 0.740658265980022 1 1 "Uqcrc2_noRT" "non-targeting_noRT"
"3326" "Urm1" 18.8867460676845 0.470409958316739 1.0437836724909 0.296585487368027 0.740658265980022 0.714285714285714 0.642857142857143 "Uqcrc2_noRT" "non-targeting_noRT"
"3327" "Cnmd" 15.6587832206157 0.70489003171157 1.04292360407835 0.296983676531859 0.740937312128235 0.428571428571429 0.517857142857143 "Uqcrc2_noRT" "non-targeting_noRT"
"3328" "Rhobtb3" 16.7992420771311 0.466682294159041 1.04276889448563 0.297055340942664 0.740937312128235 0.666666666666667 0.696428571428571 "Uqcrc2_noRT" "non-targeting_noRT"
"3329" "Zfp84" 5.99974782191164 0.7825207894401 1.04270258088199 0.297086062198804 NA 0.428571428571429 0.339285714285714 "Uqcrc2_noRT" "non-targeting_noRT"
"3330" "Tmem67" 2.31817415367043 -1.41832735933411 -1.04248854607134 0.297185233092546 NA 0.0952380952380952 0.267857142857143 "Uqcrc2_noRT" "non-targeting_noRT"
"3331" "Cd276" 7.53534513992588 -0.727555804629757 -1.04188745147493 0.297463862624435 NA 0.285714285714286 0.517857142857143 "Uqcrc2_noRT" "non-targeting_noRT"
"3332" "Rwdd1" 160.171032944123 0.19936279034778 1.04178828262716 0.29750984781991 0.741559622258293 1 1 "Uqcrc2_noRT" "non-targeting_noRT"
"3333" "Pltp" 0.757481879886348 -2.10875977211347 -1.04165777564988 0.297570371936309 NA 0 0.142857142857143 "Uqcrc2_noRT" "non-targeting_noRT"
"3334" "Ccp110" 3.18862743498178 -1.20868690737991 -1.04156142558218 0.297615060671685 NA 0.142857142857143 0.321428571428571 "Uqcrc2_noRT" "non-targeting_noRT"
"3335" "Preb" 13.8906938069806 -0.543552702458233 -1.04145753685867 0.297663250983814 0.741559622258293 0.714285714285714 0.714285714285714 "Uqcrc2_noRT" "non-targeting_noRT"
"3336" "Noc2l" 16.3601525572461 -0.512264730085495 -1.04096994338672 0.2978894980536 0.741566777665627 0.619047619047619 0.803571428571429 "Uqcrc2_noRT" "non-targeting_noRT"
"3337" "Slc30a4" 5.73330452217667 0.810928142447373 1.04070730179879 0.298011413342183 NA 0.333333333333333 0.267857142857143 "Uqcrc2_noRT" "non-targeting_noRT"
"3338" "Selenot" 23.1461581621715 -0.42388726067877 -1.04067902491015 0.298024541144982 0.741566777665627 0.714285714285714 0.839285714285714 "Uqcrc2_noRT" "non-targeting_noRT"
"3339" "Sugt1" 41.9901592797573 0.326609552585359 1.04028774451995 0.298206236284392 0.741572960183182 0.857142857142857 0.928571428571429 "Uqcrc2_noRT" "non-targeting_noRT"
"3340" "Pip5k1c" 4.42350650882517 0.919303916653317 1.04023669722051 0.298229946086324 NA 0.238095238095238 0.25 "Uqcrc2_noRT" "non-targeting_noRT"
"3341" "E2f8" 4.90039322602168 -1.02948893169365 -1.04009842153824 0.298294176945107 NA 0.142857142857143 0.357142857142857 "Uqcrc2_noRT" "non-targeting_noRT"
"3342" "Mzt1" 12.4800242370048 0.539206236783281 1.04005905163124 0.298312466470281 NA 0.714285714285714 0.607142857142857 "Uqcrc2_noRT" "non-targeting_noRT"
"3343" "Sgk1" 5.3946897769625 0.822306893566565 1.03978135182543 0.298441494843765 NA 0.380952380952381 0.267857142857143 "Uqcrc2_noRT" "non-targeting_noRT"
"3344" "Rbsn" 2.30335181907229 -1.42386318595821 -1.03909080079579 0.298762508878197 NA 0.0952380952380952 0.303571428571429 "Uqcrc2_noRT" "non-targeting_noRT"
"3345" "Pcgf6" 38.2497111990268 0.345687400670765 1.03897670704852 0.298815569418497 0.742550567164069 0.80952380952381 0.928571428571429 "Uqcrc2_noRT" "non-targeting_noRT"
"3346" "Srp19" 97.3083623612457 -0.222831545990606 -1.03804000623264 0.299251430153874 0.742550567164069 0.952380952380952 1 "Uqcrc2_noRT" "non-targeting_noRT"
"3347" "Ndfip2" 18.3466764102618 0.462093156240423 1.03795507972664 0.29929096867618 0.742550567164069 0.80952380952381 0.75 "Uqcrc2_noRT" "non-targeting_noRT"
"3348" "Tomm5" 146.523576083757 -0.240264443212566 -1.03789885857431 0.299317145004753 0.742550567164069 1 1 "Uqcrc2_noRT" "non-targeting_noRT"
"3349" "Rnf183" 4.30915545606943 0.905126667920613 1.03742606455992 0.299537336315346 NA 0.380952380952381 0.267857142857143 "Uqcrc2_noRT" "non-targeting_noRT"
"3350" "Fam120a" 21.014031560202 0.421047928307449 1.0373969304704 0.299550908280639 0.742685235749123 0.761904761904762 0.821428571428571 "Uqcrc2_noRT" "non-targeting_noRT"
"3351" "Tgfbr2" 3.24222460548618 -1.21108150161532 -1.03723368929369 0.299626960928872 NA 0.142857142857143 0.321428571428571 "Uqcrc2_noRT" "non-targeting_noRT"
"3352" "Zc3h11a" 0.76438268795798 -2.11992430803718 -1.03714726302798 0.299667231390428 NA 0 0.160714285714286 "Uqcrc2_noRT" "non-targeting_noRT"
"3353" "Osbpl8" 4.03256113285526 -1.06121948065505 -1.03695917886823 0.299754881992189 NA 0.142857142857143 0.375 "Uqcrc2_noRT" "non-targeting_noRT"
"3354" "Hist1h3e" 8.26843575454362 -0.715688504369291 -1.03691138830385 0.299777155978806 NA 0.285714285714286 0.464285714285714 "Uqcrc2_noRT" "non-targeting_noRT"
"3355" "Hip1r" 1.49210804506888 -1.75388110824338 -1.03685458974995 0.299803629799516 NA 0.0476190476190476 0.178571428571429 "Uqcrc2_noRT" "non-targeting_noRT"
"3356" "Qpctl" 3.3337465526342 1.02171690253039 1.03684703337837 0.299807151943776 NA 0.238095238095238 0.214285714285714 "Uqcrc2_noRT" "non-targeting_noRT"
"3357" "Serpinb8" 0.752687427849714 -2.10094058106959 -1.03680502178669 0.299826734714095 NA 0 0.125 "Uqcrc2_noRT" "non-targeting_noRT"
"3358" "Upp2" 0.752687427849714 -2.10094058106959 -1.03680502178669 0.299826734714095 NA 0 0.160714285714286 "Uqcrc2_noRT" "non-targeting_noRT"
"3359" "1700094D03Rik" 0.752687427849714 -2.10094058106959 -1.03680502178669 0.299826734714095 NA 0 0.142857142857143 "Uqcrc2_noRT" "non-targeting_noRT"
"3360" "Fanca" 0.752687427849714 -2.10094058106959 -1.03680502178669 0.299826734714095 NA 0 0.142857142857143 "Uqcrc2_noRT" "non-targeting_noRT"
"3361" "Slc44a2" 0.752687427849714 -2.10094058106959 -1.03680502178669 0.299826734714095 NA 0 0.160714285714286 "Uqcrc2_noRT" "non-targeting_noRT"
"3362" "Sf3b6" 146.388469877831 -0.192957445459788 -1.03676284786247 0.299846394010074 0.742972681684841 0.904761904761905 1 "Uqcrc2_noRT" "non-targeting_noRT"
"3363" "Entpd6" 2.30967284529393 1.25300303228074 1.03626336111854 0.300079294201612 NA 0.19047619047619 0.125 "Uqcrc2_noRT" "non-targeting_noRT"
"3364" "Uros" 2.3091669895638 -1.41238658001697 -1.0362424713769 0.300089037276862 NA 0.0952380952380952 0.285714285714286 "Uqcrc2_noRT" "non-targeting_noRT"
"3365" "Ubr5" 25.5140120409366 -0.403639145698696 -1.03590906265236 0.30024456924425 0.743514079911853 0.714285714285714 0.839285714285714 "Uqcrc2_noRT" "non-targeting_noRT"
"3366" "Pcdhb22" 1.15955481382111 1.83602790565461 1.03581153528106 0.300290074982701 NA 0.0952380952380952 0.0535714285714286 "Uqcrc2_noRT" "non-targeting_noRT"
"3367" "Tti2" 3.86665434650486 -1.0670804677752 -1.03540723637469 0.300478767673949 NA 0.19047619047619 0.464285714285714 "Uqcrc2_noRT" "non-targeting_noRT"
"3368" "Dnajb9" 9.20557711373824 -0.674489589251082 -1.03539936831858 0.300482440603839 NA 0.380952380952381 0.625 "Uqcrc2_noRT" "non-targeting_noRT"
"3369" "Azin2" 1.26437989289737 1.94572395643289 1.03537542589349 0.300493617481057 NA 0.142857142857143 0.0535714285714286 "Uqcrc2_noRT" "non-targeting_noRT"
"3370" "Ptpn12" 11.921539551885 0.546584277532074 1.0349481363757 0.300693132696723 NA 0.523809523809524 0.571428571428571 "Uqcrc2_noRT" "non-targeting_noRT"
"3371" "Cldn14" 1.65107770204995 1.56270544781022 1.03483274542076 0.30074702757798 NA 0.142857142857143 0.0714285714285714 "Uqcrc2_noRT" "non-targeting_noRT"
"3372" "Rcc1" 9.93625136263049 -0.71408081961876 -1.0348043213374 0.300760304412354 NA 0.333333333333333 0.660714285714286 "Uqcrc2_noRT" "non-targeting_noRT"
"3373" "Akt2" 7.20785683808124 -0.806943628984856 -1.03473461201741 0.300792867154229 NA 0.285714285714286 0.642857142857143 "Uqcrc2_noRT" "non-targeting_noRT"
"3374" "Cox18" 19.6449219249835 0.463378944009918 1.03438453304167 0.300956432187315 0.743976839500352 0.761904761904762 0.732142857142857 "Uqcrc2_noRT" "non-targeting_noRT"
"3375" "Tmem60" 30.8544117849873 -0.37734630208441 -1.03393034779849 0.301168726373114 0.743976839500352 0.857142857142857 0.875 "Uqcrc2_noRT" "non-targeting_noRT"
"3376" "Irf3" 9.61046871733708 -0.718213300986663 -1.03364764392917 0.301300917493251 NA 0.238095238095238 0.642857142857143 "Uqcrc2_noRT" "non-targeting_noRT"
"3377" "Capza2" 81.6794616670049 0.23252803788961 1.03354692680402 0.301348021723896 0.743976839500352 0.904761904761905 1 "Uqcrc2_noRT" "non-targeting_noRT"
"3378" "Kansl1" 12.743679068471 -0.56467036766768 -1.03342911460854 0.301403127343256 0.743976839500352 0.428571428571429 0.732142857142857 "Uqcrc2_noRT" "non-targeting_noRT"
"3379" "Chchd1" 105.942802878126 0.208246143942109 1.03342580790879 0.301404674119814 0.743976839500352 1 1 "Uqcrc2_noRT" "non-targeting_noRT"
"3380" "Sirt2" 15.2348374259092 0.488868642871998 1.03308084858374 0.301566064949873 0.743976839500352 0.714285714285714 0.660714285714286 "Uqcrc2_noRT" "non-targeting_noRT"
"3381" "Patl1" 5.39111314144298 -0.863245928197139 -1.03285825419915 0.301670237307527 NA 0.238095238095238 0.482142857142857 "Uqcrc2_noRT" "non-targeting_noRT"
"3382" "Slirp" 136.203235748373 0.208025425875451 1.03281607428065 0.301689979865053 0.743976839500352 0.904761904761905 1 "Uqcrc2_noRT" "non-targeting_noRT"
"3383" "Urb1" 1.50968339479391 -1.78465055352448 -1.03281294608578 0.301691444069219 NA 0.0476190476190476 0.196428571428571 "Uqcrc2_noRT" "non-targeting_noRT"
"3384" "2310022A10Rik" 6.05024689832358 -0.867102126107274 -1.03249442715523 0.301840556969527 NA 0.238095238095238 0.553571428571429 "Uqcrc2_noRT" "non-targeting_noRT"
"3385" "Nphp1" 3.93350624793323 0.943243424541525 1.03244718330778 0.30186267809594 NA 0.285714285714286 0.25 "Uqcrc2_noRT" "non-targeting_noRT"
"3386" "Ralgapb" 3.14140741606048 -1.19600683183027 -1.03238357143508 0.301892464975767 NA 0.142857142857143 0.357142857142857 "Uqcrc2_noRT" "non-targeting_noRT"
"3387" "Calm3" 57.7261929491965 0.27946664484678 1.03220586432937 0.301975688427228 0.744237878923092 0.952380952380952 0.964285714285714 "Uqcrc2_noRT" "non-targeting_noRT"
"3388" "Alg8" 7.71403282396467 -0.735520112520633 -1.03155184655999 0.302282108266009 NA 0.380952380952381 0.625 "Uqcrc2_noRT" "non-targeting_noRT"
"3389" "Tfe3" 6.3092234314324 -0.820365038837366 -1.03125699554159 0.302420319239905 NA 0.333333333333333 0.464285714285714 "Uqcrc2_noRT" "non-targeting_noRT"
"3390" "Zbtb7b" 2.79168666053412 1.1826064158173 1.03115815483454 0.30246666008012 NA 0.285714285714286 0.142857142857143 "Uqcrc2_noRT" "non-targeting_noRT"
"3391" "Adamts14" 1.48898097057901 -1.76354230058288 -1.0311506996813 0.302470155573123 NA 0.0476190476190476 0.196428571428571 "Uqcrc2_noRT" "non-targeting_noRT"
"3392" "Pter" 8.48540227057139 0.641580801317814 1.03093328964945 0.302572104295836 NA 0.380952380952381 0.446428571428571 "Uqcrc2_noRT" "non-targeting_noRT"
"3393" "Wdr11" 3.37879529639525 1.02704324153596 1.03057889748265 0.302738336179181 NA 0.333333333333333 0.178571428571429 "Uqcrc2_noRT" "non-targeting_noRT"
"3394" "Orai3" 4.99302488300192 0.868472309475711 1.03055291443092 0.302750526229519 NA 0.380952380952381 0.303571428571429 "Uqcrc2_noRT" "non-targeting_noRT"
"3395" "Ap3m1" 6.50854698467146 0.739611602042753 1.03042462336173 0.302810719271049 NA 0.476190476190476 0.357142857142857 "Uqcrc2_noRT" "non-targeting_noRT"
"3396" "Vsig10" 2.2826493948574 -1.40989639700249 -1.03023384579517 0.302900245143219 NA 0.0952380952380952 0.285714285714286 "Uqcrc2_noRT" "non-targeting_noRT"
"3397" "Foxk2" 10.3252241357523 -0.627186928767509 -1.03012598918752 0.302950866621297 NA 0.523809523809524 0.714285714285714 "Uqcrc2_noRT" "non-targeting_noRT"
"3398" "Herc2" 11.8325364944099 -0.583089292127523 -1.02993050564056 0.303042629309584 NA 0.428571428571429 0.696428571428571 "Uqcrc2_noRT" "non-targeting_noRT"
"3399" "Dnajb11" 28.0781425057027 -0.382335135705775 -1.02960930282156 0.303193446490108 0.746794334271467 0.80952380952381 0.928571428571429 "Uqcrc2_noRT" "non-targeting_noRT"
"3400" "Zfp948" 2.34250754998868 -1.4353041190307 -1.02942098539865 0.303281892020809 NA 0.0952380952380952 0.303571428571429 "Uqcrc2_noRT" "non-targeting_noRT"
"3401" "Erbin" 16.9565510219865 -0.495744908300643 -1.02921430884249 0.303378979874693 0.746806792814682 0.428571428571429 0.803571428571429 "Uqcrc2_noRT" "non-targeting_noRT"
"3402" "Mre11a" 6.70323169349549 -0.778746231980827 -1.02913677821665 0.303415405791744 NA 0.285714285714286 0.535714285714286 "Uqcrc2_noRT" "non-targeting_noRT"
"3403" "Phf20l1" 27.5936905319418 -0.384088835671715 -1.02851630611726 0.3037070245306 0.746968688257502 0.761904761904762 0.910714285714286 "Uqcrc2_noRT" "non-targeting_noRT"
"3404" "Irx5" 4.86924458834214 0.825198188230529 1.02841017423581 0.303756924621011 NA 0.380952380952381 0.303571428571429 "Uqcrc2_noRT" "non-targeting_noRT"
"3405" "Akr1b10" 9.63550737881631 0.637237375914375 1.02839115350676 0.303765868184155 NA 0.619047619047619 0.482142857142857 "Uqcrc2_noRT" "non-targeting_noRT"
"3406" "Phf23" 15.4924675252483 0.501139272403943 1.0282828109462 0.303816814285488 0.746968688257502 0.714285714285714 0.696428571428571 "Uqcrc2_noRT" "non-targeting_noRT"
"3407" "Tsr2" 11.0043366848555 -0.624711919952681 -1.02825719653177 0.303828859823526 NA 0.333333333333333 0.607142857142857 "Uqcrc2_noRT" "non-targeting_noRT"
"3408" "Unc93b1" 9.70821942707346 0.616456857139426 1.02810191933868 0.303901887895002 NA 0.523809523809524 0.535714285714286 "Uqcrc2_noRT" "non-targeting_noRT"
"3409" "Lrrc49" 3.29947250696898 -1.21479558235107 -1.02796503564304 0.303966275030919 NA 0.142857142857143 0.357142857142857 "Uqcrc2_noRT" "non-targeting_noRT"
"3410" "Sdc4" 7.14897211499587 0.712684761544401 1.02790370799643 0.303995125171254 NA 0.380952380952381 0.339285714285714 "Uqcrc2_noRT" "non-targeting_noRT"
"3411" "Polr3e" 7.12740664576387 0.708194834644195 1.02754034933368 0.304166095967833 NA 0.285714285714286 0.339285714285714 "Uqcrc2_noRT" "non-targeting_noRT"
"3412" "Rpl28" 2311.59805360604 0.119595008817449 1.02727204715494 0.304292380907206 0.746968688257502 1 1 "Uqcrc2_noRT" "non-targeting_noRT"
"3413" "Mff" 33.3856129143976 0.336294987126196 1.02710148063198 0.304372681556602 0.746968688257502 0.80952380952381 0.928571428571429 "Uqcrc2_noRT" "non-targeting_noRT"
"3414" "Pnpla8" 9.65923870851318 -0.63820033330012 -1.02694941312858 0.304444284955018 NA 0.428571428571429 0.678571428571429 "Uqcrc2_noRT" "non-targeting_noRT"
"3415" "Rgs17" 22.5238340723906 -0.472619249871708 -1.02677782214759 0.304525094721469 0.746968688257502 0.619047619047619 0.803571428571429 "Uqcrc2_noRT" "non-targeting_noRT"
"3416" "Tgif1" 20.0076895163024 0.424843552339606 1.02677200611031 0.304527833999615 0.746968688257502 0.619047619047619 0.75 "Uqcrc2_noRT" "non-targeting_noRT"
"3417" "Pogz" 3.77556397571515 -1.06676837327691 -1.0264394018592 0.304684513506262 NA 0.142857142857143 0.392857142857143 "Uqcrc2_noRT" "non-targeting_noRT"
"3418" "Dtx3l" 13.9345916114665 0.510182129681411 1.02583918058377 0.304967394447069 0.747219105275669 0.714285714285714 0.678571428571429 "Uqcrc2_noRT" "non-targeting_noRT"
"3419" "Fam104a" 108.62022683153 -0.209780409424152 -1.02578895133701 0.304991075111311 0.747219105275669 1 1 "Uqcrc2_noRT" "non-targeting_noRT"
"3420" "Crat" 3.21397956102344 -1.17514115841719 -1.0255739587068 0.305092447542591 NA 0.0952380952380952 0.392857142857143 "Uqcrc2_noRT" "non-targeting_noRT"
"3421" "Pfas" 8.90483857352747 -0.725948451641829 -1.02554592283168 0.30510566854948 NA 0.333333333333333 0.625 "Uqcrc2_noRT" "non-targeting_noRT"
"3422" "Gcdh" 6.08726729280757 0.748614620492463 1.02498825997752 0.305368727175358 NA 0.428571428571429 0.375 "Uqcrc2_noRT" "non-targeting_noRT"
"3423" "Cyp20a1" 12.4957874589732 0.551281292058182 1.02452209242718 0.305588741395618 NA 0.523809523809524 0.678571428571429 "Uqcrc2_noRT" "non-targeting_noRT"
"3424" "Nuggc" 1.5505685641981 -1.88876537940559 -1.0243495651775 0.30567019466361 NA 0.0476190476190476 0.196428571428571 "Uqcrc2_noRT" "non-targeting_noRT"
"3425" "Trmt112" 193.923553001143 0.195800642097251 1.02424275784801 0.305720627571005 0.748563288099893 1 1 "Uqcrc2_noRT" "non-targeting_noRT"
"3426" "Jpt2" 6.82308591832079 -0.806913613250927 -1.0240561387155 0.305808759723118 NA 0.19047619047619 0.535714285714286 "Uqcrc2_noRT" "non-targeting_noRT"
"3427" "Ahdc1" 1.79955388888519 1.35864519505483 1.02367029513948 0.305991030387275 NA 0.19047619047619 0.0892857142857143 "Uqcrc2_noRT" "non-targeting_noRT"
"3428" "A230056P14Rik" 1.79955388888519 1.35864519505483 1.02367029513948 0.305991030387275 NA 0.19047619047619 0.107142857142857 "Uqcrc2_noRT" "non-targeting_noRT"
"3429" "Eogt" 2.20624540221974 1.4027273071915 1.02330995905931 0.306161316455904 NA 0.238095238095238 0.125 "Uqcrc2_noRT" "non-targeting_noRT"
"3430" "Kif16b" 4.5018316246144 -0.975938171958289 -1.02240186117134 0.306590740003126 NA 0.238095238095238 0.464285714285714 "Uqcrc2_noRT" "non-targeting_noRT"
"3431" "Pdzd11" 28.1592439794393 0.357987747465817 1.0223180952817 0.306630371515336 0.749607155727056 0.761904761904762 0.892857142857143 "Uqcrc2_noRT" "non-targeting_noRT"
"3432" "Tamm41" 10.3795409926978 0.614323837089607 1.02219140604602 0.30669031746902 NA 0.523809523809524 0.553571428571429 "Uqcrc2_noRT" "non-targeting_noRT"
"3433" "Smarcc1" 36.7733789446054 -0.362972856306963 -1.02193569073325 0.306811338757161 0.749607155727056 0.666666666666667 0.857142857142857 "Uqcrc2_noRT" "non-targeting_noRT"
"3434" "Xkr6" 1.44272159790301 -1.68232924161058 -1.02147818147946 0.307027941116577 NA 0.0476190476190476 0.178571428571429 "Uqcrc2_noRT" "non-targeting_noRT"
"3435" "Jtb" 74.2456746585761 0.242266529740022 1.02128353401208 0.307120125365683 0.749607155727056 0.904761904761905 0.946428571428571 "Uqcrc2_noRT" "non-targeting_noRT"
"3436" "Ccny" 16.3287787717893 0.464036820153686 1.02115209337774 0.307182385482148 0.749607155727056 0.666666666666667 0.714285714285714 "Uqcrc2_noRT" "non-targeting_noRT"
"3437" "Usp32" 5.41392192169288 -0.870502411842778 -1.02109752041166 0.307208237776289 NA 0.238095238095238 0.517857142857143 "Uqcrc2_noRT" "non-targeting_noRT"
"3438" "Tnip2" 1.4390127834465 -1.69171983462082 -1.02106455733835 0.307223853734406 NA 0.0476190476190476 0.214285714285714 "Uqcrc2_noRT" "non-targeting_noRT"
"3439" "Snhg3" 93.4760288464693 0.219377013791594 1.02106288983015 0.307224643715316 0.749607155727056 0.952380952380952 0.964285714285714 "Uqcrc2_noRT" "non-targeting_noRT"
"3440" "Pi4k2b" 41.6685474403147 -0.341289663151147 -1.02104342416061 0.307233865662902 0.749607155727056 0.857142857142857 0.946428571428571 "Uqcrc2_noRT" "non-targeting_noRT"
"3441" "Gzf1" 6.76918803714282 0.730621995372734 1.02062879812003 0.307430340127499 NA 0.380952380952381 0.357142857142857 "Uqcrc2_noRT" "non-targeting_noRT"
"3442" "Cotl1" 5.44676432013 0.777402416901274 1.02053459369644 0.30747499137687 NA 0.333333333333333 0.339285714285714 "Uqcrc2_noRT" "non-targeting_noRT"
"3443" "Rmdn1" 6.09196175644386 -0.806903915561602 -1.02051049269915 0.307486415517757 NA 0.238095238095238 0.5 "Uqcrc2_noRT" "non-targeting_noRT"
"3444" "Cfap126" 2.34242967702071 1.27592650696307 1.02048065532418 0.307500559154746 NA 0.19047619047619 0.142857142857143 "Uqcrc2_noRT" "non-targeting_noRT"
"3445" "Esco1" 7.97561867962971 0.698829165003433 1.02047163236098 0.307504836342223 NA 0.571428571428571 0.428571428571429 "Uqcrc2_noRT" "non-targeting_noRT"
"3446" "Ccdc191" 2.29325901738554 -1.40179538684636 -1.02041872825696 0.307529915456039 NA 0.0952380952380952 0.267857142857143 "Uqcrc2_noRT" "non-targeting_noRT"
"3447" "Wbp2" 24.253183458397 -0.399609386391693 -1.02017735942499 0.307644353180632 0.749761757386812 0.666666666666667 0.892857142857143 "Uqcrc2_noRT" "non-targeting_noRT"
"3448" "Mrpl28" 69.9193379412067 -0.246795535122759 -1.02014518574955 0.30765960948352 0.749761757386812 0.952380952380952 1 "Uqcrc2_noRT" "non-targeting_noRT"
"3449" "Irf6" 3.94091095361834 0.926316820542427 1.01977092540513 0.307837115249598 NA 0.380952380952381 0.214285714285714 "Uqcrc2_noRT" "non-targeting_noRT"
"3450" "Pik3ip1" 7.63646339327709 -0.726498083033832 -1.01922669401775 0.308095356502617 NA 0.285714285714286 0.553571428571429 "Uqcrc2_noRT" "non-targeting_noRT"
"3451" "Resf1" 29.0289831579341 0.368880280787883 1.01902307266106 0.30819201296411 0.750449015608253 0.761904761904762 0.821428571428571 "Uqcrc2_noRT" "non-targeting_noRT"
"3452" "Hp1bp3" 58.9424869752206 -0.275573613656535 -1.01823382047495 0.30856685046067 0.750449015608253 0.857142857142857 0.982142857142857 "Uqcrc2_noRT" "non-targeting_noRT"
"3453" "Ptbp3" 61.4282730359247 -0.297303430974141 -1.01823191372018 0.308567756395673 0.750449015608253 0.857142857142857 0.982142857142857 "Uqcrc2_noRT" "non-targeting_noRT"
"3454" "Pygb" 2.27785494282076 -1.40691393414239 -1.01813896325723 0.308611921039192 NA 0.0952380952380952 0.267857142857143 "Uqcrc2_noRT" "non-targeting_noRT"
"3455" "Mcm4" 12.6709709976768 -0.574822159350846 -1.01802296365713 0.308667043152549 0.750449015608253 0.523809523809524 0.642857142857143 "Uqcrc2_noRT" "non-targeting_noRT"
"3456" "Agpat1" 8.82375771805808 0.688973097602075 1.01760481803892 0.308865796745318 NA 0.428571428571429 0.428571428571429 "Uqcrc2_noRT" "non-targeting_noRT"
"3457" "Gpcpd1" 1.49421440110388 -1.75555408908957 -1.01754170591023 0.308895802642665 NA 0.0476190476190476 0.232142857142857 "Uqcrc2_noRT" "non-targeting_noRT"
"3458" "B9d2" 6.83137143916659 -0.785053088148404 -1.01750858841563 0.308911548725339 NA 0.333333333333333 0.482142857142857 "Uqcrc2_noRT" "non-targeting_noRT"
"3459" "Zkscan6" 1.43582078983138 -1.67513417022754 -1.0172277538769 0.30904509597101 NA 0.0476190476190476 0.214285714285714 "Uqcrc2_noRT" "non-targeting_noRT"
"3460" "Poldip2" 23.6803517087372 0.396865959167584 1.01701837514842 0.30914468815558 0.750905491730227 0.904761904761905 0.892857142857143 "Uqcrc2_noRT" "non-targeting_noRT"
"3461" "2310009A05Rik" 21.1449174853528 0.416676863382413 1.01648806263297 0.309397029213834 0.750905491730227 0.761904761904762 0.732142857142857 "Uqcrc2_noRT" "non-targeting_noRT"
"3462" "Nol8" 23.5873427813677 -0.403879627868929 -1.0164835151156 0.309399193668448 0.750905491730227 0.571428571428571 0.696428571428571 "Uqcrc2_noRT" "non-targeting_noRT"
"3463" "Acy3" 0.743680263743085 -2.08619030699313 -1.01637268101899 0.309451949803303 NA 0 0.142857142857143 "Uqcrc2_noRT" "non-targeting_noRT"
"3464" "Nme7" 6.12203049216901 -0.797316661150846 -1.01609176053851 0.3095856923055 NA 0.285714285714286 0.589285714285714 "Uqcrc2_noRT" "non-targeting_noRT"
"3465" "Gas2l1" 4.57905347140414 -0.929416429657393 -1.01582739568669 0.309711587765344 NA 0.238095238095238 0.482142857142857 "Uqcrc2_noRT" "non-targeting_noRT"
"3466" "Polr3a" 6.07934576628106 0.744569934733613 1.01543567295401 0.309898195589144 NA 0.476190476190476 0.321428571428571 "Uqcrc2_noRT" "non-targeting_noRT"
"3467" "Trim71" 0.754793783884713 -2.10424413057246 -1.01533583555435 0.309945767733706 NA 0 0.142857142857143 "Uqcrc2_noRT" "non-targeting_noRT"
"3468" "Selenoh" 229.739411000283 -0.163164174373059 -1.0153315679755 0.309947801326416 0.751636788254777 1 1 "Uqcrc2_noRT" "non-targeting_noRT"
"3469" "Stk40" 6.34813817063286 -0.847153029372284 -1.01513569132016 0.310041150231209 NA 0.333333333333333 0.517857142857143 "Uqcrc2_noRT" "non-targeting_noRT"
"3470" "Ddx24" 101.402585872345 -0.21920617000845 -1.01508817401161 0.31006379834483 0.751636788254777 0.952380952380952 1 "Uqcrc2_noRT" "non-targeting_noRT"
"3471" "Top1mt" 5.34818367694483 -0.849737025854218 -1.01492732173443 0.310140473266931 NA 0.285714285714286 0.446428571428571 "Uqcrc2_noRT" "non-targeting_noRT"
"3472" "Jcad" 2.2905709213839 -1.39991824257038 -1.01471366717984 0.31024233728924 NA 0.0952380952380952 0.285714285714286 "Uqcrc2_noRT" "non-targeting_noRT"
"3473" "Zxdc" 3.65587158570347 0.993968788465463 1.01447078118132 0.310358164804614 NA 0.333333333333333 0.214285714285714 "Uqcrc2_noRT" "non-targeting_noRT"
"3474" "Mtrr" 2.28533749085903 -1.41237501928974 -1.01418528819447 0.310494347241004 NA 0.0952380952380952 0.232142857142857 "Uqcrc2_noRT" "non-targeting_noRT"
"3475" "Ccdc130" 5.32646252300653 -0.870288904142054 -1.01413372201822 0.310518948923997 NA 0.238095238095238 0.446428571428571 "Uqcrc2_noRT" "non-targeting_noRT"
"3476" "Xrn1" 13.9788897608872 -0.556916998064508 -1.01412495398059 0.310523132190962 0.752309555624239 0.476190476190476 0.732142857142857 "Uqcrc2_noRT" "non-targeting_noRT"
"3477" "Tgds" 7.70593218404724 0.688528029036438 1.01384867546362 0.310654964864477 NA 0.476190476190476 0.392857142857143 "Uqcrc2_noRT" "non-targeting_noRT"
"3478" "Cthrc1" 3.89992799907303 -1.03334817747094 -1.01326065646112 0.310935674660654 NA 0.142857142857143 0.303571428571429 "Uqcrc2_noRT" "non-targeting_noRT"
"3479" "Srrm1" 63.6281878598351 0.285600337564125 1.01311265617496 0.311006353714038 0.75291056599027 0.952380952380952 0.964285714285714 "Uqcrc2_noRT" "non-targeting_noRT"
"3480" "Gm15128" 3.33105845663256 1.0242673755208 1.01285743729174 0.311128261004003 NA 0.333333333333333 0.232142857142857 "Uqcrc2_noRT" "non-targeting_noRT"
"3481" "Rpl18a" 3354.68012546649 0.124819529390795 1.0128431093104 0.311135105810382 0.75291056599027 1 1 "Uqcrc2_noRT" "non-targeting_noRT"
"3482" "Zfp157" 2.39610472049309 -1.43511856811063 -1.01260833175956 0.311247278597943 NA 0.0476190476190476 0.25 "Uqcrc2_noRT" "non-targeting_noRT"
"3483" "Cadm1" 10.311856054084 0.613795752885465 1.01235688292957 0.311367446222802 NA 0.571428571428571 0.464285714285714 "Uqcrc2_noRT" "non-targeting_noRT"
"3484" "Pif1" 0.75537552385135 -2.10535075300843 -1.01223813411404 0.311424207025426 NA 0 0.0892857142857143 "Uqcrc2_noRT" "non-targeting_noRT"
"3485" "Pla2g6" 4.6537319724021 -0.917592940573988 -1.01183339420509 0.311617720106811 NA 0.19047619047619 0.464285714285714 "Uqcrc2_noRT" "non-targeting_noRT"
"3486" "Slc6a15" 3.29248645441427 1.00088280313097 1.01171771696119 0.31167304194269 NA 0.238095238095238 0.214285714285714 "Uqcrc2_noRT" "non-targeting_noRT"
"3487" "Tiprl" 39.1012578027763 -0.327085023841273 -1.01170415859139 0.311679526562506 0.753787189313647 0.857142857142857 0.964285714285714 "Uqcrc2_noRT" "non-targeting_noRT"
"3488" "Slc25a14" 1.4432254955165 -1.69621074322843 -1.01160610300886 0.311726426675378 NA 0.0476190476190476 0.214285714285714 "Uqcrc2_noRT" "non-targeting_noRT"
"3489" "Prmt9" 3.93989023516347 0.915173860037567 1.01151508841331 0.311769963238312 NA 0.238095238095238 0.285714285714286 "Uqcrc2_noRT" "non-targeting_noRT"
"3490" "Etfb" 59.459489002766 0.265640472158559 1.01127328082303 0.311885650655846 0.753845106550169 0.904761904761905 1 "Uqcrc2_noRT" "non-targeting_noRT"
"3491" "Hace1" 4.00287347605317 0.930510808431453 1.01098152745632 0.312025271172164 NA 0.333333333333333 0.214285714285714 "Uqcrc2_noRT" "non-targeting_noRT"
"3492" "Neat1" 49.787598924552 -0.372726568749843 -1.01027750634468 0.312362354775737 0.754556581472271 0.80952380952381 0.821428571428571 "Uqcrc2_noRT" "non-targeting_noRT"
"3493" "Qser1" 5.3720131756496 -0.850394290417335 -1.01024391417248 0.312378444621348 NA 0.19047619047619 0.553571428571429 "Uqcrc2_noRT" "non-targeting_noRT"
"3494" "Gtf2a1" 7.45426972846977 -0.739833383157563 -1.00955310294288 0.312709447724708 NA 0.380952380952381 0.571428571428571 "Uqcrc2_noRT" "non-targeting_noRT"
"3495" "Myh14" 1.45012630358813 -1.70361295803681 -1.00911212576282 0.312920863271438 NA 0.0476190476190476 0.160714285714286 "Uqcrc2_noRT" "non-targeting_noRT"
"3496" "Zfat" 0.748474715779718 -2.09402832893416 -1.00906330473926 0.312944275083166 NA 0 0.125 "Uqcrc2_noRT" "non-targeting_noRT"
"3497" "Tnp2" 0.845003339513736 -2.26571130860667 -1.00866771304023 0.313134021106041 NA 0 0.0892857142857143 "Uqcrc2_noRT" "non-targeting_noRT"
"3498" "Gm15261" 6.24035811219449 -0.806783580004055 -1.00811221797728 0.313400592794629 NA 0.333333333333333 0.446428571428571 "Uqcrc2_noRT" "non-targeting_noRT"
"3499" "Arid4a" 19.5446017962272 -0.489341739351544 -1.00798511796127 0.313461606705976 0.756767527945528 0.571428571428571 0.75 "Uqcrc2_noRT" "non-targeting_noRT"
"3500" "Mfsd5" 13.6532977631726 0.500426703913053 1.00760655471735 0.313643380963408 0.756767527945528 0.714285714285714 0.625 "Uqcrc2_noRT" "non-targeting_noRT"
"3501" "Polb" 10.7203637182367 0.579378331596177 1.00731572847442 0.313783073753777 NA 0.571428571428571 0.571428571428571 "Uqcrc2_noRT" "non-targeting_noRT"
"3502" "Dpp3" 7.40540045539724 0.708057163578128 1.00677524790387 0.314042791910163 NA 0.428571428571429 0.428571428571429 "Uqcrc2_noRT" "non-targeting_noRT"
"3503" "Gramd3" 1.39985904126157 -1.70146459414589 -1.00624137375081 0.314299474253023 NA 0.0476190476190476 0.214285714285714 "Uqcrc2_noRT" "non-targeting_noRT"
"3504" "Flna" 27.2234488381897 -0.38516460029996 -1.00614616843362 0.314345262685258 0.757281727037164 0.761904761904762 0.857142857142857 "Uqcrc2_noRT" "non-targeting_noRT"
"3505" "Cby1" 10.4170505714928 -0.594577316221833 -1.00564707366407 0.314585371121269 NA 0.428571428571429 0.678571428571429 "Uqcrc2_noRT" "non-targeting_noRT"
"3506" "2010204K13Rik" 37.2298406289822 0.322849247192367 1.0055130815605 0.314649853621373 0.757281727037164 0.80952380952381 0.946428571428571 "Uqcrc2_noRT" "non-targeting_noRT"
"3507" "Kif5b" 84.7452550117536 -0.233477735831864 -1.00529185717146 0.314756334891903 0.757281727037164 0.952380952380952 0.982142857142857 "Uqcrc2_noRT" "non-targeting_noRT"
"3508" "Hmga1" 24.8155039380395 -0.391858373681857 -1.00521422011638 0.314793709316591 0.757281727037164 0.761904761904762 0.785714285714286 "Uqcrc2_noRT" "non-targeting_noRT"
"3509" "Med6" 16.6250365244797 -0.482799544949603 -1.00516430603082 0.314817739463387 0.757281727037164 0.666666666666667 0.821428571428571 "Uqcrc2_noRT" "non-targeting_noRT"
"3510" "Msh3" 3.03485289849642 -1.17572463018609 -1.00477601078373 0.315004717682386 NA 0.0952380952380952 0.357142857142857 "Uqcrc2_noRT" "non-targeting_noRT"
"3511" "Plod2" 68.3996757554728 -0.354117171400909 -1.00463834186736 0.315071027770096 0.757281727037164 0.857142857142857 0.982142857142857 "Uqcrc2_noRT" "non-targeting_noRT"
"3512" "Strn4" 4.65104387640046 -0.916288796519736 -1.00441270796065 0.31517972721488 NA 0.238095238095238 0.446428571428571 "Uqcrc2_noRT" "non-targeting_noRT"
"3513" "Zfp449" 1.79795143046368 1.33451070743194 1.00393066050511 0.315412036782731 NA 0.142857142857143 0.107142857142857 "Uqcrc2_noRT" "non-targeting_noRT"
"3514" "Iqgap3" 6.08992230826558 -0.839734098916658 -1.00382115579866 0.315464825250718 NA 0.19047619047619 0.357142857142857 "Uqcrc2_noRT" "non-targeting_noRT"
"3515" "D030056L22Rik" 15.7887103659793 -0.492252414245504 -1.00372658421125 0.315510419643458 0.757281727037164 0.380952380952381 0.767857142857143 "Uqcrc2_noRT" "non-targeting_noRT"
"3516" "Adnp" 25.4880535252457 0.36688631320072 1.00363408501979 0.31555501908974 0.757281727037164 0.761904761904762 0.857142857142857 "Uqcrc2_noRT" "non-targeting_noRT"
"3517" "Rtf1" 26.2719419386274 -0.399471418587058 -1.00355382941587 0.315593718517847 0.757281727037164 0.714285714285714 0.857142857142857 "Uqcrc2_noRT" "non-targeting_noRT"
"3518" "Fah" 1.81546186106345 1.33277838356531 1.00349492174108 0.315622125911334 NA 0.142857142857143 0.107142857142857 "Uqcrc2_noRT" "non-targeting_noRT"
"3519" "Zfp868" 1.37283754894168 -1.67292087840642 -1.00338503346492 0.31567512246739 NA 0.0476190476190476 0.196428571428571 "Uqcrc2_noRT" "non-targeting_noRT"
"3520" "Ccdc163" 5.43494406868692 0.827236366348702 1.00321942522163 0.315755002505424 NA 0.285714285714286 0.285714285714286 "Uqcrc2_noRT" "non-targeting_noRT"
"3521" "Fbxo4" 20.5522512021141 0.443536800706772 1.00308938153663 0.315817737517705 0.757281727037164 0.80952380952381 0.821428571428571 "Uqcrc2_noRT" "non-targeting_noRT"
"3522" "Borcs6" 4.52457349700759 -0.942048377190394 -1.00301758145795 0.315852378452724 NA 0.19047619047619 0.410714285714286 "Uqcrc2_noRT" "non-targeting_noRT"
"3523" "Gabarapl2" 88.7048577265355 -0.219487840849541 -1.00298196046455 0.315869565216565 0.757281727037164 0.952380952380952 1 "Uqcrc2_noRT" "non-targeting_noRT"
"3524" "Fiz1" 6.05329784343438 0.813919577250792 1.00279273030509 0.315960877122414 NA 0.428571428571429 0.375 "Uqcrc2_noRT" "non-targeting_noRT"
"3525" "Pfkp" 4.94042429617374 -1.02244093522743 -1.00260832350675 0.316049878215529 NA 0.19047619047619 0.392857142857143 "Uqcrc2_noRT" "non-targeting_noRT"
"3526" "Wfdc3" 0.745786619778083 -2.08945014480334 -1.00254250858859 0.316081646754111 NA 0 0.107142857142857 "Uqcrc2_noRT" "non-targeting_noRT"
"3527" "Sh3rf1" 0.745786619778083 -2.08945014480334 -1.00254250858859 0.316081646754111 NA 0 0.160714285714286 "Uqcrc2_noRT" "non-targeting_noRT"
"3528" "Dleu7" 0.745786619778083 -2.08945014480334 -1.00254250858859 0.316081646754111 NA 0 0.0892857142857143 "Uqcrc2_noRT" "non-targeting_noRT"
"3529" "Slc7a6os" 9.12168662621421 -0.652827629629812 -1.00233973605608 0.31617953724038 NA 0.333333333333333 0.678571428571429 "Uqcrc2_noRT" "non-targeting_noRT"
"3530" "Gm4924" 1.44904066600801 -1.68898353533405 -1.0021644056804 0.316264195789379 NA 0.0476190476190476 0.214285714285714 "Uqcrc2_noRT" "non-targeting_noRT"
"3531" "Gtf3c6" 57.4544796981108 0.297831520414269 1.00129947015225 0.316682048991592 0.758789993472616 0.952380952380952 1 "Uqcrc2_noRT" "non-targeting_noRT"
"3532" "Pex3" 9.56379771109075 -0.631498182661811 -1.00129526964038 0.316684079156098 NA 0.333333333333333 0.678571428571429 "Uqcrc2_noRT" "non-targeting_noRT"
"3533" "Gtf2h2" 11.7501706229543 -0.566083545495805 -1.00127819727561 0.316692330550024 NA 0.476190476190476 0.678571428571429 "Uqcrc2_noRT" "non-targeting_noRT"
"3534" "Gm42595" 1.10238674342293 1.81983693672411 1.00094956258749 0.316851193345867 NA 0.0476190476190476 0.0535714285714286 "Uqcrc2_noRT" "non-targeting_noRT"
"3535" "Kif4" 4.60192915951074 -0.982478055699258 -1.00052748536143 0.317055303158882 NA 0.142857142857143 0.339285714285714 "Uqcrc2_noRT" "non-targeting_noRT"
"3536" "Abcf3" 6.25565934147163 0.759248981422071 1.00048346372372 0.317076596285451 NA 0.476190476190476 0.357142857142857 "Uqcrc2_noRT" "non-targeting_noRT"
"3537" "Dbn1" 1.23525403327395 1.8898621669601 1.00015685998687 0.317234602767276 NA 0.142857142857143 0.0357142857142857 "Uqcrc2_noRT" "non-targeting_noRT"
"3538" "Atxn10" 42.9535400822166 0.295291297226431 0.999946162713756 0.317336562658572 0.759918227014567 0.857142857142857 0.892857142857143 "Uqcrc2_noRT" "non-targeting_noRT"
"3539" "Pex1" 2.33721115845521 1.26321759000503 0.999886634621156 0.31736537317836 NA 0.19047619047619 0.125 "Uqcrc2_noRT" "non-targeting_noRT"
"3540" "Stk24" 7.75590235991121 0.642700297692436 0.999789643913057 0.317412318599571 NA 0.380952380952381 0.482142857142857 "Uqcrc2_noRT" "non-targeting_noRT"
"3541" "Tex9" 3.78436631740234 -1.01043736068367 -0.999689195790884 0.317460942276433 NA 0.19047619047619 0.339285714285714 "Uqcrc2_noRT" "non-targeting_noRT"
"3542" "2810454H06Rik" 2.84695319731674 1.05558145213567 0.999612850360585 0.317497901888151 NA 0.238095238095238 0.196428571428571 "Uqcrc2_noRT" "non-targeting_noRT"
"3543" "Etv6" 17.8061893202968 -0.478835312366168 -0.999202291540236 0.317696706026183 0.760340641721426 0.476190476190476 0.75 "Uqcrc2_noRT" "non-targeting_noRT"
"3544" "Arid1b" 4.28322159006112 0.879229532762933 0.998974596930734 0.317806997330529 NA 0.333333333333333 0.25 "Uqcrc2_noRT" "non-targeting_noRT"
"3545" "Tbc1d22b" 1.39564632919158 -1.69716709282655 -0.99897012356282 0.317809164403362 NA 0.0476190476190476 0.160714285714286 "Uqcrc2_noRT" "non-targeting_noRT"
"3546" "Nfx1" 19.394887100101 -0.434460400556766 -0.998709059052598 0.317935650946626 0.760472672611063 0.666666666666667 0.767857142857143 "Uqcrc2_noRT" "non-targeting_noRT"
"3547" "2610044O15Rik8" 4.02995087920677 -1.04815850906909 -0.998667339435497 0.317955867283628 NA 0.0952380952380952 0.410714285714286 "Uqcrc2_noRT" "non-targeting_noRT"
"3548" "Cbarp" 0.741573907708087 -2.0825736814069 -0.998335683373356 0.318116609909329 NA 0 0.107142857142857 "Uqcrc2_noRT" "non-targeting_noRT"
"3549" "Tnfrsf19" 0.741573907708087 -2.0825736814069 -0.998335683373356 0.318116609909329 NA 0 0.160714285714286 "Uqcrc2_noRT" "non-targeting_noRT"
"3550" "Cyhr1" 23.2980242850924 0.388963174946883 0.99811682896996 0.318222710488268 0.760719570190902 0.80952380952381 0.803571428571429 "Uqcrc2_noRT" "non-targeting_noRT"
"3551" "Pla2g2e" 0.781815276204602 -2.14848372057178 -0.997864018259898 0.318345301932086 NA 0 0.0892857142857143 "Uqcrc2_noRT" "non-targeting_noRT"
"3552" "Bard1" 2.34461191729222 -1.38802040241095 -0.997417135141769 0.31856207745617 NA 0.0952380952380952 0.25 "Uqcrc2_noRT" "non-targeting_noRT"
"3553" "Idh3g" 66.161445877653 -0.245311007720226 -0.99718784937839 0.318673337657861 0.76135696953131 0.952380952380952 0.982142857142857 "Uqcrc2_noRT" "non-targeting_noRT"
"3554" "Ube2d2a" 65.3781466080747 0.244957233251171 0.996684566542339 0.318917643295891 0.761500985550141 1 0.982142857142857 "Uqcrc2_noRT" "non-targeting_noRT"
"3555" "Lifr" 2.26463901349224 1.24977295434444 0.996576676842805 0.318970031515735 NA 0.19047619047619 0.125 "Uqcrc2_noRT" "non-targeting_noRT"
"3556" "C230038L03Rik" 1.36593674087005 -1.66558338562629 -0.996152029999362 0.319176282861848 NA 0.0476190476190476 0.160714285714286 "Uqcrc2_noRT" "non-targeting_noRT"
"3557" "Sult2b1" 1.43850888583302 -1.67802659866637 -0.995706897954013 0.319392577570132 NA 0.0476190476190476 0.232142857142857 "Uqcrc2_noRT" "non-targeting_noRT"
"3558" "Nckap5l" 3.10370397995727 1.15056459791184 0.995418243215557 0.319532889431811 NA 0.285714285714286 0.160714285714286 "Uqcrc2_noRT" "non-targeting_noRT"
"3559" "Iigp1" 82.0676483365754 0.281032365315339 0.995051553645742 0.319711191304364 0.761994280527076 0.80952380952381 0.910714285714286 "Uqcrc2_noRT" "non-targeting_noRT"
"3560" "Wrn" 8.78383665018101 -0.675542457741408 -0.994906826624038 0.319781582360537 NA 0.333333333333333 0.589285714285714 "Uqcrc2_noRT" "non-targeting_noRT"
"3561" "Smarce1" 55.73523490744 0.260012925156257 0.99485842869926 0.319805123979213 0.761994280527076 1 0.946428571428571 "Uqcrc2_noRT" "non-targeting_noRT"
"3562" "Sde2" 32.9623764636243 0.328302020076776 0.994829530263009 0.319819181237413 0.761994280527076 0.857142857142857 0.910714285714286 "Uqcrc2_noRT" "non-targeting_noRT"
"3563" "Ddb1" 46.7809810982062 -0.320644274890048 -0.994739303296534 0.319863073540436 0.761994280527076 0.80952380952381 0.964285714285714 "Uqcrc2_noRT" "non-targeting_noRT"
"3564" "Coq7" 26.9483846676029 0.433309689617536 0.994309309082763 0.320072305000107 0.761994280527076 0.761904761904762 0.785714285714286 "Uqcrc2_noRT" "non-targeting_noRT"
"3565" "Syngr4" 1.41831035923161 -1.66992607134353 -0.994097766784871 0.320175272487131 NA 0.0476190476190476 0.196428571428571 "Uqcrc2_noRT" "non-targeting_noRT"
"3566" "Cwc25" 10.7598704883327 -0.646269697741606 -0.994070560581655 0.320188516584768 NA 0.428571428571429 0.732142857142857 "Uqcrc2_noRT" "non-targeting_noRT"
"3567" "Htra3" 5.39439070176845 0.769513008034338 0.994003197257619 0.320221310884285 NA 0.380952380952381 0.321428571428571 "Uqcrc2_noRT" "non-targeting_noRT"
"3568" "Adsl" 23.4188584690704 -0.414479306871599 -0.993987179285921 0.320229109192021 0.761994280527076 0.619047619047619 0.910714285714286 "Uqcrc2_noRT" "non-targeting_noRT"
"3569" "Jak2" 11.8693707559429 0.516746054916117 0.993977618008576 0.320233764134131 NA 0.619047619047619 0.535714285714286 "Uqcrc2_noRT" "non-targeting_noRT"
"3570" "Zdhhc16" 9.64160129784712 -0.610491725140449 -0.993928929204987 0.320257469138726 NA 0.476190476190476 0.589285714285714 "Uqcrc2_noRT" "non-targeting_noRT"
"3571" "C030006K11Rik" 7.32171479029265 0.706975538096168 0.993890049669775 0.320276399151421 NA 0.476190476190476 0.410714285714286 "Uqcrc2_noRT" "non-targeting_noRT"
"3572" "Eme1" 4.70406614258537 -0.942762942974037 -0.993681386659091 0.320378007345484 NA 0.19047619047619 0.375 "Uqcrc2_noRT" "non-targeting_noRT"
"3573" "Mthfd2l" 14.6077893549298 0.530922184074233 0.993482803942928 0.320474726520506 0.762140470311409 0.666666666666667 0.607142857142857 "Uqcrc2_noRT" "non-targeting_noRT"
"3574" "Ergic3" 74.5333014033638 0.22903433350576 0.9930702258688 0.320675732566706 0.762180460287784 1 0.982142857142857 "Uqcrc2_noRT" "non-targeting_noRT"
"3575" "Tmem168" 3.86521173416551 0.908494288468841 0.993042820421548 0.320689087285856 NA 0.333333333333333 0.25 "Uqcrc2_noRT" "non-targeting_noRT"
"3576" "Ubac2" 9.75252620091894 -0.624245124605845 -0.992949833454 0.320734402695534 NA 0.476190476190476 0.75 "Uqcrc2_noRT" "non-targeting_noRT"
"3577" "Atg14" 2.26412219265085 1.20581771325896 0.992465610323185 0.320970447149424 NA 0.238095238095238 0.142857142857143 "Uqcrc2_noRT" "non-targeting_noRT"
"3578" "Mrpl10" 21.5093132687563 -0.445398715836128 -0.992389309951432 0.321007651671909 0.762189741788918 0.714285714285714 0.875 "Uqcrc2_noRT" "non-targeting_noRT"
"3579" "Ola1" 88.3133553596272 0.220379793057254 0.992306521137777 0.32104802318465 0.762189741788918 1 0.982142857142857 "Uqcrc2_noRT" "non-targeting_noRT"
"3580" "Plag1" 3.01850594782992 -1.18054925494697 -0.991336295701035 0.32152139551525 NA 0.0952380952380952 0.303571428571429 "Uqcrc2_noRT" "non-targeting_noRT"
"3581" "Cwf19l2" 13.3588988116951 -0.548489164008016 -0.991330197569497 0.321524372230011 0.762882942825566 0.571428571428571 0.678571428571429 "Uqcrc2_noRT" "non-targeting_noRT"
"3582" "Bvht" 3.87844453357004 0.935885207960074 0.991202375822329 0.321586770709935 NA 0.285714285714286 0.285714285714286 "Uqcrc2_noRT" "non-targeting_noRT"
"3583" "Ropn1l" 1.74078336006549 1.32274580476197 0.991161601583511 0.321606677049666 NA 0.19047619047619 0.107142857142857 "Uqcrc2_noRT" "non-targeting_noRT"
"3584" "Plaur" 18.9616962989586 0.444451168397835 0.990917227149514 0.321725999643934 0.76292388912699 0.523809523809524 0.678571428571429 "Uqcrc2_noRT" "non-targeting_noRT"
"3585" "Trmt10a" 3.02105128235316 -1.16884644352115 -0.990771666436893 0.321797087431432 NA 0.0952380952380952 0.357142857142857 "Uqcrc2_noRT" "non-targeting_noRT"
"3586" "Commd9" 10.391620603098 -0.608558492964081 -0.990052911124584 0.322148257762404 NA 0.380952380952381 0.75 "Uqcrc2_noRT" "non-targeting_noRT"
"3587" "Ahcyl2" 11.3246078558818 0.527788031578587 0.989611585561506 0.322364005004846 NA 0.619047619047619 0.571428571428571 "Uqcrc2_noRT" "non-targeting_noRT"
"3588" "Sgsm2" 3.88889232128455 -1.01874550944179 -0.98922385556692 0.322553629190182 NA 0.19047619047619 0.375 "Uqcrc2_noRT" "non-targeting_noRT"
"3589" "Npc1" 6.02041032993577 -0.81183111330337 -0.989215784745679 0.322557577098753 NA 0.285714285714286 0.428571428571429 "Uqcrc2_noRT" "non-targeting_noRT"
"3590" "Taf2" 7.51501963325818 -0.692126794703699 -0.988850865762947 0.322736113150577 NA 0.238095238095238 0.571428571428571 "Uqcrc2_noRT" "non-targeting_noRT"
"3591" "Naa30" 4.45602918448315 0.840428211560754 0.98870366225839 0.322808150478105 NA 0.285714285714286 0.321428571428571 "Uqcrc2_noRT" "non-targeting_noRT"
"3592" "Crnkl1" 12.5509849458695 -0.53787441470319 -0.988582858143482 0.322867276506966 NA 0.523809523809524 0.678571428571429 "Uqcrc2_noRT" "non-targeting_noRT"
"3593" "Itpripl2" 5.50546992982445 0.80776547534915 0.988574902118 0.322871170729721 NA 0.380952380952381 0.267857142857143 "Uqcrc2_noRT" "non-targeting_noRT"
"3594" "Trim28" 21.0139224877223 -0.422283522487487 -0.988389720500907 0.322961819925456 0.765076535836404 0.571428571428571 0.857142857142857 "Uqcrc2_noRT" "non-targeting_noRT"
"3595" "Nkiras2" 4.58354884824672 -0.974347203156063 -0.988337062209065 0.322987599983957 NA 0.19047619047619 0.410714285714286 "Uqcrc2_noRT" "non-targeting_noRT"
"3596" "Samd4b" 17.8429520529426 -0.45409056142784 -0.98809786764279 0.323104719986729 0.765076535836404 0.523809523809524 0.839285714285714 "Uqcrc2_noRT" "non-targeting_noRT"
"3597" "Tada2a" 10.4668808440626 -0.60311028365989 -0.987988740538453 0.32315816253216 NA 0.571428571428571 0.607142857142857 "Uqcrc2_noRT" "non-targeting_noRT"
"3598" "Pdcd7" 13.0702216360297 -0.537296999222395 -0.987714655133231 0.323292415107254 0.765076535836404 0.476190476190476 0.767857142857143 "Uqcrc2_noRT" "non-targeting_noRT"
"3599" "Ncbp3" 4.52276621616664 -0.898873965168734 -0.987684266988464 0.323307302073658 NA 0.19047619047619 0.482142857142857 "Uqcrc2_noRT" "non-targeting_noRT"
"3600" "Cmpk2" 23.5405416461455 -0.507333300411829 -0.987297633124177 0.323496750648926 0.765076535836404 0.666666666666667 0.678571428571429 "Uqcrc2_noRT" "non-targeting_noRT"
"3601" "Wbp4" 33.0425513010446 0.321891642670836 0.987172204326493 0.323558225643719 0.765076535836404 0.761904761904762 0.910714285714286 "Uqcrc2_noRT" "non-targeting_noRT"
"3602" "Slc39a4" 3.75333693543189 -1.05974291626725 -0.987076781292903 0.323604999352025 NA 0.142857142857143 0.339285714285714 "Uqcrc2_noRT" "non-targeting_noRT"
"3603" "Raet1d" 7.22834151664879 -0.793154670525815 -0.986902538770224 0.323690419542057 NA 0.238095238095238 0.482142857142857 "Uqcrc2_noRT" "non-targeting_noRT"
"3604" "Srd5a3" 8.25239881356761 -0.665079221407782 -0.986772195740677 0.323754328166283 NA 0.380952380952381 0.642857142857143 "Uqcrc2_noRT" "non-targeting_noRT"
"3605" "Znrd1" 52.8134086453132 -0.273473879432293 -0.986649855947474 0.323814320194272 0.765244806946828 0.952380952380952 0.982142857142857 "Uqcrc2_noRT" "non-targeting_noRT"
"3606" "Pik3c3" 3.10263059142275 -1.15152486432919 -0.986013600473808 0.324126438930016 NA 0.0952380952380952 0.303571428571429 "Uqcrc2_noRT" "non-targeting_noRT"
"3607" "Zmym6" 2.27364617759887 1.23750602702517 0.985822872800288 0.324220039631711 NA 0.19047619047619 0.142857142857143 "Uqcrc2_noRT" "non-targeting_noRT"
"3608" "4930581F22Rik" 2.67472734286135 1.12842414582337 0.985341143723957 0.324456529312345 NA 0.142857142857143 0.160714285714286 "Uqcrc2_noRT" "non-targeting_noRT"
"3609" "Pop7" 19.2517822583534 -0.430432553411751 -0.985327494615039 0.324463231547164 0.766340669030916 0.714285714285714 0.821428571428571 "Uqcrc2_noRT" "non-targeting_noRT"
"3610" "Chac1" 9.8513052261007 -0.791423649274482 -0.98477761008677 0.324733320859064 NA 0.285714285714286 0.339285714285714 "Uqcrc2_noRT" "non-targeting_noRT"
"3611" "Cse1l" 9.75106849270729 -0.64432123862173 -0.984644101386679 0.324798919013213 NA 0.523809523809524 0.571428571428571 "Uqcrc2_noRT" "non-targeting_noRT"
"3612" "Zfp111" 2.68576103191837 1.15088647397146 0.983892223141747 0.325168507852102 NA 0.238095238095238 0.178571428571429 "Uqcrc2_noRT" "non-targeting_noRT"
"3613" "Tbc1d16" 1.35139745491128 1.55983179140831 0.983507598545755 0.325357677396473 NA 0.142857142857143 0.0714285714285714 "Uqcrc2_noRT" "non-targeting_noRT"
"3614" "Abtb2" 5.97734096214343 -0.7724774049069 -0.983498430052024 0.325362187601307 NA 0.285714285714286 0.410714285714286 "Uqcrc2_noRT" "non-targeting_noRT"
"3615" "Lats2" 2.73239732214156 1.17243573116032 0.983404540493137 0.325408376497242 NA 0.238095238095238 0.160714285714286 "Uqcrc2_noRT" "non-targeting_noRT"
"3616" "Ccdc88a" 35.6006886116776 -0.341064066931144 -0.983267879299865 0.325475614487397 0.767800392020967 0.714285714285714 0.857142857142857 "Uqcrc2_noRT" "non-targeting_noRT"
"3617" "Usp31" 4.49838983224257 0.846532177129278 0.983232208831864 0.325493166022956 NA 0.285714285714286 0.232142857142857 "Uqcrc2_noRT" "non-targeting_noRT"
"3618" "Stag1" 14.3750837198005 -0.520004629767765 -0.983152797357566 0.325532242386399 0.767800392020967 0.571428571428571 0.732142857142857 "Uqcrc2_noRT" "non-targeting_noRT"
"3619" "Sdf2" 53.3783184762259 0.27897331603772 0.982938081295893 0.325637913967326 0.767800392020967 0.904761904761905 0.982142857142857 "Uqcrc2_noRT" "non-targeting_noRT"
"3620" "Caskin2" 1.29052057005658 1.51312573618701 0.982928898742969 0.325642433618363 NA 0.142857142857143 0.0714285714285714 "Uqcrc2_noRT" "non-targeting_noRT"
"3621" "Gbp10" 3.22938363558822 -1.16723564260293 -0.982515081711162 0.325846156636301 NA 0.142857142857143 0.25 "Uqcrc2_noRT" "non-targeting_noRT"
"3622" "Airn" 5.06849193511742 0.777796975098558 0.98250446056052 0.325851386542166 NA 0.333333333333333 0.285714285714286 "Uqcrc2_noRT" "non-targeting_noRT"
"3623" "Foxp1" 7.779704160856 -0.723656305447138 -0.98236096997038 0.325922047350838 NA 0.380952380952381 0.5 "Uqcrc2_noRT" "non-targeting_noRT"
"3624" "Utp25" 6.00807126891983 -0.775279901372305 -0.982036283977226 0.326081973176185 NA 0.19047619047619 0.5 "Uqcrc2_noRT" "non-targeting_noRT"
"3625" "Bag1" 391.972407321046 0.145008067101808 0.981665514711537 0.326264659936991 0.768406844281627 1 1 "Uqcrc2_noRT" "non-targeting_noRT"
"3626" "Ppp1r11" 65.4964627697158 -0.246917068957583 -0.981661757189432 0.326266511697153 0.768406844281627 0.952380952380952 1 "Uqcrc2_noRT" "non-targeting_noRT"
"3627" "Lgi3" 2.21167970831594 -1.43104037975124 -0.981546771588923 0.326323181533874 NA 0.0952380952380952 0.25 "Uqcrc2_noRT" "non-targeting_noRT"
"3628" "Gm45767" 0.736779455671453 -2.07433784523573 -0.98116266921592 0.326512530030928 NA 0 0.160714285714286 "Uqcrc2_noRT" "non-targeting_noRT"
"3629" "Ppef1" 0.736779455671453 -2.07433784523573 -0.98116266921592 0.326512530030928 NA 0 0.0892857142857143 "Uqcrc2_noRT" "non-targeting_noRT"
"3630" "Simc1" 2.99192343399827 -1.15292247187497 -0.981137576123239 0.326524902496461 NA 0.142857142857143 0.339285714285714 "Uqcrc2_noRT" "non-targeting_noRT"
"3631" "Hibch" 9.96865366798406 0.568228569670361 0.980067868665212 0.327052618508119 NA 0.523809523809524 0.5 "Uqcrc2_noRT" "non-targeting_noRT"
"3632" "Kifap3" 9.30520002303095 0.61574851266749 0.979906216199185 0.32713241424696 NA 0.523809523809524 0.517857142857143 "Uqcrc2_noRT" "non-targeting_noRT"
"3633" "Cebpg" 34.6490407713104 0.349296523123269 0.979901481960478 0.327134751377248 0.769276763600058 0.857142857142857 0.928571428571429 "Uqcrc2_noRT" "non-targeting_noRT"
"3634" "Fbxo25" 2.21735497551327 -1.34889031103823 -0.97982966586324 0.327170205836052 NA 0.0952380952380952 0.25 "Uqcrc2_noRT" "non-targeting_noRT"
"3635" "Psmd12" 145.151981188563 -0.174384050894902 -0.979666683110235 0.327250677070944 0.769276763600058 0.952380952380952 1 "Uqcrc2_noRT" "non-targeting_noRT"
"3636" "Ramac" 28.7312351829712 0.340041760809026 0.979567789003224 0.327299511390451 0.769276763600058 0.857142857142857 0.857142857142857 "Uqcrc2_noRT" "non-targeting_noRT"
"3637" "Mrpl42" 143.438222936742 0.212265230927669 0.979405820466057 0.327379502344056 0.769276763600058 0.952380952380952 1 "Uqcrc2_noRT" "non-targeting_noRT"
"3638" "Maml3" 6.50796325597336 0.760126958584275 0.979396470075491 0.327384120583039 NA 0.380952380952381 0.321428571428571 "Uqcrc2_noRT" "non-targeting_noRT"
"3639" "Cry1" 2.2363900221814 -1.34634583537945 -0.979209821868934 0.327476316598942 NA 0.0952380952380952 0.232142857142857 "Uqcrc2_noRT" "non-targeting_noRT"
"3640" "Cat" 9.06091884445398 0.633438117185074 0.978783189147517 0.327687117707199 NA 0.571428571428571 0.428571428571429 "Uqcrc2_noRT" "non-targeting_noRT"
"3641" "Rab40c" 2.22527650203977 -1.3385473594292 -0.978394220185151 0.327879385715029 NA 0.0952380952380952 0.285714285714286 "Uqcrc2_noRT" "non-targeting_noRT"
"3642" "Larp1b" 7.41592989358882 -0.698420799476177 -0.978363100685415 0.327894771297529 NA 0.428571428571429 0.571428571428571 "Uqcrc2_noRT" "non-targeting_noRT"
"3643" "Otud5" 5.87040952703217 -0.798698014415716 -0.978343896737766 0.327904266025819 NA 0.238095238095238 0.571428571428571 "Uqcrc2_noRT" "non-targeting_noRT"
"3644" "Cmtr2" 2.87760367300853 1.0759978514795 0.978109571601816 0.328020134360007 NA 0.285714285714286 0.160714285714286 "Uqcrc2_noRT" "non-targeting_noRT"
"3645" "Oxr1" 22.5227212588218 -0.40596211570366 -0.977963081677837 0.328092583715076 0.769931203447082 0.714285714285714 0.839285714285714 "Uqcrc2_noRT" "non-targeting_noRT"
"3646" "Cenps" 12.6050908609031 -0.542516299187627 -0.97789670676604 0.32812541409681 0.769931203447082 0.476190476190476 0.696428571428571 "Uqcrc2_noRT" "non-targeting_noRT"
"3647" "Tmem243" 10.7216690901956 0.545449363658889 0.977728287923103 0.328208727046603 NA 0.666666666666667 0.607142857142857 "Uqcrc2_noRT" "non-targeting_noRT"
"3648" "9130401M01Rik" 74.6054495273964 0.22603976688323 0.977713178992889 0.328216201759462 0.769931203447082 1 0.982142857142857 "Uqcrc2_noRT" "non-targeting_noRT"
"3649" "Ethe1" 9.07502152452276 0.643032734808432 0.977372703038536 0.328384671819847 NA 0.619047619047619 0.464285714285714 "Uqcrc2_noRT" "non-targeting_noRT"
"3650" "Kctd20" 10.1285533846514 0.600319810364648 0.977226322189655 0.328457119399274 NA 0.523809523809524 0.535714285714286 "Uqcrc2_noRT" "non-targeting_noRT"
"3651" "Eef1akmt3" 1.79744753285019 1.36510190160226 0.977127942865238 0.328505815635268 NA 0.19047619047619 0.0892857142857143 "Uqcrc2_noRT" "non-targeting_noRT"
"3652" "Twf2" 8.15752178596823 -0.671935147207375 -0.976995774159296 0.328571244459018 NA 0.380952380952381 0.642857142857143 "Uqcrc2_noRT" "non-targeting_noRT"
"3653" "Gins1" 7.51500671003028 -0.707061085411912 -0.97649986788328 0.32881681333043 NA 0.285714285714286 0.535714285714286 "Uqcrc2_noRT" "non-targeting_noRT"
"3654" "Cited1" 9.50243523463411 -0.729712915036763 -0.976475382919812 0.328828941172407 NA 0.476190476190476 0.410714285714286 "Uqcrc2_noRT" "non-targeting_noRT"
"3655" "Dstyk" 3.65165887363348 0.996014923161467 0.976400904584905 0.328865833411252 NA 0.333333333333333 0.196428571428571 "Uqcrc2_noRT" "non-targeting_noRT"
"3656" "Fgfr1op" 6.23945229409932 0.718584852340612 0.976374233320354 0.328879045458145 NA 0.380952380952381 0.428571428571429 "Uqcrc2_noRT" "non-targeting_noRT"
"3657" "Acsl4" 8.55891729163608 0.648434642217236 0.976177629029557 0.328976447223265 NA 0.380952380952381 0.375 "Uqcrc2_noRT" "non-targeting_noRT"
"3658" "Sec24d" 2.35195170385209 -1.37544039373909 -0.976143549482582 0.3289933328253 NA 0.0952380952380952 0.267857142857143 "Uqcrc2_noRT" "non-targeting_noRT"
"3659" "Gm1673" 87.404201645112 0.238700512871667 0.975844719897334 0.329141419809709 0.771289241757658 0.952380952380952 0.982142857142857 "Uqcrc2_noRT" "non-targeting_noRT"
"3660" "Emc4" 83.0908318237453 0.226685450397312 0.975720490594355 0.329202995175001 0.771289241757658 0.952380952380952 0.982142857142857 "Uqcrc2_noRT" "non-targeting_noRT"
"3661" "Usp4" 6.82919618654342 -0.739103589494071 -0.975551398727927 0.329286819065354 NA 0.285714285714286 0.464285714285714 "Uqcrc2_noRT" "non-targeting_noRT"
"3662" "Kdm1a" 29.4345665812849 0.352118392028211 0.975415296152745 0.329354299223244 0.771289241757658 0.80952380952381 0.785714285714286 "Uqcrc2_noRT" "non-targeting_noRT"
"3663" "Gfm2" 2.99359081154503 -1.16735022625281 -0.975382274642056 0.329370672760346 NA 0.142857142857143 0.303571428571429 "Uqcrc2_noRT" "non-targeting_noRT"
"3664" "Zkscan14" 1.35692957676342 -1.65573033743275 -0.974539835515081 0.329788569982886 NA 0.0476190476190476 0.196428571428571 "Uqcrc2_noRT" "non-targeting_noRT"
"3665" "Pwwp2b" 1.35692957676342 -1.65573033743275 -0.974539835515081 0.329788569982886 NA 0.0476190476190476 0.214285714285714 "Uqcrc2_noRT" "non-targeting_noRT"
"3666" "Tmem263" 24.4257322466578 0.370555117931281 0.974408931219963 0.32985353669192 0.771655109895013 0.904761904761905 0.875 "Uqcrc2_noRT" "non-targeting_noRT"
"3667" "Stat3" 33.6321040104519 -0.343077324314455 -0.974348578808478 0.329883491881169 0.771655109895013 0.80952380952381 0.875 "Uqcrc2_noRT" "non-targeting_noRT"
"3668" "Cd164" 21.3540454385834 -0.418684036525292 -0.973329846932106 0.33038939293946 0.771986563329504 0.523809523809524 0.857142857142857 "Uqcrc2_noRT" "non-targeting_noRT"
"3669" "Irgm1" 179.927687164791 0.211500088353442 0.973311901244911 0.330398309245179 0.771986563329504 0.952380952380952 1 "Uqcrc2_noRT" "non-targeting_noRT"
"3670" "Tbx15" 1.29742137812821 1.4972909426887 0.973020687825571 0.330543020256296 NA 0.142857142857143 0.0714285714285714 "Uqcrc2_noRT" "non-targeting_noRT"
"3671" "Noxo1" 1.29742137812821 1.4972909426887 0.973020687825571 0.330543020256296 NA 0.142857142857143 0.0535714285714286 "Uqcrc2_noRT" "non-targeting_noRT"
"3672" "Pcid2" 7.60246126180096 -0.70781737085136 -0.972815776563857 0.330644870213219 NA 0.380952380952381 0.660714285714286 "Uqcrc2_noRT" "non-targeting_noRT"
"3673" "Slc4a7" 5.05469031897415 0.785019720362572 0.972661138480511 0.330721745621298 NA 0.333333333333333 0.267857142857143 "Uqcrc2_noRT" "non-targeting_noRT"
"3674" "Taf9b" 1.85090678879187 1.35556052674708 0.972228755780422 0.33093675789968 NA 0.142857142857143 0.0892857142857143 "Uqcrc2_noRT" "non-targeting_noRT"
"3675" "Zfp329" 7.88847057456819 0.620659064244747 0.971397458002734 0.331350393897861 NA 0.380952380952381 0.446428571428571 "Uqcrc2_noRT" "non-targeting_noRT"
"3676" "Gm17494" 2.64718902970008 1.12070078452044 0.971358853029205 0.331369611026596 NA 0.238095238095238 0.125 "Uqcrc2_noRT" "non-targeting_noRT"
"3677" "Zbtb11os1" 0.811662779088852 -2.21393141326444 -0.971295397245269 0.331401200179613 NA 0 0.142857142857143 "Uqcrc2_noRT" "non-targeting_noRT"
"3678" "Rbak" 1.75669133224375 1.29660194046593 0.970881020983391 0.331607530193933 NA 0.19047619047619 0.107142857142857 "Uqcrc2_noRT" "non-targeting_noRT"
"3679" "Eml5" 1.75669133224375 1.29660194046593 0.970881020983391 0.331607530193933 NA 0.19047619047619 0.0892857142857143 "Uqcrc2_noRT" "non-targeting_noRT"
"3680" "Sp110" 33.103881540479 0.35055131940648 0.970826798500515 0.331634535290933 0.773706632459287 0.857142857142857 0.875 "Uqcrc2_noRT" "non-targeting_noRT"
"3681" "Usf3" 4.8143314633374 -0.972685876064268 -0.970781036556856 0.331657327786624 NA 0.19047619047619 0.410714285714286 "Uqcrc2_noRT" "non-targeting_noRT"
"3682" "Ammecr1l" 3.81509463544728 -0.986020710686684 -0.970764781354922 0.331665424203506 NA 0.19047619047619 0.285714285714286 "Uqcrc2_noRT" "non-targeting_noRT"
"3683" "Nrip1" 14.5155912311276 -0.513398346887479 -0.970500734513699 0.331796958968346 0.773706632459287 0.428571428571429 0.482142857142857 "Uqcrc2_noRT" "non-targeting_noRT"
"3684" "Ino80d" 10.5604789135287 0.550627710598131 0.970490628918517 0.331801993733901 NA 0.619047619047619 0.5 "Uqcrc2_noRT" "non-targeting_noRT"
"3685" "Zfp821" 2.21626933793314 -1.33232676422863 -0.970227224973412 0.331933243115581 NA 0.0952380952380952 0.285714285714286 "Uqcrc2_noRT" "non-targeting_noRT"
"3686" "Nat8l" 1.29952773416321 1.49268954425991 0.970143194715839 0.331975120918355 NA 0.142857142857143 0.0714285714285714 "Uqcrc2_noRT" "non-targeting_noRT"
"3687" "Jdp2" 24.0900467525199 -0.448919358501383 -0.969993809378262 0.33204957788457 0.773706632459287 0.761904761904762 0.767857142857143 "Uqcrc2_noRT" "non-targeting_noRT"
"3688" "Zfp770" 23.1114546378758 0.386621977179939 0.969346874648378 0.332372149046315 0.773706632459287 0.857142857142857 0.803571428571429 "Uqcrc2_noRT" "non-targeting_noRT"
"3689" "Fam50a" 44.4954114455287 -0.344768071194267 -0.96926830256659 0.332411340021267 0.773706632459287 0.857142857142857 0.928571428571429 "Uqcrc2_noRT" "non-targeting_noRT"
"3690" "Polr2b" 15.007590672052 -0.512527242496201 -0.969264091469348 0.332413440559069 0.773706632459287 0.619047619047619 0.821428571428571 "Uqcrc2_noRT" "non-targeting_noRT"
"3691" "Ghdc" 3.94606039168274 -1.00368971539352 -0.969238238707555 0.332426336365444 NA 0.142857142857143 0.375 "Uqcrc2_noRT" "non-targeting_noRT"
"3692" "Vipas39" 6.60989939409147 0.791175791929077 0.969231546449173 0.33242967463275 NA 0.380952380952381 0.375 "Uqcrc2_noRT" "non-targeting_noRT"
"3693" "Polr2a" 13.6887761343473 -0.531311817777004 -0.969204223696988 0.332443304135479 0.773706632459287 0.619047619047619 0.678571428571429 "Uqcrc2_noRT" "non-targeting_noRT"
"3694" "Nipa2" 19.0979843548229 -0.447647990195014 -0.968560791618447 0.332764373908481 0.774018538073802 0.571428571428571 0.892857142857143 "Uqcrc2_noRT" "non-targeting_noRT"
"3695" "Sacm1l" 14.8471987293863 0.473476794321363 0.968130567864088 0.332979165324993 0.774083025907202 0.761904761904762 0.642857142857143 "Uqcrc2_noRT" "non-targeting_noRT"
"3696" "Cox19" 27.4954932480236 0.355159499823945 0.967558383228566 0.333264970082242 0.774312434699785 0.714285714285714 0.857142857142857 "Uqcrc2_noRT" "non-targeting_noRT"
"3697" "Dcaf15" 4.60587014130459 -0.889734051149524 -0.967477041708537 0.333305612812113 NA 0.238095238095238 0.446428571428571 "Uqcrc2_noRT" "non-targeting_noRT"
"3698" "Manea" 3.95608827424425 -0.998425636433485 -0.96725004750029 0.333419048611909 NA 0.19047619047619 0.357142857142857 "Uqcrc2_noRT" "non-targeting_noRT"
"3699" "Rrp9" 19.9402918123383 -0.418136169168014 -0.967158753589099 0.333464677935286 0.774341659537718 0.666666666666667 0.75 "Uqcrc2_noRT" "non-targeting_noRT"
"3700" "Phf8" 2.28244457243796 -1.31515827362826 -0.966935955679413 0.333576050774005 NA 0.0952380952380952 0.267857142857143 "Uqcrc2_noRT" "non-targeting_noRT"
"3701" "Abcd3" 6.13284294838513 -0.812211571607668 -0.966907118065038 0.333590467954824 NA 0.19047619047619 0.589285714285714 "Uqcrc2_noRT" "non-targeting_noRT"
"3702" "Zdhhc24" 2.77125397786391 1.03191298270166 0.96643101843783 0.333828549022501 NA 0.285714285714286 0.178571428571429 "Uqcrc2_noRT" "non-targeting_noRT"
"3703" "BC052040" 2.28033821640296 -1.31374321045081 -0.966021972504181 0.334033186351094 NA 0.0952380952380952 0.267857142857143 "Uqcrc2_noRT" "non-targeting_noRT"
"3704" "Wwtr1" 7.86064959663432 0.653975692074603 0.965877044990216 0.334105710031463 NA 0.428571428571429 0.428571428571429 "Uqcrc2_noRT" "non-targeting_noRT"
"3705" "Rbl1" 3.89412575180942 -1.01020672320057 -0.965784071970689 0.334152240328607 NA 0.142857142857143 0.375 "Uqcrc2_noRT" "non-targeting_noRT"
"3706" "Pomt2" 3.64251180623266 1.07186550126863 0.965728044257279 0.334180282590235 NA 0.285714285714286 0.178571428571429 "Uqcrc2_noRT" "non-targeting_noRT"
"3707" "Ifngr1" 9.08012043453708 0.580331946256657 0.965547337317752 0.334270738013863 NA 0.571428571428571 0.535714285714286 "Uqcrc2_noRT" "non-targeting_noRT"
"3708" "Psmd8" 71.0954600849375 0.227049265097898 0.965380408732321 0.334354310511559 0.775814136187715 1 1 "Uqcrc2_noRT" "non-targeting_noRT"
"3709" "Pno1" 35.5985189559559 -0.323702907449839 -0.965141865720994 0.334473760019063 0.775814136187715 0.857142857142857 0.875 "Uqcrc2_noRT" "non-targeting_noRT"
"3710" "Tbrg4" 6.70316478563878 -0.751348340187008 -0.965051542402634 0.334518996256663 NA 0.333333333333333 0.571428571428571 "Uqcrc2_noRT" "non-targeting_noRT"
"3711" "Map2k3os" 2.15539245307844 -1.37296428814539 -0.964794509856622 0.334647746333848 NA 0.0952380952380952 0.267857142857143 "Uqcrc2_noRT" "non-targeting_noRT"
"3712" "Mpp7" 7.6675020738546 0.631903815991831 0.964744398885402 0.33467285112142 NA 0.428571428571429 0.517857142857143 "Uqcrc2_noRT" "non-targeting_noRT"
"3713" "Dop1a" 3.37437776190582 1.14968932003661 0.964706188133573 0.334691994906783 NA 0.19047619047619 0.142857142857143 "Uqcrc2_noRT" "non-targeting_noRT"
"3714" "Anks1b" 6.20457618310963 0.689729458661111 0.964577646648846 0.334756400039049 NA 0.476190476190476 0.285714285714286 "Uqcrc2_noRT" "non-targeting_noRT"
"3715" "Rbfox2" 19.0531562148934 -0.449381151529011 -0.963576808118591 0.335258138832297 0.777197859096944 0.523809523809524 0.875 "Uqcrc2_noRT" "non-targeting_noRT"
"3716" "C530044C16Rik" 1.34768864045477 1.52941388284333 0.962979052117126 0.335558035839784 NA 0.0952380952380952 0.0714285714285714 "Uqcrc2_noRT" "non-targeting_noRT"
"3717" "Taf5l" 5.96681117069991 -0.789138512157847 -0.962930365058301 0.335582469972197 NA 0.238095238095238 0.464285714285714 "Uqcrc2_noRT" "non-targeting_noRT"
"3718" "Il17d" 2.78926830607717 1.01512781761789 0.962504120195828 0.335796434528778 NA 0.238095238095238 0.178571428571429 "Uqcrc2_noRT" "non-targeting_noRT"
"3719" "Mfsd2a" 3.79373815001057 0.923244500257948 0.962355450658775 0.335871083673896 NA 0.238095238095238 0.232142857142857 "Uqcrc2_noRT" "non-targeting_noRT"
"3720" "Gm34121" 0.840257780047664 1.97585771527334 0.962268516893796 0.335914739335433 NA 0.0952380952380952 0.0357142857142857 "Uqcrc2_noRT" "non-targeting_noRT"
"3721" "Gipc3" 0.840257780047664 1.97585771527334 0.962268516893796 0.335914739335433 NA 0.0952380952380952 0.0357142857142857 "Uqcrc2_noRT" "non-targeting_noRT"
"3722" "Mfsd8" 1.39927730129494 -1.70147996929918 -0.961895097346315 0.33610230153564 NA 0.0476190476190476 0.196428571428571 "Uqcrc2_noRT" "non-targeting_noRT"
"3723" "Hhat" 2.20936852986151 -1.32749578692616 -0.96164248275596 0.336229223699219 NA 0.0952380952380952 0.303571428571429 "Uqcrc2_noRT" "non-targeting_noRT"
"3724" "1810026B05Rik" 12.830517163842 -0.525800649091997 -0.961478084770518 0.336311839403436 0.77755452267304 0.523809523809524 0.75 "Uqcrc2_noRT" "non-targeting_noRT"
"3725" "Tmem120b" 3.25333271222934 0.976570158129562 0.961164364737685 0.336469530868548 NA 0.285714285714286 0.178571428571429 "Uqcrc2_noRT" "non-targeting_noRT"
"3726" "Rtp4" 48.2436495803526 0.310061854982523 0.961150412050957 0.336476545295151 0.77755452267304 0.952380952380952 0.910714285714286 "Uqcrc2_noRT" "non-targeting_noRT"
"3727" "Snx3" 120.255943853624 0.19027855989799 0.961033132203245 0.336535509047593 0.77755452267304 1 1 "Uqcrc2_noRT" "non-targeting_noRT"
"3728" "Dusp7" 4.4797788521033 0.857621802050947 0.960897220289496 0.336603848593031 NA 0.380952380952381 0.214285714285714 "Uqcrc2_noRT" "non-targeting_noRT"
"3729" "Porcn" 1.15534210175112 1.84180575651583 0.960830962166619 0.336637167893183 NA 0.142857142857143 0.0535714285714286 "Uqcrc2_noRT" "non-targeting_noRT"
"3730" "Snrnp200" 15.2423723524146 -0.481917258287254 -0.960801398407525 0.336652035339882 0.77755452267304 0.571428571428571 0.696428571428571 "Uqcrc2_noRT" "non-targeting_noRT"
"3731" "Gabarapl1" 42.0153173782647 -0.295756458877007 -0.960792118974392 0.336656702001232 0.77755452267304 0.904761904761905 0.946428571428571 "Uqcrc2_noRT" "non-targeting_noRT"
"3732" "Rab8b" 3.32111040515568 0.989703040364554 0.960459013436849 0.336824249565562 NA 0.333333333333333 0.160714285714286 "Uqcrc2_noRT" "non-targeting_noRT"
"3733" "Tsc22d2" 6.82196591755961 0.760256955370827 0.960446776047163 0.336830405827464 NA 0.333333333333333 0.357142857142857 "Uqcrc2_noRT" "non-targeting_noRT"
"3734" "4931406P16Rik" 19.5769215930085 -0.448918012368768 -0.960439607090104 0.33683401234729 0.77755452267304 0.523809523809524 0.839285714285714 "Uqcrc2_noRT" "non-targeting_noRT"
"3735" "Cdc73" 13.1527677108371 0.484449102406795 0.960367125066983 0.336870477602993 0.77755452267304 0.619047619047619 0.696428571428571 "Uqcrc2_noRT" "non-targeting_noRT"
"3736" "App" 61.4588240909958 -0.249627011124917 -0.959752027620017 0.337180031480657 0.77755452267304 0.80952380952381 0.928571428571429 "Uqcrc2_noRT" "non-targeting_noRT"
"3737" "Them6" 19.4683823622907 -0.431841363793542 -0.959737320288146 0.337187435328648 0.77755452267304 0.571428571428571 0.767857142857143 "Uqcrc2_noRT" "non-targeting_noRT"
"3738" "Zfp710" 2.27133105229633 -1.30733789540548 -0.959584785428447 0.337264229376653 NA 0.0952380952380952 0.303571428571429 "Uqcrc2_noRT" "non-targeting_noRT"
"3739" "Hist1h1d" 2.21147488589651 -1.32896814990977 -0.95955179152616 0.33728084171615 NA 0.0952380952380952 0.142857142857143 "Uqcrc2_noRT" "non-targeting_noRT"
"3740" "Ogt" 33.3526947950827 -0.344440827980009 -0.959531515705986 0.337291050797029 0.77755452267304 0.761904761904762 0.857142857142857 "Uqcrc2_noRT" "non-targeting_noRT"
"3741" "Dnajc4" 10.3872303518869 0.56919562933713 0.959488796709673 0.337312560894555 NA 0.619047619047619 0.553571428571429 "Uqcrc2_noRT" "non-targeting_noRT"
"3742" "Armc9" 2.80409064067531 1.01703177754169 0.958844666691755 0.33763700355954 NA 0.142857142857143 0.160714285714286 "Uqcrc2_noRT" "non-targeting_noRT"
"3743" "Wipi2" 10.8341796122277 -0.556772961957611 -0.958591302072812 0.337764676034234 NA 0.476190476190476 0.642857142857143 "Uqcrc2_noRT" "non-targeting_noRT"
"3744" "Zfp558" 0.842364136082663 1.96698811961885 0.958543584173418 0.33778872493893 NA 0.0952380952380952 0.0357142857142857 "Uqcrc2_noRT" "non-targeting_noRT"
"3745" "Dnajc28" 0.842364136082663 1.96698811961885 0.958543584173418 0.33778872493893 NA 0.0952380952380952 0.0357142857142857 "Uqcrc2_noRT" "non-targeting_noRT"
"3746" "Lca5" 2.81730852812047 1.05193870664755 0.958423594054225 0.337849202514908 NA 0.238095238095238 0.142857142857143 "Uqcrc2_noRT" "non-targeting_noRT"
"3747" "Suv39h2" 7.53513832877498 -0.681556974092272 -0.958095531359303 0.338014588605818 NA 0.333333333333333 0.535714285714286 "Uqcrc2_noRT" "non-targeting_noRT"
"3748" "Dnajc9" 28.7303947231174 -0.378841792752331 -0.956987147358043 0.338573742262746 0.77966800448253 0.761904761904762 0.785714285714286 "Uqcrc2_noRT" "non-targeting_noRT"
"3749" "Tspan14" 13.6466017775204 0.479378144389589 0.956923828765728 0.338605702921987 0.77966800448253 0.619047619047619 0.660714285714286 "Uqcrc2_noRT" "non-targeting_noRT"
"3750" "C1rl" 3.48272663708292 0.930406028253538 0.956687354753122 0.338725082541504 NA 0.333333333333333 0.160714285714286 "Uqcrc2_noRT" "non-targeting_noRT"
"3751" "Lyrm4" 23.1871767328075 -0.385173148373723 -0.956278369405115 0.33893161513661 0.77966800448253 0.666666666666667 0.875 "Uqcrc2_noRT" "non-targeting_noRT"
"3752" "Gar1" 78.3839484127289 -0.225305195119354 -0.95617182853592 0.338985430236087 0.77966800448253 1 0.982142857142857 "Uqcrc2_noRT" "non-targeting_noRT"
"3753" "Immp2l" 3.87182086917302 -1.00983964144564 -0.956068353743905 0.339037701870484 NA 0.142857142857143 0.375 "Uqcrc2_noRT" "non-targeting_noRT"
"3754" "Mgp" 1.74798125459971 1.62944020493344 0.955907391724133 0.339119024203362 NA 0.0476190476190476 0.0714285714285714 "Uqcrc2_noRT" "non-targeting_noRT"
"3755" "Add3" 9.55362706705084 -0.631293375375807 -0.95589298505749 0.33912630344818 NA 0.380952380952381 0.5 "Uqcrc2_noRT" "non-targeting_noRT"
"3756" "Gm26917" 31.4987821661809 0.330770922418777 0.955846227185437 0.339149929451076 0.77966800448253 0.714285714285714 0.732142857142857 "Uqcrc2_noRT" "non-targeting_noRT"
"3757" "Nr2c1" 2.24719350201772 1.20419578029009 0.955748593129803 0.339199265778088 NA 0.19047619047619 0.142857142857143 "Uqcrc2_noRT" "non-targeting_noRT"
"3758" "Adamts1" 21.0483730789098 -0.477136296698058 -0.955211297926907 0.339470853544684 0.779972455284787 0.619047619047619 0.642857142857143 "Uqcrc2_noRT" "non-targeting_noRT"
"3759" "Cdip1" 4.46661886422332 -0.903051093574084 -0.95472691733867 0.339715813949693 NA 0.238095238095238 0.392857142857143 "Uqcrc2_noRT" "non-targeting_noRT"
"3760" "Bdh1" 2.20086526336837 -1.33783802043213 -0.954694192731076 0.339732367487539 NA 0.0952380952380952 0.214285714285714 "Uqcrc2_noRT" "non-targeting_noRT"
"3761" "Ubald1" 6.09959862946632 -0.75275506238732 -0.954438811442785 0.339861568279395 NA 0.238095238095238 0.464285714285714 "Uqcrc2_noRT" "non-targeting_noRT"
"3762" "Ctxn1" 14.5839276643914 0.474921696210737 0.954346041169342 0.339908509793911 0.780544624598892 0.571428571428571 0.607142857142857 "Uqcrc2_noRT" "non-targeting_noRT"
"3763" "Def8" 1.77092993814379 1.38551723381788 0.954213019979837 0.339975825418377 NA 0.19047619047619 0.107142857142857 "Uqcrc2_noRT" "non-targeting_noRT"
"3764" "Foxred1" 4.53760849355275 0.843409428742796 0.954094263399207 0.340035929630152 NA 0.380952380952381 0.214285714285714 "Uqcrc2_noRT" "non-targeting_noRT"
"3765" "Map1b" 45.1782022672925 -0.311902061250981 -0.953904543854974 0.340131963228675 0.780624550105523 0.857142857142857 0.839285714285714 "Uqcrc2_noRT" "non-targeting_noRT"
"3766" "Tmem18" 2.98590344108732 -1.08759630590392 -0.953630286756718 0.340270819376162 NA 0.142857142857143 0.339285714285714 "Uqcrc2_noRT" "non-targeting_noRT"
"3767" "Vamp7" 21.8603532514488 -0.418458196076633 -0.953133760601986 0.3405223025704 0.781087188490197 0.619047619047619 0.857142857142857 "Uqcrc2_noRT" "non-targeting_noRT"
"3768" "Hinfp" 2.92502655623262 -1.11505581621542 -0.953003688275412 0.340588201968277 NA 0.0952380952380952 0.303571428571429 "Uqcrc2_noRT" "non-targeting_noRT"
"3769" "Grk6" 2.92502655623262 -1.11505581621542 -0.953003688275412 0.340588201968277 NA 0.0952380952380952 0.285714285714286 "Uqcrc2_noRT" "non-targeting_noRT"
"3770" "Tbc1d17" 7.47303789177743 -0.68058992073892 -0.952709890132315 0.340737080918341 NA 0.285714285714286 0.517857142857143 "Uqcrc2_noRT" "non-targeting_noRT"
"3771" "Fbxo3" 6.81964719866092 0.668628750744103 0.95244104317839 0.340873352648798 NA 0.380952380952381 0.428571428571429 "Uqcrc2_noRT" "non-targeting_noRT"
"3772" "Epc2" 16.165843922448 -0.485234562349502 -0.952433355540945 0.340877249831273 0.781439398577974 0.476190476190476 0.714285714285714 "Uqcrc2_noRT" "non-targeting_noRT"
"3773" "Zfp267" 3.37950401642818 0.906305234619377 0.952096299685392 0.341048145484647 NA 0.285714285714286 0.196428571428571 "Uqcrc2_noRT" "non-targeting_noRT"
"3774" "Sh3bgrl3" 57.8378970125403 0.254072831922823 0.952085659364302 0.341053541283669 0.781439398577974 0.952380952380952 0.982142857142857 "Uqcrc2_noRT" "non-targeting_noRT"
"3775" "Pan2" 2.92081384416263 -1.11274746811436 -0.95138876307299 0.341407062461512 NA 0.0952380952380952 0.339285714285714 "Uqcrc2_noRT" "non-targeting_noRT"
"3776" "Lig3" 5.89736411149535 -0.774680481470668 -0.950937171356383 0.341636270863311 NA 0.285714285714286 0.482142857142857 "Uqcrc2_noRT" "non-targeting_noRT"
"3777" "Luc7l3" 71.1125826639035 0.230767842931046 0.950487889761531 0.341864404444512 0.782366341266289 0.952380952380952 1 "Uqcrc2_noRT" "non-targeting_noRT"
"3778" "Syce2" 30.962077295908 -0.373006960866101 -0.950453339442463 0.341881952238404 0.782366341266289 0.619047619047619 0.821428571428571 "Uqcrc2_noRT" "non-targeting_noRT"
"3779" "Tbk1" 8.39006254418673 -0.661476515216078 -0.950181916282635 0.342019825646094 NA 0.380952380952381 0.625 "Uqcrc2_noRT" "non-targeting_noRT"
"3780" "Lyrm7" 6.76492248565416 -0.710486144124563 -0.949908884833637 0.342158551887082 NA 0.238095238095238 0.517857142857143 "Uqcrc2_noRT" "non-targeting_noRT"
"3781" "Ntmt1" 17.0734997273901 0.420578290227171 0.949785209834308 0.34222140252547 0.782366341266289 0.761904761904762 0.696428571428571 "Uqcrc2_noRT" "non-targeting_noRT"
"3782" "Bckdk" 22.8547094521368 0.368296053285296 0.94963869102458 0.342295871758985 0.782366341266289 0.666666666666667 0.839285714285714 "Uqcrc2_noRT" "non-targeting_noRT"
"3783" "Pkm" 283.900833139336 -0.157071651302113 -0.949427081211831 0.342403442250665 0.782366341266289 1 1 "Uqcrc2_noRT" "non-targeting_noRT"
"3784" "Gnat2" 1.35482322072842 -1.65301448961761 -0.949314776104514 0.342460540611375 NA 0.0476190476190476 0.196428571428571 "Uqcrc2_noRT" "non-targeting_noRT"
"3785" "Snx1" 45.3159661522645 0.291259633975745 0.948958515248647 0.342641711670768 0.782478699168673 0.904761904761905 0.910714285714286 "Uqcrc2_noRT" "non-targeting_noRT"
"3786" "Errfi1" 6.52770702267441 0.70176621315067 0.948726754764042 0.342759602841687 NA 0.380952380952381 0.303571428571429 "Uqcrc2_noRT" "non-targeting_noRT"
"3787" "Tmem181a" 9.58647267562722 -0.595945909934029 -0.948629148397906 0.342809260689342 NA 0.333333333333333 0.678571428571429 "Uqcrc2_noRT" "non-targeting_noRT"
"3788" "Plod1" 15.7054501271257 -0.515388078945819 -0.948254277611653 0.343000021282311 0.782485888080408 0.523809523809524 0.678571428571429 "Uqcrc2_noRT" "non-targeting_noRT"
"3789" "Acadvl" 11.980137985577 0.501056520844036 0.948241379754325 0.343006585825182 NA 0.571428571428571 0.625 "Uqcrc2_noRT" "non-targeting_noRT"
"3790" "Nedd4" 128.030001299921 0.179126140823457 0.947542562735208 0.343362378427544 0.782485888080408 0.952380952380952 1 "Uqcrc2_noRT" "non-targeting_noRT"
"3791" "Sf3b5" 192.350966847885 0.174751186598384 0.94748099611041 0.343393735482485 0.782485888080408 1 1 "Uqcrc2_noRT" "non-targeting_noRT"
"3792" "Rex1bd" 81.2427029159974 0.221284162719014 0.947466242475757 0.343401250061387 0.782485888080408 0.904761904761905 0.982142857142857 "Uqcrc2_noRT" "non-targeting_noRT"
"3793" "Mob2" 10.2029030477662 -0.593648084320769 -0.946838288386595 0.343721187987498 NA 0.476190476190476 0.714285714285714 "Uqcrc2_noRT" "non-targeting_noRT"
"3794" "Cyp4f13" 2.85756281984489 1.06422006666543 0.94621201886244 0.344040457157672 NA 0.238095238095238 0.142857142857143 "Uqcrc2_noRT" "non-targeting_noRT"
"3795" "Naa38" 67.1087979244449 0.23726179083247 0.945916583885224 0.344191134174593 0.782743171398771 0.952380952380952 1 "Uqcrc2_noRT" "non-targeting_noRT"
"3796" "Apol7d" 0.849264944154294 1.93633064151428 0.945496788898759 0.344405309411262 NA 0.0952380952380952 0.0357142857142857 "Uqcrc2_noRT" "non-targeting_noRT"
"3797" "Gm42702" 0.849264944154294 1.93633064151428 0.945496788898759 0.344405309411262 NA 0.0952380952380952 0.0357142857142857 "Uqcrc2_noRT" "non-targeting_noRT"
"3798" "Kcnmb4" 0.849264944154294 1.93633064151428 0.945496788898759 0.344405309411262 NA 0.0952380952380952 0.0357142857142857 "Uqcrc2_noRT" "non-targeting_noRT"
"3799" "Paxip1" 6.04395517513649 -0.760632030453769 -0.945448790045889 0.344429803366487 NA 0.285714285714286 0.464285714285714 "Uqcrc2_noRT" "non-targeting_noRT"
"3800" "Rasa3" 14.1707920916171 0.463151922125279 0.945108508811065 0.344603481750522 0.782743171398771 0.571428571428571 0.642857142857143 "Uqcrc2_noRT" "non-targeting_noRT"
"3801" "Slc6a9" 14.51320221032 -0.498693565429827 -0.94505017132015 0.344633262617016 0.782743171398771 0.523809523809524 0.732142857142857 "Uqcrc2_noRT" "non-targeting_noRT"
"3802" "Tnfrsf1a" 31.6150040893699 0.366345693237234 0.944966456822856 0.344676001130055 0.782743171398771 0.80952380952381 0.892857142857143 "Uqcrc2_noRT" "non-targeting_noRT"
"3803" "Arpc3" 104.502753701625 0.188892245079301 0.944899599206374 0.344710136178312 0.782743171398771 0.904761904761905 1 "Uqcrc2_noRT" "non-targeting_noRT"
"3804" "Sys1" 29.7097793247795 -0.343256830479349 -0.944760568282681 0.344781127176626 0.782743171398771 0.761904761904762 0.928571428571429 "Uqcrc2_noRT" "non-targeting_noRT"
"3805" "Dusp14" 20.3480653998618 -0.480151358450656 -0.944648652286554 0.344838279714828 0.782743171398771 0.619047619047619 0.857142857142857 "Uqcrc2_noRT" "non-targeting_noRT"
"3806" "Rnf216" 11.6417082587185 0.565441838370781 0.944524379297922 0.344901749722324 NA 0.380952380952381 0.607142857142857 "Uqcrc2_noRT" "non-targeting_noRT"
"3807" "Olfml3" 6.90596662188638 -0.805258547265314 -0.944431819972052 0.344949027435614 NA 0.238095238095238 0.446428571428571 "Uqcrc2_noRT" "non-targeting_noRT"
"3808" "Sumf1" 1.76730095477189 1.30496992028195 0.943964775801818 0.345187648614685 NA 0.19047619047619 0.0892857142857143 "Uqcrc2_noRT" "non-targeting_noRT"
"3809" "Arntl2" 4.9721701225343 0.757455398326882 0.943905314259036 0.345218036126441 NA 0.333333333333333 0.321428571428571 "Uqcrc2_noRT" "non-targeting_noRT"
"3810" "Gusb" 20.287840179406 0.390038994753406 0.943778611175288 0.345282792766727 0.782778919834186 0.761904761904762 0.767857142857143 "Uqcrc2_noRT" "non-targeting_noRT"
"3811" "Sgpp1" 2.18553903115674 -1.32703570372449 -0.943678954676933 0.345333731616831 NA 0.0952380952380952 0.25 "Uqcrc2_noRT" "non-targeting_noRT"
"3812" "Dcaf6" 1.31013735669135 1.50620947335723 0.943569435323062 0.345389717334575 NA 0.142857142857143 0.0714285714285714 "Uqcrc2_noRT" "non-targeting_noRT"
"3813" "6530402F18Rik" 1.31013735669135 1.50620947335723 0.943569435323062 0.345389717334575 NA 0.0952380952380952 0.0714285714285714 "Uqcrc2_noRT" "non-targeting_noRT"
"3814" "Txlna" 19.4288723308863 -0.436062151801315 -0.943548060158205 0.345400644881255 0.782778919834186 0.571428571428571 0.821428571428571 "Uqcrc2_noRT" "non-targeting_noRT"
"3815" "Nosip" 13.7471108382875 -0.593896644744851 -0.942849510139105 0.345757883320684 0.782778919834186 0.523809523809524 0.607142857142857 "Uqcrc2_noRT" "non-targeting_noRT"
"3816" "Txndc15" 17.3136205723642 -0.440806752427906 -0.942743059840389 0.345812342663904 0.782778919834186 0.714285714285714 0.839285714285714 "Uqcrc2_noRT" "non-targeting_noRT"
"3817" "Dvl1" 2.96999546890906 -1.0789564395827 -0.942320107157062 0.34602877675384 NA 0.142857142857143 0.375 "Uqcrc2_noRT" "non-targeting_noRT"
"3818" "Rpl7l1" 81.9321824764742 0.208005022122258 0.942032787787208 0.346175853539512 0.782778919834186 1 1 "Uqcrc2_noRT" "non-targeting_noRT"
"3819" "Gtf2a2" 60.6248904860952 -0.253531367594163 -0.941910108477729 0.346238664353337 0.782778919834186 0.904761904761905 1 "Uqcrc2_noRT" "non-targeting_noRT"
"3820" "Htatsf1" 17.3299562817522 0.434376142546532 0.941815543196386 0.346287085966153 0.782778919834186 0.571428571428571 0.767857142857143 "Uqcrc2_noRT" "non-targeting_noRT"
"3821" "Rbmx2" 16.7449011935321 -0.448661807864945 -0.941658758692829 0.346367376079361 0.782778919834186 0.571428571428571 0.696428571428571 "Uqcrc2_noRT" "non-targeting_noRT"
"3822" "Med16" 3.00239315323222 -1.09662838825759 -0.941362873027284 0.346518932876516 NA 0.142857142857143 0.303571428571429 "Uqcrc2_noRT" "non-targeting_noRT"
"3823" "Efnb3" 1.79002990393717 1.31957218764612 0.941330953709705 0.346535284922643 NA 0.142857142857143 0.0892857142857143 "Uqcrc2_noRT" "non-targeting_noRT"
"3824" "Gm16754" 1.34239029080465 1.59050486188959 0.940836015400934 0.346788901277132 NA 0.0952380952380952 0.0714285714285714 "Uqcrc2_noRT" "non-targeting_noRT"
"3825" "Gpx1" 180.3127341879 0.156606332000496 0.940612393633091 0.346903528316365 0.783562663849955 1 1 "Uqcrc2_noRT" "non-targeting_noRT"
"3826" "Trmt10c" 21.4929127492395 0.376238759032753 0.939973198961174 0.347231308244657 0.783875151945658 0.80952380952381 0.821428571428571 "Uqcrc2_noRT" "non-targeting_noRT"
"3827" "S100a16" 8.93968336213633 -0.758997398508904 -0.939936084327177 0.347250346732808 NA 0.238095238095238 0.339285714285714 "Uqcrc2_noRT" "non-targeting_noRT"
"3828" "Arid1a" 4.57565665536958 -0.870003560763995 -0.939697968864491 0.347372507301806 NA 0.19047619047619 0.392857142857143 "Uqcrc2_noRT" "non-targeting_noRT"
"3829" "Puf60" 58.5531076299719 -0.246044785151966 -0.939561928678216 0.347442312379703 0.783923821497933 0.952380952380952 0.964285714285714 "Uqcrc2_noRT" "non-targeting_noRT"
"3830" "Acad11" 1.36573191845062 -1.57524301365621 -0.939417081601872 0.347516646266026 NA 0.0476190476190476 0.160714285714286 "Uqcrc2_noRT" "non-targeting_noRT"
"3831" "Map4k2" 1.36573191845062 -1.57524301365621 -0.939417081601872 0.347516646266026 NA 0.0476190476190476 0.196428571428571 "Uqcrc2_noRT" "non-targeting_noRT"
"3832" "Stx2" 3.14120259364104 -1.12096664817308 -0.939256215762165 0.347599212656382 NA 0.142857142857143 0.321428571428571 "Uqcrc2_noRT" "non-targeting_noRT"
"3833" "2010109A12Rik" 1.27780459149344 1.50536914512001 0.939246085428814 0.347604412593384 NA 0.142857142857143 0.0535714285714286 "Uqcrc2_noRT" "non-targeting_noRT"
"3834" "Gm49041" 1.27780459149344 1.50536914512001 0.939246085428814 0.347604412593384 NA 0.142857142857143 0.0714285714285714 "Uqcrc2_noRT" "non-targeting_noRT"
"3835" "Cenpx" 41.1077417262246 -0.301861229220103 -0.939015765444139 0.347722650030218 0.784074931830684 0.904761904761905 0.946428571428571 "Uqcrc2_noRT" "non-targeting_noRT"
"3836" "Pelo" 10.044339964209 0.561973926269675 0.938957919798531 0.347752349781827 NA 0.380952380952381 0.589285714285714 "Uqcrc2_noRT" "non-targeting_noRT"
"3837" "Clta" 134.861415389722 0.17969966983709 0.938693271300595 0.347888249115789 0.784074931830684 0.952380952380952 1 "Uqcrc2_noRT" "non-targeting_noRT"
"3838" "2310061I04Rik" 16.6015282164014 0.448175498517322 0.938111455122985 0.348187135555169 0.784188085204767 0.666666666666667 0.696428571428571 "Uqcrc2_noRT" "non-targeting_noRT"
"3839" "Uhmk1" 4.66746866942011 -0.902670369020034 -0.93794890781444 0.348270667357489 NA 0.19047619047619 0.446428571428571 "Uqcrc2_noRT" "non-targeting_noRT"
"3840" "Helz" 15.8012973757447 -0.466059590762781 -0.937736356115122 0.348379915244797 0.784188085204767 0.571428571428571 0.732142857142857 "Uqcrc2_noRT" "non-targeting_noRT"
"3841" "Sesn3" 8.04546409633462 -0.625898411208161 -0.937709518560818 0.34839371083072 NA 0.428571428571429 0.446428571428571 "Uqcrc2_noRT" "non-targeting_noRT"
"3842" "Uvssa" 6.0264932532405 -0.843465558527884 -0.937708589663799 0.348394188327489 NA 0.19047619047619 0.464285714285714 "Uqcrc2_noRT" "non-targeting_noRT"
"3843" "Trim45" 0.784503372206238 -2.15391850866878 -0.937591200474337 0.348454535241094 NA 0 0.107142857142857 "Uqcrc2_noRT" "non-targeting_noRT"
"3844" "Tra2b" 33.0569357252642 -0.339031168068873 -0.937489190796815 0.34850698131744 0.784188085204767 0.761904761904762 0.928571428571429 "Uqcrc2_noRT" "non-targeting_noRT"
"3845" "Hspb2" 6.17645612998172 0.686858463078971 0.937424908597739 0.348540033200425 NA 0.380952380952381 0.357142857142857 "Uqcrc2_noRT" "non-targeting_noRT"
"3846" "Apol7a" 2.94195524686576 -1.11327887851876 -0.937302164294314 0.348603149989507 NA 0.142857142857143 0.339285714285714 "Uqcrc2_noRT" "non-targeting_noRT"
"3847" "Anapc5" 15.6776564941098 -0.457836093380771 -0.936826700906297 0.348847708271581 0.784388039163695 0.476190476190476 0.839285714285714 "Uqcrc2_noRT" "non-targeting_noRT"
"3848" "Ncdn" 4.46749967938401 -0.860082977968062 -0.936668467831109 0.348929120845699 NA 0.19047619047619 0.428571428571429 "Uqcrc2_noRT" "non-targeting_noRT"
"3849" "Hist2h2bb" 5.194321723332 -0.949498883279421 -0.9366164571631 0.348955883514136 NA 0.0476190476190476 0.357142857142857 "Uqcrc2_noRT" "non-targeting_noRT"
"3850" "Rpl36a-ps1" 13.9185893865136 0.47208098941708 0.936448590919952 0.349042269853445 0.784388039163695 0.619047619047619 0.625 "Uqcrc2_noRT" "non-targeting_noRT"
"3851" "Rbm33" 12.939464787786 0.558744936736145 0.936034291521246 0.349255532294751 0.784388039163695 0.476190476190476 0.589285714285714 "Uqcrc2_noRT" "non-targeting_noRT"
"3852" "Cinp" 21.7370344332795 -0.396483908095342 -0.935842912328598 0.349354073508625 0.784388039163695 0.666666666666667 0.821428571428571 "Uqcrc2_noRT" "non-targeting_noRT"
"3853" "Lrrc45" 1.34400877578085 -1.56516053747645 -0.935714664436608 0.349420118270612 NA 0.0476190476190476 0.196428571428571 "Uqcrc2_noRT" "non-targeting_noRT"
"3854" "Ttll1" 9.50737862887128 -0.587721624685654 -0.935292146001384 0.34963776177328 NA 0.428571428571429 0.589285714285714 "Uqcrc2_noRT" "non-targeting_noRT"
"3855" "Zfp652" 9.61958697367951 0.556250971689347 0.935010290728822 0.349782996097575 NA 0.571428571428571 0.464285714285714 "Uqcrc2_noRT" "non-targeting_noRT"
"3856" "2210408F21Rik" 3.67134798152342 -0.948986802337842 -0.934670047776789 0.349958367408518 NA 0.19047619047619 0.357142857142857 "Uqcrc2_noRT" "non-targeting_noRT"
"3857" "Chtop" 25.7473017873338 -0.380801504099553 -0.934504276571235 0.350043831014409 0.784463824411053 0.619047619047619 0.821428571428571 "Uqcrc2_noRT" "non-targeting_noRT"
"3858" "Ddhd1" 3.39701444702795 0.905764887745405 0.934470867972121 0.350061056473365 NA 0.285714285714286 0.214285714285714 "Uqcrc2_noRT" "non-targeting_noRT"
"3859" "Coprs" 18.9320923123898 0.412692556682073 0.934239753877658 0.350180233526347 0.784463824411053 0.666666666666667 0.803571428571429 "Uqcrc2_noRT" "non-targeting_noRT"
"3860" "Cd3g" 1.83020436457698 1.398787263037 0.933865089643117 0.350373488791741 NA 0.142857142857143 0.0714285714285714 "Uqcrc2_noRT" "non-targeting_noRT"
"3861" "Ggact" 2.40198875695795 1.07283362108706 0.933515799607877 0.350553716725256 NA 0.238095238095238 0.125 "Uqcrc2_noRT" "non-targeting_noRT"
"3862" "Ing2" 11.1202247866381 -0.556648313764536 -0.933473297921609 0.350575650909913 NA 0.476190476190476 0.642857142857143 "Uqcrc2_noRT" "non-targeting_noRT"
"3863" "Atf5" 61.3373386893548 -0.308733055747775 -0.933460304844363 0.350582356524737 0.784463824411053 0.952380952380952 0.821428571428571 "Uqcrc2_noRT" "non-targeting_noRT"
"3864" "Foxo1" 5.01350806310738 0.780007676662507 0.933251006562774 0.350690384764934 NA 0.333333333333333 0.232142857142857 "Uqcrc2_noRT" "non-targeting_noRT"
"3865" "Gtf2ird2" 0.680492200433951 -1.95171322218486 -0.933244182760086 0.350693907191108 NA 0 0.125 "Uqcrc2_noRT" "non-targeting_noRT"
"3866" "4833417C18Rik" 0.680492200433951 -1.95171322218486 -0.933244182760086 0.350693907191108 NA 0 0.125 "Uqcrc2_noRT" "non-targeting_noRT"
"3867" "Mgat1" 8.19852827689767 0.601383206492566 0.933202880801199 0.350715227615326 NA 0.476190476190476 0.464285714285714 "Uqcrc2_noRT" "non-targeting_noRT"
"3868" "4930599N23Rik" 2.33581352245313 1.07286073981053 0.932875144864965 0.350884436838932 NA 0.19047619047619 0.142857142857143 "Uqcrc2_noRT" "non-targeting_noRT"
"3869" "Bach1" 3.74921847613651 -0.945330950245553 -0.932845148174635 0.350899926637867 NA 0.19047619047619 0.303571428571429 "Uqcrc2_noRT" "non-targeting_noRT"
"3870" "Rap1a" 52.0472247347772 0.248402533179107 0.932490614455922 0.351083034871012 0.784463824411053 0.952380952380952 0.910714285714286 "Uqcrc2_noRT" "non-targeting_noRT"
"3871" "Ankrd46" 6.35549409144692 0.742671167738125 0.932392619393231 0.351133657670598 NA 0.333333333333333 0.357142857142857 "Uqcrc2_noRT" "non-targeting_noRT"
"3872" "Gnb2" 134.490600532476 0.189225450487506 0.932116723974389 0.351276206005883 0.784463824411053 0.952380952380952 0.982142857142857 "Uqcrc2_noRT" "non-targeting_noRT"
"3873" "Tgfa" 10.2835405387832 0.533469155447967 0.932097044504496 0.351286375301842 NA 0.714285714285714 0.517857142857143 "Uqcrc2_noRT" "non-targeting_noRT"
"3874" "Fnbp1l" 6.23249141381811 0.747812946784169 0.931901361307103 0.351387504046203 NA 0.333333333333333 0.375 "Uqcrc2_noRT" "non-targeting_noRT"
"3875" "Gtf3c4" 6.12139441561853 0.681128949420959 0.931629592599071 0.351527984247297 NA 0.380952380952381 0.392857142857143 "Uqcrc2_noRT" "non-targeting_noRT"
"3876" "Arhgap39" 9.59265184043802 -0.580308592367665 -0.931477109280175 0.351606820112082 NA 0.380952380952381 0.589285714285714 "Uqcrc2_noRT" "non-targeting_noRT"
"3877" "Tmem259" 18.4182024805835 0.412241435256377 0.931385033753778 0.351654429782763 0.784463824411053 0.666666666666667 0.767857142857143 "Uqcrc2_noRT" "non-targeting_noRT"
"3878" "Clip2" 3.95702374821604 0.827467445938509 0.931298975432803 0.351698931816934 NA 0.333333333333333 0.25 "Uqcrc2_noRT" "non-targeting_noRT"
"3879" "Ankrd39" 6.75455760173622 0.660321597560248 0.931292377183916 0.351702344016518 NA 0.428571428571429 0.392857142857143 "Uqcrc2_noRT" "non-targeting_noRT"
"3880" "Dmac2" 2.13496371725634 1.178783625294 0.931273218874484 0.351712251608765 NA 0.19047619047619 0.142857142857143 "Uqcrc2_noRT" "non-targeting_noRT"
"3881" "Slc39a10" 10.2297326408946 -0.562673960040566 -0.930531914090895 0.352095748189481 NA 0.476190476190476 0.589285714285714 "Uqcrc2_noRT" "non-targeting_noRT"
"3882" "Sh3bp1" 4.05814001283579 0.850869028396433 0.930176699445984 0.352279603909355 NA 0.380952380952381 0.232142857142857 "Uqcrc2_noRT" "non-targeting_noRT"
"3883" "Nr1d2" 5.89032340012953 -0.745671849425854 -0.929965158661686 0.3523891242722 NA 0.333333333333333 0.428571428571429 "Uqcrc2_noRT" "non-targeting_noRT"
"3884" "Ugdh" 84.3713652831455 0.228569189491617 0.929957567889731 0.352393054619808 0.784463824411053 1 0.946428571428571 "Uqcrc2_noRT" "non-targeting_noRT"
"3885" "Ipo5" 13.5479497437624 -0.488531418188926 -0.92986570385948 0.352440622149247 0.784463824411053 0.571428571428571 0.75 "Uqcrc2_noRT" "non-targeting_noRT"
"3886" "Ro60" 11.5355089106852 0.533471302271238 0.929845662173853 0.352451000347018 NA 0.571428571428571 0.571428571428571 "Uqcrc2_noRT" "non-targeting_noRT"
"3887" "Rab23" 3.50017214855745 0.962115152458774 0.929766070327604 0.352492217348411 NA 0.142857142857143 0.178571428571429 "Uqcrc2_noRT" "non-targeting_noRT"
"3888" "Stx7" 14.3836615878927 0.473964918463806 0.929438723160069 0.352661767645514 0.784463824411053 0.666666666666667 0.642857142857143 "Uqcrc2_noRT" "non-targeting_noRT"
"3889" "Zfp385a" 2.78978512691856 1.04739448488431 0.929128582502897 0.352822453383659 NA 0.238095238095238 0.178571428571429 "Uqcrc2_noRT" "non-targeting_noRT"
"3890" "Veph1" 0.682598556468949 -1.95548814912879 -0.929128417398098 0.352822538937781 NA 0 0.125 "Uqcrc2_noRT" "non-targeting_noRT"
"3891" "C130071C03Rik" 2.29043101808972 -1.33385102234387 -0.929060481840593 0.35285774294689 NA 0.0952380952380952 0.285714285714286 "Uqcrc2_noRT" "non-targeting_noRT"
"3892" "Slc2a12" 1.28470539956507 1.48837653518009 0.928895198938412 0.352943401347242 NA 0.142857142857143 0.0714285714285714 "Uqcrc2_noRT" "non-targeting_noRT"
"3893" "Gatm" 79.2242026735528 0.363177922973187 0.928737642731418 0.353025067607041 0.784463824411053 0.80952380952381 0.803571428571429 "Uqcrc2_noRT" "non-targeting_noRT"
"3894" "Rbm14" 6.00429753533807 -0.767823560786863 -0.928636048564603 0.353077733346496 NA 0.238095238095238 0.410714285714286 "Uqcrc2_noRT" "non-targeting_noRT"
"3895" "Ddx46" 33.2826606131279 -0.313248382598334 -0.928625579673852 0.353083160632135 0.784463824411053 0.761904761904762 0.892857142857143 "Uqcrc2_noRT" "non-targeting_noRT"
"3896" "Ndufa4" 461.390221012333 0.16738151466083 0.928402853079306 0.35319863912549 0.784463824411053 1 1 "Uqcrc2_noRT" "non-targeting_noRT"
"3897" "Itm2a" 14.4170949026301 0.471799165511752 0.928393398291578 0.353203541738638 0.784463824411053 0.380952380952381 0.517857142857143 "Uqcrc2_noRT" "non-targeting_noRT"
"3898" "Ece1" 2.38818714081469 1.08966044108435 0.928306666397313 0.353248517038245 NA 0.238095238095238 0.142857142857143 "Uqcrc2_noRT" "non-targeting_noRT"
"3899" "Pja1" 7.1923241475608 0.626790733333369 0.928232376157435 0.353287043529043 NA 0.428571428571429 0.410714285714286 "Uqcrc2_noRT" "non-targeting_noRT"
"3900" "Ly96" 8.01445147803758 0.736311632746741 0.928132260479795 0.353338967145954 NA 0.380952380952381 0.339285714285714 "Uqcrc2_noRT" "non-targeting_noRT"
"3901" "Mia3" 34.5620903609989 -0.324373254264029 -0.928129377060523 0.353340462663117 0.784463824411053 0.571428571428571 0.821428571428571 "Uqcrc2_noRT" "non-targeting_noRT"
"3902" "Kif14" 1.35781039192411 -1.58092546948309 -0.928079604553539 0.353366278352879 NA 0.0476190476190476 0.160714285714286 "Uqcrc2_noRT" "non-targeting_noRT"
"3903" "Asf1a" 36.9288064076296 0.286229600368362 0.927773092029284 0.353525284618776 0.784463824411053 0.952380952380952 0.910714285714286 "Uqcrc2_noRT" "non-targeting_noRT"
"3904" "Pom121" 14.1235281644682 -0.5341630651136 -0.927769777016427 0.353527004560195 0.784463824411053 0.476190476190476 0.714285714285714 "Uqcrc2_noRT" "non-targeting_noRT"
"3905" "Rbm4b" 15.6152413086154 0.443509486687507 0.927715074022835 0.353555387097678 0.784463824411053 0.714285714285714 0.625 "Uqcrc2_noRT" "non-targeting_noRT"
"3906" "Khdrbs1" 43.5345651192938 -0.296266477328933 -0.927693979545533 0.353566332309344 0.784463824411053 0.80952380952381 0.910714285714286 "Uqcrc2_noRT" "non-targeting_noRT"
"3907" "Vcpkmt" 16.9652504877712 0.43630509155317 0.927683621293025 0.353571706935063 0.784463824411053 0.761904761904762 0.714285714285714 "Uqcrc2_noRT" "non-targeting_noRT"
"3908" "Lhfp" 3.79722021052821 -1.01721723120759 -0.927500372383274 0.353666798529787 NA 0.19047619047619 0.196428571428571 "Uqcrc2_noRT" "non-targeting_noRT"
"3909" "Mboat1" 2.25592697773156 -1.309749330785 -0.927401657737114 0.353718030270755 NA 0.0952380952380952 0.303571428571429 "Uqcrc2_noRT" "non-targeting_noRT"
"3910" "Dcaf13" 32.1825461900177 -0.327812564067451 -0.927396178369144 0.353720874135722 0.784463824411053 0.80952380952381 0.946428571428571 "Uqcrc2_noRT" "non-targeting_noRT"
"3911" "Pkn2" 40.2739399848853 0.285056274553443 0.927340481051817 0.353749782605404 0.784463824411053 1 0.910714285714286 "Uqcrc2_noRT" "non-targeting_noRT"
"3912" "Hmgxb4" 13.8443894273525 0.460038043527622 0.927322441982887 0.353759145708187 0.784463824411053 0.571428571428571 0.553571428571429 "Uqcrc2_noRT" "non-targeting_noRT"
"3913" "Polr3c" 5.19049550358353 -0.787662465254573 -0.926899019122135 0.353978966546545 NA 0.285714285714286 0.482142857142857 "Uqcrc2_noRT" "non-targeting_noRT"
"3914" "Wwp2" 10.2756308774355 -0.579650890239919 -0.926848298078667 0.354005304266773 NA 0.476190476190476 0.696428571428571 "Uqcrc2_noRT" "non-targeting_noRT"
"3915" "Fam32a" 35.1917709333931 -0.30418052589935 -0.926672099563804 0.354096807810325 0.784463824411053 0.904761904761905 0.910714285714286 "Uqcrc2_noRT" "non-targeting_noRT"
"3916" "Atg3" 16.2961235643522 0.434482140681339 0.926359938595184 0.35425895616079 0.784463824411053 0.761904761904762 0.803571428571429 "Uqcrc2_noRT" "non-targeting_noRT"
"3917" "Tgtp1" 6.36915779302746 0.74904318279001 0.926297003131286 0.354291652929216 NA 0.333333333333333 0.357142857142857 "Uqcrc2_noRT" "non-targeting_noRT"
"3918" "Rab10" 42.0001647392331 -0.284903919950482 -0.926017100814134 0.35443709325631 0.784463824411053 0.857142857142857 0.946428571428571 "Uqcrc2_noRT" "non-targeting_noRT"
"3919" "Rwdd4a" 26.5302480307077 -0.361160901389506 -0.925958940132733 0.354467318918031 0.784463824411053 0.666666666666667 0.892857142857143 "Uqcrc2_noRT" "non-targeting_noRT"
"3920" "Srp54a" 7.31926335529207 -0.662391493368567 -0.92577953049831 0.354560566989637 NA 0.333333333333333 0.553571428571429 "Uqcrc2_noRT" "non-targeting_noRT"
"3921" "Zfp426" 1.31175584166755 -1.58333639326671 -0.925701791523746 0.354600976594318 NA 0.0476190476190476 0.178571428571429 "Uqcrc2_noRT" "non-targeting_noRT"
"3922" "Accs" 0.673591392362319 -1.93925553133111 -0.925687776678115 0.354608261980149 NA 0 0.142857142857143 "Uqcrc2_noRT" "non-targeting_noRT"
"3923" "Pard6b" 0.673591392362319 -1.93925553133111 -0.925687776678115 0.354608261980149 NA 0 0.142857142857143 "Uqcrc2_noRT" "non-targeting_noRT"
"3924" "5830408C22Rik" 0.673591392362319 -1.93925553133111 -0.925687776678115 0.354608261980149 NA 0 0.125 "Uqcrc2_noRT" "non-targeting_noRT"
"3925" "Mfhas1" 0.673591392362319 -1.93925553133111 -0.925687776678115 0.354608261980149 NA 0 0.125 "Uqcrc2_noRT" "non-targeting_noRT"
"3926" "Dhrs13" 7.49373348034519 -0.670763261800403 -0.925549017361091 0.354680398817847 NA 0.380952380952381 0.589285714285714 "Uqcrc2_noRT" "non-targeting_noRT"
"3927" "Bzw2" 53.0648972931987 -0.257531568658047 -0.924953232770503 0.354990234778908 0.784463824411053 0.857142857142857 1 "Uqcrc2_noRT" "non-targeting_noRT"
"3928" "Ndufb3" 79.5646617603268 0.221182232962246 0.924836256729926 0.35505108787113 0.784463824411053 1 1 "Uqcrc2_noRT" "non-targeting_noRT"
"3929" "Crtc2" 2.97740017459418 -1.09513787364361 -0.92482281038521 0.355058083329366 NA 0.142857142857143 0.267857142857143 "Uqcrc2_noRT" "non-targeting_noRT"
"3930" "Dync1li1" 23.8069841169173 -0.366187644256214 -0.924709071768165 0.355117259302914 0.784463824411053 0.80952380952381 0.785714285714286 "Uqcrc2_noRT" "non-targeting_noRT"
"3931" "P3h2" 2.24960790962656 -1.30529487447006 -0.92460081212549 0.355173590455116 NA 0.0952380952380952 0.232142857142857 "Uqcrc2_noRT" "non-targeting_noRT"
"3932" "Pdpr" 0.678385844398953 -1.94801233666996 -0.924600441670233 0.355173783225192 NA 0 0.125 "Uqcrc2_noRT" "non-targeting_noRT"
"3933" "1700024B05Rik" 0.678385844398953 -1.94801233666996 -0.924600441670233 0.355173783225192 NA 0 0.0892857142857143 "Uqcrc2_noRT" "non-targeting_noRT"
"3934" "Sin3a" 6.6726085627216 -0.695686793096667 -0.924577201008051 0.355185876866804 NA 0.238095238095238 0.5 "Uqcrc2_noRT" "non-targeting_noRT"
"3935" "Glb1" 6.69693997030839 -0.685806569631192 -0.924452881948406 0.355250572644451 NA 0.238095238095238 0.571428571428571 "Uqcrc2_noRT" "non-targeting_noRT"
"3936" "Brd3os" 1.81124914899346 1.34164006349176 0.923764016441506 0.355609193774461 NA 0.19047619047619 0.107142857142857 "Uqcrc2_noRT" "non-targeting_noRT"
"3937" "Szt2" 0.671485036327321 -1.93549936230417 -0.923396226195354 0.355800757652286 NA 0 0.125 "Uqcrc2_noRT" "non-targeting_noRT"
"3938" "Zfp607b" 0.671485036327321 -1.93549936230417 -0.923396226195354 0.355800757652286 NA 0 0.107142857142857 "Uqcrc2_noRT" "non-targeting_noRT"
"3939" "4930550C14Rik" 0.671485036327321 -1.93549936230417 -0.923396226195354 0.355800757652286 NA 0 0.125 "Uqcrc2_noRT" "non-targeting_noRT"
"3940" "Eif3j2" 0.671485036327321 -1.93549936230417 -0.923396226195354 0.355800757652286 NA 0 0.125 "Uqcrc2_noRT" "non-targeting_noRT"
"3941" "Trim30a" 29.8525168552403 0.338397413867951 0.922951805417136 0.35603232142849 0.784463824411053 0.80952380952381 0.875 "Uqcrc2_noRT" "non-targeting_noRT"
"3942" "Gm36608" 1.30642854223484 1.47539413664143 0.922834202470858 0.35609361389791 NA 0.142857142857143 0.0535714285714286 "Uqcrc2_noRT" "non-targeting_noRT"
"3943" "Tab3" 3.52988173687897 0.936273441142505 0.922777327878684 0.356123258264603 NA 0.285714285714286 0.214285714285714 "Uqcrc2_noRT" "non-targeting_noRT"
"3944" "Tln1" 29.1745029121339 0.329349430833187 0.922621812335356 0.356204324543866 0.784463824411053 0.714285714285714 0.821428571428571 "Uqcrc2_noRT" "non-targeting_noRT"
"3945" "Rapsn" 0.792096873756106 1.91832213730092 0.922404025243277 0.356317870942068 NA 0.0952380952380952 0.0357142857142857 "Uqcrc2_noRT" "non-targeting_noRT"
"3946" "Anks6" 0.792096873756106 1.91832213730092 0.922404025243277 0.356317870942068 NA 0.0952380952380952 0.0357142857142857 "Uqcrc2_noRT" "non-targeting_noRT"
"3947" "Acad10" 0.792096873756106 1.91832213730092 0.922404025243277 0.356317870942068 NA 0.0952380952380952 0.0357142857142857 "Uqcrc2_noRT" "non-targeting_noRT"
"3948" "Pacs1" 0.792096873756106 1.91832213730092 0.922404025243277 0.356317870942068 NA 0.0952380952380952 0.0357142857142857 "Uqcrc2_noRT" "non-targeting_noRT"
"3949" "Psip1" 105.399122249613 -0.199130719384705 -0.922128750080268 0.356461422203244 0.784463824411053 0.952380952380952 1 "Uqcrc2_noRT" "non-targeting_noRT"
"3950" "Rpp25l" 28.5448642692963 -0.341276298949501 -0.922109524767597 0.356471449234528 0.784463824411053 0.761904761904762 0.928571428571429 "Uqcrc2_noRT" "non-targeting_noRT"
"3951" "Igf2bp3" 13.5770707564702 -0.484809990429164 -0.922102075668203 0.356475334387012 0.784463824411053 0.619047619047619 0.696428571428571 "Uqcrc2_noRT" "non-targeting_noRT"
"3952" "Ric8b" 3.71056863156507 -0.978737736094971 -0.921882616803596 0.356589807332802 NA 0.142857142857143 0.392857142857143 "Uqcrc2_noRT" "non-targeting_noRT"
"3953" "Ppm1a" 17.1640403487959 -0.449918505120489 -0.921672437155401 0.356699461817601 0.784463824411053 0.571428571428571 0.75 "Uqcrc2_noRT" "non-targeting_noRT"
"3954" "Ascc1" 14.3525290077926 0.45063751472354 0.921347441297334 0.356869059795493 0.784463824411053 0.857142857142857 0.660714285714286 "Uqcrc2_noRT" "non-targeting_noRT"
"3955" "Stt3a" 33.2477974253661 -0.314971898954676 -0.92131037348669 0.356888406732736 0.784463824411053 0.80952380952381 0.910714285714286 "Uqcrc2_noRT" "non-targeting_noRT"
"3956" "Stoml2" 107.013682924242 0.186890023939032 0.921114188237358 0.356990813415969 0.784463824411053 0.904761904761905 1 "Uqcrc2_noRT" "non-targeting_noRT"
"3957" "Tubg2" 2.34692704259476 1.060305641095 0.920940738968368 0.357081367565731 NA 0.238095238095238 0.160714285714286 "Uqcrc2_noRT" "non-targeting_noRT"
"3958" "Hsd17b4" 9.14113722268597 0.563464440747058 0.920917354320903 0.357093577296144 NA 0.619047619047619 0.517857142857143 "Uqcrc2_noRT" "non-targeting_noRT"
"3959" "Trmt11" 16.4237069258333 0.434133114937903 0.920845710713656 0.357130985916819 0.784463824411053 0.80952380952381 0.696428571428571 "Uqcrc2_noRT" "non-targeting_noRT"
"3960" "Dusp11" 44.5659171341809 0.27127724297829 0.920513288034716 0.357304592298933 0.784463824411053 0.952380952380952 0.964285714285714 "Uqcrc2_noRT" "non-targeting_noRT"
"3961" "Dars" 33.8778907510193 -0.309118270462039 -0.920441731641018 0.357341969281895 0.784463824411053 0.80952380952381 0.857142857142857 "Uqcrc2_noRT" "non-targeting_noRT"
"3962" "Atxn7l2" 2.40090311937783 1.09555687897307 0.920295103195315 0.357418567318309 NA 0.238095238095238 0.125 "Uqcrc2_noRT" "non-targeting_noRT"
"3963" "Chd2" 13.5124940348357 0.489997614038002 0.920215553968487 0.357460127799643 0.784463824411053 0.619047619047619 0.5 "Uqcrc2_noRT" "non-targeting_noRT"
"3964" "Psma7" 442.218756468293 -0.12541433568633 -0.919911668819893 0.357618920558971 0.784463824411053 1 1 "Uqcrc2_noRT" "non-targeting_noRT"
"3965" "Brox" 5.19964257098435 -0.821187669395579 -0.919558757654616 0.357803387189752 NA 0.238095238095238 0.553571428571429 "Uqcrc2_noRT" "non-targeting_noRT"
"3966" "Hspa12b" 1.35619190694791 1.55369664791774 0.919458157316337 0.35785598194296 NA 0.0952380952380952 0.0714285714285714 "Uqcrc2_noRT" "non-targeting_noRT"
"3967" "Utp6" 11.0475256616089 -0.537037691947008 -0.919289204282516 0.357944323040896 NA 0.476190476190476 0.678571428571429 "Uqcrc2_noRT" "non-targeting_noRT"
"3968" "Nck1" 14.1045539267185 0.459308116045913 0.918996643088274 0.35809732804778 0.784463824411053 0.619047619047619 0.642857142857143 "Uqcrc2_noRT" "non-targeting_noRT"
"3969" "Clptm1l" 19.0838449695897 -0.42190779190545 -0.918983272420583 0.358104321684569 0.784463824411053 0.571428571428571 0.821428571428571 "Uqcrc2_noRT" "non-targeting_noRT"
"3970" "Tsen34" 34.9090905542295 0.299889708633394 0.918975657880176 0.35810830457044 0.784463824411053 0.857142857142857 0.928571428571429 "Uqcrc2_noRT" "non-targeting_noRT"
"3971" "Fam174b" 0.852973758610804 1.99763957306704 0.918771385624948 0.358215162272397 NA 0.0476190476190476 0.0357142857142857 "Uqcrc2_noRT" "non-targeting_noRT"
"3972" "9030407P20Rik" 0.852973758610804 1.99763957306704 0.918771385624948 0.358215162272397 NA 0.0952380952380952 0.0357142857142857 "Uqcrc2_noRT" "non-targeting_noRT"
"3973" "Gm42869" 0.794203229791104 1.90929695453542 0.918655134906032 0.358275983620572 NA 0.0952380952380952 0.0357142857142857 "Uqcrc2_noRT" "non-targeting_noRT"
"3974" "Krba1" 0.794203229791104 1.90929695453542 0.918655134906032 0.358275983620572 NA 0.0952380952380952 0.0357142857142857 "Uqcrc2_noRT" "non-targeting_noRT"
"3975" "Gab2" 0.794203229791104 1.90929695453542 0.918655134906032 0.358275983620572 NA 0.0952380952380952 0.0357142857142857 "Uqcrc2_noRT" "non-targeting_noRT"
"3976" "Pias4" 7.40141955741263 -0.65809062355735 -0.918583488464841 0.358313471640416 NA 0.285714285714286 0.571428571428571 "Uqcrc2_noRT" "non-targeting_noRT"
"3977" "BC055324" 1.4597152076614 -1.71612851400395 -0.918138322541725 0.358546453907397 NA 0.0476190476190476 0.196428571428571 "Uqcrc2_noRT" "non-targeting_noRT"
"3978" "Map4k5" 11.5039175476232 0.517487275594072 0.918132550191964 0.358549475552873 NA 0.523809523809524 0.571428571428571 "Uqcrc2_noRT" "non-targeting_noRT"
"3979" "Evi5l" 2.1472661041325 -1.28198259926015 -0.918072826522091 0.358580739975578 NA 0.0952380952380952 0.285714285714286 "Uqcrc2_noRT" "non-targeting_noRT"
"3980" "Sugp2" 2.15308127462401 -1.26946061346414 -0.91773539197534 0.35875741397544 NA 0.0952380952380952 0.232142857142857 "Uqcrc2_noRT" "non-targeting_noRT"
"3981" "Mrpl39" 16.2621390949103 -0.441536169645515 -0.917422512487656 0.358921280328126 0.785828707935336 0.571428571428571 0.803571428571429 "Uqcrc2_noRT" "non-targeting_noRT"
"3982" "Asb7" 2.9784987354022 -1.07109046089453 -0.917376036124528 0.358945625700777 NA 0.0952380952380952 0.321428571428571 "Uqcrc2_noRT" "non-targeting_noRT"
"3983" "Atp11c" 4.33354675195286 -0.886072017257855 -0.917049929683404 0.35911647684115 NA 0.19047619047619 0.410714285714286 "Uqcrc2_noRT" "non-targeting_noRT"
"3984" "Pcdhgc3" 3.64541411551512 -0.980044314104476 -0.916703879930675 0.359297832410545 NA 0.142857142857143 0.357142857142857 "Uqcrc2_noRT" "non-targeting_noRT"
"3985" "Gpat4" 9.56155753934232 -0.590582736092309 -0.916671701145623 0.359314699389132 NA 0.428571428571429 0.571428571428571 "Uqcrc2_noRT" "non-targeting_noRT"
"3986" "Idua" 1.30163409019821 1.48719245001231 0.916606264401659 0.359349000545603 NA 0.142857142857143 0.0714285714285714 "Uqcrc2_noRT" "non-targeting_noRT"
"3987" "Cc2d2a" 5.78656632721402 0.693217981368332 0.916587378701225 0.359358900585881 NA 0.333333333333333 0.321428571428571 "Uqcrc2_noRT" "non-targeting_noRT"
"3988" "Gm38246" 1.24235966376502 1.47689994325057 0.916418381701805 0.359447497837969 NA 0.142857142857143 0.0714285714285714 "Uqcrc2_noRT" "non-targeting_noRT"
"3989" "Txnl4a" 108.493086225636 -0.189209583287559 -0.916370324488942 0.359472694501291 0.786608072019208 0.952380952380952 1 "Uqcrc2_noRT" "non-targeting_noRT"
"3990" "Slc35c2" 12.2859993862579 0.53403555068714 0.916286977650503 0.359516396342155 NA 0.714285714285714 0.607142857142857 "Uqcrc2_noRT" "non-targeting_noRT"
"3991" "Chtf8" 2.15358517223749 -1.28690967829306 -0.91615957410261 0.359583205201243 NA 0.0952380952380952 0.267857142857143 "Uqcrc2_noRT" "non-targeting_noRT"
"3992" "Sorl1" 1.33979606371085 -1.56048788942067 -0.916112951160226 0.359607655649938 NA 0.0476190476190476 0.142857142857143 "Uqcrc2_noRT" "non-targeting_noRT"
"3993" "Mif4gd" 9.99726469549756 0.551163937094111 0.916061844198871 0.359634458850524 NA 0.571428571428571 0.428571428571429 "Uqcrc2_noRT" "non-targeting_noRT"
"3994" "Sf3b2" 98.7964331523999 -0.192123752749051 -0.915929488944095 0.359703878797607 0.786608072019208 0.952380952380952 0.982142857142857 "Uqcrc2_noRT" "non-targeting_noRT"
"3995" "Nubpl" 5.93368985438446 -0.733323580459501 -0.915606061475355 0.359873550976936 NA 0.333333333333333 0.482142857142857 "Uqcrc2_noRT" "non-targeting_noRT"
"3996" "Pomgnt2" 2.35172149463139 1.05468081632066 0.915584423324103 0.359884904287054 NA 0.238095238095238 0.142857142857143 "Uqcrc2_noRT" "non-targeting_noRT"
"3997" "9130230N09Rik" 0.691605720575579 -1.9719426353953 -0.915567345331894 0.359893865088558 NA 0 0.107142857142857 "Uqcrc2_noRT" "non-targeting_noRT"
"3998" "Ero1l" 123.006300276816 -0.65751937818254 -0.91554372357959 0.359906259623864 0.786608072019208 0.904761904761905 0.982142857142857 "Uqcrc2_noRT" "non-targeting_noRT"
"3999" "Tnk2" 2.14828682258737 -1.26589719348536 -0.915441492778344 0.359959904089337 NA 0.0952380952380952 0.267857142857143 "Uqcrc2_noRT" "non-targeting_noRT"
"4000" "Eftud2" 25.7164887925855 0.354270930127202 0.915293397992007 0.360037624070657 0.786608072019208 0.761904761904762 0.767857142857143 "Uqcrc2_noRT" "non-targeting_noRT"
"4001" "Hmcn1" 1.70672115637978 1.57598079438819 0.915226301328547 0.360072839794008 NA 0.142857142857143 0.0357142857142857 "Uqcrc2_noRT" "non-targeting_noRT"
"4002" "Ctps2" 5.09398881136895 0.764615779756154 0.915225903589406 0.360073048554079 NA 0.428571428571429 0.285714285714286 "Uqcrc2_noRT" "non-targeting_noRT"
"4003" "Cep250" 2.09431074580431 -1.31310915340204 -0.914987183156489 0.360198358694105 NA 0.0952380952380952 0.232142857142857 "Uqcrc2_noRT" "non-targeting_noRT"
"4004" "Slc5a8" 2.09431074580431 -1.31310915340204 -0.914987183156489 0.360198358694105 NA 0.0952380952380952 0.285714285714286 "Uqcrc2_noRT" "non-targeting_noRT"
"4005" "Vash2" 0.855080114645803 1.98778639399086 0.914778752733178 0.360307791258464 NA 0.0952380952380952 0.0357142857142857 "Uqcrc2_noRT" "non-targeting_noRT"
"4006" "1700084E18Rik" 0.855080114645803 1.98778639399086 0.914778752733178 0.360307791258464 NA 0.0476190476190476 0.0357142857142857 "Uqcrc2_noRT" "non-targeting_noRT"
"4007" "Zfp229" 0.855080114645803 1.98778639399086 0.914778752733178 0.360307791258464 NA 0.0476190476190476 0.0357142857142857 "Uqcrc2_noRT" "non-targeting_noRT"
"4008" "Ndufb2" 93.7793260585029 0.201043366100709 0.913536525784038 0.360960432460035 0.788208057793996 1 1 "Uqcrc2_noRT" "non-targeting_noRT"
"4009" "Rmnd1" 8.60473733257189 -0.59866776600073 -0.913488382344031 0.360985740978408 NA 0.428571428571429 0.571428571428571 "Uqcrc2_noRT" "non-targeting_noRT"
"4010" "Dnmt3a" 4.68390048199984 0.783222941248421 0.913477990849421 0.360991203827836 NA 0.285714285714286 0.285714285714286 "Uqcrc2_noRT" "non-targeting_noRT"
"4011" "Zmat5" 17.7041719461832 -0.417433658203618 -0.912763805422669 0.361366778152374 0.788601285214858 0.761904761904762 0.839285714285714 "Uqcrc2_noRT" "non-targeting_noRT"
"4012" "Klhl12" 1.30754312959755 -1.57878331250886 -0.912446572824282 0.361533682317257 NA 0.0476190476190476 0.178571428571429 "Uqcrc2_noRT" "non-targeting_noRT"
"4013" "Fbxw8" 4.30971725324809 -0.885776369141174 -0.912232551108673 0.361646311898667 NA 0.19047619047619 0.392857142857143 "Uqcrc2_noRT" "non-targeting_noRT"
"4014" "Rab26os" 3.72801215430813 -0.926126316486805 -0.911945682971437 0.361797311625251 NA 0.19047619047619 0.410714285714286 "Uqcrc2_noRT" "non-targeting_noRT"
"4015" "Cdk17" 4.04710632377878 0.836126903498089 0.911827439877792 0.361859563130625 NA 0.19047619047619 0.285714285714286 "Uqcrc2_noRT" "non-targeting_noRT"
"4016" "Igfbp6" 1.29105341745265 -1.55965347773343 -0.911720393288007 0.361915925795446 NA 0.0476190476190476 0.196428571428571 "Uqcrc2_noRT" "non-targeting_noRT"
"4017" "Snap29" 2.73631294774898 0.999988174208179 0.911643032845749 0.361956661397049 NA 0.19047619047619 0.196428571428571 "Uqcrc2_noRT" "non-targeting_noRT"
"4018" "Aph1a" 17.0300566828046 -0.419346883174747 -0.911537381828153 0.362012298576337 0.788601285214858 0.571428571428571 0.875 "Uqcrc2_noRT" "non-targeting_noRT"
"4019" "Nup153" 12.8713676172231 -0.481311736435417 -0.911473871686636 0.362045746409148 0.788601285214858 0.476190476190476 0.696428571428571 "Uqcrc2_noRT" "non-targeting_noRT"
"4020" "Pdlim5" 22.5854598998255 -0.428671056395624 -0.910992077214708 0.3622995481705 0.788601285214858 0.523809523809524 0.875 "Uqcrc2_noRT" "non-targeting_noRT"
"4021" "Apbb1ip" 6.17944131244594 0.755340315004227 0.910858097775513 0.362370146235702 NA 0.333333333333333 0.303571428571429 "Uqcrc2_noRT" "non-targeting_noRT"
"4022" "Tstd2" 5.16355384234825 -0.79319027782683 -0.910745156416422 0.362429665354378 NA 0.19047619047619 0.464285714285714 "Uqcrc2_noRT" "non-targeting_noRT"
"4023" "Gys1" 2.88420344776947 -1.09404709239786 -0.910521684774356 0.362547451017494 NA 0.0952380952380952 0.285714285714286 "Uqcrc2_noRT" "non-targeting_noRT"
"4024" "Rngtt" 7.53565713834783 -0.685023710854299 -0.910436746175711 0.362592226067867 NA 0.285714285714286 0.607142857142857 "Uqcrc2_noRT" "non-targeting_noRT"
"4025" "Prps1" 8.06775605574312 -0.641288584356754 -0.910161494296341 0.362737347812182 NA 0.333333333333333 0.625 "Uqcrc2_noRT" "non-targeting_noRT"
"4026" "Nsmf" 3.98346151183783 0.843904051593995 0.910139564168328 0.362748911652947 NA 0.333333333333333 0.25 "Uqcrc2_noRT" "non-targeting_noRT"
"4027" "Arhgef6" 5.15448877867644 0.712873451993238 0.909951383673475 0.362848149438653 NA 0.380952380952381 0.321428571428571 "Uqcrc2_noRT" "non-targeting_noRT"
"4028" "Arxes1" 5.45489066907595 0.720802507429068 0.909668339663174 0.362997445907604 NA 0.428571428571429 0.267857142857143 "Uqcrc2_noRT" "non-targeting_noRT"
"4029" "Tmod3" 19.7128359582226 0.392168008183183 0.909635207740935 0.363014924427777 0.788601285214858 0.619047619047619 0.767857142857143 "Uqcrc2_noRT" "non-targeting_noRT"
"4030" "Impad1" 43.354875477373 -0.285225379668354 -0.909556805914447 0.36305628687609 0.788601285214858 0.904761904761905 0.857142857142857 "Uqcrc2_noRT" "non-targeting_noRT"
"4031" "Dapp1" 0.664584228255689 -1.92286309307135 -0.90945868909903 0.363108054515837 NA 0 0.125 "Uqcrc2_noRT" "non-targeting_noRT"
"4032" "Cited4" 0.664584228255689 -1.92286309307135 -0.90945868909903 0.363108054515837 NA 0 0.0892857142857143 "Uqcrc2_noRT" "non-targeting_noRT"
"4033" "Tjp2" 5.2593138577527 0.739031297836555 0.909330636093896 0.363175623806647 NA 0.285714285714286 0.321428571428571 "Uqcrc2_noRT" "non-targeting_noRT"
"4034" "Ap4s1" 22.0403231549292 -0.375475645081143 -0.909176903710404 0.363256753640569 0.788601285214858 0.666666666666667 0.910714285714286 "Uqcrc2_noRT" "non-targeting_noRT"
"4035" "Nnt" 1.3545894485264 1.51413854492693 0.909142006230421 0.363275171813011 NA 0.142857142857143 0.0714285714285714 "Uqcrc2_noRT" "non-targeting_noRT"
"4036" "Farp1" 3.98085324692081 0.82339939389013 0.909005132802585 0.363347416434719 NA 0.285714285714286 0.214285714285714 "Uqcrc2_noRT" "non-targeting_noRT"
"4037" "Synrg" 12.269766983109 0.5142114359056 0.908669393667768 0.363524664550482 NA 0.571428571428571 0.553571428571429 "Uqcrc2_noRT" "non-targeting_noRT"
"4038" "3110083C13Rik" 0.781487251227964 1.89514401966815 0.908637662693817 0.363541419208836 NA 0.0952380952380952 0.0357142857142857 "Uqcrc2_noRT" "non-targeting_noRT"
"4039" "Arfrp1" 15.4931665628074 -0.447290045822776 -0.908522133839985 0.36360242508847 0.788601285214858 0.571428571428571 0.767857142857143 "Uqcrc2_noRT" "non-targeting_noRT"
"4040" "Pet100" 24.4132626425942 0.344636046358486 0.908427891593896 0.363652195157321 0.788601285214858 0.857142857142857 0.910714285714286 "Uqcrc2_noRT" "non-targeting_noRT"
"4041" "Dazap1" 52.0226360181944 0.253530837302568 0.908379312695056 0.363677851718915 0.788601285214858 1 0.982142857142857 "Uqcrc2_noRT" "non-targeting_noRT"
"4042" "Lmo7" 0.684704912503947 -1.95945017496556 -0.908205380765883 0.363769721776821 NA 0 0.125 "Uqcrc2_noRT" "non-targeting_noRT"
"4043" "Cp" 13.0170300115149 -0.61934421452264 -0.908071423694794 0.363840487188947 0.788601285214858 0.333333333333333 0.517857142857143 "Uqcrc2_noRT" "non-targeting_noRT"
"4044" "Rplp1" 2295.83856094942 -0.104426093947766 -0.907640486547931 0.364068196457397 0.788601285214858 1 1 "Uqcrc2_noRT" "non-targeting_noRT"
"4045" "Rnf113a1" 1.28473434934766 -1.55253679312194 -0.907495579653001 0.364144785974283 NA 0.0476190476190476 0.214285714285714 "Uqcrc2_noRT" "non-targeting_noRT"
"4046" "Med9os" 0.675697748397317 -1.94304492102507 -0.907397221036789 0.36419677846564 NA 0 0.142857142857143 "Uqcrc2_noRT" "non-targeting_noRT"
"4047" "Cpsf7" 10.7562217004872 -0.621424671516636 -0.907168493316952 0.364317702176174 NA 0.428571428571429 0.696428571428571 "Uqcrc2_noRT" "non-targeting_noRT"
"4048" "Atad3a" 26.0115386052061 -0.341373666663843 -0.907138170618037 0.364333735056511 0.788601285214858 0.714285714285714 0.928571428571429 "Uqcrc2_noRT" "non-targeting_noRT"
"4049" "Pycr2" 56.5872413484042 0.252875155649927 0.90711412805353 0.364346447680347 0.788601285214858 0.952380952380952 0.892857142857143 "Uqcrc2_noRT" "non-targeting_noRT"
"4050" "Plk4" 31.2667334986501 0.868669691630697 0.906359295367282 0.364745710153482 0.788601285214858 0.380952380952381 0.732142857142857 "Uqcrc2_noRT" "non-targeting_noRT"
"4051" "Prdx6" 70.6763952090455 0.216823569659833 0.9063204837392 0.364766246627883 0.788601285214858 1 0.964285714285714 "Uqcrc2_noRT" "non-targeting_noRT"
"4052" "Psma4" 207.577249219234 -0.153187365097655 -0.906258219403675 0.364799194189356 0.788601285214858 1 1 "Uqcrc2_noRT" "non-targeting_noRT"
"4053" "Ankrd40" 15.3599606667352 0.424364129072683 0.906155603533916 0.364853498073788 0.788601285214858 0.761904761904762 0.660714285714286 "Uqcrc2_noRT" "non-targeting_noRT"
"4054" "Gm19345" 1.30853489826984 1.46982862017072 0.906111222823168 0.364876985722553 NA 0.142857142857143 0.0714285714285714 "Uqcrc2_noRT" "non-targeting_noRT"
"4055" "Mydgf" 71.3004932685549 0.216943588411951 0.90598747329594 0.364942482799687 0.788601285214858 0.904761904761905 0.982142857142857 "Uqcrc2_noRT" "non-targeting_noRT"
"4056" "N4bp3" 5.50523776248712 0.713971852585907 0.905877569789151 0.365000657732268 NA 0.333333333333333 0.303571428571429 "Uqcrc2_noRT" "non-targeting_noRT"
"4057" "Egr1" 35.962155144876 0.408878167537735 0.905657798126165 0.36511700625701 0.788601285214858 0.523809523809524 0.642857142857143 "Uqcrc2_noRT" "non-targeting_noRT"
"4058" "Plekhb1" 36.4936539222805 -0.30921602728253 -0.905609467221221 0.365142596054052 0.788601285214858 0.857142857142857 0.964285714285714 "Uqcrc2_noRT" "non-targeting_noRT"
"4059" "Gm14023" 0.801104037862736 1.87813131119668 0.905536625450892 0.365181165751776 NA 0.0952380952380952 0.0357142857142857 "Uqcrc2_noRT" "non-targeting_noRT"
"4060" "Efna4" 0.801104037862736 1.87813131119668 0.905536625450892 0.365181165751776 NA 0.0952380952380952 0.0357142857142857 "Uqcrc2_noRT" "non-targeting_noRT"
"4061" "B230398E01Rik" 0.801104037862736 1.87813131119668 0.905536625450892 0.365181165751776 NA 0.0952380952380952 0.0357142857142857 "Uqcrc2_noRT" "non-targeting_noRT"
"4062" "Gm43111" 0.801104037862736 1.87813131119668 0.905536625450892 0.365181165751776 NA 0.0952380952380952 0.0357142857142857 "Uqcrc2_noRT" "non-targeting_noRT"
"4063" "Gm42067" 2.18234703754162 -1.30775043057147 -0.905266316099752 0.365324316718287 NA 0.0952380952380952 0.232142857142857 "Uqcrc2_noRT" "non-targeting_noRT"
"4064" "Sec61a2" 4.43364229811774 -0.864417440707069 -0.905091062474172 0.365417146603892 NA 0.19047619047619 0.392857142857143 "Uqcrc2_noRT" "non-targeting_noRT"
"4065" "Spty2d1" 9.67415529588593 -0.591013588295284 -0.904879883919374 0.36552902508594 NA 0.428571428571429 0.660714285714286 "Uqcrc2_noRT" "non-targeting_noRT"
"4066" "Arsb" 9.21748508996216 0.547628468487229 0.904741175879078 0.365602521667395 NA 0.428571428571429 0.5 "Uqcrc2_noRT" "non-targeting_noRT"
"4067" "Psmd4" 122.611376633351 -0.190565670820513 -0.904410576532508 0.365777731990309 0.788947616939466 0.952380952380952 1 "Uqcrc2_noRT" "non-targeting_noRT"
"4068" "Sdad1" 23.7419495320556 0.345613741363245 0.904357412164729 0.365805912816829 0.788947616939466 0.857142857142857 0.839285714285714 "Uqcrc2_noRT" "non-targeting_noRT"
"4069" "Msi2" 24.853764433812 0.364998651944234 0.904227211458067 0.365874934003585 0.788947616939466 0.619047619047619 0.732142857142857 "Uqcrc2_noRT" "non-targeting_noRT"
"4070" "Zfp444" 6.26405543196226 0.641914846842055 0.904094713550105 0.365945181311115 NA 0.428571428571429 0.321428571428571 "Uqcrc2_noRT" "non-targeting_noRT"
"4071" "Zfp758" 2.82370742731008 1.01251263341091 0.903892571751145 0.366052368401969 NA 0.19047619047619 0.196428571428571 "Uqcrc2_noRT" "non-targeting_noRT"
"4072" "Spast" 9.63714256452949 0.541826523089511 0.903674536428265 0.366168005101043 NA 0.380952380952381 0.589285714285714 "Uqcrc2_noRT" "non-targeting_noRT"
"4073" "Etv5" 13.3532688124475 0.469816306197382 0.903349106299076 0.36634064184182 0.789540404136173 0.571428571428571 0.553571428571429 "Uqcrc2_noRT" "non-targeting_noRT"
"4074" "Zscan21" 3.87277952668685 -0.949459006236112 -0.903168378225672 0.366436537817191 NA 0.19047619047619 0.410714285714286 "Uqcrc2_noRT" "non-targeting_noRT"
"4075" "Steap3" 5.10313587876976 0.712984713740442 0.902825695623789 0.366618411333824 NA 0.380952380952381 0.339285714285714 "Uqcrc2_noRT" "non-targeting_noRT"
"4076" "Nmi" 94.4277864013898 0.207388552999236 0.90275596425305 0.366655427076684 0.789807473838271 1 1 "Uqcrc2_noRT" "non-targeting_noRT"
"4077" "Scml2" 1.68470092724743 1.27689899331613 0.902641683643244 0.366716096083848 NA 0.0952380952380952 0.107142857142857 "Uqcrc2_noRT" "non-targeting_noRT"
"4078" "6030458C11Rik" 11.0789175394365 -0.545179861884849 -0.90248565641599 0.366798937537464 NA 0.428571428571429 0.625 "Uqcrc2_noRT" "non-targeting_noRT"
"4079" "Alg1" 3.64912094124017 -0.939420569996861 -0.902375265935464 0.366857555558859 NA 0.142857142857143 0.375 "Uqcrc2_noRT" "non-targeting_noRT"
"4080" "Eif2s1" 93.9210309924982 -0.215370189160658 -0.902137655796464 0.366983747809831 0.790039802817867 0.952380952380952 0.982142857142857 "Uqcrc2_noRT" "non-targeting_noRT"
"4081" "Ern1" 9.59806865342918 0.525082455987886 0.901775975691001 0.367175884247435 NA 0.476190476190476 0.5 "Uqcrc2_noRT" "non-targeting_noRT"
"4082" "Senp3" 13.4944755758614 -0.491135542347536 -0.901549114760608 0.367296432265355 0.790039802817867 0.476190476190476 0.714285714285714 "Uqcrc2_noRT" "non-targeting_noRT"
"4083" "Tcea1" 76.2390819179257 0.209115262171881 0.901335103927054 0.367410174677203 0.790039802817867 0.952380952380952 0.982142857142857 "Uqcrc2_noRT" "non-targeting_noRT"
"4084" "Rhog" 12.6273225222167 0.472354384796926 0.901061069516225 0.367555850438132 0.790039802817867 0.571428571428571 0.589285714285714 "Uqcrc2_noRT" "non-targeting_noRT"
"4085" "Rin3" 0.669378680292323 -1.93164461167375 -0.900590333689964 0.367806175978314 NA 0 0.125 "Uqcrc2_noRT" "non-targeting_noRT"
"4086" "Abcc1" 0.669378680292323 -1.93164461167375 -0.900590333689964 0.367806175978314 NA 0 0.125 "Uqcrc2_noRT" "non-targeting_noRT"
"4087" "Ttc9" 5.24345086191172 -0.776557306139275 -0.900582568232966 0.367810306344129 NA 0.285714285714286 0.464285714285714 "Uqcrc2_noRT" "non-targeting_noRT"
"4088" "Ap1s1" 57.4946222426586 0.244339446005388 0.900316080603489 0.367952065846705 0.790039802817867 0.952380952380952 0.964285714285714 "Uqcrc2_noRT" "non-targeting_noRT"
"4089" "Foxd2os" 9.59269047269444 0.539654776780328 0.90030568521582 0.367957596417448 NA 0.523809523809524 0.5 "Uqcrc2_noRT" "non-targeting_noRT"
"4090" "1700086O06Rik" 6.84368151978512 0.61910951439832 0.900238912590664 0.367993122130113 NA 0.428571428571429 0.375 "Uqcrc2_noRT" "non-targeting_noRT"
"4091" "Sdf2l1" 26.0432788182144 0.369776041732192 0.899958293107396 0.368142446287961 0.790039802817867 0.761904761904762 0.857142857142857 "Uqcrc2_noRT" "non-targeting_noRT"
"4092" "Arfgef1" 12.2302140079907 -0.503247761110307 -0.899274465464347 0.368506484824164 NA 0.428571428571429 0.696428571428571 "Uqcrc2_noRT" "non-targeting_noRT"
"4093" "Ascc3" 24.4894559078477 -0.354288224126329 -0.899267794329161 0.36851003733419 0.790039802817867 0.761904761904762 0.839285714285714 "Uqcrc2_noRT" "non-targeting_noRT"
"4094" "St3gal5" 15.8945719449226 -0.46466864690584 -0.899247929486182 0.368520615878002 0.790039802817867 0.619047619047619 0.571428571428571 "Uqcrc2_noRT" "non-targeting_noRT"
"4095" "Zfhx2" 0.676279488363955 -1.94430949732932 -0.899241374054919 0.368524106856546 NA 0 0.107142857142857 "Uqcrc2_noRT" "non-targeting_noRT"
"4096" "Pip4k2a" 1.36941178312454 1.51915903952225 0.899230378583288 0.368529962345973 NA 0.142857142857143 0.0714285714285714 "Uqcrc2_noRT" "non-targeting_noRT"
"4097" "Hist4h4" 1.36941178312454 1.51915903952225 0.899230378583288 0.368529962345973 NA 0.142857142857143 0.0714285714285714 "Uqcrc2_noRT" "non-targeting_noRT"
"4098" "Rpap3" 10.8526289414663 -0.535495651678592 -0.898756305635449 0.368782478529347 NA 0.476190476190476 0.678571428571429 "Uqcrc2_noRT" "non-targeting_noRT"
"4099" "Ssna1" 49.2808215452129 -0.28409819516983 -0.898558936984189 0.368887639180625 0.790039802817867 0.80952380952381 0.964285714285714 "Uqcrc2_noRT" "non-targeting_noRT"
"4100" "Sod2" 74.4890808196675 0.217857756447917 0.898496476413572 0.36892092289152 0.790039802817867 1 1 "Uqcrc2_noRT" "non-targeting_noRT"
"4101" "Platr14" 1.27569823545844 1.51114835564816 0.898468048850024 0.368936071863616 NA 0.142857142857143 0.0535714285714286 "Uqcrc2_noRT" "non-targeting_noRT"
"4102" "Kmt2b" 5.96283062596725 -0.72282279955172 -0.898445946983008 0.368947850156415 NA 0.285714285714286 0.464285714285714 "Uqcrc2_noRT" "non-targeting_noRT"
"4103" "Fto" 8.70968974496639 0.585998467414438 0.898439794668727 0.368951128824172 NA 0.428571428571429 0.482142857142857 "Uqcrc2_noRT" "non-targeting_noRT"
"4104" "6030442K20Rik" 0.827541801484524 1.96732513856892 0.898372699232958 0.36898688624329 NA 0.0952380952380952 0.0357142857142857 "Uqcrc2_noRT" "non-targeting_noRT"
"4105" "Bmp5" 0.827541801484524 1.96732513856892 0.898372699232958 0.36898688624329 NA 0.0952380952380952 0.0357142857142857 "Uqcrc2_noRT" "non-targeting_noRT"
"4106" "Zfp97" 0.827541801484524 1.96732513856892 0.898372699232958 0.36898688624329 NA 0.0476190476190476 0.0357142857142857 "Uqcrc2_noRT" "non-targeting_noRT"
"4107" "Ppp1r9a" 2.41099592106458 1.06281424499508 0.89817363640976 0.369092986214512 NA 0.142857142857143 0.142857142857143 "Uqcrc2_noRT" "non-targeting_noRT"
"4108" "5930430L01Rik" 3.3927238926048 0.895242673686308 0.898104844005844 0.369129656799348 NA 0.238095238095238 0.196428571428571 "Uqcrc2_noRT" "non-targeting_noRT"
"4109" "Gorab" 6.29428184112517 0.643991843799812 0.898010569925472 0.369179914365868 NA 0.476190476190476 0.375 "Uqcrc2_noRT" "non-targeting_noRT"
"4110" "Ythdf3" 6.12350597052424 -0.743936034704692 -0.898005436349872 0.369182651200133 NA 0.142857142857143 0.464285714285714 "Uqcrc2_noRT" "non-targeting_noRT"
"4111" "Hspa14" 24.6324958304701 -0.35428668978489 -0.897997642365303 0.369186806387378 0.790039802817867 0.619047619047619 0.857142857142857 "Uqcrc2_noRT" "non-targeting_noRT"
"4112" "Eif1" 1183.21300041728 -0.10365373508922 -0.897935397077046 0.36921999210376 0.790039802817867 1 1 "Uqcrc2_noRT" "non-targeting_noRT"
"4113" "Nvl" 18.8795075827773 -0.413291534160397 -0.897789715431404 0.369297668683575 0.790039802817867 0.619047619047619 0.857142857142857 "Uqcrc2_noRT" "non-targeting_noRT"
"4114" "Sympk" 9.2070799366015 -0.6065095661368 -0.89771989917769 0.36933489789268 NA 0.380952380952381 0.553571428571429 "Uqcrc2_noRT" "non-targeting_noRT"
"4115" "Gm26692" 0.666690584290687 -1.92656768290882 -0.897600897711678 0.36939836027743 NA 0 0.125 "Uqcrc2_noRT" "non-targeting_noRT"
"4116" "Ptprf" 5.73502623630728 -0.744400418588346 -0.897554697450827 0.369423000277467 NA 0.238095238095238 0.428571428571429 "Uqcrc2_noRT" "non-targeting_noRT"
"4117" "Uxs1" 18.2695022027231 0.401218809770319 0.897461925821768 0.369472481286213 0.790039802817867 0.714285714285714 0.660714285714286 "Uqcrc2_noRT" "non-targeting_noRT"
"4118" "Hipk1" 10.0924458278227 -0.54048372630204 -0.897245386019729 0.369587991762399 NA 0.428571428571429 0.625 "Uqcrc2_noRT" "non-targeting_noRT"
"4119" "Agpat3" 19.1014539526542 0.402105071026602 0.897049847528892 0.369692318634169 0.790039802817867 0.761904761904762 0.803571428571429 "Uqcrc2_noRT" "non-targeting_noRT"
"4120" "Aqr" 16.8836868520043 -0.413395166547771 -0.896814233200214 0.369818051729871 0.790039802817867 0.666666666666667 0.714285714285714 "Uqcrc2_noRT" "non-targeting_noRT"
"4121" "Eml3" 5.27381717436882 -0.800994516104659 -0.896615407300235 0.369924173740934 NA 0.238095238095238 0.5 "Uqcrc2_noRT" "non-targeting_noRT"
"4122" "Opn3" 0.847158588119296 1.94849638496318 0.896449843335318 0.370012556850941 NA 0.0952380952380952 0.0357142857142857 "Uqcrc2_noRT" "non-targeting_noRT"
"4123" "Ogdhl" 0.847158588119296 1.94849638496318 0.896449843335318 0.370012556850941 NA 0.0952380952380952 0.0357142857142857 "Uqcrc2_noRT" "non-targeting_noRT"
"4124" "Raph1" 8.70278893689476 0.588398960994101 0.896288833592763 0.370098521360161 NA 0.476190476190476 0.410714285714286 "Uqcrc2_noRT" "non-targeting_noRT"
"4125" "Sqle" 17.9390315765985 0.388616967677078 0.896191518533596 0.370150484736453 0.790310567822277 0.666666666666667 0.607142857142857 "Uqcrc2_noRT" "non-targeting_noRT"
"4126" "B3galt6" 3.8122017170262 -0.92352075140007 -0.896187425480294 0.370152670405721 NA 0.142857142857143 0.428571428571429 "Uqcrc2_noRT" "non-targeting_noRT"
"4127" "Vamp2" 7.36832373559795 0.600871011435221 0.895874708674771 0.370319683265858 NA 0.428571428571429 0.410714285714286 "Uqcrc2_noRT" "non-targeting_noRT"
"4128" "Map4k4" 46.2048417439201 0.286379439121489 0.89586143375274 0.37032677404722 0.790310567822277 0.80952380952381 0.910714285714286 "Uqcrc2_noRT" "non-targeting_noRT"
"4129" "Zfp580" 6.46313424659111 0.705878527746948 0.895412582549029 0.370566576928646 NA 0.428571428571429 0.375 "Uqcrc2_noRT" "non-targeting_noRT"
"4130" "Map7" 3.94509988375177 1.00768104882447 0.894611800108994 0.370994641704874 NA 0.142857142857143 0.178571428571429 "Uqcrc2_noRT" "non-targeting_noRT"
"4131" "Pole3" 44.0229303154491 -0.266875128421603 -0.894609426305669 0.370995911096842 0.791328454571053 0.857142857142857 0.946428571428571 "Uqcrc2_noRT" "non-targeting_noRT"
"4132" "Relt" 0.693712076610577 -1.97607681903601 -0.894430431009788 0.371091636644758 NA 0 0.0892857142857143 "Uqcrc2_noRT" "non-targeting_noRT"
"4133" "AA388235" 0.829648157519523 1.95738399477862 0.894373025600076 0.371122339939404 NA 0.0952380952380952 0.0357142857142857 "Uqcrc2_noRT" "non-targeting_noRT"
"4134" "Atmin" 2.92713487038426 0.917403186223666 0.894338790356925 0.371140651416321 NA 0.285714285714286 0.178571428571429 "Uqcrc2_noRT" "non-targeting_noRT"
"4135" "Snw1" 58.2955911483551 0.252650448250041 0.894253621320939 0.37118620839111 0.791328454571053 1 0.964285714285714 "Uqcrc2_noRT" "non-targeting_noRT"
"4136" "Ncoa7" 7.96436169321256 0.573898606339235 0.893830598032445 0.371412535249842 NA 0.523809523809524 0.410714285714286 "Uqcrc2_noRT" "non-targeting_noRT"
"4137" "Plekhg2" 2.34321822813825 1.04469016155505 0.893377864200357 0.37165485273061 NA 0.238095238095238 0.142857142857143 "Uqcrc2_noRT" "non-targeting_noRT"
"4138" "Mtmr12" 4.49234790781219 -0.828383768380011 -0.893349213245664 0.371670190926893 NA 0.238095238095238 0.446428571428571 "Uqcrc2_noRT" "non-targeting_noRT"
"4139" "Cbx1" 79.2796440642307 0.209258027198731 0.893060490245659 0.371824779766396 0.792246789834156 0.952380952380952 0.982142857142857 "Uqcrc2_noRT" "non-targeting_noRT"
"4140" "Tmem108" 2.81883314418883 1.05169603044413 0.892906923527225 0.371907019109749 NA 0.238095238095238 0.160714285714286 "Uqcrc2_noRT" "non-targeting_noRT"
"4141" "Slc30a7" 7.23449006387589 -0.647017048167763 -0.892763720715441 0.371983718448007 NA 0.285714285714286 0.517857142857143 "Uqcrc2_noRT" "non-targeting_noRT"
"4142" "Mgat2" 15.8881846092388 -0.433661051445154 -0.89273354419436 0.371999882225173 0.792246789834156 0.619047619047619 0.696428571428571 "Uqcrc2_noRT" "non-targeting_noRT"
"4143" "Srgap2" 9.8605983162882 0.540094841982008 0.892700738988117 0.372017454527476 NA 0.523809523809524 0.535714285714286 "Uqcrc2_noRT" "non-targeting_noRT"
"4144" "Ttc17" 2.863440951345 -1.05502482586066 -0.892566293558603 0.372089476391377 NA 0.142857142857143 0.321428571428571 "Uqcrc2_noRT" "non-targeting_noRT"
"4145" "Bche" 2.27704299363343 1.04471335653481 0.89235803190251 0.372201058368562 NA 0.19047619047619 0.142857142857143 "Uqcrc2_noRT" "non-targeting_noRT"
"4146" "Zscan26" 10.3051257668902 0.542159707365542 0.892097232605109 0.372340818095067 NA 0.571428571428571 0.553571428571429 "Uqcrc2_noRT" "non-targeting_noRT"
"4147" "Washc1" 11.3755987502007 0.501853142152228 0.892063254760083 0.372359028875716 NA 0.619047619047619 0.571428571428571 "Uqcrc2_noRT" "non-targeting_noRT"
"4148" "Epb41l4b" 14.579869767575 0.461092321316633 0.892005170970286 0.372390160767361 0.792670002703364 0.714285714285714 0.660714285714286 "Uqcrc2_noRT" "non-targeting_noRT"
"4149" "Naa40" 4.32331404697192 -0.835812772990968 -0.89196253484015 0.372413014011198 NA 0.19047619047619 0.321428571428571 "Uqcrc2_noRT" "non-targeting_noRT"
"4150" "Cyb5d1" 1.27090378342181 1.52459991279817 0.891676762373872 0.372566212351784 NA 0.142857142857143 0.0535714285714286 "Uqcrc2_noRT" "non-targeting_noRT"
"4151" "Cnot3" 16.4049565326692 0.411214408244518 0.891403833822249 0.372712561711838 0.792948370366882 0.761904761904762 0.714285714285714 "Uqcrc2_noRT" "non-targeting_noRT"
"4152" "Leng1" 6.18493589070555 -0.78596490048074 -0.891111660137516 0.372869270134322 NA 0.285714285714286 0.464285714285714 "Uqcrc2_noRT" "non-targeting_noRT"
"4153" "Timp1" 135.457907749644 -0.262767819110876 -0.890741797372381 0.373067705902145 0.793296077606926 0.952380952380952 1 "Uqcrc2_noRT" "non-targeting_noRT"
"4154" "Cul4a" 8.68421227433795 -0.608387038151474 -0.890713179872334 0.373083062256277 NA 0.333333333333333 0.607142857142857 "Uqcrc2_noRT" "non-targeting_noRT"
"4155" "Dock10" 8.23367576532142 -0.625588688417064 -0.890589903917674 0.373149217485532 NA 0.333333333333333 0.517857142857143 "Uqcrc2_noRT" "non-targeting_noRT"
"4156" "Champ1" 4.31430688286529 -0.832099366310726 -0.890441078110708 0.373229093552339 NA 0.238095238095238 0.482142857142857 "Uqcrc2_noRT" "non-targeting_noRT"
"4157" "Zcchc4" 6.72716637947131 -0.681255251008969 -0.8904184939515 0.37324121558631 NA 0.333333333333333 0.5 "Uqcrc2_noRT" "non-targeting_noRT"
"4158" "2310022B05Rik" 2.98590539920396 0.941419391546391 0.890215146868711 0.373350372990221 NA 0.285714285714286 0.214285714285714 "Uqcrc2_noRT" "non-targeting_noRT"
"4159" "Ptpn13" 13.089703366286 -0.525679205103901 -0.890157218176209 0.373381472925623 0.793555487912804 0.380952380952381 0.589285714285714 "Uqcrc2_noRT" "non-targeting_noRT"
"4160" "Ccdc24" 1.35040568623899 -1.55801274990068 -0.890057213623188 0.373435165726709 NA 0.0476190476190476 0.142857142857143 "Uqcrc2_noRT" "non-targeting_noRT"
"4161" "Usp46" 13.4403608683609 0.489778270733979 0.889223124043579 0.373883177554104 0.793943193283203 0.523809523809524 0.607142857142857 "Uqcrc2_noRT" "non-targeting_noRT"
"4162" "Mad2l2" 13.6049710752193 -0.465116995028547 -0.889103184240376 0.373947627769203 0.793943193283203 0.619047619047619 0.714285714285714 "Uqcrc2_noRT" "non-targeting_noRT"
"4163" "Snorc" 1.27303908923939 -1.53873609003214 -0.888927678138291 0.374041949182545 NA 0.0476190476190476 0.142857142857143 "Uqcrc2_noRT" "non-targeting_noRT"
"4164" "Rffl" 1.27303908923939 -1.53873609003214 -0.888927678138291 0.374041949182545 NA 0.0476190476190476 0.196428571428571 "Uqcrc2_noRT" "non-targeting_noRT"
"4165" "Pcbp1" 118.518429625139 0.172794067228691 0.88848243078309 0.37428130238387 0.794244117571515 1 1 "Uqcrc2_noRT" "non-targeting_noRT"
"4166" "Trim23" 1.29315977348765 -1.56201565696888 -0.888397796822424 0.374326810074739 NA 0.0476190476190476 0.178571428571429 "Uqcrc2_noRT" "non-targeting_noRT"
"4167" "Paqr4" 2.88879307738667 -1.01909284944386 -0.888155982869201 0.374456852321465 NA 0.142857142857143 0.267857142857143 "Uqcrc2_noRT" "non-targeting_noRT"
"4168" "Rabl3" 2.18043652754626 1.20294332461827 0.887540222632361 0.374788120806323 NA 0.238095238095238 0.125 "Uqcrc2_noRT" "non-targeting_noRT"
"4169" "Hook1" 14.487836412984 -0.489319628191442 -0.887231214505188 0.374954430141275 0.79490780000493 0.476190476190476 0.642857142857143 "Uqcrc2_noRT" "non-targeting_noRT"
"4170" "Tomm22" 163.816249706366 -0.157205839126427 -0.88718695120193 0.374978256551383 0.79490780000493 1 1 "Uqcrc2_noRT" "non-targeting_noRT"
"4171" "Mettl14" 5.12411544665927 -0.749176415066109 -0.886824872986302 0.375173194082873 NA 0.285714285714286 0.446428571428571 "Uqcrc2_noRT" "non-targeting_noRT"
"4172" "Nprl2" 4.5174248789107 0.848054507404254 0.886757712870756 0.375209358974417 NA 0.380952380952381 0.267857142857143 "Uqcrc2_noRT" "non-targeting_noRT"
"4173" "5033403F01Rik" 0.851371300189293 1.92882835966132 0.886731912581641 0.375223252683639 NA 0.0952380952380952 0.0357142857142857 "Uqcrc2_noRT" "non-targeting_noRT"
"4174" "Mrpl17" 134.586877005989 0.166818846829817 0.886261318951788 0.375476727749957 0.79552525452639 1 1 "Uqcrc2_noRT" "non-targeting_noRT"
"4175" "Hoxd3os1" 7.4903999475465 0.675085844784795 0.886135883220344 0.375544308838883 NA 0.476190476190476 0.464285714285714 "Uqcrc2_noRT" "non-targeting_noRT"
"4176" "Emg1" 138.27406484908 -0.168084501676206 -0.88593227485484 0.37565402304122 0.79552525452639 1 1 "Uqcrc2_noRT" "non-targeting_noRT"
"4177" "Zfp251" 4.29360445865039 -0.823765689814489 -0.883814310022812 0.37679646024416 NA 0.238095238095238 0.375 "Uqcrc2_noRT" "non-targeting_noRT"
"4178" "Pbxip1" 6.83306616163125 -0.696985437318832 -0.883713222055039 0.376851040955927 NA 0.333333333333333 0.464285714285714 "Uqcrc2_noRT" "non-targeting_noRT"
"4179" "Atf3" 29.6027463439459 -0.477122168511876 -0.883691214205618 0.376862924362528 0.797677125837412 0.428571428571429 0.553571428571429 "Uqcrc2_noRT" "non-targeting_noRT"
"4180" "Rela" 11.2964872349742 -0.538667400845157 -0.883648244873252 0.376886126843522 NA 0.428571428571429 0.696428571428571 "Uqcrc2_noRT" "non-targeting_noRT"
"4181" "BC005537" 12.3105990369273 0.467375935957513 0.883486673775772 0.376973379516581 NA 0.523809523809524 0.696428571428571 "Uqcrc2_noRT" "non-targeting_noRT"
"4182" "Slc39a14" 3.59950232673696 -1.02259061599714 -0.883177960874338 0.377140127297769 NA 0.0476190476190476 0.357142857142857 "Uqcrc2_noRT" "non-targeting_noRT"
"4183" "Son" 97.7678890125157 0.21191691790025 0.882860545694932 0.377311622926316 0.798218556068045 0.952380952380952 0.982142857142857 "Uqcrc2_noRT" "non-targeting_noRT"
"4184" "Sil1" 9.02265527767631 0.533516344760401 0.882474674120206 0.377520169459555 NA 0.428571428571429 0.5 "Uqcrc2_noRT" "non-targeting_noRT"
"4185" "Aldh9a1" 15.9791029926002 0.4061885486726 0.882047154806689 0.377751307694275 0.798373018717808 0.714285714285714 0.767857142857143 "Uqcrc2_noRT" "non-targeting_noRT"
"4186" "Tfr2" 0.732566743601457 -2.06572409696437 -0.88200103752738 0.377776246201812 NA 0 0.107142857142857 "Uqcrc2_noRT" "non-targeting_noRT"
"4187" "Gm48832" 0.732566743601457 -2.06572409696437 -0.88200103752738 0.377776246201812 NA 0 0.142857142857143 "Uqcrc2_noRT" "non-targeting_noRT"
"4188" "Med4" 12.942161753355 0.453923372195359 0.881959078596046 0.377798936910924 0.798373018717808 0.714285714285714 0.660714285714286 "Uqcrc2_noRT" "non-targeting_noRT"
"4189" "Dffb" 3.57134665751834 0.853966821171462 0.88175428040581 0.377909700499989 NA 0.285714285714286 0.214285714285714 "Uqcrc2_noRT" "non-targeting_noRT"
"4190" "Srrd" 5.12040663220276 -0.755005173951103 -0.881656396626818 0.377962647284406 NA 0.285714285714286 0.517857142857143 "Uqcrc2_noRT" "non-targeting_noRT"
"4191" "Bola1" 29.6367354736267 -0.339286877989083 -0.881654918249327 0.377963446995695 0.798373018717808 0.761904761904762 0.875 "Uqcrc2_noRT" "non-targeting_noRT"
"4192" "Scly" 4.34371739599277 -0.894914150504043 -0.881278350500086 0.378167180931878 NA 0.19047619047619 0.357142857142857 "Uqcrc2_noRT" "non-targeting_noRT"
"4193" "Furin" 2.91704206869751 0.943306439461225 0.881108354117213 0.378259175997827 NA 0.285714285714286 0.178571428571429 "Uqcrc2_noRT" "non-targeting_noRT"
"4194" "Rnf215" 6.58573575091757 -0.695127097611855 -0.881035519515035 0.37829859531246 NA 0.285714285714286 0.553571428571429 "Uqcrc2_noRT" "non-targeting_noRT"
"4195" "Cep57l1" 5.31500427715127 -0.792280300627012 -0.880945859726239 0.378347124175385 NA 0.285714285714286 0.428571428571429 "Uqcrc2_noRT" "non-targeting_noRT"
"4196" "Soga1" 0.785196065684474 1.9535877673686 0.880845632879535 0.378401377055098 NA 0.0952380952380952 0.0357142857142857 "Uqcrc2_noRT" "non-targeting_noRT"
"4197" "Pheta1" 0.785196065684474 1.9535877673686 0.880845632879535 0.378401377055098 NA 0.0952380952380952 0.0178571428571429 "Uqcrc2_noRT" "non-targeting_noRT"
"4198" "1700012D14Rik" 0.785196065684474 1.9535877673686 0.880845632879535 0.378401377055098 NA 0.0952380952380952 0.0357142857142857 "Uqcrc2_noRT" "non-targeting_noRT"
"4199" "Fcsk" 0.836548965591154 1.92330385600851 0.880496028815757 0.378590655532843 NA 0.0476190476190476 0.0357142857142857 "Uqcrc2_noRT" "non-targeting_noRT"
"4200" "Lmna" 57.5581589881802 -0.258780651879757 -0.880305708136146 0.37869372119062 0.799148593441743 0.952380952380952 0.946428571428571 "Uqcrc2_noRT" "non-targeting_noRT"
"4201" "Zfp260" 9.52818460446785 0.520193122457146 0.880274602734825 0.378710567552957 NA 0.523809523809524 0.446428571428571 "Uqcrc2_noRT" "non-targeting_noRT"
"4202" "Zfp687" 2.8534130687835 -1.06387416836912 -0.880198443029981 0.378751816805572 NA 0.142857142857143 0.303571428571429 "Uqcrc2_noRT" "non-targeting_noRT"
"4203" "Fermt2" 25.4680215420593 0.34787696432953 0.879945842800376 0.378888648720916 0.799148593441743 0.857142857142857 0.839285714285714 "Uqcrc2_noRT" "non-targeting_noRT"
"4204" "Dapk3" 22.8588022330185 -0.369247383305129 -0.879906449768667 0.378909990413896 0.799148593441743 0.666666666666667 0.928571428571429 "Uqcrc2_noRT" "non-targeting_noRT"
"4205" "Chp1" 12.1207904612318 0.550430036276463 0.879536867758805 0.379110252354285 NA 0.523809523809524 0.589285714285714 "Uqcrc2_noRT" "non-targeting_noRT"
"4206" "Cacul1" 8.55503439332034 0.58484112464103 0.879264255057345 0.379258012169438 NA 0.619047619047619 0.464285714285714 "Uqcrc2_noRT" "non-targeting_noRT"
"4207" "Wdfy1" 11.1277385954177 0.496414017654571 0.879164414662346 0.379312135892025 NA 0.523809523809524 0.607142857142857 "Uqcrc2_noRT" "non-targeting_noRT"
"4208" "Rpl6" 1699.24275193658 0.126499183299101 0.879131869861112 0.379329779535208 0.799157950096093 1 1 "Uqcrc2_noRT" "non-targeting_noRT"
"4209" "Cry2" 0.657683420184057 -1.90979278224302 -0.878943785573108 0.379431756310949 NA 0 0.107142857142857 "Uqcrc2_noRT" "non-targeting_noRT"
"4210" "Rgl3" 0.657683420184057 -1.90979278224302 -0.878943785573108 0.379431756310949 NA 0 0.125 "Uqcrc2_noRT" "non-targeting_noRT"
"4211" "A230072C01Rik" 0.657683420184057 -1.90979278224302 -0.878943785573108 0.379431756310949 NA 0 0.125 "Uqcrc2_noRT" "non-targeting_noRT"
"4212" "BC039966" 3.01023484867411 -1.06136193769964 -0.878939734134749 0.379433953131931 NA 0.142857142857143 0.285714285714286 "Uqcrc2_noRT" "non-targeting_noRT"
"4213" "Tasor2" 11.4368322259478 -0.525450220942582 -0.878924302047128 0.379442320980867 NA 0.380952380952381 0.535714285714286 "Uqcrc2_noRT" "non-targeting_noRT"
"4214" "Pds5a" 20.218183997682 -0.379688746610502 -0.878715230191713 0.379555698661825 0.799157950096093 0.571428571428571 0.75 "Uqcrc2_noRT" "non-targeting_noRT"
"4215" "Rhoj" 37.8581264592667 0.278036901650465 0.878594245087075 0.3796213172498 0.799157950096093 0.857142857142857 0.857142857142857 "Uqcrc2_noRT" "non-targeting_noRT"
"4216" "Creld1" 4.4361153113858 0.747865593355979 0.878406059369656 0.379723397239848 NA 0.285714285714286 0.321428571428571 "Uqcrc2_noRT" "non-targeting_noRT"
"4217" "Derl1" 70.6547631775216 -0.227129743396827 -0.878360390239109 0.37974817267618 0.799157950096093 0.857142857142857 0.982142857142857 "Uqcrc2_noRT" "non-targeting_noRT"
"4218" "Kifc1" 4.40220526003988 -0.824885214000223 -0.878166058804863 0.379853608306392 NA 0.19047619047619 0.267857142857143 "Uqcrc2_noRT" "non-targeting_noRT"
"4219" "Ddi2" 6.78375270990286 -0.673071853713724 -0.878082843790061 0.37989876259085 NA 0.238095238095238 0.535714285714286 "Uqcrc2_noRT" "non-targeting_noRT"
"4220" "Ogfr" 35.5606421275136 0.283242831324199 0.877977709349278 0.379955815552234 0.799157950096093 0.952380952380952 0.964285714285714 "Uqcrc2_noRT" "non-targeting_noRT"
"4221" "Hacd3" 6.64377978956076 -0.658277167284374 -0.877808193631935 0.380047817180934 NA 0.285714285714286 0.571428571428571 "Uqcrc2_noRT" "non-targeting_noRT"
"4222" "Atp9a" 3.65632082450585 -0.890907435850325 -0.87779996629334 0.380052282770422 NA 0.19047619047619 0.375 "Uqcrc2_noRT" "non-targeting_noRT"
"4223" "Tpm2" 21.6708243147094 0.386825619711453 0.877638963217132 0.380139677623301 0.799157950096093 0.714285714285714 0.642857142857143 "Uqcrc2_noRT" "non-targeting_noRT"
"4224" "Nfatc3" 5.79481748358185 -0.722711755611475 -0.877383008277279 0.380278639175845 NA 0.238095238095238 0.535714285714286 "Uqcrc2_noRT" "non-targeting_noRT"
"4225" "Zfp536" 2.23037002927045 -1.25719568662642 -0.876974534165523 0.380500470188064 NA 0.0952380952380952 0.196428571428571 "Uqcrc2_noRT" "non-targeting_noRT"
"4226" "Cgrrf1" 10.3346612713525 0.487517492306952 0.876907452985364 0.380536907723051 NA 0.619047619047619 0.535714285714286 "Uqcrc2_noRT" "non-targeting_noRT"
"4227" "Iffo1" 1.87494110991608 1.12244533007894 0.876697528780052 0.380650949390027 NA 0.19047619047619 0.125 "Uqcrc2_noRT" "non-targeting_noRT"
"4228" "Megf10" 0.655577064149059 -1.90590605567752 -0.876647025299494 0.380678388620611 NA 0 0.142857142857143 "Uqcrc2_noRT" "non-targeting_noRT"
"4229" "Zc3h18" 14.9179252821823 -0.447025058608754 -0.876480243627357 0.380769012010753 0.799157950096093 0.380952380952381 0.678571428571429 "Uqcrc2_noRT" "non-targeting_noRT"
"4230" "Ciita" 5.87900505756847 -0.702687930445852 -0.87637448787674 0.380826482890442 NA 0.333333333333333 0.410714285714286 "Uqcrc2_noRT" "non-targeting_noRT"
"4231" "Uqcr10" 310.155177247227 0.122069719581684 0.876133293790898 0.380957574993249 0.799157950096093 1 1 "Uqcrc2_noRT" "non-targeting_noRT"
"4232" "Psph" 113.918781262035 -0.188709207720173 -0.875988713755488 0.381036169392337 0.799157950096093 0.904761904761905 0.982142857142857 "Uqcrc2_noRT" "non-targeting_noRT"
"4233" "Setdb1" 7.15968657154311 -0.632093968334869 -0.875986704360225 0.381037261779355 NA 0.333333333333333 0.464285714285714 "Uqcrc2_noRT" "non-targeting_noRT"
"4234" "Tpd52" 21.5113967493125 0.392470093813761 0.875981219315641 0.381040243677081 0.799157950096093 0.761904761904762 0.732142857142857 "Uqcrc2_noRT" "non-targeting_noRT"
"4235" "Apol8" 1.3297032620241 -1.53364186314008 -0.875944559090759 0.38106017406369 NA 0.0476190476190476 0.142857142857143 "Uqcrc2_noRT" "non-targeting_noRT"
"4236" "Eif3i" 383.2010749983 0.128784048950514 0.87566951380424 0.381209723262307 0.799157950096093 1 1 "Uqcrc2_noRT" "non-targeting_noRT"
"4237" "Ppa1" 164.149233006336 0.166478358695684 0.87562864781188 0.381231946227571 0.799157950096093 0.952380952380952 1 "Uqcrc2_noRT" "non-targeting_noRT"
"4238" "Mtmr3" 7.24445787422783 -0.632493414839011 -0.875128288776851 0.381504106416908 NA 0.380952380952381 0.553571428571429 "Uqcrc2_noRT" "non-targeting_noRT"
"4239" "Rbpj" 11.3283905964582 -0.491029085187205 -0.874975913701497 0.381587011438925 NA 0.476190476190476 0.660714285714286 "Uqcrc2_noRT" "non-targeting_noRT"
"4240" "Coa4" 5.72282707858552 -0.734851098984394 -0.874905050794983 0.381625570662725 NA 0.19047619047619 0.410714285714286 "Uqcrc2_noRT" "non-targeting_noRT"
"4241" "Nlk" 5.78733294681212 -0.700408190666407 -0.874808147461546 0.381678303350879 NA 0.285714285714286 0.428571428571429 "Uqcrc2_noRT" "non-targeting_noRT"
"4242" "Akap6" 1.87864992437259 1.14266810462167 0.874559572711964 0.381813592769138 NA 0.142857142857143 0.0892857142857143 "Uqcrc2_noRT" "non-targeting_noRT"
"4243" "Mob3a" 2.87767955724504 -1.01269593654907 -0.874432960612189 0.381882514041091 NA 0.142857142857143 0.267857142857143 "Uqcrc2_noRT" "non-targeting_noRT"
"4244" "Lnpk" 9.3836127559015 -0.557585623157923 -0.874286149613902 0.381962440133671 NA 0.428571428571429 0.625 "Uqcrc2_noRT" "non-targeting_noRT"
"4245" "Apol6" 6.80185260482646 0.629111321616639 0.87404895506127 0.382091594056538 NA 0.333333333333333 0.232142857142857 "Uqcrc2_noRT" "non-targeting_noRT"
"4246" "Eif3m" 110.974781265514 -0.176213238298133 -0.873946786461469 0.382147233752136 0.799421175823057 0.952380952380952 1 "Uqcrc2_noRT" "non-targeting_noRT"
"4247" "Ip6k2" 6.74627406962188 0.610392113646184 0.873295901876114 0.382501813704077 NA 0.428571428571429 0.428571428571429 "Uqcrc2_noRT" "non-targeting_noRT"
"4248" "Trim21" 3.64629493067581 -0.92758630861688 -0.873242915769172 0.38253068762112 NA 0.19047619047619 0.303571428571429 "Uqcrc2_noRT" "non-targeting_noRT"
"4249" "Klhl9" 12.2182538532534 -0.474559980136329 -0.873201064634442 0.382553494660569 NA 0.428571428571429 0.803571428571429 "Uqcrc2_noRT" "non-targeting_noRT"
"4250" "Tk1" 23.6691749312912 -0.411379438311644 -0.873159816580165 0.382575973863083 0.799421175823057 0.476190476190476 0.589285714285714 "Uqcrc2_noRT" "non-targeting_noRT"
"4251" "Ywhaz" 183.798565347707 -0.153705439539575 -0.873157495804793 0.382577238654182 0.799421175823057 1 1 "Uqcrc2_noRT" "non-targeting_noRT"
"4252" "Grasp" 20.1336913065191 -0.42856034268097 -0.872991166621132 0.382667892477409 0.799421175823057 0.523809523809524 0.571428571428571 "Uqcrc2_noRT" "non-targeting_noRT"
"4253" "Xrcc2" 2.87607709882353 -1.02405306135497 -0.87294398611781 0.382693609501657 NA 0.0952380952380952 0.303571428571429 "Uqcrc2_noRT" "non-targeting_noRT"
"4254" "Iqgap1" 66.8184152708082 -0.241250165812517 -0.872884917350599 0.382725808042575 0.799421175823057 0.80952380952381 0.982142857142857 "Uqcrc2_noRT" "non-targeting_noRT"
"4255" "Zfp607a" 2.42421380850974 1.11061507463685 0.872849860226976 0.382744918558255 NA 0.19047619047619 0.142857142857143 "Uqcrc2_noRT" "non-targeting_noRT"
"4256" "Fdxr" 4.34270083891375 0.803369793086805 0.872829484616963 0.382756026082055 NA 0.333333333333333 0.25 "Uqcrc2_noRT" "non-targeting_noRT"
"4257" "Sh3pxd2a" 7.37079408595224 0.624814988680098 0.872545681357287 0.382910758623637 NA 0.428571428571429 0.357142857142857 "Uqcrc2_noRT" "non-targeting_noRT"
"4258" "Cbr4" 6.29107692428215 0.631420265871448 0.872493929091263 0.382938978638163 NA 0.428571428571429 0.357142857142857 "Uqcrc2_noRT" "non-targeting_noRT"
"4259" "Cnpy2" 157.688637823169 0.150885716476597 0.872396955797964 0.382991860676223 0.799421175823057 1 1 "Uqcrc2_noRT" "non-targeting_noRT"
"4260" "Tmem242" 13.977967425968 0.434133737546434 0.872313785244069 0.383037219288558 0.799421175823057 0.761904761904762 0.571428571428571 "Uqcrc2_noRT" "non-targeting_noRT"
"4261" "Mir99ahg" 2.12395342626912 -1.24826039019103 -0.872120663411391 0.383142554573315 NA 0.0952380952380952 0.25 "Uqcrc2_noRT" "non-targeting_noRT"
"4262" "Casc4" 19.2652781649062 0.374342855023386 0.871931322779916 0.383245844685952 0.799421175823057 0.714285714285714 0.821428571428571 "Uqcrc2_noRT" "non-targeting_noRT"
"4263" "Pitrm1" 9.45965757052071 -0.565282864831485 -0.871868288343376 0.383280235352306 NA 0.380952380952381 0.589285714285714 "Uqcrc2_noRT" "non-targeting_noRT"
"4264" "Dnajb14" 11.7062149959879 0.526525843210044 0.871838858380206 0.383296292556872 NA 0.476190476190476 0.553571428571429 "Uqcrc2_noRT" "non-targeting_noRT"
"4265" "Eps8l1" 1.89666425258585 1.11555287551503 0.871757779407225 0.383340531972484 NA 0.19047619047619 0.125 "Uqcrc2_noRT" "non-targeting_noRT"
"4266" "Gm43566" 5.27112907836718 -0.799078332825869 -0.871597556891947 0.383427963962842 NA 0.238095238095238 0.446428571428571 "Uqcrc2_noRT" "non-targeting_noRT"
"4267" "Gpatch8" 30.8586203110469 0.304621875806948 0.871386728346029 0.383543029815255 0.799421175823057 0.80952380952381 0.857142857142857 "Uqcrc2_noRT" "non-targeting_noRT"
"4268" "Kdm1b" 1.94853397333392 1.16474481950039 0.871319700128214 0.383579616857016 NA 0.19047619047619 0.107142857142857 "Uqcrc2_noRT" "non-targeting_noRT"
"4269" "Ikbip" 27.0947402770768 0.319961216986604 0.871286506556675 0.38359773620519 0.799421175823057 0.714285714285714 0.875 "Uqcrc2_noRT" "non-targeting_noRT"
"4270" "Mrps23" 40.9425314418862 -0.269640657199279 -0.871037259654376 0.383733809151807 0.799421175823057 0.761904761904762 0.964285714285714 "Uqcrc2_noRT" "non-targeting_noRT"
"4271" "Ppp4r3a" 15.4463254501647 -0.436272232252981 -0.871032834290062 0.383736225386041 0.799421175823057 0.571428571428571 0.75 "Uqcrc2_noRT" "non-targeting_noRT"
"4272" "Cfap100" 1.2937125636717 1.4639787373433 0.870787104090136 0.383870407876873 NA 0.142857142857143 0.0535714285714286 "Uqcrc2_noRT" "non-targeting_noRT"
"4273" "Dhx9" 34.1631931950577 0.291108348292584 0.870723541978717 0.383905121034293 0.799421175823057 0.761904761904762 0.839285714285714 "Uqcrc2_noRT" "non-targeting_noRT"
"4274" "Gbp9" 8.83058210513819 -0.617457451388216 -0.870427731577961 0.384066697158334 NA 0.19047619047619 0.571428571428571 "Uqcrc2_noRT" "non-targeting_noRT"
"4275" "Cdon" 0.772480087121334 1.93795853442403 0.87032271427818 0.384124069207093 NA 0.0952380952380952 0.0357142857142857 "Uqcrc2_noRT" "non-targeting_noRT"
"4276" "Gm49312" 0.772480087121334 1.93795853442403 0.87032271427818 0.384124069207093 NA 0.0952380952380952 0.0357142857142857 "Uqcrc2_noRT" "non-targeting_noRT"
"4277" "Eif2a" 27.4309318209183 0.310804561126288 0.870293339550177 0.384140117866651 0.799421175823057 0.761904761904762 0.892857142857143 "Uqcrc2_noRT" "non-targeting_noRT"
"4278" "Adssl1" 5.72434970592242 -0.714001265369326 -0.869916520524435 0.384346026467607 NA 0.285714285714286 0.464285714285714 "Uqcrc2_noRT" "non-targeting_noRT"
"4279" "Dync1i2" 29.8037488983943 0.298974830126088 0.869709858698101 0.384458983208634 0.799421175823057 0.857142857142857 0.839285714285714 "Uqcrc2_noRT" "non-targeting_noRT"
"4280" "Ctbp1" 31.2563656015273 0.300396672145383 0.869538724177348 0.384552536886018 0.799421175823057 0.80952380952381 0.964285714285714 "Uqcrc2_noRT" "non-targeting_noRT"
"4281" "Cnot11" 15.5565199175089 0.413526244932688 0.868608673921896 0.385061208533052 0.799421175823057 0.714285714285714 0.678571428571429 "Uqcrc2_noRT" "non-targeting_noRT"
"4282" "Neu1" 12.7228304274959 0.44366377620484 0.868399389186054 0.385175729132852 0.799421175823057 0.523809523809524 0.607142857142857 "Uqcrc2_noRT" "non-targeting_noRT"
"4283" "Edf1" 178.399914302372 0.149184200975308 0.86838963236062 0.385181068575202 0.799421175823057 1 1 "Uqcrc2_noRT" "non-targeting_noRT"
"4284" "Psmb2" 268.10644691449 -0.139237410778172 -0.868316082048314 0.385221320587525 0.799421175823057 1 1 "Uqcrc2_noRT" "non-targeting_noRT"
"4285" "Sall2" 1.88976344451422 1.12607439635844 0.868173772176761 0.38529921006719 NA 0.142857142857143 0.107142857142857 "Uqcrc2_noRT" "non-targeting_noRT"
"4286" "Cs" 43.4752034902609 -0.271786437971321 -0.867410467420571 0.385717148624501 0.799749170367551 0.857142857142857 0.928571428571429 "Uqcrc2_noRT" "non-targeting_noRT"
"4287" "Cnot7" 9.72449841183417 -0.566869876018878 -0.867382760810702 0.385732324259975 NA 0.428571428571429 0.642857142857143 "Uqcrc2_noRT" "non-targeting_noRT"
"4288" "Celf1" 23.7630632676136 -0.341517012091848 -0.867238110741929 0.385811558811316 0.799749170367551 0.666666666666667 0.857142857142857 "Uqcrc2_noRT" "non-targeting_noRT"
"4289" "Fuz" 5.03012475531856 0.697409332168314 0.867201099599419 0.385831833895291 NA 0.333333333333333 0.303571428571429 "Uqcrc2_noRT" "non-targeting_noRT"
"4290" "Bhlhb9" 5.03012475531856 0.697409332168314 0.867201099599419 0.385831833895291 NA 0.285714285714286 0.339285714285714 "Uqcrc2_noRT" "non-targeting_noRT"
"4291" "Pdss2" 5.26671856343782 0.727645955893431 0.867027997058204 0.385926669884457 NA 0.380952380952381 0.339285714285714 "Uqcrc2_noRT" "non-targeting_noRT"
"4292" "Agfg1" 21.5043778307419 0.347594725848384 0.86696866005295 0.385959181542774 0.799749170367551 0.714285714285714 0.803571428571429 "Uqcrc2_noRT" "non-targeting_noRT"
"4293" "Eldr" 3.69605829538888 -0.898883878567665 -0.86676277455655 0.386072002344275 NA 0.19047619047619 0.339285714285714 "Uqcrc2_noRT" "non-targeting_noRT"
"4294" "Ncoa2" 3.04838278436353 -1.04357114438017 -0.866515069306596 0.386207766151904 NA 0.0952380952380952 0.339285714285714 "Uqcrc2_noRT" "non-targeting_noRT"
"4295" "Spag4" 2.2887382537417 1.0298626275806 0.866266078040022 0.386344264178246 NA 0.238095238095238 0.125 "Uqcrc2_noRT" "non-targeting_noRT"
"4296" "Gm11273" 1.88394827402271 1.10957838967151 0.866173128311759 0.38639522714554 NA 0.19047619047619 0.125 "Uqcrc2_noRT" "non-targeting_noRT"
"4297" "Pdap1" 137.87445118309 0.165473700199494 0.865721407893776 0.38664295722244 0.800765043536766 1 1 "Uqcrc2_noRT" "non-targeting_noRT"
"4298" "Coq9" 10.0642007833599 -0.526610538508147 -0.865461943751615 0.386785294962486 NA 0.333333333333333 0.714285714285714 "Uqcrc2_noRT" "non-targeting_noRT"
"4299" "Virma" 11.9649525873419 -0.478441584402372 -0.865375040892685 0.38683297558099 NA 0.476190476190476 0.75 "Uqcrc2_noRT" "non-targeting_noRT"
"4300" "Slc9a8" 4.38731060418656 0.797232419630488 0.865296447829918 0.386876099987261 NA 0.333333333333333 0.267857142857143 "Uqcrc2_noRT" "non-targeting_noRT"
"4301" "Atf1" 25.9888894871255 -0.345633056582773 -0.865292333735041 0.386878357492459 0.800851747525661 0.714285714285714 0.839285714285714 "Uqcrc2_noRT" "non-targeting_noRT"
"4302" "Zfp280d" 9.33878211103974 0.539728846457835 0.865067927666774 0.387001506803862 NA 0.619047619047619 0.5 "Uqcrc2_noRT" "non-targeting_noRT"
"4303" "Pcsk7" 2.8670699347169 -1.01888001540203 -0.864280209532554 0.387433979133476 NA 0.142857142857143 0.339285714285714 "Uqcrc2_noRT" "non-targeting_noRT"
"4304" "Numbl" 4.1695688135211 0.772521016755971 0.864058111627546 0.387555968365165 NA 0.238095238095238 0.232142857142857 "Uqcrc2_noRT" "non-targeting_noRT"
"4305" "Adamts9" 1.22063652109525 1.48847475500839 0.863380451338523 0.387928323945047 NA 0.142857142857143 0.0535714285714286 "Uqcrc2_noRT" "non-targeting_noRT"
"4306" "Zfp949" 2.10746371412422 -1.23552828544569 -0.862550726430363 0.388384531580204 NA 0.0952380952380952 0.285714285714286 "Uqcrc2_noRT" "non-targeting_noRT"
"4307" "Pdia5" 5.63677233546132 0.652496337444734 0.86203532936288 0.388668076801148 NA 0.333333333333333 0.375 "Uqcrc2_noRT" "non-targeting_noRT"
"4308" "Camkv" 1.69792080342405 1.25065700430823 0.862020167495403 0.388676419996552 NA 0.142857142857143 0.0892857142857143 "Uqcrc2_noRT" "non-targeting_noRT"
"4309" "Cnot10" 10.9977151479141 -0.526760635591819 -0.861993435798338 0.388691130044609 NA 0.476190476190476 0.732142857142857 "Uqcrc2_noRT" "non-targeting_noRT"
"4310" "Chmp1b" 9.86221369793762 0.562096528791685 0.861903365122716 0.388740697068494 NA 0.476190476190476 0.535714285714286 "Uqcrc2_noRT" "non-targeting_noRT"
"4311" "Smpdl3b" 6.47705511844347 -0.682958611890397 -0.861816223394122 0.388788655918528 NA 0.285714285714286 0.535714285714286 "Uqcrc2_noRT" "non-targeting_noRT"
"4312" "Siah2" 12.2998991394973 0.466715069071502 0.861329818180783 0.389056417418428 NA 0.619047619047619 0.607142857142857 "Uqcrc2_noRT" "non-targeting_noRT"
"4313" "Uba5" 15.103224273873 -0.431789080482102 -0.861079769249057 0.3891941106738 0.804882326555487 0.571428571428571 0.714285714285714 "Uqcrc2_noRT" "non-targeting_noRT"
"4314" "Klhl22" 4.32854548876533 -0.804165936334789 -0.861055682276897 0.389207376097831 NA 0.19047619047619 0.410714285714286 "Uqcrc2_noRT" "non-targeting_noRT"
"4315" "Rsrc2" 23.3507416021432 -0.347679725582024 -0.861042775876618 0.389214484156 0.804882326555487 0.80952380952381 0.821428571428571 "Uqcrc2_noRT" "non-targeting_noRT"
"4316" "Cep97" 3.44959288780894 0.816932827582001 0.86077377531802 0.389362651238566 NA 0.333333333333333 0.232142857142857 "Uqcrc2_noRT" "non-targeting_noRT"
"4317" "Six1" 4.1737815255911 0.770025073745543 0.860660610345626 0.389424993421539 NA 0.238095238095238 0.267857142857143 "Uqcrc2_noRT" "non-targeting_noRT"
"4318" "Gm15107" 1.95754113744055 1.1510464363563 0.86044876321681 0.389541715578808 NA 0.142857142857143 0.125 "Uqcrc2_noRT" "non-targeting_noRT"
"4319" "Eipr1" 6.49748780111367 -0.639465957755132 -0.860131571623568 0.389716519526423 NA 0.380952380952381 0.535714285714286 "Uqcrc2_noRT" "non-targeting_noRT"
"4320" "Borcs8" 35.5373521123081 0.284186979965451 0.859906711086148 0.389840468820271 0.80550665406485 0.952380952380952 0.928571428571429 "Uqcrc2_noRT" "non-targeting_noRT"
"4321" "Prr12" 4.52729092665858 -0.830934627769085 -0.859816730371619 0.389890075372294 NA 0.19047619047619 0.464285714285714 "Uqcrc2_noRT" "non-targeting_noRT"
"4322" "Rsl1d1" 89.3255750494409 0.20309587554493 0.859705587044202 0.389951354214306 0.80550665406485 1 0.964285714285714 "Uqcrc2_noRT" "non-targeting_noRT"
"4323" "Itpkb" 2.86727870398444 0.910972356053775 0.85963365313101 0.389991018078232 NA 0.19047619047619 0.196428571428571 "Uqcrc2_noRT" "non-targeting_noRT"
"4324" "Mmadhc" 15.4254811339242 -0.414528380822634 -0.859435355199929 0.390100370890758 0.80550665406485 0.714285714285714 0.732142857142857 "Uqcrc2_noRT" "non-targeting_noRT"
"4325" "Gtpbp8" 2.86598429713677 -1.00568374276398 -0.859094360558537 0.390288458405951 NA 0.142857142857143 0.285714285714286 "Uqcrc2_noRT" "non-targeting_noRT"
"4326" "Nsmce4a" 57.4641644142247 0.228840504973456 0.858936246443658 0.390375690474305 0.805673120789364 1 0.946428571428571 "Uqcrc2_noRT" "non-targeting_noRT"
"4327" "Gm4951" 25.1268272361582 0.323223561992836 0.858422116662151 0.390659419430494 0.805856768496203 0.666666666666667 0.732142857142857 "Uqcrc2_noRT" "non-targeting_noRT"
"4328" "F8a" 2.86387794110177 -1.00450252196823 -0.858229713423191 0.390765631774043 NA 0.142857142857143 0.339285714285714 "Uqcrc2_noRT" "non-targeting_noRT"
"4329" "Chst14" 3.54470407147711 0.942506491959577 0.858165584240762 0.390801036898542 NA 0.238095238095238 0.196428571428571 "Uqcrc2_noRT" "non-targeting_noRT"
"4330" "Gpank1" 7.26864652033622 -0.617482443861254 -0.858049858869981 0.390864932728936 NA 0.380952380952381 0.571428571428571 "Uqcrc2_noRT" "non-targeting_noRT"
"4331" "Dhx57" 3.5184562183154 0.816202497005471 0.857994774649259 0.390895348790176 NA 0.285714285714286 0.214285714285714 "Uqcrc2_noRT" "non-targeting_noRT"
"4332" "Zscan12" 3.61050039970327 0.882016242479223 0.857741797595751 0.391035054541637 NA 0.238095238095238 0.214285714285714 "Uqcrc2_noRT" "non-targeting_noRT"
"4333" "Nisch" 21.8361369281346 0.348992873128371 0.857137805491835 0.391368729807308 0.805867634930703 0.761904761904762 0.892857142857143 "Uqcrc2_noRT" "non-targeting_noRT"
"4334" "Cobll1" 3.59596076049254 -0.892776397914589 -0.856828323761803 0.39153976985388 NA 0.19047619047619 0.339285714285714 "Uqcrc2_noRT" "non-targeting_noRT"
"4335" "Ccdc93" 3.51315786866528 0.833413696759748 0.856473764951812 0.391735778224953 NA 0.238095238095238 0.196428571428571 "Uqcrc2_noRT" "non-targeting_noRT"
"4336" "Ankzf1" 2.97247874249126 -1.00315693250351 -0.856213298660349 0.391879807989695 NA 0.0952380952380952 0.375 "Uqcrc2_noRT" "non-targeting_noRT"
"4337" "Rnasek" 83.033761066999 0.22403873015658 0.856090433591065 0.391947759705671 0.805867634930703 1 0.982142857142857 "Uqcrc2_noRT" "non-targeting_noRT"
"4338" "Rap1b" 37.4793953368908 0.27050471023445 0.85595823972003 0.392020878788209 0.805867634930703 0.952380952380952 0.946428571428571 "Uqcrc2_noRT" "non-targeting_noRT"
"4339" "Hmgxb3" 4.3015259851769 -0.819559119729362 -0.855850772961882 0.392080326905774 NA 0.142857142857143 0.428571428571429 "Uqcrc2_noRT" "non-targeting_noRT"
"4340" "Dnajb6" 79.5763540860532 0.196946513464415 0.855733796451775 0.392145041812737 0.805867634930703 1 0.982142857142857 "Uqcrc2_noRT" "non-targeting_noRT"
"4341" "Snx12" 37.2024371576717 0.269943890114182 0.855710123932115 0.392158138947398 0.805867634930703 0.952380952380952 0.982142857142857 "Uqcrc2_noRT" "non-targeting_noRT"
"4342" "Cers5" 17.4516048641906 0.395641196043295 0.855595894723622 0.392221341496971 0.805867634930703 0.761904761904762 0.767857142857143 "Uqcrc2_noRT" "non-targeting_noRT"
"4343" "Klhl23" 0.798997681827738 1.88464698550153 0.855551558098625 0.392245874432731 NA 0.0952380952380952 0.0178571428571429 "Uqcrc2_noRT" "non-targeting_noRT"
"4344" "Wdr77" 23.234718324925 -0.350150344519574 -0.855322425543014 0.392372675962307 0.805867634930703 0.619047619047619 0.821428571428571 "Uqcrc2_noRT" "non-targeting_noRT"
"4345" "Rnpepl1" 5.29817051347505 0.673109357106817 0.855307082618651 0.392381167595914 NA 0.333333333333333 0.375 "Uqcrc2_noRT" "non-targeting_noRT"
"4346" "Srxn1" 4.42915984450305 -0.79347672390359 -0.855293843080213 0.392388495187521 NA 0.19047619047619 0.464285714285714 "Uqcrc2_noRT" "non-targeting_noRT"
"4347" "Gm15491" 2.15671224672737 -1.27394583553174 -0.855166260627731 0.392459111577349 NA 0.0952380952380952 0.25 "Uqcrc2_noRT" "non-targeting_noRT"
"4348" "Dnal1" 3.63752189202316 0.858683874652678 0.855164967261101 0.392459827490185 NA 0.238095238095238 0.25 "Uqcrc2_noRT" "non-targeting_noRT"
"4349" "Dctn2" 54.7859146848568 0.238810193713086 0.855098073351717 0.392496856128108 0.805867634930703 0.904761904761905 0.982142857142857 "Uqcrc2_noRT" "non-targeting_noRT"
"4350" "mt-Co2" 895.883460790296 0.165333134511656 0.855066150736825 0.392514527406424 0.805867634930703 1 1 "Uqcrc2_noRT" "non-targeting_noRT"
"4351" "Nbea" 4.2665829663305 -0.813967599070263 -0.854736181010091 0.392697215731194 NA 0.19047619047619 0.428571428571429 "Uqcrc2_noRT" "non-targeting_noRT"
"4352" "Atp6v0e2" 20.3733653623739 0.366038790281305 0.854697997305112 0.392718359533967 0.805867634930703 0.714285714285714 0.803571428571429 "Uqcrc2_noRT" "non-targeting_noRT"
"4353" "Ssbp1" 147.581700041395 0.154907673873422 0.854538085709076 0.392806916301408 0.805867634930703 0.952380952380952 1 "Uqcrc2_noRT" "non-targeting_noRT"
"4354" "Foxred2" 2.21133498260232 -1.25953535055995 -0.854041094665258 0.39308222012423 NA 0.0952380952380952 0.25 "Uqcrc2_noRT" "non-targeting_noRT"
"4355" "Mrm1" 2.28815651377506 1.02996581719168 0.853723237183866 0.393258355764253 NA 0.19047619047619 0.142857142857143 "Uqcrc2_noRT" "non-targeting_noRT"
"4356" "Rnf187" 66.9377162055294 0.215345530051378 0.853570855287853 0.393342812706979 0.80650926150422 0.952380952380952 1 "Uqcrc2_noRT" "non-targeting_noRT"
"4357" "Txnl1" 156.717727776918 -0.158244217256955 -0.853270215811035 0.393509472928231 0.80650926150422 0.952380952380952 1 "Uqcrc2_noRT" "non-targeting_noRT"
"4358" "Sox12" 1.2958189197067 1.45776861620225 0.853219904681744 0.393537367201032 NA 0.0952380952380952 0.0714285714285714 "Uqcrc2_noRT" "non-targeting_noRT"
"4359" "Atg16l1" 5.07649329272854 0.765186333133414 0.852816858955684 0.393760873251544 NA 0.285714285714286 0.339285714285714 "Uqcrc2_noRT" "non-targeting_noRT"
"4360" "Ydjc" 2.1588166140309 -1.22083444901178 -0.852456176125209 0.393960952417211 NA 0.0952380952380952 0.267857142857143 "Uqcrc2_noRT" "non-targeting_noRT"
"4361" "Prpf4b" 48.2386768817839 -0.246882215741112 -0.852145511171616 0.394133334822241 0.806644406977421 0.80952380952381 0.892857142857143 "Uqcrc2_noRT" "non-targeting_noRT"
"4362" "Pmpcb" 48.4201494094706 0.240053313270988 0.852106140444895 0.394155184190301 0.806644406977421 0.857142857142857 0.964285714285714 "Uqcrc2_noRT" "non-targeting_noRT"
"4363" "Trim25" 16.0064775128312 -0.409147827439927 -0.851984229776559 0.394222844970755 0.806644406977421 0.476190476190476 0.767857142857143 "Uqcrc2_noRT" "non-targeting_noRT"
"4364" "Net1" 2.05226209646684 -1.19178925602725 -0.851770827681083 0.394341300681669 NA 0.0952380952380952 0.232142857142857 "Uqcrc2_noRT" "non-targeting_noRT"
"4365" "Smap1" 38.4908547653356 0.26899894301437 0.851745869468259 0.394355155948604 0.806644406977421 0.904761904761905 0.946428571428571 "Uqcrc2_noRT" "non-targeting_noRT"
"4366" "Rab5if" 86.4165742016695 -0.187021678416112 -0.851390709425637 0.39455235090826 0.806649025720543 0.952380952380952 1 "Uqcrc2_noRT" "non-targeting_noRT"
"4367" "Zzef1" 4.06263737840984 0.742469050255406 0.850977345638441 0.394781937339875 NA 0.285714285714286 0.267857142857143 "Uqcrc2_noRT" "non-targeting_noRT"
"4368" "Rmi2" 5.87108353104196 -0.706501075130083 -0.850944870552125 0.394799977753888 NA 0.285714285714286 0.464285714285714 "Uqcrc2_noRT" "non-targeting_noRT"
"4369" "Emc9" 5.59442659966127 0.648250751831946 0.850769450213313 0.394897435091888 NA 0.380952380952381 0.357142857142857 "Uqcrc2_noRT" "non-targeting_noRT"
"4370" "Zbtb6" 3.64571120197771 -0.895597629363404 -0.850743008216655 0.394912126591888 NA 0.19047619047619 0.428571428571429 "Uqcrc2_noRT" "non-targeting_noRT"
"4371" "Irf1" 32.5635988136887 -0.314801904548872 -0.850432289538612 0.39508479048711 0.807338697795389 0.714285714285714 0.803571428571429 "Uqcrc2_noRT" "non-targeting_noRT"
"4372" "Hist1h2bm" 6.43763163471385 -0.645906402333388 -0.850332335692588 0.395140343744215 NA 0.238095238095238 0.357142857142857 "Uqcrc2_noRT" "non-targeting_noRT"
"4373" "Uevld" 2.91683528816143 -1.02161302364627 -0.850166998808951 0.395232246545442 NA 0.142857142857143 0.303571428571429 "Uqcrc2_noRT" "non-targeting_noRT"
"4374" "Ptpn23" 2.18220713424743 -1.23777777919136 -0.849977814852744 0.395337420632948 NA 0.0952380952380952 0.267857142857143 "Uqcrc2_noRT" "non-targeting_noRT"
"4375" "Slc6a8" 5.74685941097827 -0.760349574173635 -0.84970375318568 0.395489811255681 NA 0.238095238095238 0.410714285714286 "Uqcrc2_noRT" "non-targeting_noRT"
"4376" "Fkbp1a" 210.377962273512 0.14724279867193 0.849702404143203 0.395490561471805 0.807768975010034 1 1 "Uqcrc2_noRT" "non-targeting_noRT"
"4377" "Fam20b" 5.98650060081712 0.648571133422062 0.849567444524413 0.395565618222883 NA 0.428571428571429 0.321428571428571 "Uqcrc2_noRT" "non-targeting_noRT"
"4378" "Ilrun" 12.1000040755811 -0.46449035513727 -0.849265104908604 0.395733793303557 NA 0.428571428571429 0.714285714285714 "Uqcrc2_noRT" "non-targeting_noRT"
"4379" "Ubxn8" 7.16484017098337 -0.617775352294337 -0.84922241312991 0.395757543897338 NA 0.333333333333333 0.553571428571429 "Uqcrc2_noRT" "non-targeting_noRT"
"4380" "Sec14l2" 2.01521471031691 -1.23734028103326 -0.849179253866903 0.395781555440599 NA 0.0952380952380952 0.267857142857143 "Uqcrc2_noRT" "non-targeting_noRT"
"4381" "Polrmt" 1.26491274029345 -1.44607049101513 -0.848895341438182 0.39593953131395 NA 0.0476190476190476 0.196428571428571 "Uqcrc2_noRT" "non-targeting_noRT"
"4382" "Cfap77" 3.54017936098517 0.813178461267847 0.848654011890451 0.396073842962921 NA 0.238095238095238 0.214285714285714 "Uqcrc2_noRT" "non-targeting_noRT"
"4383" "Pelp1" 5.18142826726733 -0.769202593786062 -0.848541494841437 0.396136473585098 NA 0.238095238095238 0.392857142857143 "Uqcrc2_noRT" "non-targeting_noRT"
"4384" "Lypla2" 7.94654645179301 -0.572497860755749 -0.848535136225847 0.39614001317435 NA 0.428571428571429 0.589285714285714 "Uqcrc2_noRT" "non-targeting_noRT"
"4385" "Lemd3" 1.27973507489159 -1.44860121051547 -0.84849057539816 0.396164818956674 NA 0.0476190476190476 0.178571428571429 "Uqcrc2_noRT" "non-targeting_noRT"
"4386" "Trim41" 5.08503954682749 -0.758175012131774 -0.848398590238658 0.396216027521329 NA 0.238095238095238 0.482142857142857 "Uqcrc2_noRT" "non-targeting_noRT"
"4387" "Asap1" 65.8636283059882 -0.219188325652084 -0.848273087258269 0.39628590205837 0.808381906827697 0.952380952380952 0.964285714285714 "Uqcrc2_noRT" "non-targeting_noRT"
"4388" "Uri1" 20.7656116266996 -0.382570120996521 -0.84824659239854 0.396300654181465 0.808381906827697 0.761904761904762 0.785714285714286 "Uqcrc2_noRT" "non-targeting_noRT"
"4389" "Ptcd2" 15.8970757596873 0.430124449001505 0.848109978026559 0.396376725218317 0.808381906827697 0.523809523809524 0.732142857142857 "Uqcrc2_noRT" "non-targeting_noRT"
"4390" "Fbxw17" 4.44199540100255 0.733767265374011 0.847899886748125 0.39649372763145 NA 0.333333333333333 0.321428571428571 "Uqcrc2_noRT" "non-targeting_noRT"
"4391" "Tex19.2" 0.820640993412893 2.01090101675606 0.847776642034724 0.396562373826449 NA 0.0476190476190476 0.0357142857142857 "Uqcrc2_noRT" "non-targeting_noRT"
"4392" "Eri2" 2.0681700686451 -1.20504656801398 -0.847695358897405 0.396607651726961 NA 0.0952380952380952 0.232142857142857 "Uqcrc2_noRT" "non-targeting_noRT"
"4393" "1700007L15Rik" 1.90037306704236 1.13721073693167 0.847411067919444 0.396766037507426 NA 0.19047619047619 0.125 "Uqcrc2_noRT" "non-targeting_noRT"
"4394" "Fblim1" 1.90145870462248 1.10882156724068 0.847394111317471 0.396775485670395 NA 0.142857142857143 0.107142857142857 "Uqcrc2_noRT" "non-targeting_noRT"
"4395" "Hexim1" 5.73067076275888 -0.740019103935726 -0.847388357596803 0.396778691655517 NA 0.238095238095238 0.428571428571429 "Uqcrc2_noRT" "non-targeting_noRT"
"4396" "Gpatch4" 34.0487313568325 -0.287163407770733 -0.847357461536193 0.396795907272067 0.808838159749662 0.80952380952381 0.857142857142857 "Uqcrc2_noRT" "non-targeting_noRT"
"4397" "Mmd2" 4.12191180484303 0.748236223499822 0.847276915366905 0.396840790581133 NA 0.285714285714286 0.232142857142857 "Uqcrc2_noRT" "non-targeting_noRT"
"4398" "Zfyve9" 4.57603357291678 -0.814922647293513 -0.846637065624218 0.397197447369557 NA 0.0952380952380952 0.410714285714286 "Uqcrc2_noRT" "non-targeting_noRT"
"4399" "Apoe" 4.98761718470489 -0.779656055307749 -0.846474967232822 0.39728783284709 NA 0.19047619047619 0.357142857142857 "Uqcrc2_noRT" "non-targeting_noRT"
"4400" "Hmgn2" 25.3516538714154 -0.339055536046648 -0.84640342557114 0.397327728164209 0.809288051357608 0.666666666666667 0.803571428571429 "Uqcrc2_noRT" "non-targeting_noRT"
"4401" "1810037I17Rik" 116.679092516787 -0.180375061991987 -0.84625991866986 0.397407762290638 0.809288051357608 0.952380952380952 1 "Uqcrc2_noRT" "non-targeting_noRT"
"4402" "AW146154" 1.89084908209434 1.09953758617822 0.846045281356253 0.397527484151436 NA 0.19047619047619 0.0892857142857143 "Uqcrc2_noRT" "non-targeting_noRT"
"4403" "Thnsl1" 1.27552236282159 -1.44357581125628 -0.845521997509634 0.397819456092775 NA 0.0476190476190476 0.142857142857143 "Uqcrc2_noRT" "non-targeting_noRT"
"4404" "Plxnd1" 2.07187888310161 -1.19013063887972 -0.845491059400109 0.39783672239484 NA 0.0952380952380952 0.214285714285714 "Uqcrc2_noRT" "non-targeting_noRT"
"4405" "Tapbp" 69.0578141509878 -0.204249259112988 -0.845427469552051 0.397872212779291 0.80954622271816 0.952380952380952 0.982142857142857 "Uqcrc2_noRT" "non-targeting_noRT"
"4406" "Ccdc38" 0.803210393897734 1.8644654673122 0.845170805402399 0.398015480026862 NA 0.0952380952380952 0.0357142857142857 "Uqcrc2_noRT" "non-targeting_noRT"
"4407" "Eif4b" 63.396577845136 -0.210493324896387 -0.845166230499919 0.398018033971596 0.80954622271816 0.857142857142857 0.982142857142857 "Uqcrc2_noRT" "non-targeting_noRT"
"4408" "Pcyt1a" 4.12162715133898 0.860077027953994 0.84500674349613 0.398107073953145 NA 0.285714285714286 0.25 "Uqcrc2_noRT" "non-targeting_noRT"
"4409" "Stimate" 7.8982643010609 0.57820539008762 0.845004071791139 0.398108565641228 NA 0.476190476190476 0.339285714285714 "Uqcrc2_noRT" "non-targeting_noRT"
"4410" "Ddx18" 56.9490931475416 -0.228574205488341 -0.844980994008756 0.398121450756756 0.80954622271816 0.952380952380952 0.964285714285714 "Uqcrc2_noRT" "non-targeting_noRT"
"4411" "Spin4" 2.05015574043184 -1.19054341234294 -0.844759712868284 0.398245012343714 NA 0.0952380952380952 0.267857142857143 "Uqcrc2_noRT" "non-targeting_noRT"
"4412" "Fbxo31" 7.97664068201893 0.55385312400203 0.844729303721266 0.398261994369145 NA 0.476190476190476 0.392857142857143 "Uqcrc2_noRT" "non-targeting_noRT"
"4413" "Atg4b" 6.5408542553686 -0.628779962296248 -0.844662836165267 0.398299114776093 NA 0.285714285714286 0.517857142857143 "Uqcrc2_noRT" "non-targeting_noRT"
"4414" "Spag5" 2.98838671466952 -1.01053330502329 -0.844632561343324 0.398316023170142 NA 0.0952380952380952 0.321428571428571 "Uqcrc2_noRT" "non-targeting_noRT"
"4415" "Eif4g1" 38.0657587462115 -0.290368943459393 -0.84460289239713 0.398332593603947 0.809552402138156 0.80952380952381 0.839285714285714 "Uqcrc2_noRT" "non-targeting_noRT"
"4416" "Zdhhc6" 9.22191669288963 -0.5455733629562 -0.844507521680186 0.398385862014315 NA 0.380952380952381 0.553571428571429 "Uqcrc2_noRT" "non-targeting_noRT"
"4417" "Creld2" 56.02816181488 -0.221925565069878 -0.844146566710851 0.398587508839877 0.809552402138156 0.904761904761905 0.946428571428571 "Uqcrc2_noRT" "non-targeting_noRT"
"4418" "6330418K02Rik" 1.26862155474996 -1.4351359969704 -0.844090723684313 0.398618710932409 NA 0.0476190476190476 0.196428571428571 "Uqcrc2_noRT" "non-targeting_noRT"
"4419" "Tnik" 35.3277346362585 0.280116574328412 0.843924842007494 0.398711405402988 0.809552402138156 0.80952380952381 0.803571428571429 "Uqcrc2_noRT" "non-targeting_noRT"
"4420" "Spin2c" 1.26280638425845 -1.44358697549481 -0.843885586657528 0.39873334314168 NA 0.0476190476190476 0.178571428571429 "Uqcrc2_noRT" "non-targeting_noRT"
"4421" "Pqlc2" 2.37866315586667 1.06062436447337 0.843784634283101 0.398789763421532 NA 0.238095238095238 0.142857142857143 "Uqcrc2_noRT" "non-targeting_noRT"
"4422" "Ghr" 2.04056683635858 -1.18277079658662 -0.843228741027694 0.399100527230428 NA 0.0952380952380952 0.214285714285714 "Uqcrc2_noRT" "non-targeting_noRT"
"4423" "Nfkbil1" 7.93485119168475 -0.569796775773342 -0.843130707522381 0.399155346509212 NA 0.380952380952381 0.607142857142857 "Uqcrc2_noRT" "non-targeting_noRT"
"4424" "Zfp703" 5.00440112512816 -0.744670000900048 -0.843107164472601 0.399168512203488 NA 0.238095238095238 0.410714285714286 "Uqcrc2_noRT" "non-targeting_noRT"
"4425" "Hmgn1" 94.3779045112863 0.201334838181706 0.843076958354897 0.399185404387191 0.810117314053064 0.952380952380952 1 "Uqcrc2_noRT" "non-targeting_noRT"
"4426" "Pkdcc" 0.786281703264598 1.86860775013246 0.842739227545967 0.399374303064853 NA 0.0952380952380952 0.0357142857142857 "Uqcrc2_noRT" "non-targeting_noRT"
"4427" "Pcx" 0.786281703264598 1.86860775013246 0.842739227545967 0.399374303064853 NA 0.0952380952380952 0.0357142857142857 "Uqcrc2_noRT" "non-targeting_noRT"
"4428" "Fastkd5" 1.25590557618682 -1.43513190499994 -0.842433570068906 0.399545308928372 NA 0.0476190476190476 0.196428571428571 "Uqcrc2_noRT" "non-targeting_noRT"
"4429" "Fggy" 1.25590557618682 -1.43513190499994 -0.842433570068906 0.399545308928372 NA 0.0476190476190476 0.178571428571429 "Uqcrc2_noRT" "non-targeting_noRT"
"4430" "Slc36a4" 1.23443813723851 1.45083642688193 0.842024939746106 0.399773993692079 NA 0.0952380952380952 0.0714285714285714 "Uqcrc2_noRT" "non-targeting_noRT"
"4431" "Suox" 1.23443813723851 1.45083642688193 0.842024939746106 0.399773993692079 NA 0.142857142857143 0.0714285714285714 "Uqcrc2_noRT" "non-targeting_noRT"
"4432" "Prmt3" 9.34533784014579 -0.532403001116497 -0.841556895419735 0.400036025441165 NA 0.333333333333333 0.607142857142857 "Uqcrc2_noRT" "non-targeting_noRT"
"4433" "Arl5a" 14.7760652499146 -0.418994939582582 -0.841476418497322 0.400081090354573 0.810965968955705 0.619047619047619 0.767857142857143 "Uqcrc2_noRT" "non-targeting_noRT"
"4434" "Dpysl3" 4.98434933746808 -0.806409569457206 -0.84145336381343 0.400094000920244 NA 0.19047619047619 0.303571428571429 "Uqcrc2_noRT" "non-targeting_noRT"
"4435" "Caap1" 15.5759025480748 0.391601306360314 0.841401744319354 0.400122908616794 0.810965968955705 0.619047619047619 0.678571428571429 "Uqcrc2_noRT" "non-targeting_noRT"
"4436" "Sec61a1" 30.0994390247291 -0.314111195790989 -0.841229755428041 0.400219234055105 0.810965968955705 0.904761904761905 0.928571428571429 "Uqcrc2_noRT" "non-targeting_noRT"
"4437" "Rpsa" 1719.59912402697 0.101182057542166 0.840929376762597 0.400387499897657 0.810965968955705 1 1 "Uqcrc2_noRT" "non-targeting_noRT"
"4438" "Mzt2" 8.50473405045016 -0.543701579217327 -0.840898984085084 0.40040452760781 NA 0.380952380952381 0.642857142857143 "Uqcrc2_noRT" "non-targeting_noRT"
"4439" "Artn" 3.7826266186004 0.891648136841375 0.840776412464068 0.40047320363233 NA 0.238095238095238 0.178571428571429 "Uqcrc2_noRT" "non-targeting_noRT"
"4440" "Ccne2" 4.58023336175887 -0.841102789325853 -0.840764861470363 0.400479675938488 NA 0.238095238095238 0.285714285714286 "Uqcrc2_noRT" "non-targeting_noRT"
"4441" "Tomm40l" 1.21885819003689 -1.44870209896488 -0.840453225912512 0.400654316737121 NA 0.0476190476190476 0.196428571428571 "Uqcrc2_noRT" "non-targeting_noRT"
"4442" "Atp23" 14.4698999590357 0.410668279149417 0.84040731108355 0.400680051308176 0.811161473734458 0.80952380952381 0.660714285714286 "Uqcrc2_noRT" "non-targeting_noRT"
"4443" "Yae1d1" 25.3514198733281 0.326244618577145 0.839275808123102 0.40131455543455 0.81164799061597 0.714285714285714 0.821428571428571 "Uqcrc2_noRT" "non-targeting_noRT"
"4444" "Samm50" 30.7297762002824 -0.296596662458516 -0.839162253737012 0.401378265734935 0.81164799061597 0.857142857142857 0.928571428571429 "Uqcrc2_noRT" "non-targeting_noRT"
"4445" "Eva1b" 4.62322841956457 0.696365237984754 0.839124889217397 0.40139923062761 NA 0.380952380952381 0.303571428571429 "Uqcrc2_noRT" "non-targeting_noRT"
"4446" "Amn1" 16.8650655357474 0.401099664441686 0.838929619456897 0.401508805411042 0.81164799061597 0.80952380952381 0.642857142857143 "Uqcrc2_noRT" "non-targeting_noRT"
"4447" "Dipk1a" 4.68039648996276 0.70294114306402 0.83885384548019 0.401551330485805 NA 0.238095238095238 0.303571428571429 "Uqcrc2_noRT" "non-targeting_noRT"
"4448" "Nudt2" 34.8349704257432 0.269423278401944 0.83856668368655 0.401712512941773 0.811663270777859 0.857142857142857 0.946428571428571 "Uqcrc2_noRT" "non-targeting_noRT"
"4449" "Wdr47" 2.14980944992427 -1.21308826665208 -0.838514201347692 0.401741975207619 NA 0.0476190476190476 0.267857142857143 "Uqcrc2_noRT" "non-targeting_noRT"
"4450" "Zer1" 1.28184143092659 -1.45128760270123 -0.838387333449185 0.401813201012322 NA 0.0476190476190476 0.178571428571429 "Uqcrc2_noRT" "non-targeting_noRT"
"4451" "Alg14" 9.16794061610657 -0.557554618235393 -0.838254221792081 0.401887940314485 NA 0.380952380952381 0.660714285714286 "Uqcrc2_noRT" "non-targeting_noRT"
"4452" "Sept2" 1.27283426681996 -1.44018835664278 -0.837669661294647 0.402216257054701 NA 0.0476190476190476 0.178571428571429 "Uqcrc2_noRT" "non-targeting_noRT"
"4453" "Sec16b" 1.21464547796689 -1.44362975549155 -0.837497100662182 0.402313205985592 NA 0.0476190476190476 0.196428571428571 "Uqcrc2_noRT" "non-targeting_noRT"
"4454" "Bicra" 1.21464547796689 -1.44362975549155 -0.837497100662182 0.402313205985592 NA 0.0476190476190476 0.178571428571429 "Uqcrc2_noRT" "non-targeting_noRT"
"4455" "Znrf1" 6.96040867012055 0.569597958775493 0.837490460927166 0.402316936636731 NA 0.428571428571429 0.392857142857143 "Uqcrc2_noRT" "non-targeting_noRT"
"4456" "Kmt5c" 2.06977252706662 -1.18875468177324 -0.837348930326135 0.402396463011854 NA 0.0952380952380952 0.285714285714286 "Uqcrc2_noRT" "non-targeting_noRT"
"4457" "Gucd1" 1.26970719233008 -1.4522018984686 -0.837284773508874 0.402432515981933 NA 0.0476190476190476 0.178571428571429 "Uqcrc2_noRT" "non-targeting_noRT"
"4458" "Actr10" 56.4026991602068 -0.224114544585286 -0.837265609967596 0.402443285323528 0.811876868757545 0.952380952380952 0.982142857142857 "Uqcrc2_noRT" "non-targeting_noRT"
"4459" "Ing3" 13.2452729651815 -0.467850328754488 -0.837009335324838 0.402587320674913 0.811876868757545 0.476190476190476 0.660714285714286 "Uqcrc2_noRT" "non-targeting_noRT"
"4460" "Phka1" 5.77565961822329 0.619751075949415 0.836700539174859 0.402760916005366 NA 0.333333333333333 0.375 "Uqcrc2_noRT" "non-targeting_noRT"
"4461" "Atp8a1" 5.29875225344169 0.673797016807058 0.83667101514493 0.402777515821318 NA 0.428571428571429 0.339285714285714 "Uqcrc2_noRT" "non-targeting_noRT"
"4462" "Ltn1" 7.67130279910231 -0.621585110451342 -0.83644608769383 0.40290399420991 NA 0.238095238095238 0.571428571428571 "Uqcrc2_noRT" "non-targeting_noRT"
"4463" "Amot" 3.27896949177506 0.875003247496532 0.836417469360653 0.402920088219377 NA 0.19047619047619 0.214285714285714 "Uqcrc2_noRT" "non-targeting_noRT"
"4464" "Ppp1r15a" 35.6545648387845 -0.352639601834375 -0.836402155903757 0.402928700162176 0.811876868757545 0.666666666666667 0.875 "Uqcrc2_noRT" "non-targeting_noRT"
"4465" "Srd5a1" 1.26011828825682 -1.44019407455087 -0.836034960110818 0.403135235827069 NA 0.0476190476190476 0.178571428571429 "Uqcrc2_noRT" "non-targeting_noRT"
"4466" "Hist1h3b" 1.20774466989526 -1.43511620901256 -0.835962384644127 0.403176064667195 NA 0.0476190476190476 0.160714285714286 "Uqcrc2_noRT" "non-targeting_noRT"
"4467" "Tomm34" 13.3508400141733 0.435718571011315 0.835920330578598 0.403199724191091 0.811876868757545 0.666666666666667 0.696428571428571 "Uqcrc2_noRT" "non-targeting_noRT"
"4468" "Clcn5" 14.7454099273071 -0.423917145200608 -0.835809065871837 0.403262325479421 0.811876868757545 0.523809523809524 0.678571428571429 "Uqcrc2_noRT" "non-targeting_noRT"
"4469" "Exoc4" 7.90782969936486 -0.563690880192662 -0.835683350897052 0.403333063982621 NA 0.428571428571429 0.5 "Uqcrc2_noRT" "non-targeting_noRT"
"4470" "Gpbp1l1" 8.10164651755302 0.54758311993795 0.835569708269588 0.403397015897847 NA 0.571428571428571 0.482142857142857 "Uqcrc2_noRT" "non-targeting_noRT"
"4471" "Cercam" 2.66642889878765 0.979914168824717 0.835397344767393 0.403494024331253 NA 0.19047619047619 0.178571428571429 "Uqcrc2_noRT" "non-targeting_noRT"
"4472" "Sema3d" 1.25502476102613 -1.516085489875 -0.835382070262426 0.403502621696263 NA 0.0476190476190476 0.107142857142857 "Uqcrc2_noRT" "non-targeting_noRT"
"4473" "Zfp738" 2.06439633506334 -1.18433504422834 -0.835347495619188 0.403522082688151 NA 0.0952380952380952 0.267857142857143 "Uqcrc2_noRT" "non-targeting_noRT"
"4474" "Med29" 33.5475021592384 -0.279396395224557 -0.835262051778772 0.403570178780692 0.811876868757545 0.952380952380952 0.964285714285714 "Uqcrc2_noRT" "non-targeting_noRT"
"4475" "Atp6v1g1" 153.854194813934 0.144587235683622 0.835212235398718 0.403598221862145 0.811876868757545 1 1 "Uqcrc2_noRT" "non-targeting_noRT"
"4476" "Tm2d2" 35.2935092061253 -0.278032336923485 -0.834764195576545 0.403850488875173 0.811876868757545 0.80952380952381 0.982142857142857 "Uqcrc2_noRT" "non-targeting_noRT"
"4477" "Fam214a" 0.790494415334594 1.84844131766908 0.83463624256164 0.403922549627443 NA 0.0952380952380952 0.0357142857142857 "Uqcrc2_noRT" "non-targeting_noRT"
"4478" "Arl6ip5" 58.1641028808254 0.21971875767733 0.834625374232554 0.403928670822362 0.811876868757545 0.952380952380952 0.964285714285714 "Uqcrc2_noRT" "non-targeting_noRT"
"4479" "5031439G07Rik" 17.4191141791154 -0.436673653634744 -0.834544026212169 0.403974488928117 0.811876868757545 0.571428571428571 0.714285714285714 "Uqcrc2_noRT" "non-targeting_noRT"
"4480" "Itm2c" 25.2414931907089 0.306402847427766 0.83434763756869 0.404085114834271 0.811876868757545 0.761904761904762 0.892857142857143 "Uqcrc2_noRT" "non-targeting_noRT"
"4481" "Tspan5" 2.91020617975113 0.917462323102249 0.834122966298149 0.404211694602874 NA 0.19047619047619 0.160714285714286 "Uqcrc2_noRT" "non-targeting_noRT"
"4482" "Hfe" 2.04114857632521 -1.18382274436646 -0.833995523529264 0.404283506389913 NA 0.0952380952380952 0.232142857142857 "Uqcrc2_noRT" "non-targeting_noRT"
"4483" "Cnn3" 43.6273421822959 0.288400991076101 0.833844301564992 0.404368727242822 0.811876868757545 0.904761904761905 0.892857142857143 "Uqcrc2_noRT" "non-targeting_noRT"
"4484" "Echdc1" 4.22772829933962 -0.78732567253462 -0.83370129038565 0.404449330810607 NA 0.238095238095238 0.392857142857143 "Uqcrc2_noRT" "non-targeting_noRT"
"4485" "Saraf" 30.2438314687019 -0.312636177546826 -0.833600383069532 0.404506209697833 0.811876868757545 0.761904761904762 0.892857142857143 "Uqcrc2_noRT" "non-targeting_noRT"
"4486" "Dpf2" 14.7587642627647 0.420718225407503 0.83349603650757 0.404565032232493 0.811876868757545 0.619047619047619 0.732142857142857 "Uqcrc2_noRT" "non-targeting_noRT"
"4487" "Ap4e1" 0.698506528647211 -1.98604961870972 -0.833310166146743 0.404669824263414 NA 0 0.107142857142857 "Uqcrc2_noRT" "non-targeting_noRT"
"4488" "Fetub" 0.698506528647211 -1.98604961870972 -0.833310166146743 0.404669824263414 NA 0 0.0892857142857143 "Uqcrc2_noRT" "non-targeting_noRT"
"4489" "Nr4a3" 1.26651519871496 -1.43257217606624 -0.833191233870764 0.404736885722877 NA 0.0476190476190476 0.178571428571429 "Uqcrc2_noRT" "non-targeting_noRT"
"4490" "Apool" 16.1011284925858 0.383239016650115 0.832998265730265 0.404845707374221 0.812046309798607 0.523809523809524 0.714285714285714 "Uqcrc2_noRT" "non-targeting_noRT"
"4491" "P4ha2" 5.03557525730847 -0.739713895668443 -0.832969806960142 0.404861757775041 NA 0.238095238095238 0.410714285714286 "Uqcrc2_noRT" "non-targeting_noRT"
"4492" "Prkra" 9.87430567965686 0.47730206924612 0.832744329225222 0.404988937928992 NA 0.523809523809524 0.5 "Uqcrc2_noRT" "non-targeting_noRT"
"4493" "Elac1" 1.24075720534351 1.43430862004458 0.83263283591935 0.405051834274469 NA 0.142857142857143 0.0714285714285714 "Uqcrc2_noRT" "non-targeting_noRT"
"4494" "Bcas2" 123.943642023591 0.173151954843624 0.832438421836092 0.40516152240854 0.812286036689215 0.952380952380952 1 "Uqcrc2_noRT" "non-targeting_noRT"
"4495" "Hist1h2bh" 1.27341600678659 -1.4411031020243 -0.832430291839504 0.405166109727147 NA 0.0476190476190476 0.178571428571429 "Uqcrc2_noRT" "non-targeting_noRT"
"4496" "Zscan29" 1.29084859503322 -1.46263846668268 -0.832296472795666 0.405241621057449 NA 0.0476190476190476 0.178571428571429 "Uqcrc2_noRT" "non-targeting_noRT"
"4497" "Minpp1" 12.0602536814702 -0.471462515466889 -0.832004935589893 0.405406158619068 NA 0.476190476190476 0.75 "Uqcrc2_noRT" "non-targeting_noRT"
"4498" "Nhs" 1.90247942307736 1.13490925028814 0.831956923131233 0.405433259684625 NA 0.0952380952380952 0.107142857142857 "Uqcrc2_noRT" "non-targeting_noRT"
"4499" "Tlcd1" 11.5224699996136 0.558501323387839 0.83163034076747 0.40561763077138 NA 0.428571428571429 0.571428571428571 "Uqcrc2_noRT" "non-targeting_noRT"
"4500" "Zfp30" 3.3239254812236 0.865435000360179 0.831616786297063 0.405625283989157 NA 0.333333333333333 0.196428571428571 "Uqcrc2_noRT" "non-targeting_noRT"
"4501" "4933439C10Rik" 0.864087278752433 1.94734652717544 0.831616325286855 0.405625544289411 NA 0.0952380952380952 0.0357142857142857 "Uqcrc2_noRT" "non-targeting_noRT"
"4502" "Zdhhc23" 1.26382710271333 -1.42913080332265 -0.831186347878012 0.405868365939465 NA 0.0476190476190476 0.142857142857143 "Uqcrc2_noRT" "non-targeting_noRT"
"4503" "Bank1" 3.52426943069026 -0.856065138205623 -0.83106801488265 0.405935207503028 NA 0.19047619047619 0.303571428571429 "Uqcrc2_noRT" "non-targeting_noRT"
"4504" "Prkag2" 1.22154628603853 -1.45229454638741 -0.831025823301157 0.405959041425192 NA 0.0476190476190476 0.196428571428571 "Uqcrc2_noRT" "non-targeting_noRT"
"4505" "1110051M20Rik" 9.15571446671887 0.497593776371415 0.830911937001481 0.406023379692212 NA 0.428571428571429 0.589285714285714 "Uqcrc2_noRT" "non-targeting_noRT"
"4506" "Zfp512" 5.04349479510352 -0.711982168688453 -0.830851841564227 0.406057332114826 NA 0.285714285714286 0.428571428571429 "Uqcrc2_noRT" "non-targeting_noRT"
"4507" "Snx17" 39.6339155992334 0.25189695802785 0.83042523908576 0.406298400601093 0.814170838589503 1 0.892857142857143 "Uqcrc2_noRT" "non-targeting_noRT"
"4508" "Slc10a7" 3.51104955451363 -0.84960801011882 -0.830306821299167 0.406365332368991 NA 0.142857142857143 0.428571428571429 "Uqcrc2_noRT" "non-targeting_noRT"
"4509" "Sap130" 5.12686846178616 -0.765859275943458 -0.830131889722451 0.406464218744128 NA 0.238095238095238 0.5 "Uqcrc2_noRT" "non-targeting_noRT"
"4510" "Psenen" 135.13262513217 0.181201554029371 0.829775044146931 0.406665983086348 0.814512990324931 1 1 "Uqcrc2_noRT" "non-targeting_noRT"
"4511" "Zfp775" 1.21195738196526 -1.44021600444739 -0.829655739994139 0.406733452270962 NA 0.0476190476190476 0.178571428571429 "Uqcrc2_noRT" "non-targeting_noRT"
"4512" "B3gat2" 0.343940439782191 2.87833967828194 0.829596960164519 0.406766696043894 NA 0.0476190476190476 0 "Uqcrc2_noRT" "non-targeting_noRT"
"4513" "Mfsd9" 0.343940439782191 2.87833967828194 0.829596960164519 0.406766696043894 NA 0.0476190476190476 0 "Uqcrc2_noRT" "non-targeting_noRT"
"4514" "2810459M11Rik" 0.343940439782191 2.87833967828194 0.829596960164519 0.406766696043894 NA 0.0476190476190476 0 "Uqcrc2_noRT" "non-targeting_noRT"
"4515" "Gm29538" 0.343940439782191 2.87833967828194 0.829596960164519 0.406766696043894 NA 0.0476190476190476 0 "Uqcrc2_noRT" "non-targeting_noRT"
"4516" "Tmem81" 0.343940439782191 2.87833967828194 0.829596960164519 0.406766696043894 NA 0.0476190476190476 0 "Uqcrc2_noRT" "non-targeting_noRT"
"4517" "Elf3" 0.343940439782191 2.87833967828194 0.829596960164519 0.406766696043894 NA 0.0476190476190476 0 "Uqcrc2_noRT" "non-targeting_noRT"
"4518" "Gm37756" 0.343940439782191 2.87833967828194 0.829596960164519 0.406766696043894 NA 0.0476190476190476 0 "Uqcrc2_noRT" "non-targeting_noRT"
"4519" "Slamf8" 0.343940439782191 2.87833967828194 0.829596960164519 0.406766696043894 NA 0.0476190476190476 0 "Uqcrc2_noRT" "non-targeting_noRT"
"4520" "Ifi214" 0.343940439782191 2.87833967828194 0.829596960164519 0.406766696043894 NA 0.0476190476190476 0 "Uqcrc2_noRT" "non-targeting_noRT"
"4521" "Hhipl2" 0.343940439782191 2.87833967828194 0.829596960164519 0.406766696043894 NA 0.0476190476190476 0 "Uqcrc2_noRT" "non-targeting_noRT"
"4522" "Hlx" 0.343940439782191 2.87833967828194 0.829596960164519 0.406766696043894 NA 0.0476190476190476 0 "Uqcrc2_noRT" "non-targeting_noRT"
"4523" "Meig1" 0.343940439782191 2.87833967828194 0.829596960164519 0.406766696043894 NA 0.0476190476190476 0 "Uqcrc2_noRT" "non-targeting_noRT"
"4524" "Exd1" 0.343940439782191 2.87833967828194 0.829596960164519 0.406766696043894 NA 0.0476190476190476 0 "Uqcrc2_noRT" "non-targeting_noRT"
"4525" "Tox2" 0.343940439782191 2.87833967828194 0.829596960164519 0.406766696043894 NA 0.0476190476190476 0 "Uqcrc2_noRT" "non-targeting_noRT"
"4526" "Gdap1l1" 0.343940439782191 2.87833967828194 0.829596960164519 0.406766696043894 NA 0.0476190476190476 0 "Uqcrc2_noRT" "non-targeting_noRT"
"4527" "Matn4" 0.343940439782191 2.87833967828194 0.829596960164519 0.406766696043894 NA 0.0476190476190476 0 "Uqcrc2_noRT" "non-targeting_noRT"
"4528" "Slc2a10" 0.343940439782191 2.87833967828194 0.829596960164519 0.406766696043894 NA 0.0476190476190476 0 "Uqcrc2_noRT" "non-targeting_noRT"
"4529" "Tshz2" 0.343940439782191 2.87833967828194 0.829596960164519 0.406766696043894 NA 0.0476190476190476 0 "Uqcrc2_noRT" "non-targeting_noRT"
"4530" "Gm14327" 0.343940439782191 2.87833967828194 0.829596960164519 0.406766696043894 NA 0.0476190476190476 0 "Uqcrc2_noRT" "non-targeting_noRT"
"4531" "Vmn2r1" 0.343940439782191 2.87833967828194 0.829596960164519 0.406766696043894 NA 0.0476190476190476 0 "Uqcrc2_noRT" "non-targeting_noRT"
"4532" "Hcn3" 0.343940439782191 2.87833967828194 0.829596960164519 0.406766696043894 NA 0.0476190476190476 0 "Uqcrc2_noRT" "non-targeting_noRT"
"4533" "S100a14" 0.343940439782191 2.87833967828194 0.829596960164519 0.406766696043894 NA 0.0476190476190476 0 "Uqcrc2_noRT" "non-targeting_noRT"
"4534" "4930512P04Rik" 0.343940439782191 2.87833967828194 0.829596960164519 0.406766696043894 NA 0.0476190476190476 0 "Uqcrc2_noRT" "non-targeting_noRT"
"4535" "Smc2os" 0.343940439782191 2.87833967828194 0.829596960164519 0.406766696043894 NA 0.0476190476190476 0 "Uqcrc2_noRT" "non-targeting_noRT"
"4536" "Pakap" 0.343940439782191 2.87833967828194 0.829596960164519 0.406766696043894 NA 0.0476190476190476 0 "Uqcrc2_noRT" "non-targeting_noRT"
"4537" "Gm11266" 0.343940439782191 2.87833967828194 0.829596960164519 0.406766696043894 NA 0.0476190476190476 0 "Uqcrc2_noRT" "non-targeting_noRT"
"4538" "Gm12898" 0.343940439782191 2.87833967828194 0.829596960164519 0.406766696043894 NA 0.0476190476190476 0 "Uqcrc2_noRT" "non-targeting_noRT"
"4539" "Epha10" 0.343940439782191 2.87833967828194 0.829596960164519 0.406766696043894 NA 0.0476190476190476 0 "Uqcrc2_noRT" "non-targeting_noRT"
"4540" "Gpr157" 0.343940439782191 2.87833967828194 0.829596960164519 0.406766696043894 NA 0.0476190476190476 0 "Uqcrc2_noRT" "non-targeting_noRT"
"4541" "Fzd1" 0.343940439782191 2.87833967828194 0.829596960164519 0.406766696043894 NA 0.0476190476190476 0 "Uqcrc2_noRT" "non-targeting_noRT"
"4542" "1700016H13Rik" 0.343940439782191 2.87833967828194 0.829596960164519 0.406766696043894 NA 0.0476190476190476 0 "Uqcrc2_noRT" "non-targeting_noRT"
"4543" "Medag" 0.343940439782191 2.87833967828194 0.829596960164519 0.406766696043894 NA 0.0476190476190476 0 "Uqcrc2_noRT" "non-targeting_noRT"
"4544" "Fgd5" 0.343940439782191 2.87833967828194 0.829596960164519 0.406766696043894 NA 0.0476190476190476 0 "Uqcrc2_noRT" "non-targeting_noRT"
"4545" "Slc25a18" 0.343940439782191 2.87833967828194 0.829596960164519 0.406766696043894 NA 0.0476190476190476 0 "Uqcrc2_noRT" "non-targeting_noRT"
"4546" "Lair1" 0.343940439782191 2.87833967828194 0.829596960164519 0.406766696043894 NA 0.0476190476190476 0 "Uqcrc2_noRT" "non-targeting_noRT"
"4547" "Sptbn4" 0.343940439782191 2.87833967828194 0.829596960164519 0.406766696043894 NA 0.0476190476190476 0 "Uqcrc2_noRT" "non-targeting_noRT"
"4548" "Cldnd2" 0.343940439782191 2.87833967828194 0.829596960164519 0.406766696043894 NA 0.0476190476190476 0 "Uqcrc2_noRT" "non-targeting_noRT"
"4549" "Kcna7" 0.343940439782191 2.87833967828194 0.829596960164519 0.406766696043894 NA 0.0476190476190476 0 "Uqcrc2_noRT" "non-targeting_noRT"
"4550" "Car11" 0.343940439782191 2.87833967828194 0.829596960164519 0.406766696043894 NA 0.0476190476190476 0 "Uqcrc2_noRT" "non-targeting_noRT"
"4551" "Gm5600" 0.343940439782191 2.87833967828194 0.829596960164519 0.406766696043894 NA 0.0476190476190476 0 "Uqcrc2_noRT" "non-targeting_noRT"
"4552" "Caly" 0.343940439782191 2.87833967828194 0.829596960164519 0.406766696043894 NA 0.0476190476190476 0 "Uqcrc2_noRT" "non-targeting_noRT"
"4553" "Drd4" 0.343940439782191 2.87833967828194 0.829596960164519 0.406766696043894 NA 0.0476190476190476 0 "Uqcrc2_noRT" "non-targeting_noRT"
"4554" "Eps8l2" 0.343940439782191 2.87833967828194 0.829596960164519 0.406766696043894 NA 0.0476190476190476 0 "Uqcrc2_noRT" "non-targeting_noRT"
"4555" "Gm45303" 0.343940439782191 2.87833967828194 0.829596960164519 0.406766696043894 NA 0.0476190476190476 0 "Uqcrc2_noRT" "non-targeting_noRT"
"4556" "Gm31786" 0.343940439782191 2.87833967828194 0.829596960164519 0.406766696043894 NA 0.0476190476190476 0 "Uqcrc2_noRT" "non-targeting_noRT"
"4557" "Gm10721" 0.343940439782191 2.87833967828194 0.829596960164519 0.406766696043894 NA 0.0476190476190476 0 "Uqcrc2_noRT" "non-targeting_noRT"
"4558" "Gm47079" 0.343940439782191 2.87833967828194 0.829596960164519 0.406766696043894 NA 0.0476190476190476 0 "Uqcrc2_noRT" "non-targeting_noRT"
"4559" "Gm39307" 0.343940439782191 2.87833967828194 0.829596960164519 0.406766696043894 NA 0.0476190476190476 0 "Uqcrc2_noRT" "non-targeting_noRT"
"4560" "Calml4" 0.343940439782191 2.87833967828194 0.829596960164519 0.406766696043894 NA 0.0476190476190476 0 "Uqcrc2_noRT" "non-targeting_noRT"
"4561" "Zic4" 0.343940439782191 2.87833967828194 0.829596960164519 0.406766696043894 NA 0.0476190476190476 0 "Uqcrc2_noRT" "non-targeting_noRT"
"4562" "Slco2a1" 0.343940439782191 2.87833967828194 0.829596960164519 0.406766696043894 NA 0.0476190476190476 0 "Uqcrc2_noRT" "non-targeting_noRT"
"4563" "Ccr2" 0.343940439782191 2.87833967828194 0.829596960164519 0.406766696043894 NA 0.0476190476190476 0 "Uqcrc2_noRT" "non-targeting_noRT"
"4564" "Ccdc170" 0.343940439782191 2.87833967828194 0.829596960164519 0.406766696043894 NA 0.0476190476190476 0 "Uqcrc2_noRT" "non-targeting_noRT"
"4565" "1700016J18Rik" 0.343940439782191 2.87833967828194 0.829596960164519 0.406766696043894 NA 0.0476190476190476 0 "Uqcrc2_noRT" "non-targeting_noRT"
"4566" "A930033H14Rik" 0.343940439782191 2.87833967828194 0.829596960164519 0.406766696043894 NA 0.0476190476190476 0 "Uqcrc2_noRT" "non-targeting_noRT"
"4567" "Gm16099" 0.343940439782191 2.87833967828194 0.829596960164519 0.406766696043894 NA 0.0476190476190476 0 "Uqcrc2_noRT" "non-targeting_noRT"
"4568" "Gm30624" 0.343940439782191 2.87833967828194 0.829596960164519 0.406766696043894 NA 0.0476190476190476 0 "Uqcrc2_noRT" "non-targeting_noRT"
"4569" "Myh3" 0.343940439782191 2.87833967828194 0.829596960164519 0.406766696043894 NA 0.0476190476190476 0 "Uqcrc2_noRT" "non-targeting_noRT"
"4570" "Tmem95" 0.343940439782191 2.87833967828194 0.829596960164519 0.406766696043894 NA 0.0476190476190476 0 "Uqcrc2_noRT" "non-targeting_noRT"
"4571" "Trpv3" 0.343940439782191 2.87833967828194 0.829596960164519 0.406766696043894 NA 0.0476190476190476 0 "Uqcrc2_noRT" "non-targeting_noRT"
"4572" "Adap2os" 0.343940439782191 2.87833967828194 0.829596960164519 0.406766696043894 NA 0.0476190476190476 0 "Uqcrc2_noRT" "non-targeting_noRT"
"4573" "Cct6b" 0.343940439782191 2.87833967828194 0.829596960164519 0.406766696043894 NA 0.0476190476190476 0 "Uqcrc2_noRT" "non-targeting_noRT"
"4574" "Ccdc103" 0.343940439782191 2.87833967828194 0.829596960164519 0.406766696043894 NA 0.0476190476190476 0 "Uqcrc2_noRT" "non-targeting_noRT"
"4575" "Arhgap27os1" 0.343940439782191 2.87833967828194 0.829596960164519 0.406766696043894 NA 0.0476190476190476 0 "Uqcrc2_noRT" "non-targeting_noRT"
"4576" "9130015A21Rik" 0.343940439782191 2.87833967828194 0.829596960164519 0.406766696043894 NA 0.0476190476190476 0 "Uqcrc2_noRT" "non-targeting_noRT"
"4577" "Adam4" 0.343940439782191 2.87833967828194 0.829596960164519 0.406766696043894 NA 0.0476190476190476 0 "Uqcrc2_noRT" "non-targeting_noRT"
"4578" "Kcnk10" 0.343940439782191 2.87833967828194 0.829596960164519 0.406766696043894 NA 0.0476190476190476 0 "Uqcrc2_noRT" "non-targeting_noRT"
"4579" "A230107N01Rik" 0.343940439782191 2.87833967828194 0.829596960164519 0.406766696043894 NA 0.0476190476190476 0 "Uqcrc2_noRT" "non-targeting_noRT"
"4580" "Gm26559" 0.343940439782191 2.87833967828194 0.829596960164519 0.406766696043894 NA 0.0476190476190476 0 "Uqcrc2_noRT" "non-targeting_noRT"
"4581" "Gm47851" 0.343940439782191 2.87833967828194 0.829596960164519 0.406766696043894 NA 0.0476190476190476 0 "Uqcrc2_noRT" "non-targeting_noRT"
"4582" "Gm5622" 0.343940439782191 2.87833967828194 0.829596960164519 0.406766696043894 NA 0.0476190476190476 0 "Uqcrc2_noRT" "non-targeting_noRT"
"4583" "Cldn10" 0.343940439782191 2.87833967828194 0.829596960164519 0.406766696043894 NA 0.0476190476190476 0 "Uqcrc2_noRT" "non-targeting_noRT"
"4584" "Gm49544" 0.343940439782191 2.87833967828194 0.829596960164519 0.406766696043894 NA 0.0476190476190476 0 "Uqcrc2_noRT" "non-targeting_noRT"
"4585" "D930007P13Rik" 0.343940439782191 2.87833967828194 0.829596960164519 0.406766696043894 NA 0.0476190476190476 0 "Uqcrc2_noRT" "non-targeting_noRT"
"4586" "Gm26562" 0.343940439782191 2.87833967828194 0.829596960164519 0.406766696043894 NA 0.0476190476190476 0 "Uqcrc2_noRT" "non-targeting_noRT"
"4587" "Gp5" 0.343940439782191 2.87833967828194 0.829596960164519 0.406766696043894 NA 0.0476190476190476 0 "Uqcrc2_noRT" "non-targeting_noRT"
"4588" "Gm49756" 0.343940439782191 2.87833967828194 0.829596960164519 0.406766696043894 NA 0.0476190476190476 0 "Uqcrc2_noRT" "non-targeting_noRT"
"4589" "Wdr5b" 0.343940439782191 2.87833967828194 0.829596960164519 0.406766696043894 NA 0.0476190476190476 0 "Uqcrc2_noRT" "non-targeting_noRT"
"4590" "Cadm2" 0.343940439782191 2.87833967828194 0.829596960164519 0.406766696043894 NA 0.0476190476190476 0 "Uqcrc2_noRT" "non-targeting_noRT"
"4591" "1600002D24Rik" 0.343940439782191 2.87833967828194 0.829596960164519 0.406766696043894 NA 0.0476190476190476 0 "Uqcrc2_noRT" "non-targeting_noRT"
"4592" "Il17b" 0.343940439782191 2.87833967828194 0.829596960164519 0.406766696043894 NA 0.0476190476190476 0 "Uqcrc2_noRT" "non-targeting_noRT"
"4593" "Gm41764" 0.343940439782191 2.87833967828194 0.829596960164519 0.406766696043894 NA 0.0476190476190476 0 "Uqcrc2_noRT" "non-targeting_noRT"
"4594" "Stard6" 0.343940439782191 2.87833967828194 0.829596960164519 0.406766696043894 NA 0.0476190476190476 0 "Uqcrc2_noRT" "non-targeting_noRT"
"4595" "BC026513" 0.343940439782191 2.87833967828194 0.829596960164519 0.406766696043894 NA 0.0476190476190476 0 "Uqcrc2_noRT" "non-targeting_noRT"
"4596" "Hoga1" 0.343940439782191 2.87833967828194 0.829596960164519 0.406766696043894 NA 0.0476190476190476 0 "Uqcrc2_noRT" "non-targeting_noRT"
"4597" "Syn1" 0.343940439782191 2.87833967828194 0.829596960164519 0.406766696043894 NA 0.0476190476190476 0 "Uqcrc2_noRT" "non-targeting_noRT"
"4598" "Gm4907" 0.343940439782191 2.87833967828194 0.829596960164519 0.406766696043894 NA 0.0476190476190476 0 "Uqcrc2_noRT" "non-targeting_noRT"
"4599" "Mettl2" 5.94238230060912 0.665951238591488 0.829469562307823 0.406838753287338 NA 0.476190476190476 0.339285714285714 "Uqcrc2_noRT" "non-targeting_noRT"
"4600" "Golim4" 18.8677126875206 -0.36122107756331 -0.829259227368273 0.406957737070449 0.814703007255693 0.571428571428571 0.785714285714286 "Uqcrc2_noRT" "non-targeting_noRT"
"4601" "Epm2aip1" 2.05495019246848 -1.19548548220855 -0.829174721797302 0.407005546634901 NA 0.0952380952380952 0.214285714285714 "Uqcrc2_noRT" "non-targeting_noRT"
"4602" "Mbd4" 2.88516210528331 -1.01612977136828 -0.82902968541506 0.407087609699983 NA 0.142857142857143 0.285714285714286 "Uqcrc2_noRT" "non-targeting_noRT"
"4603" "Pigg" 2.1311533095348 -1.1658044616009 -0.828457669439527 0.407411358375484 NA 0.0952380952380952 0.214285714285714 "Uqcrc2_noRT" "non-targeting_noRT"
"4604" "Pdzd8" 8.77777709433125 -0.55522299794838 -0.828214872331315 0.407548822683687 NA 0.333333333333333 0.553571428571429 "Uqcrc2_noRT" "non-targeting_noRT"
"4605" "Gm16638" 1.25961439064333 -1.42403549998068 -0.82818778095591 0.407564162707605 NA 0.0476190476190476 0.178571428571429 "Uqcrc2_noRT" "non-targeting_noRT"
"4606" "D330041H03Rik" 1.25961439064333 -1.42403549998068 -0.82818778095591 0.407564162707605 NA 0.0476190476190476 0.196428571428571 "Uqcrc2_noRT" "non-targeting_noRT"
"4607" "Bbs12" 1.24344530134514 1.4265443082465 0.828176351427106 0.407570634584332 NA 0.0952380952380952 0.0714285714285714 "Uqcrc2_noRT" "non-targeting_noRT"
"4608" "Zfyve19" 4.43504192285127 -0.83000173728286 -0.828137125831289 0.407592846221398 NA 0.238095238095238 0.410714285714286 "Uqcrc2_noRT" "non-targeting_noRT"
"4609" "Tmem69" 2.04696374681672 -1.17076371488804 -0.828063487448773 0.407634546173481 NA 0.0952380952380952 0.25 "Uqcrc2_noRT" "non-targeting_noRT"
"4610" "Pcnx" 2.04696374681672 -1.17076371488804 -0.828063487448773 0.407634546173481 NA 0.0952380952380952 0.267857142857143 "Uqcrc2_noRT" "non-targeting_noRT"
"4611" "Bax" 112.55141080445 0.172160231604298 0.82777508298287 0.40779788836998 0.815990165413432 0.952380952380952 1 "Uqcrc2_noRT" "non-targeting_noRT"
"4612" "Tango2" 4.67292686515239 0.740166752852539 0.827768840390489 0.407801424387073 NA 0.380952380952381 0.25 "Uqcrc2_noRT" "non-targeting_noRT"
"4613" "Fdft1" 9.20695529851863 0.536641356207974 0.827735096022864 0.407820538663354 NA 0.333333333333333 0.392857142857143 "Uqcrc2_noRT" "non-targeting_noRT"
"4614" "Lrrc57" 2.80759068586427 -0.956537242720323 -0.827301728947907 0.408066064062426 NA 0.142857142857143 0.303571428571429 "Uqcrc2_noRT" "non-targeting_noRT"
"4615" "Cyp4v3" 3.05201571458353 0.987196545200412 0.827171586527293 0.408139813826568 NA 0.238095238095238 0.178571428571429 "Uqcrc2_noRT" "non-targeting_noRT"
"4616" "Ubac1" 13.3735001279801 -0.426846630391555 -0.827026820191425 0.408221860072807 0.816443720145613 0.476190476190476 0.767857142857143 "Uqcrc2_noRT" "non-targeting_noRT"
"4617" "Cops7b" 4.28017976005433 -0.765507999782331 -0.827016238620593 0.408227857557896 NA 0.238095238095238 0.392857142857143 "Uqcrc2_noRT" "non-targeting_noRT"
"4618" "Tmem150a" 2.45616965616045 0.954648819141499 0.826675334445801 0.408421105317456 NA 0.238095238095238 0.160714285714286 "Uqcrc2_noRT" "non-targeting_noRT"
"4619" "Cldn11" 1.24689841208019 -1.42401134493019 -0.826529302810826 0.408503902681581 NA 0.0476190476190476 0.125 "Uqcrc2_noRT" "non-targeting_noRT"
"4620" "Coa6" 16.1905529523791 -0.390046506550697 -0.826170972954395 0.40870711174524 0.816689912000248 0.571428571428571 0.875 "Uqcrc2_noRT" "non-targeting_noRT"
"4621" "Elp1" 15.9049433011751 0.400184216669348 0.826113548325113 0.408739682878809 0.816689912000248 0.619047619047619 0.678571428571429 "Uqcrc2_noRT" "non-targeting_noRT"
"4622" "Myo18a" 6.40300763384948 0.599084905324581 0.825895530490381 0.408863356222836 NA 0.333333333333333 0.321428571428571 "Uqcrc2_noRT" "non-targeting_noRT"
"4623" "Fig4" 2.820203435273 0.876612633780282 0.825717478526556 0.408964374947743 NA 0.238095238095238 0.196428571428571 "Uqcrc2_noRT" "non-targeting_noRT"
"4624" "5830444B04Rik" 6.38609385517571 0.599314469379272 0.82566293877838 0.40899532133448 NA 0.476190476190476 0.339285714285714 "Uqcrc2_noRT" "non-targeting_noRT"
"4625" "Nploc4" 7.15889802042557 -0.583365213752494 -0.825284589466996 0.409210038800184 NA 0.19047619047619 0.5 "Uqcrc2_noRT" "non-targeting_noRT"
"4626" "Igsf9b" 1.20563831386026 -1.43252977759169 -0.825120582255042 0.409303135561388 NA 0.0476190476190476 0.178571428571429 "Uqcrc2_noRT" "non-targeting_noRT"
"4627" "Lmnb2" 5.07574971794828 -0.715701648975129 -0.824795499359751 0.409487702272071 NA 0.238095238095238 0.5 "Uqcrc2_noRT" "non-targeting_noRT"
"4628" "Emd" 73.1049491241731 0.220061303594106 0.824563439282877 0.409619485297481 0.816824738913093 0.952380952380952 1 "Uqcrc2_noRT" "non-targeting_noRT"
"4629" "Copz1" 44.5416933562866 -0.272616882513487 -0.824496705128162 0.409657387173645 0.816824738913093 0.857142857142857 0.964285714285714 "Uqcrc2_noRT" "non-targeting_noRT"
"4630" "Arpc2" 85.9677697647366 0.178831298260453 0.824353278576368 0.409738853799158 0.816824738913093 0.952380952380952 1 "Uqcrc2_noRT" "non-targeting_noRT"
"4631" "Lgals9" 52.5468860983143 -0.252304643140946 -0.824326224006296 0.409754221939763 0.816824738913093 0.857142857142857 0.928571428571429 "Uqcrc2_noRT" "non-targeting_noRT"
"4632" "Setd3" 12.4409701299682 0.441765355373204 0.824280375517928 0.40978026660379 NA 0.666666666666667 0.678571428571429 "Uqcrc2_noRT" "non-targeting_noRT"
"4633" "Sar1b" 48.883239111 -0.240392660070291 -0.824255950950522 0.409794141610338 0.816824738913093 0.857142857142857 1 "Uqcrc2_noRT" "non-targeting_noRT"
"4634" "Cntn1" 2.97717894175328 -1.1525834136614 -0.8241517873674 0.409853317560748 NA 0.142857142857143 0.196428571428571 "Uqcrc2_noRT" "non-targeting_noRT"
"4635" "Fmnl2" 9.46883397157089 -0.528552309832238 -0.823827127456656 0.41003779137753 NA 0.380952380952381 0.607142857142857 "Uqcrc2_noRT" "non-targeting_noRT"
"4636" "Flot2" 6.51811039424395 -0.633291664714954 -0.823783839782605 0.410062391436508 NA 0.285714285714286 0.5 "Uqcrc2_noRT" "non-targeting_noRT"
"4637" "Upf1" 7.99420346047108 -0.559671157278778 -0.823663261725245 0.410130919662952 NA 0.428571428571429 0.517857142857143 "Uqcrc2_noRT" "non-targeting_noRT"
"4638" "Abl2" 10.9089418605436 0.512445700727125 0.823622762173577 0.410153938333415 NA 0.380952380952381 0.482142857142857 "Uqcrc2_noRT" "non-targeting_noRT"
"4639" "Zbtb49" 2.84874755492979 0.895390507748549 0.823476260485086 0.410237211694422 NA 0.238095238095238 0.160714285714286 "Uqcrc2_noRT" "non-targeting_noRT"
"4640" "Vapa" 135.375332601745 0.168452301635622 0.823392570757549 0.410284786473487 0.817408977576933 1 1 "Uqcrc2_noRT" "non-targeting_noRT"
"4641" "Wdsub1" 4.58089294407866 -0.831391443080337 -0.822858170764055 0.410588652093903 NA 0.238095238095238 0.392857142857143 "Uqcrc2_noRT" "non-targeting_noRT"
"4642" "Pacsin3" 4.17324832494307 -0.802649552180906 -0.822643218057383 0.410710914221798 NA 0.19047619047619 0.410714285714286 "Uqcrc2_noRT" "non-targeting_noRT"
"4643" "Aif1l" 50.6994740333814 0.223143070168144 0.82240031479209 0.410849100262365 0.818139353650464 0.904761904761905 0.928571428571429 "Uqcrc2_noRT" "non-targeting_noRT"
"4644" "Ahctf1" 12.2904024990574 0.455466747304172 0.821802283025078 0.411189434179312 NA 0.523809523809524 0.607142857142857 "Uqcrc2_noRT" "non-targeting_noRT"
"4645" "Usp33" 3.46389840156569 0.79355197294837 0.821618758926371 0.411293909465093 NA 0.285714285714286 0.25 "Uqcrc2_noRT" "non-targeting_noRT"
"4646" "Zfp941" 4.23623156583277 -0.782599217544209 -0.821609375097933 0.411299251847188 NA 0.19047619047619 0.357142857142857 "Uqcrc2_noRT" "non-targeting_noRT"
"4647" "Nav1" 6.83335655076103 0.558995647936829 0.821222699554379 0.411519428996124 NA 0.333333333333333 0.339285714285714 "Uqcrc2_noRT" "non-targeting_noRT"
"4648" "Nectin2" 7.13090508608814 0.599870853751081 0.82073997774206 0.411794394045052 NA 0.428571428571429 0.375 "Uqcrc2_noRT" "non-targeting_noRT"
"4649" "Trnau1ap" 60.7873268073297 0.214717427716358 0.82016192292123 0.412123805460281 0.819414789796849 0.904761904761905 0.982142857142857 "Uqcrc2_noRT" "non-targeting_noRT"
"4650" "Aatf" 28.4507506515657 -0.30636449296692 -0.820021621432045 0.412203781492381 0.819414789796849 0.666666666666667 0.785714285714286 "Uqcrc2_noRT" "non-targeting_noRT"
"4651" "Zfp277" 6.43161164180291 -0.613430429927361 -0.81996332990735 0.412237012105269 NA 0.333333333333333 0.553571428571429 "Uqcrc2_noRT" "non-targeting_noRT"
"4652" "Eif6" 93.4963917124067 0.179142397503248 0.819912552175553 0.412265960577842 0.819414789796849 1 0.982142857142857 "Uqcrc2_noRT" "non-targeting_noRT"
"4653" "Mospd3" 6.95459349962904 0.565430052900108 0.81962635370827 0.412429145358099 NA 0.428571428571429 0.428571428571429 "Uqcrc2_noRT" "non-targeting_noRT"
"4654" "Usp9x" 25.0250256176636 -0.38099023371673 -0.819359187267124 0.412581512998168 0.819414789796849 0.666666666666667 0.839285714285714 "Uqcrc2_noRT" "non-targeting_noRT"
"4655" "Rida" 28.4499570403016 0.313389328417304 0.819092524311206 0.412733626759173 0.819414789796849 0.857142857142857 0.821428571428571 "Uqcrc2_noRT" "non-targeting_noRT"
"4656" "Gm10516" 0.834442609556156 1.9351776061875 0.818996602100472 0.412788352227823 NA 0.0952380952380952 0.0357142857142857 "Uqcrc2_noRT" "non-targeting_noRT"
"4657" "Rab1a" 51.9658931892472 -0.246441790033952 -0.818736814082792 0.412936587884972 0.819414789796849 0.80952380952381 1 "Uqcrc2_noRT" "non-targeting_noRT"
"4658" "Cct4" 112.393031963828 -0.169394765068805 -0.818603966854632 0.413012403012971 0.819414789796849 1 1 "Uqcrc2_noRT" "non-targeting_noRT"
"4659" "H2-Ke6" 10.0548170549581 0.486545257522947 0.818497076306603 0.413073410803177 NA 0.476190476190476 0.5 "Uqcrc2_noRT" "non-targeting_noRT"
"4660" "Ldha" 324.630041491595 0.15057186341708 0.818496450694672 0.413073767886957 0.819414789796849 1 1 "Uqcrc2_noRT" "non-targeting_noRT"
"4661" "Ptp4a1" 0.331224461219051 2.87833811611327 0.818115653674451 0.413291151311054 NA 0.0476190476190476 0 "Uqcrc2_noRT" "non-targeting_noRT"
"4662" "Ikzf2" 0.331224461219051 2.87833811611327 0.818115653674451 0.413291151311054 NA 0.0476190476190476 0 "Uqcrc2_noRT" "non-targeting_noRT"
"4663" "Vil1" 0.331224461219051 2.87833811611327 0.818115653674451 0.413291151311054 NA 0.0476190476190476 0 "Uqcrc2_noRT" "non-targeting_noRT"
"4664" "Rab17" 0.331224461219051 2.87833811611327 0.818115653674451 0.413291151311054 NA 0.0476190476190476 0 "Uqcrc2_noRT" "non-targeting_noRT"
"4665" "Cd34" 0.331224461219051 2.87833811611327 0.818115653674451 0.413291151311054 NA 0.0476190476190476 0 "Uqcrc2_noRT" "non-targeting_noRT"
"4666" "Crb2" 0.331224461219051 2.87833811611327 0.818115653674451 0.413291151311054 NA 0.0476190476190476 0 "Uqcrc2_noRT" "non-targeting_noRT"
"4667" "Gm13496" 0.331224461219051 2.87833811611327 0.818115653674451 0.413291151311054 NA 0.0476190476190476 0 "Uqcrc2_noRT" "non-targeting_noRT"
"4668" "1700019E08Rik" 0.331224461219051 2.87833811611327 0.818115653674451 0.413291151311054 NA 0.0476190476190476 0 "Uqcrc2_noRT" "non-targeting_noRT"
"4669" "Mpped2" 0.331224461219051 2.87833811611327 0.818115653674451 0.413291151311054 NA 0.0476190476190476 0 "Uqcrc2_noRT" "non-targeting_noRT"
"4670" "Cpxm1" 0.331224461219051 2.87833811611327 0.818115653674451 0.413291151311054 NA 0.0476190476190476 0 "Uqcrc2_noRT" "non-targeting_noRT"
"4671" "Oxt" 0.331224461219051 2.87833811611327 0.818115653674451 0.413291151311054 NA 0.0476190476190476 0 "Uqcrc2_noRT" "non-targeting_noRT"
"4672" "Spint4" 0.331224461219051 2.87833811611327 0.818115653674451 0.413291151311054 NA 0.0476190476190476 0 "Uqcrc2_noRT" "non-targeting_noRT"
"4673" "Gm43077" 0.331224461219051 2.87833811611327 0.818115653674451 0.413291151311054 NA 0.0476190476190476 0 "Uqcrc2_noRT" "non-targeting_noRT"
"4674" "Lor" 0.331224461219051 2.87833811611327 0.818115653674451 0.413291151311054 NA 0.0476190476190476 0 "Uqcrc2_noRT" "non-targeting_noRT"
"4675" "Hormad1" 0.331224461219051 2.87833811611327 0.818115653674451 0.413291151311054 NA 0.0476190476190476 0 "Uqcrc2_noRT" "non-targeting_noRT"
"4676" "Gm43696" 0.331224461219051 2.87833811611327 0.818115653674451 0.413291151311054 NA 0.0476190476190476 0 "Uqcrc2_noRT" "non-targeting_noRT"
"4677" "Gm12500" 0.331224461219051 2.87833811611327 0.818115653674451 0.413291151311054 NA 0.0476190476190476 0 "Uqcrc2_noRT" "non-targeting_noRT"
"4678" "Gm43653" 0.331224461219051 2.87833811611327 0.818115653674451 0.413291151311054 NA 0.0476190476190476 0 "Uqcrc2_noRT" "non-targeting_noRT"
"4679" "Cngb3" 0.331224461219051 2.87833811611327 0.818115653674451 0.413291151311054 NA 0.0476190476190476 0 "Uqcrc2_noRT" "non-targeting_noRT"
"4680" "Susd1" 0.331224461219051 2.87833811611327 0.818115653674451 0.413291151311054 NA 0.0476190476190476 0 "Uqcrc2_noRT" "non-targeting_noRT"
"4681" "Aldoart1" 0.331224461219051 2.87833811611327 0.818115653674451 0.413291151311054 NA 0.0476190476190476 0 "Uqcrc2_noRT" "non-targeting_noRT"
"4682" "9630013D21Rik" 0.331224461219051 2.87833811611327 0.818115653674451 0.413291151311054 NA 0.0476190476190476 0 "Uqcrc2_noRT" "non-targeting_noRT"
"4683" "Gm43728" 0.331224461219051 2.87833811611327 0.818115653674451 0.413291151311054 NA 0.0476190476190476 0 "Uqcrc2_noRT" "non-targeting_noRT"
"4684" "Lnx1" 0.331224461219051 2.87833811611327 0.818115653674451 0.413291151311054 NA 0.0476190476190476 0 "Uqcrc2_noRT" "non-targeting_noRT"
"4685" "Gm9484" 0.331224461219051 2.87833811611327 0.818115653674451 0.413291151311054 NA 0.0476190476190476 0 "Uqcrc2_noRT" "non-targeting_noRT"
"4686" "Arhgap24" 0.331224461219051 2.87833811611327 0.818115653674451 0.413291151311054 NA 0.0476190476190476 0 "Uqcrc2_noRT" "non-targeting_noRT"
"4687" "Castor2" 0.331224461219051 2.87833811611327 0.818115653674451 0.413291151311054 NA 0.0476190476190476 0 "Uqcrc2_noRT" "non-targeting_noRT"
"4688" "Gm43480" 0.331224461219051 2.87833811611327 0.818115653674451 0.413291151311054 NA 0.0476190476190476 0 "Uqcrc2_noRT" "non-targeting_noRT"
"4689" "Cyp3a13" 0.331224461219051 2.87833811611327 0.818115653674451 0.413291151311054 NA 0.0476190476190476 0 "Uqcrc2_noRT" "non-targeting_noRT"
"4690" "BC028471" 0.331224461219051 2.87833811611327 0.818115653674451 0.413291151311054 NA 0.0476190476190476 0 "Uqcrc2_noRT" "non-targeting_noRT"
"4691" "Gm13856" 0.331224461219051 2.87833811611327 0.818115653674451 0.413291151311054 NA 0.0476190476190476 0 "Uqcrc2_noRT" "non-targeting_noRT"
"4692" "Gm44175" 0.331224461219051 2.87833811611327 0.818115653674451 0.413291151311054 NA 0.0476190476190476 0 "Uqcrc2_noRT" "non-targeting_noRT"
"4693" "9530026P05Rik" 0.331224461219051 2.87833811611327 0.818115653674451 0.413291151311054 NA 0.0476190476190476 0 "Uqcrc2_noRT" "non-targeting_noRT"
"4694" "Lrtm2" 0.331224461219051 2.87833811611327 0.818115653674451 0.413291151311054 NA 0.0476190476190476 0 "Uqcrc2_noRT" "non-targeting_noRT"
"4695" "Styk1" 0.331224461219051 2.87833811611327 0.818115653674451 0.413291151311054 NA 0.0476190476190476 0 "Uqcrc2_noRT" "non-targeting_noRT"
"4696" "Prkcg" 0.331224461219051 2.87833811611327 0.818115653674451 0.413291151311054 NA 0.0476190476190476 0 "Uqcrc2_noRT" "non-targeting_noRT"
"4697" "Gm26802" 0.331224461219051 2.87833811611327 0.818115653674451 0.413291151311054 NA 0.0476190476190476 0 "Uqcrc2_noRT" "non-targeting_noRT"
"4698" "Gm44618" 0.331224461219051 2.87833811611327 0.818115653674451 0.413291151311054 NA 0.0476190476190476 0 "Uqcrc2_noRT" "non-targeting_noRT"
"4699" "Rinl" 0.331224461219051 2.87833811611327 0.818115653674451 0.413291151311054 NA 0.0476190476190476 0 "Uqcrc2_noRT" "non-targeting_noRT"
"4700" "Arhgap33" 0.331224461219051 2.87833811611327 0.818115653674451 0.413291151311054 NA 0.0476190476190476 0 "Uqcrc2_noRT" "non-targeting_noRT"
"4701" "Usp35" 0.331224461219051 2.87833811611327 0.818115653674451 0.413291151311054 NA 0.0476190476190476 0 "Uqcrc2_noRT" "non-targeting_noRT"
"4702" "Sept1" 0.331224461219051 2.87833811611327 0.818115653674451 0.413291151311054 NA 0.0476190476190476 0 "Uqcrc2_noRT" "non-targeting_noRT"
"4703" "Gm44759" 0.331224461219051 2.87833811611327 0.818115653674451 0.413291151311054 NA 0.0476190476190476 0 "Uqcrc2_noRT" "non-targeting_noRT"
"4704" "Gm44623" 0.331224461219051 2.87833811611327 0.818115653674451 0.413291151311054 NA 0.0476190476190476 0 "Uqcrc2_noRT" "non-targeting_noRT"
"4705" "Ifitm5" 0.331224461219051 2.87833811611327 0.818115653674451 0.413291151311054 NA 0.0476190476190476 0 "Uqcrc2_noRT" "non-targeting_noRT"
"4706" "Osbpl5" 0.331224461219051 2.87833811611327 0.818115653674451 0.413291151311054 NA 0.0476190476190476 0 "Uqcrc2_noRT" "non-targeting_noRT"
"4707" "AA386476" 0.331224461219051 2.87833811611327 0.818115653674451 0.413291151311054 NA 0.0476190476190476 0 "Uqcrc2_noRT" "non-targeting_noRT"
"4708" "Best2" 0.331224461219051 2.87833811611327 0.818115653674451 0.413291151311054 NA 0.0476190476190476 0 "Uqcrc2_noRT" "non-targeting_noRT"
"4709" "2010110E17Rik" 0.331224461219051 2.87833811611327 0.818115653674451 0.413291151311054 NA 0.0476190476190476 0 "Uqcrc2_noRT" "non-targeting_noRT"
"4710" "Ces5a" 0.331224461219051 2.87833811611327 0.818115653674451 0.413291151311054 NA 0.0476190476190476 0 "Uqcrc2_noRT" "non-targeting_noRT"
"4711" "Esrp2" 0.331224461219051 2.87833811611327 0.818115653674451 0.413291151311054 NA 0.0476190476190476 0 "Uqcrc2_noRT" "non-targeting_noRT"
"4712" "Gm50241" 0.331224461219051 2.87833811611327 0.818115653674451 0.413291151311054 NA 0.0476190476190476 0 "Uqcrc2_noRT" "non-targeting_noRT"
"4713" "Gm47204" 0.331224461219051 2.87833811611327 0.818115653674451 0.413291151311054 NA 0.0476190476190476 0 "Uqcrc2_noRT" "non-targeting_noRT"
"4714" "Jaml" 0.331224461219051 2.87833811611327 0.818115653674451 0.413291151311054 NA 0.0476190476190476 0 "Uqcrc2_noRT" "non-targeting_noRT"
"4715" "Gm1123" 0.331224461219051 2.87833811611327 0.818115653674451 0.413291151311054 NA 0.0476190476190476 0 "Uqcrc2_noRT" "non-targeting_noRT"
"4716" "1700102P08Rik" 0.331224461219051 2.87833811611327 0.818115653674451 0.413291151311054 NA 0.0476190476190476 0 "Uqcrc2_noRT" "non-targeting_noRT"
"4717" "Gm34655" 0.331224461219051 2.87833811611327 0.818115653674451 0.413291151311054 NA 0.0476190476190476 0 "Uqcrc2_noRT" "non-targeting_noRT"
"4718" "Gm38560" 0.331224461219051 2.87833811611327 0.818115653674451 0.413291151311054 NA 0.0476190476190476 0 "Uqcrc2_noRT" "non-targeting_noRT"
"4719" "1700093K21Rik" 0.331224461219051 2.87833811611327 0.818115653674451 0.413291151311054 NA 0.0476190476190476 0 "Uqcrc2_noRT" "non-targeting_noRT"
"4720" "Ebf1" 0.331224461219051 2.87833811611327 0.818115653674451 0.413291151311054 NA 0.0476190476190476 0 "Uqcrc2_noRT" "non-targeting_noRT"
"4721" "Gm12204" 0.331224461219051 2.87833811611327 0.818115653674451 0.413291151311054 NA 0.0476190476190476 0 "Uqcrc2_noRT" "non-targeting_noRT"
"4722" "Gm38534" 0.331224461219051 2.87833811611327 0.818115653674451 0.413291151311054 NA 0.0476190476190476 0 "Uqcrc2_noRT" "non-targeting_noRT"
"4723" "Cacnb1" 0.331224461219051 2.87833811611327 0.818115653674451 0.413291151311054 NA 0.0476190476190476 0 "Uqcrc2_noRT" "non-targeting_noRT"
"4724" "Gm11627" 0.331224461219051 2.87833811611327 0.818115653674451 0.413291151311054 NA 0.0476190476190476 0 "Uqcrc2_noRT" "non-targeting_noRT"
"4725" "Cacng5" 0.331224461219051 2.87833811611327 0.818115653674451 0.413291151311054 NA 0.0476190476190476 0 "Uqcrc2_noRT" "non-targeting_noRT"
"4726" "Smim5" 0.331224461219051 2.87833811611327 0.818115653674451 0.413291151311054 NA 0.0476190476190476 0 "Uqcrc2_noRT" "non-targeting_noRT"
"4727" "2900041M22Rik" 0.331224461219051 2.87833811611327 0.818115653674451 0.413291151311054 NA 0.0476190476190476 0 "Uqcrc2_noRT" "non-targeting_noRT"
"4728" "Gm46332" 0.331224461219051 2.87833811611327 0.818115653674451 0.413291151311054 NA 0.0476190476190476 0 "Uqcrc2_noRT" "non-targeting_noRT"
"4729" "Gm6566" 0.331224461219051 2.87833811611327 0.818115653674451 0.413291151311054 NA 0.0476190476190476 0 "Uqcrc2_noRT" "non-targeting_noRT"
"4730" "Amn" 0.331224461219051 2.87833811611327 0.818115653674451 0.413291151311054 NA 0.0476190476190476 0 "Uqcrc2_noRT" "non-targeting_noRT"
"4731" "Akr1c12" 0.331224461219051 2.87833811611327 0.818115653674451 0.413291151311054 NA 0.0476190476190476 0 "Uqcrc2_noRT" "non-targeting_noRT"
"4732" "Vmn1r213" 0.331224461219051 2.87833811611327 0.818115653674451 0.413291151311054 NA 0.0476190476190476 0 "Uqcrc2_noRT" "non-targeting_noRT"
"4733" "Gm48161" 0.331224461219051 2.87833811611327 0.818115653674451 0.413291151311054 NA 0.0476190476190476 0 "Uqcrc2_noRT" "non-targeting_noRT"
"4734" "Fbxl21" 0.331224461219051 2.87833811611327 0.818115653674451 0.413291151311054 NA 0.0476190476190476 0 "Uqcrc2_noRT" "non-targeting_noRT"
"4735" "Gfra2" 0.331224461219051 2.87833811611327 0.818115653674451 0.413291151311054 NA 0.0476190476190476 0 "Uqcrc2_noRT" "non-targeting_noRT"
"4736" "Otulinl" 0.331224461219051 2.87833811611327 0.818115653674451 0.413291151311054 NA 0.0476190476190476 0 "Uqcrc2_noRT" "non-targeting_noRT"
"4737" "Ctnnd2" 0.331224461219051 2.87833811611327 0.818115653674451 0.413291151311054 NA 0.0476190476190476 0 "Uqcrc2_noRT" "non-targeting_noRT"
"4738" "Cyth4" 0.331224461219051 2.87833811611327 0.818115653674451 0.413291151311054 NA 0.0476190476190476 0 "Uqcrc2_noRT" "non-targeting_noRT"
"4739" "Gpd1" 0.331224461219051 2.87833811611327 0.818115653674451 0.413291151311054 NA 0.0476190476190476 0 "Uqcrc2_noRT" "non-targeting_noRT"
"4740" "1110013H19Rik" 0.331224461219051 2.87833811611327 0.818115653674451 0.413291151311054 NA 0.0476190476190476 0 "Uqcrc2_noRT" "non-targeting_noRT"
"4741" "Amhr2" 0.331224461219051 2.87833811611327 0.818115653674451 0.413291151311054 NA 0.0476190476190476 0 "Uqcrc2_noRT" "non-targeting_noRT"
"4742" "Gm16861" 0.331224461219051 2.87833811611327 0.818115653674451 0.413291151311054 NA 0.0476190476190476 0 "Uqcrc2_noRT" "non-targeting_noRT"
"4743" "Aifm3" 0.331224461219051 2.87833811611327 0.818115653674451 0.413291151311054 NA 0.0476190476190476 0 "Uqcrc2_noRT" "non-targeting_noRT"
"4744" "Gm15420" 0.331224461219051 2.87833811611327 0.818115653674451 0.413291151311054 NA 0.0476190476190476 0 "Uqcrc2_noRT" "non-targeting_noRT"
"4745" "Fgd2" 0.331224461219051 2.87833811611327 0.818115653674451 0.413291151311054 NA 0.0476190476190476 0 "Uqcrc2_noRT" "non-targeting_noRT"
"4746" "Six2" 0.331224461219051 2.87833811611327 0.818115653674451 0.413291151311054 NA 0.0476190476190476 0 "Uqcrc2_noRT" "non-targeting_noRT"
"4747" "Colec12" 0.331224461219051 2.87833811611327 0.818115653674451 0.413291151311054 NA 0.0476190476190476 0 "Uqcrc2_noRT" "non-targeting_noRT"
"4748" "Lipg" 0.331224461219051 2.87833811611327 0.818115653674451 0.413291151311054 NA 0.0476190476190476 0 "Uqcrc2_noRT" "non-targeting_noRT"
"4749" "Catsperz" 0.331224461219051 2.87833811611327 0.818115653674451 0.413291151311054 NA 0.0476190476190476 0 "Uqcrc2_noRT" "non-targeting_noRT"
"4750" "Gm8369" 0.331224461219051 2.87833811611327 0.818115653674451 0.413291151311054 NA 0.0476190476190476 0 "Uqcrc2_noRT" "non-targeting_noRT"
"4751" "Trpm3" 0.331224461219051 2.87833811611327 0.818115653674451 0.413291151311054 NA 0.0476190476190476 0 "Uqcrc2_noRT" "non-targeting_noRT"
"4752" "Gm50394" 0.331224461219051 2.87833811611327 0.818115653674451 0.413291151311054 NA 0.0476190476190476 0 "Uqcrc2_noRT" "non-targeting_noRT"
"4753" "Gm6787" 0.331224461219051 2.87833811611327 0.818115653674451 0.413291151311054 NA 0.0476190476190476 0 "Uqcrc2_noRT" "non-targeting_noRT"
"4754" "Lmf1" 6.34792597669831 -0.618959125041753 -0.818039295378977 0.413334749688995 NA 0.333333333333333 0.535714285714286 "Uqcrc2_noRT" "non-targeting_noRT"
"4755" "Taf4b" 4.11820299038652 0.739871750192324 0.817857082766968 0.413438798823008 NA 0.19047619047619 0.267857142857143 "Uqcrc2_noRT" "non-targeting_noRT"
"4756" "Cdc123" 53.745941533421 -0.235725073268111 -0.817767448900178 0.413489988271277 0.819847422839742 0.904761904761905 0.982142857142857 "Uqcrc2_noRT" "non-targeting_noRT"
"4757" "Vrk2" 3.59523911723171 -0.849265058157821 -0.817338507030486 0.413735006746503 NA 0.19047619047619 0.339285714285714 "Uqcrc2_noRT" "non-targeting_noRT"
"4758" "Atp5h" 405.046729818215 0.107235003139007 0.817323453231964 0.413743607278269 0.819957397948983 1 1 "Uqcrc2_noRT" "non-targeting_noRT"
"4759" "Sugct" 2.12156440546153 -1.1577050393305 -0.817298364692582 0.413757941090385 NA 0.0952380952380952 0.178571428571429 "Uqcrc2_noRT" "non-targeting_noRT"
"4760" "Stat1" 48.8761094836348 -0.27369265663099 -0.816660276891727 0.414122597996832 0.820315610584437 0.857142857142857 0.964285714285714 "Uqcrc2_noRT" "non-targeting_noRT"
"4761" "Frat1" 1.89186980054921 1.12517335137924 0.81662372127545 0.414143494700024 NA 0.19047619047619 0.0892857142857143 "Uqcrc2_noRT" "non-targeting_noRT"
"4762" "Mtg2" 6.58690880562516 -0.617745785258945 -0.816099028089208 0.414443499771998 NA 0.333333333333333 0.5 "Uqcrc2_noRT" "non-targeting_noRT"
"4763" "AI837181" 8.62610891388089 -0.540292549890371 -0.815996940790109 0.414501885402791 NA 0.333333333333333 0.571428571428571 "Uqcrc2_noRT" "non-targeting_noRT"
"4764" "Abcb6" 2.03214141221858 -1.17727490110347 -0.815992926025048 0.414504181621228 NA 0.0952380952380952 0.25 "Uqcrc2_noRT" "non-targeting_noRT"
"4765" "Hip1" 5.86624609139951 0.61870604162713 0.815929294913074 0.4145405760211 NA 0.238095238095238 0.375 "Uqcrc2_noRT" "non-targeting_noRT"
"4766" "Cdipt" 18.8690018954976 0.371909166971819 0.815813813778833 0.414606631344701 0.820821185381849 0.714285714285714 0.857142857142857 "Uqcrc2_noRT" "non-targeting_noRT"
"4767" "Grpel2" 8.61224921425952 -0.540542952094979 -0.81580277154919 0.414612947837031 NA 0.428571428571429 0.589285714285714 "Uqcrc2_noRT" "non-targeting_noRT"
"4768" "Zfp553" 7.49303733158513 0.546894791584895 0.81577832709242 0.414626931014678 NA 0.428571428571429 0.5 "Uqcrc2_noRT" "non-targeting_noRT"
"4769" "Prps1l3" 4.04621258539019 0.730819029693604 0.81554781364136 0.414758807364682 NA 0.333333333333333 0.267857142857143 "Uqcrc2_noRT" "non-targeting_noRT"
"4770" "Ppdpf" 33.3269754951973 -0.275249295812239 -0.815520294641771 0.414774552593873 0.820821185381849 0.761904761904762 0.946428571428571 "Uqcrc2_noRT" "non-targeting_noRT"
"4771" "Dnajc30" 9.29409785186735 0.484024989658177 0.814987012928459 0.415079744021322 NA 0.666666666666667 0.517857142857143 "Uqcrc2_noRT" "non-targeting_noRT"
"4772" "Tpst1" 7.20916727148359 -0.590452931843631 -0.814827769992006 0.415170902777241 NA 0.333333333333333 0.517857142857143 "Uqcrc2_noRT" "non-targeting_noRT"
"4773" "Tgs1" 49.5879548587754 0.242743180117259 0.814323778304538 0.415459491212219 0.821210807031211 0.952380952380952 0.892857142857143 "Uqcrc2_noRT" "non-targeting_noRT"
"4774" "Clip3" 3.48562154423546 0.790255194373673 0.814293540581769 0.415476809267136 NA 0.19047619047619 0.196428571428571 "Uqcrc2_noRT" "non-targeting_noRT"
"4775" "Pqbp1" 18.2112607131756 0.34896286328342 0.814218133582765 0.415519998985188 0.821210807031211 0.666666666666667 0.767857142857143 "Uqcrc2_noRT" "non-targeting_noRT"
"4776" "Ube2g2" 14.7390888704707 -0.415107128228737 -0.814050869596277 0.415615809695306 0.821210807031211 0.571428571428571 0.75 "Uqcrc2_noRT" "non-targeting_noRT"
"4777" "Inpp5b" 3.56342317287519 -0.834226552540636 -0.813925645931048 0.415687547772223 NA 0.142857142857143 0.357142857142857 "Uqcrc2_noRT" "non-targeting_noRT"
"4778" "Snx6" 60.3214305620886 0.234066097774138 0.813790010553494 0.415765258755531 0.821210807031211 1 1 "Uqcrc2_noRT" "non-targeting_noRT"
"4779" "Mapk6" 7.71396053332431 -0.570594484943624 -0.813773423821037 0.415774762552806 NA 0.333333333333333 0.553571428571429 "Uqcrc2_noRT" "non-targeting_noRT"
"4780" "Cerk" 1.96815075996869 1.16764331715009 0.813767285723462 0.415778279567056 NA 0.142857142857143 0.107142857142857 "Uqcrc2_noRT" "non-targeting_noRT"
"4781" "Tarbp1" 0.731219988901407 1.83667020185649 0.813436035290018 0.415968105877903 NA 0.0952380952380952 0.0357142857142857 "Uqcrc2_noRT" "non-targeting_noRT"
"4782" "Epor" 0.731219988901407 1.83667020185649 0.813436035290018 0.415968105877903 NA 0.0476190476190476 0.0357142857142857 "Uqcrc2_noRT" "non-targeting_noRT"
"4783" "BC025920" 0.731219988901407 1.83667020185649 0.813436035290018 0.415968105877903 NA 0.0952380952380952 0.0357142857142857 "Uqcrc2_noRT" "non-targeting_noRT"
"4784" "Gm34552" 0.731219988901407 1.83667020185649 0.813436035290018 0.415968105877903 NA 0.0952380952380952 0.0357142857142857 "Uqcrc2_noRT" "non-targeting_noRT"
"4785" "Il1rapl1" 0.731219988901407 1.83667020185649 0.813436035290018 0.415968105877903 NA 0.0952380952380952 0.0357142857142857 "Uqcrc2_noRT" "non-targeting_noRT"
"4786" "Rasl11a" 5.83064150150186 0.642488581683811 0.813273120714743 0.416061484440611 NA 0.380952380952381 0.232142857142857 "Uqcrc2_noRT" "non-targeting_noRT"
"4787" "Aff1" 7.18185728651106 0.614764288285342 0.813103005616337 0.416159003368495 NA 0.476190476190476 0.410714285714286 "Uqcrc2_noRT" "non-targeting_noRT"
"4788" "Cdk9" 11.4144797040604 -0.460649714071353 -0.812649320786941 0.416419145350002 NA 0.428571428571429 0.696428571428571 "Uqcrc2_noRT" "non-targeting_noRT"
"4789" "Gin1" 2.0422362026368 -1.27106111324723 -0.812575626491838 0.416461410569777 NA 0.0952380952380952 0.267857142857143 "Uqcrc2_noRT" "non-targeting_noRT"
"4790" "A930024E05Rik" 0.686811268538945 -1.96424073287233 -0.812532679899674 0.416486042506025 NA 0 0.0892857142857143 "Uqcrc2_noRT" "non-targeting_noRT"
"4791" "Akap12" 6.02166321572798 -0.735403570214991 -0.812144059565233 0.416708974038432 NA 0.238095238095238 0.357142857142857 "Uqcrc2_noRT" "non-targeting_noRT"
"4792" "Rnf220" 15.744858566562 0.385502132510147 0.811503220084051 0.417076744440716 0.823408191076184 0.619047619047619 0.660714285714286 "Uqcrc2_noRT" "non-targeting_noRT"
"4793" "Cdc42ep1" 8.50996549224357 -0.527544914683432 -0.81144082562262 0.417112562124707 NA 0.380952380952381 0.553571428571429 "Uqcrc2_noRT" "non-targeting_noRT"
"4794" "Etaa1" 7.26902343788342 -0.584528480931824 -0.810692610930104 0.417542217737579 NA 0.19047619047619 0.482142857142857 "Uqcrc2_noRT" "non-targeting_noRT"
"4795" "Gm14399" 0.838655321626153 1.91312139130141 0.810545662149509 0.417626632394736 NA 0.0476190476190476 0.0357142857142857 "Uqcrc2_noRT" "non-targeting_noRT"
"4796" "A730011C13Rik" 0.838655321626153 1.91312139130141 0.810545662149509 0.417626632394736 NA 0.0476190476190476 0.0357142857142857 "Uqcrc2_noRT" "non-targeting_noRT"
"4797" "Ppargc1b" 0.838655321626153 1.91312139130141 0.810545662149509 0.417626632394736 NA 0.0476190476190476 0.0357142857142857 "Uqcrc2_noRT" "non-targeting_noRT"
"4798" "Cetn4" 5.0637533939145 -0.727236157655347 -0.810522510290362 0.417639932886122 NA 0.285714285714286 0.410714285714286 "Uqcrc2_noRT" "non-targeting_noRT"
"4799" "Klhdc3" 5.76700744014442 -0.653572086867653 -0.810459405712635 0.417676187047266 NA 0.285714285714286 0.446428571428571 "Uqcrc2_noRT" "non-targeting_noRT"
"4800" "Mrps25" 41.180006847048 0.247228621736827 0.81043586078768 0.417689714298499 0.824225101462656 0.857142857142857 0.946428571428571 "Uqcrc2_noRT" "non-targeting_noRT"
"4801" "Gm43462" 1.3275969059891 -1.52962186563974 -0.810268645793098 0.417785791652408 NA 0.0476190476190476 0.196428571428571 "Uqcrc2_noRT" "non-targeting_noRT"
"4802" "Prdm5" 10.4370050655781 0.459608823826791 0.809513028876292 0.418220111647771 NA 0.476190476190476 0.535714285714286 "Uqcrc2_noRT" "non-targeting_noRT"
"4803" "Gpr161" 0.733326344936405 1.82638474884545 0.809423176615139 0.418271775384663 NA 0.0952380952380952 0.0357142857142857 "Uqcrc2_noRT" "non-targeting_noRT"
"4804" "Cnksr1" 0.733326344936405 1.82638474884545 0.809423176615139 0.418271775384663 NA 0.0952380952380952 0.0357142857142857 "Uqcrc2_noRT" "non-targeting_noRT"
"4805" "Fzd9" 0.733326344936405 1.82638474884545 0.809423176615139 0.418271775384663 NA 0.0952380952380952 0.0357142857142857 "Uqcrc2_noRT" "non-targeting_noRT"
"4806" "Zfp975" 0.733326344936405 1.82638474884545 0.809423176615139 0.418271775384663 NA 0.0952380952380952 0.0357142857142857 "Uqcrc2_noRT" "non-targeting_noRT"
"4807" "Gm5431" 0.733326344936405 1.82638474884545 0.809423176615139 0.418271775384663 NA 0.0952380952380952 0.0357142857142857 "Uqcrc2_noRT" "non-targeting_noRT"
"4808" "C030037D09Rik" 0.733326344936405 1.82638474884545 0.809423176615139 0.418271775384663 NA 0.0952380952380952 0.0357142857142857 "Uqcrc2_noRT" "non-targeting_noRT"
"4809" "Dnajc11" 6.33731635417017 -0.622326573020962 -0.809243967027129 0.418374829499321 NA 0.285714285714286 0.517857142857143 "Uqcrc2_noRT" "non-targeting_noRT"
"4810" "Cuta" 83.47624603998 0.180452613329386 0.809185982765703 0.418408176433134 0.824697016177729 0.904761904761905 1 "Uqcrc2_noRT" "non-targeting_noRT"
"4811" "Clk4" 27.0837850593823 0.327779057743939 0.809164780224013 0.418420370473208 0.824697016177729 0.761904761904762 0.875 "Uqcrc2_noRT" "non-targeting_noRT"
"4812" "Kdsr" 9.34232367728416 0.480595017328382 0.809096632077331 0.418459565362401 NA 0.476190476190476 0.571428571428571 "Uqcrc2_noRT" "non-targeting_noRT"
"4813" "Ciao2a" 61.9719926792789 0.212701187735543 0.808979809055875 0.418526760264193 0.824697016177729 0.952380952380952 0.964285714285714 "Uqcrc2_noRT" "non-targeting_noRT"
"4814" "Loxl3" 6.42107986162791 -0.610570121993381 -0.808898913524714 0.418573293917861 NA 0.380952380952381 0.482142857142857 "Uqcrc2_noRT" "non-targeting_noRT"
"4815" "Tprgl" 19.5164786716842 0.376608144435124 0.807886075476423 0.419156167917035 0.824708495742982 0.761904761904762 0.696428571428571 "Uqcrc2_noRT" "non-targeting_noRT"
"4816" "Srrm2" 179.567000926931 0.144144900408426 0.807857912301268 0.419172382245867 0.824708495742982 1 1 "Uqcrc2_noRT" "non-targeting_noRT"
"4817" "Pex2" 15.8320333117443 0.408963364165588 0.807822950233863 0.419192511400662 0.824708495742982 0.666666666666667 0.660714285714286 "Uqcrc2_noRT" "non-targeting_noRT"
"4818" "Nipa1" 4.14254930993267 0.75926655580105 0.807732861049158 0.419244382210219 NA 0.285714285714286 0.214285714285714 "Uqcrc2_noRT" "non-targeting_noRT"
"4819" "Trnt1" 39.1100933783053 0.269491016461287 0.80751602978593 0.419369243006438 0.824708495742982 0.714285714285714 0.892857142857143 "Uqcrc2_noRT" "non-targeting_noRT"
"4820" "Kdm5b" 3.61397309997434 -0.869189811053859 -0.807455423200202 0.419404146803115 NA 0.19047619047619 0.392857142857143 "Uqcrc2_noRT" "non-targeting_noRT"
"4821" "Mlxipl" 1.7022113578472 1.26693207781092 0.807038058168339 0.419644556901821 NA 0.142857142857143 0.0714285714285714 "Uqcrc2_noRT" "non-targeting_noRT"
"4822" "Serpine1" 3.41363113923913 0.78033384725601 0.806949762829814 0.419695427055321 NA 0.238095238095238 0.142857142857143 "Uqcrc2_noRT" "non-targeting_noRT"
"4823" "Vps51" 2.42602307808216 0.914037526007889 0.806945618008307 0.419697815126699 NA 0.238095238095238 0.178571428571429 "Uqcrc2_noRT" "non-targeting_noRT"
"4824" "Htra2" 18.1742652910113 -0.378670691972323 -0.806889402641407 0.419730204839459 0.824708495742982 0.714285714285714 0.839285714285714 "Uqcrc2_noRT" "non-targeting_noRT"
"4825" "C030034I22Rik" 1.80716341698975 1.10023411718921 0.806812203929678 0.41977468695931 NA 0.142857142857143 0.125 "Uqcrc2_noRT" "non-targeting_noRT"
"4826" "Eif3h" 358.825382340689 0.107967145182809 0.806761031187593 0.419804174367562 0.824708495742982 1 1 "Uqcrc2_noRT" "non-targeting_noRT"
"4827" "Uba6" 8.38871760887912 -0.567834181051238 -0.806693134097189 0.419843300771704 NA 0.428571428571429 0.625 "Uqcrc2_noRT" "non-targeting_noRT"
"4828" "Mthfsd" 8.12786503706537 0.5117346011482 0.806409444316117 0.420006803140143 NA 0.571428571428571 0.464285714285714 "Uqcrc2_noRT" "non-targeting_noRT"
"4829" "Dcun1d5" 92.2518886367326 0.201996902842056 0.806401164265832 0.420011575843717 0.824708495742982 1 1 "Uqcrc2_noRT" "non-targeting_noRT"
"4830" "Banf1" 127.614912160167 -0.154449042809924 -0.806200941581786 0.420126995898068 0.824708495742982 1 1 "Uqcrc2_noRT" "non-targeting_noRT"
"4831" "Bbc3" 9.74445255266746 -0.491072587568407 -0.805802241141658 0.420356885619221 NA 0.476190476190476 0.607142857142857 "Uqcrc2_noRT" "non-targeting_noRT"
"4832" "Itgb5" 2.85422896481893 -0.970839209310557 -0.805160907575266 0.420726831994692 NA 0.0952380952380952 0.267857142857143 "Uqcrc2_noRT" "non-targeting_noRT"
"4833" "Ice1" 5.83601067394507 -0.674608930048613 -0.804933848683409 0.420857854279977 NA 0.19047619047619 0.517857142857143 "Uqcrc2_noRT" "non-targeting_noRT"
"4834" "Swsap1" 1.24479205604519 -1.4211111180551 -0.804519601534456 0.421096953561045 NA 0.0476190476190476 0.178571428571429 "Uqcrc2_noRT" "non-targeting_noRT"
"4835" "Dnah2os" 1.24479205604519 -1.4211111180551 -0.804519601534456 0.421096953561045 NA 0.0476190476190476 0.196428571428571 "Uqcrc2_noRT" "non-targeting_noRT"
"4836" "Enpp5" 4.68629149153889 0.69137994053224 0.804309289376413 0.421218374123326 NA 0.285714285714286 0.214285714285714 "Uqcrc2_noRT" "non-targeting_noRT"
"4837" "Tnfaip1" 20.9904085504209 -0.341940897878534 -0.803996625879276 0.421398923659631 0.82681306121553 0.714285714285714 0.839285714285714 "Uqcrc2_noRT" "non-targeting_noRT"
"4838" "Lin9" 5.84276064422607 -0.690525759166084 -0.803633767750562 0.421608515314684 NA 0.238095238095238 0.339285714285714 "Uqcrc2_noRT" "non-targeting_noRT"
"4839" "1600020E01Rik" 4.31991723093736 -0.773027564080228 -0.803609303311373 0.421622648498051 NA 0.19047619047619 0.375 "Uqcrc2_noRT" "non-targeting_noRT"
"4840" "Tram1" 37.304884150027 0.266256185530467 0.803167008120719 0.421878211737468 0.827361156478504 0.904761904761905 0.910714285714286 "Uqcrc2_noRT" "non-targeting_noRT"
"4841" "Palb2" 0.594495356874923 -1.7571095793086 -0.803030627737179 0.421957032205583 NA 0 0.125 "Uqcrc2_noRT" "non-targeting_noRT"
"4842" "Slain1" 0.594495356874923 -1.7571095793086 -0.803030627737179 0.421957032205583 NA 0 0.125 "Uqcrc2_noRT" "non-targeting_noRT"
"4843" "Gpr19" 4.36597178119392 -0.756925340387476 -0.802807226995336 0.422086164375388 NA 0.19047619047619 0.428571428571429 "Uqcrc2_noRT" "non-targeting_noRT"
"4844" "1700017B05Rik" 2.09141583865177 -1.15120596934039 -0.802677242848505 0.422161309677052 NA 0.0476190476190476 0.25 "Uqcrc2_noRT" "non-targeting_noRT"
"4845" "Tti1" 2.72811773282968 -0.97520309293408 -0.802640358525539 0.422182634348387 NA 0.0952380952380952 0.321428571428571 "Uqcrc2_noRT" "non-targeting_noRT"
"4846" "Mrps18c" 67.3947596080375 -0.211512277726712 -0.802603742586971 0.422203804477732 0.827478924610159 0.952380952380952 0.964285714285714 "Uqcrc2_noRT" "non-targeting_noRT"
"4847" "Mvb12b" 5.13297045842611 0.651900223240557 0.802584786142608 0.422214764713757 NA 0.333333333333333 0.321428571428571 "Uqcrc2_noRT" "non-targeting_noRT"
"4848" "Ei24" 10.5502555687943 0.471337370343617 0.80231535711148 0.422370561204316 NA 0.428571428571429 0.571428571428571 "Uqcrc2_noRT" "non-targeting_noRT"
"4849" "Tgfbi" 2.03105577463846 -1.15813099797688 -0.802216640207818 0.422427652375001 NA 0.0952380952380952 0.214285714285714 "Uqcrc2_noRT" "non-targeting_noRT"
"4850" "Cdh19" 17.4296322747191 0.370545367353006 0.802171627895015 0.422453685948753 0.827478924610159 0.714285714285714 0.678571428571429 "Uqcrc2_noRT" "non-targeting_noRT"
"4851" "Nhlrc2" 6.40102123832069 -0.636130380944644 -0.802065819922555 0.422514885343163 NA 0.238095238095238 0.446428571428571 "Uqcrc2_noRT" "non-targeting_noRT"
"4852" "Rab5c" 43.1590302583115 -0.252225126377142 -0.802010016463069 0.42254716418944 0.827478924610159 0.857142857142857 0.928571428571429 "Uqcrc2_noRT" "non-targeting_noRT"
"4853" "Dlk2" 1.37651741361561 1.18597873751611 0.801852157989197 0.422638483366433 NA 0.142857142857143 0.0892857142857143 "Uqcrc2_noRT" "non-targeting_noRT"
"4854" "Shroom4" 1.37651741361561 1.18597873751611 0.801852157989197 0.422638483366433 NA 0.142857142857143 0.0714285714285714 "Uqcrc2_noRT" "non-targeting_noRT"
"4855" "Far1" 11.4664292558931 -0.458801205844854 -0.801419180003061 0.422889015116192 NA 0.571428571428571 0.553571428571429 "Uqcrc2_noRT" "non-targeting_noRT"
"4856" "Mbp" 19.8251113935036 0.35865916347556 0.801361848207154 0.422922195227567 0.827478924610159 0.666666666666667 0.535714285714286 "Uqcrc2_noRT" "non-targeting_noRT"
"4857" "Pabpc1" 472.563956808561 0.110715384228068 0.801224233121704 0.423001844581953 0.827478924610159 1 1 "Uqcrc2_noRT" "non-targeting_noRT"
"4858" "Sidt2" 4.96729167803719 -0.723554873639357 -0.801195679387964 0.423018372114953 NA 0.285714285714286 0.482142857142857 "Uqcrc2_noRT" "non-targeting_noRT"
"4859" "Sart1" 9.98770816587388 -0.500444450230216 -0.801127173007285 0.423058026665976 NA 0.476190476190476 0.607142857142857 "Uqcrc2_noRT" "non-targeting_noRT"
"4860" "Slc4a3" 1.20353195782527 -1.42978995342836 -0.801106828142538 0.423069803600963 NA 0.0476190476190476 0.142857142857143 "Uqcrc2_noRT" "non-targeting_noRT"
"4861" "Ubr7" 7.75202863792912 -0.554527745653639 -0.801091817541769 0.423078492839013 NA 0.428571428571429 0.607142857142857 "Uqcrc2_noRT" "non-targeting_noRT"
"4862" "Atp13a1" 7.83832256795073 -0.54107018529283 -0.801059307312789 0.423097312505196 NA 0.380952380952381 0.571428571428571 "Uqcrc2_noRT" "non-targeting_noRT"
"4863" "Rpl7a" 1139.31390467263 -0.105188685753519 -0.800988873694033 0.423138087113363 0.827478924610159 1 1 "Uqcrc2_noRT" "non-targeting_noRT"
"4864" "Rgs3" 0.592389000839925 -1.75284645460924 -0.800537368478847 0.423399521876297 NA 0 0.125 "Uqcrc2_noRT" "non-targeting_noRT"
"4865" "Cabp1" 0.592389000839925 -1.75284645460924 -0.800537368478847 0.423399521876297 NA 0 0.125 "Uqcrc2_noRT" "non-targeting_noRT"
"4866" "Zfp839" 0.592389000839925 -1.75284645460924 -0.800537368478847 0.423399521876297 NA 0 0.125 "Uqcrc2_noRT" "non-targeting_noRT"
"4867" "Prdm15" 0.592389000839925 -1.75284645460924 -0.800537368478847 0.423399521876297 NA 0 0.125 "Uqcrc2_noRT" "non-targeting_noRT"
"4868" "B230312C02Rik" 0.667272324257325 -1.92726910890906 -0.80052696392942 0.423405547529736 NA 0 0.0535714285714286 "Uqcrc2_noRT" "non-targeting_noRT"
"4869" "Adamts10" 0.667272324257325 -1.92726910890906 -0.80052696392942 0.423405547529736 NA 0 0.0892857142857143 "Uqcrc2_noRT" "non-targeting_noRT"
"4870" "Tmco3" 7.75348599418573 0.570206974885442 0.800513531489931 0.42341332681879 NA 0.380952380952381 0.446428571428571 "Uqcrc2_noRT" "non-targeting_noRT"
"4871" "Aen" 11.387962109354 -0.459454110741131 -0.800294816594612 0.423540005556794 NA 0.476190476190476 0.678571428571429 "Uqcrc2_noRT" "non-targeting_noRT"
"4872" "Helb" 6.07010842356856 0.639712119185112 0.800101569183994 0.423651952088418 NA 0.476190476190476 0.339285714285714 "Uqcrc2_noRT" "non-targeting_noRT"
"4873" "Exo5" 4.34105664490903 -0.747261533241232 -0.800017133205291 0.423700870545135 NA 0.238095238095238 0.428571428571429 "Uqcrc2_noRT" "non-targeting_noRT"
"4874" "Dbr1" 10.1943130693526 -0.492482904573973 -0.799716459596737 0.423875094317224 NA 0.428571428571429 0.625 "Uqcrc2_noRT" "non-targeting_noRT"
"4875" "Ptcd3" 11.9689734002204 -0.44936994445554 -0.799705520996034 0.423881433422885 NA 0.380952380952381 0.767857142857143 "Uqcrc2_noRT" "non-targeting_noRT"
"4876" "Rnf2" 5.2675051258239 0.663703501445366 0.799655598416718 0.423910365113062 NA 0.333333333333333 0.303571428571429 "Uqcrc2_noRT" "non-targeting_noRT"
"4877" "Ppcs" 15.286183275641 0.381380255510767 0.799554548781909 0.423968930059867 0.828712060740542 0.619047619047619 0.678571428571429 "Uqcrc2_noRT" "non-targeting_noRT"
"4878" "Msrb2" 0.674173132328957 -1.94049886166796 -0.799480713038418 0.424011725748717 NA 0 0.107142857142857 "Uqcrc2_noRT" "non-targeting_noRT"
"4879" "Cpt1c" 1.3786237696506 1.18202748079115 0.799205570160129 0.424171222640912 NA 0.142857142857143 0.0892857142857143 "Uqcrc2_noRT" "non-targeting_noRT"
"4880" "Snx25" 4.33836854890739 -0.746143840954501 -0.799108751170514 0.424227355744049 NA 0.19047619047619 0.410714285714286 "Uqcrc2_noRT" "non-targeting_noRT"
"4881" "Iqsec1" 0.601396164946555 -1.77141239724441 -0.799058623047653 0.424256420417413 NA 0 0.125 "Uqcrc2_noRT" "non-targeting_noRT"
"4882" "Rasip1" 0.601396164946555 -1.77141239724441 -0.799058623047653 0.424256420417413 NA 0 0.107142857142857 "Uqcrc2_noRT" "non-targeting_noRT"
"4883" "Cntnap1" 0.601396164946555 -1.77141239724441 -0.799058623047653 0.424256420417413 NA 0 0.125 "Uqcrc2_noRT" "non-targeting_noRT"
"4884" "Sco2" 20.5785129402108 -0.352098934589898 -0.79864904930912 0.424493938052994 0.829313963742963 0.619047619047619 0.839285714285714 "Uqcrc2_noRT" "non-targeting_noRT"
"4885" "Pdcl" 5.45706393296766 0.674201430323991 0.798329162202003 0.424679499181798 NA 0.476190476190476 0.339285714285714 "Uqcrc2_noRT" "non-targeting_noRT"
"4886" "Arl4a" 31.9390784280654 -0.316275531252232 -0.798181245245601 0.424765319344274 0.829313963742963 0.761904761904762 0.892857142857143 "Uqcrc2_noRT" "non-targeting_noRT"
"4887" "Nkapd1" 13.5183383244488 0.412426609668073 0.797835396659337 0.424966017300539 0.829313963742963 0.619047619047619 0.660714285714286 "Uqcrc2_noRT" "non-targeting_noRT"
"4888" "Agps" 7.56835963349077 0.515847765922167 0.797386694917308 0.425226484085857 NA 0.476190476190476 0.446428571428571 "Uqcrc2_noRT" "non-targeting_noRT"
"4889" "Med7" 17.7967419260892 0.352929815607411 0.797192801437826 0.42533906611557 0.829313963742963 0.666666666666667 0.714285714285714 "Uqcrc2_noRT" "non-targeting_noRT"
"4890" "Nedd1" 5.70541090076036 -0.659178607435241 -0.797101847478405 0.425391883487838 NA 0.238095238095238 0.428571428571429 "Uqcrc2_noRT" "non-targeting_noRT"
"4891" "Trim65" 0.603502520981553 -1.77573868143351 -0.796672947499009 0.425640999232361 NA 0 0.107142857142857 "Uqcrc2_noRT" "non-targeting_noRT"
"4892" "Vegfd" 0.603502520981553 -1.77573868143351 -0.796672947499009 0.425640999232361 NA 0 0.0892857142857143 "Uqcrc2_noRT" "non-targeting_noRT"
"4893" "Pafah1b3" 19.3279139542321 -0.354062703580723 -0.79659681704293 0.425685226586764 0.829313963742963 0.619047619047619 0.910714285714286 "Uqcrc2_noRT" "non-targeting_noRT"
"4894" "Pigk" 16.1823288953767 0.373918179478898 0.796396351653135 0.425801698115508 0.829313963742963 0.714285714285714 0.678571428571429 "Uqcrc2_noRT" "non-targeting_noRT"
"4895" "Ubd" 15.096355657225 -0.416488916976159 -0.796387801675895 0.425806666114285 0.829313963742963 0.476190476190476 0.714285714285714 "Uqcrc2_noRT" "non-targeting_noRT"
"4896" "B020010K11Rik" 0.690081104507218 -1.97083280967271 -0.796262477318319 0.425879490219813 NA 0 0.142857142857143 "Uqcrc2_noRT" "non-targeting_noRT"
"4897" "Atp11b" 15.3258969645874 0.408800552566062 0.796261295265561 0.425880177127548 0.829313963742963 0.619047619047619 0.625 "Uqcrc2_noRT" "non-targeting_noRT"
"4898" "Aifm1" 7.83084001991246 -0.539237946466964 -0.795647894767243 0.426236720126594 NA 0.380952380952381 0.589285714285714 "Uqcrc2_noRT" "non-targeting_noRT"
"4899" "Gm20234" 0.740227153008037 1.79121236647333 0.795534334710742 0.426302746738098 NA 0.0952380952380952 0.0357142857142857 "Uqcrc2_noRT" "non-targeting_noRT"
"4900" "Srp54c" 0.740227153008037 1.79121236647333 0.795534334710742 0.426302746738098 NA 0.0952380952380952 0.0357142857142857 "Uqcrc2_noRT" "non-targeting_noRT"
"4901" "Slc9a6" 2.232074080957 0.992798588139432 0.795413513198702 0.42637300188807 NA 0.19047619047619 0.160714285714286 "Uqcrc2_noRT" "non-targeting_noRT"
"4902" "Has2" 62.7818098584269 0.266585007860671 0.795366114102752 0.426400565302389 0.829645102646101 0.80952380952381 0.910714285714286 "Uqcrc2_noRT" "non-targeting_noRT"
"4903" "Rab3d" 2.51544408259364 0.968545651636741 0.795094398492525 0.426558592797038 NA 0.238095238095238 0.178571428571429 "Uqcrc2_noRT" "non-targeting_noRT"
"4904" "mt-Co3" 655.801873589975 -0.146909881737591 -0.794357646489287 0.426987253307287 0.829645102646101 1 1 "Uqcrc2_noRT" "non-targeting_noRT"
"4905" "Gm12184" 3.47442819300922 0.823993290964023 0.794273586430842 0.427036177476036 NA 0.19047619047619 0.214285714285714 "Uqcrc2_noRT" "non-targeting_noRT"
"4906" "Cetn3" 39.0933517819203 -0.262561735092225 -0.794201278595803 0.427078264294431 0.829645102646101 0.80952380952381 0.964285714285714 "Uqcrc2_noRT" "non-targeting_noRT"
"4907" "Dnpep" 10.3554906756337 0.449539989921594 0.794187492024441 0.427086289050846 NA 0.666666666666667 0.589285714285714 "Uqcrc2_noRT" "non-targeting_noRT"
"4908" "Kif13a" 2.47316326591884 0.917151832038216 0.794152440446803 0.427106691935659 NA 0.238095238095238 0.142857142857143 "Uqcrc2_noRT" "non-targeting_noRT"
"4909" "Pgk1" 595.013227299105 0.115645400165462 0.794058971625057 0.427161101210594 0.829645102646101 1 1 "Uqcrc2_noRT" "non-targeting_noRT"
"4910" "Mbd1" 4.02827808826155 0.720617001400538 0.794030815201489 0.427177492179722 NA 0.333333333333333 0.267857142857143 "Uqcrc2_noRT" "non-targeting_noRT"
"4911" "Ccdc25" 19.8390255228344 0.360844683489288 0.793981048458676 0.427206464267711 0.829645102646101 0.619047619047619 0.767857142857143 "Uqcrc2_noRT" "non-targeting_noRT"
"4912" "Dok1" 11.3873803693873 -0.459212001628293 -0.793969298912296 0.427213304522583 NA 0.571428571428571 0.660714285714286 "Uqcrc2_noRT" "non-targeting_noRT"
"4913" "Larp1" 49.7012997198719 -0.225672692830915 -0.793900783962478 0.427253193266999 0.829645102646101 0.761904761904762 0.892857142857143 "Uqcrc2_noRT" "non-targeting_noRT"
"4914" "Slc41a3" 1.91046586872911 1.0952959674001 0.793728976128472 0.427353227676628 NA 0.142857142857143 0.107142857142857 "Uqcrc2_noRT" "non-targeting_noRT"
"4915" "Rnf5" 19.0253927845697 -0.387343128488627 -0.793541824016424 0.427462211753988 0.829661647391184 0.571428571428571 0.839285714285714 "Uqcrc2_noRT" "non-targeting_noRT"
"4916" "Gm12940" 1.85329779833092 1.08106603328602 0.793466421494558 0.427506125393718 NA 0.19047619047619 0.125 "Uqcrc2_noRT" "non-targeting_noRT"
"4917" "Nek4" 2.80650504828415 -0.942332691833837 -0.793263197490923 0.427624494010115 NA 0.142857142857143 0.303571428571429 "Uqcrc2_noRT" "non-targeting_noRT"
"4918" "Gpi1" 141.187585496459 0.149947670823604 0.793161866270194 0.427683521906443 0.829702022338894 1 1 "Uqcrc2_noRT" "non-targeting_noRT"
"4919" "Tmem39a" 7.81972649977083 -0.536710216170052 -0.793096185811393 0.427721784902617 NA 0.333333333333333 0.517857142857143 "Uqcrc2_noRT" "non-targeting_noRT"
"4920" "Tmem62" 0.659789776219055 -1.91264931159559 -0.792466155977447 0.428088918138412 NA 0 0.107142857142857 "Uqcrc2_noRT" "non-targeting_noRT"
"4921" "Gm11361" 0.659789776219055 -1.91264931159559 -0.792466155977447 0.428088918138412 NA 0 0.142857142857143 "Uqcrc2_noRT" "non-targeting_noRT"
"4922" "Pars2" 0.585488192768293 -1.73855810498803 -0.79223170361393 0.428225585869551 NA 0 0.107142857142857 "Uqcrc2_noRT" "non-targeting_noRT"
"4923" "Trim3" 0.585488192768293 -1.73855810498803 -0.79223170361393 0.428225585869551 NA 0 0.107142857142857 "Uqcrc2_noRT" "non-targeting_noRT"
"4924" "Gm10827" 0.585488192768293 -1.73855810498803 -0.79223170361393 0.428225585869551 NA 0 0.125 "Uqcrc2_noRT" "non-targeting_noRT"
"4925" "Hist1h2ac" 0.585488192768293 -1.73855810498803 -0.79223170361393 0.428225585869551 NA 0 0.125 "Uqcrc2_noRT" "non-targeting_noRT"
"4926" "Zranb3" 1.21733357396853 -1.44747010028287 -0.792188390911948 0.428250836628386 NA 0.0476190476190476 0.142857142857143 "Uqcrc2_noRT" "non-targeting_noRT"
"4927" "Plekhf1" 1.94322270045589 1.12293020051743 0.792126374929843 0.428286992671969 NA 0.142857142857143 0.107142857142857 "Uqcrc2_noRT" "non-targeting_noRT"
"4928" "Zfp623" 3.03158303191332 0.845235312117271 0.791972690610211 0.428376600084155 NA 0.285714285714286 0.232142857142857 "Uqcrc2_noRT" "non-targeting_noRT"
"4929" "Cwc27" 7.96762094663943 -0.547790070902135 -0.791923869460134 0.428405068100692 NA 0.428571428571429 0.607142857142857 "Uqcrc2_noRT" "non-targeting_noRT"
"4930" "Pdxp" 18.9597568689085 -0.349795530041599 -0.791899358890474 0.428419360831662 0.829776403702733 0.523809523809524 0.75 "Uqcrc2_noRT" "non-targeting_noRT"
"4931" "Nrbp1" 22.2352806520784 -0.325969247145987 -0.791886929740685 0.428426608688196 0.829776403702733 0.666666666666667 0.875 "Uqcrc2_noRT" "non-targeting_noRT"
"4932" "Rnf19b" 10.1615562376258 -0.49723038998689 -0.791824608964023 0.428462951111013 NA 0.523809523809524 0.589285714285714 "Uqcrc2_noRT" "non-targeting_noRT"
"4933" "Napepld" 0.599289808911557 -1.76720656110692 -0.791779347402591 0.42848934655977 NA 0 0.0714285714285714 "Uqcrc2_noRT" "non-targeting_noRT"
"4934" "Cpa2" 0.599289808911557 -1.76720656110692 -0.791779347402591 0.42848934655977 NA 0 0.125 "Uqcrc2_noRT" "non-targeting_noRT"
"4935" "E2f4" 17.4481588027434 -0.357651256091605 -0.791499328396062 0.428652667905591 0.829776403702733 0.666666666666667 0.678571428571429 "Uqcrc2_noRT" "non-targeting_noRT"
"4936" "Zfp777" 2.87057392675397 -0.928820849150387 -0.791488621612712 0.428658913365528 NA 0.0952380952380952 0.392857142857143 "Uqcrc2_noRT" "non-targeting_noRT"
"4937" "Rab12" 15.9178109111938 0.367902372377575 0.791213994381229 0.42881912647386 0.829776403702733 0.666666666666667 0.732142857142857 "Uqcrc2_noRT" "non-targeting_noRT"
"4938" "Stk3" 17.4155418743108 -0.37035957562222 -0.790970959458285 0.428960938176763 0.829776403702733 0.571428571428571 0.678571428571429 "Uqcrc2_noRT" "non-targeting_noRT"
"4939" "Recql" 8.50678606990131 0.499650814430921 0.790726080981944 0.429103853173915 NA 0.523809523809524 0.464285714285714 "Uqcrc2_noRT" "non-targeting_noRT"
"4940" "Hnrnph3" 17.1069125784553 0.352025773773395 0.790537021928606 0.429214209994506 0.829776403702733 0.619047619047619 0.767857142857143 "Uqcrc2_noRT" "non-targeting_noRT"
"4941" "Tdg" 13.755890972288 -0.421925171764232 -0.79033212059649 0.429333832835022 0.829776403702733 0.571428571428571 0.785714285714286 "Uqcrc2_noRT" "non-targeting_noRT"
"4942" "Med8" 80.5986471646534 -0.204879524397805 -0.79028513339649 0.429361267024002 0.829776403702733 1 0.982142857142857 "Uqcrc2_noRT" "non-targeting_noRT"
"4943" "Kif7" 1.38552457772224 1.16844834570604 0.790066009671923 0.42948921918506 NA 0.142857142857143 0.0892857142857143 "Uqcrc2_noRT" "non-targeting_noRT"
"4944" "Tdrd7" 8.02856275061938 -0.547259949984336 -0.789833099938508 0.429625245650443 NA 0.333333333333333 0.571428571428571 "Uqcrc2_noRT" "non-targeting_noRT"
"4945" "Ppwd1" 8.50932368006736 -0.516838031430397 -0.789626636426495 0.429745847631864 NA 0.428571428571429 0.553571428571429 "Uqcrc2_noRT" "non-targeting_noRT"
"4946" "Crebbp" 10.7113833312682 -0.486277563682692 -0.789557845282974 0.429786035119833 NA 0.428571428571429 0.607142857142857 "Uqcrc2_noRT" "non-targeting_noRT"
"4947" "Scap" 4.16032752396049 -0.748903153415627 -0.789180286041018 0.430006642458456 NA 0.238095238095238 0.446428571428571 "Uqcrc2_noRT" "non-targeting_noRT"
"4948" "Arrb1" 3.98643426134352 0.735335153672941 0.789087551362102 0.43006083725924 NA 0.142857142857143 0.232142857142857 "Uqcrc2_noRT" "non-targeting_noRT"
"4949" "Arhgef12" 22.6838233638461 -0.34178284060725 -0.789025164783615 0.430097298647438 0.829776403702733 0.571428571428571 0.785714285714286 "Uqcrc2_noRT" "non-targeting_noRT"
"4950" "Nras" 24.893782258099 -0.301415913330006 -0.788975300494539 0.430126442764039 0.829776403702733 0.666666666666667 0.928571428571429 "Uqcrc2_noRT" "non-targeting_noRT"
"4951" "Rap2a" 16.5298878743037 0.377319986633951 0.788619792238017 0.430334259441945 0.829776403702733 0.619047619047619 0.785714285714286 "Uqcrc2_noRT" "non-targeting_noRT"
"4952" "Itgb8" 2.86846757071897 -0.927374919194178 -0.788591432859592 0.430350839771487 NA 0.142857142857143 0.303571428571429 "Uqcrc2_noRT" "non-targeting_noRT"
"4953" "Eaf2" 0.596601712909921 -1.76150959180842 -0.788554602524239 0.430372373205143 NA 0 0.107142857142857 "Uqcrc2_noRT" "non-targeting_noRT"
"4954" "Tnnt1" 1.85751051040092 1.07466461717231 0.788531728552445 0.430385747146605 NA 0.142857142857143 0.107142857142857 "Uqcrc2_noRT" "non-targeting_noRT"
"4955" "Tsta3" 41.5665248983551 -0.236355745082038 -0.788031027339133 0.430678557288925 0.829776403702733 0.857142857142857 0.964285714285714 "Uqcrc2_noRT" "non-targeting_noRT"
"4956" "Il17rc" 13.8798239108539 0.398553400566226 0.787998128483461 0.430697800590595 0.829776403702733 0.714285714285714 0.678571428571429 "Uqcrc2_noRT" "non-targeting_noRT"
"4957" "Tfdp1" 17.339961558612 -0.402471094269052 -0.787685818462343 0.430880502791547 0.829776403702733 0.476190476190476 0.785714285714286 "Uqcrc2_noRT" "non-targeting_noRT"
"4958" "Golga2" 6.02796552145648 0.607622495213117 0.787640143354678 0.430907226620059 NA 0.380952380952381 0.446428571428571 "Uqcrc2_noRT" "non-targeting_noRT"
"4959" "Arih1" 16.459568302136 -0.38513327965164 -0.7875540088114 0.430957625280723 0.829776403702733 0.476190476190476 0.767857142857143 "Uqcrc2_noRT" "non-targeting_noRT"
"4960" "Pik3r4" 2.81609395235742 -0.947769028814707 -0.787538395552271 0.430966761207467 NA 0.142857142857143 0.321428571428571 "Uqcrc2_noRT" "non-targeting_noRT"
"4961" "Glt8d1" 8.11842088320197 0.49400105362945 0.787295562659241 0.431108866662166 NA 0.428571428571429 0.482142857142857 "Uqcrc2_noRT" "non-targeting_noRT"
"4962" "Plgrkt" 46.1852364705091 0.221922625975132 0.787219157214034 0.431153584636798 0.829776403702733 1 0.946428571428571 "Uqcrc2_noRT" "non-targeting_noRT"
"4963" "A330074K22Rik" 0.681073940400589 -1.95374809065602 -0.787121056247339 0.431211004338487 NA 0 0.0535714285714286 "Uqcrc2_noRT" "non-targeting_noRT"
"4964" "Zfp358" 3.99217158948188 0.731888639670853 0.786627917315927 0.431499711778479 NA 0.380952380952381 0.285714285714286 "Uqcrc2_noRT" "non-targeting_noRT"
"4965" "Rabggta" 9.60291025444748 0.495416597385187 0.786621153992587 0.431503672134616 NA 0.571428571428571 0.517857142857143 "Uqcrc2_noRT" "non-targeting_noRT"
"4966" "Tnpo2" 13.5195638653231 0.392925123100119 0.786537117735412 0.431552882467406 0.829776403702733 0.666666666666667 0.660714285714286 "Uqcrc2_noRT" "non-targeting_noRT"
"4967" "Pdrg1" 43.9758812723768 -0.244586903936129 -0.786405418138377 0.43163001025832 0.829776403702733 0.857142857142857 0.946428571428571 "Uqcrc2_noRT" "non-targeting_noRT"
"4968" "Ube2v2" 34.3161385335062 0.267955579784157 0.786237777042159 0.431728198177152 0.829776403702733 0.904761904761905 0.910714285714286 "Uqcrc2_noRT" "non-targeting_noRT"
"4969" "Mief1" 4.96010820519297 -0.680203266907276 -0.786119658140421 0.431797388562861 NA 0.238095238095238 0.428571428571429 "Uqcrc2_noRT" "non-targeting_noRT"
"4970" "Ybey" 3.51954185589552 0.8020143974211 0.785704242252287 0.432040777324326 NA 0.285714285714286 0.232142857142857 "Uqcrc2_noRT" "non-targeting_noRT"
"4971" "Cops5" 49.5735110452922 -0.224461349948576 -0.785656774743065 0.432068593207013 0.829776403702733 0.857142857142857 0.982142857142857 "Uqcrc2_noRT" "non-targeting_noRT"
"4972" "Zfp414" 4.23115441840872 0.697313179954567 0.785135708906717 0.432374005124265 NA 0.238095238095238 0.25 "Uqcrc2_noRT" "non-targeting_noRT"
"4973" "Gbp3" 60.3504134247418 -0.260787934865524 -0.78512829928981 0.432378349018583 0.829776403702733 0.904761904761905 0.910714285714286 "Uqcrc2_noRT" "non-targeting_noRT"
"4974" "Micu1" 6.28263155735418 -0.592484924981295 -0.785112605103737 0.432387549832184 NA 0.333333333333333 0.535714285714286 "Uqcrc2_noRT" "non-targeting_noRT"
"4975" "Atad2b" 5.95797827436543 0.584705380177721 0.784836289691499 0.432549560019154 NA 0.285714285714286 0.392857142857143 "Uqcrc2_noRT" "non-targeting_noRT"
"4976" "2310040G24Rik" 1.97737877304944 -1.11270779124521 -0.784595868977507 0.432690552892786 NA 0.0952380952380952 0.267857142857143 "Uqcrc2_noRT" "non-targeting_noRT"
"4977" "Usf1" 18.1154278862466 0.340277544205739 0.784300770674606 0.432863647376444 0.829776403702733 0.80952380952381 0.803571428571429 "Uqcrc2_noRT" "non-targeting_noRT"
"4978" "Cxcl9" 1.85141068640536 1.32695734324704 0.783935422857836 0.433078003309698 NA 0.0476190476190476 0.0357142857142857 "Uqcrc2_noRT" "non-targeting_noRT"
"4979" "Taf8" 3.00303891225654 0.824681548936633 0.783927887529964 0.433082425064236 NA 0.285714285714286 0.196428571428571 "Uqcrc2_noRT" "non-targeting_noRT"
"4980" "Ilf3" 22.177690121313 0.315760858609296 0.783882653024167 0.433108969366194 0.829776403702733 0.761904761904762 0.839285714285714 "Uqcrc2_noRT" "non-targeting_noRT"
"4981" "Sec62" 105.050537247829 0.170619267105708 0.783526516887153 0.433317988390283 0.829776403702733 1 1 "Uqcrc2_noRT" "non-targeting_noRT"
"4982" "Nab1" 6.99822267586858 -0.561286669794606 -0.783432033840122 0.43337345100481 NA 0.380952380952381 0.464285714285714 "Uqcrc2_noRT" "non-targeting_noRT"
"4983" "Cdh2" 9.08380389280716 0.483066816290178 0.783421445868285 0.433379666519548 NA 0.523809523809524 0.428571428571429 "Uqcrc2_noRT" "non-targeting_noRT"
"4984" "Thoc2" 29.0854189719152 0.279149086245921 0.783258836889613 0.433475130229366 0.829776403702733 0.904761904761905 0.857142857142857 "Uqcrc2_noRT" "non-targeting_noRT"
"4985" "Cenpp" 12.4799260679969 -0.43334645362557 -0.783251314362866 0.433479546813053 NA 0.380952380952381 0.589285714285714 "Uqcrc2_noRT" "non-targeting_noRT"
"4986" "Gbp5" 35.0260092665455 -0.33008466681641 -0.783250997027266 0.433479733125921 0.829776403702733 0.619047619047619 0.803571428571429 "Uqcrc2_noRT" "non-targeting_noRT"
"4987" "Trip11" 17.3932206131646 0.345907086167211 0.783034259102163 0.433606994287313 0.829776403702733 0.666666666666667 0.714285714285714 "Uqcrc2_noRT" "non-targeting_noRT"
"4988" "Txnrd2" 1.96626525290781 -1.10336317732271 -0.782822832052949 0.433731157894768 NA 0.0952380952380952 0.214285714285714 "Uqcrc2_noRT" "non-targeting_noRT"
"4989" "Plcb1" 0.587594548803291 -1.74283118727857 -0.782678440434918 0.433815965781777 NA 0 0.125 "Uqcrc2_noRT" "non-targeting_noRT"
"4990" "Spata2" 4.25767201311513 0.691810510141451 0.782572345745412 0.433878286217099 NA 0.333333333333333 0.303571428571429 "Uqcrc2_noRT" "non-targeting_noRT"
"4991" "Rnf38" 3.07190224276299 0.824407390810846 0.782485397222811 0.433929363977188 NA 0.285714285714286 0.214285714285714 "Uqcrc2_noRT" "non-targeting_noRT"
"4992" "Mrpl54" 104.426792526214 0.160272103812594 0.78237819568688 0.433992344118874 0.829776403702733 1 1 "Uqcrc2_noRT" "non-targeting_noRT"
"4993" "Kpna1" 3.65465145822762 -0.844634416010456 -0.782207955829848 0.434092369682047 NA 0.142857142857143 0.357142857142857 "Uqcrc2_noRT" "non-targeting_noRT"
"4994" "1700066B19Rik" 1.44850781861193 1.20918052184533 0.782023744261273 0.434200619422761 NA 0.0952380952380952 0.0714285714285714 "Uqcrc2_noRT" "non-targeting_noRT"
"4995" "Baiap2" 17.8226902891654 0.394756496626091 0.781677237029433 0.434404282539461 0.829776403702733 0.523809523809524 0.660714285714286 "Uqcrc2_noRT" "non-targeting_noRT"
"4996" "Nat9" 8.14101226975956 -0.561647292523363 -0.781673043674193 0.434406747564146 NA 0.285714285714286 0.571428571428571 "Uqcrc2_noRT" "non-targeting_noRT"
"4997" "Fam193b" 1.92711151072289 -1.14837864115091 -0.781549723169633 0.434479243982907 NA 0.0952380952380952 0.232142857142857 "Uqcrc2_noRT" "non-targeting_noRT"
"4998" "Card6" 1.98217322508608 -1.11717741123445 -0.781508113214674 0.434503706801659 NA 0.0952380952380952 0.232142857142857 "Uqcrc2_noRT" "non-targeting_noRT"
"4999" "Alg9" 4.38201766793491 -0.770748635572162 -0.78142651976032 0.434551678542563 NA 0.238095238095238 0.392857142857143 "Uqcrc2_noRT" "non-targeting_noRT"
"5000" "Traip" 3.63388896180316 -0.815355470563592 -0.781425520193901 0.434552266242755 NA 0.142857142857143 0.303571428571429 "Uqcrc2_noRT" "non-targeting_noRT"
"5001" "Cables2" 1.76590331876982 1.06162659355687 0.781222497501114 0.434671643988938 NA 0.142857142857143 0.125 "Uqcrc2_noRT" "non-targeting_noRT"
"5002" "2900052L18Rik" 1.76590331876982 1.06162659355687 0.781222497501114 0.434671643988938 NA 0.19047619047619 0.125 "Uqcrc2_noRT" "non-targeting_noRT"
"5003" "Glipr2" 0.590282644804927 -1.74858324502558 -0.781150898960823 0.434713748589228 NA 0 0.107142857142857 "Uqcrc2_noRT" "non-targeting_noRT"
"5004" "Ptpre" 0.590282644804927 -1.74858324502558 -0.781150898960823 0.434713748589228 NA 0 0.0892857142857143 "Uqcrc2_noRT" "non-targeting_noRT"
"5005" "4732419C18Rik" 0.590282644804927 -1.74858324502558 -0.781150898960823 0.434713748589228 NA 0 0.107142857142857 "Uqcrc2_noRT" "non-targeting_noRT"
"5006" "Maob" 0.590282644804927 -1.74858324502558 -0.781150898960823 0.434713748589228 NA 0 0.125 "Uqcrc2_noRT" "non-targeting_noRT"
"5007" "Snx2" 20.0983829961421 0.319777395998808 0.781000102051836 0.434802434686314 0.829776403702733 0.80952380952381 0.75 "Uqcrc2_noRT" "non-targeting_noRT"
"5008" "Abcb10" 1.92921786675788 -1.15055233265216 -0.780948823129981 0.434832595028218 NA 0.0952380952380952 0.178571428571429 "Uqcrc2_noRT" "non-targeting_noRT"
"5009" "Ddx6" 36.7717032456038 -0.250360635972783 -0.780734594987278 0.43495860906375 0.829776403702733 0.80952380952381 0.946428571428571 "Uqcrc2_noRT" "non-targeting_noRT"
"5010" "Ccdc97" 4.51763996164428 -0.779219394328184 -0.780706724193731 0.434975004870029 NA 0.19047619047619 0.410714285714286 "Uqcrc2_noRT" "non-targeting_noRT"
"5011" "Tent2" 8.53763364365534 -0.54314260275887 -0.780634259905057 0.435017635768612 NA 0.476190476190476 0.625 "Uqcrc2_noRT" "non-targeting_noRT"
"5012" "Nicn1" 1.98108758750595 -1.09767643499035 -0.780077060045434 0.435345518216723 NA 0.0952380952380952 0.25 "Uqcrc2_noRT" "non-targeting_noRT"
"5013" "Rps11" 1950.02849553288 0.089962420466088 0.779622050542059 0.43561337281373 0.829776403702733 1 1 "Uqcrc2_noRT" "non-targeting_noRT"
"5014" "Mrps5" 30.9113247044599 -0.277328406193894 -0.779526490758284 0.435669638939774 0.829776403702733 0.857142857142857 0.946428571428571 "Uqcrc2_noRT" "non-targeting_noRT"
"5015" "Jarid2" 4.24547285539338 0.712312339910784 0.779458176884628 0.435709865093416 NA 0.380952380952381 0.267857142857143 "Uqcrc2_noRT" "non-targeting_noRT"
"5016" "Ddx50" 36.9600519609975 0.250687841991825 0.779311331935236 0.435796340980529 0.829776403702733 0.857142857142857 0.892857142857143 "Uqcrc2_noRT" "non-targeting_noRT"
"5017" "4833408A19Rik" 1.89564353413097 1.0914053301908 0.779296825295104 0.435804884369026 NA 0.142857142857143 0.0892857142857143 "Uqcrc2_noRT" "non-targeting_noRT"
"5018" "Polr2h" 33.4496810867734 -0.259591278508054 -0.779228253013737 0.435845269916541 0.829776403702733 0.761904761904762 0.946428571428571 "Uqcrc2_noRT" "non-targeting_noRT"
"5019" "Grpel1" 118.90312826415 0.193659618695032 0.779140828705042 0.435896761468181 0.829776403702733 1 1 "Uqcrc2_noRT" "non-targeting_noRT"
"5020" "Exosc5" 55.7438535440238 -0.215292317711295 -0.778989493247274 0.435985903978784 0.829776403702733 0.952380952380952 0.982142857142857 "Uqcrc2_noRT" "non-targeting_noRT"
"5021" "Tpd52l2" 42.7640282091169 0.227048244751634 0.778856856303179 0.436064040974622 0.829776403702733 0.952380952380952 0.964285714285714 "Uqcrc2_noRT" "non-targeting_noRT"
"5022" "Gbp4" 44.8438179591031 -0.295516849140965 -0.778830217610427 0.436079734916864 0.829776403702733 0.666666666666667 0.732142857142857 "Uqcrc2_noRT" "non-targeting_noRT"
"5023" "Nalcn" 4.97863935424762 -0.671867449048716 -0.778746227990042 0.436129218765374 NA 0.285714285714286 0.392857142857143 "Uqcrc2_noRT" "non-targeting_noRT"
"5024" "Kmt2c" 21.2360027946991 0.332661140573454 0.778326844652106 0.436376353695829 0.829776403702733 0.714285714285714 0.625 "Uqcrc2_noRT" "non-targeting_noRT"
"5025" "Rnf169" 0.583381836733295 -1.73415236954477 -0.777686035210875 0.436754126799089 NA 0 0.125 "Uqcrc2_noRT" "non-targeting_noRT"
"5026" "Sfi1" 0.583381836733295 -1.73415236954477 -0.777686035210875 0.436754126799089 NA 0 0.125 "Uqcrc2_noRT" "non-targeting_noRT"
"5027" "Trim13" 0.583381836733295 -1.73415236954477 -0.777686035210875 0.436754126799089 NA 0 0.107142857142857 "Uqcrc2_noRT" "non-targeting_noRT"
"5028" "Nr4a2" 3.01625878843316 0.813193056264476 0.777677882188259 0.436758934421999 NA 0.238095238095238 0.178571428571429 "Uqcrc2_noRT" "non-targeting_noRT"
"5029" "Rogdi" 1.96415889687282 -1.10193897882571 -0.777576194041521 0.436818899807474 NA 0.0952380952380952 0.232142857142857 "Uqcrc2_noRT" "non-targeting_noRT"
"5030" "Arcn1" 27.6005071535795 0.277501073769681 0.777574419087001 0.436819946538259 0.829776403702733 0.761904761904762 0.892857142857143 "Uqcrc2_noRT" "non-targeting_noRT"
"5031" "Gm6133" 2.07863494096338 -1.1217707719884 -0.777533567276355 0.436844038173282 NA 0.0952380952380952 0.214285714285714 "Uqcrc2_noRT" "non-targeting_noRT"
"5032" "Vars2" 1.99488920364922 -1.10942281876544 -0.777463858788641 0.436885149291788 NA 0.0952380952380952 0.267857142857143 "Uqcrc2_noRT" "non-targeting_noRT"
"5033" "Ssu72" 91.8920070247458 0.170495860055232 0.777147252436364 0.437071898371036 0.829776403702733 1 1 "Uqcrc2_noRT" "non-targeting_noRT"
"5034" "Vamp1" 1.39133974821374 1.19102094766505 0.776910459918972 0.437211599595115 NA 0.142857142857143 0.0892857142857143 "Uqcrc2_noRT" "non-targeting_noRT"
"5035" "Pcm1" 26.5760838736099 0.284016752250874 0.776870122700179 0.437235400032808 0.829776403702733 0.80952380952381 0.785714285714286 "Uqcrc2_noRT" "non-targeting_noRT"
"5036" "Mocs1" 1.38763093375723 1.16425585999723 0.776832410576823 0.43725765224258 NA 0.142857142857143 0.0892857142857143 "Uqcrc2_noRT" "non-targeting_noRT"
"5037" "Pnrc1" 140.006428855467 0.210768311336793 0.776697934404847 0.437337005825854 0.829776403702733 0.952380952380952 1 "Uqcrc2_noRT" "non-targeting_noRT"
"5038" "Naga" 7.52920589130584 0.506227981213585 0.776616333444971 0.437385162104168 NA 0.476190476190476 0.446428571428571 "Uqcrc2_noRT" "non-targeting_noRT"
"5039" "Mpv17" 39.0376277045477 0.257742587798341 0.776560581571098 0.437418065466562 0.829776403702733 0.904761904761905 0.928571428571429 "Uqcrc2_noRT" "non-targeting_noRT"
"5040" "Timp4" 5.35540350299849 0.665140266262934 0.776098683242828 0.437690721102721 NA 0.19047619047619 0.107142857142857 "Uqcrc2_noRT" "non-targeting_noRT"
"5041" "Dmac1" 25.3837922014648 0.28752171210735 0.775985094523735 0.437757786776039 0.829776403702733 0.80952380952381 0.857142857142857 "Uqcrc2_noRT" "non-targeting_noRT"
"5042" "Ankrd50" 3.05278935374171 0.810379448136446 0.775817307266475 0.437856863462522 NA 0.238095238095238 0.196428571428571 "Uqcrc2_noRT" "non-targeting_noRT"
"5043" "Ttf1" 4.93468917129459 -0.663822117631964 -0.775662632275196 0.437948208913298 NA 0.285714285714286 0.446428571428571 "Uqcrc2_noRT" "non-targeting_noRT"
"5044" "Lcmt1" 12.1019676084982 0.454055371665349 0.775471752456509 0.438060950732668 NA 0.571428571428571 0.660714285714286 "Uqcrc2_noRT" "non-targeting_noRT"
"5045" "Ift74" 15.2635212343324 0.365349107719777 0.775291026538524 0.438167710603597 0.829776403702733 0.619047619047619 0.696428571428571 "Uqcrc2_noRT" "non-targeting_noRT"
"5046" "Pigm" 3.09354555434815 0.853984714866019 0.774969290232151 0.438357806288501 NA 0.19047619047619 0.232142857142857 "Uqcrc2_noRT" "non-targeting_noRT"
"5047" "1190007I07Rik" 43.9098427629387 0.234786433871239 0.774965976115947 0.438359764657952 0.829776403702733 0.952380952380952 0.946428571428571 "Uqcrc2_noRT" "non-targeting_noRT"
"5048" "Limd1" 15.2062073556753 -0.376983063519695 -0.774954761261308 0.438366391749765 0.829776403702733 0.571428571428571 0.75 "Uqcrc2_noRT" "non-targeting_noRT"
"5049" "Imp4" 21.6543472035652 -0.325407568360102 -0.774951387923791 0.438368385136619 0.829776403702733 0.761904761904762 0.803571428571429 "Uqcrc2_noRT" "non-targeting_noRT"
"5050" "Atm" 22.8077757532238 -0.331467570632041 -0.774932534232 0.43837952633576 0.829776403702733 0.666666666666667 0.785714285714286 "Uqcrc2_noRT" "non-targeting_noRT"
"5051" "Plekha8" 5.31268084965123 0.597357082291827 0.77491944989824 0.438387258347805 NA 0.380952380952381 0.321428571428571 "Uqcrc2_noRT" "non-targeting_noRT"
"5052" "Parp9" 20.5241567051265 0.330407602402899 0.774831709514531 0.438439109379605 0.829776403702733 0.80952380952381 0.785714285714286 "Uqcrc2_noRT" "non-targeting_noRT"
"5053" "Tmem138" 9.38275729692725 -0.497638823512551 -0.774821153542139 0.438445347771569 NA 0.428571428571429 0.571428571428571 "Uqcrc2_noRT" "non-targeting_noRT"
"5054" "Hyou1" 15.667397149008 -0.412979238852496 -0.774596852062295 0.438577918017925 0.829776403702733 0.476190476190476 0.785714285714286 "Uqcrc2_noRT" "non-targeting_noRT"
"5055" "Nol3" 0.650782612112425 -1.89495364048023 -0.774591943814564 0.438580819226521 NA 0 0.125 "Uqcrc2_noRT" "non-targeting_noRT"
"5056" "Gtpbp3" 5.09803484170964 -0.714483658068897 -0.774567208249532 0.438595440301438 NA 0.238095238095238 0.357142857142857 "Uqcrc2_noRT" "non-targeting_noRT"
"5057" "Vps37b" 8.8612656613736 0.474677472040873 0.773512742587415 0.439218990406721 NA 0.428571428571429 0.446428571428571 "Uqcrc2_noRT" "non-targeting_noRT"
"5058" "Pgam1" 189.004417599367 -0.128889494213468 -0.773259104692706 0.439369053134417 0.829776403702733 0.904761904761905 1 "Uqcrc2_noRT" "non-targeting_noRT"
"5059" "Rheb" 119.217839093143 -0.15297304837217 -0.773172196140447 0.439420478619513 0.829776403702733 1 1 "Uqcrc2_noRT" "non-targeting_noRT"
"5060" "Pid1" 0.578587384696661 -1.7239948804244 -0.772983643116295 0.439532061001995 NA 0 0.107142857142857 "Uqcrc2_noRT" "non-targeting_noRT"
"5061" "Gm19325" 0.578587384696661 -1.7239948804244 -0.772983643116295 0.439532061001995 NA 0 0.107142857142857 "Uqcrc2_noRT" "non-targeting_noRT"
"5062" "Ranbp17" 0.578587384696661 -1.7239948804244 -0.772983643116295 0.439532061001995 NA 0 0.125 "Uqcrc2_noRT" "non-targeting_noRT"
"5063" "A630089N07Rik" 0.578587384696661 -1.7239948804244 -0.772983643116295 0.439532061001995 NA 0 0.107142857142857 "Uqcrc2_noRT" "non-targeting_noRT"
"5064" "Copa" 25.2853775028902 -0.342836752499909 -0.77296488199268 0.439543164396558 0.829776403702733 0.714285714285714 0.875 "Uqcrc2_noRT" "non-targeting_noRT"
"5065" "Man1a2" 29.8483322804563 -0.290697538240063 -0.772921400031965 0.43956889894158 0.829776403702733 0.80952380952381 0.910714285714286 "Uqcrc2_noRT" "non-targeting_noRT"
"5066" "Wapl" 18.9868651812582 0.359455428135528 0.772818899998453 0.439629566411472 0.829776403702733 0.80952380952381 0.696428571428571 "Uqcrc2_noRT" "non-targeting_noRT"
"5067" "Aasdh" 3.57845228800941 0.753964324863941 0.772739552520738 0.439676533703287 NA 0.285714285714286 0.196428571428571 "Uqcrc2_noRT" "non-targeting_noRT"
"5068" "Itgb3bp" 33.6923795658039 -0.261957420616046 -0.772628792593665 0.439742099441211 0.829776403702733 0.666666666666667 0.910714285714286 "Uqcrc2_noRT" "non-targeting_noRT"
"5069" "Taf1" 34.2635508958374 -0.267021510332218 -0.772609669225354 0.439753420328684 0.829776403702733 0.761904761904762 0.928571428571429 "Uqcrc2_noRT" "non-targeting_noRT"
"5070" "Map2k4" 9.87872321414629 0.445936049445671 0.772514561427491 0.439809725900615 NA 0.523809523809524 0.553571428571429 "Uqcrc2_noRT" "non-targeting_noRT"
"5071" "Chid1" 9.86191377922225 -0.46712879060616 -0.772364720459525 0.439898442912806 NA 0.380952380952381 0.625 "Uqcrc2_noRT" "non-targeting_noRT"
"5072" "Cryz" 6.16727469810293 -0.616815176309159 -0.772164959510148 0.440016732240582 NA 0.285714285714286 0.589285714285714 "Uqcrc2_noRT" "non-targeting_noRT"
"5073" "B4galt7" 3.02998057349181 0.83161684072034 0.771945907406416 0.440146465886164 NA 0.238095238095238 0.196428571428571 "Uqcrc2_noRT" "non-targeting_noRT"
"5074" "9330182L06Rik" 1.96997406736432 -1.08871853879627 -0.771740114102368 0.440268366993044 NA 0.0952380952380952 0.267857142857143 "Uqcrc2_noRT" "non-targeting_noRT"
"5075" "C1ra" 11.8222295100572 -0.453280314962293 -0.771389954415736 0.440475827634551 NA 0.476190476190476 0.625 "Uqcrc2_noRT" "non-targeting_noRT"
"5076" "Sh3tc2" 2.73960817051851 -0.899092540256454 -0.771355689366105 0.440496131809058 NA 0.142857142857143 0.339285714285714 "Uqcrc2_noRT" "non-targeting_noRT"
"5077" "6720483E21Rik" 0.283063554927492 2.8783310049426 0.771283075922393 0.440539161567453 NA 0.0476190476190476 0 "Uqcrc2_noRT" "non-targeting_noRT"
"5078" "Gsta3" 0.283063554927492 2.8783310049426 0.771283075922393 0.440539161567453 NA 0.0476190476190476 0 "Uqcrc2_noRT" "non-targeting_noRT"
"5079" "Gm28321" 0.283063554927492 2.8783310049426 0.771283075922393 0.440539161567453 NA 0.0476190476190476 0 "Uqcrc2_noRT" "non-targeting_noRT"
"5080" "Fzd7" 0.283063554927492 2.8783310049426 0.771283075922393 0.440539161567453 NA 0.0476190476190476 0 "Uqcrc2_noRT" "non-targeting_noRT"
"5081" "Itih2" 0.283063554927492 2.8783310049426 0.771283075922393 0.440539161567453 NA 0.0476190476190476 0 "Uqcrc2_noRT" "non-targeting_noRT"
"5082" "Cacna1b" 0.283063554927492 2.8783310049426 0.771283075922393 0.440539161567453 NA 0.0476190476190476 0 "Uqcrc2_noRT" "non-targeting_noRT"
"5083" "Grin1" 0.283063554927492 2.8783310049426 0.771283075922393 0.440539161567453 NA 0.0476190476190476 0 "Uqcrc2_noRT" "non-targeting_noRT"
"5084" "Cd59b" 0.283063554927492 2.8783310049426 0.771283075922393 0.440539161567453 NA 0.0476190476190476 0 "Uqcrc2_noRT" "non-targeting_noRT"
"5085" "Kcnip3" 0.283063554927492 2.8783310049426 0.771283075922393 0.440539161567453 NA 0.0476190476190476 0 "Uqcrc2_noRT" "non-targeting_noRT"
"5086" "Ccn5" 0.283063554927492 2.8783310049426 0.771283075922393 0.440539161567453 NA 0.0476190476190476 0 "Uqcrc2_noRT" "non-targeting_noRT"
"5087" "Gm14273" 0.283063554927492 2.8783310049426 0.771283075922393 0.440539161567453 NA 0.0476190476190476 0 "Uqcrc2_noRT" "non-targeting_noRT"
"5088" "Gm4724" 0.283063554927492 2.8783310049426 0.771283075922393 0.440539161567453 NA 0.0476190476190476 0 "Uqcrc2_noRT" "non-targeting_noRT"
"5089" "Slc17a9" 0.283063554927492 2.8783310049426 0.771283075922393 0.440539161567453 NA 0.0476190476190476 0 "Uqcrc2_noRT" "non-targeting_noRT"
"5090" "1700125G22Rik" 0.283063554927492 2.8783310049426 0.771283075922393 0.440539161567453 NA 0.0476190476190476 0 "Uqcrc2_noRT" "non-targeting_noRT"
"5091" "Slc7a14" 0.283063554927492 2.8783310049426 0.771283075922393 0.440539161567453 NA 0.0476190476190476 0 "Uqcrc2_noRT" "non-targeting_noRT"
"5092" "Gask1b" 0.283063554927492 2.8783310049426 0.771283075922393 0.440539161567453 NA 0.0476190476190476 0 "Uqcrc2_noRT" "non-targeting_noRT"
"5093" "C920021L13Rik" 0.283063554927492 2.8783310049426 0.771283075922393 0.440539161567453 NA 0.0476190476190476 0 "Uqcrc2_noRT" "non-targeting_noRT"
"5094" "C130013H08Rik" 0.283063554927492 2.8783310049426 0.771283075922393 0.440539161567453 NA 0.0476190476190476 0 "Uqcrc2_noRT" "non-targeting_noRT"
"5095" "Slc9b1" 0.283063554927492 2.8783310049426 0.771283075922393 0.440539161567453 NA 0.0476190476190476 0 "Uqcrc2_noRT" "non-targeting_noRT"
"5096" "1810013D15Rik" 0.283063554927492 2.8783310049426 0.771283075922393 0.440539161567453 NA 0.0476190476190476 0 "Uqcrc2_noRT" "non-targeting_noRT"
"5097" "Pax5" 0.283063554927492 2.8783310049426 0.771283075922393 0.440539161567453 NA 0.0476190476190476 0 "Uqcrc2_noRT" "non-targeting_noRT"
"5098" "Nkain1" 0.283063554927492 2.8783310049426 0.771283075922393 0.440539161567453 NA 0.0476190476190476 0 "Uqcrc2_noRT" "non-targeting_noRT"
"5099" "Zfp990" 0.283063554927492 2.8783310049426 0.771283075922393 0.440539161567453 NA 0.0476190476190476 0 "Uqcrc2_noRT" "non-targeting_noRT"
"5100" "Gm5129" 0.283063554927492 2.8783310049426 0.771283075922393 0.440539161567453 NA 0.0476190476190476 0 "Uqcrc2_noRT" "non-targeting_noRT"
"5101" "Bst1" 0.283063554927492 2.8783310049426 0.771283075922393 0.440539161567453 NA 0.0476190476190476 0 "Uqcrc2_noRT" "non-targeting_noRT"
"5102" "Uchl1os" 0.283063554927492 2.8783310049426 0.771283075922393 0.440539161567453 NA 0.0476190476190476 0 "Uqcrc2_noRT" "non-targeting_noRT"
"5103" "Epha5" 0.283063554927492 2.8783310049426 0.771283075922393 0.440539161567453 NA 0.0476190476190476 0 "Uqcrc2_noRT" "non-targeting_noRT"
"5104" "Gm43514" 0.283063554927492 2.8783310049426 0.771283075922393 0.440539161567453 NA 0.0476190476190476 0 "Uqcrc2_noRT" "non-targeting_noRT"
"5105" "Gm16001" 0.283063554927492 2.8783310049426 0.771283075922393 0.440539161567453 NA 0.0476190476190476 0 "Uqcrc2_noRT" "non-targeting_noRT"
"5106" "Cux1" 0.283063554927492 2.8783310049426 0.771283075922393 0.440539161567453 NA 0.0476190476190476 0 "Uqcrc2_noRT" "non-targeting_noRT"
"5107" "Muc3a" 0.283063554927492 2.8783310049426 0.771283075922393 0.440539161567453 NA 0.0476190476190476 0 "Uqcrc2_noRT" "non-targeting_noRT"
"5108" "Gpr146" 0.283063554927492 2.8783310049426 0.771283075922393 0.440539161567453 NA 0.0476190476190476 0 "Uqcrc2_noRT" "non-targeting_noRT"
"5109" "Tmem184a" 0.283063554927492 2.8783310049426 0.771283075922393 0.440539161567453 NA 0.0476190476190476 0 "Uqcrc2_noRT" "non-targeting_noRT"
"5110" "1700028E10Rik" 0.283063554927492 2.8783310049426 0.771283075922393 0.440539161567453 NA 0.0476190476190476 0 "Uqcrc2_noRT" "non-targeting_noRT"
"5111" "Opn1sw" 0.283063554927492 2.8783310049426 0.771283075922393 0.440539161567453 NA 0.0476190476190476 0 "Uqcrc2_noRT" "non-targeting_noRT"
"5112" "Gimap5" 0.283063554927492 2.8783310049426 0.771283075922393 0.440539161567453 NA 0.0476190476190476 0 "Uqcrc2_noRT" "non-targeting_noRT"
"5113" "Aoc1" 0.283063554927492 2.8783310049426 0.771283075922393 0.440539161567453 NA 0.0476190476190476 0 "Uqcrc2_noRT" "non-targeting_noRT"
"5114" "Chn2" 0.283063554927492 2.8783310049426 0.771283075922393 0.440539161567453 NA 0.0476190476190476 0 "Uqcrc2_noRT" "non-targeting_noRT"
"5115" "Atoh8" 0.283063554927492 2.8783310049426 0.771283075922393 0.440539161567453 NA 0.0476190476190476 0 "Uqcrc2_noRT" "non-targeting_noRT"
"5116" "Gm26640" 0.283063554927492 2.8783310049426 0.771283075922393 0.440539161567453 NA 0.0476190476190476 0 "Uqcrc2_noRT" "non-targeting_noRT"
"5117" "BC048671" 0.283063554927492 2.8783310049426 0.771283075922393 0.440539161567453 NA 0.0476190476190476 0 "Uqcrc2_noRT" "non-targeting_noRT"
"5118" "Il5ra" 0.283063554927492 2.8783310049426 0.771283075922393 0.440539161567453 NA 0.0476190476190476 0 "Uqcrc2_noRT" "non-targeting_noRT"
"5119" "Gdf3" 0.283063554927492 2.8783310049426 0.771283075922393 0.440539161567453 NA 0.0476190476190476 0 "Uqcrc2_noRT" "non-targeting_noRT"
"5120" "Pglyrp1" 0.283063554927492 2.8783310049426 0.771283075922393 0.440539161567453 NA 0.0476190476190476 0 "Uqcrc2_noRT" "non-targeting_noRT"
"5121" "Bcam" 0.283063554927492 2.8783310049426 0.771283075922393 0.440539161567453 NA 0.0476190476190476 0 "Uqcrc2_noRT" "non-targeting_noRT"
"5122" "Gm16174" 0.283063554927492 2.8783310049426 0.771283075922393 0.440539161567453 NA 0.0476190476190476 0 "Uqcrc2_noRT" "non-targeting_noRT"
"5123" "Zfp109" 0.283063554927492 2.8783310049426 0.771283075922393 0.440539161567453 NA 0.0476190476190476 0 "Uqcrc2_noRT" "non-targeting_noRT"
"5124" "Gm26810" 0.283063554927492 2.8783310049426 0.771283075922393 0.440539161567453 NA 0.0476190476190476 0 "Uqcrc2_noRT" "non-targeting_noRT"
"5125" "Gm44832" 0.283063554927492 2.8783310049426 0.771283075922393 0.440539161567453 NA 0.0476190476190476 0 "Uqcrc2_noRT" "non-targeting_noRT"
"5126" "Tsku" 0.283063554927492 2.8783310049426 0.771283075922393 0.440539161567453 NA 0.0476190476190476 0 "Uqcrc2_noRT" "non-targeting_noRT"
"5127" "Gm45187" 0.283063554927492 2.8783310049426 0.771283075922393 0.440539161567453 NA 0.0476190476190476 0 "Uqcrc2_noRT" "non-targeting_noRT"
"5128" "Gm45620" 0.283063554927492 2.8783310049426 0.771283075922393 0.440539161567453 NA 0.0476190476190476 0 "Uqcrc2_noRT" "non-targeting_noRT"
"5129" "Folr1" 0.283063554927492 2.8783310049426 0.771283075922393 0.440539161567453 NA 0.0476190476190476 0 "Uqcrc2_noRT" "non-targeting_noRT"
"5130" "Npy1r" 0.283063554927492 2.8783310049426 0.771283075922393 0.440539161567453 NA 0.0476190476190476 0 "Uqcrc2_noRT" "non-targeting_noRT"
"5131" "Hsf4" 0.283063554927492 2.8783310049426 0.771283075922393 0.440539161567453 NA 0.0476190476190476 0 "Uqcrc2_noRT" "non-targeting_noRT"
"5132" "Cdh1" 0.283063554927492 2.8783310049426 0.771283075922393 0.440539161567453 NA 0.0476190476190476 0 "Uqcrc2_noRT" "non-targeting_noRT"
"5133" "Trpc6" 0.283063554927492 2.8783310049426 0.771283075922393 0.440539161567453 NA 0.0476190476190476 0 "Uqcrc2_noRT" "non-targeting_noRT"
"5134" "Olfr77" 0.283063554927492 2.8783310049426 0.771283075922393 0.440539161567453 NA 0.0476190476190476 0 "Uqcrc2_noRT" "non-targeting_noRT"
"5135" "Gm39326" 0.283063554927492 2.8783310049426 0.771283075922393 0.440539161567453 NA 0.0476190476190476 0 "Uqcrc2_noRT" "non-targeting_noRT"
"5136" "Gm28379" 0.283063554927492 2.8783310049426 0.771283075922393 0.440539161567453 NA 0.0476190476190476 0 "Uqcrc2_noRT" "non-targeting_noRT"
"5137" "Pygo1" 0.283063554927492 2.8783310049426 0.771283075922393 0.440539161567453 NA 0.0476190476190476 0 "Uqcrc2_noRT" "non-targeting_noRT"
"5138" "9430037G07Rik" 0.283063554927492 2.8783310049426 0.771283075922393 0.440539161567453 NA 0.0476190476190476 0 "Uqcrc2_noRT" "non-targeting_noRT"
"5139" "Zic1" 0.283063554927492 2.8783310049426 0.771283075922393 0.440539161567453 NA 0.0476190476190476 0 "Uqcrc2_noRT" "non-targeting_noRT"
"5140" "Gm28424" 0.283063554927492 2.8783310049426 0.771283075922393 0.440539161567453 NA 0.0476190476190476 0 "Uqcrc2_noRT" "non-targeting_noRT"
"5141" "Gm33054" 0.283063554927492 2.8783310049426 0.771283075922393 0.440539161567453 NA 0.0476190476190476 0 "Uqcrc2_noRT" "non-targeting_noRT"
"5142" "Gm37612" 0.283063554927492 2.8783310049426 0.771283075922393 0.440539161567453 NA 0.0476190476190476 0 "Uqcrc2_noRT" "non-targeting_noRT"
"5143" "4930524O07Rik" 0.283063554927492 2.8783310049426 0.771283075922393 0.440539161567453 NA 0.0476190476190476 0 "Uqcrc2_noRT" "non-targeting_noRT"
"5144" "Dlec1" 0.283063554927492 2.8783310049426 0.771283075922393 0.440539161567453 NA 0.0476190476190476 0 "Uqcrc2_noRT" "non-targeting_noRT"
"5145" "5830454E08Rik" 0.283063554927492 2.8783310049426 0.771283075922393 0.440539161567453 NA 0.0476190476190476 0 "Uqcrc2_noRT" "non-targeting_noRT"
"5146" "Klhl40" 0.283063554927492 2.8783310049426 0.771283075922393 0.440539161567453 NA 0.0476190476190476 0 "Uqcrc2_noRT" "non-targeting_noRT"
"5147" "Clec3b" 0.283063554927492 2.8783310049426 0.771283075922393 0.440539161567453 NA 0.0476190476190476 0 "Uqcrc2_noRT" "non-targeting_noRT"
"5148" "Grm1" 0.283063554927492 2.8783310049426 0.771283075922393 0.440539161567453 NA 0.0476190476190476 0 "Uqcrc2_noRT" "non-targeting_noRT"
"5149" "4921516A02Rik" 0.283063554927492 2.8783310049426 0.771283075922393 0.440539161567453 NA 0.0476190476190476 0 "Uqcrc2_noRT" "non-targeting_noRT"
"5150" "Amh" 0.283063554927492 2.8783310049426 0.771283075922393 0.440539161567453 NA 0.0476190476190476 0 "Uqcrc2_noRT" "non-targeting_noRT"
"5151" "Gm15608" 0.283063554927492 2.8783310049426 0.771283075922393 0.440539161567453 NA 0.0476190476190476 0 "Uqcrc2_noRT" "non-targeting_noRT"
"5152" "Gm40770" 0.283063554927492 2.8783310049426 0.771283075922393 0.440539161567453 NA 0.0476190476190476 0 "Uqcrc2_noRT" "non-targeting_noRT"
"5153" "Gm11944" 0.283063554927492 2.8783310049426 0.771283075922393 0.440539161567453 NA 0.0476190476190476 0 "Uqcrc2_noRT" "non-targeting_noRT"
"5154" "Zmynd15" 0.283063554927492 2.8783310049426 0.771283075922393 0.440539161567453 NA 0.0476190476190476 0 "Uqcrc2_noRT" "non-targeting_noRT"
"5155" "Gm11205" 0.283063554927492 2.8783310049426 0.771283075922393 0.440539161567453 NA 0.0476190476190476 0 "Uqcrc2_noRT" "non-targeting_noRT"
"5156" "Rhbdl3" 0.283063554927492 2.8783310049426 0.771283075922393 0.440539161567453 NA 0.0476190476190476 0 "Uqcrc2_noRT" "non-targeting_noRT"
"5157" "Wfdc21" 0.283063554927492 2.8783310049426 0.771283075922393 0.440539161567453 NA 0.0476190476190476 0 "Uqcrc2_noRT" "non-targeting_noRT"
"5158" "Hils1" 0.283063554927492 2.8783310049426 0.771283075922393 0.440539161567453 NA 0.0476190476190476 0 "Uqcrc2_noRT" "non-targeting_noRT"
"5159" "Tbkbp1" 0.283063554927492 2.8783310049426 0.771283075922393 0.440539161567453 NA 0.0476190476190476 0 "Uqcrc2_noRT" "non-targeting_noRT"
"5160" "Fam171a2" 0.283063554927492 2.8783310049426 0.771283075922393 0.440539161567453 NA 0.0476190476190476 0 "Uqcrc2_noRT" "non-targeting_noRT"
"5161" "Gm11650" 0.283063554927492 2.8783310049426 0.771283075922393 0.440539161567453 NA 0.0476190476190476 0 "Uqcrc2_noRT" "non-targeting_noRT"
"5162" "Nptx1" 0.283063554927492 2.8783310049426 0.771283075922393 0.440539161567453 NA 0.0476190476190476 0 "Uqcrc2_noRT" "non-targeting_noRT"
"5163" "Gm30124" 0.283063554927492 2.8783310049426 0.771283075922393 0.440539161567453 NA 0.0476190476190476 0 "Uqcrc2_noRT" "non-targeting_noRT"
"5164" "Dgkb" 0.283063554927492 2.8783310049426 0.771283075922393 0.440539161567453 NA 0.0476190476190476 0 "Uqcrc2_noRT" "non-targeting_noRT"
"5165" "Serpina3k" 0.283063554927492 2.8783310049426 0.771283075922393 0.440539161567453 NA 0.0476190476190476 0 "Uqcrc2_noRT" "non-targeting_noRT"
"5166" "Gm46378" 0.283063554927492 2.8783310049426 0.771283075922393 0.440539161567453 NA 0.0476190476190476 0 "Uqcrc2_noRT" "non-targeting_noRT"
"5167" "B930059L03Rik" 0.283063554927492 2.8783310049426 0.771283075922393 0.440539161567453 NA 0.0476190476190476 0 "Uqcrc2_noRT" "non-targeting_noRT"
"5168" "Gm26912" 0.283063554927492 2.8783310049426 0.771283075922393 0.440539161567453 NA 0.0476190476190476 0 "Uqcrc2_noRT" "non-targeting_noRT"
"5169" "4930470G03Rik" 0.283063554927492 2.8783310049426 0.771283075922393 0.440539161567453 NA 0.0476190476190476 0 "Uqcrc2_noRT" "non-targeting_noRT"
"5170" "Hist1h3h" 0.283063554927492 2.8783310049426 0.771283075922393 0.440539161567453 NA 0.0476190476190476 0 "Uqcrc2_noRT" "non-targeting_noRT"
"5171" "2010001K21Rik" 0.283063554927492 2.8783310049426 0.771283075922393 0.440539161567453 NA 0.0476190476190476 0 "Uqcrc2_noRT" "non-targeting_noRT"
"5172" "Fgd3" 0.283063554927492 2.8783310049426 0.771283075922393 0.440539161567453 NA 0.0476190476190476 0 "Uqcrc2_noRT" "non-targeting_noRT"
"5173" "Prr7" 0.283063554927492 2.8783310049426 0.771283075922393 0.440539161567453 NA 0.0476190476190476 0 "Uqcrc2_noRT" "non-targeting_noRT"
"5174" "Slc35d2" 0.283063554927492 2.8783310049426 0.771283075922393 0.440539161567453 NA 0.0476190476190476 0 "Uqcrc2_noRT" "non-targeting_noRT"
"5175" "Gm9465" 0.283063554927492 2.8783310049426 0.771283075922393 0.440539161567453 NA 0.0476190476190476 0 "Uqcrc2_noRT" "non-targeting_noRT"
"5176" "D130062J10Rik" 0.283063554927492 2.8783310049426 0.771283075922393 0.440539161567453 NA 0.0476190476190476 0 "Uqcrc2_noRT" "non-targeting_noRT"
"5177" "Gm32090" 0.283063554927492 2.8783310049426 0.771283075922393 0.440539161567453 NA 0.0476190476190476 0 "Uqcrc2_noRT" "non-targeting_noRT"
"5178" "1700006H21Rik" 0.283063554927492 2.8783310049426 0.771283075922393 0.440539161567453 NA 0.0476190476190476 0 "Uqcrc2_noRT" "non-targeting_noRT"
"5179" "Gm11100" 0.283063554927492 2.8783310049426 0.771283075922393 0.440539161567453 NA 0.0476190476190476 0 "Uqcrc2_noRT" "non-targeting_noRT"
"5180" "Zmiz1os1" 0.283063554927492 2.8783310049426 0.771283075922393 0.440539161567453 NA 0.0476190476190476 0 "Uqcrc2_noRT" "non-targeting_noRT"
"5181" "Trac" 0.283063554927492 2.8783310049426 0.771283075922393 0.440539161567453 NA 0.0476190476190476 0 "Uqcrc2_noRT" "non-targeting_noRT"
"5182" "Scara3" 0.283063554927492 2.8783310049426 0.771283075922393 0.440539161567453 NA 0.0476190476190476 0 "Uqcrc2_noRT" "non-targeting_noRT"
"5183" "Gm9922" 0.283063554927492 2.8783310049426 0.771283075922393 0.440539161567453 NA 0.0476190476190476 0 "Uqcrc2_noRT" "non-targeting_noRT"
"5184" "Spef2" 0.283063554927492 2.8783310049426 0.771283075922393 0.440539161567453 NA 0.0476190476190476 0 "Uqcrc2_noRT" "non-targeting_noRT"
"5185" "Gm49116" 0.283063554927492 2.8783310049426 0.771283075922393 0.440539161567453 NA 0.0476190476190476 0 "Uqcrc2_noRT" "non-targeting_noRT"
"5186" "Baalc" 0.283063554927492 2.8783310049426 0.771283075922393 0.440539161567453 NA 0.0476190476190476 0 "Uqcrc2_noRT" "non-targeting_noRT"
"5187" "Rhpn1" 0.283063554927492 2.8783310049426 0.771283075922393 0.440539161567453 NA 0.0476190476190476 0 "Uqcrc2_noRT" "non-targeting_noRT"
"5188" "Asic1" 0.283063554927492 2.8783310049426 0.771283075922393 0.440539161567453 NA 0.0476190476190476 0 "Uqcrc2_noRT" "non-targeting_noRT"
"5189" "Slc7a4" 0.283063554927492 2.8783310049426 0.771283075922393 0.440539161567453 NA 0.0476190476190476 0 "Uqcrc2_noRT" "non-targeting_noRT"
"5190" "Stfa1" 0.283063554927492 2.8783310049426 0.771283075922393 0.440539161567453 NA 0.0476190476190476 0 "Uqcrc2_noRT" "non-targeting_noRT"
"5191" "2700054A10Rik" 0.283063554927492 2.8783310049426 0.771283075922393 0.440539161567453 NA 0.0476190476190476 0 "Uqcrc2_noRT" "non-targeting_noRT"
"5192" "Vmn2r124" 0.283063554927492 2.8783310049426 0.771283075922393 0.440539161567453 NA 0.0476190476190476 0 "Uqcrc2_noRT" "non-targeting_noRT"
"5193" "Tulp1" 0.283063554927492 2.8783310049426 0.771283075922393 0.440539161567453 NA 0.0476190476190476 0 "Uqcrc2_noRT" "non-targeting_noRT"
"5194" "H2-Ob" 0.283063554927492 2.8783310049426 0.771283075922393 0.440539161567453 NA 0.0476190476190476 0 "Uqcrc2_noRT" "non-targeting_noRT"
"5195" "Aif1" 0.283063554927492 2.8783310049426 0.771283075922393 0.440539161567453 NA 0.0476190476190476 0 "Uqcrc2_noRT" "non-targeting_noRT"
"5196" "Tdrd6" 0.283063554927492 2.8783310049426 0.771283075922393 0.440539161567453 NA 0.0476190476190476 0 "Uqcrc2_noRT" "non-targeting_noRT"
"5197" "Gm30091" 0.283063554927492 2.8783310049426 0.771283075922393 0.440539161567453 NA 0.0476190476190476 0 "Uqcrc2_noRT" "non-targeting_noRT"
"5198" "Gm6277" 0.283063554927492 2.8783310049426 0.771283075922393 0.440539161567453 NA 0.0476190476190476 0 "Uqcrc2_noRT" "non-targeting_noRT"
"5199" "Ankrd29" 0.283063554927492 2.8783310049426 0.771283075922393 0.440539161567453 NA 0.0476190476190476 0 "Uqcrc2_noRT" "non-targeting_noRT"
"5200" "Gm26717" 0.283063554927492 2.8783310049426 0.771283075922393 0.440539161567453 NA 0.0476190476190476 0 "Uqcrc2_noRT" "non-targeting_noRT"
"5201" "2010110K18Rik" 0.283063554927492 2.8783310049426 0.771283075922393 0.440539161567453 NA 0.0476190476190476 0 "Uqcrc2_noRT" "non-targeting_noRT"
"5202" "Pcdhga7" 0.283063554927492 2.8783310049426 0.771283075922393 0.440539161567453 NA 0.0476190476190476 0 "Uqcrc2_noRT" "non-targeting_noRT"
"5203" "Gm50321" 0.283063554927492 2.8783310049426 0.771283075922393 0.440539161567453 NA 0.0476190476190476 0 "Uqcrc2_noRT" "non-targeting_noRT"
"5204" "Rab3il1" 0.283063554927492 2.8783310049426 0.771283075922393 0.440539161567453 NA 0.0476190476190476 0 "Uqcrc2_noRT" "non-targeting_noRT"
"5205" "Ms4a6c" 0.283063554927492 2.8783310049426 0.771283075922393 0.440539161567453 NA 0.0476190476190476 0 "Uqcrc2_noRT" "non-targeting_noRT"
"5206" "Gm50334" 0.283063554927492 2.8783310049426 0.771283075922393 0.440539161567453 NA 0.0476190476190476 0 "Uqcrc2_noRT" "non-targeting_noRT"
"5207" "Aff2" 0.283063554927492 2.8783310049426 0.771283075922393 0.440539161567453 NA 0.0476190476190476 0 "Uqcrc2_noRT" "non-targeting_noRT"
"5208" "Gm39526" 0.283063554927492 2.8783310049426 0.771283075922393 0.440539161567453 NA 0.0476190476190476 0 "Uqcrc2_noRT" "non-targeting_noRT"
"5209" "Hsf3" 0.283063554927492 2.8783310049426 0.771283075922393 0.440539161567453 NA 0.0476190476190476 0 "Uqcrc2_noRT" "non-targeting_noRT"
"5210" "Insrr" 0.597183452876559 -1.76307657851103 -0.771178647119722 0.440601048908443 NA 0 0.107142857142857 "Uqcrc2_noRT" "non-targeting_noRT"
"5211" "Gm17435" 0.597183452876559 -1.76307657851103 -0.771178647119722 0.440601048908443 NA 0 0.107142857142857 "Uqcrc2_noRT" "non-targeting_noRT"
"5212" "Prkag1" 17.3295792565055 -0.37753749685289 -0.771051757674908 0.440676253742643 0.831138713758914 0.619047619047619 0.821428571428571 "Uqcrc2_noRT" "non-targeting_noRT"
"5213" "Timm29" 4.74569090930689 0.645890609580976 0.770391632827497 0.441067615230438 NA 0.333333333333333 0.339285714285714 "Uqcrc2_noRT" "non-targeting_noRT"
"5214" "Ostf1" 35.2344901930981 -0.258097989078287 -0.77009983629332 0.441240673119734 0.831412011418381 1 0.910714285714286 "Uqcrc2_noRT" "non-targeting_noRT"
"5215" "Cycs" 399.911170951957 0.113044755219443 0.769870882433051 0.44137648767885 0.831412011418381 0.952380952380952 1 "Uqcrc2_noRT" "non-targeting_noRT"
"5216" "Tgfbrap1" 2.00389636775585 -1.11751956592825 -0.769831984317343 0.441399564272517 NA 0.0952380952380952 0.267857142857143 "Uqcrc2_noRT" "non-targeting_noRT"
"5217" "Tmem203" 5.75829935123184 -0.616429240718463 -0.769553532921803 0.441564777792287 NA 0.238095238095238 0.517857142857143 "Uqcrc2_noRT" "non-targeting_noRT"
"5218" "Slk" 13.1215945093392 -0.40015486543295 -0.769522477516931 0.44158320608516 0.831412011418381 0.333333333333333 0.678571428571429 "Uqcrc2_noRT" "non-targeting_noRT"
"5219" "Sh3bp4" 2.4725815259522 0.918551263329879 0.769504420250963 0.441593921478354 NA 0.238095238095238 0.160714285714286 "Uqcrc2_noRT" "non-targeting_noRT"
"5220" "H2afy" 42.051416720057 -0.230211183033055 -0.769452313306348 0.441624843184534 0.831412011418381 0.761904761904762 0.839285714285714 "Uqcrc2_noRT" "non-targeting_noRT"
"5221" "Tslrn1" 1.75900251069819 1.07078632854894 0.768858440227555 0.441977351520116 NA 0.142857142857143 0.107142857142857 "Uqcrc2_noRT" "non-targeting_noRT"
"5222" "Psmd5" 9.73536555747622 -0.482499313311449 -0.768490513379501 0.442195824545949 NA 0.428571428571429 0.642857142857143 "Uqcrc2_noRT" "non-targeting_noRT"
"5223" "Trim11" 1.94723219497114 -1.17168127651561 -0.768031685102071 0.442468360923902 NA 0.0952380952380952 0.214285714285714 "Uqcrc2_noRT" "non-targeting_noRT"
"5224" "2410131K14Rik" 5.01408428197604 -0.662122344153847 -0.767804286839305 0.442603467317885 NA 0.285714285714286 0.482142857142857 "Uqcrc2_noRT" "non-targeting_noRT"
"5225" "Gm14409" 1.2240896318303 -1.39381691005507 -0.767705836032703 0.442661968193861 NA 0.0476190476190476 0.160714285714286 "Uqcrc2_noRT" "non-targeting_noRT"
"5226" "Zdhhc17" 1.90430273047299 -1.12921829373372 -0.767506933874663 0.442780172188647 NA 0.0952380952380952 0.232142857142857 "Uqcrc2_noRT" "non-targeting_noRT"
"5227" "Rbx1" 321.44018143252 0.111604513085248 0.767506006093003 0.442780723594979 0.832834657200703 1 1 "Uqcrc2_noRT" "non-targeting_noRT"
"5228" "Azi2" 14.2134730399959 -0.401850648670142 -0.767502097875903 0.442783046360934 0.832834657200703 0.476190476190476 0.803571428571429 "Uqcrc2_noRT" "non-targeting_noRT"
"5229" "Abhd3" 1.95515173276619 -1.09483981935203 -0.76700647778649 0.443077664111854 NA 0.0952380952380952 0.232142857142857 "Uqcrc2_noRT" "non-targeting_noRT"
"5230" "Gtpbp6" 5.83230887904863 0.634696091967064 0.766998489625806 0.443082413533126 NA 0.333333333333333 0.375 "Uqcrc2_noRT" "non-targeting_noRT"
"5231" "2810001G20Rik" 8.56038522913718 0.474876296345997 0.766789182695298 0.443206868919628 NA 0.571428571428571 0.5 "Uqcrc2_noRT" "non-targeting_noRT"
"5232" "Brd3" 14.4636548170505 -0.384399027813057 -0.766747186117017 0.443231842789383 0.833300029742148 0.714285714285714 0.678571428571429 "Uqcrc2_noRT" "non-targeting_noRT"
"5233" "Gm14322" 1.36060944143734 1.22220167342863 0.766412651001424 0.443430807626871 NA 0.142857142857143 0.0892857142857143 "Uqcrc2_noRT" "non-targeting_noRT"
"5234" "Wipi1" 3.38769528449937 0.783509954122197 0.766373841018704 0.443453893176018 NA 0.19047619047619 0.25 "Uqcrc2_noRT" "non-targeting_noRT"
"5235" "Ftx" 15.7632839609757 -0.389090697875646 -0.766330522691164 0.443479661258894 0.833387301675434 0.523809523809524 0.714285714285714 "Uqcrc2_noRT" "non-targeting_noRT"
"5236" "Malt1" 3.56669695569157 0.806908688486036 0.766098043848805 0.443617966855192 NA 0.238095238095238 0.232142857142857 "Uqcrc2_noRT" "non-targeting_noRT"
"5237" "Atpaf1" 6.79260035015459 0.541087653348508 0.766019830539603 0.443664502814262 NA 0.476190476190476 0.446428571428571 "Uqcrc2_noRT" "non-targeting_noRT"
"5238" "Cldnd1" 11.5493267227222 0.426941682951894 0.765792813031742 0.443799591236186 NA 0.523809523809524 0.517857142857143 "Uqcrc2_noRT" "non-targeting_noRT"
"5239" "Mib2" 1.36380143505247 1.1781515462712 0.765740411671901 0.443830776383603 NA 0.142857142857143 0.0714285714285714 "Uqcrc2_noRT" "non-targeting_noRT"
"5240" "Klc1" 5.07262065472694 -0.698096834882612 -0.765616041998817 0.443904796391871 NA 0.285714285714286 0.446428571428571 "Uqcrc2_noRT" "non-targeting_noRT"
"5241" "Cnksr3" 1.76800967480482 1.05700887686496 0.765160914886542 0.444175730495125 NA 0.142857142857143 0.125 "Uqcrc2_noRT" "non-targeting_noRT"
"5242" "Rnf138" 20.3972364131588 0.352831384712728 0.765147246364902 0.444183868733675 0.834331751620494 0.761904761904762 0.821428571428571 "Uqcrc2_noRT" "non-targeting_noRT"
"5243" "Atp1a3" 2.56579117600481 0.952305379276739 0.76496893880471 0.444290040862062 NA 0.238095238095238 0.160714285714286 "Uqcrc2_noRT" "non-targeting_noRT"
"5244" "Sept6" 2.66492966952054 -0.920095539087975 -0.764638851420978 0.444486627563969 NA 0.142857142857143 0.267857142857143 "Uqcrc2_noRT" "non-targeting_noRT"
"5245" "Lzts3" 0.576481028661663 -1.7195184193305 -0.764580895930642 0.444521148632709 NA 0 0.125 "Uqcrc2_noRT" "non-targeting_noRT"
"5246" "Nfe2l3" 0.576481028661663 -1.7195184193305 -0.764580895930642 0.444521148632709 NA 0 0.0892857142857143 "Uqcrc2_noRT" "non-targeting_noRT"
"5247" "Irgq" 0.576481028661663 -1.7195184193305 -0.764580895930642 0.444521148632709 NA 0 0.107142857142857 "Uqcrc2_noRT" "non-targeting_noRT"
"5248" "Rab6b" 0.576481028661663 -1.7195184193305 -0.764580895930642 0.444521148632709 NA 0 0.0892857142857143 "Uqcrc2_noRT" "non-targeting_noRT"
"5249" "Crebrf" 29.9375991179651 0.275954457694944 0.764363497078946 0.444650655443095 0.834518561008236 0.904761904761905 0.767857142857143 "Uqcrc2_noRT" "non-targeting_noRT"
"5250" "Ppm1h" 3.54060342751404 0.827245713003579 0.764189555840583 0.444754289589498 NA 0.19047619047619 0.196428571428571 "Uqcrc2_noRT" "non-targeting_noRT"
"5251" "Txndc16" 8.56746012106804 0.526144491747673 0.764155286732078 0.44477470874028 NA 0.428571428571429 0.428571428571429 "Uqcrc2_noRT" "non-targeting_noRT"
"5252" "Clstn1" 18.4847018996194 -0.357243061244481 -0.764073506439517 0.444823439455505 0.834518561008236 0.666666666666667 0.803571428571429 "Uqcrc2_noRT" "non-targeting_noRT"
"5253" "Psma3" 356.730117045358 -0.114266874960555 -0.763964599902649 0.444888338710529 0.834518561008236 1 1 "Uqcrc2_noRT" "non-targeting_noRT"
"5254" "Mfsd14a" 11.1942202766317 0.43245045759166 0.763436210497316 0.445203291580986 NA 0.476190476190476 0.571428571428571 "Uqcrc2_noRT" "non-targeting_noRT"
"5255" "Mybl1" 5.03580742464581 -0.66208731148864 -0.763082950066077 0.445413927597194 NA 0.19047619047619 0.392857142857143 "Uqcrc2_noRT" "non-targeting_noRT"
"5256" "Sipa1l3" 4.4741704927627 0.741496828595679 0.762947906786617 0.445494463871117 NA 0.285714285714286 0.285714285714286 "Uqcrc2_noRT" "non-targeting_noRT"
"5257" "Carm1" 4.10787606324579 -0.779200536431824 -0.762897752443933 0.445524376720397 NA 0.19047619047619 0.339285714285714 "Uqcrc2_noRT" "non-targeting_noRT"
"5258" "Inpp1" 9.35988844446778 -0.484121096249753 -0.762719739857367 0.445630555504313 NA 0.380952380952381 0.589285714285714 "Uqcrc2_noRT" "non-targeting_noRT"
"5259" "Wwc2" 6.4033646086087 -0.574408057624092 -0.762522906433804 0.445747977096557 NA 0.333333333333333 0.482142857142857 "Uqcrc2_noRT" "non-targeting_noRT"
"5260" "L3hypdh" 8.11885986169021 0.499178272431584 0.762396466399985 0.445823414590246 NA 0.571428571428571 0.517857142857143 "Uqcrc2_noRT" "non-targeting_noRT"
"5261" "Acyp1" 30.2502799971709 0.277659062332808 0.762167328035582 0.445960143175804 0.836150010177379 0.761904761904762 0.910714285714286 "Uqcrc2_noRT" "non-targeting_noRT"
"5262" "Cgas" 8.28368571865196 -0.544821145500785 -0.761948733258628 0.446090602581091 NA 0.285714285714286 0.482142857142857 "Uqcrc2_noRT" "non-targeting_noRT"
"5263" "Ddias" 1.23745425821679 -1.47418970884709 -0.761887975673264 0.44612686713523 NA 0.0476190476190476 0.178571428571429 "Uqcrc2_noRT" "non-targeting_noRT"
"5264" "Ankle2" 5.16677318088127 -0.677770535243327 -0.76145216754435 0.4463870383858 NA 0.238095238095238 0.410714285714286 "Uqcrc2_noRT" "non-targeting_noRT"
"5265" "Srsf10" 37.1923685153981 -0.24309060991547 -0.761366758707667 0.446438036366174 0.836364584051364 0.904761904761905 0.928571428571429 "Uqcrc2_noRT" "non-targeting_noRT"
"5266" "Emc7" 99.4995906361934 -0.162543284706015 -0.761298456692165 0.446478822177251 0.836364584051364 1 1 "Uqcrc2_noRT" "non-targeting_noRT"
"5267" "Ints8" 9.73773156408079 0.449916684730832 0.761284087434006 0.446487402894636 NA 0.428571428571429 0.535714285714286 "Uqcrc2_noRT" "non-targeting_noRT"
"5268" "Prrt3" 0.724319180829776 1.86745206960015 0.760711061309862 0.446829666527025 NA 0.0952380952380952 0.0178571428571429 "Uqcrc2_noRT" "non-targeting_noRT"
"5269" "Cxcr6" 0.724319180829776 1.86745206960015 0.760711061309862 0.446829666527025 NA 0.0476190476190476 0.0178571428571429 "Uqcrc2_noRT" "non-targeting_noRT"
"5270" "Fignl2" 0.724319180829776 1.86745206960015 0.760711061309862 0.446829666527025 NA 0.0476190476190476 0.0357142857142857 "Uqcrc2_noRT" "non-targeting_noRT"
"5271" "Smim3" 8.2156186640301 0.538695446212258 0.760629517677505 0.446878383975261 NA 0.428571428571429 0.375 "Uqcrc2_noRT" "non-targeting_noRT"
"5272" "Rasal2" 5.87756443396058 0.56013137461323 0.760140693731667 0.447170490423428 NA 0.380952380952381 0.321428571428571 "Uqcrc2_noRT" "non-targeting_noRT"
"5273" "Sat2" 3.8052012427815 0.772774526357905 0.759958630131877 0.447279313887969 NA 0.285714285714286 0.214285714285714 "Uqcrc2_noRT" "non-targeting_noRT"
"5274" "Shfl" 11.3956788134611 -0.435590909069783 -0.75985406717248 0.44734182030288 NA 0.571428571428571 0.696428571428571 "Uqcrc2_noRT" "non-targeting_noRT"
"5275" "Usp39" 14.8389945061755 -0.391940233279454 -0.759590193662539 0.447499582630941 0.837082968254655 0.619047619047619 0.732142857142857 "Uqcrc2_noRT" "non-targeting_noRT"
"5276" "Elp4" 7.03527006201851 -0.549625836435655 -0.759580766249017 0.447505219593537 NA 0.380952380952381 0.517857142857143 "Uqcrc2_noRT" "non-targeting_noRT"
"5277" "Hpf1" 80.2354787830634 -0.179843260561919 -0.759447975746973 0.447584623718685 0.837082968254655 0.904761904761905 0.982142857142857 "Uqcrc2_noRT" "non-targeting_noRT"
"5278" "Lta4h" 15.6214156261007 0.396836196565422 0.759260873629433 0.447696517901287 0.837082968254655 0.619047619047619 0.785714285714286 "Uqcrc2_noRT" "non-targeting_noRT"
"5279" "Ptar1" 4.66898588335855 0.622361382763949 0.759069244760539 0.447811135731659 NA 0.333333333333333 0.267857142857143 "Uqcrc2_noRT" "non-targeting_noRT"
"5280" "Gars" 82.1180931630874 -0.194194569713682 -0.759067155104559 0.447812385697009 0.837082968254655 0.952380952380952 0.964285714285714 "Uqcrc2_noRT" "non-targeting_noRT"
"5281" "Prpsap2" 11.2025893741594 -0.452221172612819 -0.758970770664744 0.447870041939882 NA 0.476190476190476 0.714285714285714 "Uqcrc2_noRT" "non-targeting_noRT"
"5282" "Bcl7b" 18.5045850793453 -0.352564224519726 -0.758964525969809 0.447873777601693 0.837082968254655 0.619047619047619 0.821428571428571 "Uqcrc2_noRT" "non-targeting_noRT"
"5283" "Flad1" 6.92145975035506 0.514665328628675 0.758920050650006 0.44790038385761 NA 0.476190476190476 0.428571428571429 "Uqcrc2_noRT" "non-targeting_noRT"
"5284" "Ddr2" 11.8478792128308 -0.462343059811123 -0.758686424628918 0.448040159573141 NA 0.428571428571429 0.571428571428571 "Uqcrc2_noRT" "non-targeting_noRT"
"5285" "Pwwp2a" 9.16375524895447 -0.484858914656289 -0.758636615595235 0.448069962939824 NA 0.428571428571429 0.607142857142857 "Uqcrc2_noRT" "non-targeting_noRT"
"5286" "Clasp2" 6.95515529680771 -0.542658354704207 -0.758389952713238 0.448217570923304 NA 0.333333333333333 0.517857142857143 "Uqcrc2_noRT" "non-targeting_noRT"
"5287" "2610301B20Rik" 5.77375808460773 0.566455121282392 0.75799629079841 0.448453203260358 NA 0.380952380952381 0.428571428571429 "Uqcrc2_noRT" "non-targeting_noRT"
"5288" "Mcrip1" 85.3778944857236 0.164403116305584 0.757722827126572 0.448616930501031 0.838093389802829 1 1 "Uqcrc2_noRT" "non-targeting_noRT"
"5289" "Rhd" 1.89529556636636 -1.12256965912955 -0.757290883006934 0.448875611736726 NA 0.0952380952380952 0.178571428571429 "Uqcrc2_noRT" "non-targeting_noRT"
"5290" "Adcy3" 4.81246279573772 0.649589044604996 0.757059306810429 0.449014332157483 NA 0.238095238095238 0.303571428571429 "Uqcrc2_noRT" "non-targeting_noRT"
"5291" "Lrp12" 2.00018755329934 -1.13542214028717 -0.75700558171261 0.449046518423802 NA 0.0952380952380952 0.214285714285714 "Uqcrc2_noRT" "non-targeting_noRT"
"5292" "Cep89" 3.63286824334828 -0.822749994629287 -0.756767663034092 0.449189069290482 NA 0.142857142857143 0.267857142857143 "Uqcrc2_noRT" "non-targeting_noRT"
"5293" "Gm20274" 1.4416070105403 1.22786109433653 0.756713900239344 0.449221285251789 NA 0.142857142857143 0.0892857142857143 "Uqcrc2_noRT" "non-targeting_noRT"
"5294" "Arhgap30" 8.0866698579707 0.492313223297496 0.755964498353343 0.449670481355139 NA 0.380952380952381 0.428571428571429 "Uqcrc2_noRT" "non-targeting_noRT"
"5295" "Tbck" 4.67588669143018 0.618853936258879 0.755863327273533 0.449731143427715 NA 0.380952380952381 0.285714285714286 "Uqcrc2_noRT" "non-targeting_noRT"
"5296" "Fyttd1" 41.0568941356423 0.244041618679103 0.75568263673185 0.449839496826946 0.839130083110571 0.904761904761905 0.910714285714286 "Uqcrc2_noRT" "non-targeting_noRT"
"5297" "Rin2" 16.4023387385764 0.353670276404657 0.755469615789628 0.449967256569193 0.839130083110571 0.619047619047619 0.589285714285714 "Uqcrc2_noRT" "non-targeting_noRT"
"5298" "Slc15a4" 3.5159729447332 0.723580550446561 0.755264704076572 0.450090172187731 NA 0.238095238095238 0.25 "Uqcrc2_noRT" "non-targeting_noRT"
"5299" "Plagl2" 5.02527564447082 -0.65816608390138 -0.755101489672381 0.450188089423765 NA 0.238095238095238 0.375 "Uqcrc2_noRT" "non-targeting_noRT"
"5300" "Cdkl5" 3.36707269136909 0.773322666174273 0.754880078512543 0.450320939936171 NA 0.333333333333333 0.214285714285714 "Uqcrc2_noRT" "non-targeting_noRT"
"5301" "Ip6k3" 1.19163187529756 -1.30698392930306 -0.754816322998111 0.450359198461711 NA 0.0476190476190476 0.178571428571429 "Uqcrc2_noRT" "non-targeting_noRT"
"5302" "Tm9sf2" 43.8706636589969 -0.279333643302374 -0.75477356543794 0.450384857527963 0.839130083110571 0.857142857142857 0.857142857142857 "Uqcrc2_noRT" "non-targeting_noRT"
"5303" "Coa3" 104.46636398996 0.165716041121698 0.7547073948294 0.450424568536234 0.839130083110571 1 1 "Uqcrc2_noRT" "non-targeting_noRT"
"5304" "Dnajb5" 2.3736494597206 0.896748098839883 0.754619237807487 0.450477477345463 NA 0.19047619047619 0.142857142857143 "Uqcrc2_noRT" "non-targeting_noRT"
"5305" "Pou3f2" 10.7571442822558 -0.482697376720015 -0.754552347942252 0.450517624688099 NA 0.333333333333333 0.517857142857143 "Uqcrc2_noRT" "non-targeting_noRT"
"5306" "Thap4" 1.86643784342293 1.1117255729049 0.754441670593284 0.450584057758522 NA 0.142857142857143 0.125 "Uqcrc2_noRT" "non-targeting_noRT"
"5307" "Asns" 71.5447079332025 -0.184365858267394 -0.754329137646068 0.450651610322543 0.839130083110571 0.904761904761905 0.982142857142857 "Uqcrc2_noRT" "non-targeting_noRT"
"5308" "Mbd2" 22.6801395225963 0.30261515864792 0.754299872082078 0.450669179129464 0.839130083110571 0.714285714285714 0.803571428571429 "Uqcrc2_noRT" "non-targeting_noRT"
"5309" "Tmed9" 64.8148968287923 -0.194146571058322 -0.754181203623439 0.450740422573088 0.839130083110571 0.952380952380952 0.982142857142857 "Uqcrc2_noRT" "non-targeting_noRT"
"5310" "Fam133b" 19.3877524581878 0.349531788758413 0.75409172541173 0.450794145663315 0.839130083110571 0.714285714285714 0.714285714285714 "Uqcrc2_noRT" "non-targeting_noRT"
"5311" "Zbtb26" 3.68175473974877 0.756971551549733 0.753905559189237 0.450905932254118 NA 0.285714285714286 0.214285714285714 "Uqcrc2_noRT" "non-targeting_noRT"
"5312" "1110059G10Rik" 13.1544291834191 -0.393429144728127 -0.753666780224306 0.451049334005678 0.839227582785745 0.476190476190476 0.696428571428571 "Uqcrc2_noRT" "non-targeting_noRT"
"5313" "Setd7" 4.27307412956326 -0.707934112650569 -0.753377464150699 0.45122312104233 NA 0.19047619047619 0.392857142857143 "Uqcrc2_noRT" "non-targeting_noRT"
"5314" "H2-Aa" 234.435257996854 0.167484997413438 0.753226705244863 0.451313694258516 0.839342052513142 0.952380952380952 0.982142857142857 "Uqcrc2_noRT" "non-targeting_noRT"
"5315" "Ercc2" 1.18952551926256 -1.30424836292509 -0.753209865017243 0.451323812200483 NA 0.0476190476190476 0.160714285714286 "Uqcrc2_noRT" "non-targeting_noRT"
"5316" "Icam4" 1.18952551926256 -1.30424836292509 -0.753209865017243 0.451323812200483 NA 0.0476190476190476 0.107142857142857 "Uqcrc2_noRT" "non-targeting_noRT"
"5317" "Usp49" 1.18952551926256 -1.30424836292509 -0.753209865017243 0.451323812200483 NA 0.0476190476190476 0.160714285714286 "Uqcrc2_noRT" "non-targeting_noRT"
"5318" "Arhgap21" 2.65650424538055 -0.915663979340033 -0.753185894425756 0.4513382144275 NA 0.142857142857143 0.285714285714286 "Uqcrc2_noRT" "non-targeting_noRT"
"5319" "Zbtb18" 3.95257886880871 0.700923328702148 0.753023104309632 0.451436030332668 NA 0.333333333333333 0.25 "Uqcrc2_noRT" "non-targeting_noRT"
"5320" "Gm16897" 3.43093478930283 -0.847221839140081 -0.752826506160515 0.451554176499362 NA 0.0952380952380952 0.321428571428571 "Uqcrc2_noRT" "non-targeting_noRT"
"5321" "Esyt1" 6.98436098751575 -0.545260767578976 -0.752477014112301 0.451764247824938 NA 0.285714285714286 0.517857142857143 "Uqcrc2_noRT" "non-targeting_noRT"
"5322" "Baz2a" 10.5347750115985 0.433171820890392 0.752076076733406 0.452005309761055 NA 0.523809523809524 0.482142857142857 "Uqcrc2_noRT" "non-targeting_noRT"
"5323" "Strn3" 20.8170262049774 0.306108587488211 0.752061792564612 0.452013899399568 0.840109606595481 0.761904761904762 0.696428571428571 "Uqcrc2_noRT" "non-targeting_noRT"
"5324" "Gemin6" 22.8271087558072 -0.305321322196819 -0.751864657764378 0.452132453815403 0.840109606595481 0.761904761904762 0.75 "Uqcrc2_noRT" "non-targeting_noRT"
"5325" "3110009E18Rik" 6.18470529761809 -0.60348506137252 -0.751646101875564 0.45226391114863 NA 0.238095238095238 0.5 "Uqcrc2_noRT" "non-targeting_noRT"
"5326" "Synpo" 1.17680954069942 -1.30425737011723 -0.751605462673812 0.452288357259782 NA 0.0476190476190476 0.178571428571429 "Uqcrc2_noRT" "non-targeting_noRT"
"5327" "Prkar2a" 9.35567772112925 -0.494642635509377 -0.751224493937026 0.452517561555294 NA 0.333333333333333 0.607142857142857 "Uqcrc2_noRT" "non-targeting_noRT"
"5328" "Trmt5" 5.30054661105473 0.594948173696477 0.751070392850582 0.452610292867787 NA 0.428571428571429 0.321428571428571 "Uqcrc2_noRT" "non-targeting_noRT"
"5329" "Cwf19l1" 5.10290371143243 0.615442147036533 0.750808927723842 0.452767655731985 NA 0.428571428571429 0.339285714285714 "Uqcrc2_noRT" "non-targeting_noRT"
"5330" "Stard3nl" 18.2729132259199 0.323034457807494 0.750314041170924 0.45306558792554 0.841328996277526 0.714285714285714 0.785714285714286 "Uqcrc2_noRT" "non-targeting_noRT"
"5331" "Zfp236" 2.0541636300824 -1.08350990630341 -0.750274776653735 0.45308923073521 NA 0.0952380952380952 0.25 "Uqcrc2_noRT" "non-targeting_noRT"
"5332" "Ubxn2b" 6.95254504315922 -0.536734846561955 -0.750208304759637 0.45312925783325 NA 0.380952380952381 0.607142857142857 "Uqcrc2_noRT" "non-targeting_noRT"
"5333" "Shf" 30.1576873503336 -0.265219496691172 -0.75009856485369 0.453195343814066 0.841328996277526 0.619047619047619 0.875 "Uqcrc2_noRT" "non-targeting_noRT"
"5334" "Inpp4a" 4.67378033539518 0.61979676907043 0.749990153181962 0.453260635266633 NA 0.19047619047619 0.303571428571429 "Uqcrc2_noRT" "non-targeting_noRT"
"5335" "Ift57" 11.2828402970671 0.413408925507276 0.7498812772982 0.453326211636197 NA 0.476190476190476 0.535714285714286 "Uqcrc2_noRT" "non-targeting_noRT"
"5336" "Tmcc1" 8.21015306616789 0.471212554249001 0.749758069750878 0.453400426480313 NA 0.476190476190476 0.464285714285714 "Uqcrc2_noRT" "non-targeting_noRT"
"5337" "Neurl2" 2.39108005923576 0.934793073866324 0.749434934894568 0.453595101370073 NA 0.142857142857143 0.178571428571429 "Uqcrc2_noRT" "non-targeting_noRT"
"5338" "Apol9a" 67.5110632752548 -0.210027192668777 -0.749378031646778 0.453629388018755 0.841757133462604 0.952380952380952 0.964285714285714 "Uqcrc2_noRT" "non-targeting_noRT"
"5339" "Gm37494" 2.66922022394369 -0.909915125221173 -0.74930581594431 0.453672903183659 NA 0.142857142857143 0.285714285714286 "Uqcrc2_noRT" "non-targeting_noRT"
"5340" "Dusp18" 2.73118274637851 -0.893922062188564 -0.749085521732958 0.45380566086858 NA 0.142857142857143 0.25 "Uqcrc2_noRT" "non-targeting_noRT"
"5341" "Vps13c" 8.15444953962849 0.483230300001104 0.748993330050656 0.453861225592013 NA 0.380952380952381 0.535714285714286 "Uqcrc2_noRT" "non-targeting_noRT"
"5342" "Etv3" 3.56261122368786 0.703683285184125 0.748757732233696 0.454003239862882 NA 0.285714285714286 0.214285714285714 "Uqcrc2_noRT" "non-targeting_noRT"
"5343" "Trub1" 7.03418442443839 -0.543849617043561 -0.748751281053604 0.454007128874591 NA 0.380952380952381 0.464285714285714 "Uqcrc2_noRT" "non-targeting_noRT"
"5344" "Btbd9" 6.95103751169462 0.54854685334973 0.748704257754874 0.454035476838491 NA 0.380952380952381 0.428571428571429 "Uqcrc2_noRT" "non-targeting_noRT"
"5345" "Uap1" 10.5139798330711 0.43344619800283 0.74858719779912 0.454106050688551 NA 0.571428571428571 0.553571428571429 "Uqcrc2_noRT" "non-targeting_noRT"
"5346" "Atxn7l3b" 68.4551936565141 0.188974285582723 0.748510338117199 0.454152391705538 0.842068369729772 0.952380952380952 0.982142857142857 "Uqcrc2_noRT" "non-targeting_noRT"
"5347" "4930430F08Rik" 5.95013657892354 0.566656284000372 0.74846860747744 0.454177553481782 NA 0.428571428571429 0.339285714285714 "Uqcrc2_noRT" "non-targeting_noRT"
"5348" "1700120C14Rik" 1.45701108510508 1.23246951960258 0.748164452865264 0.454360969334825 NA 0.0476190476190476 0.0535714285714286 "Uqcrc2_noRT" "non-targeting_noRT"
"5349" "Neurl4" 1.19373823133256 -1.30982280322174 -0.748146314748031 0.454371908571891 NA 0.0476190476190476 0.142857142857143 "Uqcrc2_noRT" "non-targeting_noRT"
"5350" "Dhx58" 7.6791718394621 -0.520963667729804 -0.74805891665697 0.454424621109177 NA 0.333333333333333 0.5 "Uqcrc2_noRT" "non-targeting_noRT"
"5351" "Ttc23" 1.18262471119093 -1.29504465651714 -0.747822926844761 0.454566971202684 NA 0.0476190476190476 0.178571428571429 "Uqcrc2_noRT" "non-targeting_noRT"
"5352" "Abl1" 2.42078964755729 0.899845603940725 0.747669299297758 0.4546596535169 NA 0.238095238095238 0.178571428571429 "Uqcrc2_noRT" "non-targeting_noRT"
"5353" "B3gnt2" 17.6648824314651 0.341349530751015 0.747253580736772 0.454910506699281 0.842068369729772 0.619047619047619 0.767857142857143 "Uqcrc2_noRT" "non-targeting_noRT"
"5354" "March6" 13.8189684659523 -0.38246396242115 -0.747233578022282 0.454922578716559 0.842068369729772 0.523809523809524 0.732142857142857 "Uqcrc2_noRT" "non-targeting_noRT"
"5355" "Mmaa" 1.1376557985145 -1.31640839110545 -0.747187847708681 0.454950178505287 NA 0.0476190476190476 0.142857142857143 "Uqcrc2_noRT" "non-targeting_noRT"
"5356" "Utp4" 19.7185061639765 0.314395475306365 0.747103671635043 0.455000984074255 0.842068369729772 0.666666666666667 0.75 "Uqcrc2_noRT" "non-targeting_noRT"
"5357" "Stx5a" 20.4945728242944 -0.321713395188462 -0.746873031647948 0.455140206222334 0.842068369729772 0.714285714285714 0.875 "Uqcrc2_noRT" "non-targeting_noRT"
"5358" "Rpf1" 26.0934786359292 -0.279741134355514 -0.746853382289687 0.455152068352678 0.842068369729772 0.714285714285714 0.857142857142857 "Uqcrc2_noRT" "non-targeting_noRT"
"5359" "Gm50340" 2.71048032216362 -0.881169050757412 -0.746613659700439 0.455296800611876 NA 0.142857142857143 0.285714285714286 "Uqcrc2_noRT" "non-targeting_noRT"
"5360" "Spire1" 6.39499925667828 -0.584427169058084 -0.746272943168291 0.4555025524332 NA 0.285714285714286 0.446428571428571 "Uqcrc2_noRT" "non-targeting_noRT"
"5361" "Zbtb20" 19.8007649206593 -0.327955478036606 -0.746218832927567 0.455535233327828 0.842068369729772 0.619047619047619 0.732142857142857 "Uqcrc2_noRT" "non-targeting_noRT"
"5362" "Ift122" 3.73783717256684 0.785235675891641 0.746218751108242 0.455535282745143 NA 0.238095238095238 0.25 "Uqcrc2_noRT" "non-targeting_noRT"
"5363" "E430024I08Rik" 1.16990873262779 -1.29503502812222 -0.746205620742631 0.455543213275137 NA 0.0476190476190476 0.160714285714286 "Uqcrc2_noRT" "non-targeting_noRT"
"5364" "Fgf21" 0.641775448005795 -1.87669691504187 -0.746203008874279 0.455544790810949 NA 0 0.0714285714285714 "Uqcrc2_noRT" "non-targeting_noRT"
"5365" "Ntrk3" 0.641775448005795 -1.87669691504187 -0.746203008874279 0.455544790810949 NA 0 0.0357142857142857 "Uqcrc2_noRT" "non-targeting_noRT"
"5366" "Fam117a" 0.641775448005795 -1.87669691504187 -0.746203008874279 0.455544790810949 NA 0 0.125 "Uqcrc2_noRT" "non-targeting_noRT"
"5367" "Ten1" 35.9527452477911 0.257079391564719 0.746153380664458 0.455574766213087 0.842068369729772 0.714285714285714 0.928571428571429 "Uqcrc2_noRT" "non-targeting_noRT"
"5368" "Vasp" 13.2711820427831 0.379163342116809 0.74606428317768 0.455628583814635 0.842068369729772 0.666666666666667 0.660714285714286 "Uqcrc2_noRT" "non-targeting_noRT"
"5369" "Tmem101" 8.56853119864383 -0.489471725908385 -0.745981123476518 0.45567881804026 NA 0.380952380952381 0.607142857142857 "Uqcrc2_noRT" "non-targeting_noRT"
"5370" "Dolk" 2.72057312385037 -0.900877542024098 -0.74577395165103 0.455803977740002 NA 0.142857142857143 0.285714285714286 "Uqcrc2_noRT" "non-targeting_noRT"
"5371" "0610010F05Rik" 8.5614708667173 0.469071182157666 0.745630329808502 0.455890756037139 NA 0.428571428571429 0.428571428571429 "Uqcrc2_noRT" "non-targeting_noRT"
"5372" "Ubr3" 7.14169958824775 -0.539484360924069 -0.745543400151874 0.455943284648933 NA 0.380952380952381 0.5 "Uqcrc2_noRT" "non-targeting_noRT"
"5373" "Nutf2-ps1" 8.0540544280002 0.522860816195912 0.745377240051079 0.456043698975162 NA 0.476190476190476 0.446428571428571 "Uqcrc2_noRT" "non-targeting_noRT"
"5374" "Creb3l1" 1.12864863440787 -1.30429192505747 -0.745329921863601 0.456072296706815 NA 0.0476190476190476 0.142857142857143 "Uqcrc2_noRT" "non-targeting_noRT"
"5375" "Evc" 1.12864863440787 -1.30429192505747 -0.745329921863601 0.456072296706815 NA 0.0476190476190476 0.125 "Uqcrc2_noRT" "non-targeting_noRT"
"5376" "Zfp629" 1.12864863440787 -1.30429192505747 -0.745329921863601 0.456072296706815 NA 0.0476190476190476 0.160714285714286 "Uqcrc2_noRT" "non-targeting_noRT"
"5377" "Bhlhe22" 3.47692243170268 -0.768183116918269 -0.745119142535346 0.456199697834342 NA 0.19047619047619 0.321428571428571 "Uqcrc2_noRT" "non-targeting_noRT"
"5378" "Amotl1" 11.0531142164758 -0.459553462240353 -0.744978315183226 0.456284829113854 NA 0.476190476190476 0.714285714285714 "Uqcrc2_noRT" "non-targeting_noRT"
"5379" "Exoc6b" 1.96038516329106 -1.08089446224722 -0.744930356747113 0.456313822417294 NA 0.0952380952380952 0.232142857142857 "Uqcrc2_noRT" "non-targeting_noRT"
"5380" "Srpr" 76.3391362329408 0.170663626237437 0.744828751114717 0.456375251589691 0.843071781731314 1 0.982142857142857 "Uqcrc2_noRT" "non-targeting_noRT"
"5381" "Zadh2" 2.01602861762089 -1.0536926654229 -0.74471794006941 0.456442251510351 NA 0.0952380952380952 0.25 "Uqcrc2_noRT" "non-targeting_noRT"
"5382" "Dgke" 2.83998352327176 -0.971328326792694 -0.743976450836753 0.456890722010066 NA 0.142857142857143 0.232142857142857 "Uqcrc2_noRT" "non-targeting_noRT"
"5383" "Kti12" 21.8270161216712 0.302557517668569 0.743851267570572 0.456966460275842 0.843455877529924 0.761904761904762 0.821428571428571 "Uqcrc2_noRT" "non-targeting_noRT"
"5384" "Gtpbp4" 78.6099568395013 -0.169688928725635 -0.743810981645382 0.456990835529746 0.843455877529924 0.904761904761905 1 "Uqcrc2_noRT" "non-targeting_noRT"
"5385" "Med20" 7.17417927629992 0.50548484922894 0.743790372962619 0.457003305226033 NA 0.428571428571429 0.464285714285714 "Uqcrc2_noRT" "non-targeting_noRT"
"5386" "Gpr137" 4.08456534349905 0.660314574056169 0.743539136379408 0.457155336320731 NA 0.238095238095238 0.285714285714286 "Uqcrc2_noRT" "non-targeting_noRT"
"5387" "Msh6" 6.40009477264043 -0.572850265882403 -0.743532742000665 0.457159206129468 NA 0.285714285714286 0.392857142857143 "Uqcrc2_noRT" "non-targeting_noRT"
"5388" "Nod1" 4.85246805004879 -0.654453410559555 -0.743448285653614 0.457210319921986 NA 0.238095238095238 0.357142857142857 "Uqcrc2_noRT" "non-targeting_noRT"
"5389" "Samd9l" 12.5096489327983 0.397967786251654 0.743442737685177 0.45721367771812 NA 0.571428571428571 0.553571428571429 "Uqcrc2_noRT" "non-targeting_noRT"
"5390" "Sf3b4" 24.5151543338529 -0.309216190081894 -0.743345873442108 0.457272305081685 0.84353919202305 0.714285714285714 0.839285714285714 "Uqcrc2_noRT" "non-targeting_noRT"
"5391" "Slc41a2" 1.18741916322757 -1.30152570693218 -0.743314035206831 0.457291576187605 NA 0.0476190476190476 0.142857142857143 "Uqcrc2_noRT" "non-targeting_noRT"
"5392" "Trmo" 7.18108008437155 0.503033430250822 0.743075966102486 0.457435689549856 NA 0.476190476190476 0.482142857142857 "Uqcrc2_noRT" "non-targeting_noRT"
"5393" "Odf2l" 8.42804344619181 -0.497625937064442 -0.742988711439441 0.457488514896377 NA 0.333333333333333 0.589285714285714 "Uqcrc2_noRT" "non-targeting_noRT"
"5394" "Prkx" 4.3636879166327 0.692489545167744 0.742979779078442 0.457493922881579 NA 0.333333333333333 0.321428571428571 "Uqcrc2_noRT" "non-targeting_noRT"
"5395" "E2f1" 7.977573845032 -0.532551713943999 -0.742871945265433 0.457559212334267 NA 0.333333333333333 0.482142857142857 "Uqcrc2_noRT" "non-targeting_noRT"
"5396" "Dctn3" 202.092402328322 0.121866192290705 0.742818647598608 0.457591484064948 0.84353919202305 1 1 "Uqcrc2_noRT" "non-targeting_noRT"
"5397" "Tbcd" 4.96214964210272 -0.665238959617435 -0.74281482858355 0.457593796527151 NA 0.285714285714286 0.446428571428571 "Uqcrc2_noRT" "non-targeting_noRT"
"5398" "Tkt" 38.1409503060027 0.239820494607228 0.742554838606718 0.457751239189702 0.84353919202305 0.857142857142857 0.928571428571429 "Uqcrc2_noRT" "non-targeting_noRT"
"5399" "Nexn" 1.46122379717507 1.22318739183718 0.742496530029 0.457786553407896 NA 0.0952380952380952 0.0714285714285714 "Uqcrc2_noRT" "non-targeting_noRT"
"5400" "Meis3" 1.19482386891268 -1.32882963993252 -0.742056526842298 0.458053087827844 NA 0.0476190476190476 0.160714285714286 "Uqcrc2_noRT" "non-targeting_noRT"
"5401" "Inafm2" 1.32145569925241 1.16476853493726 0.741759644719494 0.458232975031649 NA 0.0952380952380952 0.0892857142857143 "Uqcrc2_noRT" "non-targeting_noRT"
"5402" "Ppp3cc" 1.32145569925241 1.16476853493726 0.741759644719494 0.458232975031649 NA 0.142857142857143 0.0892857142857143 "Uqcrc2_noRT" "non-targeting_noRT"
"5403" "Pofut2" 25.4378235148993 -0.281146089284294 -0.741704727277503 0.458266255022206 0.84353919202305 0.714285714285714 0.910714285714286 "Uqcrc2_noRT" "non-targeting_noRT"
"5404" "Dtnbp1" 17.4833483489776 0.340834268443805 0.741529061437719 0.458372717690424 0.84353919202305 0.666666666666667 0.839285714285714 "Uqcrc2_noRT" "non-targeting_noRT"
"5405" "Higd2a" 36.771913287858 0.280897712983867 0.74152837639008 0.458373132892199 0.84353919202305 0.952380952380952 0.928571428571429 "Uqcrc2_noRT" "non-targeting_noRT"
"5406" "Gm42463" 0.92836097964169 1.36924555997448 0.741477456341449 0.458403995708044 NA 0.0952380952380952 0.0535714285714286 "Uqcrc2_noRT" "non-targeting_noRT"
"5407" "Fam220a" 0.92836097964169 1.36924555997448 0.741477456341449 0.458403995708044 NA 0.0952380952380952 0.0535714285714286 "Uqcrc2_noRT" "non-targeting_noRT"
"5408" "Serpinb9" 0.92836097964169 1.36924555997448 0.741477456341449 0.458403995708044 NA 0.0952380952380952 0.0535714285714286 "Uqcrc2_noRT" "non-targeting_noRT"
"5409" "Klhl3" 0.92836097964169 1.36924555997448 0.741477456341449 0.458403995708044 NA 0.0952380952380952 0.0535714285714286 "Uqcrc2_noRT" "non-targeting_noRT"
"5410" "4933432I03Rik" 0.92836097964169 1.36924555997448 0.741477456341449 0.458403995708044 NA 0.0952380952380952 0.0535714285714286 "Uqcrc2_noRT" "non-targeting_noRT"
"5411" "Spag9" 29.1556005976085 0.272858763648985 0.740361930736809 0.459080411926908 0.84353919202305 0.857142857142857 0.839285714285714 "Uqcrc2_noRT" "non-targeting_noRT"
"5412" "Dnajc21" 107.110170741778 -0.160380715615761 -0.740350004982442 0.459087646312695 0.84353919202305 0.952380952380952 0.982142857142857 "Uqcrc2_noRT" "non-targeting_noRT"
"5413" "Xpo5" 8.32264756164535 -0.487666619561124 -0.740288108321593 0.459125195011618 NA 0.380952380952381 0.517857142857143 "Uqcrc2_noRT" "non-targeting_noRT"
"5414" "Lsm4" 174.721569954643 -0.126624048765593 -0.740198681154898 0.459179447725656 0.84353919202305 0.952380952380952 1 "Uqcrc2_noRT" "non-targeting_noRT"
"5415" "Fam102a" 2.41759765394216 0.923962547192689 0.740099304976216 0.459239740412392 NA 0.238095238095238 0.142857142857143 "Uqcrc2_noRT" "non-targeting_noRT"
"5416" "BC049715" 1.12174782633623 -1.29499807079077 -0.739879505035258 0.45937311135124 NA 0.0476190476190476 0.160714285714286 "Uqcrc2_noRT" "non-targeting_noRT"
"5417" "Oplah" 1.12174782633623 -1.29499807079077 -0.739879505035258 0.45937311135124 NA 0.0476190476190476 0.178571428571429 "Uqcrc2_noRT" "non-targeting_noRT"
"5418" "Mrpl41" 31.147722958152 0.253577148368145 0.739753871198318 0.459449353611168 0.84353919202305 0.857142857142857 0.857142857142857 "Uqcrc2_noRT" "non-targeting_noRT"
"5419" "Nmnat3" 2.01280767422317 0.974638606014338 0.739547535269301 0.459574586188749 NA 0.0952380952380952 0.125 "Uqcrc2_noRT" "non-targeting_noRT"
"5420" "Pcgf2" 5.56492183375918 0.602471015059262 0.739541429194988 0.459578292472505 NA 0.333333333333333 0.339285714285714 "Uqcrc2_noRT" "non-targeting_noRT"
"5421" "Itgb1" 101.034856189188 0.164779302413301 0.739512272904639 0.459595990077999 0.84353919202305 1 0.982142857142857 "Uqcrc2_noRT" "non-targeting_noRT"
"5422" "Ifit2" 21.2664580706984 0.48688823944657 0.73948050752733 0.459615271810102 0.84353919202305 0.476190476190476 0.517857142857143 "Uqcrc2_noRT" "non-targeting_noRT"
"5423" "Abcc4" 1.16780237659279 -1.29223155466014 -0.739356018455331 0.459690841622776 NA 0.0476190476190476 0.142857142857143 "Uqcrc2_noRT" "non-targeting_noRT"
"5424" "Asb13" 11.3274500623399 0.411985152156208 0.739262173009921 0.459747814134952 NA 0.666666666666667 0.535714285714286 "Uqcrc2_noRT" "non-targeting_noRT"
"5425" "Ezr" 52.0432028379182 0.202312059997903 0.739248805566765 0.459755929680644 0.84353919202305 0.904761904761905 0.946428571428571 "Uqcrc2_noRT" "non-targeting_noRT"
"5426" "H2-M3" 14.7730041525991 0.347957780980597 0.73902815234727 0.459889902659256 0.84353919202305 0.619047619047619 0.696428571428571 "Uqcrc2_noRT" "non-targeting_noRT"
"5427" "Abraxas1" 4.82095313900296 0.625460282139763 0.738892384247318 0.459972347196452 NA 0.380952380952381 0.357142857142857 "Uqcrc2_noRT" "non-targeting_noRT"
"5428" "Rbpms" 0.569580220590031 -1.70435960076632 -0.73861606742416 0.460140164827478 NA 0 0.107142857142857 "Uqcrc2_noRT" "non-targeting_noRT"
"5429" "Mageb18" 1.9630443095101 0.923992164508479 0.738328382418146 0.460314923181364 NA 0.19047619047619 0.142857142857143 "Uqcrc2_noRT" "non-targeting_noRT"
"5430" "Ybx1" 751.152085775195 -0.0867973570211295 -0.738094398322863 0.460457087528429 0.843867251712403 1 1 "Uqcrc2_noRT" "non-targeting_noRT"
"5431" "Ltbp4" 6.83727018763698 0.518446229943862 0.737931437959586 0.460556113694041 NA 0.428571428571429 0.392857142857143 "Uqcrc2_noRT" "non-targeting_noRT"
"5432" "Nsa2" 153.176342521318 0.134068596956049 0.737747882737245 0.460667669004512 0.843867251712403 1 1 "Uqcrc2_noRT" "non-targeting_noRT"
"5433" "4933404O12Rik" 1.18160399273606 -1.31094410980441 -0.737176302742014 0.461015142336517 NA 0.0476190476190476 0.142857142857143 "Uqcrc2_noRT" "non-targeting_noRT"
"5434" "Tfb1m" 4.16126841133075 -0.723413071636241 -0.737168043223876 0.461020164513442 NA 0.19047619047619 0.446428571428571 "Uqcrc2_noRT" "non-targeting_noRT"
"5435" "Dleu2" 4.81585765365563 -0.640508085845808 -0.736891593848885 0.461188276422189 NA 0.238095238095238 0.375 "Uqcrc2_noRT" "non-targeting_noRT"
"5436" "Sav1" 12.320418534088 0.391822578717456 0.736890367956485 0.461189021977136 NA 0.666666666666667 0.642857142857143 "Uqcrc2_noRT" "non-targeting_noRT"
"5437" "Cdhr4" 1.31564052876091 1.14200138842042 0.736888230569095 0.46119032188055 NA 0.142857142857143 0.0892857142857143 "Uqcrc2_noRT" "non-targeting_noRT"
"5438" "Ubap1" 17.4785319508476 -0.373007197713069 -0.73686451799523 0.461204743388533 0.843867251712403 0.619047619047619 0.785714285714286 "Uqcrc2_noRT" "non-targeting_noRT"
"5439" "Ints6" 5.56276081891307 -0.597893704709884 -0.736784147355522 0.461253625061014 NA 0.19047619047619 0.5 "Uqcrc2_noRT" "non-targeting_noRT"
"5440" "Echs1" 69.540189148833 0.172071512607028 0.736724677646413 0.461289796586027 0.843867251712403 1 0.946428571428571 "Uqcrc2_noRT" "non-targeting_noRT"
"5441" "Eri3" 26.880944850579 0.268118909013098 0.735941017915768 0.461766593438028 0.843867251712403 0.80952380952381 0.785714285714286 "Uqcrc2_noRT" "non-targeting_noRT"
"5442" "Psmc3" 69.7820123635443 -0.1887792111336 -0.735909820807129 0.461785580180189 0.843867251712403 0.952380952380952 1 "Uqcrc2_noRT" "non-targeting_noRT"
"5443" "Ppp1r12b" 1.38712703614375 1.20202181390208 0.73570298895674 0.461911470274634 NA 0.0952380952380952 0.0892857142857143 "Uqcrc2_noRT" "non-targeting_noRT"
"5444" "Stk38l" 9.82097825069714 0.44621029257214 0.735611032133954 0.461967446786846 NA 0.523809523809524 0.553571428571429 "Uqcrc2_noRT" "non-targeting_noRT"
"5445" "Smagp" 2.494806577504 0.955174901749473 0.735570362110641 0.461992204896635 NA 0.19047619047619 0.160714285714286 "Uqcrc2_noRT" "non-targeting_noRT"
"5446" "Snhg1" 257.65459464949 -0.361839561442808 -0.735567486237674 0.461993955628826 0.843867251712403 0.952380952380952 1 "Uqcrc2_noRT" "non-targeting_noRT"
"5447" "Endod1" 1.34608618203325 1.49405789415887 0.73552189046875 0.462021713253861 NA 0.0952380952380952 0.0714285714285714 "Uqcrc2_noRT" "non-targeting_noRT"
"5448" "Uhrf1bp1l" 11.0808697850151 -0.417766506500625 -0.735169519877835 0.462236259524448 NA 0.523809523809524 0.678571428571429 "Uqcrc2_noRT" "non-targeting_noRT"
"5449" "Klhl42" 4.07076372735579 0.668512125323543 0.735132443770878 0.462258837116428 NA 0.285714285714286 0.267857142857143 "Uqcrc2_noRT" "non-targeting_noRT"
"5450" "Ftsj3" 41.5892941152563 -0.22908005913964 -0.735046748811644 0.462311023640137 0.843867251712403 0.857142857142857 0.857142857142857 "Uqcrc2_noRT" "non-targeting_noRT"
"5451" "Copb2" 37.2872564774939 -0.235112924113627 -0.734997534935648 0.462340995396659 0.843867251712403 0.80952380952381 0.875 "Uqcrc2_noRT" "non-targeting_noRT"
"5452" "Timmdc1" 8.17841695289598 0.47051783255256 0.734897934754643 0.462401656248352 NA 0.380952380952381 0.553571428571429 "Uqcrc2_noRT" "non-targeting_noRT"
"5453" "Jmy" 9.21686828072043 -0.482844613981824 -0.734640404896638 0.462558523739951 NA 0.380952380952381 0.589285714285714 "Uqcrc2_noRT" "non-targeting_noRT"
"5454" "Stat5a" 1.30873972068928 1.15586286845159 0.73463684487578 0.462560692440356 NA 0.142857142857143 0.0892857142857143 "Uqcrc2_noRT" "non-targeting_noRT"
"5455" "Tmem245" 16.0296905555462 -0.35573112059394 -0.73452331118251 0.462629858090312 0.843867251712403 0.571428571428571 0.732142857142857 "Uqcrc2_noRT" "non-targeting_noRT"
"5456" "Bivm" 2.66384403194042 -0.907247229162429 -0.734483237626036 0.462654272604385 NA 0.142857142857143 0.267857142857143 "Uqcrc2_noRT" "non-targeting_noRT"
"5457" "Otud6b" 15.2864784346017 -0.364171614665136 -0.734442046063313 0.462679369004353 0.843867251712403 0.571428571428571 0.821428571428571 "Uqcrc2_noRT" "non-targeting_noRT"
"5458" "Zfp790" 1.14455660658613 -1.32619847429187 -0.734386449143192 0.462713243226279 NA 0.0476190476190476 0.160714285714286 "Uqcrc2_noRT" "non-targeting_noRT"
"5459" "Gm4258" 4.82568267191434 0.643399952782711 0.73434827323286 0.462736503935412 NA 0.238095238095238 0.178571428571429 "Uqcrc2_noRT" "non-targeting_noRT"
"5460" "Plekha3" 15.6362591861242 -0.386471090061862 -0.734219088300218 0.462815221581444 0.843867251712403 0.571428571428571 0.803571428571429 "Uqcrc2_noRT" "non-targeting_noRT"
"5461" "Dpp7" 1.3177468847959 1.13773707470666 0.734150708816702 0.462856891010579 NA 0.142857142857143 0.0714285714285714 "Uqcrc2_noRT" "non-targeting_noRT"
"5462" "1810021B22Rik" 1.3177468847959 1.13773707470666 0.734150708816702 0.462856891010579 NA 0.0952380952380952 0.0892857142857143 "Uqcrc2_noRT" "non-targeting_noRT"
"5463" "Gnpnat1" 31.7592597333754 0.250957203520821 0.733919860956732 0.462997581677015 0.843867251712403 0.857142857142857 0.857142857142857 "Uqcrc2_noRT" "non-targeting_noRT"
"5464" "Ercc8" 3.35595917122746 0.779976178877317 0.733647836834608 0.463163397889968 NA 0.238095238095238 0.214285714285714 "Uqcrc2_noRT" "non-targeting_noRT"
"5465" "Sept11" 29.7153223501034 -0.293690828646435 -0.733608010744427 0.463187677233095 0.843867251712403 0.619047619047619 0.839285714285714 "Uqcrc2_noRT" "non-targeting_noRT"
"5466" "Rabif" 6.25649088019498 -0.553426611325954 -0.733453677765043 0.463281770582584 NA 0.380952380952381 0.464285714285714 "Uqcrc2_noRT" "non-targeting_noRT"
"5467" "Lims1" 16.8105404462894 0.34257754599011 0.733381768334852 0.46332561578405 0.843867251712403 0.714285714285714 0.714285714285714 "Uqcrc2_noRT" "non-targeting_noRT"
"5468" "Akr7a5" 19.1539196661298 0.340342641759389 0.733371860890617 0.46333165681261 0.843867251712403 0.619047619047619 0.785714285714286 "Uqcrc2_noRT" "non-targeting_noRT"
"5469" "Rhbdd1" 2.76782981691145 0.854229215844555 0.733136728336754 0.46347504092505 NA 0.19047619047619 0.214285714285714 "Uqcrc2_noRT" "non-targeting_noRT"
"5470" "Stxbp2" 4.7359457221328 -0.659171426515419 -0.732915218410736 0.463610140555394 NA 0.238095238095238 0.392857142857143 "Uqcrc2_noRT" "non-targeting_noRT"
"5471" "Mrpl46" 19.4583690091187 0.312201700224541 0.732689651944392 0.463747736824126 0.844143724216488 0.666666666666667 0.857142857142857 "Uqcrc2_noRT" "non-targeting_noRT"
"5472" "Cnnm3" 1.86230496243755 1.06393354871776 0.73255849311939 0.463827754585293 NA 0.19047619047619 0.125 "Uqcrc2_noRT" "non-targeting_noRT"
"5473" "Extl3" 1.1736175470843 -1.28287795045714 -0.732483199853874 0.463873693195635 NA 0.0476190476190476 0.160714285714286 "Uqcrc2_noRT" "non-targeting_noRT"
"5474" "Eif2s3x" 45.3958202441549 -0.217440303789361 -0.732199220642499 0.464046979966602 0.844143724216488 0.857142857142857 0.982142857142857 "Uqcrc2_noRT" "non-targeting_noRT"
"5475" "Lrp1" 0.738120796973039 1.78946328722666 0.732157710995321 0.464072312560343 NA 0.0952380952380952 0.0357142857142857 "Uqcrc2_noRT" "non-targeting_noRT"
"5476" "Gm48684" 0.738120796973039 1.78946328722666 0.732157710995321 0.464072312560343 NA 0.0476190476190476 0.0178571428571429 "Uqcrc2_noRT" "non-targeting_noRT"
"5477" "Tfrc" 10.201317075554 -0.452473795527198 -0.73214526343607 0.464079909232724 NA 0.333333333333333 0.553571428571429 "Uqcrc2_noRT" "non-targeting_noRT"
"5478" "Gatad2a" 23.4563805885235 -0.319439868180228 -0.73211979920534 0.464095450119021 0.844143724216488 0.714285714285714 0.875 "Uqcrc2_noRT" "non-targeting_noRT"
"5479" "Mllt1" 2.77665555666844 -0.868293206248141 -0.73204809491261 0.464139212992087 NA 0.142857142857143 0.339285714285714 "Uqcrc2_noRT" "non-targeting_noRT"
"5480" "Camsap1" 6.17280521509039 -0.559014017535584 -0.732002088959173 0.464167292753722 NA 0.333333333333333 0.482142857142857 "Uqcrc2_noRT" "non-targeting_noRT"
"5481" "Mtss1" 1.33736367143068 1.13187132798628 0.731794076837305 0.46429426488211 NA 0.142857142857143 0.0892857142857143 "Uqcrc2_noRT" "non-targeting_noRT"
"5482" "Pgap1" 1.1334430864445 -1.31101662818806 -0.731100881030192 0.464717536222506 NA 0.0476190476190476 0.125 "Uqcrc2_noRT" "non-targeting_noRT"
"5483" "Emsy" 9.5364737499345 -0.51195524275832 -0.731040547511522 0.464754386541204 NA 0.285714285714286 0.553571428571429 "Uqcrc2_noRT" "non-targeting_noRT"
"5484" "Twnk" 9.0469487578038 -0.511105901823039 -0.730996109748805 0.46478152913901 NA 0.380952380952381 0.607142857142857 "Uqcrc2_noRT" "non-targeting_noRT"
"5485" "Mplkip" 10.3898878919444 -0.441600264911021 -0.730837900980198 0.464878170256123 NA 0.571428571428571 0.535714285714286 "Uqcrc2_noRT" "non-targeting_noRT"
"5486" "Vps37a" 15.5708634961522 0.365028968006405 0.730623801423569 0.465008969804044 0.845433706963591 0.714285714285714 0.678571428571429 "Uqcrc2_noRT" "non-targeting_noRT"
"5487" "Tango6" 2.04407082839565 -1.0558499100179 -0.730328699336271 0.465189289655154 NA 0.0952380952380952 0.178571428571429 "Uqcrc2_noRT" "non-targeting_noRT"
"5488" "Stim1" 6.22794676053819 -0.563455773203238 -0.730099815415672 0.465329174170747 NA 0.380952380952381 0.535714285714286 "Uqcrc2_noRT" "non-targeting_noRT"
"5489" "Eif3j1" 64.6382669441321 -0.216363601575978 -0.730087137796538 0.465336922897741 0.845658404457994 0.904761904761905 0.982142857142857 "Uqcrc2_noRT" "non-targeting_noRT"
"5490" "Cttnbp2nl" 9.77664342583972 -0.461482162293672 -0.729669076571345 0.465592487573534 NA 0.476190476190476 0.642857142857143 "Uqcrc2_noRT" "non-targeting_noRT"
"5491" "Cnih4" 181.080741523591 -0.126193574279858 -0.729549959866094 0.465665318985957 0.84571684072955 1 1 "Uqcrc2_noRT" "non-targeting_noRT"
"5492" "Pacs2" 4.05433893433614 0.656939288916536 0.729536989008788 0.4656732501269 NA 0.333333333333333 0.303571428571429 "Uqcrc2_noRT" "non-targeting_noRT"
"5493" "Pam" 27.9933231858805 0.283224168362315 0.729365959310691 0.465777834708227 0.84571684072955 0.857142857142857 0.910714285714286 "Uqcrc2_noRT" "non-targeting_noRT"
"5494" "Vps37c" 3.46570568240664 0.709967338353749 0.72936425335899 0.465778877962625 NA 0.333333333333333 0.267857142857143 "Uqcrc2_noRT" "non-targeting_noRT"
"5495" "Smg1" 11.7536112701159 -0.409528578976076 -0.728705922825917 0.466181569033375 NA 0.428571428571429 0.535714285714286 "Uqcrc2_noRT" "non-targeting_noRT"
"5496" "Tmem35a" 0.711864319386561 -2.02571190108433 -0.728661948220657 0.466208474535952 NA 0 0.0178571428571429 "Uqcrc2_noRT" "non-targeting_noRT"
"5497" "Cisd3" 19.5318512705701 -0.335777885639941 -0.728648305011568 0.466216822197086 0.846142636075237 0.619047619047619 0.857142857142857 "Uqcrc2_noRT" "non-targeting_noRT"
"5498" "Sema4b" 6.35346400351521 0.535696184077918 0.728585962642918 0.466254967722161 NA 0.380952380952381 0.410714285714286 "Uqcrc2_noRT" "non-targeting_noRT"
"5499" "Mxi1" 12.4631738032064 0.421495827034945 0.728584730156762 0.466255721862908 NA 0.619047619047619 0.535714285714286 "Uqcrc2_noRT" "non-targeting_noRT"
"5500" "Ampd2" 4.86931690959731 -0.637370604206155 -0.728522938294482 0.466293532292515 NA 0.285714285714286 0.375 "Uqcrc2_noRT" "non-targeting_noRT"
"5501" "D17H6S53E" 2.37625971336909 0.873870630513246 0.728321540716327 0.466416779249423 NA 0.238095238095238 0.160714285714286 "Uqcrc2_noRT" "non-targeting_noRT"
"5502" "Shisa8" 2.66490428271929 0.970657420447147 0.728257671836387 0.466455868128456 NA 0.142857142857143 0.0892857142857143 "Uqcrc2_noRT" "non-targeting_noRT"
"5503" "Dhcr7" 8.61326274511222 0.473795393123024 0.728149766821239 0.466521912028262 NA 0.380952380952381 0.410714285714286 "Uqcrc2_noRT" "non-targeting_noRT"
"5504" "Haus5" 4.89982598353281 -0.674444754988987 -0.727923442005534 0.466660452320601 NA 0.238095238095238 0.357142857142857 "Uqcrc2_noRT" "non-targeting_noRT"
"5505" "Guca1a" 16.2328630410637 0.343698984178226 0.727844622913752 0.466708705239144 0.846371212945508 0.571428571428571 0.678571428571429 "Uqcrc2_noRT" "non-targeting_noRT"
"5506" "Rhob" 16.6362028530153 0.38999157712953 0.727774170302303 0.466751838555256 0.846371212945508 0.476190476190476 0.642857142857143 "Uqcrc2_noRT" "non-targeting_noRT"
"5507" "Psme2b" 2.03506366428902 -1.04866429814281 -0.727644774467309 0.466831064537481 NA 0.0952380952380952 0.232142857142857 "Uqcrc2_noRT" "non-targeting_noRT"
"5508" "Acan" 9.04231148893556 -0.454286681635708 -0.727453970311125 0.46694790297957 NA 0.333333333333333 0.392857142857143 "Uqcrc2_noRT" "non-targeting_noRT"
"5509" "Ciart" 4.05210364011821 -0.691646455279771 -0.727338200825565 0.467018802036711 NA 0.19047619047619 0.392857142857143 "Uqcrc2_noRT" "non-targeting_noRT"
"5510" "Gm15446" 1.96783876154674 0.917716947938801 0.727209544127063 0.467097600430184 NA 0.19047619047619 0.125 "Uqcrc2_noRT" "non-targeting_noRT"
"5511" "Amd1" 16.9902796489827 -0.363806171044931 -0.726765833794389 0.46736941634113 0.8465195781766 0.523809523809524 0.785714285714286 "Uqcrc2_noRT" "non-targeting_noRT"
"5512" "Ss18" 15.9472834852624 0.332118161855923 0.726762603164946 0.467371395738669 0.8465195781766 0.666666666666667 0.696428571428571 "Uqcrc2_noRT" "non-targeting_noRT"
"5513" "Chmp4b" 59.0698766339885 0.183518504812223 0.726638601682575 0.46744737460936 0.8465195781766 0.904761904761905 0.982142857142857 "Uqcrc2_noRT" "non-targeting_noRT"
"5514" "C230014O12Rik" 1.20485175147419 -1.32542387223389 -0.726263363602444 0.467677334253751 NA 0.0476190476190476 0.160714285714286 "Uqcrc2_noRT" "non-targeting_noRT"
"5515" "Pdha1" 64.4335753231389 -0.212088865722714 -0.725304690840654 0.468265128632196 0.847567904244818 0.952380952380952 1 "Uqcrc2_noRT" "non-targeting_noRT"
"5516" "Acy1" 5.49338265629669 -0.641887755086768 -0.725216508873263 0.468319216487204 NA 0.238095238095238 0.446428571428571 "Uqcrc2_noRT" "non-targeting_noRT"
"5517" "Fkbp10" 14.4999934831676 -0.358940900613602 -0.72496414555087 0.468474026781489 0.847567904244818 0.476190476190476 0.696428571428571 "Uqcrc2_noRT" "non-targeting_noRT"
"5518" "Carf" 1.32464769286754 1.12315277963435 0.724745654804635 0.468608081088704 NA 0.0952380952380952 0.0892857142857143 "Uqcrc2_noRT" "non-targeting_noRT"
"5519" "Sh3bp2" 1.32464769286754 1.12315277963435 0.724745654804635 0.468608081088704 NA 0.142857142857143 0.0892857142857143 "Uqcrc2_noRT" "non-targeting_noRT"
"5520" "Rbm34" 15.4494956509846 -0.374537951786059 -0.724692437127731 0.468640735841504 0.847567904244818 0.571428571428571 0.642857142857143 "Uqcrc2_noRT" "non-targeting_noRT"
"5521" "Nkx2-2" 3.52777342272733 -0.781041886514456 -0.724431276252151 0.468801004304504 NA 0.142857142857143 0.357142857142857 "Uqcrc2_noRT" "non-targeting_noRT"
"5522" "2810402E24Rik" 4.04040838000994 -0.686393476238955 -0.724281923949008 0.468892672030982 NA 0.238095238095238 0.428571428571429 "Uqcrc2_noRT" "non-targeting_noRT"
"5523" "Ap5z1" 11.0094562730697 -0.424514840719015 -0.723806237308247 0.469184699551811 NA 0.428571428571429 0.642857142857143 "Uqcrc2_noRT" "non-targeting_noRT"
"5524" "Gak" 5.60502871235997 -0.597948057117641 -0.723786628683848 0.469196739588642 NA 0.333333333333333 0.5 "Uqcrc2_noRT" "non-targeting_noRT"
"5525" "Gm43813" 0.742333509043035 1.76676746073047 0.723784466990725 0.469198066916319 NA 0.0476190476190476 0.0357142857142857 "Uqcrc2_noRT" "non-targeting_noRT"
"5526" "Zc3h12b" 0.742333509043035 1.76676746073047 0.723784466990725 0.469198066916319 NA 0.0952380952380952 0.0357142857142857 "Uqcrc2_noRT" "non-targeting_noRT"
"5527" "Celf2" 5.68130967177944 -0.582831369060585 -0.723672258768978 0.46926696811281 NA 0.333333333333333 0.5 "Uqcrc2_noRT" "non-targeting_noRT"
"5528" "Mlycd" 5.98361505391115 0.536267736721854 0.723583837481407 0.469321266939646 NA 0.380952380952381 0.410714285714286 "Uqcrc2_noRT" "non-targeting_noRT"
"5529" "Ifi208" 2.7766575453999 -0.908209744364855 -0.723579929778583 0.469323666709802 NA 0.0952380952380952 0.25 "Uqcrc2_noRT" "non-targeting_noRT"
"5530" "Gtf2e2" 21.2903858840221 -0.295332564452991 -0.723481762651749 0.469383954621029 0.848541198873664 0.714285714285714 0.857142857142857 "Uqcrc2_noRT" "non-targeting_noRT"
"5531" "Cpne2" 6.54188199338354 0.552385370668173 0.723319970199792 0.469483326443085 NA 0.380952380952381 0.357142857142857 "Uqcrc2_noRT" "non-targeting_noRT"
"5532" "Gskip" 5.64127312570237 -0.61052874068876 -0.72327434641502 0.469511350363167 NA 0.238095238095238 0.482142857142857 "Uqcrc2_noRT" "non-targeting_noRT"
"5533" "Igf2" 14.4225800904382 0.374645735462606 0.723140873211665 0.469593340155626 0.848549013783398 0.619047619047619 0.589285714285714 "Uqcrc2_noRT" "non-targeting_noRT"
"5534" "Gm10553" 0.610403329053185 -1.79158326999289 -0.722865287843188 0.469762651512229 NA 0 0.125 "Uqcrc2_noRT" "non-targeting_noRT"
"5535" "Sars" 83.4225233189547 -0.169738567161348 -0.722790685073486 0.469808491010729 0.84856723518219 0.857142857142857 0.982142857142857 "Uqcrc2_noRT" "non-targeting_noRT"
"5536" "C2cd5" 7.59339758846609 -0.509028866604021 -0.722296393374307 0.470112269835507 NA 0.333333333333333 0.464285714285714 "Uqcrc2_noRT" "non-targeting_noRT"
"5537" "Trit1" 4.5496375448782 0.648208019173479 0.722210094755227 0.470165317846405 NA 0.285714285714286 0.303571428571429 "Uqcrc2_noRT" "non-targeting_noRT"
"5538" "Sp1" 12.4842459560694 -0.388011392502691 -0.721946548261505 0.470327341104588 NA 0.523809523809524 0.696428571428571 "Uqcrc2_noRT" "non-targeting_noRT"
"5539" "Usp22" 12.1002346070291 0.381894706510301 0.721921733134512 0.470342598550221 NA 0.714285714285714 0.571428571428571 "Uqcrc2_noRT" "non-targeting_noRT"
"5540" "Mphosph6" 23.8455290968548 0.288763309034755 0.721691539356687 0.470484144967801 0.84909020668715 0.80952380952381 0.875 "Uqcrc2_noRT" "non-targeting_noRT"
"5541" "Nemp1" 3.54628965982262 -0.768741263954155 -0.721360118230211 0.470687977500077 NA 0.19047619047619 0.267857142857143 "Uqcrc2_noRT" "non-targeting_noRT"
"5542" "Poc1a" 7.79945383211194 0.608705081327968 0.721311658767374 0.470717785402668 NA 0.285714285714286 0.446428571428571 "Uqcrc2_noRT" "non-targeting_noRT"
"5543" "Pmm2" 2.04617718443065 -1.05617720678461 -0.721196126449974 0.470788854695283 NA 0.0952380952380952 0.232142857142857 "Uqcrc2_noRT" "non-targeting_noRT"
"5544" "Mal" 6.21979523931874 0.564553454839694 0.721125318295696 0.470832415005559 NA 0.238095238095238 0.285714285714286 "Uqcrc2_noRT" "non-targeting_noRT"
"5545" "Knstrn" 13.0770694220667 -0.407753297128302 -0.721020965275078 0.470896615761751 0.84909020668715 0.380952380952381 0.642857142857143 "Uqcrc2_noRT" "non-targeting_noRT"
"5546" "Dgcr2" 4.77931217638772 -0.643332350180485 -0.720927738519245 0.470953975429242 NA 0.238095238095238 0.464285714285714 "Uqcrc2_noRT" "non-targeting_noRT"
"5547" "Tubgcp4" 5.66809178433428 -0.59773587400468 -0.720468860987545 0.471236365397689 NA 0.285714285714286 0.482142857142857 "Uqcrc2_noRT" "non-targeting_noRT"
"5548" "Tbc1d32" 2.74273524500838 -0.886637011116325 -0.720466929159447 0.471237554428356 NA 0.0952380952380952 0.303571428571429 "Uqcrc2_noRT" "non-targeting_noRT"
"5549" "Rpl14" 989.396882907694 0.101043972550678 0.720431212870839 0.471259537925974 0.84909020668715 1 1 "Uqcrc2_noRT" "non-targeting_noRT"
"5550" "Gnai3" 23.0935145886245 0.300231389519162 0.720419768253432 0.471266582246744 0.84909020668715 0.761904761904762 0.892857142857143 "Uqcrc2_noRT" "non-targeting_noRT"
"5551" "Phf1" 2.61205054868081 0.831827569172935 0.720236041624007 0.47137967648574 NA 0.238095238095238 0.142857142857143 "Uqcrc2_noRT" "non-targeting_noRT"
"5552" "Wrb" 4.72186339933359 0.621872960608557 0.720143970055807 0.471436357426633 NA 0.285714285714286 0.25 "Uqcrc2_noRT" "non-targeting_noRT"
"5553" "Pnp" 51.3886524524381 -0.19810000417746 -0.71996558977127 0.471546182285526 0.84909020668715 0.952380952380952 0.946428571428571 "Uqcrc2_noRT" "non-targeting_noRT"
"5554" "Tmem14c" 142.836377897535 0.133576406313261 0.719798966596402 0.471648781289465 0.84909020668715 1 0.982142857142857 "Uqcrc2_noRT" "non-targeting_noRT"
"5555" "D730003I15Rik" 1.90587623911191 0.911051438086788 0.719766654952902 0.471668678760603 NA 0.19047619047619 0.125 "Uqcrc2_noRT" "non-targeting_noRT"
"5556" "Slc5a6" 1.90587623911191 0.911051438086788 0.719766654952902 0.471668678760603 NA 0.19047619047619 0.142857142857143 "Uqcrc2_noRT" "non-targeting_noRT"
"5557" "Mrpl53" 49.2445220782449 -0.200223846075265 -0.719724541660107 0.471694612770179 0.84909020668715 0.904761904761905 0.964285714285714 "Uqcrc2_noRT" "non-targeting_noRT"
"5558" "Ss18l2" 153.10854407222 -0.130359464971622 -0.719651522810311 0.471739580757312 0.84909020668715 0.952380952380952 0.982142857142857 "Uqcrc2_noRT" "non-targeting_noRT"
"5559" "Zfp772" 0.612509685088183 -1.79609896118251 -0.719294926863795 0.471959221038472 NA 0 0.0892857142857143 "Uqcrc2_noRT" "non-targeting_noRT"
"5560" "Six5" 0.612509685088183 -1.79609896118251 -0.719294926863795 0.471959221038472 NA 0 0.125 "Uqcrc2_noRT" "non-targeting_noRT"
"5561" "Arhgap22" 0.921460171570058 1.39742150572992 0.719201350768421 0.472016867257761 NA 0.0952380952380952 0.0535714285714286 "Uqcrc2_noRT" "non-targeting_noRT"
"5562" "Rabl2" 6.29148656912102 0.53148053931011 0.718943352262719 0.472175823652186 NA 0.333333333333333 0.375 "Uqcrc2_noRT" "non-targeting_noRT"
"5563" "Gnb5" 5.9650839048565 0.529056070787893 0.718883880548619 0.472212469167646 NA 0.476190476190476 0.410714285714286 "Uqcrc2_noRT" "non-targeting_noRT"
"5564" "Cwc15" 66.0334274083342 -0.187799621030226 -0.718819639505393 0.472252055227399 0.849131749866883 0.952380952380952 0.982142857142857 "Uqcrc2_noRT" "non-targeting_noRT"
"5565" "E130311K13Rik" 4.08704665896461 -0.698863473499481 -0.718628686821839 0.472369733229944 NA 0.19047619047619 0.375 "Uqcrc2_noRT" "non-targeting_noRT"
"5566" "Ctdspl" 26.2640290365256 -0.282903254438187 -0.718507291622639 0.472444553587069 0.849131749866883 0.761904761904762 0.803571428571429 "Uqcrc2_noRT" "non-targeting_noRT"
"5567" "Cnn2" 18.1101335140594 0.328595542607903 0.718054132510326 0.472723909979164 0.849131749866883 0.619047619047619 0.660714285714286 "Uqcrc2_noRT" "non-targeting_noRT"
"5568" "Vamp3" 22.471123590987 0.286575809546638 0.718024536880656 0.472742157789813 0.849131749866883 0.80952380952381 0.857142857142857 "Uqcrc2_noRT" "non-targeting_noRT"
"5569" "Bcan" 6.28780292693802 -0.5568129635868 -0.717885608960221 0.472827821916327 NA 0.333333333333333 0.428571428571429 "Uqcrc2_noRT" "non-targeting_noRT"
"5570" "Tcp1" 130.771453757247 -0.134993603283344 -0.717627653841029 0.472986901876221 0.849131749866883 0.952380952380952 1 "Uqcrc2_noRT" "non-targeting_noRT"
"5571" "Aurkaip1" 91.9465267761991 0.168869397190897 0.717616336465291 0.472993881934066 0.849131749866883 0.904761904761905 0.982142857142857 "Uqcrc2_noRT" "non-targeting_noRT"
"5572" "Phb2" 237.586919408152 0.133508237043244 0.71711941809766 0.473300415134005 0.849134537544302 1 1 "Uqcrc2_noRT" "non-targeting_noRT"
"5573" "Pros1" 1.16671673901267 -1.27318636785167 -0.71701904015498 0.473362348371866 NA 0.0476190476190476 0.160714285714286 "Uqcrc2_noRT" "non-targeting_noRT"
"5574" "Thbs2" 18.2269276484492 0.39870163010175 0.716948550888118 0.473405842947004 0.849134537544302 0.428571428571429 0.482142857142857 "Uqcrc2_noRT" "non-targeting_noRT"
"5575" "Foxa3" 0.94107695820483 1.38683729360119 0.716682940090898 0.473569754719159 NA 0.0952380952380952 0.0535714285714286 "Uqcrc2_noRT" "non-targeting_noRT"
"5576" "Fes" 0.94107695820483 1.38683729360119 0.716682940090898 0.473569754719159 NA 0.0952380952380952 0.0535714285714286 "Uqcrc2_noRT" "non-targeting_noRT"
"5577" "Zfp597" 0.94107695820483 1.38683729360119 0.716682940090898 0.473569754719159 NA 0.0476190476190476 0.0535714285714286 "Uqcrc2_noRT" "non-targeting_noRT"
"5578" "Zfp668" 1.1922136152642 -1.3083014421112 -0.716589240717382 0.473627585230097 NA 0.0476190476190476 0.160714285714286 "Uqcrc2_noRT" "non-targeting_noRT"
"5579" "Drg2" 21.070923600224 -0.311484811763534 -0.716473970907141 0.473698734170531 0.849291751298811 0.714285714285714 0.875 "Uqcrc2_noRT" "non-targeting_noRT"
"5580" "Ccng2" 5.84109878777728 0.545640147995872 0.716213524338325 0.473859513402445 NA 0.285714285714286 0.321428571428571 "Uqcrc2_noRT" "non-targeting_noRT"
"5581" "Dxo" 10.5130952710161 -0.440612650206282 -0.716089192916984 0.473936276422594 NA 0.571428571428571 0.678571428571429 "Uqcrc2_noRT" "non-targeting_noRT"
"5582" "Dctd" 16.5535719180015 0.322475673104263 0.715779209764057 0.474127691778594 0.849692675868265 0.666666666666667 0.642857142857143 "Uqcrc2_noRT" "non-targeting_noRT"
"5583" "St3gal2" 3.05657799928283 0.793845053769748 0.71565230646961 0.474206067128164 NA 0.142857142857143 0.178571428571429 "Uqcrc2_noRT" "non-targeting_noRT"
"5584" "Rab11fip2" 6.09747265287061 0.563438081695201 0.715113072773542 0.474539176705023 NA 0.333333333333333 0.375 "Uqcrc2_noRT" "non-targeting_noRT"
"5585" "2700049A03Rik" 5.38647853548851 0.553347818008629 0.714466527075373 0.474938747233304 NA 0.428571428571429 0.375 "Uqcrc2_noRT" "non-targeting_noRT"
"5586" "Mxra8" 4.34129275909447 0.728740333597212 0.714238486915647 0.475079721962218 NA 0.19047619047619 0.321428571428571 "Uqcrc2_noRT" "non-targeting_noRT"
"5587" "Entpd3" 1.12443592233787 -1.29870756683954 -0.714011474661847 0.475220084046442 NA 0.0476190476190476 0.160714285714286 "Uqcrc2_noRT" "non-targeting_noRT"
"5588" "G2e3" 6.88564816539358 -0.517214980653968 -0.713597950347592 0.475475825343179 NA 0.333333333333333 0.482142857142857 "Uqcrc2_noRT" "non-targeting_noRT"
"5589" "Gxylt1" 13.5569430539588 0.352250188349573 0.713420878610881 0.475585357233981 0.851670039816743 0.619047619047619 0.642857142857143 "Uqcrc2_noRT" "non-targeting_noRT"
"5590" "Fem1c" 5.48896313307579 -0.571229264437083 -0.713128512476893 0.475766237473162 NA 0.333333333333333 0.464285714285714 "Uqcrc2_noRT" "non-targeting_noRT"
"5591" "Dcps" 25.1364686719968 0.278472943268328 0.713095477247072 0.475786677985922 0.851670039816743 0.80952380952381 0.803571428571429 "Uqcrc2_noRT" "non-targeting_noRT"
"5592" "Nipbl" 78.514664691138 -0.165750712476185 -0.712995552189426 0.475848509438451 0.851670039816743 0.952380952380952 1 "Uqcrc2_noRT" "non-targeting_noRT"
"5593" "Crkl" 5.39127298752514 0.551138756873869 0.712984725142954 0.475855209243876 NA 0.333333333333333 0.321428571428571 "Uqcrc2_noRT" "non-targeting_noRT"
"5594" "Endog" 1.98956190421651 0.911979401289699 0.7127565921706 0.475996390564956 NA 0.19047619047619 0.142857142857143 "Uqcrc2_noRT" "non-targeting_noRT"
"5595" "Mboat7" 9.65469255806808 0.437357890438036 0.712001282640766 0.476463981759824 NA 0.571428571428571 0.625 "Uqcrc2_noRT" "non-targeting_noRT"
"5596" "Nanos1" 1.90376988307692 0.913629939888311 0.711774290814685 0.476604555268338 NA 0.142857142857143 0.142857142857143 "Uqcrc2_noRT" "non-targeting_noRT"
"5597" "Nacc1" 8.26846666244285 -0.469256250489271 -0.711739039472493 0.476626388069448 NA 0.333333333333333 0.589285714285714 "Uqcrc2_noRT" "non-targeting_noRT"
"5598" "Serinc1" 35.9501096835548 0.227282113396806 0.711714248214572 0.47664174278037 0.852349857069496 0.857142857142857 0.875 "Uqcrc2_noRT" "non-targeting_noRT"
"5599" "Cpne1" 5.49215512669092 -0.57930076724574 -0.711557252088549 0.476738986174784 NA 0.238095238095238 0.482142857142857 "Uqcrc2_noRT" "non-targeting_noRT"
"5600" "Slc20a2" 5.57714417502297 -0.60277003955709 -0.711486916651555 0.476782555465605 NA 0.285714285714286 0.410714285714286 "Uqcrc2_noRT" "non-targeting_noRT"
"5601" "Clic4" 15.8601459614453 -0.347338649314212 -0.711378002140423 0.476850026868543 0.852349857069496 0.619047619047619 0.714285714285714 "Uqcrc2_noRT" "non-targeting_noRT"
"5602" "Ifi35" 124.843031130085 -0.137506881411022 -0.711149399474168 0.476991660835897 0.852349857069496 1 1 "Uqcrc2_noRT" "non-targeting_noRT"
"5603" "Mkrn2" 8.12923532814955 0.458733592450009 0.711123662624594 0.477007607901936 NA 0.571428571428571 0.5 "Uqcrc2_noRT" "non-targeting_noRT"
"5604" "Snx20" 1.88716921742042 -1.0154066175012 -0.711074863240916 0.47703784577609 NA 0.0952380952380952 0.214285714285714 "Uqcrc2_noRT" "non-targeting_noRT"
"5605" "Pik3r3" 0.926254623606692 1.3804809059748 0.710982389462087 0.477095148773068 NA 0.0952380952380952 0.0535714285714286 "Uqcrc2_noRT" "non-targeting_noRT"
"5606" "Nsd1" 0.926254623606692 1.3804809059748 0.710982389462087 0.477095148773068 NA 0.0952380952380952 0.0535714285714286 "Uqcrc2_noRT" "non-targeting_noRT"
"5607" "Ccn1" 21.4825634368893 0.93243887279948 0.710796961937432 0.477210063538589 0.852349857069496 0.285714285714286 0.446428571428571 "Uqcrc2_noRT" "non-targeting_noRT"
"5608" "Zfp287" 1.9916682602515 0.909243763628286 0.710507034438214 0.47738977029716 NA 0.19047619047619 0.0892857142857143 "Uqcrc2_noRT" "non-targeting_noRT"
"5609" "Mrps15" 62.3745789774763 0.17813289730931 0.710435980586977 0.477433817498799 0.852349857069496 0.952380952380952 0.964285714285714 "Uqcrc2_noRT" "non-targeting_noRT"
"5610" "Ccs" 18.5290295678994 0.302746878957031 0.710236953063843 0.477557209072024 0.852349857069496 0.714285714285714 0.696428571428571 "Uqcrc2_noRT" "non-targeting_noRT"
"5611" "Zfp945" 14.5164202649187 -0.363528835382457 -0.71005471413564 0.477670207478048 0.852349857069496 0.571428571428571 0.642857142857143 "Uqcrc2_noRT" "non-targeting_noRT"
"5612" "Pcyt2" 9.65716326037741 -0.428625273082111 -0.710054218599574 0.477670514758271 NA 0.476190476190476 0.607142857142857 "Uqcrc2_noRT" "non-targeting_noRT"
"5613" "Trappc11" 4.82014820807878 -0.634927856201849 -0.710030664720861 0.477685120562812 NA 0.19047619047619 0.5 "Uqcrc2_noRT" "non-targeting_noRT"
"5614" "Ikbkb" 6.06914560467886 -0.614854017990349 -0.709898437075912 0.477767119709041 NA 0.142857142857143 0.517857142857143 "Uqcrc2_noRT" "non-targeting_noRT"
"5615" "Abhd12" 12.3534830335219 -0.389814257621687 -0.709372755414716 0.478093190048917 NA 0.571428571428571 0.589285714285714 "Uqcrc2_noRT" "non-targeting_noRT"
"5616" "Adamts20" 1.88026840934879 -1.00924224865182 -0.709294503050483 0.478141738902982 NA 0.0952380952380952 0.232142857142857 "Uqcrc2_noRT" "non-targeting_noRT"
"5617" "Alg2" 6.99525743619233 0.482175430351282 0.709287708106672 0.478145954707695 NA 0.380952380952381 0.446428571428571 "Uqcrc2_noRT" "non-targeting_noRT"
"5618" "Usp8" 8.67391839712602 0.457662311570119 0.709073187103327 0.478279060979332 NA 0.476190476190476 0.517857142857143 "Uqcrc2_noRT" "non-targeting_noRT"
"5619" "Adrm1" 47.0392628929847 -0.21285947238505 -0.709022825492416 0.478310312352177 0.852379697805292 0.904761904761905 0.928571428571429 "Uqcrc2_noRT" "non-targeting_noRT"
"5620" "Nfxl1" 4.85450749822707 -0.616631656451596 -0.708944635044844 0.478358834830862 NA 0.238095238095238 0.392857142857143 "Uqcrc2_noRT" "non-targeting_noRT"
"5621" "Pdk1" 5.40609532212328 0.552856319821649 0.708873818366655 0.478402783706542 NA 0.380952380952381 0.321428571428571 "Uqcrc2_noRT" "non-targeting_noRT"
"5622" "Sinhcaf" 43.0727708456561 0.232639419181931 0.708818462224918 0.478437139299801 0.852379697805292 0.904761904761905 0.910714285714286 "Uqcrc2_noRT" "non-targeting_noRT"
"5623" "Zbtb33" 3.49541527072817 0.688650187077319 0.708735685856498 0.478488515179305 NA 0.238095238095238 0.267857142857143 "Uqcrc2_noRT" "non-targeting_noRT"
"5624" "Zswim7" 13.7030951391117 0.352094002461845 0.708582277210176 0.47858373757116 0.852379697805292 0.476190476190476 0.642857142857143 "Uqcrc2_noRT" "non-targeting_noRT"
"5625" "AW209491" 5.81975797605318 -0.598046075736357 -0.708463532159374 0.478657451004889 NA 0.285714285714286 0.553571428571429 "Uqcrc2_noRT" "non-targeting_noRT"
"5626" "Igsf8" 20.6734161930395 -0.322236027821247 -0.708437860093533 0.478673388283336 0.852379697805292 0.666666666666667 0.589285714285714 "Uqcrc2_noRT" "non-targeting_noRT"
"5627" "Ergic2" 59.3942164830296 0.177906242044384 0.708367817554363 0.478716872329506 0.852379697805292 0.904761904761905 1 "Uqcrc2_noRT" "non-targeting_noRT"
"5628" "Tmem265" 2.3127725748659 0.867325282515221 0.70818082374921 0.478832973024955 NA 0.19047619047619 0.178571428571429 "Uqcrc2_noRT" "non-targeting_noRT"
"5629" "Hps4" 9.04518876466872 0.445829813261051 0.707878115659337 0.479020950984942 NA 0.571428571428571 0.571428571428571 "Uqcrc2_noRT" "non-targeting_noRT"
"5630" "Tnrc18" 6.87344900767183 -0.508380274685661 -0.707799099382454 0.479070025740925 NA 0.333333333333333 0.482142857142857 "Uqcrc2_noRT" "non-targeting_noRT"
"5631" "Maml1" 1.83210750305723 -1.04700659129139 -0.70768758867209 0.479139286532639 NA 0.0476190476190476 0.267857142857143 "Uqcrc2_noRT" "non-targeting_noRT"
"5632" "A130010J15Rik" 5.49600384444161 -0.604165150772198 -0.707550068557357 0.47922470963973 NA 0.285714285714286 0.428571428571429 "Uqcrc2_noRT" "non-targeting_noRT"
"5633" "Naa15" 32.8919736037932 -0.242718703977166 -0.70750917203297 0.47925011485927 0.852962139908671 0.761904761904762 0.857142857142857 "Uqcrc2_noRT" "non-targeting_noRT"
"5634" "Lrrc8b" 4.09438445679301 -0.664961590756571 -0.707288647162702 0.479387119187268 NA 0.19047619047619 0.339285714285714 "Uqcrc2_noRT" "non-targeting_noRT"
"5635" "Blcap" 2.77135720701832 -0.849931400845964 -0.706857578685047 0.479654988549773 NA 0.142857142857143 0.285714285714286 "Uqcrc2_noRT" "non-targeting_noRT"
"5636" "Sec22c" 1.90889236009019 -1.0157870703597 -0.70681913647944 0.479678880805442 NA 0.0952380952380952 0.196428571428571 "Uqcrc2_noRT" "non-targeting_noRT"
"5637" "Bend4" 7.02249817262166 0.521834257753339 0.706658831410601 0.479778519175422 NA 0.380952380952381 0.392857142857143 "Uqcrc2_noRT" "non-targeting_noRT"
"5638" "Ddx49" 14.9161037941791 -0.351374049433288 -0.706207011040124 0.480059410991038 0.853605316421144 0.666666666666667 0.785714285714286 "Uqcrc2_noRT" "non-targeting_noRT"
"5639" "Faf2" 22.5037444649708 -0.288119586657428 -0.706198126090304 0.480064935566623 0.853605316421144 0.714285714285714 0.839285714285714 "Uqcrc2_noRT" "non-targeting_noRT"
"5640" "Rbm15" 9.71112840266404 -0.443360030259178 -0.70592094209998 0.480237303290393 NA 0.333333333333333 0.553571428571429 "Uqcrc2_noRT" "non-targeting_noRT"
"5641" "Zdhhc13" 3.36128290767884 -0.749056288602977 -0.705839277933585 0.480288092838535 NA 0.19047619047619 0.303571428571429 "Uqcrc2_noRT" "non-targeting_noRT"
"5642" "Elk4" 5.47305516089753 -0.566097293894023 -0.70566628804562 0.480395690433205 NA 0.285714285714286 0.446428571428571 "Uqcrc2_noRT" "non-targeting_noRT"
"5643" "Slc30a6" 5.47305516089753 -0.566097293894023 -0.70566628804562 0.480395690433205 NA 0.285714285714286 0.464285714285714 "Uqcrc2_noRT" "non-targeting_noRT"
"5644" "Dph3" 52.7065372530937 0.188859600694454 0.705616352805756 0.480426751984885 0.853605316421144 0.857142857142857 0.964285714285714 "Uqcrc2_noRT" "non-targeting_noRT"
"5645" "0610012G03Rik" 31.3608590155609 -0.251272103866433 -0.705600470336842 0.480436631692809 0.853605316421144 0.80952380952381 0.892857142857143 "Uqcrc2_noRT" "non-targeting_noRT"
"5646" "Ccdc102a" 0.880200073350132 1.31784946862969 0.705519683799722 0.480486886764342 NA 0.0952380952380952 0.0535714285714286 "Uqcrc2_noRT" "non-targeting_noRT"
"5647" "A130014A01Rik" 0.880200073350132 1.31784946862969 0.705519683799722 0.480486886764342 NA 0.0952380952380952 0.0535714285714286 "Uqcrc2_noRT" "non-targeting_noRT"
"5648" "Mmp11" 0.880200073350132 1.31784946862969 0.705519683799722 0.480486886764342 NA 0.0952380952380952 0.0535714285714286 "Uqcrc2_noRT" "non-targeting_noRT"
"5649" "Gm49322" 0.880200073350132 1.31784946862969 0.705519683799722 0.480486886764342 NA 0.0952380952380952 0.0535714285714286 "Uqcrc2_noRT" "non-targeting_noRT"
"5650" "Abi3bp" 0.880200073350132 1.31784946862969 0.705519683799722 0.480486886764342 NA 0.0952380952380952 0.0535714285714286 "Uqcrc2_noRT" "non-targeting_noRT"
"5651" "Lrrc27" 2.50301275753455 0.78344228216204 0.705519061728367 0.480487273748849 NA 0.19047619047619 0.196428571428571 "Uqcrc2_noRT" "non-targeting_noRT"
"5652" "Ctf1" 1.89298438791193 -1.00168217526467 -0.70526996173812 0.480642250067226 NA 0.0952380952380952 0.214285714285714 "Uqcrc2_noRT" "non-targeting_noRT"
"5653" "Rbbp7" 147.118637964621 -0.128281356496821 -0.704913326927352 0.480864176035593 0.853998266281238 0.952380952380952 1 "Uqcrc2_noRT" "non-targeting_noRT"
"5654" "Cbwd1" 15.5571759368473 0.335137187452076 0.704549654069739 0.481090539086078 0.854033741200424 0.619047619047619 0.75 "Uqcrc2_noRT" "non-targeting_noRT"
"5655" "Ints14" 4.85762164948904 -0.63305079050197 -0.704231255737385 0.481288769270911 NA 0.238095238095238 0.446428571428571 "Uqcrc2_noRT" "non-targeting_noRT"
"5656" "4833438C02Rik" 0.930467335676688 1.36649877894158 0.704208813372105 0.481302743239308 NA 0.0952380952380952 0.0535714285714286 "Uqcrc2_noRT" "non-targeting_noRT"
"5657" "Ddx31" 2.32388609500753 0.855241030018618 0.704170602248419 0.481326536294614 NA 0.19047619047619 0.142857142857143 "Uqcrc2_noRT" "non-targeting_noRT"
"5658" "Stam" 7.02192519450706 -0.522147562508386 -0.704035946171128 0.481410388172921 NA 0.285714285714286 0.589285714285714 "Uqcrc2_noRT" "non-targeting_noRT"
"5659" "Obsl1" 2.58583363403315 -0.853494376282802 -0.704015485371821 0.481423130042265 NA 0.0952380952380952 0.285714285714286 "Uqcrc2_noRT" "non-targeting_noRT"
"5660" "Rmi1" 1.85702263934212 -1.07457806697602 -0.703700299180657 0.48161943399284 NA 0.0952380952380952 0.214285714285714 "Uqcrc2_noRT" "non-targeting_noRT"
"5661" "Mpp5" 6.87134265163683 -0.507908881010162 -0.703673295739211 0.481636254274698 NA 0.285714285714286 0.535714285714286 "Uqcrc2_noRT" "non-targeting_noRT"
"5662" "Hcfc2" 3.4031247458654 -0.727218895218574 -0.703480021352278 0.481756653062237 NA 0.19047619047619 0.339285714285714 "Uqcrc2_noRT" "non-targeting_noRT"
"5663" "Pnpo" 9.70351018849522 0.431076156588747 0.702906897371065 0.482113772464222 NA 0.523809523809524 0.553571428571429 "Uqcrc2_noRT" "non-targeting_noRT"
"5664" "Kdm7a" 6.18835403986503 -0.587419180732344 -0.70288854450479 0.482125210700549 NA 0.285714285714286 0.357142857142857 "Uqcrc2_noRT" "non-targeting_noRT"
"5665" "Hnrnpa3" 108.797588427088 0.148292316900297 0.702844148617837 0.482152880593519 0.854878984070253 0.952380952380952 0.964285714285714 "Uqcrc2_noRT" "non-targeting_noRT"
"5666" "Nfil3" 8.87648254493832 -0.447648954713268 -0.702678527301188 0.482256112280996 NA 0.333333333333333 0.517857142857143 "Uqcrc2_noRT" "non-targeting_noRT"
"5667" "Lsm12" 123.964105386568 0.135126620147228 0.702616101770875 0.482295025201974 0.854878984070253 1 1 "Uqcrc2_noRT" "non-targeting_noRT"
"5668" "Utp3" 67.5788997275483 0.188340433189211 0.702612784841243 0.482297092856043 0.854878984070253 0.904761904761905 0.946428571428571 "Uqcrc2_noRT" "non-targeting_noRT"
"5669" "Icmt" 2.59644325656129 -0.846118313962421 -0.702589672348053 0.482311500482856 NA 0.142857142857143 0.267857142857143 "Uqcrc2_noRT" "non-targeting_noRT"
"5670" "Neil3" 2.59644325656129 -0.846118313962421 -0.702589672348053 0.482311500482856 NA 0.0952380952380952 0.178571428571429 "Uqcrc2_noRT" "non-targeting_noRT"
"5671" "Atg10" 2.49757450459025 0.910366338067995 0.702432676148043 0.482409373341262 NA 0.238095238095238 0.142857142857143 "Uqcrc2_noRT" "non-targeting_noRT"
"5672" "Nanos3" 1.32356205528741 1.15870479025339 0.702424599071166 0.482414408956376 NA 0.142857142857143 0.0892857142857143 "Uqcrc2_noRT" "non-targeting_noRT"
"5673" "Gm10053" 3.57505152512674 -0.77979943297674 -0.702416178618226 0.482419658678079 NA 0.19047619047619 0.321428571428571 "Uqcrc2_noRT" "non-targeting_noRT"
"5674" "Pitpnm1" 4.08347970591893 0.671759776553754 0.702281401147098 0.482503689763257 NA 0.238095238095238 0.285714285714286 "Uqcrc2_noRT" "non-targeting_noRT"
"5675" "Rrn3" 8.91013528769808 0.442765961520848 0.702182746809413 0.482565203831849 NA 0.428571428571429 0.446428571428571 "Uqcrc2_noRT" "non-targeting_noRT"
"5676" "Dctn4" 23.9749722257534 0.276542147041793 0.702093806374698 0.482620664630483 0.854878984070253 0.80952380952381 0.821428571428571 "Uqcrc2_noRT" "non-targeting_noRT"
"5677" "Rad51b" 1.87126124524216 -1.00158350844073 -0.702018836535924 0.482667416441389 NA 0.0952380952380952 0.232142857142857 "Uqcrc2_noRT" "non-targeting_noRT"
"5678" "Hist1h3d" 1.87126124524216 -1.00158350844073 -0.702018836535924 0.482667416441389 NA 0.0952380952380952 0.142857142857143 "Uqcrc2_noRT" "non-targeting_noRT"
"5679" "Rab34" 67.9412384149034 0.185387290818343 0.70187436781364 0.482757515269691 0.854878984070253 0.857142857142857 0.982142857142857 "Uqcrc2_noRT" "non-targeting_noRT"
"5680" "Gid8" 5.42040083588003 0.538342443776753 0.701850398332236 0.4827724648714 NA 0.428571428571429 0.375 "Uqcrc2_noRT" "non-targeting_noRT"
"5681" "Mea1" 45.2047110502747 -0.209425987087121 -0.701796260075228 0.482806231457753 0.854878984070253 0.952380952380952 0.982142857142857 "Uqcrc2_noRT" "non-targeting_noRT"
"5682" "Tgfbr1" 5.98311115629766 0.545982112516335 0.70141670203428 0.483043001726984 NA 0.285714285714286 0.375 "Uqcrc2_noRT" "non-targeting_noRT"
"5683" "Tyw1" 7.736212929794 -0.478942028683456 -0.70134495966814 0.483087762070857 NA 0.428571428571429 0.571428571428571 "Uqcrc2_noRT" "non-targeting_noRT"
"5684" "Prrg4" 11.5635601284546 -0.453924289347298 -0.70126565647532 0.483137242264943 NA 0.333333333333333 0.535714285714286 "Uqcrc2_noRT" "non-targeting_noRT"
"5685" "Syap1" 11.7559368702604 -0.385793918025235 -0.701204487377723 0.483175409806425 NA 0.571428571428571 0.678571428571429 "Uqcrc2_noRT" "non-targeting_noRT"
"5686" "Coa5" 9.45180365664804 -0.459937084270537 -0.701006375998825 0.483299036145989 NA 0.380952380952381 0.696428571428571 "Uqcrc2_noRT" "non-targeting_noRT"
"5687" "St6galnac6" 2.51201992164118 0.774648366465616 0.70086441108468 0.483387636280655 NA 0.19047619047619 0.178571428571429 "Uqcrc2_noRT" "non-targeting_noRT"
"5688" "Lancl1" 11.864093846246 -0.391176368087421 -0.700817982693784 0.483416614097491 NA 0.428571428571429 0.767857142857143 "Uqcrc2_noRT" "non-targeting_noRT"
"5689" "Tbc1d1" 14.6728485342246 0.351734997763102 0.700798892600741 0.483428529262101 0.855043063911696 0.476190476190476 0.607142857142857 "Uqcrc2_noRT" "non-targeting_noRT"
"5690" "Zfp101" 1.91789952419682 -1.02431519319951 -0.700582601530884 0.483563539408084 NA 0.0952380952380952 0.25 "Uqcrc2_noRT" "non-targeting_noRT"
"5691" "Slc25a17" 36.7320202965145 0.230168165592383 0.700581262670462 0.483564375196279 0.855043063911696 0.857142857142857 0.857142857142857 "Uqcrc2_noRT" "non-targeting_noRT"
"5692" "Acot2" 11.4090765203912 0.391238653109716 0.700347736719609 0.483710166562032 NA 0.523809523809524 0.482142857142857 "Uqcrc2_noRT" "non-targeting_noRT"
"5693" "Lrrfip1" 24.1000578923721 0.27204409666212 0.70027302213647 0.483756816268232 0.855043063911696 0.761904761904762 0.732142857142857 "Uqcrc2_noRT" "non-targeting_noRT"
"5694" "Sec13" 22.3195694354633 -0.300056059964829 -0.700177761257052 0.483816298049867 0.855043063911696 0.666666666666667 0.857142857142857 "Uqcrc2_noRT" "non-targeting_noRT"
"5695" "Unc119b" 6.65019664280688 0.525478866695473 0.700150178558961 0.483833521684555 NA 0.380952380952381 0.428571428571429 "Uqcrc2_noRT" "non-targeting_noRT"
"5696" "Dhx30" 9.31900526379506 -0.464031296564787 -0.700031085741756 0.483907891367095 NA 0.333333333333333 0.571428571428571 "Uqcrc2_noRT" "non-targeting_noRT"
"5697" "C1ql1" 7.1826676308337 0.511246948316343 0.700029176411177 0.483909083733911 NA 0.380952380952381 0.392857142857143 "Uqcrc2_noRT" "non-targeting_noRT"
"5698" "Pbdc1" 98.348270221047 -0.148319508432286 -0.699834396248536 0.484030731285863 0.855043063911696 0.952380952380952 1 "Uqcrc2_noRT" "non-targeting_noRT"
"5699" "Rbbp9" 4.70821945662809 0.620166614660327 0.69960632083112 0.48417319405674 NA 0.333333333333333 0.321428571428571 "Uqcrc2_noRT" "non-targeting_noRT"
"5700" "Pih1d1" 22.8039032535365 -0.298796827101178 -0.699597075922338 0.484178969184489 0.855043063911696 0.761904761904762 0.839285714285714 "Uqcrc2_noRT" "non-targeting_noRT"
"5701" "Gm12976" 4.55864470898483 0.641622288093696 0.699318451844147 0.484353038145309 NA 0.238095238095238 0.125 "Uqcrc2_noRT" "non-targeting_noRT"
"5702" "Scyl2" 5.93814224362123 0.526430490458395 0.699160540974891 0.484451707209577 NA 0.333333333333333 0.321428571428571 "Uqcrc2_noRT" "non-targeting_noRT"
"5703" "Tmem71" 3.4338550526418 -0.731905073935423 -0.699113381284211 0.484481176594311 NA 0.19047619047619 0.339285714285714 "Uqcrc2_noRT" "non-targeting_noRT"
"5704" "Ggh" 61.5742471286722 0.190333413225348 0.698966112314032 0.484573209023586 0.855043063911696 0.904761904761905 0.982142857142857 "Uqcrc2_noRT" "non-targeting_noRT"
"5705" "Mcu" 1.90620426408855 -1.01364659130752 -0.698844297743301 0.48464934145791 NA 0.0952380952380952 0.232142857142857 "Uqcrc2_noRT" "non-targeting_noRT"
"5706" "Tvp23b" 28.7261680813335 0.26032164719133 0.698827974769409 0.484659543584945 0.855043063911696 0.80952380952381 0.910714285714286 "Uqcrc2_noRT" "non-targeting_noRT"
"5707" "2310010J17Rik" 1.89719709998192 -1.00555827798825 -0.698542513359089 0.484837980472073 NA 0.0952380952380952 0.25 "Uqcrc2_noRT" "non-targeting_noRT"
"5708" "Pnpt1" 18.4989678504374 -0.313237301993521 -0.698432715696747 0.484906622528339 0.855043063911696 0.619047619047619 0.678571428571429 "Uqcrc2_noRT" "non-targeting_noRT"
"5709" "Il18" 5.37484819450549 0.542670482206241 0.698242193582215 0.485025743473266 NA 0.380952380952381 0.339285714285714 "Uqcrc2_noRT" "non-targeting_noRT"
"5710" "Ess2" 2.49719758704305 0.772055171085886 0.698198435512981 0.485053104753366 NA 0.238095238095238 0.160714285714286 "Uqcrc2_noRT" "non-targeting_noRT"
"5711" "Rab11a" 57.0222475386114 0.180082196024048 0.698166698006382 0.485072950274657 0.855043063911696 0.904761904761905 1 "Uqcrc2_noRT" "non-targeting_noRT"
"5712" "Atp8b2" 3.41794708046354 -0.724011617979829 -0.698033515473217 0.485156234352168 NA 0.19047619047619 0.375 "Uqcrc2_noRT" "non-targeting_noRT"
"5713" "Cytl1" 0.607715233051549 -1.78613997350578 -0.697985262097753 0.485186410924629 NA 0 0.0535714285714286 "Uqcrc2_noRT" "non-targeting_noRT"
"5714" "Zfp383" 0.607715233051549 -1.78613997350578 -0.697985262097753 0.485186410924629 NA 0 0.125 "Uqcrc2_noRT" "non-targeting_noRT"
"5715" "Tcf3" 21.8320039394497 -0.287446979508099 -0.69765080308236 0.48539560198289 0.855043063911696 0.714285714285714 0.946428571428571 "Uqcrc2_noRT" "non-targeting_noRT"
"5716" "Gm20756" 1.10373349812297 -1.26975109546705 -0.697485340187724 0.485499110614619 NA 0.0476190476190476 0.142857142857143 "Uqcrc2_noRT" "non-targeting_noRT"
"5717" "Efr3a" 30.9543143169554 -0.251125560493159 -0.697089169612135 0.485746991604387 0.855043063911696 0.952380952380952 0.857142857142857 "Uqcrc2_noRT" "non-targeting_noRT"
"5718" "Strip1" 4.36902098271582 0.647752997557819 0.696969033719962 0.485822173270504 NA 0.333333333333333 0.232142857142857 "Uqcrc2_noRT" "non-targeting_noRT"
"5719" "Smu1" 34.3601635426467 -0.233449938268911 -0.69690802281662 0.485860356621496 0.855043063911696 0.857142857142857 0.857142857142857 "Uqcrc2_noRT" "non-targeting_noRT"
"5720" "Cog8" 2.58743609245466 -0.840343919797049 -0.696763189752321 0.485951006129912 NA 0.142857142857143 0.267857142857143 "Uqcrc2_noRT" "non-targeting_noRT"
"5721" "Numb" 2.58743609245466 -0.840343919797049 -0.696763189752321 0.485951006129912 NA 0.142857142857143 0.285714285714286 "Uqcrc2_noRT" "non-targeting_noRT"
"5722" "Sardh" 0.867484094786992 1.3054392736465 0.696697656269943 0.485992025861101 NA 0.0952380952380952 0.0535714285714286 "Uqcrc2_noRT" "non-targeting_noRT"
"5723" "Mical1" 0.867484094786992 1.3054392736465 0.696697656269943 0.485992025861101 NA 0.0952380952380952 0.0535714285714286 "Uqcrc2_noRT" "non-targeting_noRT"
"5724" "Ticam1" 0.867484094786992 1.3054392736465 0.696697656269943 0.485992025861101 NA 0.0952380952380952 0.0535714285714286 "Uqcrc2_noRT" "non-targeting_noRT"
"5725" "Hspe1" 744.781463512975 0.110131162960197 0.696280006828234 0.486253491459987 0.855043063911696 1 1 "Uqcrc2_noRT" "non-targeting_noRT"
"5726" "Rpl27" 1911.97957831201 0.0782862340240771 0.696265785687214 0.486262395813679 0.855043063911696 1 1 "Uqcrc2_noRT" "non-targeting_noRT"
"5727" "Rps6kb1" 30.1709885560569 -0.25422021332787 -0.696181209052839 0.486315354023422 0.855043063911696 0.761904761904762 0.928571428571429 "Uqcrc2_noRT" "non-targeting_noRT"
"5728" "Phip" 34.6818183118519 0.258468483112729 0.696027446424755 0.486411641480941 0.855043063911696 0.761904761904762 0.821428571428571 "Uqcrc2_noRT" "non-targeting_noRT"
"5729" "Fbxl15" 12.395625935634 -0.376262475045574 -0.695991151940979 0.486434370896897 NA 0.523809523809524 0.696428571428571 "Uqcrc2_noRT" "non-targeting_noRT"
"5730" "Ddx19b" 0.935261787713322 1.34960637491262 0.695956814487811 0.48645587525124 NA 0.0952380952380952 0.0357142857142857 "Uqcrc2_noRT" "non-targeting_noRT"
"5731" "1190005I06Rik" 0.935261787713322 1.34960637491262 0.695956814487811 0.48645587525124 NA 0.0952380952380952 0.0535714285714286 "Uqcrc2_noRT" "non-targeting_noRT"
"5732" "Tpt1" 2469.93940767037 -0.125894336680339 -0.695493274702672 0.486746224409149 0.855267888155014 1 1 "Uqcrc2_noRT" "non-targeting_noRT"
"5733" "Kat2b" 4.77822849692424 0.58099507563517 0.695229725874301 0.486911346227667 NA 0.333333333333333 0.25 "Uqcrc2_noRT" "non-targeting_noRT"
"5734" "A330023F24Rik" 1.16557480673206 1.45458343694175 0.694733854732308 0.487222107466406 NA 0.0952380952380952 0.0535714285714286 "Uqcrc2_noRT" "non-targeting_noRT"
"5735" "Acad9" 6.91514267098153 0.496796463059669 0.694119957715959 0.487606983566072 NA 0.428571428571429 0.392857142857143 "Uqcrc2_noRT" "non-targeting_noRT"
"5736" "Gm38037" 0.604084260948191 -1.77860579297206 -0.694068070515522 0.487639521204904 NA 0 0.0892857142857143 "Uqcrc2_noRT" "non-targeting_noRT"
"5737" "Gm10457" 0.604084260948191 -1.77860579297206 -0.694068070515522 0.487639521204904 NA 0 0.0357142857142857 "Uqcrc2_noRT" "non-targeting_noRT"
"5738" "Hprt" 37.2339906192059 -0.234256750428567 -0.694026209565567 0.48766577239543 0.855869705975897 0.904761904761905 0.928571428571429 "Uqcrc2_noRT" "non-targeting_noRT"
"5739" "Cep57" 25.3102839083477 -0.266675631098236 -0.693723164020942 0.487855836367651 0.855869705975897 0.761904761904762 0.892857142857143 "Uqcrc2_noRT" "non-targeting_noRT"
"5740" "Zranb1" 6.90570194178512 -0.495530718658342 -0.693697183755417 0.487872132519161 NA 0.428571428571429 0.428571428571429 "Uqcrc2_noRT" "non-targeting_noRT"
"5741" "Fus" 50.652079009979 -0.210439104698355 -0.693673451404068 0.487887018920591 0.855869705975897 0.952380952380952 0.892857142857143 "Uqcrc2_noRT" "non-targeting_noRT"
"5742" "Hbs1l" 10.6706621999369 0.382719587499352 0.693665258165153 0.487892158284672 NA 0.571428571428571 0.625 "Uqcrc2_noRT" "non-targeting_noRT"
"5743" "Ier2" 72.1386904974424 0.181422709564586 0.693627162021407 0.487916055195056 0.855869705975897 1 0.928571428571429 "Uqcrc2_noRT" "non-targeting_noRT"
"5744" "Paxbp1" 13.056612088417 -0.362060745460235 -0.693164684039074 0.488206208273305 0.856015800777515 0.380952380952381 0.732142857142857 "Uqcrc2_noRT" "non-targeting_noRT"
"5745" "Gm20033" 1.89567248391356 -1.00456316092296 -0.692938344386124 0.48834824493508 NA 0.0952380952380952 0.196428571428571 "Uqcrc2_noRT" "non-targeting_noRT"
"5746" "Draxin" 0.93736814374832 1.34262960732033 0.692556059326914 0.488588193805316 NA 0.0952380952380952 0.0535714285714286 "Uqcrc2_noRT" "non-targeting_noRT"
"5747" "C230035I16Rik" 0.93736814374832 1.34262960732033 0.692556059326914 0.488588193805316 NA 0.0952380952380952 0.0535714285714286 "Uqcrc2_noRT" "non-targeting_noRT"
"5748" "A330009N23Rik" 0.93736814374832 1.34262960732033 0.692556059326914 0.488588193805316 NA 0.0952380952380952 0.0357142857142857 "Uqcrc2_noRT" "non-targeting_noRT"
"5749" "Cops9" 97.1756951919971 0.183078446945573 0.692492190876282 0.488628288311598 0.856283348022981 1 1 "Uqcrc2_noRT" "non-targeting_noRT"
"5750" "Ctdsp2" 22.621106623747 0.272197007840285 0.692257068521901 0.48877590564907 0.856283348022981 0.761904761904762 0.767857142857143 "Uqcrc2_noRT" "non-targeting_noRT"
"5751" "Slc35c1" 2.64089534839634 -0.83344617251381 -0.692116839492053 0.488863957360406 NA 0.142857142857143 0.303571428571429 "Uqcrc2_noRT" "non-targeting_noRT"
"5752" "Trabd" 20.555165055645 -0.301553055489763 -0.691689615263409 0.489132269930276 0.856283348022981 0.666666666666667 0.892857142857143 "Uqcrc2_noRT" "non-targeting_noRT"
"5753" "Napg" 13.8092505930813 -0.352204343632215 -0.69160324446051 0.489186523616802 0.856283348022981 0.666666666666667 0.821428571428571 "Uqcrc2_noRT" "non-targeting_noRT"
"5754" "Cox6b2" 7.91658706471477 0.462878157726433 0.691591542047603 0.489193874718715 NA 0.428571428571429 0.428571428571429 "Uqcrc2_noRT" "non-targeting_noRT"
"5755" "Npl" 0.9320697940982 1.42676174712245 0.69138372939762 0.489324426249901 NA 0.0476190476190476 0.0357142857142857 "Uqcrc2_noRT" "non-targeting_noRT"
"5756" "Gm35339" 0.9320697940982 1.42676174712245 0.69138372939762 0.489324426249901 NA 0.0952380952380952 0.0535714285714286 "Uqcrc2_noRT" "non-targeting_noRT"
"5757" "Hmg20a" 7.80805118245054 0.456507148335232 0.690396976902649 0.489944577331979 NA 0.333333333333333 0.5 "Uqcrc2_noRT" "non-targeting_noRT"
"5758" "Dcp1a" 1.96944121996825 0.941823625641599 0.690038283818416 0.490170112377682 NA 0.142857142857143 0.142857142857143 "Uqcrc2_noRT" "non-targeting_noRT"
"5759" "Pdcd2" 28.8477319857716 0.239566557797641 0.689766329623681 0.490341145921465 0.856846471249477 0.904761904761905 0.982142857142857 "Uqcrc2_noRT" "non-targeting_noRT"
"5760" "Dcaf11" 3.35445994196036 -0.734644581932137 -0.689706269105025 0.490378922649935 NA 0.19047619047619 0.410714285714286 "Uqcrc2_noRT" "non-targeting_noRT"
"5761" "Naa60" 1.95015245831012 -0.976205901180653 -0.689682030536892 0.490394168612623 NA 0.0952380952380952 0.232142857142857 "Uqcrc2_noRT" "non-targeting_noRT"
"5762" "Cchcr1" 1.95015245831012 -0.976205901180653 -0.689682030536892 0.490394168612623 NA 0.0952380952380952 0.25 "Uqcrc2_noRT" "non-targeting_noRT"
"5763" "Wnk4" 8.30765525937511 0.470883341862236 0.68964586118449 0.490416919464953 NA 0.333333333333333 0.428571428571429 "Uqcrc2_noRT" "non-targeting_noRT"
"5764" "C3" 0.581275480698297 -1.72898854746862 -0.689551478345393 0.490476289803577 NA 0 0.125 "Uqcrc2_noRT" "non-targeting_noRT"
"5765" "Cryzl1" 19.2258847149397 0.293476067037355 0.689517300024634 0.490497790199662 0.856846471249477 0.714285714285714 0.767857142857143 "Uqcrc2_noRT" "non-targeting_noRT"
"5766" "Dpm2" 21.9446159789434 -0.295813384790009 -0.689311109298094 0.49062750838225 0.856846471249477 0.666666666666667 0.946428571428571 "Uqcrc2_noRT" "non-targeting_noRT"
"5767" "Napa" 25.0247406428194 -0.262439765029695 -0.689204641334708 0.490694496453626 0.856846471249477 0.80952380952381 0.946428571428571 "Uqcrc2_noRT" "non-targeting_noRT"
"5768" "Rpp40" 13.0042586273712 0.352862628069654 0.689189657253598 0.490703924610936 0.856846471249477 0.619047619047619 0.571428571428571 "Uqcrc2_noRT" "non-targeting_noRT"
"5769" "Dido1" 7.55612562102168 -0.489662233677996 -0.689159412980054 0.490722954954589 NA 0.285714285714286 0.446428571428571 "Uqcrc2_noRT" "non-targeting_noRT"
"5770" "Camta1" 12.6109369392938 -0.378931723889335 -0.689115419611661 0.490750637230851 0.856846471249477 0.428571428571429 0.75 "Uqcrc2_noRT" "non-targeting_noRT"
"5771" "Slf1" 6.88608515515035 -0.495639028146989 -0.688657569832457 0.491038783283478 NA 0.428571428571429 0.535714285714286 "Uqcrc2_noRT" "non-targeting_noRT"
"5772" "Nat10" 4.7156202154651 -0.600527430695285 -0.688557495190727 0.49110177698875 NA 0.238095238095238 0.428571428571429 "Uqcrc2_noRT" "non-targeting_noRT"
"5773" "Rpl10" 2471.72650815559 -0.0819871005330643 -0.688173008583006 0.491343839073564 0.857520373718435 1 1 "Uqcrc2_noRT" "non-targeting_noRT"
"5774" "Arl5c" 0.934176150133198 1.41912451389181 0.687895681765195 0.491518476098032 NA 0.0952380952380952 0.0535714285714286 "Uqcrc2_noRT" "non-targeting_noRT"
"5775" "Nudt7" 1.409354076427 1.15198066883288 0.687764334286544 0.491601199282528 NA 0.0952380952380952 0.0892857142857143 "Uqcrc2_noRT" "non-targeting_noRT"
"5776" "Ostc" 178.263045858525 -0.129034461892846 -0.687637188241336 0.491681283505377 0.857747534209634 0.952380952380952 1 "Uqcrc2_noRT" "non-targeting_noRT"
"5777" "Pih1d2" 2.02283555678468 0.995600740738298 0.687461397811047 0.491792018419058 NA 0.142857142857143 0.0892857142857143 "Uqcrc2_noRT" "non-targeting_noRT"
"5778" "Exosc10" 11.6861306636522 -0.387488391525378 -0.687349568947452 0.491862469261542 NA 0.428571428571429 0.625 "Uqcrc2_noRT" "non-targeting_noRT"
"5779" "Mepce" 10.528495368118 -0.416733212411511 -0.687190556568445 0.491962654477437 NA 0.523809523809524 0.625 "Uqcrc2_noRT" "non-targeting_noRT"
"5780" "Ppp2r3d" 7.78001096040724 0.442752681330674 0.687035923208744 0.492060091206845 NA 0.523809523809524 0.517857142857143 "Uqcrc2_noRT" "non-targeting_noRT"
"5781" "Zfp81" 1.94114529420349 -0.968809041610798 -0.68699859097546 0.492083616341471 NA 0.0952380952380952 0.232142857142857 "Uqcrc2_noRT" "non-targeting_noRT"
"5782" "Klhl28" 3.15840298393551 0.700181067784379 0.686694669232492 0.49227515693111 NA 0.285714285714286 0.232142857142857 "Uqcrc2_noRT" "non-targeting_noRT"
"5783" "Gls" 31.0260076354892 -0.261003013860212 -0.686520741620595 0.49238478931071 0.858612835300345 0.714285714285714 0.839285714285714 "Uqcrc2_noRT" "non-targeting_noRT"
"5784" "Wdr35" 3.08161812690255 0.692121745964102 0.686383571660837 0.492471261348954 NA 0.142857142857143 0.196428571428571 "Uqcrc2_noRT" "non-targeting_noRT"
"5785" "Rnf44" 5.7148659891202 -0.590574888102294 -0.686250605380928 0.492555091155883 NA 0.285714285714286 0.392857142857143 "Uqcrc2_noRT" "non-targeting_noRT"
"5786" "Cnppd1" 8.92560627011957 0.418940139843405 0.686217702542195 0.492575836232105 NA 0.428571428571429 0.535714285714286 "Uqcrc2_noRT" "non-targeting_noRT"
"5787" "Hyal2" 3.39142948575713 -0.720805202467319 -0.686077697174378 0.492664114157192 NA 0.19047619047619 0.339285714285714 "Uqcrc2_noRT" "non-targeting_noRT"
"5788" "Xrcc4" 8.35949012537585 -0.448886501925101 -0.685985181109339 0.492722453189953 NA 0.428571428571429 0.5 "Uqcrc2_noRT" "non-targeting_noRT"
"5789" "Slc4a2" 6.06095234787621 -0.537052018242054 -0.685917191492089 0.492765328628686 NA 0.285714285714286 0.464285714285714 "Uqcrc2_noRT" "non-targeting_noRT"
"5790" "Fam210a" 10.102069801171 0.388691198425082 0.685888031111189 0.492783718286306 NA 0.476190476190476 0.553571428571429 "Uqcrc2_noRT" "non-targeting_noRT"
"5791" "Trp53i13" 12.8722721526808 0.362817251125763 0.685883707884187 0.49278644471082 0.858743257309622 0.619047619047619 0.660714285714286 "Uqcrc2_noRT" "non-targeting_noRT"
"5792" "Spg20" 8.53893580588489 0.505231843787606 0.685600474356303 0.492965082330372 NA 0.476190476190476 0.482142857142857 "Uqcrc2_noRT" "non-targeting_noRT"
"5793" "Ube2l6" 51.5842489472585 -0.200473708200347 -0.685268830609723 0.493174296749275 0.858743257309622 0.952380952380952 0.964285714285714 "Uqcrc2_noRT" "non-targeting_noRT"
"5794" "Lsm11" 10.8363512406399 0.390317336609351 0.685156586821107 0.493245115486008 NA 0.571428571428571 0.607142857142857 "Uqcrc2_noRT" "non-targeting_noRT"
"5795" "Cdca7" 16.1041335407533 -0.351360733994131 -0.685006715398138 0.493339683373128 0.858743257309622 0.571428571428571 0.696428571428571 "Uqcrc2_noRT" "non-targeting_noRT"
"5796" "Nsun3" 1.89029629191029 -0.999749511612266 -0.684698637172382 0.493534109208578 NA 0.0952380952380952 0.232142857142857 "Uqcrc2_noRT" "non-targeting_noRT"
"5797" "1110002L01Rik" 2.63457628029134 -0.829487269026166 -0.684368091110582 0.493742759937647 NA 0.142857142857143 0.267857142857143 "Uqcrc2_noRT" "non-targeting_noRT"
"5798" "5430431A17Rik" 1.92868501936181 0.879940281696542 0.68426997521179 0.493804702763641 NA 0.19047619047619 0.125 "Uqcrc2_noRT" "non-targeting_noRT"
"5799" "Orai1" 9.62598018243212 -0.471761438202563 -0.684236928295829 0.493825566978877 NA 0.333333333333333 0.571428571428571 "Uqcrc2_noRT" "non-targeting_noRT"
"5800" "Eif2s2" 231.232180679324 -0.105081569876088 -0.684156301347298 0.493876472891888 0.858743257309622 1 1 "Uqcrc2_noRT" "non-targeting_noRT"
"5801" "Areg" 0.595077096841561 -1.75916529349529 -0.684080991564957 0.493924024210703 NA 0 0.0714285714285714 "Uqcrc2_noRT" "non-targeting_noRT"
"5802" "Tle1" 14.6671692895644 0.35357181762867 0.68402515586083 0.493959280991266 0.858743257309622 0.857142857142857 0.732142857142857 "Uqcrc2_noRT" "non-targeting_noRT"
"5803" "Slc35a3" 4.7807098123898 -0.586465074360064 -0.684014970068066 0.493965712832238 NA 0.285714285714286 0.428571428571429 "Uqcrc2_noRT" "non-targeting_noRT"
"5804" "Naa35" 12.2231340865282 0.379252439483761 0.683950128546295 0.494006658202665 NA 0.523809523809524 0.589285714285714 "Uqcrc2_noRT" "non-targeting_noRT"
"5805" "Tank" 10.3288110315859 -0.425286836588653 -0.68378048841221 0.494113789172345 NA 0.476190476190476 0.571428571428571 "Uqcrc2_noRT" "non-targeting_noRT"
"5806" "C1qtnf6" 5.94815720295483 0.507912102895322 0.683660633861565 0.494189487091637 NA 0.333333333333333 0.357142857142857 "Uqcrc2_noRT" "non-targeting_noRT"
"5807" "Mpst" 24.0081982386606 0.284983875598195 0.683628358850122 0.494209872452529 0.858743257309622 0.952380952380952 0.803571428571429 "Uqcrc2_noRT" "non-targeting_noRT"
"5808" "Pex13" 19.9634633348849 0.296401149249607 0.68344830153174 0.494323607495392 0.858743257309622 0.714285714285714 0.839285714285714 "Uqcrc2_noRT" "non-targeting_noRT"
"5809" "Fanci" 1.90787164163531 -1.03751548671718 -0.683435378698393 0.494331770873332 NA 0.0952380952380952 0.178571428571429 "Uqcrc2_noRT" "non-targeting_noRT"
"5810" "Btbd10" 7.42191196033738 0.532116853649309 0.683281066002028 0.494429256062103 NA 0.476190476190476 0.375 "Uqcrc2_noRT" "non-targeting_noRT"
"5811" "Rab2b" 5.93712152516635 0.519520560083557 0.683058980186337 0.494569574145591 NA 0.428571428571429 0.392857142857143 "Uqcrc2_noRT" "non-targeting_noRT"
"5812" "Rbm4" 16.0085423171959 -0.347488875303385 -0.682936413929854 0.494647022976575 0.858743257309622 0.619047619047619 0.803571428571429 "Uqcrc2_noRT" "non-targeting_noRT"
"5813" "Eif2b5" 10.2472523701014 0.418574380395697 0.682927487087361 0.494652664044359 NA 0.476190476190476 0.553571428571429 "Uqcrc2_noRT" "non-targeting_noRT"
"5814" "Shkbp1" 3.09912855750232 0.692155065165362 0.682854122388892 0.49469902611094 NA 0.285714285714286 0.196428571428571 "Uqcrc2_noRT" "non-targeting_noRT"
"5815" "Kcnc3" 4.84382199146242 0.584677928501322 0.682642558845062 0.494832734522398 NA 0.380952380952381 0.285714285714286 "Uqcrc2_noRT" "non-targeting_noRT"
"5816" "Btg2" 13.152113158049 -0.374530392346523 -0.682378682677883 0.494999531638708 0.858743257309622 0.571428571428571 0.571428571428571 "Uqcrc2_noRT" "non-targeting_noRT"
"5817" "Flt3l" 1.15145741465776 -1.33745304445639 -0.682294830156982 0.49505254142136 NA 0.0476190476190476 0.160714285714286 "Uqcrc2_noRT" "non-targeting_noRT"
"5818" "Zfyve16" 2.60252656373279 0.806402825554793 0.682139189865422 0.495150941946796 NA 0.142857142857143 0.160714285714286 "Uqcrc2_noRT" "non-targeting_noRT"
"5819" "AC168977.1" 6.11019889174789 -0.533252872067889 -0.681868034316557 0.495322399686331 NA 0.19047619047619 0.446428571428571 "Uqcrc2_noRT" "non-targeting_noRT"
"5820" "Usp16" 21.3051413107635 -0.285176714539803 -0.681803225486569 0.495363384458757 0.858743257309622 0.714285714285714 0.839285714285714 "Uqcrc2_noRT" "non-targeting_noRT"
"5821" "Igbp1" 22.4583918310117 0.273154038251723 0.68174713930612 0.495398854534068 0.858743257309622 0.761904761904762 0.839285714285714 "Uqcrc2_noRT" "non-targeting_noRT"
"5822" "Tsen54" 4.89525472245372 0.566604308507222 0.681728431050148 0.49541068632867 NA 0.333333333333333 0.285714285714286 "Uqcrc2_noRT" "non-targeting_noRT"
"5823" "Nprl3" 5.50741445104583 -0.550595149325638 -0.681703452446713 0.495426483958697 NA 0.333333333333333 0.428571428571429 "Uqcrc2_noRT" "non-targeting_noRT"
"5824" "Ptrh2" 53.688963880033 0.204068034581372 0.681664878119504 0.495450880684959 0.858743257309622 0.904761904761905 0.964285714285714 "Uqcrc2_noRT" "non-targeting_noRT"
"5825" "1700008J07Rik" 0.8732992652785 1.34113041420071 0.681634491169364 0.4954700996729 NA 0.0952380952380952 0.0535714285714286 "Uqcrc2_noRT" "non-targeting_noRT"
"5826" "Zfp874b" 0.8732992652785 1.34113041420071 0.681634491169364 0.4954700996729 NA 0.0952380952380952 0.0535714285714286 "Uqcrc2_noRT" "non-targeting_noRT"
"5827" "Anxa11" 0.8732992652785 1.34113041420071 0.681634491169364 0.4954700996729 NA 0.0952380952380952 0.0535714285714286 "Uqcrc2_noRT" "non-targeting_noRT"
"5828" "Apbb1" 4.01607498369169 -0.677864175484263 -0.681610208508338 0.495485458136414 NA 0.238095238095238 0.392857142857143 "Uqcrc2_noRT" "non-targeting_noRT"
"5829" "Eef1g" 494.798163017583 0.0970065085392787 0.681603667320376 0.495489595395173 0.858743257309622 1 1 "Uqcrc2_noRT" "non-targeting_noRT"
"5830" "Anapc10" 26.0647550496296 -0.260773087447743 -0.681560477529968 0.495516913119131 0.858743257309622 0.80952380952381 0.910714285714286 "Uqcrc2_noRT" "non-targeting_noRT"
"5831" "Snx9" 9.32893369471124 0.406611521982429 0.681508178017991 0.495549993856723 NA 0.523809523809524 0.571428571428571 "Uqcrc2_noRT" "non-targeting_noRT"
"5832" "Inava" 0.574374672626665 -1.71372861914027 -0.681490495880505 0.495561178513659 NA 0 0.107142857142857 "Uqcrc2_noRT" "non-targeting_noRT"
"5833" "Syt6" 0.574374672626665 -1.71372861914027 -0.681490495880505 0.495561178513659 NA 0 0.0892857142857143 "Uqcrc2_noRT" "non-targeting_noRT"
"5834" "4931428F04Rik" 0.574374672626665 -1.71372861914027 -0.681490495880505 0.495561178513659 NA 0 0.125 "Uqcrc2_noRT" "non-targeting_noRT"
"5835" "Pou2f1" 4.10978853135779 -0.66216702239894 -0.681287881724774 0.495689349665285 NA 0.19047619047619 0.375 "Uqcrc2_noRT" "non-targeting_noRT"
"5836" "Pot1a" 4.92228519115341 -0.602028854616368 -0.681175776973999 0.495760273315785 NA 0.19047619047619 0.392857142857143 "Uqcrc2_noRT" "non-targeting_noRT"
"5837" "Ormdl3" 13.7308362859609 0.341514462615313 0.681121097525831 0.495794868516691 0.858743257309622 0.571428571428571 0.678571428571429 "Uqcrc2_noRT" "non-targeting_noRT"
"5838" "Baz2b" 7.06489981925542 -0.544483342003218 -0.681118754553457 0.495796350923278 NA 0.333333333333333 0.5 "Uqcrc2_noRT" "non-targeting_noRT"
"5839" "Maml2" 3.1948686301188 0.730151778767107 0.681052846430633 0.495838052185906 NA 0.142857142857143 0.178571428571429 "Uqcrc2_noRT" "non-targeting_noRT"
"5840" "Wsb1" 25.7349508301143 0.271505647364545 0.680968264096267 0.495891571702855 0.858743257309622 0.761904761904762 0.821428571428571 "Uqcrc2_noRT" "non-targeting_noRT"
"5841" "Pnpla2" 48.1354866674905 -0.198742292431505 -0.680816629050235 0.49598752657564 0.858743257309622 0.904761904761905 0.928571428571429 "Uqcrc2_noRT" "non-targeting_noRT"
"5842" "Usp40" 1.93424448613185 -0.962585596300216 -0.680694165879052 0.496065028675643 NA 0.0952380952380952 0.232142857142857 "Uqcrc2_noRT" "non-targeting_noRT"
"5843" "Ell" 2.80688196583135 -0.853686511710003 -0.680431952728546 0.496230994739279 NA 0.142857142857143 0.303571428571429 "Uqcrc2_noRT" "non-targeting_noRT"
"5844" "Hsf1" 11.4678502589403 -0.391295158814142 -0.680330778307114 0.496295040332136 NA 0.619047619047619 0.625 "Uqcrc2_noRT" "non-targeting_noRT"
"5845" "Jade1" 8.13750090620738 -0.456778173645671 -0.680308541172053 0.496309117509643 NA 0.333333333333333 0.5 "Uqcrc2_noRT" "non-targeting_noRT"
"5846" "Cndp2" 5.6429971507917 0.544671926762618 0.679888194980365 0.496575256950705 NA 0.333333333333333 0.375 "Uqcrc2_noRT" "non-targeting_noRT"
"5847" "Fkbp14" 8.5243981247908 0.449873894899555 0.679739250546114 0.496669578398878 NA 0.476190476190476 0.428571428571429 "Uqcrc2_noRT" "non-targeting_noRT"
"5848" "Rora" 29.1593223918392 -0.249719496164308 -0.679712997959145 0.496686204259978 0.859189306253668 0.714285714285714 0.785714285714286 "Uqcrc2_noRT" "non-targeting_noRT"
"5849" "Acpp" 2.56840104578652 -0.843849447980971 -0.679695003534674 0.496697600367383 NA 0.142857142857143 0.160714285714286 "Uqcrc2_noRT" "non-targeting_noRT"
"5850" "Armcx5" 4.22243190780615 0.606081841941935 0.679562833423997 0.496781309721063 NA 0.285714285714286 0.303571428571429 "Uqcrc2_noRT" "non-targeting_noRT"
"5851" "E130102H24Rik" 0.938970602169832 1.40081438598228 0.679469434216702 0.496840468229022 NA 0.0952380952380952 0.0535714285714286 "Uqcrc2_noRT" "non-targeting_noRT"
"5852" "Gtf2i" 18.5328633736907 0.293562376884221 0.679404028258267 0.496881898213161 0.859189306253668 0.619047619047619 0.625 "Uqcrc2_noRT" "non-targeting_noRT"
"5853" "Mterf2" 6.90336757978865 0.512257670101264 0.679380365433311 0.496896887369339 NA 0.428571428571429 0.482142857142857 "Uqcrc2_noRT" "non-targeting_noRT"
"5854" "Dynlt3" 36.3172460504235 0.214687022817588 0.679359982584665 0.496909799026061 0.859189306253668 0.857142857142857 0.892857142857143 "Uqcrc2_noRT" "non-targeting_noRT"
"5855" "Pcmtd1" 7.75517565520696 0.439799763171547 0.679331320653549 0.49692795542742 NA 0.476190476190476 0.375 "Uqcrc2_noRT" "non-targeting_noRT"
"5856" "Reep6" 1.86014772510053 -0.992648268309269 -0.679131276745553 0.497054686582092 NA 0.0952380952380952 0.178571428571429 "Uqcrc2_noRT" "non-targeting_noRT"
"5857" "Mamld1" 1.96816678652338 -0.989712791565563 -0.679061340048082 0.497098996709485 NA 0.0952380952380952 0.142857142857143 "Uqcrc2_noRT" "non-targeting_noRT"
"5858" "Aprt" 251.369482719295 0.112157355858619 0.678823386949153 0.49724977355064 0.859189306253668 1 1 "Uqcrc2_noRT" "non-targeting_noRT"
"5859" "Dennd1b" 8.8274771766955 0.435096846226299 0.678264757639456 0.497603839691182 NA 0.428571428571429 0.428571428571429 "Uqcrc2_noRT" "non-targeting_noRT"
"5860" "Zc3h13" 14.9164807117263 -0.334584253486553 -0.678061402698811 0.497732761874608 0.859189306253668 0.476190476190476 0.803571428571429 "Uqcrc2_noRT" "non-targeting_noRT"
"5861" "Grina" 103.702320304744 0.141257061481284 0.677956025492611 0.497799575503941 0.859189306253668 0.952380952380952 1 "Uqcrc2_noRT" "non-targeting_noRT"
"5862" "Pmm1" 26.1553093313821 -0.26618503403399 -0.677918787285298 0.497823187252214 0.859189306253668 0.714285714285714 0.767857142857143 "Uqcrc2_noRT" "non-targeting_noRT"
"5863" "Abhd10" 6.15087725000118 -0.520249056454506 -0.677721557782647 0.497948255127482 NA 0.333333333333333 0.410714285714286 "Uqcrc2_noRT" "non-targeting_noRT"
"5864" "Lman1" 96.884792914414 -0.148387656883904 -0.677685015164145 0.497971429498828 0.859189306253668 1 0.982142857142857 "Uqcrc2_noRT" "non-targeting_noRT"
"5865" "Rfwd3" 4.0021354529857 -0.659329218082138 -0.67752101142829 0.498075443439191 NA 0.238095238095238 0.339285714285714 "Uqcrc2_noRT" "non-targeting_noRT"
"5866" "Rfxap" 29.0700851992594 0.246471198775748 0.677460445473032 0.498113858313811 0.859189306253668 0.904761904761905 0.892857142857143 "Uqcrc2_noRT" "non-targeting_noRT"
"5867" "Kpna6" 8.34147579716258 -0.444757985470818 -0.677177716257706 0.498293204453559 NA 0.476190476190476 0.660714285714286 "Uqcrc2_noRT" "non-targeting_noRT"
"5868" "Ddx60" 8.35164842993395 -0.460304664732987 -0.677036039749759 0.498383088290004 NA 0.333333333333333 0.571428571428571 "Uqcrc2_noRT" "non-targeting_noRT"
"5869" "Zfp219" 4.20012702516974 0.608911922088168 0.676968088463901 0.498426201688288 NA 0.333333333333333 0.303571428571429 "Uqcrc2_noRT" "non-targeting_noRT"
"5870" "Stx3" 17.5700668357974 0.313288855291283 0.6766945336037 0.498599785495485 0.859669130158466 0.714285714285714 0.642857142857143 "Uqcrc2_noRT" "non-targeting_noRT"
"5871" "Pacc1" 1.88625945247714 0.913529278104927 0.676553973645036 0.498688990095364 NA 0.19047619047619 0.142857142857143 "Uqcrc2_noRT" "non-targeting_noRT"
"5872" "Wee1" 14.9816118603212 -0.406974430263921 -0.676143516327108 0.498949530193986 0.859913850871601 0.380952380952381 0.607142857142857 "Uqcrc2_noRT" "non-targeting_noRT"
"5873" "Pip4k2c" 7.69365496944459 0.464543637246098 0.675862313349655 0.499128067115562 NA 0.380952380952381 0.392857142857143 "Uqcrc2_noRT" "non-targeting_noRT"
"5874" "Epc1" 12.0872255198761 0.396136508722842 0.675710797577398 0.499224279168419 NA 0.476190476190476 0.625 "Uqcrc2_noRT" "non-targeting_noRT"
"5875" "Gm33782" 0.858476930680362 1.33452262215799 0.675702146468112 0.499229772893701 NA 0.0952380952380952 0.0535714285714286 "Uqcrc2_noRT" "non-targeting_noRT"
"5876" "Gprasp2" 0.858476930680362 1.33452262215799 0.675702146468112 0.499229772893701 NA 0.0952380952380952 0.0357142857142857 "Uqcrc2_noRT" "non-targeting_noRT"
"5877" "Gm9844" 2.52792789381945 0.758781049576191 0.675633504245641 0.499273363992584 NA 0.238095238095238 0.142857142857143 "Uqcrc2_noRT" "non-targeting_noRT"
"5878" "Itfg2" 9.92555339229249 0.396217913418452 0.67526872823578 0.499505048145143 NA 0.523809523809524 0.482142857142857 "Uqcrc2_noRT" "non-targeting_noRT"
"5879" "Tnnt2" 3.4958542492164 0.69890759053287 0.675099590318431 0.49961249391817 NA 0.142857142857143 0.178571428571429 "Uqcrc2_noRT" "non-targeting_noRT"
"5880" "Tbc1d10a" 34.0206332658388 -0.24309971588115 -0.674976667072096 0.499690589271329 0.859921461061724 0.857142857142857 0.875 "Uqcrc2_noRT" "non-targeting_noRT"
"5881" "Txlng" 12.4888226624587 -0.378032274671809 -0.674974227692481 0.499692139118723 NA 0.571428571428571 0.714285714285714 "Uqcrc2_noRT" "non-targeting_noRT"
"5882" "Efhd2" 21.2755915374995 0.31143053707465 0.674786895902938 0.499811167037901 0.859921461061724 0.666666666666667 0.660714285714286 "Uqcrc2_noRT" "non-targeting_noRT"
"5883" "Dnaaf5" 1.87286370366367 -0.984389982000882 -0.674738494848436 0.49984192281656 NA 0.0952380952380952 0.196428571428571 "Uqcrc2_noRT" "non-targeting_noRT"
"5884" "Commd2" 29.3751578019734 -0.24297885238382 -0.674606993036032 0.499925488890642 0.859921461061724 0.761904761904762 0.946428571428571 "Uqcrc2_noRT" "non-targeting_noRT"
"5885" "Acly" 15.571779027336 0.31409335825748 0.673875251152137 0.500390627722413 0.859921461061724 0.619047619047619 0.678571428571429 "Uqcrc2_noRT" "non-targeting_noRT"
"5886" "Nudcd1" 22.512324214095 -0.272275563962434 -0.673564954820559 0.500587939875038 0.859921461061724 0.619047619047619 0.785714285714286 "Uqcrc2_noRT" "non-targeting_noRT"
"5887" "Ppp1cc" 33.114727838992 0.224965660058864 0.673220133845943 0.500807254041845 0.859921461061724 0.857142857142857 0.946428571428571 "Uqcrc2_noRT" "non-targeting_noRT"
"5888" "Slc35d1" 3.30992801904069 -0.72243653050694 -0.673207683017536 0.500815174011097 NA 0.19047619047619 0.321428571428571 "Uqcrc2_noRT" "non-targeting_noRT"
"5889" "Esf1" 58.5195048843174 0.185458542752669 0.673040246855281 0.500921686566402 0.859921461061724 0.904761904761905 0.964285714285714 "Uqcrc2_noRT" "non-targeting_noRT"
"5890" "Katnbl1" 12.2442823248784 0.370394353677145 0.672444947772882 0.501300476306966 NA 0.619047619047619 0.625 "Uqcrc2_noRT" "non-targeting_noRT"
"5891" "Mllt11" 19.1984411448224 0.288223434163203 0.672362731045948 0.50135280286048 0.859921461061724 0.80952380952381 0.660714285714286 "Uqcrc2_noRT" "non-targeting_noRT"
"5892" "Zfp937" 0.90663783697192 1.39711966237696 0.672360799318365 0.501354032336649 NA 0.0952380952380952 0.0535714285714286 "Uqcrc2_noRT" "non-targeting_noRT"
"5893" "Pstpip1" 0.90663783697192 1.39711966237696 0.672360799318365 0.501354032336649 NA 0.0952380952380952 0.0535714285714286 "Uqcrc2_noRT" "non-targeting_noRT"
"5894" "Mdfi" 0.90663783697192 1.39711966237696 0.672360799318365 0.501354032336649 NA 0.0952380952380952 0.0357142857142857 "Uqcrc2_noRT" "non-targeting_noRT"
"5895" "Rps6kl1" 0.86058328671536 1.32739894915365 0.672334109672115 0.501371019514354 NA 0.0952380952380952 0.0535714285714286 "Uqcrc2_noRT" "non-targeting_noRT"
"5896" "Myo7b" 0.86058328671536 1.32739894915365 0.672334109672115 0.501371019514354 NA 0.0952380952380952 0.0535714285714286 "Uqcrc2_noRT" "non-targeting_noRT"
"5897" "Rnf217" 8.65546906788745 0.4280729197973 0.672071904392347 0.501537921697642 NA 0.476190476190476 0.5 "Uqcrc2_noRT" "non-targeting_noRT"
"5898" "Pex11a" 1.87228196369703 -0.983735967026934 -0.671657681162464 0.501801648182708 NA 0.0952380952380952 0.25 "Uqcrc2_noRT" "non-targeting_noRT"
"5899" "Dusp8" 2.68492337370252 -0.833990932775957 -0.671597499813489 0.501839970381215 NA 0.142857142857143 0.232142857142857 "Uqcrc2_noRT" "non-targeting_noRT"
"5900" "Fam122a" 7.50463281782081 -0.470123480817718 -0.671165437317342 0.502115144030327 NA 0.380952380952381 0.589285714285714 "Uqcrc2_noRT" "non-targeting_noRT"
"5901" "Usp48" 14.2354267141137 0.322827007958778 0.670893414853052 0.502288431701474 0.859921461061724 0.666666666666667 0.696428571428571 "Uqcrc2_noRT" "non-targeting_noRT"
"5902" "Mms19" 5.31404918261877 -0.568223565793647 -0.670815175813516 0.502338278519042 NA 0.285714285714286 0.517857142857143 "Uqcrc2_noRT" "non-targeting_noRT"
"5903" "Fam207a" 10.402246221566 -0.41151340092762 -0.670805266408503 0.50234459207953 NA 0.476190476190476 0.75 "Uqcrc2_noRT" "non-targeting_noRT"
"5904" "Smdt1" 207.787185538818 -0.11023580247311 -0.670797300567552 0.502349667371148 0.859921461061724 1 1 "Uqcrc2_noRT" "non-targeting_noRT"
"5905" "Mlx" 24.7897815301439 -0.280594621532433 -0.670372948078726 0.502620075090098 0.859921461061724 0.714285714285714 0.928571428571429 "Uqcrc2_noRT" "non-targeting_noRT"
"5906" "Plekha7" 4.69600342883033 -0.602008718328998 -0.670345481359045 0.502637580202707 NA 0.238095238095238 0.357142857142857 "Uqcrc2_noRT" "non-targeting_noRT"
"5907" "Ccdc71" 4.02327486695737 -0.630606350902122 -0.67024487667437 0.502701700416214 NA 0.238095238095238 0.357142857142857 "Uqcrc2_noRT" "non-targeting_noRT"
"5908" "Car13" 3.17801977057028 0.699353440646939 0.670026715521815 0.502840759885086 NA 0.238095238095238 0.178571428571429 "Uqcrc2_noRT" "non-targeting_noRT"
"5909" "Nanp" 3.98680922077408 -0.652557057729068 -0.669983430174666 0.502868353086677 NA 0.142857142857143 0.357142857142857 "Uqcrc2_noRT" "non-targeting_noRT"
"5910" "Car6" 74.0022806693626 -0.205587134949685 -0.669980618633478 0.502870145393449 0.859921461061724 0.714285714285714 0.839285714285714 "Uqcrc2_noRT" "non-targeting_noRT"
"5911" "Gatb" 1.91117458876203 0.879278208068462 0.669972857766 0.502875092823938 NA 0.0952380952380952 0.142857142857143 "Uqcrc2_noRT" "non-targeting_noRT"
"5912" "Kif21a" 20.4873626500998 0.283492219428779 0.669896349814243 0.502923866812063 0.859921461061724 0.666666666666667 0.767857142857143 "Uqcrc2_noRT" "non-targeting_noRT"
"5913" "Zfp773" 4.93862117670864 0.582616779973323 0.669511948475045 0.503168961344112 NA 0.238095238095238 0.267857142857143 "Uqcrc2_noRT" "non-targeting_noRT"
"5914" "Nol6" 8.11679848199249 -0.452224106928701 -0.669486619985747 0.503185113020138 NA 0.333333333333333 0.535714285714286 "Uqcrc2_noRT" "non-targeting_noRT"
"5915" "Rab4a" 7.8001316446555 0.436975654644292 0.66921415813626 0.503358876015726 NA 0.428571428571429 0.375 "Uqcrc2_noRT" "non-targeting_noRT"
"5916" "Reps2" 37.331305011661 -0.229320732953053 -0.669170386306227 0.503386794527109 0.859921461061724 0.857142857142857 0.910714285714286 "Uqcrc2_noRT" "non-targeting_noRT"
"5917" "Tmem50a" 39.4080037965369 -0.213410833732868 -0.669135835683248 0.503408832153558 0.859921461061724 0.761904761904762 1 "Uqcrc2_noRT" "non-targeting_noRT"
"5918" "Zdhhc7" 2.52052318813433 0.784092834743812 0.668986514469646 0.503504080437776 NA 0.19047619047619 0.160714285714286 "Uqcrc2_noRT" "non-targeting_noRT"
"5919" "Msantd1" 0.908744193006918 1.38943183398679 0.668877947367255 0.503573338663383 NA 0.0476190476190476 0.0357142857142857 "Uqcrc2_noRT" "non-targeting_noRT"
"5920" "Scamp3" 23.8570105568669 -0.26125413735824 -0.668823149280232 0.503608297924109 0.859921461061724 0.761904761904762 0.910714285714286 "Uqcrc2_noRT" "non-targeting_noRT"
"5921" "Pard3b" 4.05611152976877 -0.636073482851374 -0.668663989635954 0.503709843469052 NA 0.238095238095238 0.303571428571429 "Uqcrc2_noRT" "non-targeting_noRT"
"5922" "Eral1" 3.01965560446772 0.686492664065683 0.668642229985933 0.503723727196887 NA 0.19047619047619 0.214285714285714 "Uqcrc2_noRT" "non-targeting_noRT"
"5923" "Phkg2" 4.77459951355235 0.5562075872331 0.668541941236055 0.503787718966967 NA 0.333333333333333 0.339285714285714 "Uqcrc2_noRT" "non-targeting_noRT"
"5924" "Trafd1" 25.74011736414 -0.275546034650474 -0.668460138610796 0.503839918375484 0.859921461061724 0.80952380952381 0.839285714285714 "Uqcrc2_noRT" "non-targeting_noRT"
"5925" "Col4a5" 10.5023566796902 -0.403377276234685 -0.668324071662169 0.503926750936458 NA 0.428571428571429 0.732142857142857 "Uqcrc2_noRT" "non-targeting_noRT"
"5926" "Fam13b" 3.4640016307201 -0.703309890163413 -0.668251923502922 0.503972796250313 NA 0.142857142857143 0.303571428571429 "Uqcrc2_noRT" "non-targeting_noRT"
"5927" "Ankrd26" 10.2839315247684 -0.391976625854991 -0.668248394530406 0.503975048515065 NA 0.333333333333333 0.571428571428571 "Uqcrc2_noRT" "non-targeting_noRT"
"5928" "Gtf2h5" 119.158271623847 0.135142460006382 0.668230429107254 0.503986514509695 0.859921461061724 1 1 "Uqcrc2_noRT" "non-targeting_noRT"
"5929" "Hdac4" 4.29703256645096 0.604197579414945 0.668173802847169 0.504022655744436 NA 0.238095238095238 0.321428571428571 "Uqcrc2_noRT" "non-targeting_noRT"
"5930" "H1fx" 19.8221317741097 -0.331540763414454 -0.667776344690926 0.504276368553758 0.859921461061724 0.571428571428571 0.696428571428571 "Uqcrc2_noRT" "non-targeting_noRT"
"5931" "Zbed5" 3.4207367697302 0.676836122049609 0.667604795781518 0.504385895621191 NA 0.333333333333333 0.214285714285714 "Uqcrc2_noRT" "non-targeting_noRT"
"5932" "Parva" 11.5915801944791 0.37067573449045 0.667592796063888 0.504393557426913 NA 0.761904761904762 0.589285714285714 "Uqcrc2_noRT" "non-targeting_noRT"
"5933" "Brd7" 23.2910870174088 0.255449993208744 0.667569519227859 0.504408419834595 0.859921461061724 0.666666666666667 0.821428571428571 "Uqcrc2_noRT" "non-targeting_noRT"
"5934" "Mri1" 34.1391522386501 0.232829805705829 0.667563604115776 0.50441219670804 0.859921461061724 0.80952380952381 0.910714285714286 "Uqcrc2_noRT" "non-targeting_noRT"
"5935" "Nr1h2" 26.5057538891268 0.259931553380011 0.667358051928384 0.504543453627903 0.859921461061724 0.761904761904762 0.821428571428571 "Uqcrc2_noRT" "non-targeting_noRT"
"5936" "Rpl31" 705.452071615941 -0.0860074271933836 -0.667326547202148 0.504563572803071 0.859921461061724 1 1 "Uqcrc2_noRT" "non-targeting_noRT"
"5937" "Ubxn4" 54.933118100068 -0.178678494152428 -0.667278026075041 0.504594559618026 0.859921461061724 0.857142857142857 0.982142857142857 "Uqcrc2_noRT" "non-targeting_noRT"
"5938" "Vdac3" 110.104529264179 0.132656276967445 0.667195752236123 0.504647104058492 0.859921461061724 0.952380952380952 1 "Uqcrc2_noRT" "non-targeting_noRT"
"5939" "Stard5" 3.45347183927657 -0.729677390708435 -0.667097717593655 0.504709717950776 NA 0.19047619047619 0.357142857142857 "Uqcrc2_noRT" "non-targeting_noRT"
"5940" "Golga7" 18.3714822285146 -0.312023467253762 -0.667075962799695 0.504723613107834 0.859921461061724 0.80952380952381 0.821428571428571 "Uqcrc2_noRT" "non-targeting_noRT"
"5941" "Eif4g2" 113.233736252748 0.144759250593073 0.66700237830864 0.50477061426885 0.859921461061724 0.952380952380952 1 "Uqcrc2_noRT" "non-targeting_noRT"
"5942" "Naxe" 36.4332208645365 0.225492282462706 0.666999190054534 0.504772650777894 0.859921461061724 0.80952380952381 0.946428571428571 "Uqcrc2_noRT" "non-targeting_noRT"
"5943" "Atad3aos" 0.88230642938513 1.30981606936508 0.666658561461957 0.504990253490794 NA 0.0952380952380952 0.0535714285714286 "Uqcrc2_noRT" "non-targeting_noRT"
"5944" "Myo16" 0.88230642938513 1.30981606936508 0.666658561461957 0.504990253490794 NA 0.0952380952380952 0.0357142857142857 "Uqcrc2_noRT" "non-targeting_noRT"
"5945" "Rnf4" 32.7439749213 0.235324085810528 0.666192966238879 0.505287768189037 0.860444767393513 0.714285714285714 0.892857142857143 "Uqcrc2_noRT" "non-targeting_noRT"
"5946" "Wrap73" 7.20670394068937 0.446379359163953 0.666006251989511 0.505407104263977 NA 0.476190476190476 0.410714285714286 "Uqcrc2_noRT" "non-targeting_noRT"
"5947" "Stk35" 2.69545515387751 -0.840808358367075 -0.66568354534489 0.50561339316531 NA 0.142857142857143 0.232142857142857 "Uqcrc2_noRT" "non-targeting_noRT"
"5948" "Tbl2" 3.30302721096906 -0.718806265028902 -0.665085441513957 0.505995845773794 NA 0.19047619047619 0.267857142857143 "Uqcrc2_noRT" "non-targeting_noRT"
"5949" "Gm19426" 0.515399321387528 -1.54870869890953 -0.664953371819421 0.506080317173621 NA 0 0.107142857142857 "Uqcrc2_noRT" "non-targeting_noRT"
"5950" "Zkscan5" 0.515399321387528 -1.54870869890953 -0.664953371819421 0.506080317173621 NA 0 0.0892857142857143 "Uqcrc2_noRT" "non-targeting_noRT"
"5951" "Zik1" 0.515399321387528 -1.54870869890953 -0.664953371819421 0.506080317173621 NA 0 0.0892857142857143 "Uqcrc2_noRT" "non-targeting_noRT"
"5952" "Gm48550" 0.515399321387528 -1.54870869890953 -0.664953371819421 0.506080317173621 NA 0 0.0892857142857143 "Uqcrc2_noRT" "non-targeting_noRT"
"5953" "Gm41609" 0.515399321387528 -1.54870869890953 -0.664953371819421 0.506080317173621 NA 0 0.0714285714285714 "Uqcrc2_noRT" "non-targeting_noRT"
"5954" "Psd" 0.515399321387528 -1.54870869890953 -0.664953371819421 0.506080317173621 NA 0 0.107142857142857 "Uqcrc2_noRT" "non-targeting_noRT"
"5955" "Vps41" 9.64736953388471 -0.401506935813078 -0.664425361171815 0.506418105387631 NA 0.523809523809524 0.660714285714286 "Uqcrc2_noRT" "non-targeting_noRT"
"5956" "Daam1" 13.2690813001004 -0.378736544904129 -0.664157490209748 0.506589517809462 0.862306632947575 0.523809523809524 0.571428571428571 "Uqcrc2_noRT" "non-targeting_noRT"
"5957" "Adgrd1" 0.865377738751994 1.31018733864768 0.664128701931687 0.506607941436404 NA 0.0952380952380952 0.0535714285714286 "Uqcrc2_noRT" "non-targeting_noRT"
"5958" "Yes1" 6.57724758029672 0.470458657612349 0.664059079905999 0.506652498882386 NA 0.476190476190476 0.410714285714286 "Uqcrc2_noRT" "non-targeting_noRT"
"5959" "Fzd2" 7.71471852979457 0.457902341803204 0.663737696006655 0.506858208276958 NA 0.523809523809524 0.410714285714286 "Uqcrc2_noRT" "non-targeting_noRT"
"5960" "Gm26782" 5.43420046329183 0.558490858516868 0.663507487023991 0.507005585978651 NA 0.238095238095238 0.339285714285714 "Uqcrc2_noRT" "non-targeting_noRT"
"5961" "E330009J07Rik" 2.06526112366934 0.956982537361779 0.663422009673559 0.507060313534437 NA 0.142857142857143 0.125 "Uqcrc2_noRT" "non-targeting_noRT"
"5962" "Ppp2r5c" 21.6995651842698 -0.302830607259628 -0.663375090762679 0.507090355060911 0.862695802611686 0.666666666666667 0.928571428571429 "Uqcrc2_noRT" "non-targeting_noRT"
"5963" "Rnf14" 12.8316865487401 0.360010506536709 0.663024742414333 0.507314707795282 0.862695802611686 0.666666666666667 0.571428571428571 "Uqcrc2_noRT" "non-targeting_noRT"
"5964" "Oasl2" 45.8991121359958 -0.213429167679852 -0.662823514200536 0.507443591966371 0.862695802611686 0.904761904761905 0.964285714285714 "Uqcrc2_noRT" "non-targeting_noRT"
"5965" "Spef1" 0.506392157280898 -1.52712531835963 -0.662819590862046 0.507446104986803 NA 0 0.107142857142857 "Uqcrc2_noRT" "non-targeting_noRT"
"5966" "Lrig1" 0.506392157280898 -1.52712531835963 -0.662819590862046 0.507446104986803 NA 0 0.0892857142857143 "Uqcrc2_noRT" "non-targeting_noRT"
"5967" "Zfp689" 0.506392157280898 -1.52712531835963 -0.662819590862046 0.507446104986803 NA 0 0.107142857142857 "Uqcrc2_noRT" "non-targeting_noRT"
"5968" "Col1a1" 0.506392157280898 -1.52712531835963 -0.662819590862046 0.507446104986803 NA 0 0.107142857142857 "Uqcrc2_noRT" "non-targeting_noRT"
"5969" "Ttc25" 0.506392157280898 -1.52712531835963 -0.662819590862046 0.507446104986803 NA 0 0.107142857142857 "Uqcrc2_noRT" "non-targeting_noRT"
"5970" "Ptpdc1" 0.506392157280898 -1.52712531835963 -0.662819590862046 0.507446104986803 NA 0 0.107142857142857 "Uqcrc2_noRT" "non-targeting_noRT"
"5971" "B630019K06Rik" 0.506392157280898 -1.52712531835963 -0.662819590862046 0.507446104986803 NA 0 0.107142857142857 "Uqcrc2_noRT" "non-targeting_noRT"
"5972" "9430038I01Rik" 9.07393770674494 0.41925874303057 0.662611471700301 0.507579421155758 NA 0.571428571428571 0.535714285714286 "Uqcrc2_noRT" "non-targeting_noRT"
"5973" "Adm" 4.20254537962669 0.716266282143121 0.66258017684913 0.507599469480952 NA 0.142857142857143 0.160714285714286 "Uqcrc2_noRT" "non-targeting_noRT"
"5974" "Gm47758" 4.01383071309397 -0.667061214064262 -0.662548472098384 0.50761978082278 NA 0.238095238095238 0.267857142857143 "Uqcrc2_noRT" "non-targeting_noRT"
"5975" "Adnp2" 3.09483800307917 0.681621855177252 0.662418206509986 0.50770323868944 NA 0.285714285714286 0.214285714285714 "Uqcrc2_noRT" "non-targeting_noRT"
"5976" "Gm13205" 1.96286843687326 -0.965169656113621 -0.662261978990071 0.507803339206653 NA 0.0952380952380952 0.25 "Uqcrc2_noRT" "non-targeting_noRT"
"5977" "Tlcd2" 0.51329296535253 -1.54375571292591 -0.662211272571859 0.507835830835024 NA 0 0.0892857142857143 "Uqcrc2_noRT" "non-targeting_noRT"
"5978" "Fam160b2" 0.51329296535253 -1.54375571292591 -0.662211272571859 0.507835830835024 NA 0 0.107142857142857 "Uqcrc2_noRT" "non-targeting_noRT"
"5979" "Ppp1r26" 0.432043639376216 1.91657186260124 0.661985930700906 0.507980238461865 NA 0.0476190476190476 0.0178571428571429 "Uqcrc2_noRT" "non-targeting_noRT"
"5980" "Stom" 0.432043639376216 1.91657186260124 0.661985930700906 0.507980238461865 NA 0.0476190476190476 0.0178571428571429 "Uqcrc2_noRT" "non-targeting_noRT"
"5981" "Zeb2os" 0.432043639376216 1.91657186260124 0.661985930700906 0.507980238461865 NA 0.0476190476190476 0.0178571428571429 "Uqcrc2_noRT" "non-targeting_noRT"
"5982" "1700010B08Rik" 0.432043639376216 1.91657186260124 0.661985930700906 0.507980238461865 NA 0.0476190476190476 0.0178571428571429 "Uqcrc2_noRT" "non-targeting_noRT"
"5983" "Mblac1" 0.432043639376216 1.91657186260124 0.661985930700906 0.507980238461865 NA 0.0476190476190476 0.0178571428571429 "Uqcrc2_noRT" "non-targeting_noRT"
"5984" "A430010J10Rik" 0.432043639376216 1.91657186260124 0.661985930700906 0.507980238461865 NA 0.0476190476190476 0.0178571428571429 "Uqcrc2_noRT" "non-targeting_noRT"
"5985" "Tmem221" 0.432043639376216 1.91657186260124 0.661985930700906 0.507980238461865 NA 0.0476190476190476 0.0178571428571429 "Uqcrc2_noRT" "non-targeting_noRT"
"5986" "Ttc21a" 0.432043639376216 1.91657186260124 0.661985930700906 0.507980238461865 NA 0.0476190476190476 0.0178571428571429 "Uqcrc2_noRT" "non-targeting_noRT"
"5987" "Amd2" 0.432043639376216 1.91657186260124 0.661985930700906 0.507980238461865 NA 0.0476190476190476 0.0178571428571429 "Uqcrc2_noRT" "non-targeting_noRT"
"5988" "Tnfrsf13b" 0.432043639376216 1.91657186260124 0.661985930700906 0.507980238461865 NA 0.0476190476190476 0.0178571428571429 "Uqcrc2_noRT" "non-targeting_noRT"
"5989" "Syne3" 0.432043639376216 1.91657186260124 0.661985930700906 0.507980238461865 NA 0.0476190476190476 0.0178571428571429 "Uqcrc2_noRT" "non-targeting_noRT"
"5990" "Ell2" 0.432043639376216 1.91657186260124 0.661985930700906 0.507980238461865 NA 0.0476190476190476 0.0178571428571429 "Uqcrc2_noRT" "non-targeting_noRT"
"5991" "2600002D14Rik" 0.432043639376216 1.91657186260124 0.661985930700906 0.507980238461865 NA 0.0476190476190476 0.0178571428571429 "Uqcrc2_noRT" "non-targeting_noRT"
"5992" "Pxt1" 0.432043639376216 1.91657186260124 0.661985930700906 0.507980238461865 NA 0.0476190476190476 0.0178571428571429 "Uqcrc2_noRT" "non-targeting_noRT"
"5993" "Ppp1r18os" 0.432043639376216 1.91657186260124 0.661985930700906 0.507980238461865 NA 0.0476190476190476 0.0178571428571429 "Uqcrc2_noRT" "non-targeting_noRT"
"5994" "Pcdhga12" 0.432043639376216 1.91657186260124 0.661985930700906 0.507980238461865 NA 0.0476190476190476 0.0178571428571429 "Uqcrc2_noRT" "non-targeting_noRT"
"5995" "Lrp5" 0.432043639376216 1.91657186260124 0.661985930700906 0.507980238461865 NA 0.0476190476190476 0.0178571428571429 "Uqcrc2_noRT" "non-targeting_noRT"
"5996" "Smyd4" 3.71588186255973 0.641095231459199 0.661957365669783 0.507998545557011 NA 0.238095238095238 0.214285714285714 "Uqcrc2_noRT" "non-targeting_noRT"
"5997" "Letmd1" 4.84056597878962 -0.577688720702933 -0.661633745197288 0.508205975449344 NA 0.285714285714286 0.464285714285714 "Uqcrc2_noRT" "non-targeting_noRT"
"5998" "Ap1ar" 8.9767131474817 -0.45792058180605 -0.661521627187873 0.508277849702034 NA 0.380952380952381 0.482142857142857 "Uqcrc2_noRT" "non-targeting_noRT"
"5999" "Dkc1" 56.4861113208315 -0.181787677238926 -0.661518473261386 0.50827987163191 0.863762673023754 0.904761904761905 0.910714285714286 "Uqcrc2_noRT" "non-targeting_noRT"
"6000" "1110012L19Rik" 11.6860783157998 0.360063773863225 0.661423580558574 0.508340707740054 NA 0.619047619047619 0.678571428571429 "Uqcrc2_noRT" "non-targeting_noRT"
"6001" "Rnf126" 34.6997373132006 0.223394756599331 0.661002192949317 0.50861090721966 0.863970416286926 0.904761904761905 0.875 "Uqcrc2_noRT" "non-targeting_noRT"
"6002" "Ankrd23" 0.429937283341218 1.9165717652113 0.660767895422019 0.508761174551054 NA 0.0476190476190476 0.0178571428571429 "Uqcrc2_noRT" "non-targeting_noRT"
"6003" "H3f3aos" 0.429937283341218 1.9165717652113 0.660767895422019 0.508761174551054 NA 0.0476190476190476 0.0178571428571429 "Uqcrc2_noRT" "non-targeting_noRT"
"6004" "Gm10115" 0.429937283341218 1.9165717652113 0.660767895422019 0.508761174551054 NA 0.0476190476190476 0.0178571428571429 "Uqcrc2_noRT" "non-targeting_noRT"
"6005" "Amigo1" 0.429937283341218 1.9165717652113 0.660767895422019 0.508761174551054 NA 0.0476190476190476 0.0178571428571429 "Uqcrc2_noRT" "non-targeting_noRT"
"6006" "D5Ertd615e" 0.429937283341218 1.9165717652113 0.660767895422019 0.508761174551054 NA 0.0476190476190476 0.0178571428571429 "Uqcrc2_noRT" "non-targeting_noRT"
"6007" "Micall2" 0.429937283341218 1.9165717652113 0.660767895422019 0.508761174551054 NA 0.0476190476190476 0.0178571428571429 "Uqcrc2_noRT" "non-targeting_noRT"
"6008" "Jazf1" 0.429937283341218 1.9165717652113 0.660767895422019 0.508761174551054 NA 0.0476190476190476 0.0178571428571429 "Uqcrc2_noRT" "non-targeting_noRT"
"6009" "Igsf23" 0.429937283341218 1.9165717652113 0.660767895422019 0.508761174551054 NA 0.0476190476190476 0.0178571428571429 "Uqcrc2_noRT" "non-targeting_noRT"
"6010" "Tmem147os" 0.429937283341218 1.9165717652113 0.660767895422019 0.508761174551054 NA 0.0476190476190476 0.0178571428571429 "Uqcrc2_noRT" "non-targeting_noRT"
"6011" "B130055M24Rik" 0.429937283341218 1.9165717652113 0.660767895422019 0.508761174551054 NA 0.0476190476190476 0.0178571428571429 "Uqcrc2_noRT" "non-targeting_noRT"
"6012" "Pkp3" 0.429937283341218 1.9165717652113 0.660767895422019 0.508761174551054 NA 0.0476190476190476 0.0178571428571429 "Uqcrc2_noRT" "non-targeting_noRT"
"6013" "6430548M08Rik" 0.429937283341218 1.9165717652113 0.660767895422019 0.508761174551054 NA 0.0476190476190476 0.0178571428571429 "Uqcrc2_noRT" "non-targeting_noRT"
"6014" "Tmem88" 0.429937283341218 1.9165717652113 0.660767895422019 0.508761174551054 NA 0.0476190476190476 0.0178571428571429 "Uqcrc2_noRT" "non-targeting_noRT"
"6015" "Zfp3" 0.429937283341218 1.9165717652113 0.660767895422019 0.508761174551054 NA 0.0476190476190476 0.0178571428571429 "Uqcrc2_noRT" "non-targeting_noRT"
"6016" "Gfap" 0.429937283341218 1.9165717652113 0.660767895422019 0.508761174551054 NA 0.0476190476190476 0.0178571428571429 "Uqcrc2_noRT" "non-targeting_noRT"
"6017" "C1qtnf1" 0.429937283341218 1.9165717652113 0.660767895422019 0.508761174551054 NA 0.0476190476190476 0.0178571428571429 "Uqcrc2_noRT" "non-targeting_noRT"
"6018" "Gm34643" 0.429937283341218 1.9165717652113 0.660767895422019 0.508761174551054 NA 0.0476190476190476 0.0178571428571429 "Uqcrc2_noRT" "non-targeting_noRT"
"6019" "Gm3417" 0.429937283341218 1.9165717652113 0.660767895422019 0.508761174551054 NA 0.0476190476190476 0.0178571428571429 "Uqcrc2_noRT" "non-targeting_noRT"
"6020" "1600014C23Rik" 0.429937283341218 1.9165717652113 0.660767895422019 0.508761174551054 NA 0.0476190476190476 0.0178571428571429 "Uqcrc2_noRT" "non-targeting_noRT"
"6021" "9630014M24Rik" 0.429937283341218 1.9165717652113 0.660767895422019 0.508761174551054 NA 0.0476190476190476 0.0178571428571429 "Uqcrc2_noRT" "non-targeting_noRT"
"6022" "Rrbp1" 119.113906827753 0.134463938293271 0.66059900191647 0.508869509272684 0.864054997689933 0.904761904761905 0.964285714285714 "Uqcrc2_noRT" "non-targeting_noRT"
"6023" "Plppr2" 0.95008412231146 1.35984192832467 0.66055176001191 0.508899814191532 NA 0.0952380952380952 0.0535714285714286 "Uqcrc2_noRT" "non-targeting_noRT"
"6024" "Rnf114" 12.3779885249679 -0.353659553237928 -0.660529281073254 0.508914234399714 NA 0.523809523809524 0.714285714285714 "Uqcrc2_noRT" "non-targeting_noRT"
"6025" "Zfp1" 5.40928535762176 -0.535407122948119 -0.660315230551682 0.509051558240467 NA 0.333333333333333 0.446428571428571 "Uqcrc2_noRT" "non-targeting_noRT"
"6026" "Smim1" 5.40862574468715 0.562615984447147 0.660134737887007 0.509167368165483 NA 0.285714285714286 0.339285714285714 "Uqcrc2_noRT" "non-targeting_noRT"
"6027" "Miga2" 1.96976924494489 -0.970404209762906 -0.659981576721014 0.509265652141297 NA 0.0476190476190476 0.196428571428571 "Uqcrc2_noRT" "non-targeting_noRT"
"6028" "Crcp" 15.2333142763912 -0.335034744986249 -0.659953631998161 0.509283585424857 0.864220029351667 0.571428571428571 0.75 "Uqcrc2_noRT" "non-targeting_noRT"
"6029" "Kat8" 10.5738903360548 -0.412412371958523 -0.659912137795274 0.50931021457988 NA 0.428571428571429 0.714285714285714 "Uqcrc2_noRT" "non-targeting_noRT"
"6030" "Camk2n1" 4.17106608467156 0.575029264113117 0.659816060658951 0.509371875460523 NA 0.333333333333333 0.267857142857143 "Uqcrc2_noRT" "non-targeting_noRT"
"6031" "Ptrhd1" 19.3059816644083 0.294282538959248 0.659760646085705 0.509407441488993 0.864220029351667 0.714285714285714 0.75 "Uqcrc2_noRT" "non-targeting_noRT"
"6032" "Pkp2" 6.86052820668925 -0.47549520630492 -0.659752843775403 0.509412449250692 NA 0.333333333333333 0.482142857142857 "Uqcrc2_noRT" "non-targeting_noRT"
"6033" "Senp5" 7.36237802205882 0.475094399555924 0.659344989802275 0.509674258310302 NA 0.333333333333333 0.446428571428571 "Uqcrc2_noRT" "non-targeting_noRT"
"6034" "Prdm4" 4.69652024967172 -0.585804488978874 -0.659183908989462 0.509777678481427 NA 0.19047619047619 0.464285714285714 "Uqcrc2_noRT" "non-targeting_noRT"
"6035" "1110032A03Rik" 6.61327623672324 0.457519788499464 0.659113346956822 0.509822985520524 NA 0.428571428571429 0.410714285714286 "Uqcrc2_noRT" "non-targeting_noRT"
"6036" "Ap3d1" 10.9308247105713 0.394856412312118 0.659064398335571 0.509854416083993 NA 0.523809523809524 0.517857142857143 "Uqcrc2_noRT" "non-targeting_noRT"
"6037" "Ipo8" 14.1670672812207 0.319212713954381 0.658964256205403 0.509918721842488 0.864220029351667 0.619047619047619 0.732142857142857 "Uqcrc2_noRT" "non-targeting_noRT"
"6038" "Asrgl1" 53.0318677812561 -0.191084877040379 -0.658924111766627 0.509944501580838 0.864220029351667 0.952380952380952 0.982142857142857 "Uqcrc2_noRT" "non-targeting_noRT"
"6039" "Sgcb" 8.91388907849187 -0.425596476131034 -0.658753828139266 0.510053860979705 NA 0.380952380952381 0.660714285714286 "Uqcrc2_noRT" "non-targeting_noRT"
"6040" "2310039H08Rik" 21.0125503156062 0.267542270832841 0.658712262745344 0.510080556932653 0.864220029351667 0.714285714285714 0.732142857142857 "Uqcrc2_noRT" "non-targeting_noRT"
"6041" "Col6a1" 0.887100881421763 1.29272195347473 0.658421568407605 0.510267279848314 NA 0.0952380952380952 0.0357142857142857 "Uqcrc2_noRT" "non-targeting_noRT"
"6042" "Zfp870" 0.887100881421763 1.29272195347473 0.658421568407605 0.510267279848314 NA 0.0952380952380952 0.0535714285714286 "Uqcrc2_noRT" "non-targeting_noRT"
"6043" "Dock1" 8.29738769964684 -0.432839344537207 -0.658358261759173 0.510307948613647 NA 0.428571428571429 0.642857142857143 "Uqcrc2_noRT" "non-targeting_noRT"
"6044" "Ap5m1" 1.95596762880162 -0.959064730483332 -0.658347667459503 0.510314754653447 NA 0.0952380952380952 0.196428571428571 "Uqcrc2_noRT" "non-targeting_noRT"
"6045" "Arhgap10" 11.8707225720864 0.37396650379362 0.658281576087984 0.510357214454816 NA 0.571428571428571 0.589285714285714 "Uqcrc2_noRT" "non-targeting_noRT"
"6046" "Tysnd1" 7.30513210930748 0.46239803759225 0.658192962016626 0.510414146659015 NA 0.285714285714286 0.428571428571429 "Uqcrc2_noRT" "non-targeting_noRT"
"6047" "Pithd1" 8.57231785545349 -0.475403746184657 -0.658148554804461 0.510442678370891 NA 0.333333333333333 0.553571428571429 "Uqcrc2_noRT" "non-targeting_noRT"
"6048" "Znrf3" 2.45593748882312 0.744669837115682 0.658080455184945 0.510486434116064 NA 0.19047619047619 0.178571428571429 "Uqcrc2_noRT" "non-targeting_noRT"
"6049" "Tmem205" 26.1332693300977 0.254649663871786 0.657902399389529 0.510600848779312 0.864220029351667 0.761904761904762 0.857142857142857 "Uqcrc2_noRT" "non-targeting_noRT"
"6050" "Plxnb3" 4.1451302299318 0.579226952001651 0.657716258947443 0.510720472785683 NA 0.285714285714286 0.285714285714286 "Uqcrc2_noRT" "non-targeting_noRT"
"6051" "Bex2" 32.1059408005146 0.220447849262218 0.657548861112485 0.510828064278258 0.864220029351667 0.714285714285714 0.857142857142857 "Uqcrc2_noRT" "non-targeting_noRT"
"6052" "P2ry12" 0.423036475269586 1.91657149868111 0.65746852996836 0.510879699663489 NA 0.0476190476190476 0.0178571428571429 "Uqcrc2_noRT" "non-targeting_noRT"
"6053" "Gm26850" 0.423036475269586 1.91657149868111 0.65746852996836 0.510879699663489 NA 0.0476190476190476 0.0178571428571429 "Uqcrc2_noRT" "non-targeting_noRT"
"6054" "Gm17690" 0.423036475269586 1.91657149868111 0.65746852996836 0.510879699663489 NA 0.0476190476190476 0.0178571428571429 "Uqcrc2_noRT" "non-targeting_noRT"
"6055" "Bspry" 0.423036475269586 1.91657149868111 0.65746852996836 0.510879699663489 NA 0.0476190476190476 0.0178571428571429 "Uqcrc2_noRT" "non-targeting_noRT"
"6056" "Slc29a4" 0.423036475269586 1.91657149868111 0.65746852996836 0.510879699663489 NA 0.0476190476190476 0.0178571428571429 "Uqcrc2_noRT" "non-targeting_noRT"
"6057" "Zfp784" 0.423036475269586 1.91657149868111 0.65746852996836 0.510879699663489 NA 0.0476190476190476 0.0178571428571429 "Uqcrc2_noRT" "non-targeting_noRT"
"6058" "Psg16" 0.423036475269586 1.91657149868111 0.65746852996836 0.510879699663489 NA 0.0476190476190476 0.0178571428571429 "Uqcrc2_noRT" "non-targeting_noRT"
"6059" "Ppp1r14a" 0.423036475269586 1.91657149868111 0.65746852996836 0.510879699663489 NA 0.0476190476190476 0.0178571428571429 "Uqcrc2_noRT" "non-targeting_noRT"
"6060" "Pate2" 0.423036475269586 1.91657149868111 0.65746852996836 0.510879699663489 NA 0.0476190476190476 0.0178571428571429 "Uqcrc2_noRT" "non-targeting_noRT"
"6061" "Hey2" 0.423036475269586 1.91657149868111 0.65746852996836 0.510879699663489 NA 0.0476190476190476 0.0178571428571429 "Uqcrc2_noRT" "non-targeting_noRT"
"6062" "Gm20597" 0.423036475269586 1.91657149868111 0.65746852996836 0.510879699663489 NA 0.0476190476190476 0.0178571428571429 "Uqcrc2_noRT" "non-targeting_noRT"
"6063" "Gm11963" 0.423036475269586 1.91657149868111 0.65746852996836 0.510879699663489 NA 0.0476190476190476 0.0178571428571429 "Uqcrc2_noRT" "non-targeting_noRT"
"6064" "Shpk" 0.423036475269586 1.91657149868111 0.65746852996836 0.510879699663489 NA 0.0476190476190476 0.0178571428571429 "Uqcrc2_noRT" "non-targeting_noRT"
"6065" "Cdk5r1" 0.423036475269586 1.91657149868111 0.65746852996836 0.510879699663489 NA 0.0476190476190476 0.0178571428571429 "Uqcrc2_noRT" "non-targeting_noRT"
"6066" "Acsf2" 0.423036475269586 1.91657149868111 0.65746852996836 0.510879699663489 NA 0.0476190476190476 0.0178571428571429 "Uqcrc2_noRT" "non-targeting_noRT"
"6067" "Gm7008" 0.423036475269586 1.91657149868111 0.65746852996836 0.510879699663489 NA 0.0476190476190476 0.0178571428571429 "Uqcrc2_noRT" "non-targeting_noRT"
"6068" "Zfp808" 0.423036475269586 1.91657149868111 0.65746852996836 0.510879699663489 NA 0.0476190476190476 0.0178571428571429 "Uqcrc2_noRT" "non-targeting_noRT"
"6069" "Gm9776" 0.423036475269586 1.91657149868111 0.65746852996836 0.510879699663489 NA 0.0476190476190476 0.0178571428571429 "Uqcrc2_noRT" "non-targeting_noRT"
"6070" "Ccno" 0.423036475269586 1.91657149868111 0.65746852996836 0.510879699663489 NA 0.0476190476190476 0.0178571428571429 "Uqcrc2_noRT" "non-targeting_noRT"
"6071" "Gm49747" 0.423036475269586 1.91657149868111 0.65746852996836 0.510879699663489 NA 0.0476190476190476 0.0178571428571429 "Uqcrc2_noRT" "non-targeting_noRT"
"6072" "BC037032" 0.423036475269586 1.91657149868111 0.65746852996836 0.510879699663489 NA 0.0476190476190476 0.0178571428571429 "Uqcrc2_noRT" "non-targeting_noRT"
"6073" "5730414N17Rik" 0.423036475269586 1.91657149868111 0.65746852996836 0.510879699663489 NA 0.0476190476190476 0.0178571428571429 "Uqcrc2_noRT" "non-targeting_noRT"
"6074" "Xlr5a" 0.423036475269586 1.91657149868111 0.65746852996836 0.510879699663489 NA 0.0476190476190476 0.0178571428571429 "Uqcrc2_noRT" "non-targeting_noRT"
"6075" "Zfp354a" 0.86959045082199 1.29597543093786 0.657363996028967 0.510946896244822 NA 0.0952380952380952 0.0357142857142857 "Uqcrc2_noRT" "non-targeting_noRT"
"6076" "Srp68" 14.7898655821235 -0.33173905643756 -0.657352868989285 0.510954049208322 0.864220029351667 0.619047619047619 0.767857142857143 "Uqcrc2_noRT" "non-targeting_noRT"
"6077" "Agtrap" 13.2999874488988 0.33661829196607 0.657059810731245 0.511142459121957 0.864220029351667 0.666666666666667 0.714285714285714 "Uqcrc2_noRT" "non-targeting_noRT"
"6078" "Csde1" 48.275381897942 0.208750785415377 0.656905128164241 0.511241920631085 0.864220029351667 0.904761904761905 0.892857142857143 "Uqcrc2_noRT" "non-targeting_noRT"
"6079" "Mtch2" 72.6362271220723 0.154314647450903 0.656870717349396 0.511264048296974 0.864220029351667 1 0.964285714285714 "Uqcrc2_noRT" "non-targeting_noRT"
"6080" "Cep95" 4.13514065739945 -0.63584483080208 -0.656739955501625 0.511348138471956 NA 0.19047619047619 0.410714285714286 "Uqcrc2_noRT" "non-targeting_noRT"
"6081" "Pcolce" 9.46302453670511 0.405026470224166 0.656712402353727 0.511365858239037 NA 0.666666666666667 0.464285714285714 "Uqcrc2_noRT" "non-targeting_noRT"
"6082" "Ulbp1" 3.41168808456812 -0.741204219824156 -0.656561270664864 0.51146305858276 NA 0.142857142857143 0.196428571428571 "Uqcrc2_noRT" "non-targeting_noRT"
"6083" "Zfp592" 2.57929371695403 0.817252063739306 0.656126689500484 0.511742613193154 NA 0.142857142857143 0.196428571428571 "Uqcrc2_noRT" "non-targeting_noRT"
"6084" "Xkr8" 0.508498513315896 -1.53214721678009 -0.655925837812266 0.511871842730601 NA 0 0.107142857142857 "Uqcrc2_noRT" "non-targeting_noRT"
"6085" "E2f2" 0.508498513315896 -1.53214721678009 -0.655925837812266 0.511871842730601 NA 0 0.0892857142857143 "Uqcrc2_noRT" "non-targeting_noRT"
"6086" "Aoc2" 0.508498513315896 -1.53214721678009 -0.655925837812266 0.511871842730601 NA 0 0.0892857142857143 "Uqcrc2_noRT" "non-targeting_noRT"
"6087" "Paqr8" 0.419327660813076 1.91657135204078 0.655674220736677 0.512033759137811 NA 0.0476190476190476 0.0178571428571429 "Uqcrc2_noRT" "non-targeting_noRT"
"6088" "Npr2" 0.419327660813076 1.91657135204078 0.655674220736677 0.512033759137811 NA 0.0476190476190476 0.0178571428571429 "Uqcrc2_noRT" "non-targeting_noRT"
"6089" "Gm12905" 0.419327660813076 1.91657135204078 0.655674220736677 0.512033759137811 NA 0.0476190476190476 0.0178571428571429 "Uqcrc2_noRT" "non-targeting_noRT"
"6090" "1700086P04Rik" 0.419327660813076 1.91657135204078 0.655674220736677 0.512033759137811 NA 0.0476190476190476 0.0178571428571429 "Uqcrc2_noRT" "non-targeting_noRT"
"6091" "Plac8" 0.419327660813076 1.91657135204078 0.655674220736677 0.512033759137811 NA 0.0476190476190476 0.0178571428571429 "Uqcrc2_noRT" "non-targeting_noRT"
"6092" "Gm28119" 0.419327660813076 1.91657135204078 0.655674220736677 0.512033759137811 NA 0.0476190476190476 0.0178571428571429 "Uqcrc2_noRT" "non-targeting_noRT"
"6093" "1700065D16Rik" 0.419327660813076 1.91657135204078 0.655674220736677 0.512033759137811 NA 0.0476190476190476 0.0178571428571429 "Uqcrc2_noRT" "non-targeting_noRT"
"6094" "Ccdc13" 0.419327660813076 1.91657135204078 0.655674220736677 0.512033759137811 NA 0.0476190476190476 0.0178571428571429 "Uqcrc2_noRT" "non-targeting_noRT"
"6095" "Msl3l2" 0.419327660813076 1.91657135204078 0.655674220736677 0.512033759137811 NA 0.0476190476190476 0.0178571428571429 "Uqcrc2_noRT" "non-targeting_noRT"
"6096" "Hcn2" 0.419327660813076 1.91657135204078 0.655674220736677 0.512033759137811 NA 0.0476190476190476 0.0178571428571429 "Uqcrc2_noRT" "non-targeting_noRT"
"6097" "Gm48591" 0.419327660813076 1.91657135204078 0.655674220736677 0.512033759137811 NA 0.0476190476190476 0.0178571428571429 "Uqcrc2_noRT" "non-targeting_noRT"
"6098" "Zfp39" 0.419327660813076 1.91657135204078 0.655674220736677 0.512033759137811 NA 0.0476190476190476 0.0178571428571429 "Uqcrc2_noRT" "non-targeting_noRT"
"6099" "Tmc8" 0.419327660813076 1.91657135204078 0.655674220736677 0.512033759137811 NA 0.0476190476190476 0.0178571428571429 "Uqcrc2_noRT" "non-targeting_noRT"
"6100" "Gm36495" 0.419327660813076 1.91657135204078 0.655674220736677 0.512033759137811 NA 0.0476190476190476 0.0178571428571429 "Uqcrc2_noRT" "non-targeting_noRT"
"6101" "Gm47551" 0.419327660813076 1.91657135204078 0.655674220736677 0.512033759137811 NA 0.0476190476190476 0.0178571428571429 "Uqcrc2_noRT" "non-targeting_noRT"
"6102" "Gm41492" 0.419327660813076 1.91657135204078 0.655674220736677 0.512033759137811 NA 0.0476190476190476 0.0178571428571429 "Uqcrc2_noRT" "non-targeting_noRT"
"6103" "Gm50330" 0.419327660813076 1.91657135204078 0.655674220736677 0.512033759137811 NA 0.0476190476190476 0.0178571428571429 "Uqcrc2_noRT" "non-targeting_noRT"
"6104" "Ifi30" 10.2161558205736 -0.411215365617441 -0.655660318504076 0.512042706048597 NA 0.428571428571429 0.553571428571429 "Uqcrc2_noRT" "non-targeting_noRT"
"6105" "Zfp516" 5.33757761739802 -0.588913291513191 -0.655505867780392 0.512142109730643 NA 0.238095238095238 0.428571428571429 "Uqcrc2_noRT" "non-targeting_noRT"
"6106" "Ctdspl2" 12.9871718648596 -0.363784999895016 -0.655329576468996 0.512255582201105 0.865542506797947 0.666666666666667 0.714285714285714 "Uqcrc2_noRT" "non-targeting_noRT"
"6107" "Wdr34" 2.71506995178081 -0.796627975289495 -0.65528062179563 0.512287094915547 NA 0.142857142857143 0.285714285714286 "Uqcrc2_noRT" "non-targeting_noRT"
"6108" "Rab31" 6.21488120934575 -0.502618130412636 -0.655230252147946 0.512319519521211 NA 0.333333333333333 0.464285714285714 "Uqcrc2_noRT" "non-targeting_noRT"
"6109" "Arhgef18" 1.11253583981017 -1.16327445858874 -0.654977203019267 0.512482431794177 NA 0.0476190476190476 0.142857142857143 "Uqcrc2_noRT" "non-targeting_noRT"
"6110" "Etaa1os" 1.11253583981017 -1.16327445858874 -0.654977203019267 0.512482431794177 NA 0.0476190476190476 0.125 "Uqcrc2_noRT" "non-targeting_noRT"
"6111" "Nemp2" 0.517505677422526 -1.55389749460066 -0.654827103897466 0.512579077919916 NA 0 0.107142857142857 "Uqcrc2_noRT" "non-targeting_noRT"
"6112" "Gm38190" 0.517505677422526 -1.55389749460066 -0.654827103897466 0.512579077919916 NA 0 0.0892857142857143 "Uqcrc2_noRT" "non-targeting_noRT"
"6113" "Zfp28" 0.517505677422526 -1.55389749460066 -0.654827103897466 0.512579077919916 NA 0 0.107142857142857 "Uqcrc2_noRT" "non-targeting_noRT"
"6114" "Ly6g6e" 0.517505677422526 -1.55389749460066 -0.654827103897466 0.512579077919916 NA 0 0.0892857142857143 "Uqcrc2_noRT" "non-targeting_noRT"
"6115" "4930403P22Rik" 0.417221304778078 1.91657126767144 0.65464850116764 0.512694089383239 NA 0.0476190476190476 0.0178571428571429 "Uqcrc2_noRT" "non-targeting_noRT"
"6116" "Il2" 0.417221304778078 1.91657126767144 0.65464850116764 0.512694089383239 NA 0.0476190476190476 0.0178571428571429 "Uqcrc2_noRT" "non-targeting_noRT"
"6117" "Dennd4b" 0.417221304778078 1.91657126767144 0.65464850116764 0.512694089383239 NA 0.0476190476190476 0.0178571428571429 "Uqcrc2_noRT" "non-targeting_noRT"
"6118" "Ocm" 0.417221304778078 1.91657126767144 0.65464850116764 0.512694089383239 NA 0.0476190476190476 0.0178571428571429 "Uqcrc2_noRT" "non-targeting_noRT"
"6119" "9430091E24Rik" 0.417221304778078 1.91657126767144 0.65464850116764 0.512694089383239 NA 0.0476190476190476 0.0178571428571429 "Uqcrc2_noRT" "non-targeting_noRT"
"6120" "Aph1c" 0.417221304778078 1.91657126767144 0.65464850116764 0.512694089383239 NA 0.0476190476190476 0.0178571428571429 "Uqcrc2_noRT" "non-targeting_noRT"
"6121" "Gm28229" 0.417221304778078 1.91657126767144 0.65464850116764 0.512694089383239 NA 0.0476190476190476 0.0178571428571429 "Uqcrc2_noRT" "non-targeting_noRT"
"6122" "B4galnt1" 0.417221304778078 1.91657126767144 0.65464850116764 0.512694089383239 NA 0.0476190476190476 0.0178571428571429 "Uqcrc2_noRT" "non-targeting_noRT"
"6123" "Pax9" 0.417221304778078 1.91657126767144 0.65464850116764 0.512694089383239 NA 0.0476190476190476 0.0178571428571429 "Uqcrc2_noRT" "non-targeting_noRT"
"6124" "Fam71d" 0.417221304778078 1.91657126767144 0.65464850116764 0.512694089383239 NA 0.0476190476190476 0.0178571428571429 "Uqcrc2_noRT" "non-targeting_noRT"
"6125" "Ppp1r3g" 0.417221304778078 1.91657126767144 0.65464850116764 0.512694089383239 NA 0.0476190476190476 0.0178571428571429 "Uqcrc2_noRT" "non-targeting_noRT"
"6126" "Gm49768" 0.417221304778078 1.91657126767144 0.65464850116764 0.512694089383239 NA 0.0476190476190476 0.0178571428571429 "Uqcrc2_noRT" "non-targeting_noRT"
"6127" "9930014A18Rik" 0.417221304778078 1.91657126767144 0.65464850116764 0.512694089383239 NA 0.0476190476190476 0.0178571428571429 "Uqcrc2_noRT" "non-targeting_noRT"
"6128" "Mafa" 0.417221304778078 1.91657126767144 0.65464850116764 0.512694089383239 NA 0.0476190476190476 0.0178571428571429 "Uqcrc2_noRT" "non-targeting_noRT"
"6129" "Gm26569" 0.417221304778078 1.91657126767144 0.65464850116764 0.512694089383239 NA 0.0476190476190476 0.0178571428571429 "Uqcrc2_noRT" "non-targeting_noRT"
"6130" "Dll1" 0.417221304778078 1.91657126767144 0.65464850116764 0.512694089383239 NA 0.0476190476190476 0.0178571428571429 "Uqcrc2_noRT" "non-targeting_noRT"
"6131" "Tead3" 0.417221304778078 1.91657126767144 0.65464850116764 0.512694089383239 NA 0.0476190476190476 0.0178571428571429 "Uqcrc2_noRT" "non-targeting_noRT"
"6132" "Atp6v1g2" 0.417221304778078 1.91657126767144 0.65464850116764 0.512694089383239 NA 0.0476190476190476 0.0178571428571429 "Uqcrc2_noRT" "non-targeting_noRT"
"6133" "Greb1l" 0.417221304778078 1.91657126767144 0.65464850116764 0.512694089383239 NA 0.0476190476190476 0.0178571428571429 "Uqcrc2_noRT" "non-targeting_noRT"
"6134" "Cdo1" 0.417221304778078 1.91657126767144 0.65464850116764 0.512694089383239 NA 0.0476190476190476 0.0178571428571429 "Uqcrc2_noRT" "non-targeting_noRT"
"6135" "Flicr" 0.417221304778078 1.91657126767144 0.65464850116764 0.512694089383239 NA 0.0476190476190476 0.0178571428571429 "Uqcrc2_noRT" "non-targeting_noRT"
"6136" "Magea8" 0.417221304778078 1.91657126767144 0.65464850116764 0.512694089383239 NA 0.0476190476190476 0.0178571428571429 "Uqcrc2_noRT" "non-targeting_noRT"
"6137" "Rbm15b" 6.08790693233938 -0.513960768163768 -0.65455847423873 0.512752067440727 NA 0.238095238095238 0.482142857142857 "Uqcrc2_noRT" "non-targeting_noRT"
"6138" "Gm45397" 3.26475428394482 -0.683326727379096 -0.654372639540421 0.512871757267999 NA 0.142857142857143 0.303571428571429 "Uqcrc2_noRT" "non-targeting_noRT"
"6139" "Abhd2" 31.2372545323083 0.23215523700967 0.654019640274333 0.51309915220754 0.866067034294818 0.761904761904762 0.910714285714286 "Uqcrc2_noRT" "non-targeting_noRT"
"6140" "Bcl10" 17.8329094277608 -0.308087639533143 -0.653944577484438 0.513147512898319 0.866067034294818 0.714285714285714 0.767857142857143 "Uqcrc2_noRT" "non-targeting_noRT"
"6141" "Scand1" 52.9205885353141 0.179858863996751 0.653806866365306 0.513236242190046 0.866067034294818 1 0.982142857142857 "Uqcrc2_noRT" "non-targeting_noRT"
"6142" "Pdgfa" 40.0139179573048 -0.239326283307317 -0.653547777749686 0.51340319843528 0.866067034294818 0.714285714285714 0.803571428571429 "Uqcrc2_noRT" "non-targeting_noRT"
"6143" "Prkca" 1.09981986124703 -1.16330795336608 -0.653465625538014 0.513456143078974 NA 0.0476190476190476 0.142857142857143 "Uqcrc2_noRT" "non-targeting_noRT"
"6144" "Vps52" 3.22560054175989 -0.709328900446191 -0.653398334775833 0.513499512080478 NA 0.142857142857143 0.357142857142857 "Uqcrc2_noRT" "non-targeting_noRT"
"6145" "Armcx2" 5.96404680659499 -0.543564379242383 -0.653184264643136 0.513637493297774 NA 0.19047619047619 0.464285714285714 "Uqcrc2_noRT" "non-targeting_noRT"
"6146" "Ogdh" 11.5338206710256 -0.366473631285821 -0.653176971859216 0.513642194280335 NA 0.428571428571429 0.607142857142857 "Uqcrc2_noRT" "non-targeting_noRT"
"6147" "Tnks" 6.13999984404499 0.487326463053454 0.653173555813258 0.513644396296577 NA 0.380952380952381 0.339285714285714 "Uqcrc2_noRT" "non-targeting_noRT"
"6148" "Tfcp2l1" 2.43102235253823 0.768686216121401 0.653124239785968 0.513676186431888 NA 0.142857142857143 0.142857142857143 "Uqcrc2_noRT" "non-targeting_noRT"
"6149" "Cul2" 17.67487053656 0.300884322064459 0.652355368520119 0.514171949217808 0.866693082660234 0.571428571428571 0.785714285714286 "Uqcrc2_noRT" "non-targeting_noRT"
"6150" "Isg15" 501.761305935173 0.151086931303777 0.652322398507093 0.514193213613068 0.866693082660234 1 1 "Uqcrc2_noRT" "non-targeting_noRT"
"6151" "Ccnf" 3.25995983190818 -0.680737370693474 -0.652251478945976 0.514238955562831 NA 0.142857142857143 0.25 "Uqcrc2_noRT" "non-targeting_noRT"
"6152" "Klf16" 2.74796668680178 -0.828377351893081 -0.652017873489026 0.514389642201361 NA 0.0952380952380952 0.285714285714286 "Uqcrc2_noRT" "non-targeting_noRT"
"6153" "Gm16740" 1.10352867570354 -1.15007112932918 -0.651905842064571 0.514461915946287 NA 0.0476190476190476 0.142857142857143 "Uqcrc2_noRT" "non-targeting_noRT"
"6154" "Ppm1m" 6.66041642455992 0.459743961295472 0.65175592078135 0.514558641466192 NA 0.428571428571429 0.410714285714286 "Uqcrc2_noRT" "non-targeting_noRT"
"6155" "Pak4" 4.21991196008417 -0.634897381705441 -0.651689948702564 0.514601208021541 NA 0.142857142857143 0.357142857142857 "Uqcrc2_noRT" "non-targeting_noRT"
"6156" "Fastkd2" 5.48518741076257 -0.542344813883363 -0.65165831329437 0.514621620493132 NA 0.333333333333333 0.464285714285714 "Uqcrc2_noRT" "non-targeting_noRT"
"6157" "Luzp1" 8.31954241867492 0.414392324161571 0.651537524281386 0.514699562422363 NA 0.523809523809524 0.5 "Uqcrc2_noRT" "non-targeting_noRT"
"6158" "Gm37986" 0.410320496706446 1.91657098557963 0.651253606462236 0.514882791174009 NA 0.0476190476190476 0.0178571428571429 "Uqcrc2_noRT" "non-targeting_noRT"
"6159" "Olfr1191-ps1" 0.410320496706446 1.91657098557963 0.651253606462236 0.514882791174009 NA 0.0476190476190476 0.0178571428571429 "Uqcrc2_noRT" "non-targeting_noRT"
"6160" "Mmp9" 0.410320496706446 1.91657098557963 0.651253606462236 0.514882791174009 NA 0.0476190476190476 0.0178571428571429 "Uqcrc2_noRT" "non-targeting_noRT"
"6161" "Gm4631" 0.410320496706446 1.91657098557963 0.651253606462236 0.514882791174009 NA 0.0476190476190476 0.0178571428571429 "Uqcrc2_noRT" "non-targeting_noRT"
"6162" "Gm20515" 0.410320496706446 1.91657098557963 0.651253606462236 0.514882791174009 NA 0.0476190476190476 0.0178571428571429 "Uqcrc2_noRT" "non-targeting_noRT"
"6163" "A230083N12Rik" 0.410320496706446 1.91657098557963 0.651253606462236 0.514882791174009 NA 0.0476190476190476 0.0178571428571429 "Uqcrc2_noRT" "non-targeting_noRT"
"6164" "Gm10382" 0.410320496706446 1.91657098557963 0.651253606462236 0.514882791174009 NA 0.0476190476190476 0.0178571428571429 "Uqcrc2_noRT" "non-targeting_noRT"
"6165" "Snrpn" 0.410320496706446 1.91657098557963 0.651253606462236 0.514882791174009 NA 0.0476190476190476 0.0178571428571429 "Uqcrc2_noRT" "non-targeting_noRT"
"6166" "1700003G18Rik" 0.410320496706446 1.91657098557963 0.651253606462236 0.514882791174009 NA 0.0476190476190476 0.0178571428571429 "Uqcrc2_noRT" "non-targeting_noRT"
"6167" "1700029J07Rik" 0.410320496706446 1.91657098557963 0.651253606462236 0.514882791174009 NA 0.0476190476190476 0.0178571428571429 "Uqcrc2_noRT" "non-targeting_noRT"
"6168" "Il27ra" 0.410320496706446 1.91657098557963 0.651253606462236 0.514882791174009 NA 0.0476190476190476 0.0178571428571429 "Uqcrc2_noRT" "non-targeting_noRT"
"6169" "Zfp791" 0.410320496706446 1.91657098557963 0.651253606462236 0.514882791174009 NA 0.0476190476190476 0.0178571428571429 "Uqcrc2_noRT" "non-targeting_noRT"
"6170" "4933433G15Rik" 0.410320496706446 1.91657098557963 0.651253606462236 0.514882791174009 NA 0.0476190476190476 0.0178571428571429 "Uqcrc2_noRT" "non-targeting_noRT"
"6171" "Ooep" 0.410320496706446 1.91657098557963 0.651253606462236 0.514882791174009 NA 0.0476190476190476 0.0178571428571429 "Uqcrc2_noRT" "non-targeting_noRT"
"6172" "Ggt5" 0.410320496706446 1.91657098557963 0.651253606462236 0.514882791174009 NA 0.0476190476190476 0.0178571428571429 "Uqcrc2_noRT" "non-targeting_noRT"
"6173" "Icosl" 0.410320496706446 1.91657098557963 0.651253606462236 0.514882791174009 NA 0.0476190476190476 0.0178571428571429 "Uqcrc2_noRT" "non-targeting_noRT"
"6174" "Gm30122" 0.410320496706446 1.91657098557963 0.651253606462236 0.514882791174009 NA 0.0476190476190476 0.0178571428571429 "Uqcrc2_noRT" "non-targeting_noRT"
"6175" "Abhd15" 0.410320496706446 1.91657098557963 0.651253606462236 0.514882791174009 NA 0.0476190476190476 0.0178571428571429 "Uqcrc2_noRT" "non-targeting_noRT"
"6176" "Nim1k" 0.410320496706446 1.91657098557963 0.651253606462236 0.514882791174009 NA 0.0476190476190476 0.0178571428571429 "Uqcrc2_noRT" "non-targeting_noRT"
"6177" "C330013E15Rik" 0.410320496706446 1.91657098557963 0.651253606462236 0.514882791174009 NA 0.0476190476190476 0.0178571428571429 "Uqcrc2_noRT" "non-targeting_noRT"
"6178" "Srl" 0.410320496706446 1.91657098557963 0.651253606462236 0.514882791174009 NA 0.0476190476190476 0.0178571428571429 "Uqcrc2_noRT" "non-targeting_noRT"
"6179" "Gm15651" 0.410320496706446 1.91657098557963 0.651253606462236 0.514882791174009 NA 0.0476190476190476 0.0178571428571429 "Uqcrc2_noRT" "non-targeting_noRT"
"6180" "D930030I03Rik" 0.410320496706446 1.91657098557963 0.651253606462236 0.514882791174009 NA 0.0476190476190476 0.0178571428571429 "Uqcrc2_noRT" "non-targeting_noRT"
"6181" "Sik1" 0.410320496706446 1.91657098557963 0.651253606462236 0.514882791174009 NA 0.0476190476190476 0.0178571428571429 "Uqcrc2_noRT" "non-targeting_noRT"
"6182" "Trf" 56.9616247673575 -0.202225814870683 -0.650924782839339 0.515095042608032 0.867859644263858 0.761904761904762 0.714285714285714 "Uqcrc2_noRT" "non-targeting_noRT"
"6183" "Zcwpw1" 2.70068659567091 -0.787477737446562 -0.650902764405549 0.515109256848032 NA 0.0952380952380952 0.25 "Uqcrc2_noRT" "non-targeting_noRT"
"6184" "Ctss" 0.5042858012459 -1.52212254546833 -0.650468911384001 0.515389376945217 NA 0 0.0892857142857143 "Uqcrc2_noRT" "non-targeting_noRT"
"6185" "Hist2h4" 0.5042858012459 -1.52212254546833 -0.650468911384001 0.515389376945217 NA 0 0.0892857142857143 "Uqcrc2_noRT" "non-targeting_noRT"
"6186" "Gm12758" 0.5042858012459 -1.52212254546833 -0.650468911384001 0.515389376945217 NA 0 0.107142857142857 "Uqcrc2_noRT" "non-targeting_noRT"
"6187" "Shank1" 0.5042858012459 -1.52212254546833 -0.650468911384001 0.515389376945217 NA 0 0.107142857142857 "Uqcrc2_noRT" "non-targeting_noRT"
"6188" "Cfp" 0.5042858012459 -1.52212254546833 -0.650468911384001 0.515389376945217 NA 0 0.107142857142857 "Uqcrc2_noRT" "non-targeting_noRT"
"6189" "Cdkn2b" 13.6404413135355 -0.373422643244221 -0.650289411287989 0.515505295503718 0.868197359704675 0.428571428571429 0.625 "Uqcrc2_noRT" "non-targeting_noRT"
"6190" "Platr16" 1.96555653287489 -0.965667033374135 -0.650262183256233 0.515522880153728 NA 0.0952380952380952 0.214285714285714 "Uqcrc2_noRT" "non-targeting_noRT"
"6191" "Ehd4" 3.56911136330041 -0.739692772764825 -0.650202107846767 0.515561679691103 NA 0.0952380952380952 0.321428571428571 "Uqcrc2_noRT" "non-targeting_noRT"
"6192" "Efcab7" 4.18436380320134 0.576976287790869 0.650006794691802 0.515687832626133 NA 0.238095238095238 0.303571428571429 "Uqcrc2_noRT" "non-targeting_noRT"
"6193" "Abcd1" 12.2995362903882 -0.353753480563088 -0.649897379965155 0.515758510692036 NA 0.571428571428571 0.625 "Uqcrc2_noRT" "non-targeting_noRT"
"6194" "Dok4" 1.11005256622797 -1.27740769340347 -0.649778153696415 0.515835532391325 NA 0.0476190476190476 0.0714285714285714 "Uqcrc2_noRT" "non-targeting_noRT"
"6195" "Vps36" 39.4570880970937 0.209318245363065 0.649548482687317 0.51598391962822 0.86824635509529 0.904761904761905 0.910714285714286 "Uqcrc2_noRT" "non-targeting_noRT"
"6196" "Daxx" 10.7560348627391 -0.420039776443459 -0.64954783933393 0.51598433532097 NA 0.428571428571429 0.589285714285714 "Uqcrc2_noRT" "non-targeting_noRT"
"6197" "Tsnax" 14.4488727505982 -0.331536766811906 -0.649339723602146 0.516118815169323 0.86824635509529 0.714285714285714 0.785714285714286 "Uqcrc2_noRT" "non-targeting_noRT"
"6198" "Nop10" 300.460708646192 0.0934162636596009 0.649270027438559 0.516163855373227 0.86824635509529 0.904761904761905 1 "Uqcrc2_noRT" "non-targeting_noRT"
"6199" "Mtif3" 5.47182962002322 -0.529126902063802 -0.649252745109907 0.516175024159948 NA 0.333333333333333 0.464285714285714 "Uqcrc2_noRT" "non-targeting_noRT"
"6200" "Gm48362" 1.10563503173854 -1.15311814918197 -0.649136918782421 0.516249880706887 NA 0.0476190476190476 0.160714285714286 "Uqcrc2_noRT" "non-targeting_noRT"
"6201" "Poglut3" 1.10563503173854 -1.15311814918197 -0.649136918782421 0.516249880706887 NA 0.0476190476190476 0.160714285714286 "Uqcrc2_noRT" "non-targeting_noRT"
"6202" "Slitrk6" 1.10563503173854 -1.15311814918197 -0.649136918782421 0.516249880706887 NA 0.0476190476190476 0.125 "Uqcrc2_noRT" "non-targeting_noRT"
"6203" "Adamts5" 1.10563503173854 -1.15311814918197 -0.649136918782421 0.516249880706887 NA 0.0476190476190476 0.142857142857143 "Uqcrc2_noRT" "non-targeting_noRT"
"6204" "Gm36266" 0.874384902858623 1.27882535347484 0.649131852877624 0.516253154841785 NA 0.0952380952380952 0.0357142857142857 "Uqcrc2_noRT" "non-targeting_noRT"
"6205" "Cldn34c1" 0.874384902858623 1.27882535347484 0.649131852877624 0.516253154841785 NA 0.0952380952380952 0.0357142857142857 "Uqcrc2_noRT" "non-targeting_noRT"
"6206" "Rlf" 12.1883320709974 -0.357457481649925 -0.649117238812172 0.516262600089817 NA 0.523809523809524 0.625 "Uqcrc2_noRT" "non-targeting_noRT"
"6207" "Cpox" 5.56139052782889 -0.533389151595596 -0.649113843955353 0.516264794239845 NA 0.333333333333333 0.482142857142857 "Uqcrc2_noRT" "non-targeting_noRT"
"6208" "Chmp1a" 10.3400788767117 -0.391155691362419 -0.648804323358472 0.516464862645774 NA 0.380952380952381 0.714285714285714 "Uqcrc2_noRT" "non-targeting_noRT"
"6209" "Hist2h3b" 0.933155431678324 1.36082306896052 0.64870820597361 0.51652699932766 NA 0.0952380952380952 0.0178571428571429 "Uqcrc2_noRT" "non-targeting_noRT"
"6210" "Tatdn3" 3.7735538305714 0.637916748694629 0.648645646681716 0.516567443903829 NA 0.333333333333333 0.267857142857143 "Uqcrc2_noRT" "non-targeting_noRT"
"6211" "Sel1l" 8.36151665032623 -0.438846100728515 -0.648370513101506 0.516745337217043 NA 0.428571428571429 0.535714285714286 "Uqcrc2_noRT" "non-targeting_noRT"
"6212" "Hebp2" 32.103849356439 0.220505059771417 0.648350952411101 0.516757985794922 0.868337681626145 0.857142857142857 0.839285714285714 "Uqcrc2_noRT" "non-targeting_noRT"
"6213" "Gsdmd" 8.32601165038824 -0.434366008578141 -0.648279628909197 0.516804107247119 NA 0.476190476190476 0.535714285714286 "Uqcrc2_noRT" "non-targeting_noRT"
"6214" "Rps23" 1106.52722823672 -0.0731796078535617 -0.647666692914347 0.51720055114875 0.868337681626145 1 1 "Uqcrc2_noRT" "non-targeting_noRT"
"6215" "Idh3a" 36.4321972878974 0.220277574106372 0.647510604279868 0.517301533638552 0.868337681626145 0.904761904761905 0.910714285714286 "Uqcrc2_noRT" "non-targeting_noRT"
"6216" "Zfp141" 2.02923246724282 1.02246106042633 0.64745095229166 0.517340128550283 NA 0.142857142857143 0.125 "Uqcrc2_noRT" "non-targeting_noRT"
"6217" "Fgd4" 3.93537648978278 -0.639535675355967 -0.647401259462456 0.517372281011666 NA 0.142857142857143 0.232142857142857 "Uqcrc2_noRT" "non-targeting_noRT"
"6218" "Clcn4" 15.5458451613277 0.307259540585546 0.647278410199781 0.517451771892869 0.868337681626145 0.666666666666667 0.714285714285714 "Uqcrc2_noRT" "non-targeting_noRT"
"6219" "Tmem222" 23.1613953723909 -0.255441314126517 -0.647162413896161 0.517526834298407 0.868337681626145 0.619047619047619 0.875 "Uqcrc2_noRT" "non-targeting_noRT"
"6220" "Hint3" 14.6861011381028 0.347358907696984 0.647099102587175 0.517567806077229 0.868337681626145 0.476190476190476 0.678571428571429 "Uqcrc2_noRT" "non-targeting_noRT"
"6221" "Pomk" 1.51278151950119 0.94984596307485 0.647076359126098 0.517582524869462 NA 0.142857142857143 0.107142857142857 "Uqcrc2_noRT" "non-targeting_noRT"
"6222" "Ntn3" 1.51278151950119 0.94984596307485 0.647076359126098 0.517582524869462 NA 0.142857142857143 0.107142857142857 "Uqcrc2_noRT" "non-targeting_noRT"
"6223" "Lap3" 98.4324612406489 0.151484310438002 0.646914838840357 0.517687061520469 0.868337681626145 0.952380952380952 0.982142857142857 "Uqcrc2_noRT" "non-targeting_noRT"
"6224" "Wdr45" 6.91725245168352 -0.475807949259505 -0.646841328407047 0.517734641418683 NA 0.428571428571429 0.553571428571429 "Uqcrc2_noRT" "non-targeting_noRT"
"6225" "Itgb6" 0.511186609317531 -1.53890182334677 -0.646814732795681 0.517751856083268 NA 0 0.0892857142857143 "Uqcrc2_noRT" "non-targeting_noRT"
"6226" "E130114P18Rik" 0.511186609317531 -1.53890182334677 -0.646814732795681 0.517751856083268 NA 0 0.107142857142857 "Uqcrc2_noRT" "non-targeting_noRT"
"6227" "Hmx3" 0.511186609317531 -1.53890182334677 -0.646814732795681 0.517751856083268 NA 0 0.0892857142857143 "Uqcrc2_noRT" "non-targeting_noRT"
"6228" "Fgf15" 0.511186609317531 -1.53890182334677 -0.646814732795681 0.517751856083268 NA 0 0.0714285714285714 "Uqcrc2_noRT" "non-targeting_noRT"
"6229" "Nxpe3" 0.511186609317531 -1.53890182334677 -0.646814732795681 0.517751856083268 NA 0 0.107142857142857 "Uqcrc2_noRT" "non-targeting_noRT"
"6230" "Cmc4" 6.11304327085035 0.483571175645942 0.645926262790309 0.518327110327122 NA 0.333333333333333 0.357142857142857 "Uqcrc2_noRT" "non-targeting_noRT"
"6231" "Alox5ap" 0.925168986026568 1.46727047098775 0.64591214062772 0.518336256616074 NA 0.0476190476190476 0.0178571428571429 "Uqcrc2_noRT" "non-targeting_noRT"
"6232" "Mfap3" 6.34917687375906 -0.529163978748625 -0.645856777996242 0.518372113304764 NA 0.333333333333333 0.410714285714286 "Uqcrc2_noRT" "non-targeting_noRT"
"6233" "Tssk6" 0.876491258893621 1.27173857032309 0.645737829059528 0.518449157241507 NA 0.0952380952380952 0.0535714285714286 "Uqcrc2_noRT" "non-targeting_noRT"
"6234" "P4htm" 0.876491258893621 1.27173857032309 0.645737829059528 0.518449157241507 NA 0.0952380952380952 0.0535714285714286 "Uqcrc2_noRT" "non-targeting_noRT"
"6235" "Trim7" 0.876491258893621 1.27173857032309 0.645737829059528 0.518449157241507 NA 0.0952380952380952 0.0535714285714286 "Uqcrc2_noRT" "non-targeting_noRT"
"6236" "Abcc5" 0.876491258893621 1.27173857032309 0.645737829059528 0.518449157241507 NA 0.0952380952380952 0.0535714285714286 "Uqcrc2_noRT" "non-targeting_noRT"
"6237" "Zfp93" 1.10142231966854 -1.147052126739 -0.645635974530096 0.518515133731926 NA 0.0476190476190476 0.142857142857143 "Uqcrc2_noRT" "non-targeting_noRT"
"6238" "Capns1" 81.0534772858055 -0.157735346365962 -0.645601235025723 0.518537637312876 0.86941177107582 0.952380952380952 1 "Uqcrc2_noRT" "non-targeting_noRT"
"6239" "AI480526" 0.86429210117187 1.37713265208341 0.645531704620732 0.518582679284262 NA 0.0952380952380952 0.0535714285714286 "Uqcrc2_noRT" "non-targeting_noRT"
"6240" "Mcrs1" 26.2498198852515 -0.264096083697015 -0.645267862476957 0.518753615279473 0.86941177107582 0.666666666666667 0.875 "Uqcrc2_noRT" "non-targeting_noRT"
"6241" "Irs1" 1.10882702535366 -1.1770674888295 -0.645201021667496 0.518796924203816 NA 0.0476190476190476 0.142857142857143 "Uqcrc2_noRT" "non-targeting_noRT"
"6242" "Rfx7" 10.4689315795794 0.371147134000725 0.64517891984741 0.518811245297886 NA 0.571428571428571 0.571428571428571 "Uqcrc2_noRT" "non-targeting_noRT"
"6243" "Iqce" 1.87151694896362 0.863026144166999 0.645175022868609 0.518813770405223 NA 0.19047619047619 0.125 "Uqcrc2_noRT" "non-targeting_noRT"
"6244" "Tesk2" 0.922545809150182 1.33740336088657 0.645061314717089 0.518887452145614 NA 0.0952380952380952 0.0535714285714286 "Uqcrc2_noRT" "non-targeting_noRT"
"6245" "Gm48427" 0.922545809150182 1.33740336088657 0.645061314717089 0.518887452145614 NA 0.0952380952380952 0.0535714285714286 "Uqcrc2_noRT" "non-targeting_noRT"
"6246" "Igsf11" 0.922545809150182 1.33740336088657 0.645061314717089 0.518887452145614 NA 0.0476190476190476 0.0535714285714286 "Uqcrc2_noRT" "non-targeting_noRT"
"6247" "Rabgef1" 3.19007578294686 -0.701534460964885 -0.6448384452876 0.519031884975483 NA 0.19047619047619 0.339285714285714 "Uqcrc2_noRT" "non-targeting_noRT"
"6248" "Cdkal1" 4.05081318011865 -0.624502748942346 -0.644586763365423 0.519195014995457 NA 0.238095238095238 0.357142857142857 "Uqcrc2_noRT" "non-targeting_noRT"
"6249" "Poglut1" 6.18660484250219 -0.546272203965167 -0.644435492339265 0.519293075477597 NA 0.238095238095238 0.464285714285714 "Uqcrc2_noRT" "non-targeting_noRT"
"6250" "Herc1" 6.03473382836385 -0.501794690906708 -0.644382691593585 0.519327305476543 NA 0.285714285714286 0.5 "Uqcrc2_noRT" "non-targeting_noRT"
"6251" "Nr6a1" 0.499491349209266 -1.51035639070852 -0.644117427742811 0.519499290013247 NA 0 0.107142857142857 "Uqcrc2_noRT" "non-targeting_noRT"
"6252" "Tmem170" 0.499491349209266 -1.51035639070852 -0.644117427742811 0.519499290013247 NA 0 0.107142857142857 "Uqcrc2_noRT" "non-targeting_noRT"
"6253" "1700063D05Rik" 0.499491349209266 -1.51035639070852 -0.644117427742811 0.519499290013247 NA 0 0.107142857142857 "Uqcrc2_noRT" "non-targeting_noRT"
"6254" "Dusp28" 4.01049396926898 -0.615854497766304 -0.644056739066748 0.519538641812046 NA 0.238095238095238 0.375 "Uqcrc2_noRT" "non-targeting_noRT"
"6255" "Galt" 6.20747650366063 -0.494261962874598 -0.644029668578494 0.519556195375293 NA 0.333333333333333 0.517857142857143 "Uqcrc2_noRT" "non-targeting_noRT"
"6256" "Snx21" 5.19833178562696 0.556642730812311 0.643993298542656 0.519579779610667 NA 0.333333333333333 0.303571428571429 "Uqcrc2_noRT" "non-targeting_noRT"
"6257" "Comt" 23.4914180130327 0.252570366636075 0.643797479686488 0.519706768302147 0.86941177107582 0.714285714285714 0.803571428571429 "Uqcrc2_noRT" "non-targeting_noRT"
"6258" "4933431E20Rik" 2.52000636729294 0.747864079245652 0.643713323340059 0.519761348681984 NA 0.19047619047619 0.196428571428571 "Uqcrc2_noRT" "non-targeting_noRT"
"6259" "Kri1" 3.86186345744956 -0.695293092592736 -0.643654822275628 0.519799291832632 NA 0.142857142857143 0.303571428571429 "Uqcrc2_noRT" "non-targeting_noRT"
"6260" "Fkbp9" 28.3530820230529 0.22591741667847 0.643597543413498 0.519836443660527 0.86941177107582 0.904761904761905 0.75 "Uqcrc2_noRT" "non-targeting_noRT"
"6261" "Afg3l2" 10.8780679487675 -0.380587977280219 -0.643499054714926 0.51990032793574 NA 0.476190476190476 0.553571428571429 "Uqcrc2_noRT" "non-targeting_noRT"
"6262" "Afap1l2" 1.1173302918468 -1.17086258219832 -0.643197268350704 0.520096105586518 NA 0.0476190476190476 0.107142857142857 "Uqcrc2_noRT" "non-targeting_noRT"
"6263" "Cenpv" 51.2927567722 0.179451919389673 0.643183435293789 0.520105080406615 0.86941177107582 0.904761904761905 0.928571428571429 "Uqcrc2_noRT" "non-targeting_noRT"
"6264" "Tpgs1" 16.4807494827155 -0.304475761559493 -0.642787523237332 0.520361980068297 0.86941177107582 0.666666666666667 0.821428571428571 "Uqcrc2_noRT" "non-targeting_noRT"
"6265" "Trp53cor1" 4.10587489448184 -0.612133281483203 -0.642783460979653 0.520364616327517 NA 0.19047619047619 0.303571428571429 "Uqcrc2_noRT" "non-targeting_noRT"
"6266" "Cpt2" 2.51843285865402 -0.792558643854056 -0.642540376106649 0.520522382202335 NA 0.142857142857143 0.267857142857143 "Uqcrc2_noRT" "non-targeting_noRT"
"6267" "Tyro3" 1.05376531099047 -1.16665987389901 -0.642402139696439 0.520612110781371 NA 0.0476190476190476 0.160714285714286 "Uqcrc2_noRT" "non-targeting_noRT"
"6268" "Rab30" 1.05376531099047 -1.16665987389901 -0.642402139696439 0.520612110781371 NA 0.0476190476190476 0.160714285714286 "Uqcrc2_noRT" "non-targeting_noRT"
"6269" "Rps25" 1033.00006458618 -0.0998826816721681 -0.642400657448438 0.520613072944494 0.86941177107582 1 1 "Uqcrc2_noRT" "non-targeting_noRT"
"6270" "Nipsnap2" 5.11530769157362 0.538182066256626 0.642364594965544 0.520636482258978 NA 0.285714285714286 0.303571428571429 "Uqcrc2_noRT" "non-targeting_noRT"
"6271" "Klrk1" 5.99629974070829 -0.525851775004427 -0.642223932084573 0.520727796229976 NA 0.238095238095238 0.25 "Uqcrc2_noRT" "non-targeting_noRT"
"6272" "Tceanc2" 8.92487760729867 -0.409042996363273 -0.642118913677486 0.520795976294922 NA 0.428571428571429 0.660714285714286 "Uqcrc2_noRT" "non-targeting_noRT"
"6273" "Ubxn6" 29.6195522760454 0.219663659905187 0.642079406432993 0.520821626383928 0.86941177107582 0.904761904761905 0.910714285714286 "Uqcrc2_noRT" "non-targeting_noRT"
"6274" "Rragc" 15.0694997776377 0.311840514737394 0.64186334168551 0.520961917988091 0.86941177107582 0.761904761904762 0.785714285714286 "Uqcrc2_noRT" "non-targeting_noRT"
"6275" "Oser1" 20.6437632828754 -0.285033379657836 -0.641847546778746 0.520972174440113 0.86941177107582 0.80952380952381 0.803571428571429 "Uqcrc2_noRT" "non-targeting_noRT"
"6276" "Rpl26" 1463.43476553825 -0.0839722597928528 -0.641829062504922 0.520984177369669 0.86941177107582 1 1 "Uqcrc2_noRT" "non-targeting_noRT"
"6277" "Eif1a" 63.9909555967651 -0.17081144143464 -0.641740077214405 0.521041962761722 0.86941177107582 0.952380952380952 0.982142857142857 "Uqcrc2_noRT" "non-targeting_noRT"
"6278" "1700020L24Rik" 0.92465216518518 1.32979141996666 0.641575535748761 0.521148821620365 NA 0.0952380952380952 0.0535714285714286 "Uqcrc2_noRT" "non-targeting_noRT"
"6279" "Guf1" 7.25863858056268 0.447259485299337 0.641428850422192 0.521244093602573 NA 0.428571428571429 0.482142857142857 "Uqcrc2_noRT" "non-targeting_noRT"
"6280" "Irf8" 8.35687802131023 0.517932413625942 0.641375352794544 0.521278842492578 NA 0.285714285714286 0.357142857142857 "Uqcrc2_noRT" "non-targeting_noRT"
"6281" "S100a3" 0.497384993174268 -1.50528352497994 -0.641363619204604 0.521286464097005 NA 0 0.0714285714285714 "Uqcrc2_noRT" "non-targeting_noRT"
"6282" "Smurf1" 0.497384993174268 -1.50528352497994 -0.641363619204604 0.521286464097005 NA 0 0.107142857142857 "Uqcrc2_noRT" "non-targeting_noRT"
"6283" "Zbtb39" 0.497384993174268 -1.50528352497994 -0.641363619204604 0.521286464097005 NA 0 0.107142857142857 "Uqcrc2_noRT" "non-targeting_noRT"
"6284" "Gm10863" 0.497384993174268 -1.50528352497994 -0.641363619204604 0.521286464097005 NA 0 0.107142857142857 "Uqcrc2_noRT" "non-targeting_noRT"
"6285" "Lrrc73" 0.497384993174268 -1.50528352497994 -0.641363619204604 0.521286464097005 NA 0 0.0892857142857143 "Uqcrc2_noRT" "non-targeting_noRT"
"6286" "Evc2" 6.03946531939188 0.470393814599002 0.641160633091579 0.521418323688687 NA 0.285714285714286 0.357142857142857 "Uqcrc2_noRT" "non-targeting_noRT"
"6287" "S100a6" 808.836391771017 -0.0749015895531828 -0.641059252214448 0.521484187039453 0.86941177107582 1 1 "Uqcrc2_noRT" "non-targeting_noRT"
"6288" "Asb8" 8.97986700040669 0.385974101088845 0.641058588278273 0.521484618387975 NA 0.428571428571429 0.464285714285714 "Uqcrc2_noRT" "non-targeting_noRT"
"6289" "Cep68" 3.43595941994533 -0.697278014003128 -0.641043465152968 0.521494443685968 NA 0.19047619047619 0.357142857142857 "Uqcrc2_noRT" "non-targeting_noRT"
"6290" "Ptpra" 21.761056153403 0.289129282736938 0.640966648089869 0.521544352204345 0.86941177107582 0.666666666666667 0.821428571428571 "Uqcrc2_noRT" "non-targeting_noRT"
"6291" "Sppl2a" 36.6811791669534 -0.22711019668387 -0.640849335523556 0.521620575642265 0.86941177107582 0.857142857142857 0.946428571428571 "Uqcrc2_noRT" "non-targeting_noRT"
"6292" "Thumpd3" 12.2742697310569 0.342416413758783 0.640847156534136 0.521621991487385 NA 0.523809523809524 0.678571428571429 "Uqcrc2_noRT" "non-targeting_noRT"
"6293" "Zranb2" 84.3502212933164 0.156808793676178 0.640743905213873 0.521689083514079 0.86941177107582 1 0.964285714285714 "Uqcrc2_noRT" "non-targeting_noRT"
"6294" "Thrap3" 41.1363054418076 0.193587306590449 0.640028736399733 0.522153917319202 0.869471112777233 0.904761904761905 0.839285714285714 "Uqcrc2_noRT" "non-targeting_noRT"
"6295" "BC024978" 1.08391188906877 -1.13986454298645 -0.63997599887405 0.522188203226248 NA 0.0476190476190476 0.142857142857143 "Uqcrc2_noRT" "non-targeting_noRT"
"6296" "Stxbp5" 1.08391188906877 -1.13986454298645 -0.63997599887405 0.522188203226248 NA 0.0476190476190476 0.142857142857143 "Uqcrc2_noRT" "non-targeting_noRT"
"6297" "Prox1" 1.29283174851101 1.18961179055203 0.639818434341806 0.522290646531465 NA 0.142857142857143 0.0714285714285714 "Uqcrc2_noRT" "non-targeting_noRT"
"6298" "Gm4876" 3.05088782012615 0.703344646431696 0.639710449911866 0.522360860440505 NA 0.238095238095238 0.196428571428571 "Uqcrc2_noRT" "non-targeting_noRT"
"6299" "Gnl2" 23.5620996201062 -0.248409317909337 -0.639633358042495 0.522410990278231 0.869471112777233 0.714285714285714 0.892857142857143 "Uqcrc2_noRT" "non-targeting_noRT"
"6300" "Immp1l" 38.9513623573699 0.224885549117328 0.63947582226462 0.522513437340904 0.869471112777233 0.80952380952381 0.928571428571429 "Uqcrc2_noRT" "non-targeting_noRT"
"6301" "Brpf1" 3.28168297457795 -0.681776176141893 -0.63929606526716 0.522630347688207 NA 0.19047619047619 0.25 "Uqcrc2_noRT" "non-targeting_noRT"
"6302" "Sigmar1" 53.9687093341341 -0.198031586345808 -0.639295304975311 0.522630842195319 0.869471112777233 0.904761904761905 0.946428571428571 "Uqcrc2_noRT" "non-targeting_noRT"
"6303" "Msl3" 26.1406263642102 -0.237300646481905 -0.639073244002248 0.52277528482111 0.869471112777233 0.714285714285714 0.928571428571429 "Uqcrc2_noRT" "non-targeting_noRT"
"6304" "Dnm2" 6.196362983519 -0.49088013612761 -0.638492977909345 0.523152823674708 NA 0.333333333333333 0.482142857142857 "Uqcrc2_noRT" "non-targeting_noRT"
"6305" "Gm48226" 1.08180553303377 -1.13681137242344 -0.638213112326783 0.523334962790202 NA 0.0476190476190476 0.142857142857143 "Uqcrc2_noRT" "non-targeting_noRT"
"6306" "Fancg" 1.04054543481384 -1.1470427608149 -0.638104331877852 0.523405766896014 NA 0.0476190476190476 0.142857142857143 "Uqcrc2_noRT" "non-targeting_noRT"
"6307" "Ceacam1" 1.04054543481384 -1.1470427608149 -0.638104331877852 0.523405766896014 NA 0.0476190476190476 0.125 "Uqcrc2_noRT" "non-targeting_noRT"
"6308" "Gm12359" 1.04054543481384 -1.1470427608149 -0.638104331877852 0.523405766896014 NA 0.0476190476190476 0.160714285714286 "Uqcrc2_noRT" "non-targeting_noRT"
"6309" "Smarcb1" 44.824253674096 0.196539226546732 0.637507917615753 0.523794054304307 0.870815506914915 0.857142857142857 0.964285714285714 "Uqcrc2_noRT" "non-targeting_noRT"
"6310" "Pcnx4" 7.68849584890636 -0.479981707084785 -0.63735948626917 0.523890711468052 NA 0.380952380952381 0.517857142857143 "Uqcrc2_noRT" "non-targeting_noRT"
"6311" "Coq4" 3.31923425834137 -0.668345801902594 -0.637351359365735 0.523896003898856 NA 0.19047619047619 0.303571428571429 "Uqcrc2_noRT" "non-targeting_noRT"
"6312" "Hid1" 2.52533366672565 -0.798927602347662 -0.637052628246401 0.524090563657267 NA 0.0952380952380952 0.178571428571429 "Uqcrc2_noRT" "non-targeting_noRT"
"6313" "Rnf170" 4.17215172225169 0.563574814296826 0.636971165752573 0.524143625564061 NA 0.333333333333333 0.303571428571429 "Uqcrc2_noRT" "non-targeting_noRT"
"6314" "Fsd1" 2.96938834214117 0.670209034145234 0.636957957141755 0.524152229464783 NA 0.238095238095238 0.232142857142857 "Uqcrc2_noRT" "non-targeting_noRT"
"6315" "Dhrs7b" 30.1384352628152 -0.221725967842706 -0.636607563464792 0.524380497336688 0.870879424452256 0.666666666666667 0.892857142857143 "Uqcrc2_noRT" "non-targeting_noRT"
"6316" "Ppp2r2d" 22.2118226881372 -0.271962801246433 -0.636546522800736 0.524420268167416 0.870879424452256 0.80952380952381 0.767857142857143 "Uqcrc2_noRT" "non-targeting_noRT"
"6317" "Rbms1" 48.6431431009183 0.199022619301746 0.63647959325476 0.52446387765467 0.870879424452256 0.857142857142857 0.928571428571429 "Uqcrc2_noRT" "non-targeting_noRT"
"6318" "Syk" 1.46251425717463 0.919117139568931 0.636353920881471 0.524545767403094 NA 0.142857142857143 0.107142857142857 "Uqcrc2_noRT" "non-targeting_noRT"
"6319" "Fitm2" 1.0564534069921 -1.17107042385492 -0.63591268690161 0.524833333044954 NA 0.0476190476190476 0.160714285714286 "Uqcrc2_noRT" "non-targeting_noRT"
"6320" "Alcam" 0.85157612260873 1.3615042635503 0.635780786848498 0.524919312001322 NA 0.0952380952380952 0.0357142857142857 "Uqcrc2_noRT" "non-targeting_noRT"
"6321" "Sparc" 241.256732355533 0.159446653481372 0.635738842135364 0.524946655144026 0.870977961780317 0.904761904761905 1 "Uqcrc2_noRT" "non-targeting_noRT"
"6322" "Slc20a1" 1.81017953796802 -0.923785523859691 -0.635733460169534 0.524950163621319 NA 0.0952380952380952 0.232142857142857 "Uqcrc2_noRT" "non-targeting_noRT"
"6323" "Slc12a2" 10.048690376314 0.380506153575925 0.635542249813555 0.525074820509339 NA 0.428571428571429 0.446428571428571 "Uqcrc2_noRT" "non-targeting_noRT"
"6324" "Ppp1r14b" 437.515670349542 0.098796799198384 0.635446371753751 0.525137332557659 0.870977961780317 1 1 "Uqcrc2_noRT" "non-targeting_noRT"
"6325" "Rbbp4" 98.2049969117961 0.137086867004177 0.635149791961281 0.52533072531159 0.870977961780317 0.952380952380952 0.982142857142857 "Uqcrc2_noRT" "non-targeting_noRT"
"6326" "Nt5c3" 21.7056986369215 0.252979218769356 0.635097004717032 0.525365150460046 0.870977961780317 0.761904761904762 0.785714285714286 "Uqcrc2_noRT" "non-targeting_noRT"
"6327" "Gm17092" 1.80117237386139 -0.915034673590553 -0.634895672219526 0.525496459841491 NA 0.0952380952380952 0.25 "Uqcrc2_noRT" "non-targeting_noRT"
"6328" "Tube1" 1.80807318193302 -0.921874291201542 -0.634482975659705 0.525765673672621 NA 0.0952380952380952 0.214285714285714 "Uqcrc2_noRT" "non-targeting_noRT"
"6329" "Mrpl44" 16.1542851103521 0.290141977421802 0.634102898297675 0.526013671427966 0.871703873595885 0.80952380952381 0.767857142857143 "Uqcrc2_noRT" "non-targeting_noRT"
"6330" "Slc36a3" 1.03575098277721 -1.13979867470933 -0.633943202846849 0.526117889401113 NA 0.0476190476190476 0.107142857142857 "Uqcrc2_noRT" "non-targeting_noRT"
"6331" "Ptbp2" 4.68372642875543 -0.598888356859111 -0.633929736461345 0.52612667810758 NA 0.238095238095238 0.446428571428571 "Uqcrc2_noRT" "non-targeting_noRT"
"6332" "Dnajc13" 10.0202363932447 -0.401939617140256 -0.633835237682746 0.526188353933447 NA 0.380952380952381 0.589285714285714 "Uqcrc2_noRT" "non-targeting_noRT"
"6333" "Trappc2l" 37.7638056465184 0.201050060716403 0.633608348635599 0.526336451028959 0.871889605427475 0.904761904761905 1 "Uqcrc2_noRT" "non-targeting_noRT"
"6334" "Exoc5" 7.61149933380682 -0.440704601862627 -0.633472978092948 0.526424821470293 NA 0.285714285714286 0.571428571428571 "Uqcrc2_noRT" "non-targeting_noRT"
"6335" "Zfp644" 19.6930832138449 -0.270655964913977 -0.633281110266055 0.526550086551275 0.871894461044088 0.714285714285714 0.785714285714286 "Uqcrc2_noRT" "non-targeting_noRT"
"6336" "Fxr2" 14.7923488557057 -0.314882689674224 -0.632772817196079 0.526882010297712 0.872044307061701 0.523809523809524 0.785714285714286 "Uqcrc2_noRT" "non-targeting_noRT"
"6337" "Foxp4" 4.85347581466094 0.560797484477553 0.632690331372244 0.526935884970287 NA 0.380952380952381 0.303571428571429 "Uqcrc2_noRT" "non-targeting_noRT"
"6338" "Utp23" 28.1417802687657 0.22752842499153 0.632497162738458 0.527062061856287 0.872044307061701 0.857142857142857 0.892857142857143 "Uqcrc2_noRT" "non-targeting_noRT"
"6339" "Inppl1" 9.06112045584712 -0.470068021348097 -0.63216854402187 0.527276749550808 NA 0.428571428571429 0.410714285714286 "Uqcrc2_noRT" "non-targeting_noRT"
"6340" "Cdk20" 1.03364462674221 -1.13671708837454 -0.632164216191716 0.527279577234176 NA 0.0476190476190476 0.160714285714286 "Uqcrc2_noRT" "non-targeting_noRT"
"6341" "Sirt1" 5.62495749741669 -0.538161812485173 -0.631939424686147 0.527426460362466 NA 0.238095238095238 0.410714285714286 "Uqcrc2_noRT" "non-targeting_noRT"
"6342" "Gosr1" 10.9770162866806 -0.400039879107749 -0.631645650488481 0.527618449573328 NA 0.476190476190476 0.678571428571429 "Uqcrc2_noRT" "non-targeting_noRT"
"6343" "Yy1" 53.6628821911028 0.169719391858157 0.631585440670777 0.527657802682002 0.872681050159122 0.952380952380952 0.964285714285714 "Uqcrc2_noRT" "non-targeting_noRT"
"6344" "Wnt6" 0.371166754521518 1.9165692432783 0.631395009955913 0.527782277959394 NA 0.0476190476190476 0.0178571428571429 "Uqcrc2_noRT" "non-targeting_noRT"
"6345" "Otos" 0.371166754521518 1.9165692432783 0.631395009955913 0.527782277959394 NA 0.0476190476190476 0.0178571428571429 "Uqcrc2_noRT" "non-targeting_noRT"
"6346" "Rbm8a2" 0.371166754521518 1.9165692432783 0.631395009955913 0.527782277959394 NA 0.0476190476190476 0.0178571428571429 "Uqcrc2_noRT" "non-targeting_noRT"
"6347" "Ldlrad3" 0.371166754521518 1.9165692432783 0.631395009955913 0.527782277959394 NA 0.0476190476190476 0.0178571428571429 "Uqcrc2_noRT" "non-targeting_noRT"
"6348" "Actl10" 0.371166754521518 1.9165692432783 0.631395009955913 0.527782277959394 NA 0.0476190476190476 0.0178571428571429 "Uqcrc2_noRT" "non-targeting_noRT"
"6349" "Zfp973" 0.371166754521518 1.9165692432783 0.631395009955913 0.527782277959394 NA 0.0476190476190476 0.0178571428571429 "Uqcrc2_noRT" "non-targeting_noRT"
"6350" "9330121J05Rik" 0.371166754521518 1.9165692432783 0.631395009955913 0.527782277959394 NA 0.0476190476190476 0.0178571428571429 "Uqcrc2_noRT" "non-targeting_noRT"
"6351" "Rhbg" 0.371166754521518 1.9165692432783 0.631395009955913 0.527782277959394 NA 0.0476190476190476 0.0178571428571429 "Uqcrc2_noRT" "non-targeting_noRT"
"6352" "Gm17300" 0.371166754521518 1.9165692432783 0.631395009955913 0.527782277959394 NA 0.0476190476190476 0.0178571428571429 "Uqcrc2_noRT" "non-targeting_noRT"
"6353" "Zfp59" 0.371166754521518 1.9165692432783 0.631395009955913 0.527782277959394 NA 0.0476190476190476 0.0178571428571429 "Uqcrc2_noRT" "non-targeting_noRT"
"6354" "EU599041" 0.371166754521518 1.9165692432783 0.631395009955913 0.527782277959394 NA 0.0476190476190476 0.0178571428571429 "Uqcrc2_noRT" "non-targeting_noRT"
"6355" "Itgal" 0.371166754521518 1.9165692432783 0.631395009955913 0.527782277959394 NA 0.0476190476190476 0.0178571428571429 "Uqcrc2_noRT" "non-targeting_noRT"
"6356" "Gm45774" 0.371166754521518 1.9165692432783 0.631395009955913 0.527782277959394 NA 0.0476190476190476 0.0178571428571429 "Uqcrc2_noRT" "non-targeting_noRT"
"6357" "Tmie" 0.371166754521518 1.9165692432783 0.631395009955913 0.527782277959394 NA 0.0476190476190476 0.0178571428571429 "Uqcrc2_noRT" "non-targeting_noRT"
"6358" "Gm47518" 0.371166754521518 1.9165692432783 0.631395009955913 0.527782277959394 NA 0.0476190476190476 0.0178571428571429 "Uqcrc2_noRT" "non-targeting_noRT"
"6359" "3830408C21Rik" 0.371166754521518 1.9165692432783 0.631395009955913 0.527782277959394 NA 0.0476190476190476 0.0178571428571429 "Uqcrc2_noRT" "non-targeting_noRT"
"6360" "D030051J21Rik" 0.371166754521518 1.9165692432783 0.631395009955913 0.527782277959394 NA 0.0476190476190476 0.0178571428571429 "Uqcrc2_noRT" "non-targeting_noRT"
"6361" "Igf2r" 0.371166754521518 1.9165692432783 0.631395009955913 0.527782277959394 NA 0.0476190476190476 0.0178571428571429 "Uqcrc2_noRT" "non-targeting_noRT"
"6362" "5031415H12Rik" 0.371166754521518 1.9165692432783 0.631395009955913 0.527782277959394 NA 0.0476190476190476 0.0178571428571429 "Uqcrc2_noRT" "non-targeting_noRT"
"6363" "Flrt1" 0.371166754521518 1.9165692432783 0.631395009955913 0.527782277959394 NA 0.0476190476190476 0.0178571428571429 "Uqcrc2_noRT" "non-targeting_noRT"
"6364" "Xkr5" 2.55650096325882 -0.745604348723584 -0.631331642143999 0.527823701728809 NA 0.142857142857143 0.267857142857143 "Uqcrc2_noRT" "non-targeting_noRT"
"6365" "Mthfs" 3.60726813794234 0.618004054148049 0.630959592827425 0.528066945147648 NA 0.238095238095238 0.232142857142857 "Uqcrc2_noRT" "non-targeting_noRT"
"6366" "Mettl25" 5.57519609082026 0.501252544695691 0.630899348292008 0.528106338005168 NA 0.333333333333333 0.357142857142857 "Uqcrc2_noRT" "non-targeting_noRT"
"6367" "Rpia" 7.42023843268329 -0.436802530543176 -0.630857857083586 0.528133469257911 NA 0.333333333333333 0.464285714285714 "Uqcrc2_noRT" "non-targeting_noRT"
"6368" "Slc7a6" 4.89495564725967 0.511407440012239 0.630750605785656 0.528203604563795 NA 0.333333333333333 0.357142857142857 "Uqcrc2_noRT" "non-targeting_noRT"
"6369" "Unc13d" 1.94216601265836 -0.943447261232521 -0.630729660178934 0.528217302168946 NA 0.0952380952380952 0.25 "Uqcrc2_noRT" "non-targeting_noRT"
"6370" "Git2" 7.60377721630129 0.419948861860573 0.630604090422605 0.528299423657999 NA 0.523809523809524 0.464285714285714 "Uqcrc2_noRT" "non-targeting_noRT"
"6371" "Gm29514" 0.36906039848652 1.91656913858864 0.630258862369107 0.528525233207896 NA 0.0476190476190476 0.0178571428571429 "Uqcrc2_noRT" "non-targeting_noRT"
"6372" "Gm37529" 0.36906039848652 1.91656913858864 0.630258862369107 0.528525233207896 NA 0.0476190476190476 0.0178571428571429 "Uqcrc2_noRT" "non-targeting_noRT"
"6373" "Gm14326" 0.36906039848652 1.91656913858864 0.630258862369107 0.528525233207896 NA 0.0476190476190476 0.0178571428571429 "Uqcrc2_noRT" "non-targeting_noRT"
"6374" "Slc44a3" 0.36906039848652 1.91656913858864 0.630258862369107 0.528525233207896 NA 0.0476190476190476 0.0178571428571429 "Uqcrc2_noRT" "non-targeting_noRT"
"6375" "Slc39a8" 0.36906039848652 1.91656913858864 0.630258862369107 0.528525233207896 NA 0.0476190476190476 0.0178571428571429 "Uqcrc2_noRT" "non-targeting_noRT"
"6376" "Rmrp" 0.36906039848652 1.91656913858864 0.630258862369107 0.528525233207896 NA 0.0476190476190476 0.0178571428571429 "Uqcrc2_noRT" "non-targeting_noRT"
"6377" "Zfp981" 0.36906039848652 1.91656913858864 0.630258862369107 0.528525233207896 NA 0.0476190476190476 0.0178571428571429 "Uqcrc2_noRT" "non-targeting_noRT"
"6378" "Gm27019" 0.36906039848652 1.91656913858864 0.630258862369107 0.528525233207896 NA 0.0476190476190476 0.0178571428571429 "Uqcrc2_noRT" "non-targeting_noRT"
"6379" "Podxl2" 0.36906039848652 1.91656913858864 0.630258862369107 0.528525233207896 NA 0.0476190476190476 0.0178571428571429 "Uqcrc2_noRT" "non-targeting_noRT"
"6380" "Kctd14" 0.36906039848652 1.91656913858864 0.630258862369107 0.528525233207896 NA 0.0476190476190476 0.0178571428571429 "Uqcrc2_noRT" "non-targeting_noRT"
"6381" "Trim68" 0.36906039848652 1.91656913858864 0.630258862369107 0.528525233207896 NA 0.0476190476190476 0.0178571428571429 "Uqcrc2_noRT" "non-targeting_noRT"
"6382" "4732496C06Rik" 0.36906039848652 1.91656913858864 0.630258862369107 0.528525233207896 NA 0.0476190476190476 0.0178571428571429 "Uqcrc2_noRT" "non-targeting_noRT"
"6383" "Gramd2" 0.36906039848652 1.91656913858864 0.630258862369107 0.528525233207896 NA 0.0476190476190476 0.0178571428571429 "Uqcrc2_noRT" "non-targeting_noRT"
"6384" "Foxa1" 0.36906039848652 1.91656913858864 0.630258862369107 0.528525233207896 NA 0.0476190476190476 0.0178571428571429 "Uqcrc2_noRT" "non-targeting_noRT"
"6385" "2310015A10Rik" 0.36906039848652 1.91656913858864 0.630258862369107 0.528525233207896 NA 0.0476190476190476 0.0178571428571429 "Uqcrc2_noRT" "non-targeting_noRT"
"6386" "Ak7" 0.36906039848652 1.91656913858864 0.630258862369107 0.528525233207896 NA 0.0476190476190476 0.0178571428571429 "Uqcrc2_noRT" "non-targeting_noRT"
"6387" "Nid1" 0.36906039848652 1.91656913858864 0.630258862369107 0.528525233207896 NA 0.0476190476190476 0.0178571428571429 "Uqcrc2_noRT" "non-targeting_noRT"
"6388" "Wnk2" 0.36906039848652 1.91656913858864 0.630258862369107 0.528525233207896 NA 0.0476190476190476 0.0178571428571429 "Uqcrc2_noRT" "non-targeting_noRT"
"6389" "Ocln" 0.36906039848652 1.91656913858864 0.630258862369107 0.528525233207896 NA 0.0476190476190476 0.0178571428571429 "Uqcrc2_noRT" "non-targeting_noRT"
"6390" "Sh3bp5" 0.36906039848652 1.91656913858864 0.630258862369107 0.528525233207896 NA 0.0476190476190476 0.0178571428571429 "Uqcrc2_noRT" "non-targeting_noRT"
"6391" "AU022754" 0.36906039848652 1.91656913858864 0.630258862369107 0.528525233207896 NA 0.0476190476190476 0.0178571428571429 "Uqcrc2_noRT" "non-targeting_noRT"
"6392" "Gm49539" 0.36906039848652 1.91656913858864 0.630258862369107 0.528525233207896 NA 0.0476190476190476 0.0178571428571429 "Uqcrc2_noRT" "non-targeting_noRT"
"6393" "Ppara" 0.36906039848652 1.91656913858864 0.630258862369107 0.528525233207896 NA 0.0476190476190476 0.0178571428571429 "Uqcrc2_noRT" "non-targeting_noRT"
"6394" "Lmln" 0.36906039848652 1.91656913858864 0.630258862369107 0.528525233207896 NA 0.0476190476190476 0.0178571428571429 "Uqcrc2_noRT" "non-targeting_noRT"
"6395" "Egfl8" 0.36906039848652 1.91656913858864 0.630258862369107 0.528525233207896 NA 0.0476190476190476 0.0178571428571429 "Uqcrc2_noRT" "non-targeting_noRT"
"6396" "Gm20522" 0.36906039848652 1.91656913858864 0.630258862369107 0.528525233207896 NA 0.0476190476190476 0.0178571428571429 "Uqcrc2_noRT" "non-targeting_noRT"
"6397" "Pla2g7" 0.36906039848652 1.91656913858864 0.630258862369107 0.528525233207896 NA 0.0476190476190476 0.0178571428571429 "Uqcrc2_noRT" "non-targeting_noRT"
"6398" "Gm10230" 0.36906039848652 1.91656913858864 0.630258862369107 0.528525233207896 NA 0.0476190476190476 0.0178571428571429 "Uqcrc2_noRT" "non-targeting_noRT"
"6399" "Foxj2" 1.80596682589803 -0.920267586234022 -0.6300358557493 0.528671125300296 NA 0.0952380952380952 0.232142857142857 "Uqcrc2_noRT" "non-targeting_noRT"
"6400" "Sec23b" 8.12828891968132 -0.424805937971498 -0.629909813976376 0.528753591552361 NA 0.380952380952381 0.589285714285714 "Uqcrc2_noRT" "non-targeting_noRT"
"6401" "Luc7l2" 69.4490991925249 0.150859944979277 0.629894099816146 0.528763873427409 0.873428106293083 1 0.928571428571429 "Uqcrc2_noRT" "non-targeting_noRT"
"6402" "Mdfic" 7.80871474223325 0.429325925372599 0.629799335199739 0.528825880676454 NA 0.523809523809524 0.357142857142857 "Uqcrc2_noRT" "non-targeting_noRT"
"6403" "Rpl22l1" 124.41698963217 -0.132764379851364 -0.629741785542735 0.528863538899692 0.873428106293083 1 1 "Uqcrc2_noRT" "non-targeting_noRT"
"6404" "Dip2b" 17.8570980738692 -0.301334151811859 -0.629691440379698 0.528896483905766 0.873428106293083 0.619047619047619 0.767857142857143 "Uqcrc2_noRT" "non-targeting_noRT"
"6405" "Rbm27" 26.3925800012855 -0.250407277966173 -0.62960385247354 0.528953802409489 0.873428106293083 0.761904761904762 0.785714285714286 "Uqcrc2_noRT" "non-targeting_noRT"
"6406" "Hk1" 4.33217841898533 0.550070909678088 0.629335737380908 0.529129279566092 NA 0.380952380952381 0.285714285714286 "Uqcrc2_noRT" "non-targeting_noRT"
"6407" "Recql4" 2.52693612514716 -0.784611164070303 -0.629328071125683 0.529134297446344 NA 0.142857142857143 0.25 "Uqcrc2_noRT" "non-targeting_noRT"
"6408" "Kctd13" 10.1218914102252 0.359487386154903 0.629227270463667 0.529200277889141 NA 0.476190476190476 0.625 "Uqcrc2_noRT" "non-targeting_noRT"
"6409" "Zfp865" 2.50521298247739 -0.78443192488602 -0.628913398704689 0.529405753715461 NA 0.142857142857143 0.214285714285714 "Uqcrc2_noRT" "non-targeting_noRT"
"6410" "Elmo2" 3.10021419508244 0.676319298767534 0.628905634011211 0.529410837378327 NA 0.285714285714286 0.232142857142857 "Uqcrc2_noRT" "non-targeting_noRT"
"6411" "Tmlhe" 1.82129305810965 -0.935682030093142 -0.628564481165588 0.529634219836745 NA 0.0952380952380952 0.196428571428571 "Uqcrc2_noRT" "non-targeting_noRT"
"6412" "Fat1" 13.0485635818242 -0.341519247315898 -0.628405906149049 0.529738069011026 0.874264510664924 0.571428571428571 0.589285714285714 "Uqcrc2_noRT" "non-targeting_noRT"
"6413" "Snta1" 1.46832942766614 0.94064355443353 0.62840023007306 0.529741786407632 NA 0.142857142857143 0.0892857142857143 "Uqcrc2_noRT" "non-targeting_noRT"
"6414" "Tmem59l" 1.08601824510376 -1.14283183765401 -0.62832584667186 0.529790503084293 NA 0.0476190476190476 0.142857142857143 "Uqcrc2_noRT" "non-targeting_noRT"
"6415" "Gm10130" 2.96728198610617 0.67119176129924 0.628323515605477 0.529792029830078 NA 0.19047619047619 0.214285714285714 "Uqcrc2_noRT" "non-targeting_noRT"
"6416" "Fbxo36" 6.55610617759358 0.472746170580777 0.628290367925551 0.529813740342091 NA 0.428571428571429 0.375 "Uqcrc2_noRT" "non-targeting_noRT"
"6417" "Ndufa8" 132.741577120525 0.126336249013371 0.628088298293795 0.529946098302945 0.874264510664924 1 1 "Uqcrc2_noRT" "non-targeting_noRT"
"6418" "Nbdy" 56.6122915264936 0.16079408240589 0.62786227575495 0.530094165601328 0.874264510664924 0.904761904761905 0.964285714285714 "Uqcrc2_noRT" "non-targeting_noRT"
"6419" "Nudt22" 7.84741173578637 0.411580924549425 0.627677850068853 0.530214998382682 NA 0.428571428571429 0.517857142857143 "Uqcrc2_noRT" "non-targeting_noRT"
"6420" "Sox2ot" 1.9120174458486 -0.9371325308627 -0.627418088982824 0.530385213447948 NA 0.0952380952380952 0.160714285714286 "Uqcrc2_noRT" "non-targeting_noRT"
"6421" "Brip1os" 8.99948378704146 0.385603297772635 0.627374872284237 0.530413534982041 NA 0.619047619047619 0.464285714285714 "Uqcrc2_noRT" "non-targeting_noRT"
"6422" "Nmrk1" 1.79637792182476 -0.910914692434534 -0.627326307407031 0.530445362295801 NA 0.0952380952380952 0.214285714285714 "Uqcrc2_noRT" "non-targeting_noRT"
"6423" "Hmox1" 11.914955771767 -0.372583713220572 -0.626926123555546 0.530707662343431 NA 0.428571428571429 0.642857142857143 "Uqcrc2_noRT" "non-targeting_noRT"
"6424" "Ddrgk1" 56.4623478924267 0.177304767654141 0.626767834863623 0.530811430651713 0.874378647105333 0.904761904761905 0.982142857142857 "Uqcrc2_noRT" "non-targeting_noRT"
"6425" "Atpaf2" 9.40359026418976 -0.387258032404064 -0.626681654377598 0.530867931772011 NA 0.428571428571429 0.625 "Uqcrc2_noRT" "non-targeting_noRT"
"6426" "B3gnt7" 0.362159590414888 1.91656878774673 0.626495586385933 0.530989930930903 NA 0.0476190476190476 0.0178571428571429 "Uqcrc2_noRT" "non-targeting_noRT"
"6427" "Ccdc141" 0.362159590414888 1.91656878774673 0.626495586385933 0.530989930930903 NA 0.0476190476190476 0.0178571428571429 "Uqcrc2_noRT" "non-targeting_noRT"
"6428" "Gm13778" 0.362159590414888 1.91656878774673 0.626495586385933 0.530989930930903 NA 0.0476190476190476 0.0178571428571429 "Uqcrc2_noRT" "non-targeting_noRT"
"6429" "Dzank1" 0.362159590414888 1.91656878774673 0.626495586385933 0.530989930930903 NA 0.0476190476190476 0.0178571428571429 "Uqcrc2_noRT" "non-targeting_noRT"
"6430" "Cd40" 0.362159590414888 1.91656878774673 0.626495586385933 0.530989930930903 NA 0.0476190476190476 0.0178571428571429 "Uqcrc2_noRT" "non-targeting_noRT"
"6431" "Gm14401" 0.362159590414888 1.91656878774673 0.626495586385933 0.530989930930903 NA 0.0476190476190476 0.0178571428571429 "Uqcrc2_noRT" "non-targeting_noRT"
"6432" "Gm16685" 0.362159590414888 1.91656878774673 0.626495586385933 0.530989930930903 NA 0.0476190476190476 0.0178571428571429 "Uqcrc2_noRT" "non-targeting_noRT"
"6433" "Gm42941" 0.362159590414888 1.91656878774673 0.626495586385933 0.530989930930903 NA 0.0476190476190476 0.0178571428571429 "Uqcrc2_noRT" "non-targeting_noRT"
"6434" "Gm43061" 0.362159590414888 1.91656878774673 0.626495586385933 0.530989930930903 NA 0.0476190476190476 0.0178571428571429 "Uqcrc2_noRT" "non-targeting_noRT"
"6435" "1700022I11Rik" 0.362159590414888 1.91656878774673 0.626495586385933 0.530989930930903 NA 0.0476190476190476 0.0178571428571429 "Uqcrc2_noRT" "non-targeting_noRT"
"6436" "Fhad1" 0.362159590414888 1.91656878774673 0.626495586385933 0.530989930930903 NA 0.0476190476190476 0.0178571428571429 "Uqcrc2_noRT" "non-targeting_noRT"
"6437" "Jakmip1" 0.362159590414888 1.91656878774673 0.626495586385933 0.530989930930903 NA 0.0476190476190476 0.0178571428571429 "Uqcrc2_noRT" "non-targeting_noRT"
"6438" "Gal3st4" 0.362159590414888 1.91656878774673 0.626495586385933 0.530989930930903 NA 0.0476190476190476 0.0178571428571429 "Uqcrc2_noRT" "non-targeting_noRT"
"6439" "Il11" 0.362159590414888 1.91656878774673 0.626495586385933 0.530989930930903 NA 0.0476190476190476 0.0178571428571429 "Uqcrc2_noRT" "non-targeting_noRT"
"6440" "Cd37" 0.362159590414888 1.91656878774673 0.626495586385933 0.530989930930903 NA 0.0476190476190476 0.0178571428571429 "Uqcrc2_noRT" "non-targeting_noRT"
"6441" "P2ry6" 0.362159590414888 1.91656878774673 0.626495586385933 0.530989930930903 NA 0.0476190476190476 0.0178571428571429 "Uqcrc2_noRT" "non-targeting_noRT"
"6442" "Proscos" 0.362159590414888 1.91656878774673 0.626495586385933 0.530989930930903 NA 0.0476190476190476 0.0178571428571429 "Uqcrc2_noRT" "non-targeting_noRT"
"6443" "1700122E12Rik" 0.362159590414888 1.91656878774673 0.626495586385933 0.530989930930903 NA 0.0476190476190476 0.0178571428571429 "Uqcrc2_noRT" "non-targeting_noRT"
"6444" "Plekho2" 0.362159590414888 1.91656878774673 0.626495586385933 0.530989930930903 NA 0.0476190476190476 0.0178571428571429 "Uqcrc2_noRT" "non-targeting_noRT"
"6445" "4833445I07Rik" 0.362159590414888 1.91656878774673 0.626495586385933 0.530989930930903 NA 0.0476190476190476 0.0178571428571429 "Uqcrc2_noRT" "non-targeting_noRT"
"6446" "4930520O04Rik" 0.362159590414888 1.91656878774673 0.626495586385933 0.530989930930903 NA 0.0476190476190476 0.0178571428571429 "Uqcrc2_noRT" "non-targeting_noRT"
"6447" "Gm48086" 0.362159590414888 1.91656878774673 0.626495586385933 0.530989930930903 NA 0.0476190476190476 0.0178571428571429 "Uqcrc2_noRT" "non-targeting_noRT"
"6448" "Gm48882" 0.362159590414888 1.91656878774673 0.626495586385933 0.530989930930903 NA 0.0476190476190476 0.0178571428571429 "Uqcrc2_noRT" "non-targeting_noRT"
"6449" "Gm20492" 0.362159590414888 1.91656878774673 0.626495586385933 0.530989930930903 NA 0.0476190476190476 0.0178571428571429 "Uqcrc2_noRT" "non-targeting_noRT"
"6450" "BC049762" 0.362159590414888 1.91656878774673 0.626495586385933 0.530989930930903 NA 0.0476190476190476 0.0178571428571429 "Uqcrc2_noRT" "non-targeting_noRT"
"6451" "Gm12207" 0.362159590414888 1.91656878774673 0.626495586385933 0.530989930930903 NA 0.0476190476190476 0.0178571428571429 "Uqcrc2_noRT" "non-targeting_noRT"
"6452" "Itga2b" 0.362159590414888 1.91656878774673 0.626495586385933 0.530989930930903 NA 0.0476190476190476 0.0178571428571429 "Uqcrc2_noRT" "non-targeting_noRT"
"6453" "Aatk" 0.362159590414888 1.91656878774673 0.626495586385933 0.530989930930903 NA 0.0476190476190476 0.0178571428571429 "Uqcrc2_noRT" "non-targeting_noRT"
"6454" "Efr3b" 0.362159590414888 1.91656878774673 0.626495586385933 0.530989930930903 NA 0.0476190476190476 0.0178571428571429 "Uqcrc2_noRT" "non-targeting_noRT"
"6455" "Slc25a47" 0.362159590414888 1.91656878774673 0.626495586385933 0.530989930930903 NA 0.0476190476190476 0.0178571428571429 "Uqcrc2_noRT" "non-targeting_noRT"
"6456" "Gm49042" 0.362159590414888 1.91656878774673 0.626495586385933 0.530989930930903 NA 0.0476190476190476 0.0178571428571429 "Uqcrc2_noRT" "non-targeting_noRT"
"6457" "Lca5l" 0.362159590414888 1.91656878774673 0.626495586385933 0.530989930930903 NA 0.0476190476190476 0.0178571428571429 "Uqcrc2_noRT" "non-targeting_noRT"
"6458" "Gm20468" 0.362159590414888 1.91656878774673 0.626495586385933 0.530989930930903 NA 0.0476190476190476 0.0178571428571429 "Uqcrc2_noRT" "non-targeting_noRT"
"6459" "Map3k8" 0.362159590414888 1.91656878774673 0.626495586385933 0.530989930930903 NA 0.0476190476190476 0.0178571428571429 "Uqcrc2_noRT" "non-targeting_noRT"
"6460" "Best1" 0.362159590414888 1.91656878774673 0.626495586385933 0.530989930930903 NA 0.0476190476190476 0.0178571428571429 "Uqcrc2_noRT" "non-targeting_noRT"
"6461" "Xlr4c" 0.362159590414888 1.91656878774673 0.626495586385933 0.530989930930903 NA 0.0476190476190476 0.0178571428571429 "Uqcrc2_noRT" "non-targeting_noRT"
"6462" "Gm15013" 0.362159590414888 1.91656878774673 0.626495586385933 0.530989930930903 NA 0.0476190476190476 0.0178571428571429 "Uqcrc2_noRT" "non-targeting_noRT"
"6463" "Fam71f1" 1.0865999850704 -1.14391449991324 -0.626470361002084 0.531006471547571 NA 0.0476190476190476 0.160714285714286 "Uqcrc2_noRT" "non-targeting_noRT"
"6464" "Tial1" 24.3045852508742 -0.239701297255106 -0.626412184161791 0.531044619865116 0.874378647105333 0.619047619047619 0.821428571428571 "Uqcrc2_noRT" "non-targeting_noRT"
"6465" "Bdp1" 15.9067647891783 0.315905044780969 0.62640739972332 0.531047757228309 0.874378647105333 0.619047619047619 0.678571428571429 "Uqcrc2_noRT" "non-targeting_noRT"
"6466" "2810004N23Rik" 60.4239496249861 -0.170589196047961 -0.62632356168057 0.531102734984179 0.874378647105333 0.857142857142857 1 "Uqcrc2_noRT" "non-targeting_noRT"
"6467" "Rapgef2" 2.5110281529689 -0.772900214532057 -0.625914790473817 0.531370832729303 NA 0.142857142857143 0.267857142857143 "Uqcrc2_noRT" "non-targeting_noRT"
"6468" "Gli3" 4.82052512562598 -0.584280298722814 -0.625834892057257 0.531423243128182 NA 0.238095238095238 0.357142857142857 "Uqcrc2_noRT" "non-targeting_noRT"
"6469" "Ercc6" 1.14870241079941 -1.24430975168843 -0.625514700221556 0.531633303394546 NA 0.0476190476190476 0.142857142857143 "Uqcrc2_noRT" "non-targeting_noRT"
"6470" "St3gal4" 4.06983331482742 -0.623337343253634 -0.625454052338222 0.531673095877736 NA 0.238095238095238 0.392857142857143 "Uqcrc2_noRT" "non-targeting_noRT"
"6471" "Leo1" 24.6872027427184 0.253673179504406 0.625183364134742 0.531850719089679 0.874378647105333 0.80952380952381 0.910714285714286 "Uqcrc2_noRT" "non-targeting_noRT"
"6472" "Fdx1" 22.9643416161621 0.266317979479635 0.625063936454799 0.531929096037978 0.874378647105333 0.80952380952381 0.875 "Uqcrc2_noRT" "non-targeting_noRT"
"6473" "Cog4" 5.47924724893624 -0.517330648671311 -0.62499177090337 0.531976459047931 NA 0.19047619047619 0.482142857142857 "Uqcrc2_noRT" "non-targeting_noRT"
"6474" "Krtcap2" 364.344550614288 0.0970563217348322 0.624921502569827 0.532022578946596 0.874378647105333 1 1 "Uqcrc2_noRT" "non-targeting_noRT"
"6475" "Vapb" 17.6848053115571 -0.288383998842795 -0.624659896944332 0.532194298915093 0.874378647105333 0.666666666666667 0.75 "Uqcrc2_noRT" "non-targeting_noRT"
"6476" "Nsun2" 18.903520325634 -0.281924867455271 -0.624647951665059 0.532202140559399 0.874378647105333 0.571428571428571 0.767857142857143 "Uqcrc2_noRT" "non-targeting_noRT"
"6477" "Wdr76" 11.6290459115322 -0.37352528101212 -0.624579997139145 0.532246751363925 NA 0.476190476190476 0.607142857142857 "Uqcrc2_noRT" "non-targeting_noRT"
"6478" "Stat5b" 1.09241515556191 -1.13351696796382 -0.624549446814485 0.532266807665835 NA 0.0476190476190476 0.142857142857143 "Uqcrc2_noRT" "non-targeting_noRT"
"6479" "Sdhc" 22.6406430115175 -0.252133213476949 -0.624534810359855 0.532276416640487 0.874378647105333 0.761904761904762 0.839285714285714 "Uqcrc2_noRT" "non-targeting_noRT"
"6480" "Ints11" 10.7714035357409 0.353379366160019 0.624321429801599 0.532416513023752 NA 0.476190476190476 0.607142857142857 "Uqcrc2_noRT" "non-targeting_noRT"
"6481" "4930432K21Rik" 2.05274996752564 0.768183662288308 0.624186538927804 0.532505086127111 NA 0.19047619047619 0.125 "Uqcrc2_noRT" "non-targeting_noRT"
"6482" "Ccdc85b" 12.4618867368491 0.325106164828354 0.624175903064201 0.532512070248491 NA 0.571428571428571 0.660714285714286 "Uqcrc2_noRT" "non-targeting_noRT"
"6483" "Unc45a" 3.62216831489363 0.632314832955895 0.62363385111766 0.532868074200246 NA 0.333333333333333 0.267857142857143 "Uqcrc2_noRT" "non-targeting_noRT"
"6484" "Sh3yl1" 1.79005885371976 -0.90516670921358 -0.623557351713081 0.532918326477664 NA 0.0952380952380952 0.160714285714286 "Uqcrc2_noRT" "non-targeting_noRT"
"6485" "Mmut" 4.74135124778543 -0.552480166473221 -0.62347655030338 0.532971407335221 NA 0.238095238095238 0.5 "Uqcrc2_noRT" "non-targeting_noRT"
"6486" "Elovl6" 11.6765494839361 0.351105535926578 0.623353057829475 0.533052538393631 NA 0.476190476190476 0.589285714285714 "Uqcrc2_noRT" "non-targeting_noRT"
"6487" "Gata6" 8.03158621208807 -0.443916422740276 -0.623203998288187 0.533150474610363 NA 0.333333333333333 0.428571428571429 "Uqcrc2_noRT" "non-targeting_noRT"
"6488" "Zfp64" 5.93616286765251 0.468815228650513 0.622584400355137 0.533557664981479 NA 0.523809523809524 0.392857142857143 "Uqcrc2_noRT" "non-targeting_noRT"
"6489" "Triqk" 1.5143839779227 0.986403994886699 0.622355100049288 0.533708397501395 NA 0.0952380952380952 0.107142857142857 "Uqcrc2_noRT" "non-targeting_noRT"
"6490" "Selenbp1" 0.819323188495433 1.24440446949621 0.622310913728478 0.533737446230064 NA 0.0952380952380952 0.0535714285714286 "Uqcrc2_noRT" "non-targeting_noRT"
"6491" "P2ry2" 0.819323188495433 1.24440446949621 0.622310913728478 0.533737446230064 NA 0.0952380952380952 0.0535714285714286 "Uqcrc2_noRT" "non-targeting_noRT"
"6492" "Bmp2k" 5.50270178821045 0.502094869878606 0.621792665424803 0.534078209803631 NA 0.238095238095238 0.285714285714286 "Uqcrc2_noRT" "non-targeting_noRT"
"6493" "Foxn2" 9.59761909239954 -0.398667807586814 -0.621749758699376 0.534106427166999 NA 0.428571428571429 0.642857142857143 "Uqcrc2_noRT" "non-targeting_noRT"
"6494" "D5Ertd579e" 14.9193211439806 -0.302746500160737 -0.621722989290916 0.534124032297198 0.87706557366897 0.571428571428571 0.75 "Uqcrc2_noRT" "non-targeting_noRT"
"6495" "Zfp954" 1.75933053567483 -0.965769042262692 -0.621537199684893 0.5342462264923 NA 0.0952380952380952 0.178571428571429 "Uqcrc2_noRT" "non-targeting_noRT"
"6496" "Zfp787" 7.95964152054775 0.422771616575339 0.621373262832335 0.534354059807028 NA 0.428571428571429 0.5 "Uqcrc2_noRT" "non-targeting_noRT"
"6497" "Trip10" 5.39408806359307 0.485620945360604 0.620463595316179 0.534952614523966 NA 0.380952380952381 0.303571428571429 "Uqcrc2_noRT" "non-targeting_noRT"
"6498" "BC037039" 0.490484185102636 -1.48795780684534 -0.619897689882442 0.535325146773669 NA 0 0.107142857142857 "Uqcrc2_noRT" "non-targeting_noRT"
"6499" "Pdzd4" 1.47523023573777 0.927973223938332 0.619813475621008 0.535380595705948 NA 0.142857142857143 0.107142857142857 "Uqcrc2_noRT" "non-targeting_noRT"
"6500" "Dyrk1b" 1.08972705956027 -1.12923883769829 -0.619698767929684 0.535456126987805 NA 0.0476190476190476 0.160714285714286 "Uqcrc2_noRT" "non-targeting_noRT"
"6501" "Mknk1" 2.54857943673232 -0.754409744824489 -0.619592163050702 0.535526327645183 NA 0.0952380952380952 0.267857142857143 "Uqcrc2_noRT" "non-targeting_noRT"
"6502" "Mcoln1" 1.78315804564813 -0.898712192920619 -0.619357788913316 0.535680682273946 NA 0.0952380952380952 0.232142857142857 "Uqcrc2_noRT" "non-targeting_noRT"
"6503" "Faah" 1.02674381867058 -1.12614557189495 -0.619281640202021 0.535730837280888 NA 0.0476190476190476 0.142857142857143 "Uqcrc2_noRT" "non-targeting_noRT"
"6504" "Ndufa9" 58.5459916013138 0.169453037506234 0.619015294857497 0.53590628305005 0.87924276206125 0.80952380952381 0.982142857142857 "Uqcrc2_noRT" "non-targeting_noRT"
"6505" "Sept10" 13.4488481389142 0.341540081233981 0.618769833957831 0.536067997529716 0.87924276206125 0.571428571428571 0.589285714285714 "Uqcrc2_noRT" "non-targeting_noRT"
"6506" "Znhit1" 35.9634252174168 0.20381884719578 0.618740449390308 0.536087358308491 0.87924276206125 0.904761904761905 0.910714285714286 "Uqcrc2_noRT" "non-targeting_noRT"
"6507" "Lyst" 1.79848427785976 -0.913661517638278 -0.618609806712335 0.536173439861456 NA 0.0952380952380952 0.214285714285714 "Uqcrc2_noRT" "non-targeting_noRT"
"6508" "Dmpk" 1.07701108099713 -1.12920224310978 -0.618174163500808 0.53646053909142 NA 0.0476190476190476 0.160714285714286 "Uqcrc2_noRT" "non-targeting_noRT"
"6509" "Fkbp2" 103.142802432093 0.138297776343869 0.618075160841766 0.536525794981195 0.879335568830557 1 1 "Uqcrc2_noRT" "non-targeting_noRT"
"6510" "Nfkbia" 80.2190078068457 -0.217746521234484 -0.618009693134693 0.536568949080995 0.879335568830557 1 0.928571428571429 "Uqcrc2_noRT" "non-targeting_noRT"
"6511" "Aph1b" 1.53610712059247 0.978160070771805 0.617937642813346 0.536616444235839 NA 0.0952380952380952 0.0892857142857143 "Uqcrc2_noRT" "non-targeting_noRT"
"6512" "Impa2" 9.77231728594069 -0.400008690473662 -0.617917026471611 0.536630034798112 NA 0.476190476190476 0.625 "Uqcrc2_noRT" "non-targeting_noRT"
"6513" "Wdr73" 5.26428777602234 0.496289244934973 0.617735499524769 0.536749707210256 NA 0.380952380952381 0.321428571428571 "Uqcrc2_noRT" "non-targeting_noRT"
"6514" "Zbtb17" 2.12052766045197 0.794683601212346 0.617662898197466 0.536797573701406 NA 0.142857142857143 0.142857142857143 "Uqcrc2_noRT" "non-targeting_noRT"
"6515" "Rnf40" 4.61480103730794 -0.560465099210609 -0.617114795712545 0.537159010223813 NA 0.238095238095238 0.446428571428571 "Uqcrc2_noRT" "non-targeting_noRT"
"6516" "Wdpcp" 1.03153827070721 -1.13337349467416 -0.617025585934444 0.537217849611572 NA 0.0476190476190476 0.142857142857143 "Uqcrc2_noRT" "non-targeting_noRT"
"6517" "Cipc" 3.80173395590889 0.606853109763189 0.616871685512077 0.53731936410924 NA 0.285714285714286 0.267857142857143 "Uqcrc2_noRT" "non-targeting_noRT"
"6518" "Heatr5a" 11.6119186243747 0.351603670683409 0.616788084775796 0.537374512161107 NA 0.571428571428571 0.660714285714286 "Uqcrc2_noRT" "non-targeting_noRT"
"6519" "Gfpt2" 10.1004473999615 -0.371386421336631 -0.616738339251788 0.537407328637138 NA 0.333333333333333 0.589285714285714 "Uqcrc2_noRT" "non-targeting_noRT"
"6520" "Chd7" 18.4264081384329 -0.279960634736983 -0.616378577369094 0.537644688845402 0.88043137437345 0.571428571428571 0.732142857142857 "Uqcrc2_noRT" "non-targeting_noRT"
"6521" "Wfdc13" 7.04196405893924 -0.494902295271926 -0.616371292507191 0.537649495724802 NA 0.285714285714286 0.446428571428571 "Uqcrc2_noRT" "non-targeting_noRT"
"6522" "Rps27" 712.587290688531 0.0706424814870122 0.616222804923893 0.537747479211486 0.88043137437345 1 1 "Uqcrc2_noRT" "non-targeting_noRT"
"6523" "Syngr3" 1.08551434749028 -1.12297131467427 -0.616147567661674 0.537797129945383 NA 0.0476190476190476 0.160714285714286 "Uqcrc2_noRT" "non-targeting_noRT"
"6524" "Igsf3" 1.86283582110216 -0.998350417967319 -0.616139521353757 0.53780244001824 NA 0.0952380952380952 0.178571428571429 "Uqcrc2_noRT" "non-targeting_noRT"
"6525" "Timm17b" 61.7065543782104 0.157133907124083 0.615808658446898 0.538020812167867 0.88043137437345 1 0.982142857142857 "Uqcrc2_noRT" "non-targeting_noRT"
"6526" "Polr3g" 3.76715692011326 0.630458600757677 0.61506567861375 0.538511346897351 NA 0.285714285714286 0.25 "Uqcrc2_noRT" "non-targeting_noRT"
"6527" "Uprt" 4.66877711409101 -0.540447880193908 -0.615060129507574 0.538515011406235 NA 0.238095238095238 0.446428571428571 "Uqcrc2_noRT" "non-targeting_noRT"
"6528" "3110056K07Rik" 3.78799725889088 0.589699694135734 0.615007443808801 0.538549804517537 NA 0.285714285714286 0.232142857142857 "Uqcrc2_noRT" "non-targeting_noRT"
"6529" "Shisa4" 42.9254297102656 0.191026158560606 0.614976293419334 0.538570376455169 0.88043137437345 0.904761904761905 0.928571428571429 "Uqcrc2_noRT" "non-targeting_noRT"
"6530" "Hotairm1" 13.918673026132 0.304587658272359 0.614880072606159 0.538633923849786 0.88043137437345 0.619047619047619 0.678571428571429 "Uqcrc2_noRT" "non-targeting_noRT"
"6531" "Rab5b" 5.21061975081312 -0.52350079056397 -0.61482498898777 0.538670304578191 NA 0.333333333333333 0.482142857142857 "Uqcrc2_noRT" "non-targeting_noRT"
"6532" "Actr1a" 16.7330283942828 0.286047035057224 0.614792040899239 0.538692066182362 0.88043137437345 0.761904761904762 0.625 "Uqcrc2_noRT" "non-targeting_noRT"
"6533" "Chchd5" 22.2318124148562 -0.248783476830647 -0.614739182354501 0.538726979196127 0.88043137437345 0.714285714285714 0.910714285714286 "Uqcrc2_noRT" "non-targeting_noRT"
"6534" "Dph7" 4.28720950630889 0.525704546023483 0.614717659107511 0.538741195603382 NA 0.285714285714286 0.285714285714286 "Uqcrc2_noRT" "non-targeting_noRT"
"6535" "Pde10a" 4.9170141553965 0.61826643878581 0.614465558641803 0.538907725508626 NA 0.238095238095238 0.214285714285714 "Uqcrc2_noRT" "non-targeting_noRT"
"6536" "Fam171b" 8.3395920336906 -0.456558973115955 -0.614282906838828 0.539028395855537 NA 0.428571428571429 0.464285714285714 "Uqcrc2_noRT" "non-targeting_noRT"
"6537" "Otud3" 10.1992599959563 0.350457648191894 0.614153482144038 0.539113909492193 NA 0.666666666666667 0.607142857142857 "Uqcrc2_noRT" "non-targeting_noRT"
"6538" "Mgat4a" 15.0615600825269 -0.321606872404182 -0.614069547092367 0.539169370791979 0.880766637986889 0.571428571428571 0.732142857142857 "Uqcrc2_noRT" "non-targeting_noRT"
"6539" "Gt(ROSA)26Sor" 10.5991866270505 0.4012251256387 0.613755876585891 0.539376658418406 NA 0.619047619047619 0.517857142857143 "Uqcrc2_noRT" "non-targeting_noRT"
"6540" "Kctd10" 6.70087358058713 -0.445969627633737 -0.613475425248207 0.539562027113362 NA 0.333333333333333 0.517857142857143 "Uqcrc2_noRT" "non-targeting_noRT"
"6541" "Tle3" 2.05064361149064 0.771785875403564 0.613398703655728 0.539612743005636 NA 0.19047619047619 0.142857142857143 "Uqcrc2_noRT" "non-targeting_noRT"
"6542" "Mipep" 1.45190463464649 0.907614876601971 0.61333540492566 0.539654587672006 NA 0.142857142857143 0.107142857142857 "Uqcrc2_noRT" "non-targeting_noRT"
"6543" "Coq2" 25.3085941860968 0.244558356243736 0.613327531740132 0.539659792484365 0.880766637986889 0.761904761904762 0.875 "Uqcrc2_noRT" "non-targeting_noRT"
"6544" "Ssh2" 3.93727802339834 -0.579307739322382 -0.613280152044719 0.539691114825467 NA 0.238095238095238 0.285714285714286 "Uqcrc2_noRT" "non-targeting_noRT"
"6545" "Glg1" 25.4805263637729 -0.256109603928836 -0.613199109561465 0.539744693478615 0.880766637986889 0.761904761904762 0.821428571428571 "Uqcrc2_noRT" "non-targeting_noRT"
"6546" "Pak1" 13.634654376672 0.318423247157797 0.613140387829919 0.539783517142279 0.880766637986889 0.523809523809524 0.642857142857143 "Uqcrc2_noRT" "non-targeting_noRT"
"6547" "Sh2b3" 1.7783635936115 -0.894329648250262 -0.613118708178689 0.539797850919785 NA 0.0952380952380952 0.160714285714286 "Uqcrc2_noRT" "non-targeting_noRT"
"6548" "Ccdc51" 1.72809633128494 -0.932262296921289 -0.612925010149161 0.539925925294038 NA 0.0952380952380952 0.178571428571429 "Uqcrc2_noRT" "non-targeting_noRT"
"6549" "Nars" 109.621609671929 -0.135883490704377 -0.612495396537567 0.540210042819027 0.880868028392953 1 1 "Uqcrc2_noRT" "non-targeting_noRT"
"6550" "Mipol1" 3.22849185531627 0.611202405642002 0.612451349826095 0.540239176575731 NA 0.285714285714286 0.214285714285714 "Uqcrc2_noRT" "non-targeting_noRT"
"6551" "Ppp2r1a" 37.7200171144661 0.19454615758003 0.612402632249986 0.540271400691473 0.880868028392953 0.857142857142857 0.946428571428571 "Uqcrc2_noRT" "non-targeting_noRT"
"6552" "Ccrl2" 3.482197383283 0.653179166722875 0.612359731529295 0.5402997780592 NA 0.0952380952380952 0.196428571428571 "Uqcrc2_noRT" "non-targeting_noRT"
"6553" "Dcaf4" 4.82346913987683 0.494701943775807 0.612033406551882 0.540515655333801 NA 0.333333333333333 0.375 "Uqcrc2_noRT" "non-targeting_noRT"
"6554" "Cep44" 10.2429035938858 -0.360389741603525 -0.61183389440702 0.54064766199184 NA 0.428571428571429 0.589285714285714 "Uqcrc2_noRT" "non-targeting_noRT"
"6555" "Gatad1" 44.9125826202717 0.188802563234555 0.611833821976525 0.540647709918202 0.881131111138137 0.952380952380952 0.946428571428571 "Uqcrc2_noRT" "non-targeting_noRT"
"6556" "Slc1a5" 8.83080292349749 -0.415814732162939 -0.611464825127343 0.540891898133353 NA 0.523809523809524 0.517857142857143 "Uqcrc2_noRT" "non-targeting_noRT"
"6557" "Cep152" 2.57132329785696 -0.740927463086302 -0.611446597192859 0.540903962122156 NA 0.142857142857143 0.267857142857143 "Uqcrc2_noRT" "non-targeting_noRT"
"6558" "Ezh1" 2.65889365005491 0.67161363934168 0.611283723905698 0.541011764259585 NA 0.19047619047619 0.214285714285714 "Uqcrc2_noRT" "non-targeting_noRT"
"6559" "Mindy3" 9.16850273592236 0.379680955622791 0.61122514673661 0.541050537784632 NA 0.571428571428571 0.482142857142857 "Uqcrc2_noRT" "non-targeting_noRT"
"6560" "Gatad2b" 22.2705291672844 -0.252329140952555 -0.611197786811388 0.5410686484005 0.881131111138137 0.666666666666667 0.803571428571429 "Uqcrc2_noRT" "non-targeting_noRT"
"6561" "Ints3" 5.34820365034763 -0.505300491712094 -0.611195042926614 0.54107046470299 NA 0.285714285714286 0.392857142857143 "Uqcrc2_noRT" "non-targeting_noRT"
"6562" "Dus1l" 14.9823043848703 -0.297979153399783 -0.611193374348165 0.541071569212665 0.881131111138137 0.619047619047619 0.732142857142857 "Uqcrc2_noRT" "non-targeting_noRT"
"6563" "E130308A19Rik" 2.47070894211923 -0.759950766563942 -0.611055855412811 0.541162603263242 NA 0.142857142857143 0.267857142857143 "Uqcrc2_noRT" "non-targeting_noRT"
"6564" "Cmtm3" 12.1799490876476 0.329530792892897 0.61095507995865 0.541229318917506 NA 0.619047619047619 0.535714285714286 "Uqcrc2_noRT" "non-targeting_noRT"
"6565" "Cnpy3" 12.1672331090844 0.328235512349865 0.610781018183073 0.541344561466403 NA 0.571428571428571 0.660714285714286 "Uqcrc2_noRT" "non-targeting_noRT"
"6566" "2610318N02Rik" 6.57528597447158 0.445387845785485 0.610621315067349 0.54145030823433 NA 0.333333333333333 0.375 "Uqcrc2_noRT" "non-targeting_noRT"
"6567" "Dgcr6" 23.4271471703277 0.271621253119287 0.610544749805386 0.541501009268192 0.881483546951919 0.761904761904762 0.767857142857143 "Uqcrc2_noRT" "non-targeting_noRT"
"6568" "Mageh1" 8.82115108903044 -0.418248533819863 -0.610284123942394 0.541673611836214 NA 0.380952380952381 0.553571428571429 "Uqcrc2_noRT" "non-targeting_noRT"
"6569" "Mettl4" 4.61473611818269 -0.543346884993018 -0.610277243721579 0.541678168716025 NA 0.238095238095238 0.375 "Uqcrc2_noRT" "non-targeting_noRT"
"6570" "Cutc" 9.07008395816564 -0.417276135143797 -0.610273157949336 0.541680874797101 NA 0.380952380952381 0.642857142857143 "Uqcrc2_noRT" "non-targeting_noRT"
"6571" "Sepsecs" 2.64509203391165 0.685937211068735 0.61014446818624 0.541766111814822 NA 0.19047619047619 0.178571428571429 "Uqcrc2_noRT" "non-targeting_noRT"
"6572" "Nt5c2" 4.74766832715896 -0.531508682741817 -0.610006757366052 0.541857331297565 NA 0.238095238095238 0.410714285714286 "Uqcrc2_noRT" "non-targeting_noRT"
"6573" "2810429I04Rik" 4.29491129845659 0.606764400669408 0.609921443750045 0.541913846779201 NA 0.19047619047619 0.339285714285714 "Uqcrc2_noRT" "non-targeting_noRT"
"6574" "Gm17491" 1.80219309231627 -0.896643524179393 -0.609866591067452 0.541950185155617 NA 0.0952380952380952 0.232142857142857 "Uqcrc2_noRT" "non-targeting_noRT"
"6575" "Tbc1d9b" 4.36872389625323 0.551728108371384 0.609662555018854 0.542085364032597 NA 0.285714285714286 0.303571428571429 "Uqcrc2_noRT" "non-targeting_noRT"
"6576" "Tbl1xr1" 8.35461042885613 0.384217221061973 0.609526572188799 0.54217546532504 NA 0.619047619047619 0.410714285714286 "Uqcrc2_noRT" "non-targeting_noRT"
"6577" "Rusc1" 3.21811600499016 -0.670891065654385 -0.609364256709874 0.542283024228035 NA 0.142857142857143 0.303571428571429 "Uqcrc2_noRT" "non-targeting_noRT"
"6578" "Hykk" 1.44181183295974 0.960757927310827 0.609351511365384 0.542291470424342 NA 0.142857142857143 0.0892857142857143 "Uqcrc2_noRT" "non-targeting_noRT"
"6579" "Psme3" 21.5443215905947 -0.247388134715081 -0.609283408176474 0.542336602752611 0.882187420239044 0.619047619047619 0.785714285714286 "Uqcrc2_noRT" "non-targeting_noRT"
"6580" "Rere" 10.3312097654822 0.370030892669875 0.60927713492322 0.542340760163521 NA 0.476190476190476 0.535714285714286 "Uqcrc2_noRT" "non-targeting_noRT"
"6581" "Nfkbie" 4.67030173015937 -0.540887405528513 -0.609217854065118 0.542380047563206 NA 0.238095238095238 0.339285714285714 "Uqcrc2_noRT" "non-targeting_noRT"
"6582" "Wbp1l" 7.81624443925319 0.394045998580122 0.608865768235154 0.542613415809286 NA 0.523809523809524 0.5 "Uqcrc2_noRT" "non-targeting_noRT"
"6583" "Zfp574" 1.79107957217464 -0.886187233051014 -0.6086997726511 0.542723457753238 NA 0.0952380952380952 0.25 "Uqcrc2_noRT" "non-targeting_noRT"
"6584" "Lactb2" 10.7788641522597 -0.346909982314388 -0.608557656921751 0.542817678077205 NA 0.476190476190476 0.642857142857143 "Uqcrc2_noRT" "non-targeting_noRT"
"6585" "Oga" 29.8596399788364 -0.217134260387321 -0.608551806630152 0.542821556896192 0.882187420239044 0.761904761904762 0.785714285714286 "Uqcrc2_noRT" "non-targeting_noRT"
"6586" "Lamb2" 2.1295348245586 0.783346240733396 0.608299633020071 0.542988764386246 NA 0.19047619047619 0.142857142857143 "Uqcrc2_noRT" "non-targeting_noRT"
"6587" "Lias" 21.2841993476962 -0.251968693158724 -0.608270893517185 0.543007822172592 0.882187420239044 0.714285714285714 0.857142857142857 "Uqcrc2_noRT" "non-targeting_noRT"
"6588" "Gm20005" 12.0744821963951 0.328106850553608 0.608118286328174 0.543109024883592 NA 0.571428571428571 0.571428571428571 "Uqcrc2_noRT" "non-targeting_noRT"
"6589" "Dgkz" 2.47492165418923 -0.763447864659388 -0.608071529883743 0.543140033683547 NA 0.142857142857143 0.303571428571429 "Uqcrc2_noRT" "non-targeting_noRT"
"6590" "Acvr2a" 3.25392381244255 0.62027944239113 0.607894416491498 0.543257502999692 NA 0.238095238095238 0.214285714285714 "Uqcrc2_noRT" "non-targeting_noRT"
"6591" "Traf4" 39.7764468225153 0.226250807264601 0.607870254772166 0.543273529084822 0.882187420239044 0.904761904761905 0.892857142857143 "Uqcrc2_noRT" "non-targeting_noRT"
"6592" "Mapk1" 18.301040650563 0.269290427384047 0.607862627216348 0.543278588370474 0.882187420239044 0.80952380952381 0.767857142857143 "Uqcrc2_noRT" "non-targeting_noRT"
"6593" "Cmas" 93.2865729329757 0.149371870524467 0.607825050103611 0.543303513256483 0.882187420239044 0.952380952380952 0.946428571428571 "Uqcrc2_noRT" "non-targeting_noRT"
"6594" "Gnpda2" 18.6450807254935 0.258049765728508 0.607510611371956 0.543512102670549 0.882187420239044 0.761904761904762 0.803571428571429 "Uqcrc2_noRT" "non-targeting_noRT"
"6595" "Kat6b" 4.43016959784667 0.535490400258951 0.607286093013261 0.543661065937746 NA 0.333333333333333 0.321428571428571 "Uqcrc2_noRT" "non-targeting_noRT"
"6596" "Nceh1" 6.13163738091361 -0.481209063813397 -0.607131173465575 0.543763863683011 NA 0.285714285714286 0.482142857142857 "Uqcrc2_noRT" "non-targeting_noRT"
"6597" "Idi1" 36.2832983490667 0.244901412703083 0.607126911142329 0.543766692108479 0.882187420239044 0.761904761904762 0.625 "Uqcrc2_noRT" "non-targeting_noRT"
"6598" "Rcc2" 47.5251927883936 -0.185388480783662 -0.60689648926636 0.543919608133701 0.882187420239044 0.904761904761905 0.982142857142857 "Uqcrc2_noRT" "non-targeting_noRT"
"6599" "Lins1" 2.94977155550639 0.669417590546407 0.606797305565967 0.543985436494383 NA 0.238095238095238 0.196428571428571 "Uqcrc2_noRT" "non-targeting_noRT"
"6600" "Cd47" 76.4350990925037 -0.153622044667752 -0.606676952138114 0.544065320553417 0.882187420239044 1 0.964285714285714 "Uqcrc2_noRT" "non-targeting_noRT"
"6601" "Gm12981" 1.44979827861149 0.911186114979621 0.606493418499597 0.54418715142931 NA 0.0952380952380952 0.0892857142857143 "Uqcrc2_noRT" "non-targeting_noRT"
"6602" "Stk4" 10.12726959096 0.346269056379172 0.606250034509897 0.54434873229135 NA 0.619047619047619 0.642857142857143 "Uqcrc2_noRT" "non-targeting_noRT"
"6603" "Acss2" 2.66100000608991 0.670017209111344 0.606108801489948 0.544442506799736 NA 0.142857142857143 0.214285714285714 "Uqcrc2_noRT" "non-targeting_noRT"
"6604" "Pdcl3" 39.6423755248687 0.183756157749813 0.605999045364624 0.544515387133312 0.88222952095726 0.857142857142857 0.964285714285714 "Uqcrc2_noRT" "non-targeting_noRT"
"6605" "Npm3" 129.025379175413 -0.129285809038974 -0.605839805697325 0.544621134178959 0.88222952095726 0.952380952380952 1 "Uqcrc2_noRT" "non-targeting_noRT"
"6606" "Tspyl1" 9.09179770997402 0.366127093595698 0.605709764679064 0.544707498706228 NA 0.571428571428571 0.517857142857143 "Uqcrc2_noRT" "non-targeting_noRT"
"6607" "Aggf1" 14.495768691391 0.306047056255794 0.60559342170586 0.544784771676019 0.88222952095726 0.476190476190476 0.625 "Uqcrc2_noRT" "non-targeting_noRT"
"6608" "Ap4m1" 4.87221178613503 0.505270292905328 0.605395294487001 0.544916376843058 NA 0.428571428571429 0.285714285714286 "Uqcrc2_noRT" "non-targeting_noRT"
"6609" "Ilkap" 32.6493625286131 0.200898755487715 0.605353572221473 0.544944092693755 0.88222952095726 0.952380952380952 0.910714285714286 "Uqcrc2_noRT" "non-targeting_noRT"
"6610" "Taf3" 12.2507445064169 -0.331975502663991 -0.605034720703197 0.5451559269591 NA 0.571428571428571 0.678571428571429 "Uqcrc2_noRT" "non-targeting_noRT"
"6611" "Oxnad1" 7.58179459240097 -0.430848091039288 -0.604838866628054 0.545286066107658 NA 0.285714285714286 0.589285714285714 "Uqcrc2_noRT" "non-targeting_noRT"
"6612" "Socs3" 13.9658723974682 -0.333398262016863 -0.604623497182957 0.545429190431162 0.882516319934924 0.571428571428571 0.642857142857143 "Uqcrc2_noRT" "non-targeting_noRT"
"6613" "Hps1" 7.09033928621114 0.44324574266015 0.604535851737478 0.545487440775464 NA 0.333333333333333 0.303571428571429 "Uqcrc2_noRT" "non-targeting_noRT"
"6614" "Ddx11" 2.48603517433086 -0.772514855757509 -0.604469560220872 0.545531501060949 NA 0.142857142857143 0.232142857142857 "Uqcrc2_noRT" "non-targeting_noRT"
"6615" "Aptx" 25.8384757986289 0.233249103825594 0.604445056279605 0.545547787915306 0.882516319934924 0.80952380952381 0.857142857142857 "Uqcrc2_noRT" "non-targeting_noRT"
"6616" "Ttc39a" 2.62056984172864 -0.731072196522387 -0.604375683674798 0.545593898602327 NA 0.0952380952380952 0.285714285714286 "Uqcrc2_noRT" "non-targeting_noRT"
"6617" "Tmem106b" 12.1211785588279 0.322849237821882 0.604234086318176 0.545688021745904 NA 0.476190476190476 0.642857142857143 "Uqcrc2_noRT" "non-targeting_noRT"
"6618" "Glod5" 8.58408959778292 -0.516830971359163 -0.604229257773079 0.545691231537112 NA 0.0952380952380952 0.160714285714286 "Uqcrc2_noRT" "non-targeting_noRT"
"6619" "Tmem50b" 3.18243730505971 0.593354302267915 0.604070904691045 0.545796502457631 NA 0.238095238095238 0.25 "Uqcrc2_noRT" "non-targeting_noRT"
"6620" "Casp3" 12.8813485653307 -0.327494222844583 -0.603612318838708 0.546101420740597 0.88306669754771 0.523809523809524 0.607142857142857 "Uqcrc2_noRT" "non-targeting_noRT"
"6621" "Mon2" 4.86483246725116 -0.544300410570114 -0.603463779577885 0.546200204070446 NA 0.285714285714286 0.428571428571429 "Uqcrc2_noRT" "non-targeting_noRT"
"6622" "Hdhd5" 2.09081807213045 0.843656771143233 0.603436302215676 0.546218478360276 NA 0.142857142857143 0.160714285714286 "Uqcrc2_noRT" "non-targeting_noRT"
"6623" "Bcat2" 4.121199137962 -0.589028562774566 -0.603270551441777 0.546328720174693 NA 0.19047619047619 0.392857142857143 "Uqcrc2_noRT" "non-targeting_noRT"
"6624" "Cds2" 6.66840287021168 0.450713002492704 0.603194955078478 0.54637900342106 NA 0.380952380952381 0.410714285714286 "Uqcrc2_noRT" "non-targeting_noRT"
"6625" "Slc39a3" 3.33624079132766 -0.653628327238171 -0.602755483479508 0.546671365250918 NA 0.0952380952380952 0.303571428571429 "Uqcrc2_noRT" "non-targeting_noRT"
"6626" "Vma21" 91.4914163596247 0.140778437343777 0.602672231557112 0.546726757953935 0.883543547265645 0.952380952380952 0.982142857142857 "Uqcrc2_noRT" "non-targeting_noRT"
"6627" "Lsm6" 100.276616158067 0.130753585167004 0.602527068659473 0.546823350543092 0.883543547265645 0.904761904761905 1 "Uqcrc2_noRT" "non-targeting_noRT"
"6628" "Stoml1" 1.07861353941865 -1.11205330816133 -0.60213192040547 0.547086328247453 NA 0.0476190476190476 0.125 "Uqcrc2_noRT" "non-targeting_noRT"
"6629" "Exoc6" 2.63187215773502 0.70113043962645 0.602081760443764 0.547119715008866 NA 0.19047619047619 0.160714285714286 "Uqcrc2_noRT" "non-targeting_noRT"
"6630" "Dexi" 2.06546594608878 0.77684248080681 0.602054161968356 0.547138085144172 NA 0.0952380952380952 0.142857142857143 "Uqcrc2_noRT" "non-targeting_noRT"
"6631" "Fermt3" 0.522300129459159 -1.56683608201085 -0.602013612181975 0.547165076502671 NA 0 0.0892857142857143 "Uqcrc2_noRT" "non-targeting_noRT"
"6632" "Cemip2" 9.63830645894436 0.384215562740965 0.601956784407987 0.547202904168784 NA 0.476190476190476 0.357142857142857 "Uqcrc2_noRT" "non-targeting_noRT"
"6633" "Fam222b" 3.73082918849269 0.580861646763984 0.601605372274586 0.547436851992484 NA 0.333333333333333 0.267857142857143 "Uqcrc2_noRT" "non-targeting_noRT"
"6634" "Mettl8" 3.27665276160783 0.631377788810327 0.601532367788525 0.547485459937083 NA 0.238095238095238 0.232142857142857 "Uqcrc2_noRT" "non-targeting_noRT"
"6635" "Srpk3" 1.45401099068149 0.903713017068341 0.601462121659355 0.547532233323994 NA 0.142857142857143 0.0714285714285714 "Uqcrc2_noRT" "non-targeting_noRT"
"6636" "Klf4" 18.4817469198475 -0.388407622174026 -0.601441580744821 0.547545910865899 0.884154253175914 0.333333333333333 0.571428571428571 "Uqcrc2_noRT" "non-targeting_noRT"
"6637" "Raf1" 12.1515148634533 -0.321447510126735 -0.601354272111107 0.547604048794645 NA 0.571428571428571 0.732142857142857 "Uqcrc2_noRT" "non-targeting_noRT"
"6638" "Dpm1" 34.2636418759462 -0.211428235203036 -0.601317329651352 0.547628649320896 0.884154253175914 0.80952380952381 0.964285714285714 "Uqcrc2_noRT" "non-targeting_noRT"
"6639" "Jrkl" 2.99532419688093 0.661184848761162 0.600968392801838 0.547861038446739 NA 0.19047619047619 0.160714285714286 "Uqcrc2_noRT" "non-targeting_noRT"
"6640" "Chsy3" 1.76935642950487 -0.886117513317953 -0.600761361860401 0.547998942420888 NA 0.0952380952380952 0.178571428571429 "Uqcrc2_noRT" "non-targeting_noRT"
"6641" "Scaf8" 7.42976440636278 -0.445143124617263 -0.600643543036401 0.548077429576099 NA 0.380952380952381 0.517857142857143 "Uqcrc2_noRT" "non-targeting_noRT"
"6642" "Zfp715" 1.06589756085551 -1.11198460043393 -0.600623339463096 0.548090889112313 NA 0.0476190476190476 0.142857142857143 "Uqcrc2_noRT" "non-targeting_noRT"
"6643" "Sema4g" 3.19515328362285 0.597230394770332 0.600453751075772 0.54820387462729 NA 0.238095238095238 0.267857142857143 "Uqcrc2_noRT" "non-targeting_noRT"
"6644" "Cyld" 11.7943189620186 -0.355147162897377 -0.600308441654783 0.548300693827417 NA 0.571428571428571 0.660714285714286 "Uqcrc2_noRT" "non-targeting_noRT"
"6645" "Gpr176" 4.14252196501478 0.558275760596422 0.600175867031665 0.548389035240782 NA 0.238095238095238 0.25 "Uqcrc2_noRT" "non-targeting_noRT"
"6646" "Slc25a20" 4.36508000092197 0.521803893437835 0.599831516556683 0.548618526832275 NA 0.380952380952381 0.339285714285714 "Uqcrc2_noRT" "non-targeting_noRT"
"6647" "Foxc2" 0.952190478346458 1.35654976961759 0.599633096593482 0.548750784895348 NA 0.0952380952380952 0.0535714285714286 "Uqcrc2_noRT" "non-targeting_noRT"
"6648" "Ldah" 11.6835497436531 -0.337461793158704 -0.599604430526351 0.548769893742125 NA 0.333333333333333 0.732142857142857 "Uqcrc2_noRT" "non-targeting_noRT"
"6649" "Arsj" 0.89131359349176 1.2734361717925 0.599509038725216 0.548833484436252 NA 0.0952380952380952 0.0535714285714286 "Uqcrc2_noRT" "non-targeting_noRT"
"6650" "Kctd6" 3.17764285302308 0.597102139227732 0.599414614732055 0.548896433545608 NA 0.238095238095238 0.214285714285714 "Uqcrc2_noRT" "non-targeting_noRT"
"6651" "Foxm1" 7.96129450701933 -0.402620713779784 -0.599319327981788 0.548959961436309 NA 0.380952380952381 0.482142857142857 "Uqcrc2_noRT" "non-targeting_noRT"
"6652" "Dpp9" 6.71685939511855 -0.445064484688939 -0.599115451996614 0.549095898199245 NA 0.333333333333333 0.553571428571429 "Uqcrc2_noRT" "non-targeting_noRT"
"6653" "Fam72a" 4.87482203978351 0.495154401228191 0.599025352644544 0.549155978315774 NA 0.285714285714286 0.339285714285714 "Uqcrc2_noRT" "non-targeting_noRT"
"6654" "Fbn2" 16.1584783200313 -0.382906094236792 -0.59877421462255 0.549323459472315 0.885403614174098 0.428571428571429 0.357142857142857 "Uqcrc2_noRT" "non-targeting_noRT"
"6655" "Entr1" 13.4538200688623 0.322997795501982 0.598465191711516 0.549529577981397 0.885403614174098 0.666666666666667 0.642857142857143 "Uqcrc2_noRT" "non-targeting_noRT"
"6656" "Polr2d" 39.9002337382945 0.186607607317535 0.598330741617805 0.549619268195147 0.885403614174098 0.952380952380952 0.964285714285714 "Uqcrc2_noRT" "non-targeting_noRT"
"6657" "Cct8" 124.516690802334 0.118284806379417 0.598300097516 0.549639711556131 0.885403614174098 0.904761904761905 1 "Uqcrc2_noRT" "non-targeting_noRT"
"6658" "Tasp1" 3.94947718112009 -0.59583759814727 -0.598283711248455 0.549650643352984 NA 0.19047619047619 0.375 "Uqcrc2_noRT" "non-targeting_noRT"
"6659" "Dazap2" 44.965464031516 -0.175770078426357 -0.598239231190586 0.549680317945365 0.885403614174098 0.857142857142857 0.964285714285714 "Uqcrc2_noRT" "non-targeting_noRT"
"6660" "Trappc3" 19.48251951324 -0.257578306397944 -0.598230273574692 0.549686294058303 0.885403614174098 0.714285714285714 0.875 "Uqcrc2_noRT" "non-targeting_noRT"
"6661" "Slc44a1" 6.66665705191724 -0.467965550939895 -0.598187969418929 0.549714517895089 NA 0.380952380952381 0.482142857142857 "Uqcrc2_noRT" "non-targeting_noRT"
"6662" "Ctnnbl1" 8.34147038376412 0.378032729600791 0.598162313355632 0.549731635061214 NA 0.476190476190476 0.392857142857143 "Uqcrc2_noRT" "non-targeting_noRT"
"6663" "Rnf185" 3.88592512349166 -0.584864411330029 -0.598034067250532 0.549817202005039 NA 0.238095238095238 0.392857142857143 "Uqcrc2_noRT" "non-targeting_noRT"
"6664" "Enc1" 10.1367117560919 0.374215324387165 0.597612251831744 0.550098687297635 NA 0.380952380952381 0.428571428571429 "Uqcrc2_noRT" "non-targeting_noRT"
"6665" "Fbln5" 7.25464560287149 0.407328855124393 0.597358323805172 0.550268172424855 NA 0.333333333333333 0.375 "Uqcrc2_noRT" "non-targeting_noRT"
"6666" "Med9" 18.9684051001392 -0.264731965261396 -0.597200863850957 0.550373282523263 0.885874874939598 0.714285714285714 0.839285714285714 "Uqcrc2_noRT" "non-targeting_noRT"
"6667" "Ikzf5" 7.54097148393782 -0.420761882621485 -0.596860617529665 0.550600442751848 NA 0.285714285714286 0.589285714285714 "Uqcrc2_noRT" "non-targeting_noRT"
"6668" "Kansl1l" 3.32243917518439 -0.646082961142387 -0.596778165658928 0.550655497421883 NA 0.19047619047619 0.303571428571429 "Uqcrc2_noRT" "non-targeting_noRT"
"6669" "Micu2" 13.6776507490268 0.295985912259989 0.596709167334505 0.550701570987245 0.885874874939598 0.571428571428571 0.625 "Uqcrc2_noRT" "non-targeting_noRT"
"6670" "Nop2" 28.878737478106 -0.214507310663738 -0.596614180303758 0.550765001589756 0.885874874939598 0.761904761904762 0.803571428571429 "Uqcrc2_noRT" "non-targeting_noRT"
"6671" "Necap1" 8.46751470789667 0.398937097886494 0.596503317930788 0.550839038001689 NA 0.571428571428571 0.464285714285714 "Uqcrc2_noRT" "non-targeting_noRT"
"6672" "Dffa" 1.01984301059894 -1.11493820124111 -0.596497026108218 0.550843239970605 NA 0.0476190476190476 0.142857142857143 "Uqcrc2_noRT" "non-targeting_noRT"
"6673" "Kpna4" 16.0217548218575 -0.282417305195607 -0.596429749462183 0.550888171399458 0.885874874939598 0.666666666666667 0.678571428571429 "Uqcrc2_noRT" "non-targeting_noRT"
"6674" "Fhl2" 0.520193773424161 -1.56176680641766 -0.596381848447441 0.550920163704216 NA 0 0.0892857142857143 "Uqcrc2_noRT" "non-targeting_noRT"
"6675" "3110045C21Rik" 0.520193773424161 -1.56176680641766 -0.596381848447441 0.550920163704216 NA 0 0.0892857142857143 "Uqcrc2_noRT" "non-targeting_noRT"
"6676" "Gm26797" 2.71126726841646 0.692118725874869 0.596334834651301 0.550951564338884 NA 0.19047619047619 0.196428571428571 "Uqcrc2_noRT" "non-targeting_noRT"
"6677" "Arih2" 7.40905999341642 -0.423473088321679 -0.596257154275896 0.551003449189264 NA 0.428571428571429 0.5 "Uqcrc2_noRT" "non-targeting_noRT"
"6678" "Tmem33" 67.0116493123546 0.149070525170011 0.596188538114984 0.55104928180148 0.885874874939598 0.952380952380952 0.982142857142857 "Uqcrc2_noRT" "non-targeting_noRT"
"6679" "Faxc" 3.74302834621444 0.560281000346194 0.596180665395647 0.551054540555616 NA 0.238095238095238 0.285714285714286 "Uqcrc2_noRT" "non-targeting_noRT"
"6680" "Cadm4" 3.69167544630776 0.559566035347883 0.59614396115548 0.551079058277045 NA 0.333333333333333 0.285714285714286 "Uqcrc2_noRT" "non-targeting_noRT"
"6681" "Sall3" 2.61635712965865 -0.727589382043603 -0.596111209206483 0.551100936397471 NA 0.0952380952380952 0.267857142857143 "Uqcrc2_noRT" "non-targeting_noRT"
"6682" "Dmrta1" 1.98497227459931 0.746565335314019 0.596002038106641 0.551173865171934 NA 0.19047619047619 0.142857142857143 "Uqcrc2_noRT" "non-targeting_noRT"
"6683" "Gnas" 226.496657779581 0.104449095429427 0.595846124759449 0.551278027057145 0.885898437266977 1 1 "Uqcrc2_noRT" "non-targeting_noRT"
"6684" "Sp4" 1.84403493050283 -0.856002380377024 -0.595426521541472 0.551558401743321 NA 0.0952380952380952 0.214285714285714 "Uqcrc2_noRT" "non-targeting_noRT"
"6685" "Hs6st1" 3.21577587675313 0.608160155716666 0.595416669062942 0.55156498591317 NA 0.285714285714286 0.25 "Uqcrc2_noRT" "non-targeting_noRT"
"6686" "Yod1" 1.45880544271812 0.894722854003435 0.595385884025617 0.551585559047751 NA 0.0952380952380952 0.107142857142857 "Uqcrc2_noRT" "non-targeting_noRT"
"6687" "Casp6" 11.5302791047812 -0.327763396737949 -0.595309080540153 0.551636887198932 NA 0.619047619047619 0.553571428571429 "Uqcrc2_noRT" "non-targeting_noRT"
"6688" "Sirt6" 10.7784422583752 0.344766299536474 0.594828245569169 0.551958284931952 NA 0.380952380952381 0.642857142857143 "Uqcrc2_noRT" "non-targeting_noRT"
"6689" "Rps13" 1841.97568998994 0.0679734441218477 0.594544846153274 0.552147756668799 0.886732429541405 1 1 "Uqcrc2_noRT" "non-targeting_noRT"
"6690" "Faf1" 11.9170294001005 -0.352378696071995 -0.594474652148342 0.552194691057149 NA 0.476190476190476 0.589285714285714 "Uqcrc2_noRT" "non-targeting_noRT"
"6691" "Tpra1" 3.96648371410638 -0.583800048169582 -0.594324963713108 0.552294784994285 NA 0.19047619047619 0.339285714285714 "Uqcrc2_noRT" "non-targeting_noRT"
"6692" "Pop5" 64.1662628751908 -0.159673125992026 -0.594298011684392 0.552312808272322 0.886732429541405 0.952380952380952 0.982142857142857 "Uqcrc2_noRT" "non-targeting_noRT"
"6693" "Klhl11" 3.19144446916634 0.586792660151732 0.594011514257671 0.552504411796408 NA 0.238095238095238 0.232142857142857 "Uqcrc2_noRT" "non-targeting_noRT"
"6694" "Osbpl11" 2.97737478779292 0.646231579341457 0.593937451799011 0.552553948534457 NA 0.19047619047619 0.214285714285714 "Uqcrc2_noRT" "non-targeting_noRT"
"6695" "Tmed4" 37.1238795668918 0.196255325620797 0.593709481960324 0.552706440029578 0.886732429541405 0.904761904761905 0.857142857142857 "Uqcrc2_noRT" "non-targeting_noRT"
"6696" "Matn2" 29.7438869657539 0.202413592926341 0.593355978787628 0.55294294294929 0.886732429541405 0.857142857142857 0.839285714285714 "Uqcrc2_noRT" "non-targeting_noRT"
"6697" "Parvb" 0.810316024388803 1.26980054468385 0.593320197565861 0.552966884293029 NA 0.0476190476190476 0.0535714285714286 "Uqcrc2_noRT" "non-targeting_noRT"
"6698" "Sugp1" 6.80518183882201 -0.43559697140383 -0.5932218727592 0.553032676390935 NA 0.285714285714286 0.5 "Uqcrc2_noRT" "non-targeting_noRT"
"6699" "Lman2" 43.3513087707668 0.17876452187061 0.592951012971321 0.553213936701883 0.886732429541405 1 0.982142857142857 "Uqcrc2_noRT" "non-targeting_noRT"
"6700" "Isoc2a" 2.00088024677757 0.72771471359427 0.592729388332577 0.553362270337095 NA 0.19047619047619 0.142857142857143 "Uqcrc2_noRT" "non-targeting_noRT"
"6701" "Paqr3" 1.41645970691807 0.881329173151314 0.592571384236411 0.553468034566331 NA 0.0952380952380952 0.107142857142857 "Uqcrc2_noRT" "non-targeting_noRT"
"6702" "Gch1" 1.41645970691807 0.881329173151314 0.592571384236411 0.553468034566331 NA 0.0952380952380952 0.0892857142857143 "Uqcrc2_noRT" "non-targeting_noRT"
"6703" "Atxn2l" 25.5339350610497 0.237110657144708 0.592563534975705 0.55347328893522 0.886732429541405 0.857142857142857 0.839285714285714 "Uqcrc2_noRT" "non-targeting_noRT"
"6704" "Flt1" 3.18086379642079 -0.622230834052947 -0.592466110883923 0.553538507572006 NA 0.19047619047619 0.25 "Uqcrc2_noRT" "non-targeting_noRT"
"6705" "Mapre2" 4.29040149992401 0.514178698735831 0.592465506656308 0.553538912072013 NA 0.333333333333333 0.303571428571429 "Uqcrc2_noRT" "non-targeting_noRT"
"6706" "Slc25a5" 177.135842714308 -0.109017265960895 -0.592346149342914 0.553618818631229 0.886732429541405 1 1 "Uqcrc2_noRT" "non-targeting_noRT"
"6707" "Trp53" 70.4792434777823 -0.148694353936143 -0.592230715097611 0.553696104174469 0.886732429541405 0.952380952380952 1 "Uqcrc2_noRT" "non-targeting_noRT"
"6708" "Acot5" 0.526512841529155 -1.57743188488132 -0.592225819587604 0.553699381933436 NA 0 0.0535714285714286 "Uqcrc2_noRT" "non-targeting_noRT"
"6709" "Zfp13" 0.526512841529155 -1.57743188488132 -0.592225819587604 0.553699381933436 NA 0 0.0892857142857143 "Uqcrc2_noRT" "non-targeting_noRT"
"6710" "B230118H07Rik" 9.03984815814133 0.365546536256249 0.592210738501988 0.553709479442365 NA 0.428571428571429 0.535714285714286 "Uqcrc2_noRT" "non-targeting_noRT"
"6711" "Notch1" 17.1335193644929 0.281524755084804 0.592038017994976 0.553825130522526 0.886732429541405 0.619047619047619 0.589285714285714 "Uqcrc2_noRT" "non-targeting_noRT"
"6712" "Tap2" 46.7791353430903 -0.176223389120703 -0.591866622866889 0.553939905839664 0.886732429541405 0.857142857142857 0.964285714285714 "Uqcrc2_noRT" "non-targeting_noRT"
"6713" "Gm12185" 2.5697986817886 -0.739151501428416 -0.591575342424606 0.554134989463473 NA 0.142857142857143 0.214285714285714 "Uqcrc2_noRT" "non-targeting_noRT"
"6714" "Bcdin3d" 11.9273939324733 -0.352538799076025 -0.591339302827701 0.554293100466641 NA 0.571428571428571 0.553571428571429 "Uqcrc2_noRT" "non-targeting_noRT"
"6715" "Wdr91" 1.84243247208132 -0.872609337200068 -0.590909904400718 0.55458078937471 NA 0.0476190476190476 0.214285714285714 "Uqcrc2_noRT" "non-targeting_noRT"
"6716" "Akap10" 2.53427392297557 -0.729671747061546 -0.590887294123508 0.554595939860803 NA 0.142857142857143 0.25 "Uqcrc2_noRT" "non-targeting_noRT"
"6717" "Acot8" 9.12927115138428 0.366187090205448 0.590719977522834 0.554708060116694 NA 0.428571428571429 0.535714285714286 "Uqcrc2_noRT" "non-targeting_noRT"
"6718" "Lbx2" 0.920439453115184 1.34755737898141 0.590694014674352 0.554725459032276 NA 0.0952380952380952 0.0535714285714286 "Uqcrc2_noRT" "non-targeting_noRT"
"6719" "AC241534.1" 0.920439453115184 1.34755737898141 0.590694014674352 0.554725459032276 NA 0.0952380952380952 0.0535714285714286 "Uqcrc2_noRT" "non-targeting_noRT"
"6720" "Kyat1" 0.87859761492862 1.25752631961749 0.589985837865847 0.555200144215198 NA 0.0952380952380952 0.0535714285714286 "Uqcrc2_noRT" "non-targeting_noRT"
"6721" "Antxr1" 0.87859761492862 1.25752631961749 0.589985837865847 0.555200144215198 NA 0.0952380952380952 0.0535714285714286 "Uqcrc2_noRT" "non-targeting_noRT"
"6722" "Sbds" 44.9774400498591 0.179786275564533 0.589869669814768 0.555278029662942 0.888530737333819 0.857142857142857 0.964285714285714 "Uqcrc2_noRT" "non-targeting_noRT"
"6723" "Zfp74" 1.98286591856431 0.749035546860144 0.589610809490164 0.55545160305161 NA 0.142857142857143 0.142857142857143 "Uqcrc2_noRT" "non-targeting_noRT"
"6724" "Glul" 12.8293302552241 0.312161940799736 0.589405118029021 0.555589544059006 0.888669756379238 0.523809523809524 0.607142857142857 "Uqcrc2_noRT" "non-targeting_noRT"
"6725" "Tbl3" 10.8969091075126 -0.336096364968505 -0.589362270866919 0.555618280369349 NA 0.476190476190476 0.696428571428571 "Uqcrc2_noRT" "non-targeting_noRT"
"6726" "Fez1" 6.81894584973323 0.445174319999273 0.588930943727698 0.555907598999066 NA 0.285714285714286 0.321428571428571 "Uqcrc2_noRT" "non-targeting_noRT"
"6727" "Cdc26" 62.2711016143973 -0.158662735474527 -0.588915788925364 0.555917765628667 0.888669756379238 0.904761904761905 1 "Uqcrc2_noRT" "non-targeting_noRT"
"6728" "Prrc1" 13.2232038128638 -0.339078235196456 -0.588739923836902 0.556035751712342 0.888669756379238 0.523809523809524 0.660714285714286 "Uqcrc2_noRT" "non-targeting_noRT"
"6729" "Fbxl8" 2.66208564367003 0.652452707012729 0.588644365780533 0.556099865754689 NA 0.238095238095238 0.214285714285714 "Uqcrc2_noRT" "non-targeting_noRT"
"6730" "Mrrf" 9.80191101219543 0.363863069185928 0.588621848467518 0.556114974121149 NA 0.333333333333333 0.625 "Uqcrc2_noRT" "non-targeting_noRT"
"6731" "Tmem175" 4.45450100543346 0.555674857126307 0.588320357839255 0.556317283571422 NA 0.285714285714286 0.285714285714286 "Uqcrc2_noRT" "non-targeting_noRT"
"6732" "Mecp2" 14.2341661039643 -0.319838278572901 -0.588124053019968 0.556449029412009 0.888669756379238 0.571428571428571 0.75 "Uqcrc2_noRT" "non-targeting_noRT"
"6733" "Thra" 3.21063345695189 -0.667301046009609 -0.588071837066869 0.556484075609306 NA 0.19047619047619 0.267857142857143 "Uqcrc2_noRT" "non-targeting_noRT"
"6734" "Slc25a33" 21.3789711884344 -0.258491505406674 -0.588010651423445 0.556525143434471 0.888669756379238 0.666666666666667 0.767857142857143 "Uqcrc2_noRT" "non-targeting_noRT"
"6735" "Dpy30" 72.5519985436566 -0.14989361562347 -0.587819494065523 0.556653457838324 0.888669756379238 0.952380952380952 1 "Uqcrc2_noRT" "non-targeting_noRT"
"6736" "Cep85l" 2.66158174605655 0.670686827629357 0.58769900898096 0.556734340876968 NA 0.238095238095238 0.196428571428571 "Uqcrc2_noRT" "non-targeting_noRT"
"6737" "Usp54" 1.8371341224312 -0.849024614861624 -0.587593183181798 0.556805387691407 NA 0.0952380952380952 0.196428571428571 "Uqcrc2_noRT" "non-targeting_noRT"
"6738" "Prpf4" 14.5250411512315 -0.299522324770442 -0.587477368342065 0.556883145774126 0.888693581648027 0.476190476190476 0.75 "Uqcrc2_noRT" "non-targeting_noRT"
"6739" "Tgm2" 3.17504862592928 -0.631369031764179 -0.587347183686396 0.55697055806728 NA 0.19047619047619 0.267857142857143 "Uqcrc2_noRT" "non-targeting_noRT"
"6740" "Hltf" 11.278223322532 0.321301188918263 0.587343786450167 0.556972839225979 NA 0.619047619047619 0.607142857142857 "Uqcrc2_noRT" "non-targeting_noRT"
"6741" "Gm28809" 2.61425077362365 -0.725261959776059 -0.587148688463677 0.557103850253839 NA 0.142857142857143 0.25 "Uqcrc2_noRT" "non-targeting_noRT"
"6742" "Rep15" 1.10940876532029 -1.18003197385981 -0.587143189654115 0.557107542998883 NA 0.0476190476190476 0.107142857142857 "Uqcrc2_noRT" "non-targeting_noRT"
"6743" "Slc25a51" 9.92577312667129 0.365158258949557 0.587136485085883 0.557112045491565 NA 0.476190476190476 0.571428571428571 "Uqcrc2_noRT" "non-targeting_noRT"
"6744" "Msrb1" 8.49037063712823 0.361603610856818 0.586895579892605 0.557273838566213 NA 0.380952380952381 0.571428571428571 "Uqcrc2_noRT" "non-targeting_noRT"
"6745" "2010320M18Rik" 15.1651653563546 0.286647616598651 0.586793534412573 0.557342379694395 0.888942769386863 0.666666666666667 0.660714285714286 "Uqcrc2_noRT" "non-targeting_noRT"
"6746" "Timm21" 11.3369138363541 -0.334326764911258 -0.586791373611806 0.557343831088917 NA 0.523809523809524 0.678571428571429 "Uqcrc2_noRT" "non-targeting_noRT"
"6747" "Cbfa2t2" 2.98580021193291 0.639097593533529 0.586676119839643 0.557421248895537 NA 0.285714285714286 0.232142857142857 "Uqcrc2_noRT" "non-targeting_noRT"
"6748" "Jam2" 1.86313489629621 -0.890986105536107 -0.586645601616372 0.557441749352034 NA 0.0952380952380952 0.178571428571429 "Uqcrc2_noRT" "non-targeting_noRT"
"6749" "Fam3c" 26.3710742574013 0.229302682507601 0.586605120192417 0.557468943102685 0.888942769386863 0.904761904761905 0.821428571428571 "Uqcrc2_noRT" "non-targeting_noRT"
"6750" "Trmt2b" 2.63985860338678 0.67469887468474 0.586374514815524 0.557623866598148 NA 0.238095238095238 0.178571428571429 "Uqcrc2_noRT" "non-targeting_noRT"
"6751" "Abhd17c" 7.17894638341865 0.396845620000633 0.586239294502482 0.557714718992578 NA 0.428571428571429 0.482142857142857 "Uqcrc2_noRT" "non-targeting_noRT"
"6752" "Skap2" 48.1405188381674 -0.179406532371342 -0.586108066304439 0.557802896034425 0.889042414850646 0.952380952380952 0.964285714285714 "Uqcrc2_noRT" "non-targeting_noRT"
"6753" "Trp53rka" 3.72349139066429 0.539489750835761 0.585946260082263 0.557911628909663 NA 0.285714285714286 0.303571428571429 "Uqcrc2_noRT" "non-targeting_noRT"
"6754" "Rbm19" 1.86945396440121 -0.896664836063565 -0.585935261877521 0.557919020015873 NA 0.0476190476190476 0.214285714285714 "Uqcrc2_noRT" "non-targeting_noRT"
"6755" "B4galt3" 11.3651009812517 0.318553689780366 0.585931833396102 0.557921324062579 NA 0.666666666666667 0.660714285714286 "Uqcrc2_noRT" "non-targeting_noRT"
"6756" "Prpf38b" 33.0764791841736 0.195735309008156 0.585872603857646 0.557961128894908 0.889042414850646 0.80952380952381 0.839285714285714 "Uqcrc2_noRT" "non-targeting_noRT"
"6757" "Acad8" 3.98704138811141 -0.555655238049971 -0.585756815689476 0.558038947581905 NA 0.238095238095238 0.339285714285714 "Uqcrc2_noRT" "non-targeting_noRT"
"6758" "Nrcam" 9.28483658890395 -0.370175124036015 -0.585683272826812 0.55808837686698 NA 0.428571428571429 0.5 "Uqcrc2_noRT" "non-targeting_noRT"
"6759" "2700033N17Rik" 1.98976672663594 0.740425737116948 0.585588736443278 0.558151919346655 NA 0.19047619047619 0.125 "Uqcrc2_noRT" "non-targeting_noRT"
"6760" "Mgat5" 1.41435335088307 0.884145890719876 0.585514110404652 0.558202081604191 NA 0.142857142857143 0.107142857142857 "Uqcrc2_noRT" "non-targeting_noRT"
"6761" "A630001G21Rik" 3.79969450773061 0.547135558665139 0.585507732919279 0.558206368534818 NA 0.285714285714286 0.285714285714286 "Uqcrc2_noRT" "non-targeting_noRT"
"6762" "Atp6ap1" 37.0928590092999 0.183284878643802 0.58548311683173 0.558222915560948 0.889117176517014 1 0.946428571428571 "Uqcrc2_noRT" "non-targeting_noRT"
"6763" "Chd1l" 4.37198080899361 0.518107810931626 0.585308256613407 0.558340464117304 NA 0.333333333333333 0.285714285714286 "Uqcrc2_noRT" "non-targeting_noRT"
"6764" "Arhgap31" 3.17294226989428 -0.630305806083976 -0.585238406050882 0.55838742403158 NA 0.19047619047619 0.232142857142857 "Uqcrc2_noRT" "non-targeting_noRT"
"6765" "Coq10a" 13.2903692111762 0.290922117896607 0.584831626868492 0.558660936209306 0.889398509975408 0.571428571428571 0.678571428571429 "Uqcrc2_noRT" "non-targeting_noRT"
"6766" "Fam219b" 5.25673437327925 -0.528911285076537 -0.584773218294147 0.558700214595995 NA 0.238095238095238 0.482142857142857 "Uqcrc2_noRT" "non-targeting_noRT"
"6767" "Mtfp1" 2.59354834940875 -0.712054841274182 -0.584740064895535 0.558722510070391 NA 0.142857142857143 0.178571428571429 "Uqcrc2_noRT" "non-targeting_noRT"
"6768" "Borcs5" 6.15298556415282 0.425095583512757 0.584718361291659 0.558737105856217 NA 0.285714285714286 0.375 "Uqcrc2_noRT" "non-targeting_noRT"
"6769" "Itga2" 2.70073548824147 0.705646370423131 0.58471576861569 0.558738849456598 NA 0.19047619047619 0.196428571428571 "Uqcrc2_noRT" "non-targeting_noRT"
"6770" "Cdpf1" 13.1144345422643 0.295893165189889 0.584581103662884 0.558829416610938 0.889398509975408 0.619047619047619 0.678571428571429 "Uqcrc2_noRT" "non-targeting_noRT"
"6771" "Kctd5" 6.71786914846216 0.407492034205818 0.584534531411188 0.558860739829601 NA 0.380952380952381 0.428571428571429 "Uqcrc2_noRT" "non-targeting_noRT"
"6772" "Prkd3" 5.61142758093476 0.452445619295779 0.584478823039019 0.558898208872273 NA 0.428571428571429 0.339285714285714 "Uqcrc2_noRT" "non-targeting_noRT"
"6773" "2610020C07Rik" 1.87687159331423 -0.863305414603569 -0.584440270813472 0.558924139530814 NA 0.0952380952380952 0.25 "Uqcrc2_noRT" "non-targeting_noRT"
"6774" "Zbtb42" 0.510604869350894 -1.5377422995356 -0.584437005037368 0.558926336155229 NA 0 0.107142857142857 "Uqcrc2_noRT" "non-targeting_noRT"
"6775" "Pkd1" 3.18826850210591 -0.639724008261371 -0.584414365301354 0.558941564196515 NA 0.19047619047619 0.303571428571429 "Uqcrc2_noRT" "non-targeting_noRT"
"6776" "Bsdc1" 6.03837772369511 -0.484871646453869 -0.584103611417759 0.559150605235145 NA 0.285714285714286 0.428571428571429 "Uqcrc2_noRT" "non-targeting_noRT"
"6777" "Nckap1" 18.5136630675419 0.257466190382648 0.583888755479041 0.559295158871715 0.889543796179077 0.761904761904762 0.803571428571429 "Uqcrc2_noRT" "non-targeting_noRT"
"6778" "Ppm1k" 2.58050633460044 0.64732971003098 0.583772206864477 0.559373579586367 NA 0.19047619047619 0.196428571428571 "Uqcrc2_noRT" "non-targeting_noRT"
"6779" "Rbmxl1" 40.9434474650462 0.173003904360538 0.583679346429785 0.559436065329428 0.889543796179077 0.857142857142857 0.982142857142857 "Uqcrc2_noRT" "non-targeting_noRT"
"6780" "Pgm2" 10.5993825037049 0.335005032952992 0.583521130263187 0.559542536714956 NA 0.476190476190476 0.571428571428571 "Uqcrc2_noRT" "non-targeting_noRT"
"6781" "Gab1" 2.56409446480869 0.680986727274391 0.583464718865813 0.559580501076667 NA 0.238095238095238 0.160714285714286 "Uqcrc2_noRT" "non-targeting_noRT"
"6782" "Las1l" 21.7880616501929 0.233772150849245 0.583368338825075 0.559645366866138 0.889543796179077 0.619047619047619 0.732142857142857 "Uqcrc2_noRT" "non-targeting_noRT"
"6783" "Gspt2" 7.94932947475156 0.387428513017536 0.58315798364565 0.559786952981505 NA 0.476190476190476 0.428571428571429 "Uqcrc2_noRT" "non-targeting_noRT"
"6784" "Wls" 21.0462226785168 0.23490770992399 0.583115166083427 0.559815774805148 0.889543796179077 0.666666666666667 0.821428571428571 "Uqcrc2_noRT" "non-targeting_noRT"
"6785" "Gm26510" 1.83821976001132 -0.86813974058303 -0.583031265950758 0.5598722526624 NA 0.0952380952380952 0.196428571428571 "Uqcrc2_noRT" "non-targeting_noRT"
"6786" "Kif2a" 27.1613210708482 -0.225262253441521 -0.582848115915931 0.55999555076039 0.889543796179077 0.80952380952381 0.892857142857143 "Uqcrc2_noRT" "non-targeting_noRT"
"6787" "Rexo5" 0.518087417389163 -1.5567983981338 -0.582118681111946 0.56048674280019 NA 0 0.107142857142857 "Uqcrc2_noRT" "non-targeting_noRT"
"6788" "Ppp2r5e" 14.1406798767198 -0.294766672255114 -0.58189795959144 0.560635414961516 0.890157122886429 0.571428571428571 0.75 "Uqcrc2_noRT" "non-targeting_noRT"
"6789" "Dynlt1a" 8.1738976558025 -0.407185309771396 -0.581732433033526 0.560746921790776 NA 0.428571428571429 0.482142857142857 "Uqcrc2_noRT" "non-targeting_noRT"
"6790" "Zfp560" 11.4817612237304 0.309874736526038 0.581680339426969 0.560782016827401 NA 0.571428571428571 0.696428571428571 "Uqcrc2_noRT" "non-targeting_noRT"
"6791" "Supt4a" 102.744738167932 -0.121292594544336 -0.581425669246505 0.560953601351173 0.890157122886429 0.904761904761905 1 "Uqcrc2_noRT" "non-targeting_noRT"
"6792" "Arhgef9" 5.43349177387373 -0.491833092709151 -0.58124066331065 0.561078265390246 NA 0.285714285714286 0.482142857142857 "Uqcrc2_noRT" "non-targeting_noRT"
"6793" "Ppil1" 27.3752508489274 -0.221238716047736 -0.581189380023012 0.561112824394058 0.890157122886429 0.761904761904762 0.839285714285714 "Uqcrc2_noRT" "non-targeting_noRT"
"6794" "Ier3ip1" 101.071572599462 0.120431826258583 0.580997512686828 0.561242129920419 0.890157122886429 1 1 "Uqcrc2_noRT" "non-targeting_noRT"
"6795" "Ighmbp2" 2.05172924907077 0.748990191303134 0.580928154206531 0.56128887636318 NA 0.19047619047619 0.125 "Uqcrc2_noRT" "non-targeting_noRT"
"6796" "Map1a" 2.55827929431718 0.668622130230812 0.580769764085542 0.561395635687967 NA 0.19047619047619 0.196428571428571 "Uqcrc2_noRT" "non-targeting_noRT"
"6797" "Rpp30" 23.2867070571267 0.232094527351295 0.580256357921361 0.561741753151709 0.890608189479606 0.666666666666667 0.875 "Uqcrc2_noRT" "non-targeting_noRT"
"6798" "Parn" 3.20738139112719 -0.626332852466407 -0.5802465447023 0.561748369827745 NA 0.142857142857143 0.339285714285714 "Uqcrc2_noRT" "non-targeting_noRT"
"6799" "Ylpm1" 6.69447468139752 -0.433017165790791 -0.580191715501499 0.56178533974154 NA 0.380952380952381 0.410714285714286 "Uqcrc2_noRT" "non-targeting_noRT"
"6800" "Chpf" 7.51924834126805 -0.419616011501732 -0.580171871040153 0.561798720639084 NA 0.333333333333333 0.553571428571429 "Uqcrc2_noRT" "non-targeting_noRT"
"6801" "Rps6ka5" 1.8657580731726 -0.853306252556099 -0.580041736407293 0.56188647277886 NA 0.0952380952380952 0.214285714285714 "Uqcrc2_noRT" "non-targeting_noRT"
"6802" "Fahd2a" 6.18321197331573 0.427782934231993 0.578927581873112 0.56263803838743 NA 0.428571428571429 0.482142857142857 "Uqcrc2_noRT" "non-targeting_noRT"
"6803" "Ercc4" 2.01359622534071 0.732749559898698 0.578925129220235 0.562639693387467 NA 0.19047619047619 0.142857142857143 "Uqcrc2_noRT" "non-targeting_noRT"
"6804" "Rassf3" 8.22243746837272 -0.385322208277087 -0.57892147321541 0.562642160389166 NA 0.333333333333333 0.464285714285714 "Uqcrc2_noRT" "non-targeting_noRT"
"6805" "Rap1gds1" 10.1622829423301 -0.339824688833845 -0.578751613143272 0.562756784453504 NA 0.380952380952381 0.660714285714286 "Uqcrc2_noRT" "non-targeting_noRT"
"6806" "Ganc" 2.0098874108842 0.716599340410483 0.578560635162847 0.562885672649003 NA 0.19047619047619 0.142857142857143 "Uqcrc2_noRT" "non-targeting_noRT"
"6807" "Tcta" 2.0098874108842 0.716599340410483 0.578560635162847 0.562885672649003 NA 0.19047619047619 0.142857142857143 "Uqcrc2_noRT" "non-targeting_noRT"
"6808" "Mcm8" 5.43820639482575 -0.479585236750131 -0.578348153047831 0.563029090402319 NA 0.285714285714286 0.357142857142857 "Uqcrc2_noRT" "non-targeting_noRT"
"6809" "Rasl11b" 1.05797802306046 -1.17471310668893 -0.578240663908499 0.563101648402795 NA 0.0476190476190476 0.142857142857143 "Uqcrc2_noRT" "non-targeting_noRT"
"6810" "Rab24" 23.561756883124 -0.2352827379204 -0.578239139015703 0.563102677778046 0.892378172293133 0.571428571428571 0.928571428571429 "Uqcrc2_noRT" "non-targeting_noRT"
"6811" "Gtf3c1" 7.5128514308099 -0.423049046264436 -0.577708383118558 0.563461018408873 NA 0.380952380952381 0.553571428571429 "Uqcrc2_noRT" "non-targeting_noRT"
"6812" "Gdi2" 62.5288544566233 -0.165888345137845 -0.577553577845614 0.563565556121785 0.892378172293133 0.857142857142857 0.964285714285714 "Uqcrc2_noRT" "non-targeting_noRT"
"6813" "Gemin2" 14.4050164684648 0.301062780573754 0.577389761306946 0.563676189188156 0.892378172293133 0.761904761904762 0.839285714285714 "Uqcrc2_noRT" "non-targeting_noRT"
"6814" "Mtpap" 7.19056380117377 0.387648942844085 0.577311142708491 0.563729287767204 NA 0.523809523809524 0.482142857142857 "Uqcrc2_noRT" "non-targeting_noRT"
"6815" "Arhgef10" 1.8699707852426 -0.856210915784456 -0.576963827191709 0.563963891639683 NA 0.0952380952380952 0.232142857142857 "Uqcrc2_noRT" "non-targeting_noRT"
"6816" "Wdr6" 9.7033796454476 0.337601774292844 0.576909802881754 0.564000388080086 NA 0.380952380952381 0.535714285714286 "Uqcrc2_noRT" "non-targeting_noRT"
"6817" "Vti1b" 32.6799058287123 0.207129859081188 0.576904229724551 0.564004153123946 0.892378172293133 0.714285714285714 0.946428571428571 "Uqcrc2_noRT" "non-targeting_noRT"
"6818" "Akap8" 16.4364280726523 0.278622393226877 0.57684240329476 0.564045921862372 0.892378172293133 0.619047619047619 0.642857142857143 "Uqcrc2_noRT" "non-targeting_noRT"
"6819" "Sft2d2" 13.8890609003144 -0.30107028018422 -0.576547639776614 0.564245078865173 0.892378172293133 0.571428571428571 0.589285714285714 "Uqcrc2_noRT" "non-targeting_noRT"
"6820" "Zfp142" 3.02292742916746 0.636816535341414 0.576468757470049 0.564298381445797 NA 0.19047619047619 0.25 "Uqcrc2_noRT" "non-targeting_noRT"
"6821" "Zfp182" 2.60913028534184 0.637205234917285 0.576431618710534 0.564323477795183 NA 0.238095238095238 0.178571428571429 "Uqcrc2_noRT" "non-targeting_noRT"
"6822" "Rbakdn" 0.501597705244264 -1.51503657416613 -0.576094943535182 0.56455100903658 NA 0 0.0892857142857143 "Uqcrc2_noRT" "non-targeting_noRT"
"6823" "Zfp747" 0.501597705244264 -1.51503657416613 -0.576094943535182 0.56455100903658 NA 0 0.107142857142857 "Uqcrc2_noRT" "non-targeting_noRT"
"6824" "Rsph3b" 0.501597705244264 -1.51503657416613 -0.576094943535182 0.56455100903658 NA 0 0.107142857142857 "Uqcrc2_noRT" "non-targeting_noRT"
"6825" "Ttc19" 10.8284896024101 -0.332696933654555 -0.575961677609126 0.564641084780509 NA 0.380952380952381 0.696428571428571 "Uqcrc2_noRT" "non-targeting_noRT"
"6826" "Kif3c" 2.70755845395995 0.678918869196919 0.575881869189695 0.564695031382655 NA 0.19047619047619 0.178571428571429 "Uqcrc2_noRT" "non-targeting_noRT"
"6827" "Birc2" 7.5492992306362 0.396243225710902 0.575881666562487 0.564695168351928 NA 0.380952380952381 0.482142857142857 "Uqcrc2_noRT" "non-targeting_noRT"
"6828" "Vav3" 8.57820409517757 0.373398786971992 0.575776908618689 0.564765983388176 NA 0.619047619047619 0.482142857142857 "Uqcrc2_noRT" "non-targeting_noRT"
"6829" "Ppie" 39.0285997085332 -0.181236973955589 -0.575698335108769 0.564819100883952 0.892378172293133 0.952380952380952 0.928571428571429 "Uqcrc2_noRT" "non-targeting_noRT"
"6830" "Atad1" 18.3657384179811 0.257232401682966 0.575614734326068 0.564875619569813 0.892378172293133 0.714285714285714 0.785714285714286 "Uqcrc2_noRT" "non-targeting_noRT"
"6831" "Got2" 45.2110470655562 0.181392575188461 0.575547559418351 0.564921035439641 0.892378172293133 0.857142857142857 0.964285714285714 "Uqcrc2_noRT" "non-targeting_noRT"
"6832" "Ppm1f" 2.43454237112999 -0.715973860238604 -0.575500369745415 0.564952940665146 NA 0.142857142857143 0.285714285714286 "Uqcrc2_noRT" "non-targeting_noRT"
"6833" "Ctps" 21.3260363389671 -0.249463191646988 -0.575409033904598 0.565014695845338 0.892378172293133 0.571428571428571 0.839285714285714 "Uqcrc2_noRT" "non-targeting_noRT"
"6834" "Ppil2" 8.62911801659601 0.368814175020203 0.575386986394315 0.565029603381913 NA 0.523809523809524 0.5 "Uqcrc2_noRT" "non-targeting_noRT"
"6835" "Marveld1" 1.86953180675436 -0.875273577544419 -0.575253983999976 0.565119537640847 NA 0.0952380952380952 0.160714285714286 "Uqcrc2_noRT" "non-targeting_noRT"
"6836" "Itgb4" 4.62388604376772 -0.557708538759139 -0.575191676966957 0.565161671105249 NA 0.238095238095238 0.303571428571429 "Uqcrc2_noRT" "non-targeting_noRT"
"6837" "2810408I11Rik" 6.60499360467647 -0.442108696603166 -0.575140360402234 0.565196373693444 NA 0.238095238095238 0.446428571428571 "Uqcrc2_noRT" "non-targeting_noRT"
"6838" "Rbm10" 7.2443166869993 -0.422807818393537 -0.574747363905601 0.565462169698995 NA 0.428571428571429 0.535714285714286 "Uqcrc2_noRT" "non-targeting_noRT"
"6839" "Dnttip1" 44.6624594735108 -0.168662354597841 -0.574589327593116 0.565569071602612 0.892590923259162 0.952380952380952 0.982142857142857 "Uqcrc2_noRT" "non-targeting_noRT"
"6840" "Strap" 90.673552037828 -0.129294054277909 -0.574571972023098 0.565580812176299 0.892590923259162 0.952380952380952 0.964285714285714 "Uqcrc2_noRT" "non-targeting_noRT"
"6841" "Gm19684" 0.502179445210902 -1.51670518155591 -0.573971508119631 0.565987081846115 NA 0 0.107142857142857 "Uqcrc2_noRT" "non-targeting_noRT"
"6842" "Klhl21" 10.7966736580535 -0.327137318716033 -0.573736007301372 0.566146458288511 NA 0.476190476190476 0.553571428571429 "Uqcrc2_noRT" "non-targeting_noRT"
"6843" "Hspa2" 1.85885726510097 -0.846356766480221 -0.573547973720769 0.566273726485468 NA 0.0952380952380952 0.232142857142857 "Uqcrc2_noRT" "non-targeting_noRT"
"6844" "Grb2" 31.60807063022 0.200488722982915 0.573324271144154 0.566425154678515 0.892758745164837 0.80952380952381 0.910714285714286 "Uqcrc2_noRT" "non-targeting_noRT"
"6845" "Kat6a" 10.1580702302601 -0.338918560491774 -0.573229870600999 0.566489061887648 NA 0.476190476190476 0.517857142857143 "Uqcrc2_noRT" "non-targeting_noRT"
"6846" "Apod" 5.83752592976686 -0.458440374971343 -0.573190775896229 0.566515529204353 NA 0.285714285714286 0.339285714285714 "Uqcrc2_noRT" "non-targeting_noRT"
"6847" "Ube2k" 87.0185318268234 -0.131182852482145 -0.573126179038838 0.566559262909494 0.892758745164837 0.857142857142857 1 "Uqcrc2_noRT" "non-targeting_noRT"
"6848" "Platr4" 1.07911743703213 -1.13152213659871 -0.573116633118822 0.566565725875937 NA 0.0476190476190476 0.142857142857143 "Uqcrc2_noRT" "non-targeting_noRT"
"6849" "Cdk7" 20.585727183527 0.234104013124396 0.572839942930319 0.566753071470995 0.892758745164837 0.761904761904762 0.75 "Uqcrc2_noRT" "non-targeting_noRT"
"6850" "Rnmt" 27.6911425499411 0.202911967860226 0.572828598317493 0.566760753487565 0.892758745164837 0.857142857142857 0.928571428571429 "Uqcrc2_noRT" "non-targeting_noRT"
"6851" "Atp6v1b2" 12.6978243111022 0.299240056059136 0.572821023330138 0.566765882926058 0.892758745164837 0.761904761904762 0.660714285714286 "Uqcrc2_noRT" "non-targeting_noRT"
"6852" "Myrf" 4.47374247938572 -0.527250548191376 -0.572783026302675 0.566791613128636 NA 0.19047619047619 0.339285714285714 "Uqcrc2_noRT" "non-targeting_noRT"
"6853" "Ptk2b" 3.16703323049494 0.591817939276797 0.572597619197392 0.566917172097542 NA 0.285714285714286 0.196428571428571 "Uqcrc2_noRT" "non-targeting_noRT"
"6854" "Msto1" 9.17895468501274 0.390519737934905 0.572469706974502 0.567003802906958 NA 0.476190476190476 0.464285714285714 "Uqcrc2_noRT" "non-targeting_noRT"
"6855" "Ndufaf8" 73.9137139493131 0.143857816152683 0.572100729317678 0.567253735074116 0.893048329005608 0.952380952380952 0.964285714285714 "Uqcrc2_noRT" "non-targeting_noRT"
"6856" "Rbm22" 16.65855096881 -0.264112768301276 -0.571912349075903 0.567381357408348 0.893048329005608 0.80952380952381 0.785714285714286 "Uqcrc2_noRT" "non-targeting_noRT"
"6857" "Zfp729a" 1.4254668710247 0.863822092951771 0.571901978847533 0.567388383346769 NA 0.0952380952380952 0.107142857142857 "Uqcrc2_noRT" "non-targeting_noRT"
"6858" "Ift172" 1.07759282096377 -1.1293167426622 -0.571884414767713 0.567400283290009 NA 0.0476190476190476 0.142857142857143 "Uqcrc2_noRT" "non-targeting_noRT"
"6859" "Tmem185b" 8.06292759248047 -0.37905918695298 -0.571804607593384 0.567454355424495 NA 0.476190476190476 0.535714285714286 "Uqcrc2_noRT" "non-targeting_noRT"
"6860" "Rpe" 12.3417100697847 0.306104795494727 0.571207838232009 0.567858765606686 NA 0.476190476190476 0.642857142857143 "Uqcrc2_noRT" "non-targeting_noRT"
"6861" "Asb11" 0.509080253282533 -1.53422275775273 -0.571140771878428 0.567904222800377 NA 0 0.107142857142857 "Uqcrc2_noRT" "non-targeting_noRT"
"6862" "Chmp7" 3.24384703731049 -0.600613324446176 -0.571116597136127 0.567920608730409 NA 0.19047619047619 0.339285714285714 "Uqcrc2_noRT" "non-targeting_noRT"
"6863" "Pknox1" 3.99466383944387 -0.59710444717644 -0.570988720971354 0.568007288490604 NA 0.19047619047619 0.267857142857143 "Uqcrc2_noRT" "non-targeting_noRT"
"6864" "Pop4" 18.3730830514566 0.260684323866687 0.570955448964218 0.568029842672605 0.893442294510338 0.666666666666667 0.678571428571429 "Uqcrc2_noRT" "non-targeting_noRT"
"6865" "Usp25" 14.7105046520071 -0.294812838809163 -0.570905829443078 0.568063479182382 0.893442294510338 0.571428571428571 0.642857142857143 "Uqcrc2_noRT" "non-targeting_noRT"
"6866" "Zfp617" 3.2512517429956 -0.61570855007108 -0.57082501915347 0.568118261599387 NA 0.19047619047619 0.357142857142857 "Uqcrc2_noRT" "non-targeting_noRT"
"6867" "Rnf145" 6.88356915427648 -0.422758223952557 -0.570820882851934 0.5681210657236 NA 0.285714285714286 0.5 "Uqcrc2_noRT" "non-targeting_noRT"
"6868" "Btbd16" 4.21311274527756 0.517043199671484 0.570483586257095 0.568349751591153 NA 0.285714285714286 0.267857142857143 "Uqcrc2_noRT" "non-targeting_noRT"
"6869" "Micu3" 3.93779484423973 -0.560453758032196 -0.570448207393159 0.568373740882946 NA 0.238095238095238 0.410714285714286 "Uqcrc2_noRT" "non-targeting_noRT"
"6870" "Pdss1" 5.17910288165064 -0.471754140431201 -0.570048817494604 0.568644588154662 NA 0.285714285714286 0.375 "Uqcrc2_noRT" "non-targeting_noRT"
"6871" "Slc35a5" 1.84301421204796 -0.871169971116759 -0.569895995763401 0.568748240914089 NA 0.0952380952380952 0.160714285714286 "Uqcrc2_noRT" "non-targeting_noRT"
"6872" "H6pd" 3.18352294263983 0.579043544899116 0.569879037142565 0.568759743812795 NA 0.238095238095238 0.178571428571429 "Uqcrc2_noRT" "non-targeting_noRT"
"6873" "Styx" 1.48205121272479 0.988544048143356 0.569498509438919 0.569017881981002 NA 0.0952380952380952 0.107142857142857 "Uqcrc2_noRT" "non-targeting_noRT"
"6874" "Rai14" 5.37886704926731 -0.473084037189637 -0.569429497161078 0.569064703759639 NA 0.285714285714286 0.392857142857143 "Uqcrc2_noRT" "non-targeting_noRT"
"6875" "Cdkl3" 2.46117091934799 0.75178195717129 0.569399673167702 0.569084938589676 NA 0.238095238095238 0.160714285714286 "Uqcrc2_noRT" "non-targeting_noRT"
"6876" "Stk32a" 28.7475107434748 0.206221220863565 0.569305040265176 0.569149146910906 0.894809715014183 0.857142857142857 0.785714285714286 "Uqcrc2_noRT" "non-targeting_noRT"
"6877" "Ppcdc" 5.06455832483867 0.472137593930009 0.569253835195738 0.569183890937053 NA 0.333333333333333 0.339285714285714 "Uqcrc2_noRT" "non-targeting_noRT"
"6878" "Cdh10" 10.0613094391887 -0.355446444656614 -0.568907087692043 0.569419195154244 NA 0.523809523809524 0.535714285714286 "Uqcrc2_noRT" "non-targeting_noRT"
"6879" "Tnrc6a" 25.8044711106416 -0.219500236311245 -0.56861654878212 0.569616391744371 0.895204188772581 0.761904761904762 0.857142857142857 "Uqcrc2_noRT" "non-targeting_noRT"
"6880" "As3mt" 9.15019132124652 0.342084301958042 0.568594240705835 0.569631534184076 NA 0.476190476190476 0.553571428571429 "Uqcrc2_noRT" "non-targeting_noRT"
"6881" "Abhd6" 4.7742875151304 0.47451558398748 0.568422468835695 0.56974813718749 NA 0.285714285714286 0.339285714285714 "Uqcrc2_noRT" "non-targeting_noRT"
"6882" "Mog" 2.39117591687506 -0.755566121505789 -0.568241878370462 0.569870738749154 NA 0.0952380952380952 0.142857142857143 "Uqcrc2_noRT" "non-targeting_noRT"
"6883" "Ints7" 6.04186680377282 -0.438714105806699 -0.568199056569268 0.569899812006034 NA 0.333333333333333 0.410714285714286 "Uqcrc2_noRT" "non-targeting_noRT"
"6884" "Tfb2m" 7.38196065874337 -0.421311070998239 -0.568158406066956 0.569927411744723 NA 0.19047619047619 0.535714285714286 "Uqcrc2_noRT" "non-targeting_noRT"
"6885" "Tlr4" 0.49527863713927 -1.49907869783429 -0.568138031096885 0.569941245610648 NA 0 0.0892857142857143 "Uqcrc2_noRT" "non-targeting_noRT"
"6886" "Kcnh2" 0.49527863713927 -1.49907869783429 -0.568138031096885 0.569941245610648 NA 0 0.0535714285714286 "Uqcrc2_noRT" "non-targeting_noRT"
"6887" "Pcdhb21" 0.49527863713927 -1.49907869783429 -0.568138031096885 0.569941245610648 NA 0 0.0892857142857143 "Uqcrc2_noRT" "non-targeting_noRT"
"6888" "Thap1" 8.06904379628267 0.379279226872844 0.568050121636179 0.570000934783015 NA 0.333333333333333 0.464285714285714 "Uqcrc2_noRT" "non-targeting_noRT"
"6889" "Golt1b" 58.4085947540551 0.15979482080361 0.568011787022625 0.570026964329627 0.895241572127977 0.904761904761905 0.982142857142857 "Uqcrc2_noRT" "non-targeting_noRT"
"6890" "Nagk" 3.25132958534875 -0.604477393631698 -0.567941982414827 0.570074363740431 NA 0.19047619047619 0.339285714285714 "Uqcrc2_noRT" "non-targeting_noRT"
"6891" "Rab33b" 3.70866905606615 0.536883731035435 0.567933387546677 0.570080200042207 NA 0.333333333333333 0.25 "Uqcrc2_noRT" "non-targeting_noRT"
"6892" "Ddx47" 36.1131753328537 0.179975106030412 0.56788093259829 0.570115819927276 0.895241572127977 0.857142857142857 0.839285714285714 "Uqcrc2_noRT" "non-targeting_noRT"
"6893" "Sos1" 7.28064637673651 0.392916070195371 0.567745682090563 0.570207667587968 NA 0.380952380952381 0.375 "Uqcrc2_noRT" "non-targeting_noRT"
"6894" "Dmrta2" 1.41064453642656 0.859035687159905 0.56769933036627 0.570239146338067 NA 0.0952380952380952 0.107142857142857 "Uqcrc2_noRT" "non-targeting_noRT"
"6895" "Gm15133" 1.41064453642656 0.859035687159905 0.56769933036627 0.570239146338067 NA 0.142857142857143 0.107142857142857 "Uqcrc2_noRT" "non-targeting_noRT"
"6896" "Rp2" 1.41064453642656 0.859035687159905 0.56769933036627 0.570239146338067 NA 0.142857142857143 0.107142857142857 "Uqcrc2_noRT" "non-targeting_noRT"
"6897" "Faim" 14.5212654289183 -0.287853044657633 -0.567625603510358 0.570289218010959 0.895241572127977 0.619047619047619 0.714285714285714 "Uqcrc2_noRT" "non-targeting_noRT"
"6898" "Borcs7" 12.7042812937699 0.291754737682152 0.566814697014351 0.57084008425705 0.895661284049793 0.523809523809524 0.696428571428571 "Uqcrc2_noRT" "non-targeting_noRT"
"6899" "Trerf1" 2.53023907227388 0.629524904356266 0.566623575776084 0.570969953917885 NA 0.238095238095238 0.214285714285714 "Uqcrc2_noRT" "non-targeting_noRT"
"6900" "Qtrt1" 16.0400158774124 0.271427033801755 0.566594842550989 0.570989479778481 0.895661284049793 0.761904761904762 0.785714285714286 "Uqcrc2_noRT" "non-targeting_noRT"
"6901" "Acta2" 0.826223996567065 1.2087307888561 0.566401745263588 0.571120708613241 NA 0.0952380952380952 0.0535714285714286 "Uqcrc2_noRT" "non-targeting_noRT"
"6902" "Vps13b" 6.43232392481716 -0.448360778351724 -0.566073378051868 0.571343899787142 NA 0.285714285714286 0.482142857142857 "Uqcrc2_noRT" "non-targeting_noRT"
"6903" "Arid3c" 2.50775632826916 -0.725435646985561 -0.56601082258873 0.571386423437111 NA 0.142857142857143 0.232142857142857 "Uqcrc2_noRT" "non-targeting_noRT"
"6904" "Coa7" 7.95693704473947 -0.382580381453207 -0.565422430934737 0.571786471137526 NA 0.380952380952381 0.535714285714286 "Uqcrc2_noRT" "non-targeting_noRT"
"6905" "Slc41a1" 3.15972239371766 -0.623982183325071 -0.564181805991717 0.572630408608324 NA 0.142857142857143 0.285714285714286 "Uqcrc2_noRT" "non-targeting_noRT"
"6906" "Lamtor3" 28.8253363056424 -0.213409260616127 -0.564140500720069 0.572658516766997 0.89729925540683 0.857142857142857 0.875 "Uqcrc2_noRT" "non-targeting_noRT"
"6907" "Akap9" 29.7212537359136 -0.2021758729468 -0.564123362952948 0.572670179177133 0.89729925540683 0.761904761904762 0.892857142857143 "Uqcrc2_noRT" "non-targeting_noRT"
"6908" "Ocrl" 2.53713988034551 0.623322877954449 0.563878779129096 0.572836633033087 NA 0.19047619047619 0.196428571428571 "Uqcrc2_noRT" "non-targeting_noRT"
"6909" "Dnal4" 7.197096668078 -0.415766398402337 -0.563853089458509 0.572854117716074 NA 0.380952380952381 0.535714285714286 "Uqcrc2_noRT" "non-targeting_noRT"
"6910" "Ube2z" 13.3311723768513 -0.288796357905426 -0.563514207429855 0.573084788395943 0.89729925540683 0.619047619047619 0.696428571428571 "Uqcrc2_noRT" "non-targeting_noRT"
"6911" "Ndfip1" 192.151458854509 0.098583675057218 0.563486281149689 0.573103799259304 0.89729925540683 1 1 "Uqcrc2_noRT" "non-targeting_noRT"
"6912" "Il15" 4.49706647561231 0.486973648065329 0.562991107211718 0.573440939442507 NA 0.285714285714286 0.25 "Uqcrc2_noRT" "non-targeting_noRT"
"6913" "Sephs1" 5.2479662121571 -0.467728897141875 -0.562892815051757 0.573507873042895 NA 0.333333333333333 0.482142857142857 "Uqcrc2_noRT" "non-targeting_noRT"
"6914" "1110059E24Rik" 31.34575559044 -0.199233971326704 -0.562626301375175 0.573689378377802 0.89729925540683 0.80952380952381 0.910714285714286 "Uqcrc2_noRT" "non-targeting_noRT"
"6915" "Washc2" 7.89637411642337 0.382121402526295 0.562578393331741 0.573722008353256 NA 0.380952380952381 0.357142857142857 "Uqcrc2_noRT" "non-targeting_noRT"
"6916" "Kif1bp" 5.42077380657913 -0.472969229375503 -0.562463603282896 0.573800194971273 NA 0.238095238095238 0.464285714285714 "Uqcrc2_noRT" "non-targeting_noRT"
"6917" "Mdm4" 7.40085580211732 -0.398578767971749 -0.562462302623467 0.57380108091464 NA 0.428571428571429 0.517857142857143 "Uqcrc2_noRT" "non-targeting_noRT"
"6918" "Zfp266" 10.8994470399059 0.30713278352013 0.562336139377895 0.57388702001183 NA 0.523809523809524 0.625 "Uqcrc2_noRT" "non-targeting_noRT"
"6919" "Kifc3" 8.9820531875263 0.37506670910835 0.562333445567074 0.573888855031666 NA 0.380952380952381 0.5 "Uqcrc2_noRT" "non-targeting_noRT"
"6920" "Zeb1" 10.4812323615909 0.320095398687636 0.562252134831745 0.573944245089154 NA 0.571428571428571 0.571428571428571 "Uqcrc2_noRT" "non-targeting_noRT"
"6921" "Rpf2" 35.2990733564523 0.184359871860247 0.562222359101705 0.573964529383719 0.89729925540683 0.904761904761905 0.946428571428571 "Uqcrc2_noRT" "non-targeting_noRT"
"6922" "Crppa" 1.85195645702934 -0.838378148588954 -0.562168512805741 0.574001212272848 NA 0.0952380952380952 0.196428571428571 "Uqcrc2_noRT" "non-targeting_noRT"
"6923" "Actr6" 21.1453144069176 0.230259764693575 0.562150990118406 0.574013149875617 0.89729925540683 0.619047619047619 0.732142857142857 "Uqcrc2_noRT" "non-targeting_noRT"
"6924" "Sh3d19" 2.53503352431051 0.624913071374405 0.562140546936144 0.574020264511578 NA 0.19047619047619 0.142857142857143 "Uqcrc2_noRT" "non-targeting_noRT"
"6925" "Zfp707" 4.53564008269529 -0.500704957898435 -0.56211108377858 0.574040337127975 NA 0.238095238095238 0.410714285714286 "Uqcrc2_noRT" "non-targeting_noRT"
"6926" "Smarcad1" 22.0629933044617 0.231493616392192 0.561986441162554 0.574125257142831 0.89729925540683 0.571428571428571 0.928571428571429 "Uqcrc2_noRT" "non-targeting_noRT"
"6927" "Slc25a3" 553.819464065765 0.0738446635944122 0.561960180297937 0.574143149639418 0.89729925540683 1 1 "Uqcrc2_noRT" "non-targeting_noRT"
"6928" "Exosc4" 96.5055040494071 0.126422566042191 0.561873612311471 0.574202133474453 0.89729925540683 1 1 "Uqcrc2_noRT" "non-targeting_noRT"
"6929" "4930405A21Rik" 0.492590541137634 -1.49196397988571 -0.561789364724906 0.574259539039985 NA 0 0.107142857142857 "Uqcrc2_noRT" "non-targeting_noRT"
"6930" "Alox15" 0.492590541137634 -1.49196397988571 -0.561789364724906 0.574259539039985 NA 0 0.0714285714285714 "Uqcrc2_noRT" "non-targeting_noRT"
"6931" "Gm15283" 0.492590541137634 -1.49196397988571 -0.561789364724906 0.574259539039985 NA 0 0.0892857142857143 "Uqcrc2_noRT" "non-targeting_noRT"
"6932" "Sapcd1" 0.492590541137634 -1.49196397988571 -0.561789364724906 0.574259539039985 NA 0 0.0535714285714286 "Uqcrc2_noRT" "non-targeting_noRT"
"6933" "Gpr155" 4.60029070113175 -0.494097868378881 -0.561698640722175 0.574321360616967 NA 0.19047619047619 0.482142857142857 "Uqcrc2_noRT" "non-targeting_noRT"
"6934" "Ung" 10.85954452407 0.398608755880296 0.561637987601152 0.574362692909391 NA 0.333333333333333 0.357142857142857 "Uqcrc2_noRT" "non-targeting_noRT"
"6935" "Mogs" 12.07568580575 -0.315446723606758 -0.561152243740495 0.574693755632081 NA 0.523809523809524 0.696428571428571 "Uqcrc2_noRT" "non-targeting_noRT"
"6936" "Nup160" 4.57116484150833 -0.506972980615392 -0.560972134791677 0.574816533306566 NA 0.19047619047619 0.446428571428571 "Uqcrc2_noRT" "non-targeting_noRT"
"6937" "Gga3" 1.84985010099434 -0.836401958504365 -0.56090116664211 0.574864914678532 NA 0.0952380952380952 0.232142857142857 "Uqcrc2_noRT" "non-targeting_noRT"
"6938" "F3" 205.132011477712 0.13727826615704 0.560851783375463 0.574898582046953 0.897729902660823 0.904761904761905 0.946428571428571 "Uqcrc2_noRT" "non-targeting_noRT"
"6939" "Yjefn3" 4.03426140703271 -0.565335976216623 -0.56022346695835 0.57532702230618 NA 0.238095238095238 0.375 "Uqcrc2_noRT" "non-targeting_noRT"
"6940" "Rgs19" 10.5857959702953 -0.323317370496037 -0.559850833686139 0.575581187033634 NA 0.476190476190476 0.696428571428571 "Uqcrc2_noRT" "non-targeting_noRT"
"6941" "Mrpl55" 35.5222972877355 -0.185138935911299 -0.5598468706548 0.575583890412712 0.897729902660823 0.904761904761905 0.910714285714286 "Uqcrc2_noRT" "non-targeting_noRT"
"6942" "A530032D15Rik" 9.26087116436792 -0.380745745995739 -0.559633896999391 0.575729179065424 NA 0.380952380952381 0.446428571428571 "Uqcrc2_noRT" "non-targeting_noRT"
"6943" "Harbi1" 2.49963196805468 -0.686645547428826 -0.559369982499838 0.575909243115334 NA 0.142857142857143 0.232142857142857 "Uqcrc2_noRT" "non-targeting_noRT"
"6944" "Ppp1r10" 16.5791813526293 0.261172395331562 0.559259696173664 0.575984497340574 0.897729902660823 0.619047619047619 0.607142857142857 "Uqcrc2_noRT" "non-targeting_noRT"
"6945" "Cmtm7" 29.3677299437709 -0.196283865168155 -0.558992667369736 0.576166724517617 0.897729902660823 0.80952380952381 0.946428571428571 "Uqcrc2_noRT" "non-targeting_noRT"
"6946" "Zbtb38" 48.971515111406 0.159682431475191 0.558967038195031 0.576184215942409 0.897729902660823 0.857142857142857 0.946428571428571 "Uqcrc2_noRT" "non-targeting_noRT"
"6947" "Ophn1" 7.11857339617744 0.381329145372501 0.558938111896044 0.576203957892889 NA 0.476190476190476 0.428571428571429 "Uqcrc2_noRT" "non-targeting_noRT"
"6948" "Tor3a" 22.5693207115465 0.250906493722867 0.558842671913741 0.576269097124536 0.897729902660823 0.761904761904762 0.660714285714286 "Uqcrc2_noRT" "non-targeting_noRT"
"6949" "Ranbp2" 21.6254266885423 0.230674091686376 0.558481692680774 0.576515502329857 0.897729902660823 0.523809523809524 0.678571428571429 "Uqcrc2_noRT" "non-targeting_noRT"
"6950" "Brms1" 12.7350116005463 0.289698073943486 0.558115629996813 0.57676542824444 0.897729902660823 0.714285714285714 0.625 "Uqcrc2_noRT" "non-targeting_noRT"
"6951" "Kif19a" 3.71440439547304 0.568606107603349 0.557839055854513 0.576954290552037 NA 0.19047619047619 0.25 "Uqcrc2_noRT" "non-targeting_noRT"
"6952" "Dhx40" 9.87934993045021 -0.333418405773757 -0.557142855955334 0.577429828830878 NA 0.428571428571429 0.607142857142857 "Uqcrc2_noRT" "non-targeting_noRT"
"6953" "Hspa5" 323.018027409054 -0.121136123254363 -0.557030249937771 0.577506761536708 0.897729902660823 0.952380952380952 1 "Uqcrc2_noRT" "non-targeting_noRT"
"6954" "Sltm" 64.1006536294296 -0.145587909215743 -0.556983738805961 0.577538539463703 0.897729902660823 0.904761904761905 0.982142857142857 "Uqcrc2_noRT" "non-targeting_noRT"
"6955" "Creb5" 17.1695218969994 -0.28768469883076 -0.556617199240696 0.577789000091116 0.897729902660823 0.476190476190476 0.607142857142857 "Uqcrc2_noRT" "non-targeting_noRT"
"6956" "Depdc7" 37.6657556926588 -0.19576792326357 -0.556480260154457 0.577882585230491 0.897729902660823 0.619047619047619 0.857142857142857 "Uqcrc2_noRT" "non-targeting_noRT"
"6957" "Hao1" 0.488377829067638 -1.48116506532379 -0.556465033885659 0.577892991410804 NA 0 0.107142857142857 "Uqcrc2_noRT" "non-targeting_noRT"
"6958" "Gpr153" 0.488377829067638 -1.48116506532379 -0.556465033885659 0.577892991410804 NA 0 0.0892857142857143 "Uqcrc2_noRT" "non-targeting_noRT"
"6959" "B230209E15Rik" 0.488377829067638 -1.48116506532379 -0.556465033885659 0.577892991410804 NA 0 0.0535714285714286 "Uqcrc2_noRT" "non-targeting_noRT"
"6960" "Cish" 0.488377829067638 -1.48116506532379 -0.556465033885659 0.577892991410804 NA 0 0.107142857142857 "Uqcrc2_noRT" "non-targeting_noRT"
"6961" "Phex" 0.488377829067638 -1.48116506532379 -0.556465033885659 0.577892991410804 NA 0 0.107142857142857 "Uqcrc2_noRT" "non-targeting_noRT"
"6962" "Sptssa" 32.2133398110546 -0.191507085603595 -0.556448272844695 0.577904446611624 0.897729902660823 0.952380952380952 0.875 "Uqcrc2_noRT" "non-targeting_noRT"
"6963" "Aldh18a1" 11.7016270022601 -0.334717194364972 -0.5562542040506 0.578037089172869 NA 0.619047619047619 0.553571428571429 "Uqcrc2_noRT" "non-targeting_noRT"
"6964" "Chic1" 9.10943512064008 0.329705255435678 0.556207914504668 0.578068729367599 NA 0.523809523809524 0.5 "Uqcrc2_noRT" "non-targeting_noRT"
"6965" "9330175E14Rik" 7.90224128281222 0.357991859329944 0.5561891361375 0.578081565137184 NA 0.428571428571429 0.446428571428571 "Uqcrc2_noRT" "non-targeting_noRT"
"6966" "S100a8" 0.55367224841177 -1.66364346281489 -0.55595116422725 0.578244240126923 NA 0 0.0178571428571429 "Uqcrc2_noRT" "non-targeting_noRT"
"6967" "Sprtn" 1.66490826797581 -0.845714969323053 -0.555676247597611 0.578432196916567 NA 0.0952380952380952 0.178571428571429 "Uqcrc2_noRT" "non-targeting_noRT"
"6968" "Gtf2e1" 1.66490826797581 -0.845714969323053 -0.555676247597611 0.578432196916567 NA 0.0952380952380952 0.178571428571429 "Uqcrc2_noRT" "non-targeting_noRT"
"6969" "Trappc6b" 41.6647070151108 0.174354219345764 0.555610985738745 0.578476819786556 0.897729902660823 0.761904761904762 0.964285714285714 "Uqcrc2_noRT" "non-targeting_noRT"
"6970" "Cyb5b" 29.2887657352655 -0.198518470788173 -0.555598988912338 0.578485022806277 0.897729902660823 0.714285714285714 0.910714285714286 "Uqcrc2_noRT" "non-targeting_noRT"
"6971" "Erlin2" 8.37226076275009 0.359307648431766 0.555513236090114 0.578543659246364 NA 0.523809523809524 0.428571428571429 "Uqcrc2_noRT" "non-targeting_noRT"
"6972" "Ext2" 13.2107111945972 0.312742807653177 0.555034582765792 0.578871006213544 0.897729902660823 0.619047619047619 0.589285714285714 "Uqcrc2_noRT" "non-targeting_noRT"
"6973" "Snx15" 17.4990229315237 -0.254288181384186 -0.554810319555604 0.579024407855098 0.897729902660823 0.619047619047619 0.767857142857143 "Uqcrc2_noRT" "non-targeting_noRT"
"6974" "Stub1" 57.8429498868713 -0.147051755916299 -0.554749688768456 0.579065884107143 0.897729902660823 0.952380952380952 1 "Uqcrc2_noRT" "non-targeting_noRT"
"6975" "Cfdp1" 73.7212472342943 -0.134731185563167 -0.55471049353463 0.579092697488402 0.897729902660823 0.952380952380952 0.982142857142857 "Uqcrc2_noRT" "non-targeting_noRT"
"6976" "Myd88" 6.61145453419229 0.400544174967162 0.554474734512171 0.579253992063803 NA 0.476190476190476 0.482142857142857 "Uqcrc2_noRT" "non-targeting_noRT"
"6977" "Bahcc1" 5.98579729418266 -0.433646569701274 -0.554405810833585 0.579301150193877 NA 0.285714285714286 0.5 "Uqcrc2_noRT" "non-targeting_noRT"
"6978" "Apba3" 14.2101073157735 0.31326511767161 0.554373093312982 0.579323536412908 0.897729902660823 0.666666666666667 0.696428571428571 "Uqcrc2_noRT" "non-targeting_noRT"
"6979" "Nek6" 3.20730156004258 -0.602723432684252 -0.554250442804644 0.579407460846523 NA 0.0952380952380952 0.357142857142857 "Uqcrc2_noRT" "non-targeting_noRT"
"6980" "Miip" 3.20730156004258 -0.602723432684252 -0.554250442804644 0.579407460846523 NA 0.142857142857143 0.321428571428571 "Uqcrc2_noRT" "non-targeting_noRT"
"6981" "Zfp319" 3.23858465700303 0.591179168020057 0.554028970792024 0.579559019009642 NA 0.19047619047619 0.214285714285714 "Uqcrc2_noRT" "non-targeting_noRT"
"6982" "Klhl24" 5.28029897735501 -0.46490449934019 -0.553863205804064 0.579672467801525 NA 0.285714285714286 0.517857142857143 "Uqcrc2_noRT" "non-targeting_noRT"
"6983" "Gnai2" 51.3873544834804 0.17373129236964 0.553826473836658 0.579697608400197 0.897729902660823 0.857142857142857 0.910714285714286 "Uqcrc2_noRT" "non-targeting_noRT"
"6984" "Gm14139" 5.18012360010552 -0.465575603418342 -0.553763684380652 0.57974058480819 NA 0.285714285714286 0.446428571428571 "Uqcrc2_noRT" "non-targeting_noRT"
"6985" "BC003965" 29.5818774674975 -0.197637616703019 -0.553384868093635 0.579999898309707 0.897729902660823 0.761904761904762 0.982142857142857 "Uqcrc2_noRT" "non-targeting_noRT"
"6986" "Peak1" 4.51289622157065 -0.509121755088323 -0.553352787776848 0.580021860948551 NA 0.285714285714286 0.375 "Uqcrc2_noRT" "non-targeting_noRT"
"6987" "Fyco1" 1.71517553030236 -0.807263494571961 -0.553337864405749 0.580032077832455 NA 0.0952380952380952 0.196428571428571 "Uqcrc2_noRT" "non-targeting_noRT"
"6988" "Serpinh1" 66.892938925528 -0.162723383878854 -0.553205562061056 0.580122658757092 0.897729902660823 0.952380952380952 0.982142857142857 "Uqcrc2_noRT" "non-targeting_noRT"
"6989" "Trpv4" 10.475998931066 0.317404515054849 0.552885880193568 0.580341556610181 NA 0.380952380952381 0.571428571428571 "Uqcrc2_noRT" "non-targeting_noRT"
"6990" "2500002B13Rik" 5.43029978025861 -0.482346105390956 -0.55282513829932 0.580383153179081 NA 0.238095238095238 0.5 "Uqcrc2_noRT" "non-targeting_noRT"
"6991" "1110008P14Rik" 32.2042424039579 0.215293794098838 0.552731321833195 0.580447402242525 0.897729902660823 0.80952380952381 0.875 "Uqcrc2_noRT" "non-targeting_noRT"
"6992" "Cluh" 5.80404745477925 -0.438619328584343 -0.552726448885428 0.58045073951244 NA 0.285714285714286 0.410714285714286 "Uqcrc2_noRT" "non-targeting_noRT"
"6993" "Gm49708" 1.68713530825906 -0.874894474983409 -0.552686281527883 0.580478248730444 NA 0.0476190476190476 0.196428571428571 "Uqcrc2_noRT" "non-targeting_noRT"
"6994" "Dync1h1" 29.6422216432705 0.204114003511693 0.552577071180759 0.580553046164091 0.897729902660823 0.857142857142857 0.839285714285714 "Uqcrc2_noRT" "non-targeting_noRT"
"6995" "Pan3" 8.79005629766537 -0.368573991452851 -0.552561493264152 0.580563715742479 NA 0.380952380952381 0.625 "Uqcrc2_noRT" "non-targeting_noRT"
"6996" "Mau2" 9.87186738241193 -0.332047092822399 -0.552525762659575 0.580588188584396 NA 0.523809523809524 0.625 "Uqcrc2_noRT" "non-targeting_noRT"
"6997" "Kctd9" 2.4662914076298 -0.663230840791052 -0.552502551203666 0.580604086987119 NA 0.142857142857143 0.285714285714286 "Uqcrc2_noRT" "non-targeting_noRT"
"6998" "Nelfe" 33.1285095429621 -0.184848218234063 -0.551922129123165 0.581001706268157 0.897729902660823 0.80952380952381 0.928571428571429 "Uqcrc2_noRT" "non-targeting_noRT"
"6999" "Fbxo32" 10.5034786075434 -0.355524921814681 -0.551530785780912 0.581269868700793 NA 0.523809523809524 0.482142857142857 "Uqcrc2_noRT" "non-targeting_noRT"
"7000" "Fam118b" 4.60674967253093 -0.531801915901441 -0.551468116522803 0.581312817292168 NA 0.238095238095238 0.357142857142857 "Uqcrc2_noRT" "non-targeting_noRT"
"7001" "Nfix" 20.256714265614 0.229507576112684 0.551181471631007 0.581509280125395 0.897729902660823 0.666666666666667 0.785714285714286 "Uqcrc2_noRT" "non-targeting_noRT"
"7002" "Zfyve26" 3.21893190102559 -0.586336412679079 -0.551158319437221 0.581525149705258 NA 0.142857142857143 0.303571428571429 "Uqcrc2_noRT" "non-targeting_noRT"
"7003" "Zeb2" 17.1433909333387 0.266056177843638 0.551139004656756 0.581538389100243 0.897729902660823 0.476190476190476 0.553571428571429 "Uqcrc2_noRT" "non-targeting_noRT"
"7004" "Polr3d" 13.2321824110546 0.276262632459503 0.550877099215166 0.581717927163564 0.897729902660823 0.523809523809524 0.642857142857143 "Uqcrc2_noRT" "non-targeting_noRT"
"7005" "Dtna" 6.0409239276711 -0.437952244685356 -0.550772637623146 0.581789543563173 NA 0.333333333333333 0.428571428571429 "Uqcrc2_noRT" "non-targeting_noRT"
"7006" "Cptp" 3.86399715840246 -0.522652536805224 -0.550679764068615 0.58185321893831 NA 0.19047619047619 0.357142857142857 "Uqcrc2_noRT" "non-targeting_noRT"
"7007" "Nit2" 3.75000898537069 0.532972135392398 0.55062340116728 0.581891863699806 NA 0.285714285714286 0.214285714285714 "Uqcrc2_noRT" "non-targeting_noRT"
"7008" "Cars2" 7.19013578779679 -0.401243724694053 -0.550556685984176 0.581937607968477 NA 0.333333333333333 0.482142857142857 "Uqcrc2_noRT" "non-targeting_noRT"
"7009" "Sdhaf4" 35.6219495310874 0.179861741376758 0.550540803843458 0.581948498044738 0.897729902660823 0.80952380952381 0.928571428571429 "Uqcrc2_noRT" "non-targeting_noRT"
"7010" "2700062C07Rik" 15.4754187970242 -0.270686359155367 -0.55053685135819 0.581951208202126 0.897729902660823 0.714285714285714 0.803571428571429 "Uqcrc2_noRT" "non-targeting_noRT"
"7011" "Itga4" 3.84438037176768 -0.522941508769842 -0.550168041388772 0.582204121379944 NA 0.19047619047619 0.267857142857143 "Uqcrc2_noRT" "non-targeting_noRT"
"7012" "Ifrd2" 11.2715395859254 -0.311233171489527 -0.550038659457708 0.58229285781168 NA 0.428571428571429 0.678571428571429 "Uqcrc2_noRT" "non-targeting_noRT"
"7013" "Unc119" 4.41236009205285 0.474462921891419 0.55000166767674 0.582318229738237 NA 0.333333333333333 0.321428571428571 "Uqcrc2_noRT" "non-targeting_noRT"
"7014" "Dcaf8" 15.2471234329787 -0.265781540679421 -0.549922687014352 0.582372402730771 0.897729902660823 0.619047619047619 0.767857142857143 "Uqcrc2_noRT" "non-targeting_noRT"
"7015" "Slfn2" 16.2575117084697 0.279899798644726 0.549790864652967 0.582462825189974 0.897729902660823 0.666666666666667 0.464285714285714 "Uqcrc2_noRT" "non-targeting_noRT"
"7016" "Atp7a" 2.54193433238215 0.617760419111828 0.549717835399559 0.582512921823814 NA 0.19047619047619 0.178571428571429 "Uqcrc2_noRT" "non-targeting_noRT"
"7017" "Palld" 14.587382579945 -0.289062569081386 -0.54957484907478 0.582611013458614 0.897729902660823 0.523809523809524 0.607142857142857 "Uqcrc2_noRT" "non-targeting_noRT"
"7018" "Zfp608" 18.682153114578 -0.243389476710426 -0.549507063111657 0.582657518752631 0.897729902660823 0.476190476190476 0.785714285714286 "Uqcrc2_noRT" "non-targeting_noRT"
"7019" "Sbf1" 5.3146582675033 -0.448289287797651 -0.549348787255124 0.582766112362223 NA 0.333333333333333 0.428571428571429 "Uqcrc2_noRT" "non-targeting_noRT"
"7020" "Zfc3h1" 5.32590970220766 -0.461352893146 -0.549076457335965 0.582952980955916 NA 0.285714285714286 0.464285714285714 "Uqcrc2_noRT" "non-targeting_noRT"
"7021" "Plk2" 3.87569241851072 -0.528246518877438 -0.548923738445906 0.583057786534844 NA 0.19047619047619 0.321428571428571 "Uqcrc2_noRT" "non-targeting_noRT"
"7022" "Mynn" 3.86189080236746 -0.521705288836375 -0.548771346059704 0.58316237680388 NA 0.142857142857143 0.357142857142857 "Uqcrc2_noRT" "non-targeting_noRT"
"7023" "Xrcc5" 24.4620051811529 -0.222724070000379 -0.548632984206156 0.583257345183903 0.897729902660823 0.714285714285714 0.821428571428571 "Uqcrc2_noRT" "non-targeting_noRT"
"7024" "Magt1" 38.9911843501912 -0.202322324910112 -0.548509675814785 0.583341987290715 0.897729902660823 0.761904761904762 0.946428571428571 "Uqcrc2_noRT" "non-targeting_noRT"
"7025" "Tsc2" 3.25925111187526 -0.596276873809264 -0.548476824247625 0.583364538431978 NA 0.19047619047619 0.357142857142857 "Uqcrc2_noRT" "non-targeting_noRT"
"7026" "Hdx" 1.41485724849656 0.849120613442135 0.548315651122805 0.58347518250794 NA 0.0952380952380952 0.0714285714285714 "Uqcrc2_noRT" "non-targeting_noRT"
"7027" "mt-Nd5" 76.0584062275132 -0.127175342180432 -0.548294708318259 0.583489560295588 0.897729902660823 0.952380952380952 0.946428571428571 "Uqcrc2_noRT" "non-targeting_noRT"
"7028" "Cstf2t" 3.84706846776932 -0.524322502266949 -0.548293468424643 0.583490411520432 NA 0.238095238095238 0.25 "Uqcrc2_noRT" "non-targeting_noRT"
"7029" "Zcchc2" 3.86660741205094 -0.533699551424457 -0.548263818839439 0.583510767038788 NA 0.238095238095238 0.339285714285714 "Uqcrc2_noRT" "non-targeting_noRT"
"7030" "E2f7" 1.73529621455062 -0.82945993098266 -0.548251229042622 0.583519410492175 NA 0.0952380952380952 0.160714285714286 "Uqcrc2_noRT" "non-targeting_noRT"
"7031" "Chchd7" 56.9410773372158 -0.144100410325842 -0.548178785206225 0.583569147555267 0.897729902660823 0.857142857142857 0.982142857142857 "Uqcrc2_noRT" "non-targeting_noRT"
"7032" "Ube2l3" 87.0242698920648 0.12900977749515 0.548107975522426 0.583617764582915 0.897729902660823 1 0.982142857142857 "Uqcrc2_noRT" "non-targeting_noRT"
"7033" "Sumo3" 45.1650196456898 0.158894817702373 0.548042751605489 0.58366254816366 0.897729902660823 0.952380952380952 0.964285714285714 "Uqcrc2_noRT" "non-targeting_noRT"
"7034" "Alg13" 8.08092700873437 -0.383167552371713 -0.547753602267846 0.583861101097276 NA 0.380952380952381 0.5 "Uqcrc2_noRT" "non-targeting_noRT"
"7035" "Zc3hav1" 43.1568200760245 0.158663614333937 0.547691879407551 0.583903488996097 0.897729902660823 0.857142857142857 0.892857142857143 "Uqcrc2_noRT" "non-targeting_noRT"
"7036" "Gcfc2" 3.25445665983863 -0.593643135447172 -0.547591841137892 0.583972192874572 NA 0.142857142857143 0.339285714285714 "Uqcrc2_noRT" "non-targeting_noRT"
"7037" "Parp6" 1.72578515283051 -0.797141978121349 -0.547524040655711 0.584018758755528 NA 0.0952380952380952 0.196428571428571 "Uqcrc2_noRT" "non-targeting_noRT"
"7038" "Vps37d" 1.70616836619573 -0.798407583489493 -0.54751366551251 0.584025884634397 NA 0.0952380952380952 0.178571428571429 "Uqcrc2_noRT" "non-targeting_noRT"
"7039" "Atg13" 3.74115775111293 -0.555294843797479 -0.547487068646562 0.584044152137758 NA 0.19047619047619 0.392857142857143 "Uqcrc2_noRT" "non-targeting_noRT"
"7040" "Ppfibp1" 77.9701568653792 -0.136157726370492 -0.547454689753104 0.584066391265305 0.897729902660823 0.904761904761905 0.964285714285714 "Uqcrc2_noRT" "non-targeting_noRT"
"7041" "Eef1a1" 2964.85688207571 -0.0513874235321768 -0.547152620083495 0.584273883866924 0.897729902660823 1 1 "Uqcrc2_noRT" "non-targeting_noRT"
"7042" "Armcx4" 3.6519399641562 0.538670402265036 0.546845936171432 0.584484581092749 NA 0.285714285714286 0.25 "Uqcrc2_noRT" "non-targeting_noRT"
"7043" "Ifi203" 60.5344816205511 0.160121610543065 0.546780631472424 0.58452945113033 0.897729902660823 0.952380952380952 0.964285714285714 "Uqcrc2_noRT" "non-targeting_noRT"
"7044" "Mphosph10" 50.7652618759227 0.180916340978632 0.54672498789696 0.584567684395609 0.897729902660823 0.904761904761905 0.982142857142857 "Uqcrc2_noRT" "non-targeting_noRT"
"7045" "Adcy6" 1.71096281823237 -0.803567227575907 -0.546675111890219 0.584601955694446 NA 0.0952380952380952 0.160714285714286 "Uqcrc2_noRT" "non-targeting_noRT"
"7046" "Sf3a1" 21.7663410124554 -0.23056919840215 -0.546569889889367 0.584674259949473 0.897729902660823 0.714285714285714 0.857142857142857 "Uqcrc2_noRT" "non-targeting_noRT"
"7047" "Gdf11" 1.70827472223073 -0.800635285074781 -0.546469585620218 0.584743188811872 NA 0.0952380952380952 0.214285714285714 "Uqcrc2_noRT" "non-targeting_noRT"
"7048" "Tollip" 4.04573407457796 -0.541277058740434 -0.546260776471312 0.584886694096643 NA 0.238095238095238 0.392857142857143 "Uqcrc2_noRT" "non-targeting_noRT"
"7049" "1500015A07Rik" 1.00745701512909 0.966375854072852 0.546230559771572 0.584907462052717 NA 0.0952380952380952 0.0714285714285714 "Uqcrc2_noRT" "non-targeting_noRT"
"7050" "Fgl1" 1.02443264021614 -0.988775224575271 -0.54620331882011 0.584926185069003 NA 0.0476190476190476 0.125 "Uqcrc2_noRT" "non-targeting_noRT"
"7051" "Asl" 1.7299978649005 -0.801388615073753 -0.546107942913878 0.584991740211056 NA 0.0952380952380952 0.214285714285714 "Uqcrc2_noRT" "non-targeting_noRT"
"7052" "Grik5" 1.7299978649005 -0.801388615073753 -0.546107942913878 0.584991740211056 NA 0.0952380952380952 0.178571428571429 "Uqcrc2_noRT" "non-targeting_noRT"
"7053" "2310058D17Rik" 0.803415216317171 1.29075122761416 0.546047327322134 0.585033405167604 NA 0.0952380952380952 0.0535714285714286 "Uqcrc2_noRT" "non-targeting_noRT"
"7054" "Oxa1l" 6.10862377824428 -0.433168636026881 -0.546026920826766 0.585047432161764 NA 0.333333333333333 0.5 "Uqcrc2_noRT" "non-targeting_noRT"
"7055" "Hebp1" 16.8163085129879 0.29518755329726 0.545847708782416 0.585170625451185 0.898064284751968 0.428571428571429 0.571428571428571 "Uqcrc2_noRT" "non-targeting_noRT"
"7056" "Agl" 3.29680239563868 -0.582998790963796 -0.545782703373857 0.585215314210595 NA 0.142857142857143 0.303571428571429 "Uqcrc2_noRT" "non-targeting_noRT"
"7057" "Mib1" 14.2436203228713 -0.308519141602084 -0.545621570561965 0.585326093759318 0.898064284751968 0.523809523809524 0.535714285714286 "Uqcrc2_noRT" "non-targeting_noRT"
"7058" "P2ry1" 2.39552654350778 -0.782477231650448 -0.545445833813584 0.585446924685454 NA 0.0952380952380952 0.214285714285714 "Uqcrc2_noRT" "non-targeting_noRT"
"7059" "Stat4" 1.011716661653 -0.988802126394134 -0.544796773193393 0.585893298225458 NA 0.0476190476190476 0.142857142857143 "Uqcrc2_noRT" "non-targeting_noRT"
"7060" "Nup205" 6.1124124237854 -0.440283169642292 -0.544734525121144 0.585936115918585 NA 0.333333333333333 0.5 "Uqcrc2_noRT" "non-targeting_noRT"
"7061" "Foxc1" 2.40912333723161 -0.682727997271471 -0.54460074605869 0.58602814152618 NA 0.0952380952380952 0.267857142857143 "Uqcrc2_noRT" "non-targeting_noRT"
"7062" "Poldip3" 21.2895561340764 0.228230362711867 0.54445137368411 0.586130901578179 0.89891204467806 0.80952380952381 0.857142857142857 "Uqcrc2_noRT" "non-targeting_noRT"
"7063" "Pxdn" 1.02653899625114 -0.992219087904008 -0.544418282671614 0.586153667521971 NA 0.0476190476190476 0.125 "Uqcrc2_noRT" "non-targeting_noRT"
"7064" "Cobl" 3.34087756992653 -0.639415269772624 -0.544295781422616 0.586237949459982 NA 0.142857142857143 0.25 "Uqcrc2_noRT" "non-targeting_noRT"
"7065" "Rflna" 1.06960637531202 -1.09525465221667 -0.544242644186436 0.586274510093993 NA 0.0476190476190476 0.125 "Uqcrc2_noRT" "non-targeting_noRT"
"7066" "Papss1" 24.6064966627667 0.231100002843819 0.544186558996615 0.586313100189967 0.89891204467806 0.80952380952381 0.821428571428571 "Uqcrc2_noRT" "non-targeting_noRT"
"7067" "Mapk8" 3.85657952948944 -0.539381361225198 -0.543842261343826 0.586550024176467 NA 0.19047619047619 0.339285714285714 "Uqcrc2_noRT" "non-targeting_noRT"
"7068" "Pex5" 6.06719553174469 0.403432740118883 0.543824669737137 0.586562130805104 NA 0.428571428571429 0.428571428571429 "Uqcrc2_noRT" "non-targeting_noRT"
"7069" "Sec23ip" 11.1672293389591 -0.30692594117316 -0.543730430975915 0.586626988347539 NA 0.476190476190476 0.589285714285714 "Uqcrc2_noRT" "non-targeting_noRT"
"7070" "Reln" 24.8585496936442 -0.244542352894822 -0.543636204659387 0.586691840647973 0.898968750856785 0.571428571428571 0.75 "Uqcrc2_noRT" "non-targeting_noRT"
"7071" "Fis1" 77.0263045843641 0.135417507094413 0.543400421988389 0.586854135225278 0.898968750856785 1 1 "Uqcrc2_noRT" "non-targeting_noRT"
"7072" "Dlgap1" 1.3989492763183 0.876741830463723 0.543355408524892 0.586885121380585 NA 0.142857142857143 0.107142857142857 "Uqcrc2_noRT" "non-targeting_noRT"
"7073" "Tead4" 5.02649022023387 0.44693975575424 0.543339998533679 0.586895729411662 NA 0.238095238095238 0.285714285714286 "Uqcrc2_noRT" "non-targeting_noRT"
"7074" "Zfp866" 1.03343980432277 -1.00384084431964 -0.543250559692359 0.586957299663025 NA 0.0476190476190476 0.125 "Uqcrc2_noRT" "non-targeting_noRT"
"7075" "1810010H24Rik" 1.03343980432277 -1.00384084431964 -0.543250559692359 0.586957299663025 NA 0.0476190476190476 0.0892857142857143 "Uqcrc2_noRT" "non-targeting_noRT"
"7076" "Pde4a" 1.013823017688 -0.992253593413001 -0.543025122328782 0.587112505410879 NA 0.0476190476190476 0.142857142857143 "Uqcrc2_noRT" "non-targeting_noRT"
"7077" "Fastkd3" 1.013823017688 -0.992253593413001 -0.543025122328782 0.587112505410879 NA 0.0476190476190476 0.125 "Uqcrc2_noRT" "non-targeting_noRT"
"7078" "Ube2v1" 45.0083219880911 0.167641246647121 0.542602552085217 0.587403481443343 0.898968750856785 0.952380952380952 0.910714285714286 "Uqcrc2_noRT" "non-targeting_noRT"
"7079" "Nradd" 12.96549116298 0.281872203253753 0.542543723980829 0.587443994955367 0.898968750856785 0.571428571428571 0.642857142857143 "Uqcrc2_noRT" "non-targeting_noRT"
"7080" "Glis3" 7.98600283215332 -0.363446919403694 -0.542433463360955 0.587519932296765 NA 0.428571428571429 0.535714285714286 "Uqcrc2_noRT" "non-targeting_noRT"
"7081" "Cyb5r4" 10.1273965710263 0.313441638977231 0.542351622976935 0.587576299338747 NA 0.619047619047619 0.660714285714286 "Uqcrc2_noRT" "non-targeting_noRT"
"7082" "Tsc1" 1.72367879679551 -0.795270153620374 -0.542094192824745 0.587753619023876 NA 0.0952380952380952 0.196428571428571 "Uqcrc2_noRT" "non-targeting_noRT"
"7083" "Slc25a46" 7.77570402617745 -0.377305355616916 -0.54188635822031 0.587896795004746 NA 0.428571428571429 0.589285714285714 "Uqcrc2_noRT" "non-targeting_noRT"
"7084" "Gorasp1" 1.02072382575963 -1.00389770557465 -0.541872852018407 0.587906099902245 NA 0.0476190476190476 0.142857142857143 "Uqcrc2_noRT" "non-targeting_noRT"
"7085" "Hdhd2" 17.0977495151146 0.24792248204264 0.541690966248148 0.588031414039393 0.898968750856785 0.666666666666667 0.785714285714286 "Uqcrc2_noRT" "non-targeting_noRT"
"7086" "Ywhaq" 224.124041226557 0.0884269344188168 0.541501930849585 0.588161667152488 0.898968750856785 1 1 "Uqcrc2_noRT" "non-targeting_noRT"
"7087" "Cap1" 22.9671206599509 -0.245095437320096 -0.541401604256479 0.588230801690627 0.898968750856785 0.714285714285714 0.857142857142857 "Uqcrc2_noRT" "non-targeting_noRT"
"7088" "Irs2" 2.50181616644283 -0.673083874934642 -0.541309341755848 0.588294382618868 NA 0.0952380952380952 0.267857142857143 "Uqcrc2_noRT" "non-targeting_noRT"
"7089" "Dcxr" 2.50181616644283 -0.673083874934642 -0.541309341755848 0.588294382618868 NA 0.142857142857143 0.25 "Uqcrc2_noRT" "non-targeting_noRT"
"7090" "Chuk" 9.55027209341195 -0.360929074014972 -0.541080914545584 0.588451812501168 NA 0.333333333333333 0.589285714285714 "Uqcrc2_noRT" "non-targeting_noRT"
"7091" "Fnip2" 7.23043918661952 0.368588080418107 0.540828850792182 0.588625555049834 NA 0.523809523809524 0.410714285714286 "Uqcrc2_noRT" "non-targeting_noRT"
"7092" "Ahsa2" 30.6174653328237 0.183848074621322 0.540823173438349 0.588629468610083 0.898968750856785 0.761904761904762 0.857142857142857 "Uqcrc2_noRT" "non-targeting_noRT"
"7093" "Cpt1a" 1.8143253421813 -0.821266820330907 -0.540808400993757 0.588639651729426 NA 0.0952380952380952 0.160714285714286 "Uqcrc2_noRT" "non-targeting_noRT"
"7094" "6430590A07Rik" 1.02232628418114 -0.985468301698182 -0.540605004288814 0.58877986786541 NA 0.0476190476190476 0.107142857142857 "Uqcrc2_noRT" "non-targeting_noRT"
"7095" "Plxna1" 1.02232628418114 -0.985468301698182 -0.540605004288814 0.58877986786541 NA 0.0476190476190476 0.125 "Uqcrc2_noRT" "non-targeting_noRT"
"7096" "Rcn2" 17.6923970243293 -0.261689971853472 -0.54053199745167 0.588830200546592 0.898968750856785 0.666666666666667 0.785714285714286 "Uqcrc2_noRT" "non-targeting_noRT"
"7097" "Npas3" 4.52460478877359 0.496232359764124 0.54044671614889 0.588888998056855 NA 0.238095238095238 0.339285714285714 "Uqcrc2_noRT" "non-targeting_noRT"
"7098" "Parp3" 18.187452654424 -0.242867345267133 -0.539994108912697 0.589201095143759 0.898968750856785 0.714285714285714 0.767857142857143 "Uqcrc2_noRT" "non-targeting_noRT"
"7099" "Smpd4" 1.01861746972463 -1.00048708409099 -0.539969480170367 0.58921808017815 NA 0.0476190476190476 0.125 "Uqcrc2_noRT" "non-targeting_noRT"
"7100" "Gm15417" 5.28661605672854 -0.445471767812208 -0.539951032742154 0.589230802461833 NA 0.285714285714286 0.464285714285714 "Uqcrc2_noRT" "non-targeting_noRT"
"7101" "Mrpl4" 40.3363260822827 -0.165061797299068 -0.539918382765896 0.589253319854804 0.898968750856785 0.80952380952381 0.964285714285714 "Uqcrc2_noRT" "non-targeting_noRT"
"7102" "Desi2" 25.2773839006609 -0.205797727076185 -0.539855482145861 0.589296701035323 0.898968750856785 0.761904761904762 0.875 "Uqcrc2_noRT" "non-targeting_noRT"
"7103" "Zfp691" 1.01753183214451 -0.977480951806494 -0.539803492524479 0.589332558250947 NA 0.0476190476190476 0.142857142857143 "Uqcrc2_noRT" "non-targeting_noRT"
"7104" "Tuba4a" 1.03554616035777 -1.00749256672809 -0.539689914929423 0.589410896161401 NA 0.0476190476190476 0.125 "Uqcrc2_noRT" "non-targeting_noRT"
"7105" "Rps6kc1" 1.03554616035777 -1.00749256672809 -0.539689914929423 0.589410896161401 NA 0.0476190476190476 0.142857142857143 "Uqcrc2_noRT" "non-targeting_noRT"
"7106" "Slc11a1" 0.483583377031004 -1.46822101710083 -0.539422246886262 0.589595533917582 NA 0 0.0357142857142857 "Uqcrc2_noRT" "non-targeting_noRT"
"7107" "Rhbdd2" 7.27578305872652 -0.374735921573381 -0.539316892837875 0.589668214586572 NA 0.333333333333333 0.589285714285714 "Uqcrc2_noRT" "non-targeting_noRT"
"7108" "Hmbs" 17.8589089176915 -0.239699842742014 -0.539275056284182 0.589697077543936 0.898968750856785 0.619047619047619 0.803571428571429 "Uqcrc2_noRT" "non-targeting_noRT"
"7109" "Crybg3" 0.963555755361443 -0.988905646254107 -0.539272267366827 0.58969900163577 NA 0.0476190476190476 0.142857142857143 "Uqcrc2_noRT" "non-targeting_noRT"
"7110" "Rev1" 7.32721578971781 -0.382809885916889 -0.539230254679663 0.58972798680618 NA 0.333333333333333 0.5 "Uqcrc2_noRT" "non-targeting_noRT"
"7111" "Arpc1a" 135.139333583174 -0.104146407887904 -0.539209275770224 0.589742460709985 0.898968750856785 0.952380952380952 1 "Uqcrc2_noRT" "non-targeting_noRT"
"7112" "Arsk" 1.009610305618 -0.985485967599418 -0.539204419825983 0.589745810977528 NA 0.0476190476190476 0.125 "Uqcrc2_noRT" "non-targeting_noRT"
"7113" "Gm8126" 1.009610305618 -0.985485967599418 -0.539204419825983 0.589745810977528 NA 0.0476190476190476 0.125 "Uqcrc2_noRT" "non-targeting_noRT"
"7114" "Efna5" 1.009610305618 -0.985485967599418 -0.539204419825983 0.589745810977528 NA 0.0476190476190476 0.125 "Uqcrc2_noRT" "non-targeting_noRT"
"7115" "Bbip1" 23.2573788544945 0.245175940397664 0.539009784307491 0.589880103320306 0.898968750856785 0.666666666666667 0.803571428571429 "Uqcrc2_noRT" "non-targeting_noRT"
"7116" "Tprkb" 15.8203185685026 0.258696740016189 0.538854238988273 0.589987434792951 0.898968750856785 0.666666666666667 0.732142857142857 "Uqcrc2_noRT" "non-targeting_noRT"
"7117" "Polr1e" 10.6269911493899 -0.309113791182614 -0.538450236559435 0.590266252005738 NA 0.523809523809524 0.678571428571429 "Uqcrc2_noRT" "non-targeting_noRT"
"7118" "Atg7" 1.00481585358137 -0.977480506819562 -0.538385034433611 0.59031125612142 NA 0.0476190476190476 0.142857142857143 "Uqcrc2_noRT" "non-targeting_noRT"
"7119" "Zfp763" 1.00481585358137 -0.977480506819562 -0.538385034433611 0.59031125612142 NA 0.0476190476190476 0.142857142857143 "Uqcrc2_noRT" "non-targeting_noRT"
"7120" "Tctn3" 1.00481585358137 -0.977480506819562 -0.538385034433611 0.59031125612142 NA 0.0476190476190476 0.142857142857143 "Uqcrc2_noRT" "non-targeting_noRT"
"7121" "Osbpl2" 3.83116049559106 -0.516896535814427 -0.537961618937989 0.590603546376667 NA 0.19047619047619 0.357142857142857 "Uqcrc2_noRT" "non-targeting_noRT"
"7122" "Rrp1b" 22.8802516885924 0.21930039412572 0.537940549426345 0.590618092725352 0.898968750856785 0.714285714285714 0.785714285714286 "Uqcrc2_noRT" "non-targeting_noRT"
"7123" "Tmed8" 1.01542547610951 -0.974112833601216 -0.537889117734949 0.590653601754622 NA 0.0476190476190476 0.125 "Uqcrc2_noRT" "non-targeting_noRT"
"7124" "Zfp40" 1.01542547610951 -0.974112833601216 -0.537889117734949 0.590653601754622 NA 0.0476190476190476 0.125 "Uqcrc2_noRT" "non-targeting_noRT"
"7125" "Abhd11" 24.1448124530435 0.22212888186054 0.537704509209301 0.590781065687539 0.898968750856785 0.904761904761905 0.875 "Uqcrc2_noRT" "non-targeting_noRT"
"7126" "Tmem219" 11.4691899953771 0.294321029965056 0.537603351208475 0.590850916130818 NA 0.476190476190476 0.589285714285714 "Uqcrc2_noRT" "non-targeting_noRT"
"7127" "Cdv3" 79.4217710543654 -0.127910886506942 -0.537476337921538 0.590938625244004 0.898968750856785 0.952380952380952 0.946428571428571 "Uqcrc2_noRT" "non-targeting_noRT"
"7128" "Efl1" 10.4718968192556 -0.317779561555733 -0.537271964135295 0.591079768272084 NA 0.476190476190476 0.696428571428571 "Uqcrc2_noRT" "non-targeting_noRT"
"7129" "Slc25a32" 7.86781511542203 -0.374948533257403 -0.53719519350692 0.591132791008579 NA 0.285714285714286 0.517857142857143 "Uqcrc2_noRT" "non-targeting_noRT"
"7130" "L3mbtl2" 5.82460512878428 -0.418417496915458 -0.537093506343287 0.591203026074288 NA 0.285714285714286 0.375 "Uqcrc2_noRT" "non-targeting_noRT"
"7131" "Mto1" 3.85866985896975 0.48428970720556 0.536975019631937 0.591284869383905 NA 0.238095238095238 0.303571428571429 "Uqcrc2_noRT" "non-targeting_noRT"
"7132" "Nova2" 0.481477020996006 -1.46271241956251 -0.536783435465515 0.591417214922264 NA 0 0.0892857142857143 "Uqcrc2_noRT" "non-targeting_noRT"
"7133" "Slx1b" 0.481477020996006 -1.46271241956251 -0.536783435465515 0.591417214922264 NA 0 0.0892857142857143 "Uqcrc2_noRT" "non-targeting_noRT"
"7134" "Rgs22" 0.481477020996006 -1.46271241956251 -0.536783435465515 0.591417214922264 NA 0 0.0892857142857143 "Uqcrc2_noRT" "non-targeting_noRT"
"7135" "Ctnnal1" 3.31654417360827 -0.625701566216405 -0.536771216799524 0.59142565598722 NA 0.0952380952380952 0.303571428571429 "Uqcrc2_noRT" "non-targeting_noRT"
"7136" "Rdh5" 1.70885646219737 -0.802251095956096 -0.536699357619423 0.591475299843134 NA 0.0952380952380952 0.196428571428571 "Uqcrc2_noRT" "non-targeting_noRT"
"7137" "Tm7sf2" 1.70885646219737 -0.802251095956096 -0.536699357619423 0.591475299843134 NA 0.0952380952380952 0.125 "Uqcrc2_noRT" "non-targeting_noRT"
"7138" "Pea15a" 3.83694671629998 0.486604675217711 0.536655541027191 0.591505571439788 NA 0.285714285714286 0.285714285714286 "Uqcrc2_noRT" "non-targeting_noRT"
"7139" "Ube2d3" 140.084127309964 0.0990497247432058 0.536621654572475 0.591528983084214 0.898968750856785 1 1 "Uqcrc2_noRT" "non-targeting_noRT"
"7140" "Gmip" 1.73748041293877 -0.809901184260974 -0.536569759281331 0.591564837589427 NA 0.0952380952380952 0.196428571428571 "Uqcrc2_noRT" "non-targeting_noRT"
"7141" "Wdr25" 0.972562919468073 -1.00411630431995 -0.536469109029797 0.59163437978832 NA 0.0476190476190476 0.125 "Uqcrc2_noRT" "non-targeting_noRT"
"7142" "Cracr2b" 1.00270949754637 -0.974103337885069 -0.536466598245832 0.591636114610311 NA 0.0476190476190476 0.125 "Uqcrc2_noRT" "non-targeting_noRT"
"7143" "Riox1" 3.86979940566606 -0.546734173580662 -0.536231958527785 0.5917982488439 NA 0.19047619047619 0.375 "Uqcrc2_noRT" "non-targeting_noRT"
"7144" "Rps15" 1435.81220071664 -0.0794729559674885 -0.53564970012011 0.592200673021168 0.898968750856785 1 1 "Uqcrc2_noRT" "non-targeting_noRT"
"7145" "Pon2" 17.1296433018243 0.246162596483687 0.535448641516725 0.592339662552157 0.898968750856785 0.714285714285714 0.732142857142857 "Uqcrc2_noRT" "non-targeting_noRT"
"7146" "Synj2" 1.85253819699597 -0.833602130293046 -0.535102005376135 0.592579323318874 NA 0.0952380952380952 0.214285714285714 "Uqcrc2_noRT" "non-targeting_noRT"
"7147" "Tjap1" 6.84230706732509 -0.414553650928383 -0.535064225976024 0.592605446306024 NA 0.285714285714286 0.464285714285714 "Uqcrc2_noRT" "non-targeting_noRT"
"7148" "Aacs" 2.39742807712334 -0.674272561011945 -0.534769748563657 0.592809084091658 NA 0.142857142857143 0.214285714285714 "Uqcrc2_noRT" "non-targeting_noRT"
"7149" "Purb" 64.9454016507955 0.134028726726122 0.534741393567991 0.59282869390488 0.898968750856785 0.952380952380952 0.982142857142857 "Uqcrc2_noRT" "non-targeting_noRT"
"7150" "Nmt2" 12.6234284748768 0.276805625891532 0.534715734437964 0.592846439561411 0.898968750856785 0.523809523809524 0.589285714285714 "Uqcrc2_noRT" "non-targeting_noRT"
"7151" "B930095G15Rik" 0.970456563433075 -1.00067615338247 -0.534553083899285 0.592958933083172 NA 0.0476190476190476 0.0892857142857143 "Uqcrc2_noRT" "non-targeting_noRT"
"7152" "Brd4" 38.3223722837882 -0.178595704347881 -0.534527331568191 0.592976744990442 0.898968750856785 0.80952380952381 0.892857142857143 "Uqcrc2_noRT" "non-targeting_noRT"
"7153" "Trpm7" 19.8538531640186 0.233670701435264 0.534100535615554 0.593271979204844 0.898968750856785 0.666666666666667 0.785714285714286 "Uqcrc2_noRT" "non-targeting_noRT"
"7154" "Satb2" 1.02922709225278 -0.997192119518703 -0.533986910992417 0.59335058988213 NA 0.0476190476190476 0.142857142857143 "Uqcrc2_noRT" "non-targeting_noRT"
"7155" "Entpd7" 7.55364985726892 0.383035286135031 0.533891477775863 0.593416618603206 NA 0.476190476190476 0.517857142857143 "Uqcrc2_noRT" "non-targeting_noRT"
"7156" "Atrx" 112.943801736792 -0.109186235832026 -0.533715771859064 0.593538195524765 0.898968750856785 0.952380952380952 0.964285714285714 "Uqcrc2_noRT" "non-targeting_noRT"
"7157" "Optn" 0.961449399326445 -0.985553917652393 -0.533705664590684 0.593545189435591 NA 0.0476190476190476 0.142857142857143 "Uqcrc2_noRT" "non-targeting_noRT"
"7158" "Zswim4" 0.961449399326445 -0.985553917652393 -0.533705664590684 0.593545189435591 NA 0.0476190476190476 0.107142857142857 "Uqcrc2_noRT" "non-targeting_noRT"
"7159" "Itga5" 0.961449399326445 -0.985553917652393 -0.533705664590684 0.593545189435591 NA 0.0476190476190476 0.107142857142857 "Uqcrc2_noRT" "non-targeting_noRT"
"7160" "Isg20" 35.2449442998491 -0.202808516825103 -0.533684000222828 0.59356018062172 0.898968750856785 0.857142857142857 0.839285714285714 "Uqcrc2_noRT" "non-targeting_noRT"
"7161" "Zfp524" 7.88263940813682 0.358510421879047 0.533641942609296 0.593589283904928 NA 0.523809523809524 0.553571428571429 "Uqcrc2_noRT" "non-targeting_noRT"
"7162" "Plpbp" 17.3441676043739 -0.24152644301779 -0.533634734487068 0.593594271890755 0.898968750856785 0.714285714285714 0.75 "Uqcrc2_noRT" "non-targeting_noRT"
"7163" "Tada2b" 3.88990207462817 0.498767233567713 0.533618054371366 0.593605814523969 NA 0.285714285714286 0.196428571428571 "Uqcrc2_noRT" "non-targeting_noRT"
"7164" "Clns1a" 52.0928975625432 -0.145477131297359 -0.53361165928332 0.593610239949515 0.898968750856785 0.857142857142857 0.982142857142857 "Uqcrc2_noRT" "non-targeting_noRT"
"7165" "Nkd2" 12.1350321708685 0.302595361046062 0.533379900089788 0.593770628393199 NA 0.523809523809524 0.482142857142857 "Uqcrc2_noRT" "non-targeting_noRT"
"7166" "Ebf4" 1.01646417923572 0.942947979140425 0.533362538743002 0.593782644073693 NA 0.0952380952380952 0.0714285714285714 "Uqcrc2_noRT" "non-targeting_noRT"
"7167" "Rps5" 2215.74154211811 0.058883639839982 0.533313030911564 0.593816908747965 0.898968750856785 1 1 "Uqcrc2_noRT" "non-targeting_noRT"
"7168" "Mettl16" 18.0191582069881 -0.245422875234018 -0.533309925506677 0.593819058047918 0.898968750856785 0.619047619047619 0.803571428571429 "Uqcrc2_noRT" "non-targeting_noRT"
"7169" "Ncoa3" 4.4632110830775 0.457199908470988 0.533169994034031 0.593915910532273 NA 0.285714285714286 0.357142857142857 "Uqcrc2_noRT" "non-targeting_noRT"
"7170" "Dmtf1" 7.34165024165749 0.356606486131097 0.533077384604662 0.593980013404955 NA 0.428571428571429 0.375 "Uqcrc2_noRT" "non-targeting_noRT"
"7171" "Gm48960" 0.956654947289811 -0.977478806515943 -0.532814199460705 0.594162203531033 NA 0.0476190476190476 0.125 "Uqcrc2_noRT" "non-targeting_noRT"
"7172" "Zbtb21" 0.956654947289811 -0.977478806515943 -0.532814199460705 0.594162203531033 NA 0.0476190476190476 0.107142857142857 "Uqcrc2_noRT" "non-targeting_noRT"
"7173" "Sbno1" 16.6266100331186 -0.249979049542428 -0.532343260842893 0.594488274923027 0.898968750856785 0.571428571428571 0.75 "Uqcrc2_noRT" "non-targeting_noRT"
"7174" "Mat2b" 48.6739936443681 -0.15625749280627 -0.532338137762256 0.594491822522898 0.898968750856785 0.857142857142857 0.910714285714286 "Uqcrc2_noRT" "non-targeting_noRT"
"7175" "Pofut1" 5.48335673185183 0.408663428294746 0.53230255704139 0.594516461512063 NA 0.285714285714286 0.392857142857143 "Uqcrc2_noRT" "non-targeting_noRT"
"7176" "Fcho2" 6.56338393382724 -0.390865830929958 -0.532171537135825 0.594607194389071 NA 0.380952380952381 0.535714285714286 "Uqcrc2_noRT" "non-targeting_noRT"
"7177" "Trim32" 3.08611549247659 0.558411477892281 0.531979816196415 0.594739974871634 NA 0.19047619047619 0.25 "Uqcrc2_noRT" "non-targeting_noRT"
"7178" "Zfp316" 1.015929373723 -0.99601373789364 -0.531966525710853 0.594749179986819 NA 0.0476190476190476 0.107142857142857 "Uqcrc2_noRT" "non-targeting_noRT"
"7179" "Espn" 52.5182019516071 -0.1565208106226 -0.531537092623774 0.595046644396129 0.898968750856785 0.904761904761905 0.892857142857143 "Uqcrc2_noRT" "non-targeting_noRT"
"7180" "Spen" 12.0363252524141 -0.291668192017424 -0.531453038827793 0.595104875646984 NA 0.523809523809524 0.678571428571429 "Uqcrc2_noRT" "non-targeting_noRT"
"7181" "Osbpl1a" 3.9333643865224 -0.526172708975897 -0.531442389245704 0.595112253708685 NA 0.19047619047619 0.357142857142857 "Uqcrc2_noRT" "non-targeting_noRT"
"7182" "Zdhhc3" 28.3997530909387 -0.200027859330225 -0.531438338627421 0.595115059999871 0.898968750856785 0.714285714285714 0.857142857142857 "Uqcrc2_noRT" "non-targeting_noRT"
"7183" "Slc25a44" 2.52556583406298 -0.645621380689042 -0.531387454830412 0.595150313095931 NA 0.0952380952380952 0.303571428571429 "Uqcrc2_noRT" "non-targeting_noRT"
"7184" "Dennd5a" 15.7883803522712 -0.256804194123119 -0.53131995718632 0.595197077997809 0.898968750856785 0.571428571428571 0.75 "Uqcrc2_noRT" "non-targeting_noRT"
"7185" "Rce1" 24.4797590664285 0.202124481998703 0.531192789766118 0.595285188917103 0.898968750856785 0.904761904761905 0.857142857142857 "Uqcrc2_noRT" "non-targeting_noRT"
"7186" "Kbtbd8" 1.02017299369223 0.98435717114702 0.531074044604536 0.595367469651557 NA 0.0476190476190476 0.0714285714285714 "Uqcrc2_noRT" "non-targeting_noRT"
"7187" "Tpk1" 0.954548591254813 -0.974066768277314 -0.530879974455045 0.595501955643288 NA 0.0476190476190476 0.125 "Uqcrc2_noRT" "non-targeting_noRT"
"7188" "Dmxl2" 0.954548591254813 -0.974066768277314 -0.530879974455045 0.595501955643288 NA 0.0476190476190476 0.125 "Uqcrc2_noRT" "non-targeting_noRT"
"7189" "Cmtm8" 0.954548591254813 -0.974066768277314 -0.530879974455045 0.595501955643288 NA 0.0476190476190476 0.142857142857143 "Uqcrc2_noRT" "non-targeting_noRT"
"7190" "Itprip" 0.954548591254813 -0.974066768277314 -0.530879974455045 0.595501955643288 NA 0.0476190476190476 0.142857142857143 "Uqcrc2_noRT" "non-targeting_noRT"
"7191" "Ak3" 7.6262889100886 0.362450261571661 0.530675958846051 0.595643348541411 NA 0.333333333333333 0.464285714285714 "Uqcrc2_noRT" "non-targeting_noRT"
"7192" "Snhg16" 14.5284052399744 -0.267610684789407 -0.530651255320214 0.595660470344663 0.898968750856785 0.523809523809524 0.803571428571429 "Uqcrc2_noRT" "non-targeting_noRT"
"7193" "B230219D22Rik" 17.1764175066102 0.245804431182252 0.530597714733643 0.595697579639354 0.898968750856785 0.666666666666667 0.696428571428571 "Uqcrc2_noRT" "non-targeting_noRT"
"7194" "Arl2bp" 69.579884821622 -0.134940096107742 -0.530584232325364 0.595706924541803 0.898968750856785 0.952380952380952 1 "Uqcrc2_noRT" "non-targeting_noRT"
"7195" "Mthfr" 1.01963818817951 -0.980910900247343 -0.530480842564245 0.595778588087887 NA 0.0476190476190476 0.125 "Uqcrc2_noRT" "non-targeting_noRT"
"7196" "Slc16a13" 1.01963818817951 -0.980910900247343 -0.530480842564245 0.595778588087887 NA 0.0476190476190476 0.142857142857143 "Uqcrc2_noRT" "non-targeting_noRT"
"7197" "Zfp131" 16.7723163041362 -0.244909735747702 -0.530381000750944 0.595847796141135 0.898968750856785 0.666666666666667 0.732142857142857 "Uqcrc2_noRT" "non-targeting_noRT"
"7198" "Rnf122" 1.46359989475476 0.882280002200327 0.530307112103278 0.595899016415468 NA 0.142857142857143 0.0892857142857143 "Uqcrc2_noRT" "non-targeting_noRT"
"7199" "Atxn1l" 1.71467163268888 -0.786460622514522 -0.530126544444763 0.596024195983516 NA 0.0952380952380952 0.196428571428571 "Uqcrc2_noRT" "non-targeting_noRT"
"7200" "Tmed5" 36.4770965987787 0.181456612555041 0.530119837517835 0.596028845830027 0.898968750856785 0.857142857142857 0.910714285714286 "Uqcrc2_noRT" "non-targeting_noRT"
"7201" "Klhl20" 2.44456826496003 -0.662233583661296 -0.530064780846699 0.596067016703803 NA 0.142857142857143 0.267857142857143 "Uqcrc2_noRT" "non-targeting_noRT"
"7202" "Tnfsf9" 4.86479614595347 0.462999160399556 0.529970820393323 0.596132162201704 NA 0.333333333333333 0.321428571428571 "Uqcrc2_noRT" "non-targeting_noRT"
"7203" "Vbp1" 32.9404664819095 -0.177619884854809 -0.529812596349999 0.596241870834595 0.898968750856785 0.761904761904762 0.857142857142857 "Uqcrc2_noRT" "non-targeting_noRT"
"7204" "Uqcc3" 41.6781773190377 0.174760885318737 0.52960191773882 0.596387964441501 0.898968750856785 0.761904761904762 0.928571428571429 "Uqcrc2_noRT" "non-targeting_noRT"
"7205" "Xrcc1" 13.1869887331707 -0.288649045779504 -0.52950422043129 0.596455717487673 0.898968750856785 0.523809523809524 0.678571428571429 "Uqcrc2_noRT" "non-targeting_noRT"
"7206" "Spag7" 41.6290119966033 -0.166787277000319 -0.529352845017954 0.59656070320269 0.898968750856785 0.904761904761905 0.928571428571429 "Uqcrc2_noRT" "non-targeting_noRT"
"7207" "Bcr" 3.07372753889009 -0.597296757722261 -0.52918881695191 0.596674473603312 NA 0.142857142857143 0.285714285714286 "Uqcrc2_noRT" "non-targeting_noRT"
"7208" "Sept8" 4.92116124354412 0.429237204884864 0.529108375219789 0.596730271859989 NA 0.380952380952381 0.339285714285714 "Uqcrc2_noRT" "non-targeting_noRT"
"7209" "Fut10" 1.00692220961637 -0.980918802472784 -0.529083397423486 0.596747598144792 NA 0.0476190476190476 0.107142857142857 "Uqcrc2_noRT" "non-targeting_noRT"
"7210" "Akr1c13" 3.844364345213 0.506585266299819 0.529029519673415 0.596784972167071 NA 0.19047619047619 0.214285714285714 "Uqcrc2_noRT" "non-targeting_noRT"
"7211" "8030456M14Rik" 0.998449851022456 0.998645654625302 0.528971244068118 0.596825398101367 NA 0.0952380952380952 0.0714285714285714 "Uqcrc2_noRT" "non-targeting_noRT"
"7212" "Slu7" 24.2367010867425 -0.220060545216002 -0.528852955798306 0.596907458804212 0.899038689445146 0.857142857142857 0.857142857142857 "Uqcrc2_noRT" "non-targeting_noRT"
"7213" "Tent4a" 3.82055087306292 -0.521879503190897 -0.528716545561596 0.597002097721786 NA 0.19047619047619 0.339285714285714 "Uqcrc2_noRT" "non-targeting_noRT"
"7214" "Xrn2" 82.1027947545086 0.119719225107033 0.528659548920962 0.597041642966472 0.899038689445146 0.952380952380952 0.982142857142857 "Uqcrc2_noRT" "non-targeting_noRT"
"7215" "Vac14" 3.88150758900223 -0.521214441456638 -0.52834488680044 0.597259982376139 NA 0.19047619047619 0.321428571428571 "Uqcrc2_noRT" "non-targeting_noRT"
"7216" "Arl8b" 13.7674813983772 0.2635808784204 0.527971398682877 0.597519187393555 0.899269679217587 0.523809523809524 0.732142857142857 "Uqcrc2_noRT" "non-targeting_noRT"
"7217" "Chm" 8.03089390247661 -0.354874454259772 -0.527765287429579 0.5976622528467 NA 0.333333333333333 0.571428571428571 "Uqcrc2_noRT" "non-targeting_noRT"
"7218" "Mrps17" 33.2259428395811 -0.174989708340728 -0.527617678225955 0.597764720560493 0.899269679217587 0.80952380952381 0.928571428571429 "Uqcrc2_noRT" "non-targeting_noRT"
"7219" "Pycr1" 7.81921718875888 0.345237042528958 0.527598149989097 0.597778277316942 NA 0.428571428571429 0.5 "Uqcrc2_noRT" "non-targeting_noRT"
"7220" "4930453N24Rik" 27.9276833041139 -0.192577049021532 -0.527499158900065 0.597847000369159 0.899269679217587 0.80952380952381 0.839285714285714 "Uqcrc2_noRT" "non-targeting_noRT"
"7221" "Slc11a2" 6.53636244150735 -0.382954549943722 -0.527449680080136 0.597881351629649 NA 0.333333333333333 0.517857142857143 "Uqcrc2_noRT" "non-targeting_noRT"
"7222" "Man2b1" 5.68093471234889 0.407875189966676 0.527332238214011 0.59796289063425 NA 0.333333333333333 0.392857142857143 "Uqcrc2_noRT" "non-targeting_noRT"
"7223" "Ap1g2" 0.968350207398077 -0.997384141189072 -0.527252712259752 0.598018107773954 NA 0.0476190476190476 0.107142857142857 "Uqcrc2_noRT" "non-targeting_noRT"
"7224" "Dgkd" 4.93438111972075 0.423446511714702 0.527218033716264 0.598042186801383 NA 0.333333333333333 0.339285714285714 "Uqcrc2_noRT" "non-targeting_noRT"
"7225" "Pxmp4" 5.77746494094759 -0.424004968639637 -0.526822538178172 0.598316830044366 NA 0.333333333333333 0.464285714285714 "Uqcrc2_noRT" "non-targeting_noRT"
"7226" "Ndufaf1" 6.76071679314424 0.426866735264193 0.526702098560648 0.598400478076725 NA 0.428571428571429 0.357142857142857 "Uqcrc2_noRT" "non-targeting_noRT"
"7227" "Odf3l1" 0.967768467431439 -0.996164155444982 -0.526596327315313 0.598473942969996 NA 0.0476190476190476 0.125 "Uqcrc2_noRT" "non-targeting_noRT"
"7228" "Xndc1" 1.78985403130033 -0.77620905254341 -0.526547738666889 0.598507692264935 NA 0.0952380952380952 0.196428571428571 "Uqcrc2_noRT" "non-targeting_noRT"
"7229" "Pigl" 1.78985403130033 -0.77620905254341 -0.526547738666889 0.598507692264935 NA 0.0952380952380952 0.178571428571429 "Uqcrc2_noRT" "non-targeting_noRT"
"7230" "Rbks" 16.5164047845762 -0.243896070249569 -0.526529959661305 0.598520041638856 0.899665475483454 0.571428571428571 0.785714285714286 "Uqcrc2_noRT" "non-targeting_noRT"
"7231" "Caprin1" 57.9455449787771 0.150639371150269 0.526494082672342 0.598544962302066 0.899665475483454 0.952380952380952 0.982142857142857 "Uqcrc2_noRT" "non-targeting_noRT"
"7232" "Trdmt1" 0.99580868947474 -0.962623406060973 -0.526362009541226 0.598636706220051 NA 0.0476190476190476 0.125 "Uqcrc2_noRT" "non-targeting_noRT"
"7233" "Frg2f1" 0.99580868947474 -0.962623406060973 -0.526362009541226 0.598636706220051 NA 0.0476190476190476 0.125 "Uqcrc2_noRT" "non-targeting_noRT"
"7234" "Pkp4" 9.65794443997985 -0.363871314802763 -0.526249945907883 0.598714555645707 NA 0.285714285714286 0.553571428571429 "Uqcrc2_noRT" "non-targeting_noRT"
"7235" "Rnf219" 8.51542567670731 0.330659785937402 0.526147463761728 0.598785752932305 NA 0.428571428571429 0.464285714285714 "Uqcrc2_noRT" "non-targeting_noRT"
"7236" "Ralgapa1" 8.63884486584683 -0.332426375105857 -0.526146361927635 0.598786518428916 NA 0.476190476190476 0.535714285714286 "Uqcrc2_noRT" "non-targeting_noRT"
"7237" "Zfhx4" 4.41207903214495 -0.491916557143326 -0.526001046143329 0.598887480112346 NA 0.285714285714286 0.392857142857143 "Uqcrc2_noRT" "non-targeting_noRT"
"7238" "9430015G10Rik" 1.02021992814615 -0.982167819020261 -0.525684971500774 0.599107107321605 NA 0.0476190476190476 0.142857142857143 "Uqcrc2_noRT" "non-targeting_noRT"
"7239" "Slc33a1" 5.74979804285534 0.409828937367662 0.525642472953925 0.599136640589596 NA 0.476190476190476 0.339285714285714 "Uqcrc2_noRT" "non-targeting_noRT"
"7240" "Tmem104" 1.00535065909409 0.977240115396546 0.525589217830796 0.59917364979394 NA 0.0952380952380952 0.0714285714285714 "Uqcrc2_noRT" "non-targeting_noRT"
"7241" "Tm7sf3" 34.0615597261397 0.177838531730634 0.525331713431874 0.599352614944636 0.900537915389408 0.904761904761905 0.928571428571429 "Uqcrc2_noRT" "non-targeting_noRT"
"7242" "Gse1" 3.23164787958873 -0.579583306280123 -0.525241869335267 0.599415062147703 NA 0.142857142857143 0.339285714285714 "Uqcrc2_noRT" "non-targeting_noRT"
"7243" "Aven" 13.9140702893739 -0.270827340734322 -0.524890933505127 0.599659012484614 0.900537915389408 0.619047619047619 0.642857142857143 "Uqcrc2_noRT" "non-targeting_noRT"
"7244" "Fads3" 6.51093048438107 -0.387517432914179 -0.524775251857575 0.599739437539855 NA 0.238095238095238 0.392857142857143 "Uqcrc2_noRT" "non-targeting_noRT"
"7245" "Zfp119b" 1.01331912007451 -0.9705975736116 -0.524721089096954 0.599777094655275 NA 0.0476190476190476 0.142857142857143 "Uqcrc2_noRT" "non-targeting_noRT"
"7246" "Gpn1" 15.6538998082265 0.258816179302324 0.524410491883393 0.599993060647026 0.900537915389408 0.714285714285714 0.732142857142857 "Uqcrc2_noRT" "non-targeting_noRT"
"7247" "AY036118" 72.838706151476 -0.341251122229921 -0.524406409241005 0.599995899644417 0.900537915389408 0.904761904761905 0.982142857142857 "Uqcrc2_noRT" "non-targeting_noRT"
"7248" "Cd46" 1.83873658085271 -0.819276967181283 -0.524102363943265 0.600207344452484 NA 0.0952380952380952 0.178571428571429 "Uqcrc2_noRT" "non-targeting_noRT"
"7249" "Pomgnt1" 6.46800300861438 -0.392976021437196 -0.524079472402171 0.600223265475845 NA 0.333333333333333 0.535714285714286 "Uqcrc2_noRT" "non-targeting_noRT"
"7250" "Safb2" 14.6097374697473 -0.29844479974492 -0.523979215279032 0.600292996364673 0.900570746470835 0.571428571428571 0.678571428571429 "Uqcrc2_noRT" "non-targeting_noRT"
"7251" "Thap11" 16.8902037242656 0.238393223261896 0.523726158942125 0.600469018536957 0.900570746470835 0.80952380952381 0.732142857142857 "Uqcrc2_noRT" "non-targeting_noRT"
"7252" "Ino80b" 12.5224536120133 0.289583712621798 0.523711367975438 0.600479307632108 NA 0.571428571428571 0.571428571428571 "Uqcrc2_noRT" "non-targeting_noRT"
"7253" "E230016M11Rik" 0.958761303324809 -0.980949228448173 -0.523602953197257 0.600554727040368 NA 0.0476190476190476 0.142857142857143 "Uqcrc2_noRT" "non-targeting_noRT"
"7254" "Ahnak2" 4.56114827731003 0.538892160561029 0.523556279538258 0.60058719717714 NA 0.19047619047619 0.25 "Uqcrc2_noRT" "non-targeting_noRT"
"7255" "Hint2" 27.9386520740457 -0.18765386768163 -0.523298472268377 0.600766563969076 0.900570746470835 0.857142857142857 0.928571428571429 "Uqcrc2_noRT" "non-targeting_noRT"
"7256" "Nek9" 5.29345194567492 -0.433272844599551 -0.523297368716077 0.600767331806413 NA 0.19047619047619 0.446428571428571 "Uqcrc2_noRT" "non-targeting_noRT"
"7257" "Nudc" 33.4588393351101 0.178781880671837 0.52312350275107 0.600888311021261 0.900570746470835 0.857142857142857 0.910714285714286 "Uqcrc2_noRT" "non-targeting_noRT"
"7258" "Senp2" 9.21476608606129 0.326497975849879 0.522512849450004 0.601313302272273 NA 0.476190476190476 0.553571428571429 "Uqcrc2_noRT" "non-targeting_noRT"
"7259" "Cep295" 8.04731869549626 -0.349200744015294 -0.52212893431128 0.601580561912474 NA 0.285714285714286 0.464285714285714 "Uqcrc2_noRT" "non-targeting_noRT"
"7260" "Ddx54" 17.7524923146901 -0.237038935098139 -0.52212060253326 0.601586362611267 0.901108541185786 0.523809523809524 0.714285714285714 "Uqcrc2_noRT" "non-targeting_noRT"
"7261" "1700025G04Rik" 13.7272400298807 0.269771777958272 0.521982273874566 0.601682672618735 0.901108541185786 0.428571428571429 0.625 "Uqcrc2_noRT" "non-targeting_noRT"
"7262" "Supt3" 5.87820913493582 -0.447223550945624 -0.521817922260248 0.601797109900209 NA 0.285714285714286 0.482142857142857 "Uqcrc2_noRT" "non-targeting_noRT"
"7263" "Poglut2" 8.58370726724713 0.331979309126511 0.521796893167244 0.60181175307031 NA 0.476190476190476 0.517857142857143 "Uqcrc2_noRT" "non-targeting_noRT"
"7264" "Unc5c" 3.08930748609172 0.542440525458216 0.521763318487761 0.601835132430827 NA 0.19047619047619 0.196428571428571 "Uqcrc2_noRT" "non-targeting_noRT"
"7265" "Gm16536" 0.976775631538069 -1.01187510055537 -0.521672301348596 0.601898513279333 NA 0.0476190476190476 0.107142857142857 "Uqcrc2_noRT" "non-targeting_noRT"
"7266" "Dipk2a" 0.976775631538069 -1.01187510055537 -0.521672301348596 0.601898513279333 NA 0.0476190476190476 0.142857142857143 "Uqcrc2_noRT" "non-targeting_noRT"
"7267" "Zbtb8os" 74.4734120016552 0.129869284102695 0.521286604547345 0.602167131147374 0.901507810668535 0.952380952380952 1 "Uqcrc2_noRT" "non-targeting_noRT"
"7268" "Vill" 3.3144886988753 0.516758821182755 0.520832205201901 0.602483666082901 NA 0.238095238095238 0.232142857142857 "Uqcrc2_noRT" "non-targeting_noRT"
"7269" "Eps15l1" 6.5364273606326 -0.395893198130556 -0.520808211240691 0.602500382377782 NA 0.333333333333333 0.553571428571429 "Uqcrc2_noRT" "non-targeting_noRT"
"7270" "Lamp1" 92.1806984428717 0.130871945700958 0.520714188633545 0.602565888773887 0.901577122012104 0.952380952380952 0.982142857142857 "Uqcrc2_noRT" "non-targeting_noRT"
"7271" "Fktn" 6.05981422412937 -0.411209602159834 -0.520651880498556 0.602609301178938 NA 0.285714285714286 0.446428571428571 "Uqcrc2_noRT" "non-targeting_noRT"
"7272" "Med17" 12.6379809296159 -0.32135248687263 -0.520208414750358 0.602918321006034 0.901577122012104 0.571428571428571 0.732142857142857 "Uqcrc2_noRT" "non-targeting_noRT"
"7273" "Usp10" 15.2831481119423 -0.255270702210573 -0.520037646488704 0.603037336311877 0.901577122012104 0.619047619047619 0.785714285714286 "Uqcrc2_noRT" "non-targeting_noRT"
"7274" "Angel2" 11.9860628370033 -0.295600480021107 -0.519984870178575 0.603074120394386 NA 0.476190476190476 0.642857142857143 "Uqcrc2_noRT" "non-targeting_noRT"
"7275" "Sec22b" 26.5284335316498 0.202412627005677 0.519940043494787 0.603105364531663 0.901577122012104 0.952380952380952 0.821428571428571 "Uqcrc2_noRT" "non-targeting_noRT"
"7276" "Trpc1" 3.04728778653684 -0.580548918255119 -0.519917711512546 0.603120930164499 NA 0.19047619047619 0.25 "Uqcrc2_noRT" "non-targeting_noRT"
"7277" "Scarb1" 4.45341697271803 -0.463891247914205 -0.519813644047856 0.603193468694815 NA 0.238095238095238 0.392857142857143 "Uqcrc2_noRT" "non-targeting_noRT"
"7278" "Tceanc" 3.61445359951803 0.504645166133962 0.519668984706334 0.603294307649813 NA 0.238095238095238 0.214285714285714 "Uqcrc2_noRT" "non-targeting_noRT"
"7279" "Rasa4" 1.00956337116408 0.96580649589101 0.51961944326558 0.603328843678849 NA 0.0952380952380952 0.0714285714285714 "Uqcrc2_noRT" "non-targeting_noRT"
"7280" "Mrps24" 120.91203336271 0.0995500259430638 0.519532286090279 0.603389604318726 0.901577122012104 0.952380952380952 0.982142857142857 "Uqcrc2_noRT" "non-targeting_noRT"
"7281" "Ep400" 18.8348742049069 -0.242460608789815 -0.519200883529195 0.603620662986736 0.901577122012104 0.761904761904762 0.75 "Uqcrc2_noRT" "non-targeting_noRT"
"7282" "Serinc3" 10.483891154558 -0.299298752357722 -0.519184990407005 0.603631744901105 NA 0.476190476190476 0.589285714285714 "Uqcrc2_noRT" "non-targeting_noRT"
"7283" "Nkap" 12.9312999900867 0.280404935055832 0.519031793122562 0.603738570588579 0.901577122012104 0.571428571428571 0.660714285714286 "Uqcrc2_noRT" "non-targeting_noRT"
"7284" "Zfp748" 0.959343043291447 -0.982207600307783 -0.518918512681177 0.603817567406221 NA 0.0476190476190476 0.125 "Uqcrc2_noRT" "non-targeting_noRT"
"7285" "AU020206" 9.11334679939938 -0.326893922444732 -0.518851931058196 0.603864000680427 NA 0.380952380952381 0.607142857142857 "Uqcrc2_noRT" "non-targeting_noRT"
"7286" "Haghl" 2.56787018712191 0.607542739349214 0.518781177806582 0.603913344959486 NA 0.142857142857143 0.196428571428571 "Uqcrc2_noRT" "non-targeting_noRT"
"7287" "1700052K11Rik" 1.02712073621778 -0.994053894763998 -0.518595897828557 0.604042570315033 NA 0.0476190476190476 0.142857142857143 "Uqcrc2_noRT" "non-targeting_noRT"
"7288" "Sfswap" 7.9090732249105 -0.349766833713799 -0.518563776491444 0.604064974922774 NA 0.476190476190476 0.553571428571429 "Uqcrc2_noRT" "non-targeting_noRT"
"7289" "Dhrs7" 33.626726918381 -0.174025102154284 -0.518510350982236 0.604102240000589 0.901718314514747 0.952380952380952 0.928571428571429 "Uqcrc2_noRT" "non-targeting_noRT"
"7290" "Sdc1" 3.12086772672678 -0.588139264019168 -0.518466147143336 0.604133073608263 NA 0.142857142857143 0.285714285714286 "Uqcrc2_noRT" "non-targeting_noRT"
"7291" "Itpka" 1.35558282206337 0.828987713929629 0.518438658887296 0.604152247912479 NA 0.142857142857143 0.107142857142857 "Uqcrc2_noRT" "non-targeting_noRT"
"7292" "Prkar1b" 1.00641831200288 -0.959007932805573 -0.518265715551915 0.60427288999316 NA 0.0476190476190476 0.107142857142857 "Uqcrc2_noRT" "non-targeting_noRT"
"7293" "Pum3" 36.7047506409174 0.164644552598575 0.51823987385365 0.604290917613891 0.901718314514747 0.761904761904762 0.946428571428571 "Uqcrc2_noRT" "non-targeting_noRT"
"7294" "C1galt1" 12.0451925132266 -0.279045042779972 -0.517978971675222 0.604472941059367 NA 0.428571428571429 0.607142857142857 "Uqcrc2_noRT" "non-targeting_noRT"
"7295" "Gm15708" 0.427296121793502 -1.2793085397665 -0.5179738491713 0.60447651511947 NA 0 0.0892857142857143 "Uqcrc2_noRT" "non-targeting_noRT"
"7296" "D730045B01Rik" 0.427296121793502 -1.2793085397665 -0.5179738491713 0.60447651511947 NA 0 0.0892857142857143 "Uqcrc2_noRT" "non-targeting_noRT"
"7297" "Arhgdib" 0.427296121793502 -1.2793085397665 -0.5179738491713 0.60447651511947 NA 0 0.0892857142857143 "Uqcrc2_noRT" "non-targeting_noRT"
"7298" "Shisa7" 0.427296121793502 -1.2793085397665 -0.5179738491713 0.60447651511947 NA 0 0.0892857142857143 "Uqcrc2_noRT" "non-targeting_noRT"
"7299" "C030014I23Rik" 0.427296121793502 -1.2793085397665 -0.5179738491713 0.60447651511947 NA 0 0.0892857142857143 "Uqcrc2_noRT" "non-targeting_noRT"
"7300" "Slc22a21" 0.427296121793502 -1.2793085397665 -0.5179738491713 0.60447651511947 NA 0 0.0892857142857143 "Uqcrc2_noRT" "non-targeting_noRT"
"7301" "Gm49602" 0.427296121793502 -1.2793085397665 -0.5179738491713 0.60447651511947 NA 0 0.0892857142857143 "Uqcrc2_noRT" "non-targeting_noRT"
"7302" "Hist1h2bf" 0.427296121793502 -1.2793085397665 -0.5179738491713 0.60447651511947 NA 0 0.0892857142857143 "Uqcrc2_noRT" "non-targeting_noRT"
"7303" "Gm39556" 0.427296121793502 -1.2793085397665 -0.5179738491713 0.60447651511947 NA 0 0.0714285714285714 "Uqcrc2_noRT" "non-targeting_noRT"
"7304" "Gm4707" 0.427296121793502 -1.2793085397665 -0.5179738491713 0.60447651511947 NA 0 0.0892857142857143 "Uqcrc2_noRT" "non-targeting_noRT"
"7305" "Dnajc19" 92.2676562639067 0.116975479776236 0.517959030193908 0.604486854631201 0.901718314514747 1 0.982142857142857 "Uqcrc2_noRT" "non-targeting_noRT"
"7306" "B230206L02Rik" 1.02918015779886 0.959310224489237 0.517900901336769 0.604527413121762 NA 0.0476190476190476 0.0714285714285714 "Uqcrc2_noRT" "non-targeting_noRT"
"7307" "A830082K12Rik" 0.952442235219815 -0.970513626662321 -0.517792047798652 0.604603367240187 NA 0.0476190476190476 0.125 "Uqcrc2_noRT" "non-targeting_noRT"
"7308" "Bcl9l" 4.38279525394118 0.452287649259126 0.517713467369753 0.604658200523012 NA 0.333333333333333 0.303571428571429 "Uqcrc2_noRT" "non-targeting_noRT"
"7309" "Lrrc8e" 2.72316735094417 0.557183492819289 0.517381449949258 0.604889906307586 NA 0.19047619047619 0.232142857142857 "Uqcrc2_noRT" "non-targeting_noRT"
"7310" "Alkbh3" 16.9987396065299 0.241201077981556 0.516940574325238 0.605197642743524 0.902453277719892 0.714285714285714 0.785714285714286 "Uqcrc2_noRT" "non-targeting_noRT"
"7311" "Pitpnm2" 0.993702333439741 -0.958963596794426 -0.516847103210036 0.605262895708607 NA 0.0476190476190476 0.125 "Uqcrc2_noRT" "non-targeting_noRT"
"7312" "Ifnar1" 5.71754510874204 0.392086535725136 0.51677480658476 0.605313368747834 NA 0.380952380952381 0.285714285714286 "Uqcrc2_noRT" "non-targeting_noRT"
"7313" "Nln" 8.51759695186756 0.320385494319865 0.516743968351411 0.605334898671754 NA 0.428571428571429 0.607142857142857 "Uqcrc2_noRT" "non-targeting_noRT"
"7314" "Pla2g2f" 1.34868201399174 0.840544621846893 0.516709261080075 0.605359130201416 NA 0.0476190476190476 0.0714285714285714 "Uqcrc2_noRT" "non-targeting_noRT"
"7315" "Uba3" 19.52189620083 0.231090082778384 0.51625443609714 0.605676714910539 0.902842307744889 0.80952380952381 0.785714285714286 "Uqcrc2_noRT" "non-targeting_noRT"
"7316" "Rnf227" 7.22485422534871 -0.371881644470652 -0.5160250545942 0.605836910434911 NA 0.285714285714286 0.428571428571429 "Uqcrc2_noRT" "non-targeting_noRT"
"7317" "Gm4117" 1.69417403089342 -0.915264201481424 -0.515719829440354 0.60605010307486 NA 0.0952380952380952 0.178571428571429 "Uqcrc2_noRT" "non-targeting_noRT"
"7318" "Diaph1" 8.41278084917109 -0.34572101246166 -0.515627979642572 0.606114264583002 NA 0.333333333333333 0.571428571428571 "Uqcrc2_noRT" "non-targeting_noRT"
"7319" "Zfp672" 5.30262562217183 0.442141354127806 0.515547524178706 0.606170469096758 NA 0.333333333333333 0.339285714285714 "Uqcrc2_noRT" "non-targeting_noRT"
"7320" "Golga3" 9.24366875472717 -0.316329479996417 -0.515224151025326 0.606396394369585 NA 0.428571428571429 0.535714285714286 "Uqcrc2_noRT" "non-targeting_noRT"
"7321" "Susd6" 6.56440465228211 -0.385608128942273 -0.51522285717439 0.606397298396642 NA 0.380952380952381 0.482142857142857 "Uqcrc2_noRT" "non-targeting_noRT"
"7322" "Zfp988" 0.949754139218179 -0.965788859449533 -0.515179563459143 0.606427548511572 NA 0.0476190476190476 0.142857142857143 "Uqcrc2_noRT" "non-targeting_noRT"
"7323" "Slfn3" 0.949754139218179 -0.965788859449533 -0.515179563459143 0.606427548511572 NA 0.0476190476190476 0.125 "Uqcrc2_noRT" "non-targeting_noRT"
"7324" "Zfand5" 142.5596286702 0.0918905098740877 0.514884908459215 0.606633447298579 0.903869045267374 0.952380952380952 0.982142857142857 "Uqcrc2_noRT" "non-targeting_noRT"
"7325" "Atl2" 5.91091397076526 -0.400921864043732 -0.514566947204914 0.606855667055303 NA 0.285714285714286 0.517857142857143 "Uqcrc2_noRT" "non-targeting_noRT"
"7326" "Prpsap1" 24.0303121724551 0.204106823552389 0.514424298250089 0.606955374717308 0.903869045267374 0.904761904761905 0.839285714285714 "Uqcrc2_noRT" "non-targeting_noRT"
"7327" "Aak1" 27.0547467492204 -0.187215370637142 -0.514330699609464 0.607020801546165 0.903869045267374 0.761904761904762 0.821428571428571 "Uqcrc2_noRT" "non-targeting_noRT"
"7328" "Ankrd13b" 3.33410548551007 0.516158044381402 0.514320896152246 0.607027654489439 NA 0.238095238095238 0.267857142857143 "Uqcrc2_noRT" "non-targeting_noRT"
"7329" "Gm10800" 0.4294024778285 -1.28536065342452 -0.514226508161959 0.607093636607724 NA 0 0.0714285714285714 "Uqcrc2_noRT" "non-targeting_noRT"
"7330" "Tlr2" 0.4294024778285 -1.28536065342452 -0.514226508161959 0.607093636607724 NA 0 0.0892857142857143 "Uqcrc2_noRT" "non-targeting_noRT"
"7331" "Adh7" 0.4294024778285 -1.28536065342452 -0.514226508161959 0.607093636607724 NA 0 0.0892857142857143 "Uqcrc2_noRT" "non-targeting_noRT"
"7332" "Hpgds" 0.4294024778285 -1.28536065342452 -0.514226508161959 0.607093636607724 NA 0 0.0892857142857143 "Uqcrc2_noRT" "non-targeting_noRT"
"7333" "Zfp455" 0.4294024778285 -1.28536065342452 -0.514226508161959 0.607093636607724 NA 0 0.0892857142857143 "Uqcrc2_noRT" "non-targeting_noRT"
"7334" "Tmem266" 0.994741036565946 0.958620431736766 0.514115031229843 0.607171568910711 NA 0.0952380952380952 0.0714285714285714 "Uqcrc2_noRT" "non-targeting_noRT"
"7335" "Gal3st1" 0.994741036565946 0.958620431736766 0.514115031229843 0.607171568910711 NA 0.0476190476190476 0.0535714285714286 "Uqcrc2_noRT" "non-targeting_noRT"
"7336" "Nrarp" 4.48994792189334 0.538631953373662 0.514084475663149 0.607192930752873 NA 0.142857142857143 0.214285714285714 "Uqcrc2_noRT" "non-targeting_noRT"
"7337" "Mknk2" 3.11659009553153 -0.5587524435522 -0.513984597382915 0.607262759455777 NA 0.19047619047619 0.285714285714286 "Uqcrc2_noRT" "non-targeting_noRT"
"7338" "Ubr1" 1.7601444429788 -0.747831744748021 -0.513971856869114 0.607271667091163 NA 0.0952380952380952 0.196428571428571 "Uqcrc2_noRT" "non-targeting_noRT"
"7339" "Sec16a" 3.94136375540205 -0.509768376110377 -0.513886295846867 0.607331489297247 NA 0.19047619047619 0.357142857142857 "Uqcrc2_noRT" "non-targeting_noRT"
"7340" "Wac" 27.0044541311172 -0.198949760908505 -0.51384267408027 0.607361989598249 0.904051767250919 0.714285714285714 0.875 "Uqcrc2_noRT" "non-targeting_noRT"
"7341" "Pip4k2b" 2.54787071669939 -0.643821616627188 -0.513827561399309 0.607372556531 NA 0.0952380952380952 0.285714285714286 "Uqcrc2_noRT" "non-targeting_noRT"
"7342" "Nup188" 8.80532046893596 -0.347395440431913 -0.513674419251884 0.607479639630601 NA 0.428571428571429 0.571428571428571 "Uqcrc2_noRT" "non-targeting_noRT"
"7343" "Tmem115" 5.79555711151401 -0.424366768533777 -0.513654427474404 0.607493619300727 NA 0.333333333333333 0.535714285714286 "Uqcrc2_noRT" "non-targeting_noRT"
"7344" "Gm48678" 6.16641026274888 0.372257112610145 0.513427708389313 0.607652167425265 NA 0.380952380952381 0.428571428571429 "Uqcrc2_noRT" "non-targeting_noRT"
"7345" "Phgdh" 113.526834721564 0.0994140727401802 0.513361883348442 0.607698203340843 0.904226956283498 0.952380952380952 0.982142857142857 "Uqcrc2_noRT" "non-targeting_noRT"
"7346" "Micall1" 3.08273271426526 -0.56366479734545 -0.513145203187965 0.607849753461171 NA 0.19047619047619 0.321428571428571 "Uqcrc2_noRT" "non-targeting_noRT"
"7347" "Zyg11b" 4.45923214320953 -0.457916364430439 -0.513085974933979 0.607891181732689 NA 0.238095238095238 0.339285714285714 "Uqcrc2_noRT" "non-targeting_noRT"
"7348" "Atxn7l3" 9.02531246577871 0.310126745910976 0.513061773946629 0.607908109912521 NA 0.571428571428571 0.571428571428571 "Uqcrc2_noRT" "non-targeting_noRT"
"7349" "Phactr2" 3.81253547762857 0.49194032250279 0.513001144952232 0.607950519787777 NA 0.19047619047619 0.232142857142857 "Uqcrc2_noRT" "non-targeting_noRT"
"7350" "Slc12a4" 4.50579059107958 -0.452171379763499 -0.51274717826252 0.60812818337597 NA 0.285714285714286 0.392857142857143 "Uqcrc2_noRT" "non-targeting_noRT"
"7351" "Mtg1" 17.4933602355992 0.228516989349367 0.512608892418608 0.608224931615764 0.90468539432999 0.761904761904762 0.75 "Uqcrc2_noRT" "non-targeting_noRT"
"7352" "Pex12" 4.67317125051065 0.450017465511052 0.511719531880872 0.608847314355379 NA 0.333333333333333 0.339285714285714 "Uqcrc2_noRT" "non-targeting_noRT"
"7353" "Grhpr" 16.5505811838245 0.231679633420309 0.511546323899122 0.608968559877607 0.905116760120578 0.666666666666667 0.589285714285714 "Uqcrc2_noRT" "non-targeting_noRT"
"7354" "D430020J02Rik" 2.52875782767811 -0.659886386373028 -0.511382291469464 0.609083392421558 NA 0.142857142857143 0.232142857142857 "Uqcrc2_noRT" "non-targeting_noRT"
"7355" "Ube2b" 165.156443385491 -0.092909000147439 -0.51131486238992 0.609130599617424 0.905116760120578 1 1 "Uqcrc2_noRT" "non-targeting_noRT"
"7356" "Rps8" 4182.52125493967 0.0537080885410673 0.511256957937415 0.609171139907156 0.905116760120578 1 1 "Uqcrc2_noRT" "non-targeting_noRT"
"7357" "C2cd2l" 3.27054050465374 0.497613523368343 0.511189809411925 0.60921815369596 NA 0.238095238095238 0.25 "Uqcrc2_noRT" "non-targeting_noRT"
"7358" "AI987944" 3.35103417614321 0.517586468091619 0.511170361757063 0.609231770200111 NA 0.19047619047619 0.232142857142857 "Uqcrc2_noRT" "non-targeting_noRT"
"7359" "Rnase4" 0.824117640532067 1.20301069767145 0.511074228107275 0.609299081293331 NA 0.0952380952380952 0.0357142857142857 "Uqcrc2_noRT" "non-targeting_noRT"
"7360" "Rabepk" 17.1819676437485 -0.230846213929454 -0.510879379803029 0.609435520798112 0.905184560323973 0.619047619047619 0.821428571428571 "Uqcrc2_noRT" "non-targeting_noRT"
"7361" "Tmem94" 1.61149434162336 0.731763700562115 0.510867784962356 0.609443640333777 NA 0.142857142857143 0.125 "Uqcrc2_noRT" "non-targeting_noRT"
"7362" "Tcerg1" 32.9613703800902 -0.174117788361373 -0.510074531871439 0.609999246968947 0.905696764965017 0.761904761904762 0.946428571428571 "Uqcrc2_noRT" "non-targeting_noRT"
"7363" "Fam229b" 4.51160576157109 -0.446422877042561 -0.51002111497891 0.610036669063431 NA 0.285714285714286 0.285714285714286 "Uqcrc2_noRT" "non-targeting_noRT"
"7364" "Pigq" 5.3941312205379 -0.438186995221291 -0.508950763028182 0.610786736749294 NA 0.285714285714286 0.410714285714286 "Uqcrc2_noRT" "non-targeting_noRT"
"7365" "Zfp212" 3.28325648321688 0.501402465469686 0.508703401651556 0.610960137687723 NA 0.238095238095238 0.267857142857143 "Uqcrc2_noRT" "non-targeting_noRT"
"7366" "Gm43259" 0.425189765758504 -1.2734378893296 -0.508270463842905 0.61126368067832 NA 0 0.0714285714285714 "Uqcrc2_noRT" "non-targeting_noRT"
"7367" "Slc9a9" 0.425189765758504 -1.2734378893296 -0.508270463842905 0.61126368067832 NA 0 0.0892857142857143 "Uqcrc2_noRT" "non-targeting_noRT"
"7368" "Ttll12" 4.39414254628484 -0.475412654727986 -0.508176751024855 0.611329393759357 NA 0.285714285714286 0.428571428571429 "Uqcrc2_noRT" "non-targeting_noRT"
"7369" "Fam168a" 6.06308406009764 -0.410852647608296 -0.508053621659243 0.611415738999584 NA 0.285714285714286 0.482142857142857 "Uqcrc2_noRT" "non-targeting_noRT"
"7370" "Gm49891" 0.42039531372187 -1.25943737025237 -0.50796732652926 0.611476257220476 NA 0 0.0714285714285714 "Uqcrc2_noRT" "non-targeting_noRT"
"7371" "Sema4f" 0.42039531372187 -1.25943737025237 -0.50796732652926 0.611476257220476 NA 0 0.0892857142857143 "Uqcrc2_noRT" "non-targeting_noRT"
"7372" "Zfp658" 0.42039531372187 -1.25943737025237 -0.50796732652926 0.611476257220476 NA 0 0.0892857142857143 "Uqcrc2_noRT" "non-targeting_noRT"
"7373" "Myo6" 0.42039531372187 -1.25943737025237 -0.50796732652926 0.611476257220476 NA 0 0.0892857142857143 "Uqcrc2_noRT" "non-targeting_noRT"
"7374" "Nbeal2" 0.42039531372187 -1.25943737025237 -0.50796732652926 0.611476257220476 NA 0 0.0714285714285714 "Uqcrc2_noRT" "non-targeting_noRT"
"7375" "Gm10825" 0.42039531372187 -1.25943737025237 -0.50796732652926 0.611476257220476 NA 0 0.0714285714285714 "Uqcrc2_noRT" "non-targeting_noRT"
"7376" "Fn3krp" 0.42039531372187 -1.25943737025237 -0.50796732652926 0.611476257220476 NA 0 0.0892857142857143 "Uqcrc2_noRT" "non-targeting_noRT"
"7377" "Hr" 0.42039531372187 -1.25943737025237 -0.50796732652926 0.611476257220476 NA 0 0.0714285714285714 "Uqcrc2_noRT" "non-targeting_noRT"
"7378" "Zfp563" 0.42039531372187 -1.25943737025237 -0.50796732652926 0.611476257220476 NA 0 0.0892857142857143 "Uqcrc2_noRT" "non-targeting_noRT"
"7379" "AC125149.2" 0.42039531372187 -1.25943737025237 -0.50796732652926 0.611476257220476 NA 0 0.0892857142857143 "Uqcrc2_noRT" "non-targeting_noRT"
"7380" "Gm20559" 3.73303140216699 -0.494954621725936 -0.507698497428979 0.611664802346698 NA 0.238095238095238 0.339285714285714 "Uqcrc2_noRT" "non-targeting_noRT"
"7381" "Rgma" 3.40711660896127 0.548133911580026 0.507359107183762 0.611902872766717 NA 0.19047619047619 0.25 "Uqcrc2_noRT" "non-targeting_noRT"
"7382" "Wdr83" 7.40214822023353 0.343088282729501 0.507249329865174 0.611979886503014 NA 0.476190476190476 0.482142857142857 "Uqcrc2_noRT" "non-targeting_noRT"
"7383" "Gtf3c2" 11.833879824443 -0.302002039754803 -0.507232533588397 0.611991670226425 NA 0.523809523809524 0.607142857142857 "Uqcrc2_noRT" "non-targeting_noRT"
"7384" "Tbc1d15" 25.9066735802113 0.21394466374786 0.507094604727137 0.612088440442132 0.908472728317626 0.714285714285714 0.857142857142857 "Uqcrc2_noRT" "non-targeting_noRT"
"7385" "Taf11" 21.9206185775114 -0.224675151312168 -0.50666430860433 0.612390377590942 0.908594973994735 0.666666666666667 0.839285714285714 "Uqcrc2_noRT" "non-targeting_noRT"
"7386" "Pptc7" 2.53987134781973 -0.667298149516669 -0.506533040342004 0.612482501137326 NA 0.0952380952380952 0.214285714285714 "Uqcrc2_noRT" "non-targeting_noRT"
"7387" "Thoc5" 9.96806420366023 -0.302378288195485 -0.506412524777464 0.61256708387658 NA 0.476190476190476 0.678571428571429 "Uqcrc2_noRT" "non-targeting_noRT"
"7388" "Golgb1" 30.797240643174 0.174044653511709 0.506136017993154 0.612761167125099 0.908819250739663 0.857142857142857 0.839285714285714 "Uqcrc2_noRT" "non-targeting_noRT"
"7389" "Polk" 1.01327218562059 1.01468253768311 0.505841930286609 0.612967620431587 NA 0.0476190476190476 0.0714285714285714 "Uqcrc2_noRT" "non-targeting_noRT"
"7390" "Ncbp1" 23.2640938006892 -0.207764847619048 -0.505477754099686 0.613223319307399 0.909065869646863 0.761904761904762 0.821428571428571 "Uqcrc2_noRT" "non-targeting_noRT"
"7391" "Aco1" 9.09212954307456 -0.348691853331963 -0.505227366547688 0.613399151126663 NA 0.333333333333333 0.571428571428571 "Uqcrc2_noRT" "non-targeting_noRT"
"7392" "Relch" 3.86551978573935 -0.49388080006628 -0.505112999471949 0.613479471509963 NA 0.19047619047619 0.392857142857143 "Uqcrc2_noRT" "non-targeting_noRT"
"7393" "Prr13" 31.44533551083 -0.180589704517919 -0.505074395727916 0.613506584097182 0.909065869646863 0.904761904761905 0.946428571428571 "Uqcrc2_noRT" "non-targeting_noRT"
"7394" "Ghitm" 69.9034757126736 -0.12947892385739 -0.504960600657093 0.613586508923076 0.909065869646863 0.904761904761905 1 "Uqcrc2_noRT" "non-targeting_noRT"
"7395" "Lhx6" 0.418288957686872 -1.25342705606339 -0.504935865922718 0.61360388215791 NA 0 0.0714285714285714 "Uqcrc2_noRT" "non-targeting_noRT"
"7396" "Rorc" 0.418288957686872 -1.25342705606339 -0.504935865922718 0.61360388215791 NA 0 0.0892857142857143 "Uqcrc2_noRT" "non-targeting_noRT"
"7397" "Sars2" 0.418288957686872 -1.25342705606339 -0.504935865922718 0.61360388215791 NA 0 0.0892857142857143 "Uqcrc2_noRT" "non-targeting_noRT"
"7398" "Hes7" 0.418288957686872 -1.25342705606339 -0.504935865922718 0.61360388215791 NA 0 0.0714285714285714 "Uqcrc2_noRT" "non-targeting_noRT"
"7399" "Sdr39u1" 0.418288957686872 -1.25342705606339 -0.504935865922718 0.61360388215791 NA 0 0.0892857142857143 "Uqcrc2_noRT" "non-targeting_noRT"
"7400" "Gm49164" 0.418288957686872 -1.25342705606339 -0.504935865922718 0.61360388215791 NA 0 0.0892857142857143 "Uqcrc2_noRT" "non-targeting_noRT"
"7401" "Rprd2" 6.54689223295087 -0.369000030642199 -0.504840472178461 0.61367088704899 NA 0.380952380952381 0.517857142857143 "Uqcrc2_noRT" "non-targeting_noRT"
"7402" "Klhl25" 0.946580130274387 0.90510149369605 0.504456458612372 0.613940652123619 NA 0.0952380952380952 0.0714285714285714 "Uqcrc2_noRT" "non-targeting_noRT"
"7403" "Gh" 0.946580130274387 0.90510149369605 0.504456458612372 0.613940652123619 NA 0.0952380952380952 0.0535714285714286 "Uqcrc2_noRT" "non-targeting_noRT"
"7404" "Iqgap2" 0.946580130274387 0.90510149369605 0.504456458612372 0.613940652123619 NA 0.0952380952380952 0.0714285714285714 "Uqcrc2_noRT" "non-targeting_noRT"
"7405" "Galm" 0.946580130274387 0.90510149369605 0.504456458612372 0.613940652123619 NA 0.0952380952380952 0.0535714285714286 "Uqcrc2_noRT" "non-targeting_noRT"
"7406" "Aldh3a2" 3.13474233830752 -0.584272981350453 -0.504295062161114 0.614054046858553 NA 0.142857142857143 0.303571428571429 "Uqcrc2_noRT" "non-targeting_noRT"
"7407" "Mtmr14" 5.38964318418573 0.40097152964161 0.504266058150005 0.614074425621777 NA 0.285714285714286 0.428571428571429 "Uqcrc2_noRT" "non-targeting_noRT"
"7408" "Ltbr" 23.3341835155913 0.201105761881434 0.504265063831808 0.614075124253711 0.909464160401523 0.761904761904762 0.785714285714286 "Uqcrc2_noRT" "non-targeting_noRT"
"7409" "Dnhd1" 1.69876366051062 -0.77022506042893 -0.504211575323789 0.614112707085067 NA 0.0952380952380952 0.178571428571429 "Uqcrc2_noRT" "non-targeting_noRT"
"7410" "Zyx" 8.02576761692956 0.364391874672419 0.504146066534645 0.614158737152579 NA 0.380952380952381 0.446428571428571 "Uqcrc2_noRT" "non-targeting_noRT"
"7411" "Nutf2" 1.00164184463758 0.939147060386429 0.503942372784842 0.614301873262872 NA 0.0952380952380952 0.0714285714285714 "Uqcrc2_noRT" "non-targeting_noRT"
"7412" "Dennd6b" 1.00164184463758 0.939147060386429 0.503942372784842 0.614301873262872 NA 0.0952380952380952 0.0714285714285714 "Uqcrc2_noRT" "non-targeting_noRT"
"7413" "Gabpa" 9.17160246549434 0.300782390685618 0.503858724044925 0.61436065769907 NA 0.476190476190476 0.5 "Uqcrc2_noRT" "non-targeting_noRT"
"7414" "1810013L24Rik" 5.33892475596485 -0.419912814770528 -0.503626167529283 0.614524100598986 NA 0.285714285714286 0.428571428571429 "Uqcrc2_noRT" "non-targeting_noRT"
"7415" "Srp72" 73.7572875300144 -0.117131005889384 -0.503367996963713 0.6147055677158 0.910072142829331 0.952380952380952 1 "Uqcrc2_noRT" "non-targeting_noRT"
"7416" "Sord" 1.59398391102358 0.732908483573012 0.503252980841882 0.614786419708387 NA 0.142857142857143 0.125 "Uqcrc2_noRT" "non-targeting_noRT"
"7417" "Cdk14" 5.10450061814114 0.400816254290235 0.502960582742741 0.614991985606522 NA 0.333333333333333 0.303571428571429 "Uqcrc2_noRT" "non-targeting_noRT"
"7418" "Tmem136" 1.60938798558836 0.737157532650653 0.502805191470439 0.615101243307511 NA 0.142857142857143 0.0892857142857143 "Uqcrc2_noRT" "non-targeting_noRT"
"7419" "B3galnt2" 5.67999382497863 0.385861485525274 0.502754462635974 0.615136913284208 NA 0.333333333333333 0.375 "Uqcrc2_noRT" "non-targeting_noRT"
"7420" "Ccdc124" 51.6503714020915 -0.153621179718574 -0.502731097417023 0.615153342842425 0.910404905161258 0.904761904761905 0.946428571428571 "Uqcrc2_noRT" "non-targeting_noRT"
"7421" "1500004A13Rik" 0.966196916909159 0.8986281932991 0.50265057951004 0.615209961536479 NA 0.0952380952380952 0.0714285714285714 "Uqcrc2_noRT" "non-targeting_noRT"
"7422" "Spag1" 0.966196916909159 0.8986281932991 0.50265057951004 0.615209961536479 NA 0.0952380952380952 0.0714285714285714 "Uqcrc2_noRT" "non-targeting_noRT"
"7423" "Slc15a2" 0.966196916909159 0.8986281932991 0.50265057951004 0.615209961536479 NA 0.0952380952380952 0.0714285714285714 "Uqcrc2_noRT" "non-targeting_noRT"
"7424" "Nudt18" 2.66120482850935 0.550577502549974 0.502220324664045 0.615512547570816 NA 0.19047619047619 0.196428571428571 "Uqcrc2_noRT" "non-targeting_noRT"
"7425" "Fbxo17" 2.73907532312243 0.543695322607237 0.501756753450445 0.615838637242591 NA 0.238095238095238 0.232142857142857 "Uqcrc2_noRT" "non-targeting_noRT"
"7426" "Hspb6" 3.0831716927535 -0.551472429697819 -0.50166085213009 0.615906106532869 NA 0.19047619047619 0.357142857142857 "Uqcrc2_noRT" "non-targeting_noRT"
"7427" "Snx27" 16.5580437890748 -0.231169658041469 -0.501534893698443 0.615994726782156 0.910404905161258 0.666666666666667 0.696428571428571 "Uqcrc2_noRT" "non-targeting_noRT"
"7428" "Qtrt2" 3.19024787807462 -0.553282408752249 -0.50122468102153 0.616213006186964 NA 0.19047619047619 0.285714285714286 "Uqcrc2_noRT" "non-targeting_noRT"
"7429" "Etv2" 3.08847004240361 -0.568355760080445 -0.501215439908888 0.616219509164583 NA 0.19047619047619 0.285714285714286 "Uqcrc2_noRT" "non-targeting_noRT"
"7430" "Hnrnpl" 61.3008692999709 0.139307912361535 0.501212892352703 0.616221301887 0.910404905161258 0.904761904761905 0.964285714285714 "Uqcrc2_noRT" "non-targeting_noRT"
"7431" "Phkb" 5.13284152024318 -0.416091365191069 -0.501076600583121 0.616317214123539 NA 0.285714285714286 0.464285714285714 "Uqcrc2_noRT" "non-targeting_noRT"
"7432" "Zfand2a" 1.7908747497552 -0.753442055148218 -0.500896488000319 0.616443974309639 NA 0.0952380952380952 0.178571428571429 "Uqcrc2_noRT" "non-targeting_noRT"
"7433" "Ints12" 6.05125088542665 -0.399517123567457 -0.500869881566165 0.616462700437059 NA 0.285714285714286 0.464285714285714 "Uqcrc2_noRT" "non-targeting_noRT"
"7434" "Tmem151a" 0.991549042950824 1.03063662970674 0.500597528900352 0.61665440190648 NA 0.0952380952380952 0.0357142857142857 "Uqcrc2_noRT" "non-targeting_noRT"
"7435" "Marf1" 9.77353542468507 0.291825612387335 0.500538941987054 0.616695643022367 NA 0.619047619047619 0.642857142857143 "Uqcrc2_noRT" "non-targeting_noRT"
"7436" "Tma7" 108.771239101638 0.100178641345893 0.500491356233391 0.616729140976413 0.910404905161258 1 1 "Uqcrc2_noRT" "non-targeting_noRT"
"7437" "Dedd" 5.95173509049695 -0.394359731214083 -0.500411649687401 0.616785252124395 NA 0.333333333333333 0.428571428571429 "Uqcrc2_noRT" "non-targeting_noRT"
"7438" "R3hdm1" 30.9238181981596 0.175187667512142 0.500393645112145 0.616797927144669 0.910404905161258 0.904761904761905 0.875 "Uqcrc2_noRT" "non-targeting_noRT"
"7439" "Baz1a" 16.963070097507 0.254414703435928 0.500374960979796 0.616811080686303 0.910404905161258 0.714285714285714 0.625 "Uqcrc2_noRT" "non-targeting_noRT"
"7440" "Rbm25" 122.737940537581 0.0986031218772948 0.500322442088467 0.616848054398369 0.910404905161258 1 0.982142857142857 "Uqcrc2_noRT" "non-targeting_noRT"
"7441" "Them4" 2.4985443417431 -0.623787784792697 -0.500305826793411 0.61685975189892 NA 0.142857142857143 0.196428571428571 "Uqcrc2_noRT" "non-targeting_noRT"
"7442" "Akap8l" 14.1543586741727 0.246744294988176 0.500182680670354 0.616946452267309 0.910404905161258 0.523809523809524 0.714285714285714 "Uqcrc2_noRT" "non-targeting_noRT"
"7443" "Pxmp2" 3.27954766876037 0.491326996222773 0.500152626761805 0.616967612371419 NA 0.19047619047619 0.214285714285714 "Uqcrc2_noRT" "non-targeting_noRT"
"7444" "Mtfmt" 5.08590454996124 0.410569925253093 0.500054827850462 0.617036472010981 NA 0.380952380952381 0.375 "Uqcrc2_noRT" "non-targeting_noRT"
"7445" "BC031181" 66.8002751903424 -0.130402626405425 -0.499964961226461 0.617099749542599 0.910404905161258 0.952380952380952 0.964285714285714 "Uqcrc2_noRT" "non-targeting_noRT"
"7446" "Aar2" 5.19189509770225 0.412434551261878 0.499789292944321 0.617223450563372 NA 0.333333333333333 0.339285714285714 "Uqcrc2_noRT" "non-targeting_noRT"
"7447" "Zbtb2" 3.62977983172965 0.493091788187234 0.499565663802115 0.617380940083827 NA 0.285714285714286 0.267857142857143 "Uqcrc2_noRT" "non-targeting_noRT"
"7448" "Rcl1" 19.537477614582 -0.218828590087545 -0.499490811290678 0.617433658459557 0.910404905161258 0.666666666666667 0.821428571428571 "Uqcrc2_noRT" "non-targeting_noRT"
"7449" "Eif4a2" 26.209230397399 -0.192555044394125 -0.499315805857971 0.617556921896838 0.910404905161258 0.761904761904762 0.839285714285714 "Uqcrc2_noRT" "non-targeting_noRT"
"7450" "Ebna1bp2" 156.850657601529 -0.0984675953525735 -0.499296584009043 0.617570461282661 0.910404905161258 0.952380952380952 1 "Uqcrc2_noRT" "non-targeting_noRT"
"7451" "Adck2" 1.54161029266203 0.704397719764217 0.498924707956338 0.617832426970218 NA 0.142857142857143 0.125 "Uqcrc2_noRT" "non-targeting_noRT"
"7452" "Zfp87" 2.81266818654027 0.578210782028605 0.498912325969968 0.61784115021702 NA 0.238095238095238 0.214285714285714 "Uqcrc2_noRT" "non-targeting_noRT"
"7453" "L2hgdh" 3.72133614205873 -0.489595239637896 -0.498707183948562 0.61798568288917 NA 0.238095238095238 0.267857142857143 "Uqcrc2_noRT" "non-targeting_noRT"
"7454" "Tbx1" 3.22811493776907 0.516055312532769 0.498478968028003 0.618146489636814 NA 0.19047619047619 0.196428571428571 "Uqcrc2_noRT" "non-targeting_noRT"
"7455" "Shld3" 1.94269145792451 0.684218038036323 0.498465348171017 0.618156087113334 NA 0.142857142857143 0.125 "Uqcrc2_noRT" "non-targeting_noRT"
"7456" "St13" 117.282935038855 -0.105254762271946 -0.498362426128445 0.618228615083221 0.910774134541604 1 1 "Uqcrc2_noRT" "non-targeting_noRT"
"7457" "1700037H04Rik" 15.0694395667039 -0.250178117249074 -0.498316291118965 0.618261127096995 0.910774134541604 0.666666666666667 0.767857142857143 "Uqcrc2_noRT" "non-targeting_noRT"
"7458" "2610008E11Rik" 3.93856687853321 0.506623071822403 0.497912562770851 0.618545672234695 NA 0.142857142857143 0.267857142857143 "Uqcrc2_noRT" "non-targeting_noRT"
"7459" "Mtmr2" 9.18794941616084 0.301428566351925 0.497859008239265 0.618583421421593 NA 0.476190476190476 0.535714285714286 "Uqcrc2_noRT" "non-targeting_noRT"
"7460" "Snhg8" 76.1215833111371 -0.120161515953371 -0.497707559803547 0.618690178905491 0.911081836409581 0.952380952380952 1 "Uqcrc2_noRT" "non-targeting_noRT"
"7461" "Toe1" 5.97825467393482 -0.415590069170649 -0.497433354086204 0.618883489671998 NA 0.285714285714286 0.482142857142857 "Uqcrc2_noRT" "non-targeting_noRT"
"7462" "Srrt" 21.7413773674667 -0.20394252614076 -0.497269069125031 0.618999320647504 0.911212802859969 0.523809523809524 0.75 "Uqcrc2_noRT" "non-targeting_noRT"
"7463" "Tmem140" 11.7040746899566 -0.306492095772709 -0.497152817239458 0.619081291075682 NA 0.428571428571429 0.607142857142857 "Uqcrc2_noRT" "non-targeting_noRT"
"7464" "Nupr1" 80.8368860385011 -0.184281497868242 -0.496699656153806 0.61940086494766 0.911410434678342 0.714285714285714 0.875 "Uqcrc2_noRT" "non-targeting_noRT"
"7465" "Gpc6" 5.75241189009998 -0.408387130752914 -0.496588604498654 0.619479190697143 NA 0.285714285714286 0.357142857142857 "Uqcrc2_noRT" "non-targeting_noRT"
"7466" "Cul7" 5.78045211214328 -0.388342269462096 -0.496553082168481 0.619504245833827 NA 0.333333333333333 0.446428571428571 "Uqcrc2_noRT" "non-targeting_noRT"
"7467" "Scrib" 13.1620115359448 -0.268294365258762 -0.496454073616226 0.619574082346587 0.911410434678342 0.571428571428571 0.696428571428571 "Uqcrc2_noRT" "non-targeting_noRT"
"7468" "Zfp41" 5.20003747320288 -0.404179742656349 -0.496183898598997 0.619764670024088 NA 0.238095238095238 0.375 "Uqcrc2_noRT" "non-targeting_noRT"
"7469" "Tmem38a" 2.34804162995747 -0.616738581927881 -0.496008063549375 0.61988872184299 NA 0.0952380952380952 0.25 "Uqcrc2_noRT" "non-targeting_noRT"
"7470" "Mtif2" 11.0584237151501 -0.283276393724866 -0.495498544831955 0.620248248943681 NA 0.619047619047619 0.660714285714286 "Uqcrc2_noRT" "non-targeting_noRT"
"7471" "Egln2" 10.9515884909301 0.270577137738171 0.495496351488456 0.62024979680917 NA 0.523809523809524 0.607142857142857 "Uqcrc2_noRT" "non-targeting_noRT"
"7472" "Thap7" 11.9518073437891 0.287211141749332 0.495492154611798 0.620252758593693 NA 0.476190476190476 0.642857142857143 "Uqcrc2_noRT" "non-targeting_noRT"
"7473" "Arhgap1" 8.98986359120219 -0.316689000056024 -0.495257036886487 0.620418693735174 NA 0.333333333333333 0.607142857142857 "Uqcrc2_noRT" "non-targeting_noRT"
"7474" "Scaper" 3.14252396153983 -0.526516733916561 -0.495210335903207 0.620451655414853 NA 0.19047619047619 0.303571428571429 "Uqcrc2_noRT" "non-targeting_noRT"
"7475" "Commd8" 16.9501228210592 0.242077301817612 0.4951496025601 0.620494522312153 0.912367176199371 0.619047619047619 0.785714285714286 "Uqcrc2_noRT" "non-targeting_noRT"
"7476" "Tef" 2.4688582898057 0.614491754163867 0.49488195629355 0.620683448149281 NA 0.19047619047619 0.160714285714286 "Uqcrc2_noRT" "non-targeting_noRT"
"7477" "Nsmce1" 32.8040054928993 0.171439157023238 0.494739628119994 0.620783924788934 0.912367176199371 0.857142857142857 0.964285714285714 "Uqcrc2_noRT" "non-targeting_noRT"
"7478" "Sufu" 2.34324717792084 -0.61284130202787 -0.494533117264409 0.620929723802787 NA 0.142857142857143 0.267857142857143 "Uqcrc2_noRT" "non-targeting_noRT"
"7479" "Baiap2l2" 0.953480938346019 0.886714719949071 0.494511236646717 0.620945172640377 NA 0.0952380952380952 0.0714285714285714 "Uqcrc2_noRT" "non-targeting_noRT"
"7480" "Pou6f1" 0.953480938346019 0.886714719949071 0.494511236646717 0.620945172640377 NA 0.0952380952380952 0.0714285714285714 "Uqcrc2_noRT" "non-targeting_noRT"
"7481" "Osbpl9" 9.14335546291496 -0.310175136652968 -0.494509900961142 0.620946115708268 NA 0.476190476190476 0.571428571428571 "Uqcrc2_noRT" "non-targeting_noRT"
"7482" "Garnl3" 1.77765487357857 -0.740547990117128 -0.49433394726949 0.621070354191657 NA 0.0952380952380952 0.160714285714286 "Uqcrc2_noRT" "non-targeting_noRT"
"7483" "Dhodh" 3.13031188059018 -0.542625721230344 -0.494295665206878 0.621097386061402 NA 0.19047619047619 0.339285714285714 "Uqcrc2_noRT" "non-targeting_noRT"
"7484" "Shox2" 3.18133874425168 0.563898110822768 0.494228738799779 0.621144645609007 NA 0.19047619047619 0.25 "Uqcrc2_noRT" "non-targeting_noRT"
"7485" "Chmp2a" 94.1598234262503 0.106316257278377 0.494113230531185 0.621226214527032 0.912367176199371 0.952380952380952 0.982142857142857 "Uqcrc2_noRT" "non-targeting_noRT"
"7486" "Ccdc47" 45.8092646507948 0.149445388125021 0.494099231702707 0.621236100449869 0.912367176199371 0.857142857142857 0.982142857142857 "Uqcrc2_noRT" "non-targeting_noRT"
"7487" "Cic" 9.06881487647972 -0.322801775973167 -0.49396021830074 0.62133427493025 NA 0.428571428571429 0.589285714285714 "Uqcrc2_noRT" "non-targeting_noRT"
"7488" "Zfp365" 6.15377411527036 0.35739406440826 0.493937155908093 0.621350562777488 NA 0.380952380952381 0.357142857142857 "Uqcrc2_noRT" "non-targeting_noRT"
"7489" "Zmpste24" 34.0809414872529 0.160188390564994 0.493835695434697 0.621422221583096 0.912367176199371 0.714285714285714 0.839285714285714 "Uqcrc2_noRT" "non-targeting_noRT"
"7490" "Adi1" 8.81962598269271 -0.354239227571009 -0.493827577958785 0.621427954893308 NA 0.380952380952381 0.553571428571429 "Uqcrc2_noRT" "non-targeting_noRT"
"7491" "Sdha" 6.05393898142829 -0.399811968753769 -0.493754532738673 0.621479547199005 NA 0.285714285714286 0.446428571428571 "Uqcrc2_noRT" "non-targeting_noRT"
"7492" "Hsd17b12" 38.0282840787101 -0.166450678769391 -0.493658494117171 0.621547382722578 0.912367176199371 0.904761904761905 0.928571428571429 "Uqcrc2_noRT" "non-targeting_noRT"
"7493" "Kitl" 3.94928528192856 -0.501985034392386 -0.493272423294277 0.621820110840754 NA 0.142857142857143 0.321428571428571 "Uqcrc2_noRT" "non-targeting_noRT"
"7494" "Col18a1" 21.8302837543803 0.230281790445983 0.493238086267174 0.621844369716326 0.912479433292964 0.619047619047619 0.642857142857143 "Uqcrc2_noRT" "non-targeting_noRT"
"7495" "Parg" 5.6481649573942 0.376432587294106 0.493186595942939 0.62188074804938 NA 0.380952380952381 0.375 "Uqcrc2_noRT" "non-targeting_noRT"
"7496" "Ggcx" 3.99526198983197 -0.494180842130789 -0.492910979777839 0.622075488818105 NA 0.19047619047619 0.375 "Uqcrc2_noRT" "non-targeting_noRT"
"7497" "Rtf2" 26.2997523042921 0.180279061458915 0.492597153484809 0.622297259744285 0.912764426629992 0.761904761904762 0.892857142857143 "Uqcrc2_noRT" "non-targeting_noRT"
"7498" "Thoc6" 1.55643262726017 0.709544311527439 0.492570746331584 0.622315922392457 NA 0.142857142857143 0.125 "Uqcrc2_noRT" "non-targeting_noRT"
"7499" "Nxt1" 33.5304735121167 -0.17167954343323 -0.492338947136615 0.622479751558685 0.912764426629992 0.80952380952381 0.892857142857143 "Uqcrc2_noRT" "non-targeting_noRT"
"7500" "Nabp1" 0.955587294381017 0.881337514411713 0.49160442006003 0.622999018153003 NA 0.0952380952380952 0.0714285714285714 "Uqcrc2_noRT" "non-targeting_noRT"
"7501" "Abtb1" 0.955587294381017 0.881337514411713 0.49160442006003 0.622999018153003 NA 0.0952380952380952 0.0714285714285714 "Uqcrc2_noRT" "non-targeting_noRT"
"7502" "Serac1" 0.955587294381017 0.881337514411713 0.49160442006003 0.622999018153003 NA 0.0952380952380952 0.0714285714285714 "Uqcrc2_noRT" "non-targeting_noRT"
"7503" "Lrrk2" 2.27336312895951 -0.644973568639139 -0.491579588982672 0.623016575513892 NA 0.0952380952380952 0.285714285714286 "Uqcrc2_noRT" "non-targeting_noRT"
"7504" "Btbd19" 3.05883829643524 -0.537030905452906 -0.491436679812177 0.623117626760539 NA 0.19047619047619 0.339285714285714 "Uqcrc2_noRT" "non-targeting_noRT"
"7505" "Ppp2r5a" 10.3595947132391 0.328440850175801 0.491388544748856 0.623151664719716 NA 0.428571428571429 0.517857142857143 "Uqcrc2_noRT" "non-targeting_noRT"
"7506" "Fuca1" 10.5471754287584 0.278171919781515 0.491314003921844 0.623204376691517 NA 0.476190476190476 0.660714285714286 "Uqcrc2_noRT" "non-targeting_noRT"
"7507" "Cox6a1" 158.491508935776 0.0869050163278444 0.490797371298991 0.623569769448859 0.913809134395442 1 1 "Uqcrc2_noRT" "non-targeting_noRT"
"7508" "Lamp2" 65.588286762625 0.127095864498134 0.490652495169523 0.623672250945779 0.913809134395442 0.904761904761905 1 "Uqcrc2_noRT" "non-targeting_noRT"
"7509" "Parp16" 0.952395300765895 0.937076610984514 0.490547997429907 0.623746174372755 NA 0.0952380952380952 0.0535714285714286 "Uqcrc2_noRT" "non-targeting_noRT"
"7510" "Lysmd4" 0.957189752802529 0.922808955648241 0.490426598456327 0.623832058770172 NA 0.0952380952380952 0.0714285714285714 "Uqcrc2_noRT" "non-targeting_noRT"
"7511" "Cmpk1" 41.5800134014811 -0.150535811423942 -0.490394576767314 0.623854713549329 0.913809134395442 0.857142857142857 0.928571428571429 "Uqcrc2_noRT" "non-targeting_noRT"
"7512" "Msh2" 12.0685747618604 0.270347043439307 0.490265698907869 0.623945895954674 NA 0.476190476190476 0.517857142857143 "Uqcrc2_noRT" "non-targeting_noRT"
"7513" "Prcd" 5.71688353769079 0.412156694558709 0.490185067452106 0.624002946465336 NA 0.333333333333333 0.339285714285714 "Uqcrc2_noRT" "non-targeting_noRT"
"7514" "Lpcat1" 7.25871446479919 -0.352084286539423 -0.490037995347705 0.624107012636989 NA 0.285714285714286 0.517857142857143 "Uqcrc2_noRT" "non-targeting_noRT"
"7515" "9330020H09Rik" 2.21974438018762 0.624951894460058 0.48980603390401 0.624271160565164 NA 0.142857142857143 0.178571428571429 "Uqcrc2_noRT" "non-targeting_noRT"
"7516" "Intu" 1.60299107513021 0.71889605566393 0.489455419947721 0.62451930855407 NA 0.142857142857143 0.125 "Uqcrc2_noRT" "non-targeting_noRT"
"7517" "Syf2" 29.4589726508134 -0.179158536295965 -0.489221603932502 0.624684816151938 0.914543878291814 0.904761904761905 0.910714285714286 "Uqcrc2_noRT" "non-targeting_noRT"
"7518" "Tbx4" 2.15676113929793 0.593394879339983 0.488792058968803 0.624988920601147 NA 0.19047619047619 0.178571428571429 "Uqcrc2_noRT" "non-targeting_noRT"
"7519" "Rpl10-ps3" 45.040500427895 0.141308101149501 0.488632527337666 0.625101880289036 0.914543878291814 1 1 "Uqcrc2_noRT" "non-targeting_noRT"
"7520" "Rdh14" 3.06515736454024 -0.540859098323995 -0.488607617434784 0.625119519058507 NA 0.19047619047619 0.285714285714286 "Uqcrc2_noRT" "non-targeting_noRT"
"7521" "Bckdha" 7.42237213363619 -0.348601692476673 -0.488473060897805 0.625214802617304 NA 0.333333333333333 0.535714285714286 "Uqcrc2_noRT" "non-targeting_noRT"
"7522" "Zscan18" 2.3914080842124 -0.587295063147584 -0.488308055415503 0.625331656545433 NA 0.142857142857143 0.214285714285714 "Uqcrc2_noRT" "non-targeting_noRT"
"7523" "A430018G15Rik" 0.41138814961524 -1.2330633152212 -0.488295507948589 0.62534054282209 NA 0 0.0892857142857143 "Uqcrc2_noRT" "non-targeting_noRT"
"7524" "Gm13625" 0.41138814961524 -1.2330633152212 -0.488295507948589 0.62534054282209 NA 0 0.0892857142857143 "Uqcrc2_noRT" "non-targeting_noRT"
"7525" "Mettl5os" 0.41138814961524 -1.2330633152212 -0.488295507948589 0.62534054282209 NA 0 0.0714285714285714 "Uqcrc2_noRT" "non-targeting_noRT"
"7526" "Zfp956" 0.41138814961524 -1.2330633152212 -0.488295507948589 0.62534054282209 NA 0 0.0892857142857143 "Uqcrc2_noRT" "non-targeting_noRT"
"7527" "Gm5111" 0.41138814961524 -1.2330633152212 -0.488295507948589 0.62534054282209 NA 0 0.0892857142857143 "Uqcrc2_noRT" "non-targeting_noRT"
"7528" "Dll3" 0.41138814961524 -1.2330633152212 -0.488295507948589 0.62534054282209 NA 0 0.0714285714285714 "Uqcrc2_noRT" "non-targeting_noRT"
"7529" "Gm45494" 0.41138814961524 -1.2330633152212 -0.488295507948589 0.62534054282209 NA 0 0.0892857142857143 "Uqcrc2_noRT" "non-targeting_noRT"
"7530" "Rln1" 0.41138814961524 -1.2330633152212 -0.488295507948589 0.62534054282209 NA 0 0.0892857142857143 "Uqcrc2_noRT" "non-targeting_noRT"
"7531" "Cpe" 43.4702702381521 0.15424339902943 0.48824952309279 0.625373110350896 0.914543878291814 0.761904761904762 0.910714285714286 "Uqcrc2_noRT" "non-targeting_noRT"
"7532" "Tsr1" 18.043704150083 0.214265358848783 0.488123043101821 0.625462690150601 0.914543878291814 0.666666666666667 0.678571428571429 "Uqcrc2_noRT" "non-targeting_noRT"
"7533" "Homer3" 5.17488856471596 0.403278825193514 0.488103469930908 0.625476553396655 NA 0.285714285714286 0.321428571428571 "Uqcrc2_noRT" "non-targeting_noRT"
"7534" "AI506816" 390.544811018644 -0.0874485457319137 -0.488056316503576 0.625509951675017 0.914543878291814 1 1 "Uqcrc2_noRT" "non-targeting_noRT"
"7535" "Cenpj" 3.66627442769553 -0.507661713197485 -0.487875552812435 0.625637991823412 NA 0.142857142857143 0.321428571428571 "Uqcrc2_noRT" "non-targeting_noRT"
"7536" "Tub" 0.992634680530948 0.969174110544452 0.487837294873742 0.625665092475461 NA 0.0476190476190476 0.0714285714285714 "Uqcrc2_noRT" "non-targeting_noRT"
"7537" "Rbpms2" 0.992634680530948 0.969174110544452 0.487837294873742 0.625665092475461 NA 0.0952380952380952 0.0714285714285714 "Uqcrc2_noRT" "non-targeting_noRT"
"7538" "Amdhd2" 6.38368486096532 0.359630701648996 0.487824569300156 0.625674106960886 NA 0.476190476190476 0.375 "Uqcrc2_noRT" "non-targeting_noRT"
"7539" "Mta2" 13.517504443742 0.24740750820377 0.487812879904433 0.625682387492539 0.914543878291814 0.714285714285714 0.696428571428571 "Uqcrc2_noRT" "non-targeting_noRT"
"7540" "A130051J06Rik" 1.73842130030903 -0.74344455012482 -0.487773629778354 0.625710191833939 NA 0.0952380952380952 0.214285714285714 "Uqcrc2_noRT" "non-targeting_noRT"
"7541" "Klhdc10" 5.68144021482706 -0.389791605133762 -0.487697481131306 0.625764136184683 NA 0.333333333333333 0.392857142857143 "Uqcrc2_noRT" "non-targeting_noRT"
"7542" "Rnd1" 1.36037727410001 0.813288203787838 0.48755149935748 0.625867556519255 NA 0.0952380952380952 0.0892857142857143 "Uqcrc2_noRT" "non-targeting_noRT"
"7543" "Ttc13" 8.92477399427749 -0.328051695790364 -0.487249311875082 0.626081663691416 NA 0.476190476190476 0.5 "Uqcrc2_noRT" "non-targeting_noRT"
"7544" "Cabin1" 10.8740969025957 0.284936584062211 0.487215258212182 0.626105793515723 NA 0.571428571428571 0.553571428571429 "Uqcrc2_noRT" "non-targeting_noRT"
"7545" "Mrpl38" 37.8037831465232 0.173315767831508 0.487130080989555 0.62616615034487 0.914630730966117 0.952380952380952 0.910714285714286 "Uqcrc2_noRT" "non-targeting_noRT"
"7546" "Ccdc12" 20.4646873327212 -0.203547534254808 -0.487105072886681 0.626183871635333 0.914630730966117 0.714285714285714 0.857142857142857 "Uqcrc2_noRT" "non-targeting_noRT"
"7547" "Abcb7" 12.6970916708184 -0.261489152461566 -0.486721175639768 0.626455936735905 0.914705245664494 0.523809523809524 0.660714285714286 "Uqcrc2_noRT" "non-targeting_noRT"
"7548" "Ssb" 144.440499661961 0.0860016498955906 0.486287000527979 0.626763694644733 0.914818757505826 1 0.982142857142857 "Uqcrc2_noRT" "non-targeting_noRT"
"7549" "Epb41l4a" 6.22569960114143 0.378343910427154 0.486183168615041 0.62683730382414 NA 0.333333333333333 0.321428571428571 "Uqcrc2_noRT" "non-targeting_noRT"
"7550" "Ttc5" 11.1937762367 0.270129890623228 0.486056938805095 0.626926796467758 NA 0.571428571428571 0.571428571428571 "Uqcrc2_noRT" "non-targeting_noRT"
"7551" "Cpeb4" 7.01953813181612 0.349165719042996 0.486002833272388 0.626965157132196 NA 0.476190476190476 0.375 "Uqcrc2_noRT" "non-targeting_noRT"
"7552" "Idh3b" 45.2207127280021 0.138557503538929 0.485878737671519 0.627053144360116 0.914818757505826 0.904761904761905 0.982142857142857 "Uqcrc2_noRT" "non-targeting_noRT"
"7553" "Tapt1" 4.27317572282829 0.424900060155837 0.485734766719336 0.627155230412123 NA 0.285714285714286 0.321428571428571 "Uqcrc2_noRT" "non-targeting_noRT"
"7554" "Copg1" 19.9843538182557 -0.224625225900373 -0.485306862586464 0.627458688223144 0.914818757505826 0.80952380952381 0.821428571428571 "Uqcrc2_noRT" "non-targeting_noRT"
"7555" "Nip7" 78.5031985415259 0.121144448537877 0.485104619750413 0.627602135200978 0.914818757505826 0.952380952380952 0.946428571428571 "Uqcrc2_noRT" "non-targeting_noRT"
"7556" "Chd1" 36.1481455889185 -0.181986486587376 -0.485052555884481 0.627639065384011 0.914818757505826 0.80952380952381 0.946428571428571 "Uqcrc2_noRT" "non-targeting_noRT"
"7557" "4932438A13Rik" 7.89093390536242 -0.323688260292181 -0.484774504443704 0.627836309911314 NA 0.428571428571429 0.535714285714286 "Uqcrc2_noRT" "non-targeting_noRT"
"7558" "Atxn3" 8.66236432424629 0.296584180689745 0.484671639976215 0.627909286792198 NA 0.428571428571429 0.535714285714286 "Uqcrc2_noRT" "non-targeting_noRT"
"7559" "Dhx38" 9.03733955939739 -0.344450074693183 -0.484482223424782 0.628043677301535 NA 0.285714285714286 0.553571428571429 "Uqcrc2_noRT" "non-targeting_noRT"
"7560" "Lrsam1" 0.961402464872525 0.911253012101555 0.484474304459028 0.628049296054034 NA 0.0952380952380952 0.0535714285714286 "Uqcrc2_noRT" "non-targeting_noRT"
"7561" "Tspan31" 44.0820729157873 0.151065743337192 0.484285898081776 0.628182982595395 0.915289148584417 0.80952380952381 0.982142857142857 "Uqcrc2_noRT" "non-targeting_noRT"
"7562" "Lrrc51" 2.38559291372089 -0.598282610247742 -0.484168504336364 0.628266287238387 NA 0.0952380952380952 0.267857142857143 "Uqcrc2_noRT" "non-targeting_noRT"
"7563" "Cwc22" 9.15890139889056 0.299707154281508 0.48414110996127 0.628285727444713 NA 0.428571428571429 0.571428571428571 "Uqcrc2_noRT" "non-targeting_noRT"
"7564" "Psrc1" 2.38769926975589 -0.59988101989527 -0.483960216411779 0.628414103624445 NA 0.0952380952380952 0.196428571428571 "Uqcrc2_noRT" "non-targeting_noRT"
"7565" "Polh" 3.20238211667112 -0.547145483279747 -0.483951719249749 0.628420134150141 NA 0.19047619047619 0.321428571428571 "Uqcrc2_noRT" "non-targeting_noRT"
"7566" "Tmc6" 10.7142081204248 0.279783055712148 0.483892155176616 0.628462408098534 NA 0.523809523809524 0.625 "Uqcrc2_noRT" "non-targeting_noRT"
"7567" "Pigw" 1.01273738010788 -0.968900665925826 -0.483707773174313 0.628593275832475 NA 0.0476190476190476 0.125 "Uqcrc2_noRT" "non-targeting_noRT"
"7568" "Alg6" 20.4138856181339 0.202852641108298 0.483398270087756 0.628812976264699 0.915582558272707 0.666666666666667 0.732142857142857 "Uqcrc2_noRT" "non-targeting_noRT"
"7569" "Zfp664" 9.7040932123962 0.305602360493474 0.483386779776922 0.628821133282404 NA 0.476190476190476 0.5 "Uqcrc2_noRT" "non-targeting_noRT"
"7570" "Hmgcl" 3.78649065810867 -0.493306234729192 -0.483385185425756 0.628822265122265 NA 0.19047619047619 0.339285714285714 "Uqcrc2_noRT" "non-targeting_noRT"
"7571" "Hook2" 2.31251687114444 -0.605914292099941 -0.483266327595845 0.628906645495142 NA 0.142857142857143 0.214285714285714 "Uqcrc2_noRT" "non-targeting_noRT"
"7572" "Mt2" 275.356481098689 -0.115890026865782 -0.483194035741906 0.628957969798799 0.915582558272707 1 1 "Uqcrc2_noRT" "non-targeting_noRT"
"7573" "Tppp3" 7.43121599637884 0.350462919255775 0.482987968969402 0.629104278743025 NA 0.333333333333333 0.375 "Uqcrc2_noRT" "non-targeting_noRT"
"7574" "Hnrnpk" 153.24837843934 0.0909892818976591 0.482927552832891 0.629147177411083 0.915582558272707 1 1 "Uqcrc2_noRT" "non-targeting_noRT"
"7575" "Mmp2" 9.77686822166195 -0.308833290557663 -0.482845338908354 0.629205555677684 NA 0.380952380952381 0.535714285714286 "Uqcrc2_noRT" "non-targeting_noRT"
"7576" "Ier3" 49.7888325242553 0.172800105679907 0.482584850268122 0.629390538129698 0.915582558272707 0.714285714285714 0.875 "Uqcrc2_noRT" "non-targeting_noRT"
"7577" "Prep" 7.02242172060545 -0.374416109367124 -0.482535388389504 0.629425665434999 NA 0.380952380952381 0.446428571428571 "Uqcrc2_noRT" "non-targeting_noRT"
"7578" "Denr" 58.7581872314326 -0.129201412849026 -0.482443865026277 0.629490666574638 0.915582558272707 0.904761904761905 1 "Uqcrc2_noRT" "non-targeting_noRT"
"7579" "Tspan7" 8.66070986992743 0.318223507584247 0.482411124301208 0.629513920180747 NA 0.476190476190476 0.5 "Uqcrc2_noRT" "non-targeting_noRT"
"7580" "Map3k12" 5.85497429942559 -0.425388520857572 -0.482352594369548 0.629555491096984 NA 0.285714285714286 0.357142857142857 "Uqcrc2_noRT" "non-targeting_noRT"
"7581" "Rcbtb1" 3.21758514632554 0.484821931008759 0.482296437147506 0.629595377898154 NA 0.238095238095238 0.25 "Uqcrc2_noRT" "non-targeting_noRT"
"7582" "Ilvbl" 8.68619382295105 0.295242298090297 0.482217417067239 0.629651505335715 NA 0.476190476190476 0.535714285714286 "Uqcrc2_noRT" "non-targeting_noRT"
"7583" "Peli1" 17.1807372559585 -0.219381587052402 -0.482048510630326 0.629771485626149 0.915669152326425 0.523809523809524 0.714285714285714 "Uqcrc2_noRT" "non-targeting_noRT"
"7584" "Zbtb4" 0.939679322202755 0.923537235241275 0.48187974440217 0.629891376078447 NA 0.0952380952380952 0.0535714285714286 "Uqcrc2_noRT" "non-targeting_noRT"
"7585" "Celsr2" 0.944473774239389 0.909610638742369 0.481836672254489 0.629921975819406 NA 0.0952380952380952 0.0714285714285714 "Uqcrc2_noRT" "non-targeting_noRT"
"7586" "Mrm3" 11.6283229537222 0.260400407759361 0.481507264485375 0.630156017940643 NA 0.666666666666667 0.589285714285714 "Uqcrc2_noRT" "non-targeting_noRT"
"7587" "Xylt2" 2.07307547419334 0.589209200773794 0.481498950674434 0.630161925330745 NA 0.19047619047619 0.160714285714286 "Uqcrc2_noRT" "non-targeting_noRT"
"7588" "Ivns1abp" 8.07031934432287 0.336772765170543 0.481489099253065 0.630168925302721 NA 0.476190476190476 0.464285714285714 "Uqcrc2_noRT" "non-targeting_noRT"
"7589" "Mlh1" 2.39038736575752 -0.602168991433949 -0.481310020633046 0.630296176212578 NA 0.142857142857143 0.267857142857143 "Uqcrc2_noRT" "non-targeting_noRT"
"7590" "Myh9" 17.2008450169789 -0.228800975802592 -0.481225736625275 0.630356071115147 0.915761912909476 0.619047619047619 0.660714285714286 "Uqcrc2_noRT" "non-targeting_noRT"
"7591" "Phlpp1" 9.34065213836154 -0.310816179186711 -0.481208794820534 0.630368110794886 NA 0.333333333333333 0.464285714285714 "Uqcrc2_noRT" "non-targeting_noRT"
"7592" "Ndufb7" 117.917058077553 -0.0952370512636069 -0.48076059511085 0.630686659191816 0.915761912909476 1 1 "Uqcrc2_noRT" "non-targeting_noRT"
"7593" "Szrd1" 23.3989542784469 0.192696355927949 0.480647587540861 0.630766987753325 0.915761912909476 0.80952380952381 0.803571428571429 "Uqcrc2_noRT" "non-targeting_noRT"
"7594" "Suclg1" 36.6681258228342 0.150503931121457 0.480226898174163 0.631066062456189 0.915761912909476 0.904761904761905 0.928571428571429 "Uqcrc2_noRT" "non-targeting_noRT"
"7595" "Tprn" 1.53100067013389 0.693738153827302 0.480004446272331 0.63122423144693 NA 0.142857142857143 0.125 "Uqcrc2_noRT" "non-targeting_noRT"
"7596" "Atat1" 6.85375633680055 0.329953105631744 0.479927572667567 0.631278894472888 NA 0.380952380952381 0.446428571428571 "Uqcrc2_noRT" "non-targeting_noRT"
"7597" "Erbb3" 39.9507992935076 -0.14894199641431 -0.479843750673643 0.631338500634613 0.915761912909476 0.904761904761905 0.696428571428571 "Uqcrc2_noRT" "non-targeting_noRT"
"7598" "Tgfb3" 2.70886183718742 0.596225932745895 0.479752057264154 0.631403706937811 NA 0.19047619047619 0.196428571428571 "Uqcrc2_noRT" "non-targeting_noRT"
"7599" "C430049B03Rik" 0.931739811004919 -0.933969249837363 -0.479692832836342 0.631445824968182 NA 0.0476190476190476 0.142857142857143 "Uqcrc2_noRT" "non-targeting_noRT"
"7600" "Tgoln1" 16.1877108846452 0.225738081159096 0.479523850759834 0.631566004799918 0.915761912909476 0.666666666666667 0.696428571428571 "Uqcrc2_noRT" "non-targeting_noRT"
"7601" "Ptdss1" 4.47666274272469 -0.439677963953939 -0.479496800911635 0.631585243520871 NA 0.285714285714286 0.392857142857143 "Uqcrc2_noRT" "non-targeting_noRT"
"7602" "Cmip" 3.92745534712305 0.477213486183991 0.479463004736391 0.631609280796973 NA 0.285714285714286 0.303571428571429 "Uqcrc2_noRT" "non-targeting_noRT"
"7603" "Pdik1l" 2.07786992622997 0.583822552671164 0.479436057324096 0.631628447220911 NA 0.19047619047619 0.178571428571429 "Uqcrc2_noRT" "non-targeting_noRT"
"7604" "Ano8" 2.07786992622997 0.583822552671164 0.479436057324096 0.631628447220911 NA 0.142857142857143 0.178571428571429 "Uqcrc2_noRT" "non-targeting_noRT"
"7605" "Fuom" 20.7415936543573 0.194524645938225 0.479425526751796 0.631635937187818 0.915761912909476 0.857142857142857 0.75 "Uqcrc2_noRT" "non-targeting_noRT"
"7606" "U2af2" 36.2744637849469 0.159975224131725 0.479239801742201 0.631768042032002 0.915761912909476 0.857142857142857 0.928571428571429 "Uqcrc2_noRT" "non-targeting_noRT"
"7607" "Ikbke" 1.03608096587049 0.944173731237034 0.479207416536379 0.631791078596667 NA 0.0952380952380952 0.0714285714285714 "Uqcrc2_noRT" "non-targeting_noRT"
"7608" "Abhd14b" 2.14615151676979 0.585485890961266 0.479175121198026 0.631814051591942 NA 0.19047619047619 0.142857142857143 "Uqcrc2_noRT" "non-targeting_noRT"
"7609" "Dnajc18" 5.53535144393472 0.385637266109493 0.479090750357224 0.631874069699891 NA 0.285714285714286 0.375 "Uqcrc2_noRT" "non-targeting_noRT"
"7610" "Vwa8" 1.58766484291859 0.749119227925628 0.478896078766959 0.632012560692312 NA 0.142857142857143 0.125 "Uqcrc2_noRT" "non-targeting_noRT"
"7611" "Gm41611" 1.55962462087529 0.676567010607637 0.478887177618399 0.632018893352328 NA 0.142857142857143 0.107142857142857 "Uqcrc2_noRT" "non-targeting_noRT"
"7612" "Slc35b1" 35.9193157096757 -0.163257788279605 -0.478794315776905 0.632084960871046 0.915761912909476 0.80952380952381 0.910714285714286 "Uqcrc2_noRT" "non-targeting_noRT"
"7613" "Pms1" 1.57916157642545 0.731059843936594 0.47875439318963 0.632113365112099 NA 0.142857142857143 0.125 "Uqcrc2_noRT" "non-targeting_noRT"
"7614" "Orc3" 14.2624575666801 0.238824454043908 0.478578102916633 0.632238799130775 0.915761912909476 0.523809523809524 0.714285714285714 "Uqcrc2_noRT" "non-targeting_noRT"
"7615" "Mrpl12" 139.667082123375 0.0960784732899262 0.478534755085712 0.63226964359168 0.915761912909476 1 1 "Uqcrc2_noRT" "non-targeting_noRT"
"7616" "Cers6" 5.06157314237445 0.397194481177809 0.478432664252004 0.632342289586621 NA 0.380952380952381 0.375 "Uqcrc2_noRT" "non-targeting_noRT"
"7617" "Crlf1" 4.81633616446786 0.401089571753365 0.478327234470699 0.632417315240765 NA 0.285714285714286 0.25 "Uqcrc2_noRT" "non-targeting_noRT"
"7618" "Khk" 3.2048691677624 0.48093830291255 0.478233234896639 0.632484210152509 NA 0.285714285714286 0.214285714285714 "Uqcrc2_noRT" "non-targeting_noRT"
"7619" "Helq" 4.39923607351552 -0.429292519252914 -0.478170453846951 0.632528890038236 NA 0.238095238095238 0.339285714285714 "Uqcrc2_noRT" "non-targeting_noRT"
"7620" "Zbtb11" 4.48029371482805 -0.441026883726192 -0.478138489354848 0.632551638976235 NA 0.19047619047619 0.357142857142857 "Uqcrc2_noRT" "non-targeting_noRT"
"7621" "Cep170" 9.80586424303488 -0.284159520106864 -0.478070951667821 0.632599706287842 NA 0.380952380952381 0.589285714285714 "Uqcrc2_noRT" "non-targeting_noRT"
"7622" "Kctd17" 18.2297765970189 -0.212298003881988 -0.477950616382149 0.632685354074782 0.91577554295398 0.714285714285714 0.803571428571429 "Uqcrc2_noRT" "non-targeting_noRT"
"7623" "Ccdc186" 5.63022847153409 0.392559685256686 0.477729915906646 0.632842448876167 NA 0.380952380952381 0.375 "Uqcrc2_noRT" "non-targeting_noRT"
"7624" "Lzic" 16.2905968554887 0.224062166765518 0.477615181830899 0.632924123241011 0.91577554295398 0.619047619047619 0.678571428571429 "Uqcrc2_noRT" "non-targeting_noRT"
"7625" "Shc1" 7.20880634987626 -0.344022994814269 -0.477328155758325 0.633128464636889 NA 0.380952380952381 0.535714285714286 "Uqcrc2_noRT" "non-targeting_noRT"
"7626" "Pkd2" 2.32944556177758 -0.603404124433454 -0.477252640286235 0.633182230736443 NA 0.0952380952380952 0.25 "Uqcrc2_noRT" "non-targeting_noRT"
"7627" "Eif3k" 315.982833427146 0.0738712907642883 0.477016513659066 0.633350362530489 0.91577554295398 1 1 "Uqcrc2_noRT" "non-targeting_noRT"
"7628" "Klc2" 1.52409986206225 0.705190769498377 0.476779679595568 0.633519017072068 NA 0.0952380952380952 0.107142857142857 "Uqcrc2_noRT" "non-targeting_noRT"
"7629" "Myo9b" 5.10421756950178 -0.413975574335508 -0.476700041704181 0.633575733176649 NA 0.285714285714286 0.392857142857143 "Uqcrc2_noRT" "non-targeting_noRT"
"7630" "Tufm" 14.6101989462378 -0.245729379596005 -0.47643770809805 0.633762575804176 0.91577554295398 0.523809523809524 0.714285714285714 "Uqcrc2_noRT" "non-targeting_noRT"
"7631" "Gldc" 1.60880624562172 0.744038557829815 0.476252865733532 0.633894240644902 NA 0.0952380952380952 0.107142857142857 "Uqcrc2_noRT" "non-targeting_noRT"
"7632" "Mettl18" 1.58581223248841 -0.738609496886371 -0.476201651473246 0.633930723063447 NA 0.0952380952380952 0.214285714285714 "Uqcrc2_noRT" "non-targeting_noRT"
"7633" "Dusp5" 1.5612270792968 0.702338878060153 0.476192412704839 0.633937304384073 NA 0.142857142857143 0.107142857142857 "Uqcrc2_noRT" "non-targeting_noRT"
"7634" "Adgrg6" 7.83446557861735 0.332804502400235 0.476135184488282 0.633978072069302 NA 0.476190476190476 0.392857142857143 "Uqcrc2_noRT" "non-targeting_noRT"
"7635" "Zbtb45" 2.69883594335738 0.533390896996113 0.476059538608964 0.634031961656225 NA 0.19047619047619 0.178571428571429 "Uqcrc2_noRT" "non-targeting_noRT"
"7636" "Mon1a" 2.69883594335738 0.533390896996113 0.476059538608964 0.634031961656225 NA 0.238095238095238 0.232142857142857 "Uqcrc2_noRT" "non-targeting_noRT"
"7637" "Rab19" 5.19205102755112 -0.393692817963581 -0.476010688898734 0.634066762873981 NA 0.285714285714286 0.410714285714286 "Uqcrc2_noRT" "non-targeting_noRT"
"7638" "Pdia4" 56.5839322558535 0.124191547456903 0.475841497441713 0.634187303492447 0.91577554295398 1 0.982142857142857 "Uqcrc2_noRT" "non-targeting_noRT"
"7639" "Eif5a2" 2.21182285366112 0.613377369529669 0.475774886950416 0.634234762864576 NA 0.19047619047619 0.107142857142857 "Uqcrc2_noRT" "non-targeting_noRT"
"7640" "Uba1" 19.7163365242958 -0.210444903815394 -0.475683314469183 0.634300009883736 0.91577554295398 0.571428571428571 0.785714285714286 "Uqcrc2_noRT" "non-targeting_noRT"
"7641" "Trap1" 10.9751169563242 -0.274325818501384 -0.475607521873566 0.634354015603903 NA 0.523809523809524 0.607142857142857 "Uqcrc2_noRT" "non-targeting_noRT"
"7642" "Pot1b" 2.41102487084717 -0.586273283937216 -0.475543439828122 0.634399678535804 NA 0.142857142857143 0.214285714285714 "Uqcrc2_noRT" "non-targeting_noRT"
"7643" "Tmem70" 24.687699590157 0.186380534146763 0.475365131496688 0.634526742994729 0.91577554295398 0.666666666666667 0.892857142857143 "Uqcrc2_noRT" "non-targeting_noRT"
"7644" "Bcat1" 19.7766632771968 -0.226920302646143 -0.475333351334171 0.634549391015651 0.91577554295398 0.571428571428571 0.732142857142857 "Uqcrc2_noRT" "non-targeting_noRT"
"7645" "Fndc3a" 9.25376550326203 0.28973778561005 0.475275837708144 0.63459037876856 NA 0.523809523809524 0.571428571428571 "Uqcrc2_noRT" "non-targeting_noRT"
"7646" "Rab2a" 193.435032462231 0.0817136238172881 0.475240908186768 0.634615272244114 0.91577554295398 1 1 "Uqcrc2_noRT" "non-targeting_noRT"
"7647" "Tfpt" 10.1604380562571 0.281169682992375 0.475057284323491 0.634746143591346 NA 0.523809523809524 0.571428571428571 "Uqcrc2_noRT" "non-targeting_noRT"
"7648" "Pank4" 2.68241115033773 0.516439279288424 0.475017404297131 0.634774568164249 NA 0.19047619047619 0.196428571428571 "Uqcrc2_noRT" "non-targeting_noRT"
"7649" "Actr3b" 1.52889431409889 0.697077548023467 0.47500607457887 0.634782643543057 NA 0.0952380952380952 0.125 "Uqcrc2_noRT" "non-targeting_noRT"
"7650" "Lamtor5" 51.1569919173759 0.134431833896129 0.474903680959795 0.634855627669827 0.91577554295398 0.857142857142857 0.964285714285714 "Uqcrc2_noRT" "non-targeting_noRT"
"7651" "Faap20" 24.174045903151 0.189314622526147 0.47489952638825 0.63485858904038 0.91577554295398 0.714285714285714 0.821428571428571 "Uqcrc2_noRT" "non-targeting_noRT"
"7652" "Tbc1d22a" 3.19983193523221 -0.556715400862369 -0.474877563790023 0.634874244034954 NA 0.142857142857143 0.339285714285714 "Uqcrc2_noRT" "non-targeting_noRT"
"7653" "Gm7324" 0.991595977404743 -0.954132005575291 -0.474465810969369 0.63516777268684 NA 0.0476190476190476 0.0892857142857143 "Uqcrc2_noRT" "non-targeting_noRT"
"7654" "Ddx39b" 58.1266914232715 -0.125048993165655 -0.474330789279321 0.635264038880588 0.91577554295398 0.857142857142857 0.964285714285714 "Uqcrc2_noRT" "non-targeting_noRT"
"7655" "Erg28" 40.5214256206507 0.152110552212856 0.474103243669329 0.635426285652254 0.91577554295398 0.857142857142857 0.928571428571429 "Uqcrc2_noRT" "non-targeting_noRT"
"7656" "Hps3" 3.79280972621366 -0.497540936330572 -0.474018988085562 0.635486366824551 NA 0.19047619047619 0.375 "Uqcrc2_noRT" "non-targeting_noRT"
"7657" "M6pr" 33.6434124459507 0.155847787082615 0.474008832944122 0.635493608439036 0.91577554295398 0.904761904761905 0.892857142857143 "Uqcrc2_noRT" "non-targeting_noRT"
"7658" "H2-DMa" 63.1118948548827 -0.126387505999824 -0.473861486028706 0.635598685201506 0.91577554295398 0.857142857142857 0.946428571428571 "Uqcrc2_noRT" "non-targeting_noRT"
"7659" "Ak4" 2.30772241910781 -0.60314769610327 -0.473605601250975 0.635781180455328 NA 0.0952380952380952 0.25 "Uqcrc2_noRT" "non-targeting_noRT"
"7660" "Sp3" 9.10440651253464 0.294465366505624 0.47343723760688 0.635901268306428 NA 0.523809523809524 0.589285714285714 "Uqcrc2_noRT" "non-targeting_noRT"
"7661" "Med22" 7.02299662492494 -0.355315683112137 -0.473427974322431 0.635907875758468 NA 0.285714285714286 0.446428571428571 "Uqcrc2_noRT" "non-targeting_noRT"
"7662" "Bcl2l13" 7.94192765786548 -0.336182169726779 -0.473365239036987 0.635952625270002 NA 0.380952380952381 0.553571428571429 "Uqcrc2_noRT" "non-targeting_noRT"
"7663" "Nfatc2ip" 2.25956151281625 -0.637285081318321 -0.473269138633193 0.636021176927438 NA 0.142857142857143 0.25 "Uqcrc2_noRT" "non-targeting_noRT"
"7664" "Ube2a" 25.8960862411577 0.17995276721772 0.47319803237936 0.636071901422192 0.916036996403497 0.857142857142857 0.892857142857143 "Uqcrc2_noRT" "non-targeting_noRT"
"7665" "Ccdc117" 5.88106447914954 -0.362964239925984 -0.473148209821219 0.636107443955555 NA 0.333333333333333 0.464285714285714 "Uqcrc2_noRT" "non-targeting_noRT"
"7666" "Casp1" 7.97189117570475 0.321595903166668 0.473096269156158 0.636144498401056 NA 0.380952380952381 0.464285714285714 "Uqcrc2_noRT" "non-targeting_noRT"
"7667" "Tom1l1" 1.63321748429313 0.732091519328473 0.473021294882025 0.636197986617951 NA 0.0476190476190476 0.125 "Uqcrc2_noRT" "non-targeting_noRT"
"7668" "Gm14403" 1.56173097691029 0.673255843160105 0.473017312523727 0.636200827768796 NA 0.142857142857143 0.107142857142857 "Uqcrc2_noRT" "non-targeting_noRT"
"7669" "Ermard" 1.56173097691029 0.673255843160105 0.473017312523727 0.636200827768796 NA 0.142857142857143 0.125 "Uqcrc2_noRT" "non-targeting_noRT"
"7670" "Slc39a6" 27.473737408677 0.170805362575233 0.472986385797256 0.63622289213718 0.916036996403497 0.761904761904762 0.75 "Uqcrc2_noRT" "non-targeting_noRT"
"7671" "Entpd5" 1.58101778045178 -0.733209274338055 -0.472814525466774 0.636345510076992 NA 0.0476190476190476 0.178571428571429 "Uqcrc2_noRT" "non-targeting_noRT"
"7672" "Clpp" 46.9602110564503 0.169701064807495 0.472567275966429 0.636521933735167 0.916148786711694 0.904761904761905 0.982142857142857 "Uqcrc2_noRT" "non-targeting_noRT"
"7673" "Rnf139" 9.43401608237365 0.298962372706354 0.472544067315888 0.636538495211462 NA 0.476190476190476 0.553571428571429 "Uqcrc2_noRT" "non-targeting_noRT"
"7674" "Rabep2" 3.19118876544488 -0.516932740609146 -0.472353442854998 0.636674529918547 NA 0.19047619047619 0.303571428571429 "Uqcrc2_noRT" "non-targeting_noRT"
"7675" "Epb42" 0.436303285900132 -1.30672163767009 -0.471792487882376 0.637074913417203 NA 0 0.0714285714285714 "Uqcrc2_noRT" "non-targeting_noRT"
"7676" "Rnft2" 0.436303285900132 -1.30672163767009 -0.471792487882376 0.637074913417203 NA 0 0.0714285714285714 "Uqcrc2_noRT" "non-targeting_noRT"
"7677" "Pqlc3" 0.436303285900132 -1.30672163767009 -0.471792487882376 0.637074913417203 NA 0 0.0714285714285714 "Uqcrc2_noRT" "non-targeting_noRT"
"7678" "Ubqln2" 13.9304078491791 0.234776328403251 0.471765984065936 0.637093833227989 0.916653088281439 0.619047619047619 0.660714285714286 "Uqcrc2_noRT" "non-targeting_noRT"
"7679" "Tmem158" 2.09269226082811 0.586924548471433 0.471540564866027 0.637254758807576 NA 0.142857142857143 0.178571428571429 "Uqcrc2_noRT" "non-targeting_noRT"
"7680" "Lrrc1" 3.82884931713662 -0.453114270389986 -0.471231614172649 0.637475344868424 NA 0.19047619047619 0.321428571428571 "Uqcrc2_noRT" "non-targeting_noRT"
"7681" "Smim14" 73.8040046331579 0.122129293691974 0.471018077631707 0.637627825457873 0.916983078546712 0.952380952380952 1 "Uqcrc2_noRT" "non-targeting_noRT"
"7682" "Cdk19" 10.8015098456734 0.279634569844624 0.470668129678292 0.637877746857804 NA 0.523809523809524 0.517857142857143 "Uqcrc2_noRT" "non-targeting_noRT"
"7683" "Ccdc127" 17.7260689727583 -0.209667377161144 -0.470537837262671 0.637970807964456 0.916983078546712 0.666666666666667 0.732142857142857 "Uqcrc2_noRT" "non-targeting_noRT"
"7684" "Dctn6" 15.9108701869315 -0.223667380278001 -0.470513788610825 0.637987985291441 0.916983078546712 0.666666666666667 0.785714285714286 "Uqcrc2_noRT" "non-targeting_noRT"
"7685" "Gabpb2" 8.83381942834254 -0.32809432215565 -0.47021974582861 0.638198028123307 NA 0.333333333333333 0.392857142857143 "Uqcrc2_noRT" "non-targeting_noRT"
"7686" "Rfx1" 1.57680506838178 -0.728626847582815 -0.469930106082885 0.638404954139823 NA 0.0952380952380952 0.214285714285714 "Uqcrc2_noRT" "non-targeting_noRT"
"7687" "Myo5b" 29.9045391258818 -0.187676769961852 -0.469787861392941 0.638506587685809 0.917112268287724 0.857142857142857 0.946428571428571 "Uqcrc2_noRT" "non-targeting_noRT"
"7688" "Bet1" 39.1219418291352 0.143744330234078 0.469767505936466 0.638521132174223 0.917112268287724 0.80952380952381 0.982142857142857 "Uqcrc2_noRT" "non-targeting_noRT"
"7689" "Arel1" 3.63726237976792 0.483909115043326 0.46946899045262 0.638734445009539 NA 0.238095238095238 0.25 "Uqcrc2_noRT" "non-targeting_noRT"
"7690" "Zc3h4" 5.24398566742444 -0.390440926489144 -0.469453464071888 0.63874554065006 NA 0.19047619047619 0.428571428571429 "Uqcrc2_noRT" "non-targeting_noRT"
"7691" "Hnrnpm" 62.2961588576455 -0.125885074460559 -0.469386742801976 0.638793222690761 0.917184717381807 0.952380952380952 0.964285714285714 "Uqcrc2_noRT" "non-targeting_noRT"
"7692" "Hist1h3a" 2.32043839767095 -0.596718821111893 -0.469146040306673 0.638965252003285 NA 0.0952380952380952 0.232142857142857 "Uqcrc2_noRT" "non-targeting_noRT"
"7693" "Lemd2" 9.20423035903819 -0.289434642473857 -0.46913649201271 0.638972076539463 NA 0.523809523809524 0.678571428571429 "Uqcrc2_noRT" "non-targeting_noRT"
"7694" "Pdpk1" 9.24774156350298 -0.298539986621374 -0.469051699744368 0.639032682204741 NA 0.476190476190476 0.571428571428571 "Uqcrc2_noRT" "non-targeting_noRT"
"7695" "Hist1h2ai" 0.434196929865134 -1.30060226372124 -0.4689573461038 0.63910012473844 NA 0 0.0892857142857143 "Uqcrc2_noRT" "non-targeting_noRT"
"7696" "Carmil1" 0.434196929865134 -1.30060226372124 -0.4689573461038 0.63910012473844 NA 0 0.0714285714285714 "Uqcrc2_noRT" "non-targeting_noRT"
"7697" "Rap1gap" 13.0770934943187 -0.245725948004726 -0.468763703679613 0.63923854671687 0.917505760081307 0.666666666666667 0.625 "Uqcrc2_noRT" "non-targeting_noRT"
"7698" "Cdc7" 3.86168597994802 -0.458408021193429 -0.468490656274801 0.639433751338901 NA 0.19047619047619 0.303571428571429 "Uqcrc2_noRT" "non-targeting_noRT"
"7699" "Prdm6" 1.58816874053208 0.715730856906489 0.4684462969131 0.63946546669756 NA 0.142857142857143 0.125 "Uqcrc2_noRT" "non-targeting_noRT"
"7700" "Atf7" 12.2791384624653 0.243141360898029 0.468358010369035 0.639528590383178 NA 0.619047619047619 0.625 "Uqcrc2_noRT" "non-targeting_noRT"
"7701" "Mrpl15" 75.3878034112574 -0.115992906189678 -0.467852480346773 0.639890087767732 0.917971876402159 0.952380952380952 1 "Uqcrc2_noRT" "non-targeting_noRT"
"7702" "Rbm18" 10.6431981661474 0.265899305436632 0.467508865069801 0.640135851021215 NA 0.666666666666667 0.625 "Uqcrc2_noRT" "non-targeting_noRT"
"7703" "Ttc4" 14.686542836051 -0.237081281091682 -0.467507187044809 0.640137051288502 0.917971876402159 0.523809523809524 0.75 "Uqcrc2_noRT" "non-targeting_noRT"
"7704" "Ermp1" 3.71832002108045 0.459844852214085 0.467485879339955 0.640152292467062 NA 0.285714285714286 0.214285714285714 "Uqcrc2_noRT" "non-targeting_noRT"
"7705" "Zfp933" 1.57234059943843 0.684226682937023 0.467417406977843 0.640201271059758 NA 0.0952380952380952 0.107142857142857 "Uqcrc2_noRT" "non-targeting_noRT"
"7706" "Smarca4" 28.787590598088 -0.165102573134283 -0.467174703522071 0.640374890572293 0.917971876402159 0.857142857142857 0.857142857142857 "Uqcrc2_noRT" "non-targeting_noRT"
"7707" "Zfp507" 4.51259753024337 0.412331050636072 0.467130333716609 0.640406632933053 NA 0.238095238095238 0.267857142857143 "Uqcrc2_noRT" "non-targeting_noRT"
"7708" "Atp6v0a1" 4.47613188406008 0.392919872990141 0.467005619951466 0.640495857251612 NA 0.380952380952381 0.410714285714286 "Uqcrc2_noRT" "non-targeting_noRT"
"7709" "Loxl2" 0.43840964193513 -1.31307187539452 -0.466951829275668 0.640534342469727 NA 0 0.0714285714285714 "Uqcrc2_noRT" "non-targeting_noRT"
"7710" "Sh3pxd2b" 1.61199823923684 0.705466193638255 0.466847799732652 0.640608774462133 NA 0.142857142857143 0.0892857142857143 "Uqcrc2_noRT" "non-targeting_noRT"
"7711" "Gpaa1" 23.0047963995911 -0.183236747662856 -0.466728502500042 0.640694134767963 0.917971876402159 0.80952380952381 0.839285714285714 "Uqcrc2_noRT" "non-targeting_noRT"
"7712" "March7" 16.1655636754466 0.224292847373142 0.46656471280393 0.640811338343234 0.917971876402159 0.666666666666667 0.732142857142857 "Uqcrc2_noRT" "non-targeting_noRT"
"7713" "Mtf1" 8.16527334482264 0.310260817804473 0.466498421803205 0.640858776976659 NA 0.380952380952381 0.464285714285714 "Uqcrc2_noRT" "non-targeting_noRT"
"7714" "Mcm3ap" 3.80654443450021 -0.451819612596308 -0.466371822334452 0.640949377147501 NA 0.238095238095238 0.321428571428571 "Uqcrc2_noRT" "non-targeting_noRT"
"7715" "Polg" 4.44950333584208 -0.416498942872648 -0.466337879065033 0.640973669359582 NA 0.285714285714286 0.375 "Uqcrc2_noRT" "non-targeting_noRT"
"7716" "Zfp938" 7.09913966978169 -0.333999753653623 -0.466322440768757 0.640984718227059 NA 0.333333333333333 0.553571428571429 "Uqcrc2_noRT" "non-targeting_noRT"
"7717" "Stk39" 8.09065976294993 0.294069536059235 0.466321208358137 0.640985600241131 NA 0.523809523809524 0.464285714285714 "Uqcrc2_noRT" "non-targeting_noRT"
"7718" "Arhgef40" 0.942853331146547 -0.952640392213548 -0.466103387330889 0.641141498785981 NA 0.0476190476190476 0.125 "Uqcrc2_noRT" "non-targeting_noRT"
"7719" "Wdr7" 0.942853331146547 -0.952640392213548 -0.466103387330889 0.641141498785981 NA 0.0476190476190476 0.107142857142857 "Uqcrc2_noRT" "non-targeting_noRT"
"7720" "Slc17a5" 3.99493396485533 0.421823152934246 0.465926907650459 0.64126782017074 NA 0.238095238095238 0.285714285714286 "Uqcrc2_noRT" "non-targeting_noRT"
"7721" "Tmed1" 22.5282481822131 -0.185604326618359 -0.465838119736128 0.641331377093748 0.917971876402159 0.80952380952381 0.821428571428571 "Uqcrc2_noRT" "non-targeting_noRT"
"7722" "Cep135" 1.62917868674334 -0.690932811193891 -0.46583212385256 0.641335669213084 NA 0.0952380952380952 0.178571428571429 "Uqcrc2_noRT" "non-targeting_noRT"
"7723" "Tecpr2" 1.62917868674334 -0.690932811193891 -0.46583212385256 0.641335669213084 NA 0.0952380952380952 0.178571428571429 "Uqcrc2_noRT" "non-targeting_noRT"
"7724" "Brpf3" 1.62917868674334 -0.690932811193891 -0.46583212385256 0.641335669213084 NA 0.0952380952380952 0.214285714285714 "Uqcrc2_noRT" "non-targeting_noRT"
"7725" "Jade3" 1.62917868674334 -0.690932811193891 -0.46583212385256 0.641335669213084 NA 0.0952380952380952 0.178571428571429 "Uqcrc2_noRT" "non-targeting_noRT"
"7726" "Psmg3" 28.7065623356136 -0.176574105797147 -0.465794703033544 0.641362456965589 0.917971876402159 0.714285714285714 0.892857142857143 "Uqcrc2_noRT" "non-targeting_noRT"
"7727" "Zfp609" 8.6074058390375 -0.296551764092132 -0.465768918062322 0.641380915449756 NA 0.333333333333333 0.5 "Uqcrc2_noRT" "non-targeting_noRT"
"7728" "Fam98a" 12.51621779966 -0.247521833359986 -0.465628567803886 0.641481390770369 NA 0.666666666666667 0.767857142857143 "Uqcrc2_noRT" "non-targeting_noRT"
"7729" "Eif4ebp3" 2.362784133471 -0.581012765338999 -0.465541457940249 0.64154375513717 NA 0.0952380952380952 0.285714285714286 "Uqcrc2_noRT" "non-targeting_noRT"
"7730" "Tardbp" 39.527558624828 -0.158281613070211 -0.465442189472997 0.641614827268699 0.917971876402159 0.904761904761905 0.910714285714286 "Uqcrc2_noRT" "non-targeting_noRT"
"7731" "Eif2ak4" 3.84367165173476 -0.45013005403134 -0.465339688844428 0.64168821694052 NA 0.19047619047619 0.392857142857143 "Uqcrc2_noRT" "non-targeting_noRT"
"7732" "Pphln1" 23.9279872935833 -0.192245760055324 -0.465274620677433 0.641734807070535 0.917971876402159 0.761904761904762 0.892857142857143 "Uqcrc2_noRT" "non-targeting_noRT"
"7733" "Paip2b" 10.1173413745715 -0.283857465165198 -0.465209013850464 0.64178178432012 NA 0.428571428571429 0.625 "Uqcrc2_noRT" "non-targeting_noRT"
"7734" "Aldh7a1" 11.785884177632 -0.252386730250079 -0.465205624223626 0.641784211474565 NA 0.523809523809524 0.696428571428571 "Uqcrc2_noRT" "non-targeting_noRT"
"7735" "Commd7" 22.9426565835676 0.191081678455553 0.465018121524446 0.641918479415135 0.917971876402159 0.904761904761905 0.892857142857143 "Uqcrc2_noRT" "non-targeting_noRT"
"7736" "Nop14" 83.0170870653075 0.106505991904477 0.464899357342297 0.642003530765551 0.917971876402159 0.952380952380952 0.964285714285714 "Uqcrc2_noRT" "non-targeting_noRT"
"7737" "Npr1" 23.2227205343409 0.183851557027291 0.464562205688816 0.642245002912634 0.917999938532808 0.714285714285714 0.767857142857143 "Uqcrc2_noRT" "non-targeting_noRT"
"7738" "Mex3b" 0.951374582311021 0.889321802807915 0.464540394615819 0.642260625573324 NA 0.0952380952380952 0.0714285714285714 "Uqcrc2_noRT" "non-targeting_noRT"
"7739" "Bend3" 0.970409628979155 0.885361473582761 0.464235324325654 0.642479155465596 NA 0.0952380952380952 0.0535714285714286 "Uqcrc2_noRT" "non-targeting_noRT"
"7740" "Rab18" 33.6299531381598 -0.167186132186187 -0.464070744808322 0.642597060967012 0.918185993881732 0.80952380952381 0.946428571428571 "Uqcrc2_noRT" "non-targeting_noRT"
"7741" "Ptcra" 1.35137010999338 0.824248087068833 0.463667848046844 0.642885736009234 NA 0.0476190476190476 0.0714285714285714 "Uqcrc2_noRT" "non-targeting_noRT"
"7742" "Yipf4" 78.4738581633224 0.106420978341894 0.46349983671632 0.643006131860902 0.918366465890604 0.952380952380952 1 "Uqcrc2_noRT" "non-targeting_noRT"
"7743" "Zfp282" 2.38298266007241 -0.580626765019298 -0.463444445476932 0.64304582692627 NA 0.142857142857143 0.25 "Uqcrc2_noRT" "non-targeting_noRT"
"7744" "Eif2b4" 16.6633856889924 -0.217431105193467 -0.463275039289825 0.643167234932569 0.918366465890604 0.714285714285714 0.821428571428571 "Uqcrc2_noRT" "non-targeting_noRT"
"7745" "Tmem189" 6.48639226564338 -0.342644667663736 -0.463244640513065 0.643189021773862 NA 0.285714285714286 0.517857142857143 "Uqcrc2_noRT" "non-targeting_noRT"
"7746" "Sema3b" 1.57469871234678 -0.728653376362127 -0.46250290915871 0.643720716597575 NA 0.0476190476190476 0.160714285714286 "Uqcrc2_noRT" "non-targeting_noRT"
"7747" "Eid2b" 2.09588425444323 0.563775040750692 0.462221014974624 0.643922834483235 NA 0.19047619047619 0.178571428571429 "Uqcrc2_noRT" "non-targeting_noRT"
"7748" "Ccsap" 2.39301054263391 -0.572557929708145 -0.46202315767461 0.644064713726831 NA 0.0952380952380952 0.25 "Uqcrc2_noRT" "non-targeting_noRT"
"7749" "Eif4a3" 61.8697925955844 -0.125647253411704 -0.461856957613508 0.64418390226433 0.919167685658107 0.904761904761905 0.982142857142857 "Uqcrc2_noRT" "non-targeting_noRT"
"7750" "Uqcrc1" 41.4661047531775 0.141241806933154 0.461693018144376 0.644301478606804 0.919167685658107 0.952380952380952 0.946428571428571 "Uqcrc2_noRT" "non-targeting_noRT"
"7751" "Dennd2a" 1.00585455670757 0.930300105813716 0.461536140994884 0.644413998231508 NA 0.0952380952380952 0.0714285714285714 "Uqcrc2_noRT" "non-targeting_noRT"
"7752" "Agap3" 5.91237652589258 -0.36567905135921 -0.461489294034386 0.644447600641232 NA 0.333333333333333 0.464285714285714 "Uqcrc2_noRT" "non-targeting_noRT"
"7753" "Gm35021" 1.57444695547343 0.680904041819314 0.461387030623436 0.644520954712149 NA 0.142857142857143 0.0892857142857143 "Uqcrc2_noRT" "non-targeting_noRT"
"7754" "Ccl25" 14.8030800759264 -0.236014785276887 -0.461306706368287 0.644578574140731 0.919167685658107 0.571428571428571 0.714285714285714 "Uqcrc2_noRT" "non-targeting_noRT"
"7755" "Xpo6" 9.93763297207788 -0.278810918321295 -0.46107248714019 0.644746600063963 NA 0.428571428571429 0.660714285714286 "Uqcrc2_noRT" "non-targeting_noRT"
"7756" "Rab7" 34.9171025237 -0.160549729139247 -0.460978636707943 0.644813932274368 0.919167685658107 0.80952380952381 0.946428571428571 "Uqcrc2_noRT" "non-targeting_noRT"
"7757" "2700038G22Rik" 6.90418127256487 0.332005238115263 0.460778380485869 0.64495761417076 NA 0.380952380952381 0.446428571428571 "Uqcrc2_noRT" "non-targeting_noRT"
"7758" "Rrp8" 19.334322781448 0.203919669491497 0.460693138087061 0.645018778788194 0.919167685658107 0.619047619047619 0.696428571428571 "Uqcrc2_noRT" "non-targeting_noRT"
"7759" "Tmem11" 45.7142887037918 -0.134511591847781 -0.460561531886778 0.645113215888563 0.919167685658107 0.904761904761905 1 "Uqcrc2_noRT" "non-targeting_noRT"
"7760" "Zfp207" 38.7548603775777 -0.152719419468388 -0.460324581965466 0.645283259264572 0.919167685658107 0.857142857142857 0.857142857142857 "Uqcrc2_noRT" "non-targeting_noRT"
"7761" "4930402H24Rik" 7.18695821587167 -0.31988229094828 -0.460292267369256 0.64530645076261 NA 0.333333333333333 0.517857142857143 "Uqcrc2_noRT" "non-targeting_noRT"
"7762" "Nkain2" 6.50644803076638 -0.336790287953148 -0.460011940781066 0.64550764966345 NA 0.285714285714286 0.535714285714286 "Uqcrc2_noRT" "non-targeting_noRT"
"7763" "Ccar2" 3.01155820530437 -0.491030370289067 -0.459814572478408 0.645649322450807 NA 0.19047619047619 0.303571428571429 "Uqcrc2_noRT" "non-targeting_noRT"
"7764" "Iffo2" 12.5777562555659 -0.247577231405191 -0.459796242306613 0.645662480669712 NA 0.380952380952381 0.553571428571429 "Uqcrc2_noRT" "non-targeting_noRT"
"7765" "Ulk1" 1.62017152263671 -0.681384524048909 -0.459579983100293 0.645817729592593 NA 0.0952380952380952 0.214285714285714 "Uqcrc2_noRT" "non-targeting_noRT"
"7766" "Bcor" 1.62017152263671 -0.681384524048909 -0.459579983100293 0.645817729592593 NA 0.0952380952380952 0.196428571428571 "Uqcrc2_noRT" "non-targeting_noRT"
"7767" "Snx30" 6.66124328570662 -0.353066477498685 -0.45934343182859 0.645987563525322 NA 0.238095238095238 0.392857142857143 "Uqcrc2_noRT" "non-targeting_noRT"
"7768" "Ufsp2" 20.9954929319327 -0.192673478623646 -0.459304162347618 0.646015759158768 0.919894429249478 0.761904761904762 0.803571428571429 "Uqcrc2_noRT" "non-targeting_noRT"
"7769" "Dclk1" 12.3908663383447 0.24322625515185 0.458661846532583 0.646477016467663 NA 0.666666666666667 0.482142857142857 "Uqcrc2_noRT" "non-targeting_noRT"
"7770" "Coil" 6.58271606695796 -0.341300005114292 -0.4585872622855 0.646530585423921 NA 0.285714285714286 0.5 "Uqcrc2_noRT" "non-targeting_noRT"
"7771" "Gm20628" 0.432090573830136 -1.29461621710803 -0.458577146692489 0.646537850929779 NA 0 0.0535714285714286 "Uqcrc2_noRT" "non-targeting_noRT"
"7772" "5430427N15Rik" 0.432090573830136 -1.29461621710803 -0.458577146692489 0.646537850929779 NA 0 0.0535714285714286 "Uqcrc2_noRT" "non-targeting_noRT"
"7773" "Fam71e1" 0.432090573830136 -1.29461621710803 -0.458577146692489 0.646537850929779 NA 0 0.0714285714285714 "Uqcrc2_noRT" "non-targeting_noRT"
"7774" "Plekhg5" 1.56383733294528 0.669449708245968 0.458455326344707 0.646625350814648 NA 0.142857142857143 0.0892857142857143 "Uqcrc2_noRT" "non-targeting_noRT"
"7775" "Tnfaip2" 2.69933984097086 0.516629770401281 0.45815812597649 0.646838841385833 NA 0.238095238095238 0.107142857142857 "Uqcrc2_noRT" "non-targeting_noRT"
"7776" "Tuft1" 1.61806516660171 -0.67919776627116 -0.458144911289803 0.646848334683863 NA 0.0952380952380952 0.178571428571429 "Uqcrc2_noRT" "non-targeting_noRT"
"7777" "Rbms2" 17.7739676473346 0.203519169300894 0.458092493344092 0.646885991775096 0.920400429867184 0.666666666666667 0.785714285714286 "Uqcrc2_noRT" "non-targeting_noRT"
"7778" "4931406C07Rik" 10.9819398914279 0.25321952017439 0.458072103476621 0.646900640115354 NA 0.571428571428571 0.678571428571429 "Uqcrc2_noRT" "non-targeting_noRT"
"7779" "1500011B03Rik" 39.1362201052122 -0.166384877220184 -0.457801744841337 0.647094882131629 0.920400429867184 0.761904761904762 0.857142857142857 "Uqcrc2_noRT" "non-targeting_noRT"
"7780" "Mrps18a" 51.7903871627216 -0.13359575556238 -0.457786503882749 0.647105832875254 0.920400429867184 0.80952380952381 0.982142857142857 "Uqcrc2_noRT" "non-targeting_noRT"
"7781" "Phyh" 4.99175401253838 0.370605007767056 0.457720248937206 0.647153438441017 NA 0.285714285714286 0.357142857142857 "Uqcrc2_noRT" "non-targeting_noRT"
"7782" "E430018J23Rik" 0.431508833863498 -1.29265095549424 -0.457717566778743 0.647155365658444 NA 0 0.0892857142857143 "Uqcrc2_noRT" "non-targeting_noRT"
"7783" "Nrxn3" 0.431508833863498 -1.29265095549424 -0.457717566778743 0.647155365658444 NA 0 0.0357142857142857 "Uqcrc2_noRT" "non-targeting_noRT"
"7784" "Ttc8" 0.431508833863498 -1.29265095549424 -0.457717566778743 0.647155365658444 NA 0 0.0892857142857143 "Uqcrc2_noRT" "non-targeting_noRT"
"7785" "Gstp2" 0.431508833863498 -1.29265095549424 -0.457717566778743 0.647155365658444 NA 0 0.0535714285714286 "Uqcrc2_noRT" "non-targeting_noRT"
"7786" "Sash1" 19.9381791428373 0.204971543044704 0.457570815737809 0.647260814623853 0.920400429867184 0.619047619047619 0.678571428571429 "Uqcrc2_noRT" "non-targeting_noRT"
"7787" "Polr3gl" 4.81008275130992 -0.472068775826573 -0.457554374555449 0.647272628989159 NA 0.142857142857143 0.339285714285714 "Uqcrc2_noRT" "non-targeting_noRT"
"7788" "Fam53c" 3.20550720242953 -0.500506588639306 -0.457499473023429 0.647312080977913 NA 0.19047619047619 0.303571428571429 "Uqcrc2_noRT" "non-targeting_noRT"
"7789" "Ate1" 10.9639255632146 0.25677409673049 0.457433232418525 0.64735968249143 NA 0.571428571428571 0.607142857142857 "Uqcrc2_noRT" "non-targeting_noRT"
"7790" "Pank2" 12.2018094706978 -0.259805534226875 -0.457353334285246 0.647417100433184 NA 0.476190476190476 0.714285714285714 "Uqcrc2_noRT" "non-targeting_noRT"
"7791" "Sec63" 27.010646571998 0.170853300956914 0.457111132891374 0.647591168702361 0.920553849567286 0.714285714285714 0.857142857142857 "Uqcrc2_noRT" "non-targeting_noRT"
"7792" "Tyw3" 3.02899079355099 -0.50250170589437 -0.456898401145084 0.647744073261799 NA 0.19047619047619 0.303571428571429 "Uqcrc2_noRT" "non-targeting_noRT"
"7793" "B230307C23Rik" 1.48865493433384 0.678466487544051 0.456469620980925 0.648052311457898 NA 0.142857142857143 0.0892857142857143 "Uqcrc2_noRT" "non-targeting_noRT"
"7794" "Zrsr1" 8.84672441729818 0.287849830808855 0.456380524678097 0.648116367897436 NA 0.428571428571429 0.482142857142857 "Uqcrc2_noRT" "non-targeting_noRT"
"7795" "Etv4" 9.63493080669569 0.279864619528856 0.456273726895199 0.648193154378054 NA 0.380952380952381 0.553571428571429 "Uqcrc2_noRT" "non-targeting_noRT"
"7796" "Vopp1" 1.64400102134147 -0.685013690824291 -0.455999567472195 0.648390289244823 NA 0.0952380952380952 0.214285714285714 "Uqcrc2_noRT" "non-targeting_noRT"
"7797" "Zfp35" 3.00887010930273 -0.489510303373716 -0.455996868015198 0.648392230417184 NA 0.142857142857143 0.321428571428571 "Uqcrc2_noRT" "non-targeting_noRT"
"7798" "Naif1" 0.962488102452649 0.858784216517708 0.455631098176727 0.648655276629324 NA 0.0952380952380952 0.0714285714285714 "Uqcrc2_noRT" "non-targeting_noRT"
"7799" "Gm44699" 1.56812788736843 0.69129706212834 0.455590853499586 0.64868422157836 NA 0.0952380952380952 0.125 "Uqcrc2_noRT" "non-targeting_noRT"
"7800" "Alg12" 2.35377696936437 -0.574033303315711 -0.455416390393777 0.648809705817081 NA 0.142857142857143 0.25 "Uqcrc2_noRT" "non-targeting_noRT"
"7801" "Tmem17" 1.63288750119985 -0.672947187946649 -0.454816208705171 0.64924146830308 NA 0.0952380952380952 0.196428571428571 "Uqcrc2_noRT" "non-targeting_noRT"
"7802" "Znrd1as" 9.38153926588238 0.277167886461143 0.454710783149221 0.649317322178781 NA 0.571428571428571 0.5 "Uqcrc2_noRT" "non-targeting_noRT"
"7803" "Cyb5rl" 1.54690864231215 0.667761228406463 0.454667753974496 0.649348282791817 NA 0.142857142857143 0.125 "Uqcrc2_noRT" "non-targeting_noRT"
"7804" "Rwdd2b" 3.86321059601638 -0.457930802746182 -0.454538433897911 0.649441335604042 NA 0.19047619047619 0.303571428571429 "Uqcrc2_noRT" "non-targeting_noRT"
"7805" "Kat7" 9.794089151842 -0.274123195694529 -0.454510420002335 0.649461493842829 NA 0.523809523809524 0.678571428571429 "Uqcrc2_noRT" "non-targeting_noRT"
"7806" "Slc8a3" 1.61507799540602 -0.811074911813363 -0.454329825739429 0.649591452021461 NA 0.0952380952380952 0.125 "Uqcrc2_noRT" "non-targeting_noRT"
"7807" "Pmel" 7.26079543403293 0.344109306923165 0.454281939713181 0.649625913270069 NA 0.476190476190476 0.321428571428571 "Uqcrc2_noRT" "non-targeting_noRT"
"7808" "Tut1" 6.41375520155516 -0.338758517107976 -0.453738828655965 0.650016816387355 NA 0.333333333333333 0.464285714285714 "Uqcrc2_noRT" "non-targeting_noRT"
"7809" "2610507I01Rik" 1.48283976384233 0.660141012729705 0.453724827940829 0.650026894648787 NA 0.142857142857143 0.125 "Uqcrc2_noRT" "non-targeting_noRT"
"7810" "Gm4013" 7.05199588834885 0.319748023263376 0.453699998804776 0.650044767787849 NA 0.476190476190476 0.357142857142857 "Uqcrc2_noRT" "non-targeting_noRT"
"7811" "Rufy3" 5.73678497782961 0.340105531603978 0.45365740575577 0.650075428666654 NA 0.285714285714286 0.392857142857143 "Uqcrc2_noRT" "non-targeting_noRT"
"7812" "Phf13" 4.6921969679569 -0.431240585277175 -0.45359924718038 0.650117295445978 NA 0.19047619047619 0.410714285714286 "Uqcrc2_noRT" "non-targeting_noRT"
"7813" "Prkaa1" 10.9803483981176 -0.260927611922714 -0.45348965635198 0.650196189909189 NA 0.523809523809524 0.678571428571429 "Uqcrc2_noRT" "non-targeting_noRT"
"7814" "Nmd3" 27.9724155557893 0.164306108884725 0.453487434033736 0.650197789797181 0.92394177684778 0.857142857142857 0.910714285714286 "Uqcrc2_noRT" "non-targeting_noRT"
"7815" "Top3a" 1.63078114516485 -0.670766124663082 -0.453382408632277 0.650273401364066 NA 0.0952380952380952 0.214285714285714 "Uqcrc2_noRT" "non-targeting_noRT"
"7816" "Arhgap32" 3.7790210332983 -0.457417928586181 -0.452803634022655 0.650690146612379 NA 0.19047619047619 0.357142857142857 "Uqcrc2_noRT" "non-targeting_noRT"
"7817" "Por" 5.64258554783618 -0.368678735682308 -0.452611006240705 0.650828872010091 NA 0.285714285714286 0.464285714285714 "Uqcrc2_noRT" "non-targeting_noRT"
"7818" "Rab7b" 0.422501669756868 -1.2656394177207 -0.452485468457103 0.650919287488229 NA 0 0.0714285714285714 "Uqcrc2_noRT" "non-targeting_noRT"
"7819" "Bpifa1" 0.422501669756868 -1.2656394177207 -0.452485468457103 0.650919287488229 NA 0 0.0892857142857143 "Uqcrc2_noRT" "non-targeting_noRT"
"7820" "Fam53b" 0.422501669756868 -1.2656394177207 -0.452485468457103 0.650919287488229 NA 0 0.0892857142857143 "Uqcrc2_noRT" "non-targeting_noRT"
"7821" "Ttc38" 0.422501669756868 -1.2656394177207 -0.452485468457103 0.650919287488229 NA 0 0.0714285714285714 "Uqcrc2_noRT" "non-targeting_noRT"
"7822" "Sec23a" 6.30435665814059 0.328372004829867 0.452388874286463 0.650988860542708 NA 0.428571428571429 0.410714285714286 "Uqcrc2_noRT" "non-targeting_noRT"
"7823" "Aldh16a1" 4.56039928913131 0.396543201336403 0.45225715588898 0.651083737122145 NA 0.238095238095238 0.303571428571429 "Uqcrc2_noRT" "non-targeting_noRT"
"7824" "Egln1" 26.6229703012678 0.190543799545358 0.452231465320794 0.651102242661595 0.924411484525371 0.714285714285714 0.803571428571429 "Uqcrc2_noRT" "non-targeting_noRT"
"7825" "Gmpr" 4.43511997973218 -0.410365856570071 -0.452230975056049 0.651102595813274 NA 0.285714285714286 0.392857142857143 "Uqcrc2_noRT" "non-targeting_noRT"
"7826" "Vps9d1" 3.94626916095029 0.419980482216953 0.452227176207734 0.651105332234719 NA 0.238095238095238 0.267857142857143 "Uqcrc2_noRT" "non-targeting_noRT"
"7827" "Mettl5" 26.5289919041615 0.163382486137539 0.452198495953941 0.65112599161129 0.924411484525371 0.714285714285714 0.875 "Uqcrc2_noRT" "non-targeting_noRT"
"7828" "Actr8" 5.61825215151793 -0.358873413482554 -0.451584069778829 0.651568648323094 NA 0.285714285714286 0.464285714285714 "Uqcrc2_noRT" "non-targeting_noRT"
"7829" "Scarb2" 3.73986530238191 -0.448484139188225 -0.451568853416728 0.651579612346353 NA 0.238095238095238 0.321428571428571 "Uqcrc2_noRT" "non-targeting_noRT"
"7830" "Smg7" 15.9722455560012 0.206186032564921 0.451522340003621 0.65161312766674 0.924411484525371 0.476190476190476 0.642857142857143 "Uqcrc2_noRT" "non-targeting_noRT"
"7831" "Galnt11" 6.47527874550175 -0.339290301842339 -0.451496306374129 0.651631886550807 NA 0.380952380952381 0.428571428571429 "Uqcrc2_noRT" "non-targeting_noRT"
"7832" "Nadsyn1" 0.960381746417651 0.863508201502982 0.451418707911015 0.651687802481691 NA 0.0952380952380952 0.0714285714285714 "Uqcrc2_noRT" "non-targeting_noRT"
"7833" "Gm9856" 0.960381746417651 0.863508201502982 0.451418707911015 0.651687802481691 NA 0.0952380952380952 0.0535714285714286 "Uqcrc2_noRT" "non-targeting_noRT"
"7834" "Gm5930" 0.960381746417651 0.863508201502982 0.451418707911015 0.651687802481691 NA 0.0952380952380952 0.0714285714285714 "Uqcrc2_noRT" "non-targeting_noRT"
"7835" "Ipo4" 11.803236934794 -0.248824369477767 -0.451346628147191 0.651739743500824 NA 0.476190476190476 0.660714285714286 "Uqcrc2_noRT" "non-targeting_noRT"
"7836" "Ifi204" 36.5296447456702 0.180063821242178 0.451110392412696 0.651909987933347 0.924411484525371 0.761904761904762 0.821428571428571 "Uqcrc2_noRT" "non-targeting_noRT"
"7837" "Serinc5" 6.34882167320354 0.355218055041664 0.450955136492199 0.652021883749401 NA 0.333333333333333 0.392857142857143 "Uqcrc2_noRT" "non-targeting_noRT"
"7838" "Chmp3" 28.4177295687774 0.161202537418301 0.450895623471065 0.652064777962725 0.924411484525371 0.857142857142857 0.892857142857143 "Uqcrc2_noRT" "non-targeting_noRT"
"7839" "Mtus1" 1.64247640527311 -0.683818967011925 -0.450892956825482 0.652066699983585 NA 0.0952380952380952 0.178571428571429 "Uqcrc2_noRT" "non-targeting_noRT"
"7840" "Nap1l4" 24.938624758079 0.172515088855044 0.450632872570414 0.652254170329718 0.924411484525371 0.714285714285714 0.821428571428571 "Uqcrc2_noRT" "non-targeting_noRT"
"7841" "Alad" 27.221211771065 0.177488101564595 0.450611256825567 0.652269752081968 0.924411484525371 0.714285714285714 0.928571428571429 "Uqcrc2_noRT" "non-targeting_noRT"
"7842" "Nubp1" 18.9123657936512 -0.21699083302214 -0.450547795766266 0.65231549898842 0.924411484525371 0.714285714285714 0.857142857142857 "Uqcrc2_noRT" "non-targeting_noRT"
"7843" "Fam172a" 8.25156926357572 0.307645476663892 0.450451979515001 0.652384572124102 NA 0.380952380952381 0.5 "Uqcrc2_noRT" "non-targeting_noRT"
"7844" "Crtc3" 4.04367661111353 0.441196161613009 0.450442737904965 0.652391234481281 NA 0.285714285714286 0.267857142857143 "Uqcrc2_noRT" "non-targeting_noRT"
"7845" "Mus81" 3.79121820228859 -0.44372505394878 -0.450330409920087 0.652472214921128 NA 0.238095238095238 0.410714285714286 "Uqcrc2_noRT" "non-targeting_noRT"
"7846" "Tmem147" 71.2668533280465 0.108958562695671 0.450034021619638 0.652685909341256 0.92461975106269 0.952380952380952 1 "Uqcrc2_noRT" "non-targeting_noRT"
"7847" "Dlc1" 3.73800172684047 0.435787485086523 0.449783380500663 0.652866642527894 NA 0.238095238095238 0.267857142857143 "Uqcrc2_noRT" "non-targeting_noRT"
"7848" "Lurap1l" 2.04445152345193 0.600940855966639 0.449777893564619 0.652870599295136 NA 0.19047619047619 0.142857142857143 "Uqcrc2_noRT" "non-targeting_noRT"
"7849" "Pogk" 6.43337198818993 -0.338596703528518 -0.449697902947548 0.652928283644763 NA 0.285714285714286 0.464285714285714 "Uqcrc2_noRT" "non-targeting_noRT"
"7850" "Pllp" 23.9980948238177 0.170451175633233 0.449431462680467 0.653120439064606 0.924715223048238 0.571428571428571 0.767857142857143 "Uqcrc2_noRT" "non-targeting_noRT"
"7851" "Sptlc1" 5.65369906797781 -0.373964519943017 -0.449396903850734 0.653145364410041 NA 0.285714285714286 0.446428571428571 "Uqcrc2_noRT" "non-targeting_noRT"
"7852" "Ncstn" 15.2823690593856 0.215300659219404 0.449227989760695 0.653267198238161 0.924715223048238 0.761904761904762 0.696428571428571 "Uqcrc2_noRT" "non-targeting_noRT"
"7853" "A030001D20Rik" 5.25239506500974 0.368604354900247 0.449129951325141 0.653337915335605 NA 0.380952380952381 0.428571428571429 "Uqcrc2_noRT" "non-targeting_noRT"
"7854" "Arpc1b" 733.991318085844 -0.062024626030905 -0.449011015873726 0.653423710051486 0.924715223048238 1 1 "Uqcrc2_noRT" "non-targeting_noRT"
"7855" "Rfx5" 3.00734549323437 -0.489164746895287 -0.44893452578025 0.653478889005245 NA 0.19047619047619 0.267857142857143 "Uqcrc2_noRT" "non-targeting_noRT"
"7856" "Slc35b2" 32.3080828399147 0.150613121772157 0.448281024146617 0.653950393765566 0.92502882836661 0.80952380952381 0.928571428571429 "Uqcrc2_noRT" "non-targeting_noRT"
"7857" "C2cd3" 3.93616343603563 0.403782985022073 0.448139200731786 0.65405273833178 NA 0.285714285714286 0.267857142857143 "Uqcrc2_noRT" "non-targeting_noRT"
"7858" "Atg5" 23.1262478839672 0.176167144841917 0.448084242017416 0.654092400145167 0.92502882836661 0.714285714285714 0.821428571428571 "Uqcrc2_noRT" "non-targeting_noRT"
"7859" "Cflar" 9.8637449803141 0.262973645703531 0.447735553147146 0.654344059659554 NA 0.571428571428571 0.642857142857143 "Uqcrc2_noRT" "non-targeting_noRT"
"7860" "Cpd" 13.5404531272861 0.228863418395428 0.447639152204213 0.654413642128121 0.925166946062919 0.571428571428571 0.571428571428571 "Uqcrc2_noRT" "non-targeting_noRT"
"7861" "Sirt7" 6.30937394788282 -0.357755060333275 -0.447539979381338 0.654485228480826 NA 0.285714285714286 0.446428571428571 "Uqcrc2_noRT" "non-targeting_noRT"
"7862" "Cdh6" 5.0214166970208 -0.438201889128172 -0.447493034711073 0.654519115865617 NA 0.238095238095238 0.25 "Uqcrc2_noRT" "non-targeting_noRT"
"7863" "Tradd" 6.22757180110763 0.323357177724816 0.447098803551791 0.654803722859129 NA 0.428571428571429 0.392857142857143 "Uqcrc2_noRT" "non-targeting_noRT"
"7864" "Ppp2r3a" 1.56804805628382 0.757730318945611 0.44703083172421 0.654852798779319 NA 0.0952380952380952 0.107142857142857 "Uqcrc2_noRT" "non-targeting_noRT"
"7865" "Hmbox1" 2.09319615844159 0.565377243826994 0.446948612803158 0.654912163148438 NA 0.19047619047619 0.125 "Uqcrc2_noRT" "non-targeting_noRT"
"7866" "Gm13261" 1.56721616430851 -0.723798269424929 -0.446870954817655 0.65496823639743 NA 0.0952380952380952 0.178571428571429 "Uqcrc2_noRT" "non-targeting_noRT"
"7867" "Ubqln1" 8.90278111006304 -0.28764174575292 -0.446865051690178 0.654972498853057 NA 0.428571428571429 0.517857142857143 "Uqcrc2_noRT" "non-targeting_noRT"
"7868" "P3h4" 11.0201637113538 -0.261166896621042 -0.446729462604814 0.655070406399828 NA 0.476190476190476 0.696428571428571 "Uqcrc2_noRT" "non-targeting_noRT"
"7869" "BC028528" 2.15734287926457 0.594078988341395 0.446562267038848 0.655191144841052 NA 0.142857142857143 0.125 "Uqcrc2_noRT" "non-targeting_noRT"
"7870" "Spsb2" 31.105630098504 0.167183423615174 0.446527977396785 0.655215907843491 0.925984776863513 0.904761904761905 0.875 "Uqcrc2_noRT" "non-targeting_noRT"
"7871" "Elavl2" 0.423083409723506 -1.267662831561 -0.446450229533537 0.655272056539398 NA 0 0.0535714285714286 "Uqcrc2_noRT" "non-targeting_noRT"
"7872" "1700101I11Rik" 0.423083409723506 -1.267662831561 -0.446450229533537 0.655272056539398 NA 0 0.0714285714285714 "Uqcrc2_noRT" "non-targeting_noRT"
"7873" "Gm50232" 0.423083409723506 -1.267662831561 -0.446450229533537 0.655272056539398 NA 0 0.0892857142857143 "Uqcrc2_noRT" "non-targeting_noRT"
"7874" "Pink1" 10.0575794299216 0.282343902589141 0.446430629676678 0.655286211659196 NA 0.523809523809524 0.589285714285714 "Uqcrc2_noRT" "non-targeting_noRT"
"7875" "A730017L22Rik" 1.57655331150842 0.677445647162802 0.446329174004086 0.655359485459832 NA 0.0952380952380952 0.107142857142857 "Uqcrc2_noRT" "non-targeting_noRT"
"7876" "Wdr19" 1.57655331150842 0.677445647162802 0.446329174004086 0.655359485459832 NA 0.0952380952380952 0.107142857142857 "Uqcrc2_noRT" "non-targeting_noRT"
"7877" "Gas2" 2.45605870264886 -0.570969422864337 -0.446228336105939 0.655432316376319 NA 0.142857142857143 0.25 "Uqcrc2_noRT" "non-targeting_noRT"
"7878" "Aebp2" 30.4463724023573 -0.158930852550439 -0.445573678037954 0.655905227676429 0.926623604088344 0.80952380952381 0.892857142857143 "Uqcrc2_noRT" "non-targeting_noRT"
"7879" "Dpp8" 9.27258979193116 -0.28225638747307 -0.445337617550877 0.656075786689026 NA 0.476190476190476 0.607142857142857 "Uqcrc2_noRT" "non-targeting_noRT"
"7880" "Map3k4" 13.0612702001408 -0.249723828216927 -0.445265893530687 0.656127612459319 0.926623604088344 0.571428571428571 0.642857142857143 "Uqcrc2_noRT" "non-targeting_noRT"
"7881" "Purg" 1.62388033709322 -0.66341182516621 -0.44514299953814 0.656216416067497 NA 0.0952380952380952 0.178571428571429 "Uqcrc2_noRT" "non-targeting_noRT"
"7882" "Ube3b" 4.45970709104043 0.382698376247128 0.444870674354648 0.656413216460617 NA 0.238095238095238 0.303571428571429 "Uqcrc2_noRT" "non-targeting_noRT"
"7883" "Spopl" 3.86098103742418 0.405964878829649 0.444842364598787 0.656433676352193 NA 0.285714285714286 0.267857142857143 "Uqcrc2_noRT" "non-targeting_noRT"
"7884" "BC029722" 5.95937395225087 -0.354012437479333 -0.444838461231267 0.656436497395541 NA 0.285714285714286 0.5 "Uqcrc2_noRT" "non-targeting_noRT"
"7885" "Itsn2" 9.3817674863716 -0.28477058727758 -0.444754650887158 0.656497070022877 NA 0.428571428571429 0.571428571428571 "Uqcrc2_noRT" "non-targeting_noRT"
"7886" "Foxj3" 6.32361255378285 -0.333002214062915 -0.444466561793305 0.656705299168486 NA 0.380952380952381 0.5 "Uqcrc2_noRT" "non-targeting_noRT"
"7887" "Bag4" 6.62455989387599 -0.346716513036654 -0.444383507566212 0.656765335240051 NA 0.333333333333333 0.482142857142857 "Uqcrc2_noRT" "non-targeting_noRT"
"7888" "Btf3l4" 10.5026544709499 -0.257131861457479 -0.444380826791299 0.656767273085555 NA 0.523809523809524 0.660714285714286 "Uqcrc2_noRT" "non-targeting_noRT"
"7889" "Mrpl24" 50.9294170015247 0.122505946619179 0.444365840241701 0.656778106420213 0.926623604088344 0.857142857142857 0.982142857142857 "Uqcrc2_noRT" "non-targeting_noRT"
"7890" "Shoc2" 11.2691634577309 0.243962982123643 0.443995156627849 0.657046085627055 NA 0.571428571428571 0.678571428571429 "Uqcrc2_noRT" "non-targeting_noRT"
"7891" "Acad12" 0.416182601651874 -1.24669984448468 -0.44389691474017 0.657117115269199 NA 0 0.0892857142857143 "Uqcrc2_noRT" "non-targeting_noRT"
"7892" "Tpcn2" 0.416182601651874 -1.24669984448468 -0.44389691474017 0.657117115269199 NA 0 0.0714285714285714 "Uqcrc2_noRT" "non-targeting_noRT"
"7893" "4930404N11Rik" 0.416182601651874 -1.24669984448468 -0.44389691474017 0.657117115269199 NA 0 0.0892857142857143 "Uqcrc2_noRT" "non-targeting_noRT"
"7894" "Rac3" 0.416182601651874 -1.24669984448468 -0.44389691474017 0.657117115269199 NA 0 0.0892857142857143 "Uqcrc2_noRT" "non-targeting_noRT"
"7895" "Hist1h2bp" 0.416182601651874 -1.24669984448468 -0.44389691474017 0.657117115269199 NA 0 0.0892857142857143 "Uqcrc2_noRT" "non-targeting_noRT"
"7896" "Adcy9" 0.416182601651874 -1.24669984448468 -0.44389691474017 0.657117115269199 NA 0 0.0535714285714286 "Uqcrc2_noRT" "non-targeting_noRT"
"7897" "Gm10791" 0.416182601651874 -1.24669984448468 -0.44389691474017 0.657117115269199 NA 0 0.0714285714285714 "Uqcrc2_noRT" "non-targeting_noRT"
"7898" "Cntf" 0.416182601651874 -1.24669984448468 -0.44389691474017 0.657117115269199 NA 0 0.0892857142857143 "Uqcrc2_noRT" "non-targeting_noRT"
"7899" "Btg3" 48.9914282929832 -0.138258222315547 -0.443610063889107 0.657324528370478 0.926623604088344 0.761904761904762 1 "Uqcrc2_noRT" "non-targeting_noRT"
"7900" "Bmp1" 1.49184692794896 0.645638307033041 0.443592928261577 0.657336919455708 NA 0.142857142857143 0.107142857142857 "Uqcrc2_noRT" "non-targeting_noRT"
"7901" "Slc25a19" 7.01705485823392 0.306372999384421 0.443278009355473 0.657564659836922 NA 0.380952380952381 0.410714285714286 "Uqcrc2_noRT" "non-targeting_noRT"
"7902" "Pcbd2" 26.8391817854279 -0.163088633187049 -0.443043222224072 0.657734471890731 0.926623604088344 0.857142857142857 0.910714285714286 "Uqcrc2_noRT" "non-targeting_noRT"
"7903" "Ppp1ca" 115.316320290813 0.0934925105036134 0.443035844648148 0.657739808079862 0.926623604088344 1 1 "Uqcrc2_noRT" "non-targeting_noRT"
"7904" "Brwd1" 3.88059782405895 0.405159171113494 0.442894771960757 0.657841849089266 NA 0.238095238095238 0.285714285714286 "Uqcrc2_noRT" "non-targeting_noRT"
"7905" "Arfgap3" 3.63592103846634 -0.432140392934327 -0.442863128458784 0.657864738412869 NA 0.19047619047619 0.321428571428571 "Uqcrc2_noRT" "non-targeting_noRT"
"7906" "Atp9b" 3.91387147662712 0.443811757494175 0.442609642553714 0.658048108989073 NA 0.238095238095238 0.285714285714286 "Uqcrc2_noRT" "non-targeting_noRT"
"7907" "Commd10" 8.24608551170316 -0.299457653359637 -0.442469822639038 0.658149262898239 NA 0.428571428571429 0.571428571428571 "Uqcrc2_noRT" "non-targeting_noRT"
"7908" "Mpg" 23.5199114203166 0.180438893126786 0.442460541086902 0.658155977937775 0.926623604088344 0.761904761904762 0.910714285714286 "Uqcrc2_noRT" "non-targeting_noRT"
"7909" "Fbxo8" 7.09542886659372 -0.32234231125385 -0.442268331602801 0.65829504431305 NA 0.428571428571429 0.482142857142857 "Uqcrc2_noRT" "non-targeting_noRT"
"7910" "Sike1" 21.1400065280918 0.192695921651739 0.442253479159806 0.658305790765079 0.926623604088344 0.714285714285714 0.767857142857143 "Uqcrc2_noRT" "non-targeting_noRT"
"7911" "Ripk1" 9.24016870953821 0.262451863055949 0.442240789538991 0.658314972367859 NA 0.523809523809524 0.535714285714286 "Uqcrc2_noRT" "non-targeting_noRT"
"7912" "Mndal" 95.2003489360238 0.103771386740411 0.44222280117187 0.65832798797836 0.926623604088344 0.952380952380952 1 "Uqcrc2_noRT" "non-targeting_noRT"
"7913" "Tmbim4" 106.017174245168 0.0983411669126662 0.44217577702914 0.658362013119157 0.926623604088344 0.952380952380952 1 "Uqcrc2_noRT" "non-targeting_noRT"
"7914" "Top2b" 15.16627278673 0.210575084759694 0.442127507642306 0.658396940013941 0.926623604088344 0.666666666666667 0.625 "Uqcrc2_noRT" "non-targeting_noRT"
"7915" "Nbas" 3.52898960335508 -0.485057522677764 -0.442123282003666 0.658399997648576 NA 0.142857142857143 0.321428571428571 "Uqcrc2_noRT" "non-targeting_noRT"
"7916" "Col9a1" 42.0597646240711 0.137010322646883 0.441892298027898 0.658567144293679 0.926623604088344 0.904761904761905 0.892857142857143 "Uqcrc2_noRT" "non-targeting_noRT"
"7917" "Pafah1b1" 92.7292131563526 -0.106093560257582 -0.441766177286237 0.658658416089701 0.926623604088344 0.952380952380952 0.982142857142857 "Uqcrc2_noRT" "non-targeting_noRT"
"7918" "Rhno1" 23.5274103787764 0.197729388618148 0.441566460462788 0.658802958730765 0.926623604088344 0.714285714285714 0.75 "Uqcrc2_noRT" "non-targeting_noRT"
"7919" "Itsn1" 3.46557513935902 0.447496029421676 0.44151856787302 0.658837622309852 NA 0.19047619047619 0.25 "Uqcrc2_noRT" "non-targeting_noRT"
"7920" "Dars2" 3.07664780222906 -0.47000306175978 -0.441477641166475 0.658867244720189 NA 0.19047619047619 0.303571428571429 "Uqcrc2_noRT" "non-targeting_noRT"
"7921" "Abhd8" 11.208146669582 0.256319691549271 0.441309606592105 0.65898887235928 NA 0.523809523809524 0.660714285714286 "Uqcrc2_noRT" "non-targeting_noRT"
"7922" "Lsm1" 48.8677611409302 -0.125372887283533 -0.441243482116185 0.659036737386518 0.926637451344007 0.904761904761905 0.964285714285714 "Uqcrc2_noRT" "non-targeting_noRT"
"7923" "Usp21" 1.55879074016852 -0.71423582453985 -0.44103543789438 0.659187341901707 NA 0.0952380952380952 0.178571428571429 "Uqcrc2_noRT" "non-targeting_noRT"
"7924" "Ubtd2" 3.93826979207063 0.402787550721883 0.440855309048635 0.659317749463835 NA 0.19047619047619 0.285714285714286 "Uqcrc2_noRT" "non-targeting_noRT"
"7925" "Setd6" 3.05492465955929 -0.469130970013479 -0.440797048350684 0.659359930575026 NA 0.19047619047619 0.339285714285714 "Uqcrc2_noRT" "non-targeting_noRT"
"7926" "Cd274" 15.8317036350074 -0.258261602633482 -0.440225137716624 0.659774054957657 0.927350891633957 0.428571428571429 0.589285714285714 "Uqcrc2_noRT" "non-targeting_noRT"
"7927" "Gm7160" 0.413494505650238 -1.23829827707278 -0.440131964370362 0.659841532292754 NA 0 0.0892857142857143 "Uqcrc2_noRT" "non-targeting_noRT"
"7928" "4921531C22Rik" 0.413494505650238 -1.23829827707278 -0.440131964370362 0.659841532292754 NA 0 0.0892857142857143 "Uqcrc2_noRT" "non-targeting_noRT"
"7929" "5033426O07Rik" 0.413494505650238 -1.23829827707278 -0.440131964370362 0.659841532292754 NA 0 0.0357142857142857 "Uqcrc2_noRT" "non-targeting_noRT"
"7930" "Slc22a22" 0.413494505650238 -1.23829827707278 -0.440131964370362 0.659841532292754 NA 0 0.0714285714285714 "Uqcrc2_noRT" "non-targeting_noRT"
"7931" "Gm14966" 0.413494505650238 -1.23829827707278 -0.440131964370362 0.659841532292754 NA 0 0.0714285714285714 "Uqcrc2_noRT" "non-targeting_noRT"
"7932" "Eif1b" 26.1484860443234 -0.162388761728714 -0.439780669381614 0.660095969520724 0.927350891633957 0.714285714285714 0.875 "Uqcrc2_noRT" "non-targeting_noRT"
"7933" "Pbx4" 3.41741423306746 0.428526695506316 0.439656370664019 0.660186006470564 NA 0.285714285714286 0.285714285714286 "Uqcrc2_noRT" "non-targeting_noRT"
"7934" "Tmem120a" 8.50498619119029 -0.288621823920386 -0.439334775573491 0.660418979742882 NA 0.333333333333333 0.625 "Uqcrc2_noRT" "non-targeting_noRT"
"7935" "Nek1" 8.11826299523645 0.286369590111807 0.439331371664644 0.66042144581415 NA 0.571428571428571 0.535714285714286 "Uqcrc2_noRT" "non-targeting_noRT"
"7936" "Leng8" 4.06379729536178 0.42834970967542 0.439309314885009 0.660437425647097 NA 0.238095238095238 0.321428571428571 "Uqcrc2_noRT" "non-targeting_noRT"
"7937" "Mnt" 3.00036684280959 -0.498960579226109 -0.439164380688287 0.660542432326986 NA 0.19047619047619 0.267857142857143 "Uqcrc2_noRT" "non-targeting_noRT"
"7938" "Cryzl2" 14.7427746707242 0.22029099471523 0.439076260356249 0.660606279902431 0.927350891633957 0.666666666666667 0.678571428571429 "Uqcrc2_noRT" "non-targeting_noRT"
"7939" "Cep350" 7.00862943409393 0.309845556796954 0.439067341961137 0.660612741862153 NA 0.238095238095238 0.446428571428571 "Uqcrc2_noRT" "non-targeting_noRT"
"7940" "Cisd2" 65.934140295255 0.110953770715802 0.438797573693023 0.66080821854791 0.927350891633957 0.952380952380952 0.982142857142857 "Uqcrc2_noRT" "non-targeting_noRT"
"7941" "Taco1" 6.24239413570577 0.324487635051797 0.438746477048135 0.660845246275985 NA 0.380952380952381 0.392857142857143 "Uqcrc2_noRT" "non-targeting_noRT"
"7942" "Spata6" 5.72518557536065 -0.354986455909528 -0.438606990141058 0.660946331175114 NA 0.333333333333333 0.410714285714286 "Uqcrc2_noRT" "non-targeting_noRT"
"7943" "Pdhb" 28.8863198306316 -0.157604071808977 -0.438360110180073 0.661125258007384 0.927350891633957 0.714285714285714 0.928571428571429 "Uqcrc2_noRT" "non-targeting_noRT"
"7944" "Ssr2" 127.99208997728 0.0856395143752394 0.438266727395967 0.661192942447955 0.927350891633957 1 1 "Uqcrc2_noRT" "non-targeting_noRT"
"7945" "Ttbk2" 2.98664306901948 -0.476472265845497 -0.438246409948663 0.661207669030945 NA 0.19047619047619 0.339285714285714 "Uqcrc2_noRT" "non-targeting_noRT"
"7946" "Pym1" 13.1584303757369 0.234809174513856 0.43815926849587 0.661270832775563 0.927350891633957 0.714285714285714 0.732142857142857 "Uqcrc2_noRT" "non-targeting_noRT"
"7947" "Hells" 24.1843631474081 -0.1805100776145 -0.438067995238681 0.66133699400962 0.927350891633957 0.619047619047619 0.678571428571429 "Uqcrc2_noRT" "non-targeting_noRT"
"7948" "Mpdz" 2.6390446960828 0.49086171691277 0.437533147293484 0.66172474232581 NA 0.19047619047619 0.178571428571429 "Uqcrc2_noRT" "non-targeting_noRT"
"7949" "Rrm2b" 20.5238027259787 0.200428839799868 0.437006587584738 0.662106570576353 0.927911768732741 0.761904761904762 0.767857142857143 "Uqcrc2_noRT" "non-targeting_noRT"
"7950" "Pnn" 46.0939900311463 0.125166316459906 0.436817910296708 0.662243408963613 0.927911768732741 0.80952380952381 0.875 "Uqcrc2_noRT" "non-targeting_noRT"
"7951" "Ubap2" 40.726755021278 0.137093979911805 0.436588634910579 0.662409706340386 0.927911768732741 0.761904761904762 0.946428571428571 "Uqcrc2_noRT" "non-targeting_noRT"
"7952" "Prpf40b" 2.42474665590582 -0.562668287648783 -0.436182251545575 0.662704504075386 NA 0.142857142857143 0.267857142857143 "Uqcrc2_noRT" "non-targeting_noRT"
"7953" "Kcna6" 6.49068282006652 -0.337523328568126 -0.435951040789228 0.662872251805653 NA 0.380952380952381 0.517857142857143 "Uqcrc2_noRT" "non-targeting_noRT"
"7954" "Rpap2" 2.93579406672628 -0.497711234031252 -0.435691411372769 0.66306063795977 NA 0.19047619047619 0.339285714285714 "Uqcrc2_noRT" "non-targeting_noRT"
"7955" "Bcl2l12" 8.13982846446846 0.290580877582042 0.435411420944988 0.66326382187246 NA 0.571428571428571 0.482142857142857 "Uqcrc2_noRT" "non-targeting_noRT"
"7956" "Ccnc" 17.9361690434857 -0.208086463752881 -0.434976387939691 0.663579566477904 0.928612551135784 0.571428571428571 0.785714285714286 "Uqcrc2_noRT" "non-targeting_noRT"
"7957" "Fam149a" 5.21432696040494 0.342924234480196 0.434604418980535 0.663849586929525 NA 0.333333333333333 0.321428571428571 "Uqcrc2_noRT" "non-targeting_noRT"
"7958" "Ubr2" 15.0427478429496 -0.215043908439832 -0.434492870582229 0.663930570876281 0.928612551135784 0.571428571428571 0.625 "Uqcrc2_noRT" "non-targeting_noRT"
"7959" "Gm26901" 0.409281793580242 -1.22547139297505 -0.434350068447191 0.664034250711276 NA 0 0.0892857142857143 "Uqcrc2_noRT" "non-targeting_noRT"
"7960" "Fastkd1" 0.409281793580242 -1.22547139297505 -0.434350068447191 0.664034250711276 NA 0 0.0892857142857143 "Uqcrc2_noRT" "non-targeting_noRT"
"7961" "Gm7879" 0.409281793580242 -1.22547139297505 -0.434350068447191 0.664034250711276 NA 0 0.0714285714285714 "Uqcrc2_noRT" "non-targeting_noRT"
"7962" "Gm15398" 0.409281793580242 -1.22547139297505 -0.434350068447191 0.664034250711276 NA 0 0.0714285714285714 "Uqcrc2_noRT" "non-targeting_noRT"
"7963" "Itga7" 0.409281793580242 -1.22547139297505 -0.434350068447191 0.664034250711276 NA 0 0.0714285714285714 "Uqcrc2_noRT" "non-targeting_noRT"
"7964" "Tmprss6" 0.409281793580242 -1.22547139297505 -0.434350068447191 0.664034250711276 NA 0 0.0714285714285714 "Uqcrc2_noRT" "non-targeting_noRT"
"7965" "Acvr1b" 0.409281793580242 -1.22547139297505 -0.434350068447191 0.664034250711276 NA 0 0.0892857142857143 "Uqcrc2_noRT" "non-targeting_noRT"
"7966" "Gna11" 12.60856500309 0.244164551794126 0.43418488396269 0.664154189013589 0.928612551135784 0.571428571428571 0.553571428571429 "Uqcrc2_noRT" "non-targeting_noRT"
"7967" "Ypel5" 11.7895800382458 0.240858032967345 0.434091335249848 0.664222117330871 NA 0.666666666666667 0.660714285714286 "Uqcrc2_noRT" "non-targeting_noRT"
"7968" "Sass6" 5.74377965480909 -0.340527759786418 -0.434018887152539 0.664274725800888 NA 0.238095238095238 0.446428571428571 "Uqcrc2_noRT" "non-targeting_noRT"
"7969" "Xaf1" 148.549364607859 0.093109194762146 0.434018686653626 0.664274871396255 0.928612551135784 0.952380952380952 1 "Uqcrc2_noRT" "non-targeting_noRT"
"7970" "Fbxw7" 5.69073042757305 0.330059437980215 0.433789797413124 0.664441091098464 NA 0.380952380952381 0.392857142857143 "Uqcrc2_noRT" "non-targeting_noRT"
"7971" "2010315B03Rik" 1.6810484074914 -0.636558629009094 -0.433626146405588 0.664559944819451 NA 0.0952380952380952 0.196428571428571 "Uqcrc2_noRT" "non-targeting_noRT"
"7972" "Usp14" 36.1566781274215 0.14228954742682 0.433367531723846 0.664747784367205 0.928612551135784 0.952380952380952 0.875 "Uqcrc2_noRT" "non-targeting_noRT"
"7973" "Ddx39" 122.913072366035 -0.0847313735265884 -0.433249574650454 0.664833467095563 0.928612551135784 0.952380952380952 0.964285714285714 "Uqcrc2_noRT" "non-targeting_noRT"
"7974" "Lamtor4" 76.9765140686909 -0.105915585730717 -0.433245187239228 0.664836654147577 0.928612551135784 0.952380952380952 0.982142857142857 "Uqcrc2_noRT" "non-targeting_noRT"
"7975" "March5" 50.4024265233195 0.131559123125757 0.433166435580842 0.664893861037594 0.928612551135784 0.952380952380952 0.946428571428571 "Uqcrc2_noRT" "non-targeting_noRT"
"7976" "Abcg2" 9.33707425081943 0.261055230132902 0.433125024233949 0.664923943909149 NA 0.428571428571429 0.482142857142857 "Uqcrc2_noRT" "non-targeting_noRT"
"7977" "Meak7" 0.905320032054461 0.827740100104237 0.433115422096528 0.664930919365869 NA 0.0952380952380952 0.0714285714285714 "Uqcrc2_noRT" "non-targeting_noRT"
"7978" "Npw" 0.905320032054461 0.827740100104237 0.433115422096528 0.664930919365869 NA 0.0952380952380952 0.0714285714285714 "Uqcrc2_noRT" "non-targeting_noRT"
"7979" "Agbl5" 1.50935735854873 0.64395481362938 0.43289428626447 0.6650915711484 NA 0.142857142857143 0.107142857142857 "Uqcrc2_noRT" "non-targeting_noRT"
"7980" "Nt5dc2" 9.67088162076906 0.266584708031278 0.432877090302659 0.665104064394866 NA 0.523809523809524 0.517857142857143 "Uqcrc2_noRT" "non-targeting_noRT"
"7981" "Cbx4" 4.95203145361471 0.37977948759772 0.432783357954209 0.6651721646534 NA 0.285714285714286 0.375 "Uqcrc2_noRT" "non-targeting_noRT"
"7982" "mt-Cytb" 1310.34925449309 0.0702030217689734 0.432655895723566 0.665264775438028 0.928612551135784 1 1 "Uqcrc2_noRT" "non-targeting_noRT"
"7983" "Arf1" 194.008760150152 0.0727250565859374 0.432411596662457 0.66544229113872 0.928612551135784 1 1 "Uqcrc2_noRT" "non-targeting_noRT"
"7984" "Trim26" 8.51988636814158 -0.282795047442917 -0.432355216411192 0.665483261539935 NA 0.333333333333333 0.571428571428571 "Uqcrc2_noRT" "non-targeting_noRT"
"7985" "Spcs2" 183.352320576693 0.0773727995511294 0.432340357361482 0.665494059480535 0.928612551135784 0.904761904761905 1 "Uqcrc2_noRT" "non-targeting_noRT"
"7986" "Rmnd5b" 6.54253477067101 -0.341168912419265 -0.432182546249435 0.665608743706412 NA 0.285714285714286 0.464285714285714 "Uqcrc2_noRT" "non-targeting_noRT"
"7987" "Prepl" 3.66243863317274 -0.437367893816215 -0.432134500390051 0.665643661065872 NA 0.19047619047619 0.339285714285714 "Uqcrc2_noRT" "non-targeting_noRT"
"7988" "Ets2" 1.54709548006026 -0.700738779657076 -0.432125446205617 0.665650241281465 NA 0.0952380952380952 0.142857142857143 "Uqcrc2_noRT" "non-targeting_noRT"
"7989" "Setd5" 17.4723292190378 -0.214146726341365 -0.431951814369463 0.665776434868218 0.928612551135784 0.619047619047619 0.714285714285714 "Uqcrc2_noRT" "non-targeting_noRT"
"7990" "Mrpl58" 56.8081938837927 0.112916139043507 0.431881807999656 0.66582731735618 0.928612551135784 0.904761904761905 1 "Uqcrc2_noRT" "non-targeting_noRT"
"7991" "Erlin1" 11.0718156864545 -0.239991544127863 -0.431735177497359 0.665933897283188 NA 0.476190476190476 0.714285714285714 "Uqcrc2_noRT" "non-targeting_noRT"
"7992" "Apoo" 32.2373941055816 -0.146070381317626 -0.431116513982661 0.666383653652254 0.928916612892088 0.80952380952381 0.946428571428571 "Uqcrc2_noRT" "non-targeting_noRT"
"7993" "Smc6" 42.9785453099002 0.133819119986225 0.430964335998996 0.666494302483472 0.928916612892088 0.857142857142857 0.821428571428571 "Uqcrc2_noRT" "non-targeting_noRT"
"7994" "Gm5617" 5.75649563337223 -0.338084061860212 -0.430913907229952 0.666530970915075 NA 0.285714285714286 0.428571428571429 "Uqcrc2_noRT" "non-targeting_noRT"
"7995" "Ugcg" 11.0050587119831 -0.242068339626083 -0.430910273201443 0.666533613368591 NA 0.476190476190476 0.589285714285714 "Uqcrc2_noRT" "non-targeting_noRT"
"7996" "Osbpl6" 3.40208800085584 0.441643949267453 0.430698274250566 0.666687773798168 NA 0.19047619047619 0.25 "Uqcrc2_noRT" "non-targeting_noRT"
"7997" "Ttc7b" 2.26944949208356 -0.55270704992249 -0.430672875840249 0.666706243842625 NA 0.142857142857143 0.232142857142857 "Uqcrc2_noRT" "non-targeting_noRT"
"7998" "Tlr3" 5.67438347690656 0.329096341164382 0.430368873500606 0.666927333858452 NA 0.238095238095238 0.357142857142857 "Uqcrc2_noRT" "non-targeting_noRT"
"7999" "Zfp985" 7.73413388765222 0.298151433918582 0.430348317311264 0.666942284683226 NA 0.428571428571429 0.446428571428571 "Uqcrc2_noRT" "non-targeting_noRT"
"8000" "Slc52a2" 5.19626175088965 -0.370765418951026 -0.430338182058947 0.666949656252909 NA 0.142857142857143 0.392857142857143 "Uqcrc2_noRT" "non-targeting_noRT"
"8001" "Tmem37" 2.01219858933864 0.555561380339047 0.430268105819235 0.667000624969149 NA 0.142857142857143 0.142857142857143 "Uqcrc2_noRT" "non-targeting_noRT"
"8002" "Vti1a" 5.71828277855756 -0.332018020422365 -0.430242760241384 0.667019060006349 NA 0.333333333333333 0.482142857142857 "Uqcrc2_noRT" "non-targeting_noRT"
"8003" "Senp7" 5.20800789229994 0.346352676239433 0.430225870568888 0.667031344775375 NA 0.285714285714286 0.375 "Uqcrc2_noRT" "non-targeting_noRT"
"8004" "Dnm1" 0.907426388089459 0.821907683926798 0.430156455157914 0.667081835282046 NA 0.0952380952380952 0.0714285714285714 "Uqcrc2_noRT" "non-targeting_noRT"
"8005" "Rubcn" 7.92681582284761 -0.296781461337948 -0.430151965857366 0.667085100704799 NA 0.380952380952381 0.535714285714286 "Uqcrc2_noRT" "non-targeting_noRT"
"8006" "Oas1c" 2.25833597194194 -0.542126852121587 -0.430109381743675 0.667116075806619 NA 0.142857142857143 0.25 "Uqcrc2_noRT" "non-targeting_noRT"
"8007" "Phka2" 1.49395328398396 0.640224640583147 0.429676299709875 0.667431125971045 NA 0.142857142857143 0.125 "Uqcrc2_noRT" "non-targeting_noRT"
"8008" "Ephb3" 3.6819755887229 -0.415051507130993 -0.429533126706047 0.667535291604107 NA 0.19047619047619 0.357142857142857 "Uqcrc2_noRT" "non-targeting_noRT"
"8009" "Dlgap4" 5.21740315359278 -0.370684959207632 -0.429358007519727 0.667662708417227 NA 0.19047619047619 0.357142857142857 "Uqcrc2_noRT" "non-targeting_noRT"
"8010" "Sphk2" 3.65343146906611 -0.43249062697948 -0.429060537644214 0.667879169614844 NA 0.19047619047619 0.357142857142857 "Uqcrc2_noRT" "non-targeting_noRT"
"8011" "Snrpd1" 289.580332508037 0.0898963395832696 0.428866907554163 0.668020084110833 0.930663993272681 1 1 "Uqcrc2_noRT" "non-targeting_noRT"
"8012" "Cyb561d2" 7.22023186843984 -0.301805244826949 -0.428635657680257 0.668188391776111 NA 0.428571428571429 0.535714285714286 "Uqcrc2_noRT" "non-targeting_noRT"
"8013" "Pwwp3a" 9.16115250513543 0.279384938640878 0.428515485025441 0.668275862104833 NA 0.476190476190476 0.553571428571429 "Uqcrc2_noRT" "non-targeting_noRT"
"8014" "Mier1" 39.7018223677699 0.133621919452818 0.42849533896753 0.66829052630023 0.930663993272681 0.904761904761905 0.946428571428571 "Uqcrc2_noRT" "non-targeting_noRT"
"8015" "5730455P16Rik" 3.86110225124992 -0.426389735228637 -0.428422515939261 0.668343534803963 NA 0.19047619047619 0.339285714285714 "Uqcrc2_noRT" "non-targeting_noRT"
"8016" "Znhit6" 22.5096049650515 -0.173823613939425 -0.428304439269658 0.668429487334063 0.930663993272681 0.761904761904762 0.785714285714286 "Uqcrc2_noRT" "non-targeting_noRT"
"8017" "Gng8" 0.945336604728746 -0.807227441225614 -0.428289555733212 0.668440321938798 NA 0.0476190476190476 0.107142857142857 "Uqcrc2_noRT" "non-targeting_noRT"
"8018" "Nup43" 48.0335994219429 -0.122519034368551 -0.427784977615767 0.668807674982274 0.930663993272681 0.666666666666667 0.964285714285714 "Uqcrc2_noRT" "non-targeting_noRT"
"8019" "Flywch2" 5.67219927851841 0.322910936027127 0.42778041811151 0.668810994845321 NA 0.380952380952381 0.428571428571429 "Uqcrc2_noRT" "non-targeting_noRT"
"8020" "Gm10184" 0.947442960763744 -0.811191464979118 -0.427661479181094 0.668897598863477 NA 0.0476190476190476 0.125 "Uqcrc2_noRT" "non-targeting_noRT"
"8021" "Oaz2" 11.5902658142287 -0.234526414717637 -0.427623938941346 0.668924934273212 NA 0.523809523809524 0.696428571428571 "Uqcrc2_noRT" "non-targeting_noRT"
"8022" "Utrn" 25.4112234002631 -0.176293368134415 -0.427577365521364 0.668958847919547 0.930663993272681 0.666666666666667 0.875 "Uqcrc2_noRT" "non-targeting_noRT"
"8023" "Gm10069" 0.938435796657114 -0.794234124331513 -0.427261145161822 0.669189129850476 NA 0.0476190476190476 0.107142857142857 "Uqcrc2_noRT" "non-targeting_noRT"
"8024" "Zdhhc1" 0.938435796657114 -0.794234124331513 -0.427261145161822 0.669189129850476 NA 0.0476190476190476 0.107142857142857 "Uqcrc2_noRT" "non-targeting_noRT"
"8025" "Senp8" 0.938435796657114 -0.794234124331513 -0.427261145161822 0.669189129850476 NA 0.0476190476190476 0.107142857142857 "Uqcrc2_noRT" "non-targeting_noRT"
"8026" "Dnajb2" 5.65690199608937 -0.338238728155843 -0.427091974223867 0.66931233839588 NA 0.333333333333333 0.446428571428571 "Uqcrc2_noRT" "non-targeting_noRT"
"8027" "Hc" 0.932620626165606 -0.80728375936334 -0.427076766432631 0.669323414787868 NA 0.0476190476190476 0.125 "Uqcrc2_noRT" "non-targeting_noRT"
"8028" "Scamp5" 20.8810278223386 -0.176913128754947 -0.426996967153326 0.669381536708114 0.930663993272681 0.80952380952381 0.803571428571429 "Uqcrc2_noRT" "non-targeting_noRT"
"8029" "Insig2" 9.37686980518056 0.256095448489831 0.426868052220221 0.669475436269621 NA 0.571428571428571 0.607142857142857 "Uqcrc2_noRT" "non-targeting_noRT"
"8030" "Plekha2" 9.64410326089777 -0.262161949278894 -0.426785107587699 0.669535854536418 NA 0.476190476190476 0.535714285714286 "Uqcrc2_noRT" "non-targeting_noRT"
"8031" "Sf3b3" 38.5833944457975 -0.131298912479926 -0.426748696828241 0.669562377422164 0.930663993272681 0.952380952380952 0.946428571428571 "Uqcrc2_noRT" "non-targeting_noRT"
"8032" "Cspp1" 8.71502259611189 0.259920281955819 0.426508163183753 0.669737600993742 NA 0.523809523809524 0.482142857142857 "Uqcrc2_noRT" "non-targeting_noRT"
"8033" "Rsad1" 0.934726982200604 -0.811256008947132 -0.426462382599776 0.669770953198301 NA 0.0476190476190476 0.107142857142857 "Uqcrc2_noRT" "non-targeting_noRT"
"8034" "Fubp3" 7.51052977751358 0.293872132849141 0.426297154256477 0.6698913312485 NA 0.380952380952381 0.5 "Uqcrc2_noRT" "non-targeting_noRT"
"8035" "Max" 15.3293467268689 0.218028844206758 0.426232426393081 0.669938491413555 0.930663993272681 0.666666666666667 0.642857142857143 "Uqcrc2_noRT" "non-targeting_noRT"
"8036" "Vezf1" 17.528697803822 -0.204598893727277 -0.426154033472543 0.669995609563954 0.930663993272681 0.619047619047619 0.857142857142857 "Uqcrc2_noRT" "non-targeting_noRT"
"8037" "Tob2" 14.3464859687669 0.215649825466963 0.426151975936642 0.669997108738356 0.930663993272681 0.666666666666667 0.607142857142857 "Uqcrc2_noRT" "non-targeting_noRT"
"8038" "6030443J06Rik" 0.925719818093974 -0.794260160098528 -0.42600640190012 0.67010318112016 NA 0.0476190476190476 0.107142857142857 "Uqcrc2_noRT" "non-targeting_noRT"
"8039" "Zfp346" 0.925719818093974 -0.794260160098528 -0.42600640190012 0.67010318112016 NA 0.0476190476190476 0.125 "Uqcrc2_noRT" "non-targeting_noRT"
"8040" "Ccdc73" 2.15784677687805 0.571126480832681 0.425732137844277 0.670303041231207 NA 0.142857142857143 0.0892857142857143 "Uqcrc2_noRT" "non-targeting_noRT"
"8041" "Cox14" 84.0707687357925 -0.0985437429620943 -0.425670780425073 0.670347756448591 0.930838596034989 0.904761904761905 1 "Uqcrc2_noRT" "non-targeting_noRT"
"8042" "Itpk1" 3.89010888577907 0.389050904906309 0.425565468616596 0.670424506864629 NA 0.238095238095238 0.303571428571429 "Uqcrc2_noRT" "non-targeting_noRT"
"8043" "Elmod2" 2.79217058474481 0.482147351364428 0.425443677907633 0.670513271262719 NA 0.19047619047619 0.214285714285714 "Uqcrc2_noRT" "non-targeting_noRT"
"8044" "Golga5" 8.46365918511365 -0.274617733781245 -0.425396676030133 0.670547528746024 NA 0.476190476190476 0.589285714285714 "Uqcrc2_noRT" "non-targeting_noRT"
"8045" "Mdga2" 2.85943145682975 0.468265257883878 0.425367035589006 0.670569132637705 NA 0.19047619047619 0.214285714285714 "Uqcrc2_noRT" "non-targeting_noRT"
"8046" "Rufy2" 5.7393952314781 0.332540427260271 0.425333880601596 0.670593298483277 NA 0.380952380952381 0.428571428571429 "Uqcrc2_noRT" "non-targeting_noRT"
"8047" "Gm32031" 0.936329440622116 -0.790446987174909 -0.425162551305046 0.670718181575729 NA 0.0476190476190476 0.125 "Uqcrc2_noRT" "non-targeting_noRT"
"8048" "Arhgap17" 6.23316884208503 -0.348632203954486 -0.425056270546225 0.670795654917655 NA 0.380952380952381 0.517857142857143 "Uqcrc2_noRT" "non-targeting_noRT"
"8049" "Rnh1" 82.0152562278279 -0.1039982712375 -0.424974263773257 0.67085543613375 0.931096188411257 0.904761904761905 0.982142857142857 "Uqcrc2_noRT" "non-targeting_noRT"
"8050" "Man2a1" 2.19426709347212 -0.562521718836613 -0.424713256677371 0.671045718694445 NA 0.0952380952380952 0.232142857142857 "Uqcrc2_noRT" "non-targeting_noRT"
"8051" "Pabpc4" 44.010227046883 0.124565748076944 0.424412596102852 0.671264936059942 0.931096188411257 0.952380952380952 0.928571428571429 "Uqcrc2_noRT" "non-targeting_noRT"
"8052" "Psmd6" 43.9653997185788 -0.126548855952926 -0.424319286506965 0.671332975556844 0.931096188411257 0.857142857142857 0.946428571428571 "Uqcrc2_noRT" "non-targeting_noRT"
"8053" "Gsdme" 5.01763898597612 -0.371148189246497 -0.424191489201227 0.671426167175549 NA 0.238095238095238 0.410714285714286 "Uqcrc2_noRT" "non-targeting_noRT"
"8054" "Rreb1" 2.0260002054819 0.540307686995081 0.424189637219988 0.671427517703832 NA 0.19047619047619 0.160714285714286 "Uqcrc2_noRT" "non-targeting_noRT"
"8055" "Nr2f6" 15.0710495349549 0.207540636493551 0.424181697752771 0.671433307447847 0.931096188411257 0.619047619047619 0.714285714285714 "Uqcrc2_noRT" "non-targeting_noRT"
"8056" "Rassf7" 0.923613462058976 -0.790461359301198 -0.423930000291079 0.671616864362514 NA 0.0476190476190476 0.125 "Uqcrc2_noRT" "non-targeting_noRT"
"8057" "A630052C17Rik" 0.923613462058976 -0.790461359301198 -0.423930000291079 0.671616864362514 NA 0.0476190476190476 0.125 "Uqcrc2_noRT" "non-targeting_noRT"
"8058" "Gm19967" 0.923613462058976 -0.790461359301198 -0.423930000291079 0.671616864362514 NA 0.0476190476190476 0.125 "Uqcrc2_noRT" "non-targeting_noRT"
"8059" "Gm16310" 0.923613462058976 -0.790461359301198 -0.423930000291079 0.671616864362514 NA 0.0476190476190476 0.125 "Uqcrc2_noRT" "non-targeting_noRT"
"8060" "Rcc1l" 3.89759143381734 0.384698955996119 0.423768862430013 0.671734388619503 NA 0.333333333333333 0.303571428571429 "Uqcrc2_noRT" "non-targeting_noRT"
"8061" "Rcan3" 1.67204124338477 -0.626277434374045 -0.423550066432556 0.671893978096947 NA 0.0952380952380952 0.160714285714286 "Uqcrc2_noRT" "non-targeting_noRT"
"8062" "Wdr33" 29.2812847614771 -0.149511952337928 -0.423474540011586 0.671949070391044 0.93149924732936 0.857142857142857 0.982142857142857 "Uqcrc2_noRT" "non-targeting_noRT"
"8063" "Tns3" 9.2960934689185 0.275836632600541 0.422953795332577 0.672328972413705 NA 0.523809523809524 0.535714285714286 "Uqcrc2_noRT" "non-targeting_noRT"
"8064" "Fam129b" 7.87512752644918 0.281902108948433 0.422768946375873 0.672463846522788 NA 0.428571428571429 0.392857142857143 "Uqcrc2_noRT" "non-targeting_noRT"
"8065" "Fam117b" 4.43166488026567 0.3869503778593 0.422711051641138 0.672506091291856 NA 0.238095238095238 0.303571428571429 "Uqcrc2_noRT" "non-targeting_noRT"
"8066" "Ccdc69" 0.930514270130608 -0.803551558960067 -0.422275563520737 0.672823892438206 NA 0.0476190476190476 0.107142857142857 "Uqcrc2_noRT" "non-targeting_noRT"
"8067" "Scaf4" 7.82512067644543 -0.294948440520232 -0.422238773156051 0.672850743196728 NA 0.380952380952381 0.482142857142857 "Uqcrc2_noRT" "non-targeting_noRT"
"8068" "Metap1" 9.9015789288501 0.242397977222668 0.421980861444148 0.673038986938254 NA 0.476190476190476 0.607142857142857 "Uqcrc2_noRT" "non-targeting_noRT"
"8069" "Ufl1" 18.5717198148853 0.185925391454198 0.421931097576149 0.673075310782846 0.931727301091075 0.80952380952381 0.696428571428571 "Uqcrc2_noRT" "non-targeting_noRT"
"8070" "Acp1" 101.244081697417 0.0867211480966032 0.421912042087055 0.673089220044765 0.931727301091075 0.952380952380952 0.982142857142857 "Uqcrc2_noRT" "non-targeting_noRT"
"8071" "Oxld1" 1.50085409205559 0.628713074743311 0.421835144118448 0.673145351673347 NA 0.142857142857143 0.125 "Uqcrc2_noRT" "non-targeting_noRT"
"8072" "Wdr81" 0.886566075909045 -0.811504671994387 -0.421745658065727 0.673210674259114 NA 0.0476190476190476 0.125 "Uqcrc2_noRT" "non-targeting_noRT"
"8073" "Pfdn4" 68.8997344397324 0.108275539576556 0.421740599652703 0.673214366848034 0.931727301091075 0.952380952380952 1 "Uqcrc2_noRT" "non-targeting_noRT"
"8074" "Vkorc1l1" 13.8835830844313 -0.221538667172924 -0.421173243555323 0.673628580874443 0.931727301091075 0.571428571428571 0.767857142857143 "Uqcrc2_noRT" "non-targeting_noRT"
"8075" "Zfp46" 0.877558911802415 -0.794358547924692 -0.421164190277605 0.673635191273173 NA 0.0476190476190476 0.125 "Uqcrc2_noRT" "non-targeting_noRT"
"8076" "Tagln3" 0.877558911802415 -0.794358547924692 -0.421164190277605 0.673635191273173 NA 0.0476190476190476 0.125 "Uqcrc2_noRT" "non-targeting_noRT"
"8077" "Tmem176a" 32.0895775010662 -0.141227134364362 -0.421152054694959 0.673644052306773 0.931727301091075 0.619047619047619 0.875 "Uqcrc2_noRT" "non-targeting_noRT"
"8078" "Ston2" 0.404487341543608 -1.21021920960523 -0.420931935017428 0.673804784864589 NA 0 0.0892857142857143 "Uqcrc2_noRT" "non-targeting_noRT"
"8079" "Zfp281" 8.98175016548415 -0.279313322605131 -0.42089467790377 0.673831991680824 NA 0.428571428571429 0.571428571428571 "Uqcrc2_noRT" "non-targeting_noRT"
"8080" "Crebzf" 4.32377101013148 -0.385058494065642 -0.42071040934602 0.673966559123018 NA 0.238095238095238 0.375 "Uqcrc2_noRT" "non-targeting_noRT"
"8081" "Slc4a8" 0.940542152692112 -0.798269133019402 -0.420646947333112 0.674012906508256 NA 0.0476190476190476 0.125 "Uqcrc2_noRT" "non-targeting_noRT"
"8082" "Gm2000" 26.9574589076083 -0.16555025419679 -0.420399431064406 0.674193683662539 0.931727301091075 0.714285714285714 0.946428571428571 "Uqcrc2_noRT" "non-targeting_noRT"
"8083" "Atxn7" 4.32704084609976 -0.386891522697368 -0.420347912203605 0.674231313587299 NA 0.238095238095238 0.357142857142857 "Uqcrc2_noRT" "non-targeting_noRT"
"8084" "Zc3hav1l" 2.80015703039657 0.456711135690091 0.420110901811982 0.674404438998975 NA 0.238095238095238 0.232142857142857 "Uqcrc2_noRT" "non-targeting_noRT"
"8085" "Maf1" 24.643344960826 -0.159675033186907 -0.419989556837764 0.674493082707928 0.931727301091075 0.761904761904762 0.821428571428571 "Uqcrc2_noRT" "non-targeting_noRT"
"8086" "Arsa" 3.23937320812056 0.451739835336468 0.419798671506248 0.674632535481292 NA 0.285714285714286 0.214285714285714 "Uqcrc2_noRT" "non-targeting_noRT"
"8087" "Cdyl" 5.70772403733144 0.316244417164127 0.419735282165149 0.674678847532645 NA 0.380952380952381 0.375 "Uqcrc2_noRT" "non-targeting_noRT"
"8088" "Pck2" 17.0336541611796 0.217780695932708 0.419580779904167 0.674791731555524 0.931727301091075 0.619047619047619 0.625 "Uqcrc2_noRT" "non-targeting_noRT"
"8089" "Fopnl" 9.48009441456677 0.253828248405303 0.41957411772885 0.674796599306823 NA 0.476190476190476 0.464285714285714 "Uqcrc2_noRT" "non-targeting_noRT"
"8090" "Zfp606" 1.7117787142678 -0.642497278052605 -0.419518490540845 0.674837244117582 NA 0.0952380952380952 0.178571428571429 "Uqcrc2_noRT" "non-targeting_noRT"
"8091" "Triap1" 17.8242002388268 0.206117320499851 0.419449497989381 0.674887655842508 0.931727301091075 0.666666666666667 0.714285714285714 "Uqcrc2_noRT" "non-targeting_noRT"
"8092" "Pmvk" 21.4419254485168 0.170242350370342 0.419442900143111 0.674892476856913 0.931727301091075 0.761904761904762 0.75 "Uqcrc2_noRT" "non-targeting_noRT"
"8093" "Zfp518b" 0.927826174128972 -0.798303008431192 -0.419439585825295 0.674894898617969 NA 0.0476190476190476 0.107142857142857 "Uqcrc2_noRT" "non-targeting_noRT"
"8094" "Snap47" 22.7831042668852 -0.171317533262543 -0.419277803705217 0.675013116370135 0.931727301091075 0.714285714285714 0.857142857142857 "Uqcrc2_noRT" "non-targeting_noRT"
"8095" "Gdap2" 3.9764826468853 0.391135449154592 0.419215286218595 0.675058801420461 NA 0.238095238095238 0.303571428571429 "Uqcrc2_noRT" "non-targeting_noRT"
"8096" "Wdtc1" 4.17659820652371 -0.405258772920875 -0.41918885905588 0.675078113597477 NA 0.238095238095238 0.446428571428571 "Uqcrc2_noRT" "non-targeting_noRT"
"8097" "Dclre1a" 6.40720236124814 0.297467453849198 0.419158326596033 0.675100426068745 NA 0.333333333333333 0.428571428571429 "Uqcrc2_noRT" "non-targeting_noRT"
"8098" "Mkln1" 19.1730412101906 0.184446545125483 0.418820191029527 0.675347547426605 0.931727301091075 0.714285714285714 0.678571428571429 "Uqcrc2_noRT" "non-targeting_noRT"
"8099" "Cd44" 30.8569005792576 -0.159415042223388 -0.418553311405181 0.67554261715159 0.931727301091075 0.761904761904762 0.732142857142857 "Uqcrc2_noRT" "non-targeting_noRT"
"8100" "Ptpn11" 15.0530618774772 -0.207372231311682 -0.418536892977625 0.675554618547652 0.931727301091075 0.619047619047619 0.696428571428571 "Uqcrc2_noRT" "non-targeting_noRT"
"8101" "Map9" 2.43005792878384 -0.534078957984265 -0.418431565247145 0.67563161203619 NA 0.0952380952380952 0.25 "Uqcrc2_noRT" "non-targeting_noRT"
"8102" "Snf8" 58.7386216474401 -0.110273489230986 -0.418343607815345 0.675695910615012 0.931727301091075 0.904761904761905 0.964285714285714 "Uqcrc2_noRT" "non-targeting_noRT"
"8103" "Tor1a" 21.6561815079838 -0.179921163401908 -0.418315855224062 0.67571619878548 0.931727301091075 0.619047619047619 0.875 "Uqcrc2_noRT" "non-targeting_noRT"
"8104" "Pidd1" 1.70066519412618 -0.631909816638804 -0.418311703882337 0.67571923359004 NA 0.0952380952380952 0.178571428571429 "Uqcrc2_noRT" "non-targeting_noRT"
"8105" "D430042O09Rik" 4.50903147726526 0.395183225894413 0.418137526219509 0.675846569500766 NA 0.333333333333333 0.285714285714286 "Uqcrc2_noRT" "non-targeting_noRT"
"8106" "Gm20939" 0.929428632550484 -0.777663532640315 -0.418096285905858 0.6758767203786 NA 0.0476190476190476 0.125 "Uqcrc2_noRT" "non-targeting_noRT"
"8107" "Rnf123" 2.78316342063818 0.493430134102962 0.418061759661276 0.675901962986592 NA 0.19047619047619 0.178571428571429 "Uqcrc2_noRT" "non-targeting_noRT"
"8108" "Pdzd2" 2.73376405024441 0.515880820520946 0.417899628970664 0.676020503816594 NA 0.142857142857143 0.142857142857143 "Uqcrc2_noRT" "non-targeting_noRT"
"8109" "Bysl" 12.0752995279562 -0.240112730435521 -0.417789224791689 0.67610122973153 NA 0.666666666666667 0.803571428571429 "Uqcrc2_noRT" "non-targeting_noRT"
"8110" "Gadd45gip1" 129.473201132008 0.0774638828808001 0.41772758366311 0.676146302439771 0.931983504277248 0.952380952380952 1 "Uqcrc2_noRT" "non-targeting_noRT"
"8111" "Otud4" 5.78606047148389 -0.321903241655154 -0.417700370332261 0.676166201512259 NA 0.333333333333333 0.446428571428571 "Uqcrc2_noRT" "non-targeting_noRT"
"8112" "Foxn3" 9.58347470865929 0.261798959224483 0.417678668178465 0.676182070835489 NA 0.428571428571429 0.535714285714286 "Uqcrc2_noRT" "non-targeting_noRT"
"8113" "Slc18b1" 2.09217543998672 0.543568838108698 0.417670360664384 0.67618814559902 NA 0.0952380952380952 0.160714285714286 "Uqcrc2_noRT" "non-targeting_noRT"
"8114" "Zfp654" 2.33032637693826 -0.517831479030958 -0.417384982379446 0.676396837620147 NA 0.142857142857143 0.214285714285714 "Uqcrc2_noRT" "non-targeting_noRT"
"8115" "Nufip2" 28.5932960057965 -0.158338228853353 -0.41734873801173 0.676423344255575 0.931983504277248 0.714285714285714 0.839285714285714 "Uqcrc2_noRT" "non-targeting_noRT"
"8116" "Gm26670" 0.889412059876199 0.866051678501684 0.417166376102677 0.67655671728511 NA 0.0952380952380952 0.0714285714285714 "Uqcrc2_noRT" "non-targeting_noRT"
"8117" "Sox5" 0.889412059876199 0.866051678501684 0.417166376102677 0.67655671728511 NA 0.0476190476190476 0.0535714285714286 "Uqcrc2_noRT" "non-targeting_noRT"
"8118" "Grhl2" 0.889412059876199 0.866051678501684 0.417166376102677 0.67655671728511 NA 0.0476190476190476 0.0535714285714286 "Uqcrc2_noRT" "non-targeting_noRT"
"8119" "Ap2m1" 33.691460976482 -0.147101077382164 -0.417137712576739 0.676577681693778 0.931983504277248 0.904761904761905 0.946428571428571 "Uqcrc2_noRT" "non-targeting_noRT"
"8120" "Gm17354" 1.00643629667421 0.93081804951877 0.41712780066106 0.676584931294658 NA 0.0952380952380952 0.0535714285714286 "Uqcrc2_noRT" "non-targeting_noRT"
"8121" "Arid5b" 8.97252724446164 -0.276267960657006 -0.417062762161136 0.676632501366058 NA 0.428571428571429 0.482142857142857 "Uqcrc2_noRT" "non-targeting_noRT"
"8122" "Mgst3" 0.40238098550861 -1.20362560843734 -0.417024582168847 0.676660427349215 NA 0 0.0892857142857143 "Uqcrc2_noRT" "non-targeting_noRT"
"8123" "2210417A02Rik" 0.40238098550861 -1.20362560843734 -0.417024582168847 0.676660427349215 NA 0 0.0892857142857143 "Uqcrc2_noRT" "non-targeting_noRT"
"8124" "Zfp418" 0.40238098550861 -1.20362560843734 -0.417024582168847 0.676660427349215 NA 0 0.0535714285714286 "Uqcrc2_noRT" "non-targeting_noRT"
"8125" "Trak1" 0.916712653987344 -0.777642377762747 -0.416852732568749 0.676786128767747 NA 0.0476190476190476 0.125 "Uqcrc2_noRT" "non-targeting_noRT"
"8126" "Abhd4" 2.32611366486827 -0.514557464799327 -0.41682413269842 0.676807049354614 NA 0.142857142857143 0.214285714285714 "Uqcrc2_noRT" "non-targeting_noRT"
"8127" "1810044D09Rik" 4.25875925555994 -0.394241516778053 -0.416719968005622 0.676883247140617 NA 0.238095238095238 0.392857142857143 "Uqcrc2_noRT" "non-targeting_noRT"
"8128" "Mrpl18" 116.507802415703 -0.10239332805876 -0.416607991118671 0.676965163334145 0.932034478102589 0.952380952380952 1 "Uqcrc2_noRT" "non-targeting_noRT"
"8129" "Sf3b1" 66.3448580038418 0.100893818304039 0.416471302864066 0.677065162198256 0.932034478102589 0.904761904761905 0.946428571428571 "Uqcrc2_noRT" "non-targeting_noRT"
"8130" "Smg5" 6.80872410986355 -0.331931517067006 -0.416433702210116 0.677092671212631 NA 0.285714285714286 0.571428571428571 "Uqcrc2_noRT" "non-targeting_noRT"
"8131" "Ttc3" 12.4491959305595 -0.221161193255173 -0.41631238300747 0.677181432491135 NA 0.571428571428571 0.732142857142857 "Uqcrc2_noRT" "non-targeting_noRT"
"8132" "Mcph1" 7.4571752491884 -0.323310449974369 -0.416109754125131 0.677329692709078 NA 0.380952380952381 0.517857142857143 "Uqcrc2_noRT" "non-targeting_noRT"
"8133" "Fbxw4" 2.45599378352361 -0.536347036462595 -0.41606615997167 0.677361591467871 NA 0.0952380952380952 0.232142857142857 "Uqcrc2_noRT" "non-targeting_noRT"
"8134" "Elovl1" 39.4343045032814 0.143432056238192 0.415989366940698 0.67741778395071 0.932209773857013 0.857142857142857 0.910714285714286 "Uqcrc2_noRT" "non-targeting_noRT"
"8135" "Neo1" 2.29596708678997 -0.561804561991327 -0.415971514345131 0.677430847654628 NA 0.142857142857143 0.25 "Uqcrc2_noRT" "non-targeting_noRT"
"8136" "Gm35315" 0.509033318828614 1.04081099321044 0.415269159431492 0.677944875454519 NA 0.0476190476190476 0.0357142857142857 "Uqcrc2_noRT" "non-targeting_noRT"
"8137" "Mkln1os" 0.509033318828614 1.04081099321044 0.415269159431492 0.677944875454519 NA 0.0476190476190476 0.0357142857142857 "Uqcrc2_noRT" "non-targeting_noRT"
"8138" "Mzf1" 0.509033318828614 1.04081099321044 0.415269159431492 0.677944875454519 NA 0.0476190476190476 0.0357142857142857 "Uqcrc2_noRT" "non-targeting_noRT"
"8139" "1500009C09Rik" 0.509033318828614 1.04081099321044 0.415269159431492 0.677944875454519 NA 0.0476190476190476 0.0357142857142857 "Uqcrc2_noRT" "non-targeting_noRT"
"8140" "Crim1" 0.509033318828614 1.04081099321044 0.415269159431492 0.677944875454519 NA 0.0476190476190476 0.0357142857142857 "Uqcrc2_noRT" "non-targeting_noRT"
"8141" "Csf1" 5.05118611240933 0.366950364357794 0.415159630807417 0.678025048957392 NA 0.333333333333333 0.25 "Uqcrc2_noRT" "non-targeting_noRT"
"8142" "Pop1" 8.96881644127367 -0.265133576313899 -0.414770306918106 0.678310058395803 NA 0.380952380952381 0.571428571428571 "Uqcrc2_noRT" "non-targeting_noRT"
"8143" "Dixdc1" 0.879665267837413 -0.79843358589322 -0.414691187239127 0.678367984578091 NA 0.0476190476190476 0.107142857142857 "Uqcrc2_noRT" "non-targeting_noRT"
"8144" "9530077C05Rik" 1.69855883809118 -0.629098361318553 -0.41441192763149 0.678572455135236 NA 0.0952380952380952 0.178571428571429 "Uqcrc2_noRT" "non-targeting_noRT"
"8145" "2500004C02Rik" 0.934223084587118 -0.786676067866471 -0.41434157075367 0.678623973335405 NA 0.0476190476190476 0.125 "Uqcrc2_noRT" "non-targeting_noRT"
"8146" "Tnfaip8" 48.1993587056793 0.157722807798472 0.41430835893744 0.678648292915284 0.932990383597989 0.857142857142857 0.892857142857143 "Uqcrc2_noRT" "non-targeting_noRT"
"8147" "Cyfip2" 0.896312867947831 0.846023724024764 0.414255235562125 0.678687193566371 NA 0.0952380952380952 0.0714285714285714 "Uqcrc2_noRT" "non-targeting_noRT"
"8148" "Gle1" 12.7938216923048 0.220858136978878 0.414224071302206 0.678710014615669 0.932990383597989 0.523809523809524 0.625 "Uqcrc2_noRT" "non-targeting_noRT"
"8149" "Rmst" 0.931534988585482 -0.781422403384027 -0.414204505172066 0.678724342705386 NA 0.0476190476190476 0.125 "Uqcrc2_noRT" "non-targeting_noRT"
"8150" "Stpg2" 0.891518415911197 0.859611568444296 0.414178012162578 0.678743743467572 NA 0.0476190476190476 0.0714285714285714 "Uqcrc2_noRT" "non-targeting_noRT"
"8151" "Sbk1" 0.891518415911197 0.859611568444296 0.414178012162578 0.678743743467572 NA 0.0952380952380952 0.0535714285714286 "Uqcrc2_noRT" "non-targeting_noRT"
"8152" "Spa17" 2.83088733717296 0.445977738331667 0.413962869651844 0.678901299653376 NA 0.19047619047619 0.178571428571429 "Uqcrc2_noRT" "non-targeting_noRT"
"8153" "Mid2" 3.39619498801118 0.419291695358403 0.413948658195624 0.678911707680793 NA 0.238095238095238 0.25 "Uqcrc2_noRT" "non-targeting_noRT"
"8154" "Rars2" 12.5796597779129 -0.236076268212772 -0.413919739919002 0.678932886713967 NA 0.428571428571429 0.732142857142857 "Uqcrc2_noRT" "non-targeting_noRT"
"8155" "Hras" 49.4520698107598 0.126593538830519 0.413875215449412 0.678965495833931 0.932990383597989 1 0.964285714285714 "Uqcrc2_noRT" "non-targeting_noRT"
"8156" "Ppp2r5b" 3.67609549910614 -0.402022241464789 -0.413790867455007 0.67902727281285 NA 0.238095238095238 0.375 "Uqcrc2_noRT" "non-targeting_noRT"
"8157" "Hps6" 3.08246297272057 -0.459290786643708 -0.413640914729539 0.679137104415543 NA 0.142857142857143 0.285714285714286 "Uqcrc2_noRT" "non-targeting_noRT"
"8158" "Piwil4" 2.80858245453656 0.449936574313875 0.413470484724281 0.679261942699835 NA 0.238095238095238 0.196428571428571 "Uqcrc2_noRT" "non-targeting_noRT"
"8159" "Gjc3" 182.057395717945 0.073071278398476 0.41314058955761 0.679503612622046 0.932990383597989 1 1 "Uqcrc2_noRT" "non-targeting_noRT"
"8160" "Atxn1" 0.918819010022342 -0.781413303580816 -0.412973233913773 0.679626224241222 NA 0.0476190476190476 0.125 "Uqcrc2_noRT" "non-targeting_noRT"
"8161" "Nampt" 29.5104695072649 -0.159786397110881 -0.412684707359921 0.679837630544067 0.932990383597989 0.666666666666667 0.910714285714286 "Uqcrc2_noRT" "non-targeting_noRT"
"8162" "Pafah1b2" 33.6320054639674 -0.147969122638665 -0.412596005936935 0.679902628027127 0.932990383597989 0.857142857142857 0.964285714285714 "Uqcrc2_noRT" "non-targeting_noRT"
"8163" "Fam178b" 0.496317340265474 1.04095368697381 0.41256872617369 0.679922618218005 NA 0.0476190476190476 0.0357142857142857 "Uqcrc2_noRT" "non-targeting_noRT"
"8164" "Ltk" 0.496317340265474 1.04095368697381 0.41256872617369 0.679922618218005 NA 0.0476190476190476 0.0357142857142857 "Uqcrc2_noRT" "non-targeting_noRT"
"8165" "Hmgcs2" 0.496317340265474 1.04095368697381 0.41256872617369 0.679922618218005 NA 0.0476190476190476 0.0357142857142857 "Uqcrc2_noRT" "non-targeting_noRT"
"8166" "Junos" 0.496317340265474 1.04095368697381 0.41256872617369 0.679922618218005 NA 0.0476190476190476 0.0357142857142857 "Uqcrc2_noRT" "non-targeting_noRT"
"8167" "Gm28050" 0.496317340265474 1.04095368697381 0.41256872617369 0.679922618218005 NA 0.0476190476190476 0.0357142857142857 "Uqcrc2_noRT" "non-targeting_noRT"
"8168" "Ache" 0.496317340265474 1.04095368697381 0.41256872617369 0.679922618218005 NA 0.0476190476190476 0.0357142857142857 "Uqcrc2_noRT" "non-targeting_noRT"
"8169" "Rapgefl1" 0.496317340265474 1.04095368697381 0.41256872617369 0.679922618218005 NA 0.0476190476190476 0.0357142857142857 "Uqcrc2_noRT" "non-targeting_noRT"
"8170" "Aoc3" 0.496317340265474 1.04095368697381 0.41256872617369 0.679922618218005 NA 0.0476190476190476 0.0357142857142857 "Uqcrc2_noRT" "non-targeting_noRT"
"8171" "Gm11696" 0.496317340265474 1.04095368697381 0.41256872617369 0.679922618218005 NA 0.0476190476190476 0.0357142857142857 "Uqcrc2_noRT" "non-targeting_noRT"
"8172" "Klhl33" 0.496317340265474 1.04095368697381 0.41256872617369 0.679922618218005 NA 0.0476190476190476 0.0357142857142857 "Uqcrc2_noRT" "non-targeting_noRT"
"8173" "Arhgap4" 0.496317340265474 1.04095368697381 0.41256872617369 0.679922618218005 NA 0.0476190476190476 0.0357142857142857 "Uqcrc2_noRT" "non-targeting_noRT"
"8174" "Txn2" 161.374498361627 -0.0840472766072015 -0.412554435854734 0.679933090033716 0.932990383597989 1 1 "Uqcrc2_noRT" "non-targeting_noRT"
"8175" "Ppp1r15b" 10.0340975461394 -0.267779319286165 -0.412499750452717 0.679973163568911 NA 0.476190476190476 0.607142857142857 "Uqcrc2_noRT" "non-targeting_noRT"
"8176" "Gm20342" 1.68853095552967 -0.639802832128472 -0.41231390960554 0.680109354743819 NA 0.0952380952380952 0.160714285714286 "Uqcrc2_noRT" "non-targeting_noRT"
"8177" "Sgta" 25.2601329823164 -0.161488531481405 -0.412289395548389 0.680127320347717 0.932990383597989 0.714285714285714 0.857142857142857 "Uqcrc2_noRT" "non-targeting_noRT"
"8178" "Brcc3" 35.4194922060257 0.132146459355287 0.412217263879234 0.680180184498513 0.932990383597989 0.952380952380952 0.928571428571429 "Uqcrc2_noRT" "non-targeting_noRT"
"8179" "2610203C22Rik" 0.868551747695785 -0.777560767513369 -0.411956737162494 0.680371133467144 NA 0.0476190476190476 0.125 "Uqcrc2_noRT" "non-targeting_noRT"
"8180" "Gm49085" 0.868551747695785 -0.777560767513369 -0.411956737162494 0.680371133467144 NA 0.0476190476190476 0.107142857142857 "Uqcrc2_noRT" "non-targeting_noRT"
"8181" "Cdkn2d" 16.5628813670316 -0.211654694092167 -0.411764909381156 0.680511743730636 0.932990383597989 0.523809523809524 0.678571428571429 "Uqcrc2_noRT" "non-targeting_noRT"
"8182" "Nol9" 7.74014654007274 -0.27640192384947 -0.411742527880997 0.680528150152196 NA 0.380952380952381 0.553571428571429 "Uqcrc2_noRT" "non-targeting_noRT"
"8183" "Pik3r2" 8.13321032116941 0.262166258094181 0.41164872365141 0.680596913574394 NA 0.476190476190476 0.5 "Uqcrc2_noRT" "non-targeting_noRT"
"8184" "Mtpn" 41.4928832810909 -0.124817126431673 -0.411457253953668 0.680737279150143 0.932990383597989 0.904761904761905 0.946428571428571 "Uqcrc2_noRT" "non-targeting_noRT"
"8185" "Ehmt2" 8.01177053861343 0.27454405876953 0.411437135219842 0.6807520287457 NA 0.333333333333333 0.517857142857143 "Uqcrc2_noRT" "non-targeting_noRT"
"8186" "BC051226" 7.83430441798603 0.29231901497743 0.411348754426123 0.680816824575735 NA 0.428571428571429 0.428571428571429 "Uqcrc2_noRT" "non-targeting_noRT"
"8187" "Prkcsh" 42.2212177226765 -0.124355611337353 -0.411270611346512 0.68087411665147 0.932990383597989 0.904761904761905 0.946428571428571 "Uqcrc2_noRT" "non-targeting_noRT"
"8188" "Top3b" 3.79901851498936 0.399437295665109 0.411244792183504 0.680893046863524 NA 0.238095238095238 0.267857142857143 "Uqcrc2_noRT" "non-targeting_noRT"
"8189" "Epb41l4aos" 22.6509428392927 -0.171903336861469 -0.411213305035134 0.680916133027048 0.932990383597989 0.761904761904762 0.821428571428571 "Uqcrc2_noRT" "non-targeting_noRT"
"8190" "Gm13421" 0.511139674863612 1.02934662165452 0.411094969748711 0.681002898328612 NA 0.0476190476190476 0.0357142857142857 "Uqcrc2_noRT" "non-targeting_noRT"
"8191" "Gm27003" 0.511139674863612 1.02934662165452 0.411094969748711 0.681002898328612 NA 0.0476190476190476 0.0357142857142857 "Uqcrc2_noRT" "non-targeting_noRT"
"8192" "Gm43689" 0.511139674863612 1.02934662165452 0.411094969748711 0.681002898328612 NA 0.0476190476190476 0.0357142857142857 "Uqcrc2_noRT" "non-targeting_noRT"
"8193" "Foxd2" 0.511139674863612 1.02934662165452 0.411094969748711 0.681002898328612 NA 0.0476190476190476 0.0357142857142857 "Uqcrc2_noRT" "non-targeting_noRT"
"8194" "2310030G06Rik" 0.511139674863612 1.02934662165452 0.411094969748711 0.681002898328612 NA 0.0476190476190476 0.0357142857142857 "Uqcrc2_noRT" "non-targeting_noRT"
"8195" "Nckipsd" 0.511139674863612 1.02934662165452 0.411094969748711 0.681002898328612 NA 0.0476190476190476 0.0357142857142857 "Uqcrc2_noRT" "non-targeting_noRT"
"8196" "Dbil5" 0.511139674863612 1.02934662165452 0.411094969748711 0.681002898328612 NA 0.0476190476190476 0.0357142857142857 "Uqcrc2_noRT" "non-targeting_noRT"
"8197" "Sstr2" 0.511139674863612 1.02934662165452 0.411094969748711 0.681002898328612 NA 0.0476190476190476 0.0357142857142857 "Uqcrc2_noRT" "non-targeting_noRT"
"8198" "C730034F03Rik" 2.30649687823349 -0.515385077017913 -0.410884588481425 0.681157163619688 NA 0.0952380952380952 0.142857142857143 "Uqcrc2_noRT" "non-targeting_noRT"
"8199" "Gemin7" 23.2773668682395 -0.168100229220423 -0.410372765637039 0.68153252124581 0.933513299774366 0.714285714285714 0.875 "Uqcrc2_noRT" "non-targeting_noRT"
"8200" "Gan" 4.4726841867235 -0.373748126594594 -0.410100710462717 0.681732071568117 NA 0.285714285714286 0.357142857142857 "Uqcrc2_noRT" "non-targeting_noRT"
"8201" "Oasl1" 3.12110188279558 -0.495130062602214 -0.410014146227202 0.681795570421278 NA 0.19047619047619 0.142857142857143 "Uqcrc2_noRT" "non-targeting_noRT"
"8202" "Phtf1" 8.04762870518675 -0.289470612385693 -0.410005332415924 0.681802035884167 NA 0.333333333333333 0.482142857142857 "Uqcrc2_noRT" "non-targeting_noRT"
"8203" "Supt16" 49.2848377725989 0.136779193140965 0.409611047179709 0.682091291812937 0.933513299774366 0.904761904761905 0.946428571428571 "Uqcrc2_noRT" "non-targeting_noRT"
"8204" "Morn4" 1.69165803001955 -0.621561853020584 -0.409588012611555 0.682108191900628 NA 0.0952380952380952 0.214285714285714 "Uqcrc2_noRT" "non-targeting_noRT"
"8205" "Gm15486" 0.440515997970128 -1.32115577699576 -0.409554977529455 0.682132429480919 NA 0 0.0178571428571429 "Uqcrc2_noRT" "non-targeting_noRT"
"8206" "Gm26737" 0.440515997970128 -1.32115577699576 -0.409554977529455 0.682132429480919 NA 0 0.0357142857142857 "Uqcrc2_noRT" "non-targeting_noRT"
"8207" "Zbtb14" 2.30809933665501 -0.500550021451594 -0.409530067326237 0.682150706118253 NA 0.142857142857143 0.25 "Uqcrc2_noRT" "non-targeting_noRT"
"8208" "Bloc1s3" 2.23131447962205 -0.521176769998859 -0.409433619514242 0.682221471718521 NA 0.142857142857143 0.232142857142857 "Uqcrc2_noRT" "non-targeting_noRT"
"8209" "Trmt10b" 8.14432384131104 0.259200294844605 0.409051647645192 0.682501759212436 NA 0.428571428571429 0.5 "Uqcrc2_noRT" "non-targeting_noRT"
"8210" "Tspyl4" 3.82080657678438 0.376639650329956 0.408979769331499 0.682554507764549 NA 0.238095238095238 0.285714285714286 "Uqcrc2_noRT" "non-targeting_noRT"
"8211" "Platr22" 2.30541124065337 -0.498387420494431 -0.408954743256656 0.682572873740395 NA 0.142857142857143 0.232142857142857 "Uqcrc2_noRT" "non-targeting_noRT"
"8212" "Plekhb2" 3.65647871247137 -0.402232481227692 -0.408877299690207 0.682629708720727 NA 0.238095238095238 0.339285714285714 "Uqcrc2_noRT" "non-targeting_noRT"
"8213" "Nsun6" 3.73856191915445 -0.4029049049754 -0.408782997680391 0.682698918356917 NA 0.238095238095238 0.375 "Uqcrc2_noRT" "non-targeting_noRT"
"8214" "Cmc1" 30.4149655669717 -0.143564604474517 -0.408731736661382 0.682736540694348 0.933513299774366 0.857142857142857 0.928571428571429 "Uqcrc2_noRT" "non-targeting_noRT"
"8215" "Tmem192" 41.6422337550931 0.138565209498605 0.408729527620662 0.682738162007877 0.933513299774366 0.952380952380952 0.910714285714286 "Uqcrc2_noRT" "non-targeting_noRT"
"8216" "Lipa" 4.67225215634549 0.347983579836406 0.408659019356164 0.682789911937512 NA 0.285714285714286 0.285714285714286 "Uqcrc2_noRT" "non-targeting_noRT"
"8217" "Man2a2" 3.07134945257894 -0.452564346265902 -0.408609749511397 0.682826074696899 NA 0.19047619047619 0.339285714285714 "Uqcrc2_noRT" "non-targeting_noRT"
"8218" "Fgfbp3" 3.05129368745594 -0.465288893616894 -0.408559559653082 0.682862913470391 NA 0.19047619047619 0.321428571428571 "Uqcrc2_noRT" "non-targeting_noRT"
"8219" "Actn4" 69.0331988831363 -0.106681782255736 -0.408460401797731 0.68293569640577 0.933513299774366 0.904761904761905 0.946428571428571 "Uqcrc2_noRT" "non-targeting_noRT"
"8220" "Zfp91" 69.8913819894821 0.118036939076822 0.408425572690664 0.682961262045646 0.933513299774366 0.952380952380952 0.964285714285714 "Uqcrc2_noRT" "non-targeting_noRT"
"8221" "Olfr889" 12.4152200600208 -0.302580459516128 -0.408421252529729 0.682964433202502 NA 0.19047619047619 0.339285714285714 "Uqcrc2_noRT" "non-targeting_noRT"
"8222" "Slc27a3" 0.498423696300472 1.02939703640576 0.408398574367415 0.682981079898656 NA 0.0476190476190476 0.0357142857142857 "Uqcrc2_noRT" "non-targeting_noRT"
"8223" "Gm12992" 0.498423696300472 1.02939703640576 0.408398574367415 0.682981079898656 NA 0.0476190476190476 0.0357142857142857 "Uqcrc2_noRT" "non-targeting_noRT"
"8224" "Zfp992" 0.498423696300472 1.02939703640576 0.408398574367415 0.682981079898656 NA 0.0476190476190476 0.0357142857142857 "Uqcrc2_noRT" "non-targeting_noRT"
"8225" "Snx22" 0.498423696300472 1.02939703640576 0.408398574367415 0.682981079898656 NA 0.0476190476190476 0.0357142857142857 "Uqcrc2_noRT" "non-targeting_noRT"
"8226" "Gm29093" 0.498423696300472 1.02939703640576 0.408398574367415 0.682981079898656 NA 0.0476190476190476 0.0357142857142857 "Uqcrc2_noRT" "non-targeting_noRT"
"8227" "Slc46a1" 0.498423696300472 1.02939703640576 0.408398574367415 0.682981079898656 NA 0.0476190476190476 0.0357142857142857 "Uqcrc2_noRT" "non-targeting_noRT"
"8228" "Asb16" 0.498423696300472 1.02939703640576 0.408398574367415 0.682981079898656 NA 0.0476190476190476 0.0357142857142857 "Uqcrc2_noRT" "non-targeting_noRT"
"8229" "2610016A17Rik" 0.498423696300472 1.02939703640576 0.408398574367415 0.682981079898656 NA 0.0476190476190476 0.0357142857142857 "Uqcrc2_noRT" "non-targeting_noRT"
"8230" "B3gnt9" 0.873346199732419 -0.786689768986314 -0.408341483790602 0.683022987393287 NA 0.0476190476190476 0.125 "Uqcrc2_noRT" "non-targeting_noRT"
"8231" "Tnfaip3" 0.873346199732419 -0.786689768986314 -0.408341483790602 0.683022987393287 NA 0.0476190476190476 0.107142857142857 "Uqcrc2_noRT" "non-targeting_noRT"
"8232" "Hlcs" 0.873346199732419 -0.786689768986314 -0.408341483790602 0.683022987393287 NA 0.0476190476190476 0.125 "Uqcrc2_noRT" "non-targeting_noRT"
"8233" "Dus2" 5.09519636757193 0.332187059658641 0.408244299115178 0.683094328318094 NA 0.428571428571429 0.357142857142857 "Uqcrc2_noRT" "non-targeting_noRT"
"8234" "Tram2" 4.86241966450701 -0.355548481072259 -0.408205425529229 0.683122865271944 NA 0.285714285714286 0.428571428571429 "Uqcrc2_noRT" "non-targeting_noRT"
"8235" "Zfp113" 0.870658103730783 -0.78137826444274 -0.408130637352707 0.683177768265849 NA 0.0476190476190476 0.107142857142857 "Uqcrc2_noRT" "non-targeting_noRT"
"8236" "Stk32c" 0.870658103730783 -0.78137826444274 -0.408130637352707 0.683177768265849 NA 0.0476190476190476 0.125 "Uqcrc2_noRT" "non-targeting_noRT"
"8237" "Plekhg3" 0.870658103730783 -0.78137826444274 -0.408130637352707 0.683177768265849 NA 0.0476190476190476 0.0714285714285714 "Uqcrc2_noRT" "non-targeting_noRT"
"8238" "Flcn" 5.66158965599026 0.319273838137398 0.408079944985168 0.683214983159219 NA 0.333333333333333 0.410714285714286 "Uqcrc2_noRT" "non-targeting_noRT"
"8239" "Tbc1d7" 11.8030321123746 -0.227119940470737 -0.408070491437792 0.683221923396819 NA 0.523809523809524 0.696428571428571 "Uqcrc2_noRT" "non-targeting_noRT"
"8240" "Pbx1" 3.73595166550596 -0.392347186655755 -0.408035187680677 0.683247841572323 NA 0.142857142857143 0.285714285714286 "Uqcrc2_noRT" "non-targeting_noRT"
"8241" "Nsd3" 21.2948162043122 0.177819916370074 0.40790444234884 0.683343831221168 0.933513299774366 0.714285714285714 0.75 "Uqcrc2_noRT" "non-targeting_noRT"
"8242" "Atpsckmt" 36.0812736524478 -0.133167703794517 -0.407869292134008 0.683369638421334 0.933513299774366 0.857142857142857 0.910714285714286 "Uqcrc2_noRT" "non-targeting_noRT"
"8243" "Creb3l2" 16.2694657130997 -0.190300854641766 -0.407313597390373 0.683777677260924 0.933513299774366 0.476190476190476 0.642857142857143 "Uqcrc2_noRT" "non-targeting_noRT"
"8244" "Dpy19l4" 6.42623740791628 0.298239942346796 0.407134412035671 0.683909270247298 NA 0.380952380952381 0.375 "Uqcrc2_noRT" "non-targeting_noRT"
"8245" "N4bp1" 38.3284831358315 -0.135517310511232 -0.407034915775407 0.68398234403663 0.933513299774366 0.80952380952381 0.910714285714286 "Uqcrc2_noRT" "non-targeting_noRT"
"8246" "Tcf25" 62.7467870774836 -0.106684084801729 -0.407022020888295 0.683991814742531 0.933513299774366 0.904761904761905 0.946428571428571 "Uqcrc2_noRT" "non-targeting_noRT"
"8247" "Hibadh" 21.1632560916485 -0.176916785055973 -0.406973331693568 0.684027575181452 0.933513299774366 0.714285714285714 0.803571428571429 "Uqcrc2_noRT" "non-targeting_noRT"
"8248" "Mex3c" 7.12922132873474 -0.308289005261769 -0.406946879037981 0.68404700398992 NA 0.285714285714286 0.535714285714286 "Uqcrc2_noRT" "non-targeting_noRT"
"8249" "Trim2" 5.0819764913953 0.338192723061912 0.406798184789148 0.684156220057816 NA 0.380952380952381 0.321428571428571 "Uqcrc2_noRT" "non-targeting_noRT"
"8250" "Prss36" 4.59700483860879 0.372043325600515 0.406646116129708 0.684267921466623 NA 0.285714285714286 0.357142857142857 "Uqcrc2_noRT" "non-targeting_noRT"
"8251" "Mapk7" 3.11790790044899 -0.444112493086894 -0.40652814581003 0.68435458083814 NA 0.19047619047619 0.303571428571429 "Uqcrc2_noRT" "non-targeting_noRT"
"8252" "Gpn2" 1.65721890878664 -0.629109055913667 -0.406424285165115 0.684430878877231 NA 0.0476190476190476 0.214285714285714 "Uqcrc2_noRT" "non-targeting_noRT"
"8253" "Nudt5" 47.515601195885 -0.118229329714692 -0.406335916006546 0.684495799106734 0.933513299774366 0.904761904761905 0.982142857142857 "Uqcrc2_noRT" "non-targeting_noRT"
"8254" "Gnl3" 58.2830416502705 0.108894512039066 0.406242688159012 0.684564291289524 0.933513299774366 1 1 "Uqcrc2_noRT" "non-targeting_noRT"
"8255" "Zfp729b" 1.50296044809059 0.622445998389402 0.406130614873587 0.684646632180786 NA 0.142857142857143 0.107142857142857 "Uqcrc2_noRT" "non-targeting_noRT"
"8256" "Chchd6" 2.03711372562353 0.525603591951286 0.406106492652555 0.684664355406341 NA 0.19047619047619 0.160714285714286 "Uqcrc2_noRT" "non-targeting_noRT"
"8257" "Ap2b1" 16.1904317385533 -0.190189965339408 -0.405968096556868 0.68476604198626 0.933513299774366 0.619047619047619 0.785714285714286 "Uqcrc2_noRT" "non-targeting_noRT"
"8258" "Mtx2" 51.4666443447899 -0.111964399371292 -0.405775866015572 0.684907292922904 0.933513299774366 0.857142857142857 0.946428571428571 "Uqcrc2_noRT" "non-targeting_noRT"
"8259" "Cog1" 3.75338425375258 -0.400024460685221 -0.405683297074884 0.684975316479929 NA 0.19047619047619 0.375 "Uqcrc2_noRT" "non-targeting_noRT"
"8260" "Tmco6" 2.30751759668837 -0.499880907528998 -0.405562711851735 0.685063931412713 NA 0.142857142857143 0.25 "Uqcrc2_noRT" "non-targeting_noRT"
"8261" "Tefm" 7.28425000392197 0.287011187855385 0.405316038627906 0.685245218625031 NA 0.476190476190476 0.446428571428571 "Uqcrc2_noRT" "non-targeting_noRT"
"8262" "Zpr1" 11.9475821987605 0.222463691829147 0.405211373383215 0.685322145586755 NA 0.571428571428571 0.714285714285714 "Uqcrc2_noRT" "non-targeting_noRT"
"8263" "Itprid2" 3.35282853375625 0.399267641581051 0.405062831063213 0.685431326964098 NA 0.19047619047619 0.25 "Uqcrc2_noRT" "non-targeting_noRT"
"8264" "Fam76a" 8.08665187329937 0.259958968821918 0.405058592876067 0.685434442207148 NA 0.428571428571429 0.553571428571429 "Uqcrc2_noRT" "non-targeting_noRT"
"8265" "2010001A14Rik" 3.84674243152414 0.372304334612139 0.40505331976948 0.685438318166309 NA 0.238095238095238 0.267857142857143 "Uqcrc2_noRT" "non-targeting_noRT"
"8266" "LTO1" 8.35775132664148 -0.271403080638014 -0.405031213085614 0.685454567615768 NA 0.476190476190476 0.517857142857143 "Uqcrc2_noRT" "non-targeting_noRT"
"8267" "Enoph1" 9.06303388655325 -0.26430609940222 -0.40501362506244 0.685467495741616 NA 0.476190476190476 0.625 "Uqcrc2_noRT" "non-targeting_noRT"
"8268" "Vcl" 2.24403045818519 -0.514791782811635 -0.404940876250242 0.685520970938627 NA 0.142857142857143 0.214285714285714 "Uqcrc2_noRT" "non-targeting_noRT"
"8269" "Cyb5d2" 2.23610893165868 -0.526736760459886 -0.404462290199923 0.685872802654666 NA 0.142857142857143 0.232142857142857 "Uqcrc2_noRT" "non-targeting_noRT"
"8270" "Rhbdf1" 7.43315025728608 0.272680954386975 0.404343728138844 0.685959973880336 NA 0.428571428571429 0.464285714285714 "Uqcrc2_noRT" "non-targeting_noRT"
"8271" "Calm1" 428.999973510181 0.0616427483165206 0.40425551992293 0.686024830544208 0.934728596902184 1 1 "Uqcrc2_noRT" "non-targeting_noRT"
"8272" "Mb21d2" 3.84666260043953 0.39193630990667 0.404003451436831 0.686210181140251 NA 0.19047619047619 0.339285714285714 "Uqcrc2_noRT" "non-targeting_noRT"
"8273" "Fzd4" 0.866445391660787 -0.773545570531606 -0.403873091164487 0.686306044853236 NA 0.0476190476190476 0.107142857142857 "Uqcrc2_noRT" "non-targeting_noRT"
"8274" "3110001I22Rik" 0.866445391660787 -0.773545570531606 -0.403873091164487 0.686306044853236 NA 0.0476190476190476 0.125 "Uqcrc2_noRT" "non-targeting_noRT"
"8275" "Fpgs" 4.90923381609852 0.340007534440999 0.403817859807502 0.686346662146425 NA 0.333333333333333 0.339285714285714 "Uqcrc2_noRT" "non-targeting_noRT"
"8276" "Shc4" 14.7558233518406 -0.197743795060091 -0.403570425453247 0.686528637175779 0.935107143065627 0.571428571428571 0.642857142857143 "Uqcrc2_noRT" "non-targeting_noRT"
"8277" "Ptdss2" 3.27495803914317 0.403393921681455 0.403569093666338 0.68652961668459 NA 0.285714285714286 0.25 "Uqcrc2_noRT" "non-targeting_noRT"
"8278" "D6Wsu163e" 3.28454694321644 0.39709148817024 0.403475751814004 0.68659826949431 NA 0.238095238095238 0.25 "Uqcrc2_noRT" "non-targeting_noRT"
"8279" "Inpp5k" 2.7254785293986 0.444407997839583 0.403105541231771 0.686870584350046 NA 0.238095238095238 0.232142857142857 "Uqcrc2_noRT" "non-targeting_noRT"
"8280" "Rps6kb2" 2.84200085731459 0.43715996466062 0.402802890393752 0.687093234651435 NA 0.238095238095238 0.25 "Uqcrc2_noRT" "non-targeting_noRT"
"8281" "Ccdc134" 4.27931692956497 -0.365304443214593 -0.402720441976264 0.687153893955074 NA 0.238095238095238 0.410714285714286 "Uqcrc2_noRT" "non-targeting_noRT"
"8282" "Heca" 5.94562122867816 0.309517497583204 0.402304467803388 0.687459966967762 NA 0.285714285714286 0.446428571428571 "Uqcrc2_noRT" "non-targeting_noRT"
"8283" "Rapgef6" 11.7068333023949 -0.24288575650507 -0.402298498977481 0.687464359191514 NA 0.476190476190476 0.571428571428571 "Uqcrc2_noRT" "non-targeting_noRT"
"8284" "Mrps9" 18.4914036515122 -0.189416342668191 -0.402253020548454 0.687497825321428 0.935939309036084 0.571428571428571 0.857142857142857 "Uqcrc2_noRT" "non-targeting_noRT"
"8285" "Exosc7" 70.9335691695048 0.101690203666 0.401851863440179 0.687793050593914 0.935939309036084 0.952380952380952 1 "Uqcrc2_noRT" "non-targeting_noRT"
"8286" "Plcg1" 2.88747366760452 0.463795477159479 0.401851487433464 0.687793327332483 NA 0.19047619047619 0.214285714285714 "Uqcrc2_noRT" "non-targeting_noRT"
"8287" "Gm30074" 0.448156433973915 1.04151848557602 0.401651070988343 0.687940838521125 NA 0.0476190476190476 0.0357142857142857 "Uqcrc2_noRT" "non-targeting_noRT"
"8288" "Rims3" 0.448156433973915 1.04151848557602 0.401651070988343 0.687940838521125 NA 0.0476190476190476 0.0357142857142857 "Uqcrc2_noRT" "non-targeting_noRT"
"8289" "Serinc2" 0.448156433973915 1.04151848557602 0.401651070988343 0.687940838521125 NA 0.0476190476190476 0.0357142857142857 "Uqcrc2_noRT" "non-targeting_noRT"
"8290" "Gm10244" 0.448156433973915 1.04151848557602 0.401651070988343 0.687940838521125 NA 0.0476190476190476 0.0357142857142857 "Uqcrc2_noRT" "non-targeting_noRT"
"8291" "Bcl2l14" 0.448156433973915 1.04151848557602 0.401651070988343 0.687940838521125 NA 0.0476190476190476 0.0357142857142857 "Uqcrc2_noRT" "non-targeting_noRT"
"8292" "Tmem231" 0.448156433973915 1.04151848557602 0.401651070988343 0.687940838521125 NA 0.0476190476190476 0.0357142857142857 "Uqcrc2_noRT" "non-targeting_noRT"
"8293" "Gm26511" 0.448156433973915 1.04151848557602 0.401651070988343 0.687940838521125 NA 0.0476190476190476 0.0357142857142857 "Uqcrc2_noRT" "non-targeting_noRT"
"8294" "Tmprss5" 0.448156433973915 1.04151848557602 0.401651070988343 0.687940838521125 NA 0.0476190476190476 0.0357142857142857 "Uqcrc2_noRT" "non-targeting_noRT"
"8295" "Slc43a2" 0.448156433973915 1.04151848557602 0.401651070988343 0.687940838521125 NA 0.0476190476190476 0.0357142857142857 "Uqcrc2_noRT" "non-targeting_noRT"
"8296" "6720427I07Rik" 0.448156433973915 1.04151848557602 0.401651070988343 0.687940838521125 NA 0.0476190476190476 0.0357142857142857 "Uqcrc2_noRT" "non-targeting_noRT"
"8297" "Fut11" 0.448156433973915 1.04151848557602 0.401651070988343 0.687940838521125 NA 0.0476190476190476 0.0357142857142857 "Uqcrc2_noRT" "non-targeting_noRT"
"8298" "Setd4" 0.448156433973915 1.04151848557602 0.401651070988343 0.687940838521125 NA 0.0476190476190476 0.0357142857142857 "Uqcrc2_noRT" "non-targeting_noRT"
"8299" "Scd3" 0.448156433973915 1.04151848557602 0.401651070988343 0.687940838521125 NA 0.0476190476190476 0.0357142857142857 "Uqcrc2_noRT" "non-targeting_noRT"
"8300" "Ccdc174" 21.9709073564659 0.160508304140853 0.401595370463775 0.687981837518254 0.935939309036084 0.80952380952381 0.910714285714286 "Uqcrc2_noRT" "non-targeting_noRT"
"8301" "B230217C12Rik" 4.3820376413377 -0.357754024931549 -0.40153095428775 0.688029252912193 NA 0.238095238095238 0.410714285714286 "Uqcrc2_noRT" "non-targeting_noRT"
"8302" "Gm2a" 49.3141124037712 -0.113788131312065 -0.401464315367344 0.688078305712201 0.935939309036084 0.904761904761905 0.964285714285714 "Uqcrc2_noRT" "non-targeting_noRT"
"8303" "Sema4c" 2.33882964343141 -0.508294678229836 -0.401048769702858 0.688384217793791 NA 0.142857142857143 0.25 "Uqcrc2_noRT" "non-targeting_noRT"
"8304" "Lpar4" 26.8839410287693 -0.149769172952809 -0.40045827239978 0.68881901164404 0.935939309036084 0.619047619047619 0.839285714285714 "Uqcrc2_noRT" "non-targeting_noRT"
"8305" "Tarsl2" 1.73189939851606 -0.658590062950237 -0.400444316904101 0.68882928857236 NA 0.0952380952380952 0.142857142857143 "Uqcrc2_noRT" "non-targeting_noRT"
"8306" "1110006O24Rik" 0.920421468443854 -0.760516226274567 -0.400151143473536 0.689045196888454 NA 0.0476190476190476 0.0892857142857143 "Uqcrc2_noRT" "non-targeting_noRT"
"8307" "Edem3" 2.2019348743938 0.499914017255888 0.399910970437662 0.689222091805708 NA 0.142857142857143 0.178571428571429 "Uqcrc2_noRT" "non-targeting_noRT"
"8308" "Mrpl1" 25.3676024951963 -0.156831917609178 -0.399820242669534 0.689288920053296 0.935939309036084 0.714285714285714 0.857142857142857 "Uqcrc2_noRT" "non-targeting_noRT"
"8309" "Nos1" 4.53139842084271 0.336580665856225 0.399793123165938 0.689308896204344 NA 0.333333333333333 0.303571428571429 "Uqcrc2_noRT" "non-targeting_noRT"
"8310" "2810006K23Rik" 8.29985676606679 -0.257102342227783 -0.399615403221157 0.689439809581919 NA 0.428571428571429 0.5 "Uqcrc2_noRT" "non-targeting_noRT"
"8311" "Mak16" 50.7901206710215 -0.114981755715389 -0.399483166667021 0.689537224681654 0.935939309036084 1 0.982142857142857 "Uqcrc2_noRT" "non-targeting_noRT"
"8312" "Nr2c2ap" 62.7437064362306 0.113498351274424 0.399428673511153 0.689577369815937 0.935939309036084 0.952380952380952 0.946428571428571 "Uqcrc2_noRT" "non-targeting_noRT"
"8313" "Lix1l" 48.4581160398674 0.134492693927542 0.399342219722238 0.689641062156856 0.935939309036084 0.761904761904762 0.875 "Uqcrc2_noRT" "non-targeting_noRT"
"8314" "Ddx10" 17.4524065840884 0.180248971081591 0.399197995203006 0.689747320314634 0.935939309036084 0.714285714285714 0.642857142857143 "Uqcrc2_noRT" "non-targeting_noRT"
"8315" "H2-Ab1" 154.090764263617 -0.0923474650686394 -0.399186946754063 0.689755460568637 0.935939309036084 0.904761904761905 0.982142857142857 "Uqcrc2_noRT" "non-targeting_noRT"
"8316" "Sacs" 6.46229501412539 -0.30804042463071 -0.398922044545797 0.689950645433053 NA 0.333333333333333 0.446428571428571 "Uqcrc2_noRT" "non-targeting_noRT"
"8317" "Chrac1" 32.4890323501828 -0.14391297842565 -0.398811077358635 0.690032414247272 0.935939309036084 0.761904761904762 0.982142857142857 "Uqcrc2_noRT" "non-targeting_noRT"
"8318" "Ccdc90b" 13.7006717232113 0.197360045105603 0.398746569988232 0.690079949702536 0.935939309036084 0.761904761904762 0.678571428571429 "Uqcrc2_noRT" "non-targeting_noRT"
"8319" "Nsun4" 4.03110053584457 0.383491798328181 0.398639025827694 0.69015920166951 NA 0.333333333333333 0.267857142857143 "Uqcrc2_noRT" "non-targeting_noRT"
"8320" "Nt5dc3" 4.78563480747405 -0.37219494744818 -0.398279760561678 0.690423977810236 NA 0.238095238095238 0.410714285714286 "Uqcrc2_noRT" "non-targeting_noRT"
"8321" "Osgepl1" 5.93501160615002 0.306354258982096 0.398130851617291 0.690533733832314 NA 0.380952380952381 0.375 "Uqcrc2_noRT" "non-targeting_noRT"
"8322" "Gmds" 9.8511302421739 -0.239924060866094 -0.397919386848223 0.690689608933963 NA 0.523809523809524 0.625 "Uqcrc2_noRT" "non-targeting_noRT"
"8323" "Atp6v0d1" 21.9491842137962 0.160586589880706 0.397649611174155 0.69088848526269 0.936728883360751 0.714285714285714 0.857142857142857 "Uqcrc2_noRT" "non-targeting_noRT"
"8324" "Myo1b" 0.450262790008913 1.02959587912354 0.397507919061973 0.690992948027358 NA 0.0476190476190476 0.0357142857142857 "Uqcrc2_noRT" "non-targeting_noRT"
"8325" "Haglr" 0.450262790008913 1.02959587912354 0.397507919061973 0.690992948027358 NA 0.0476190476190476 0.0357142857142857 "Uqcrc2_noRT" "non-targeting_noRT"
"8326" "A530041M06Rik" 0.450262790008913 1.02959587912354 0.397507919061973 0.690992948027358 NA 0.0476190476190476 0.0357142857142857 "Uqcrc2_noRT" "non-targeting_noRT"
"8327" "Gm42658" 0.450262790008913 1.02959587912354 0.397507919061973 0.690992948027358 NA 0.0476190476190476 0.0357142857142857 "Uqcrc2_noRT" "non-targeting_noRT"
"8328" "5330417C22Rik" 0.450262790008913 1.02959587912354 0.397507919061973 0.690992948027358 NA 0.0476190476190476 0.0357142857142857 "Uqcrc2_noRT" "non-targeting_noRT"
"8329" "Gm32051" 0.450262790008913 1.02959587912354 0.397507919061973 0.690992948027358 NA 0.0476190476190476 0.0357142857142857 "Uqcrc2_noRT" "non-targeting_noRT"
"8330" "Panx1" 0.450262790008913 1.02959587912354 0.397507919061973 0.690992948027358 NA 0.0476190476190476 0.0357142857142857 "Uqcrc2_noRT" "non-targeting_noRT"
"8331" "Xylb" 0.450262790008913 1.02959587912354 0.397507919061973 0.690992948027358 NA 0.0476190476190476 0.0357142857142857 "Uqcrc2_noRT" "non-targeting_noRT"
"8332" "Shbg" 0.450262790008913 1.02959587912354 0.397507919061973 0.690992948027358 NA 0.0476190476190476 0.0357142857142857 "Uqcrc2_noRT" "non-targeting_noRT"
"8333" "Tex2" 0.450262790008913 1.02959587912354 0.397507919061973 0.690992948027358 NA 0.0476190476190476 0.0357142857142857 "Uqcrc2_noRT" "non-targeting_noRT"
"8334" "Mapk11" 0.450262790008913 1.02959587912354 0.397507919061973 0.690992948027358 NA 0.0476190476190476 0.0357142857142857 "Uqcrc2_noRT" "non-targeting_noRT"
"8335" "Tmem44" 0.450262790008913 1.02959587912354 0.397507919061973 0.690992948027358 NA 0.0476190476190476 0.0357142857142857 "Uqcrc2_noRT" "non-targeting_noRT"
"8336" "Dppa2" 0.450262790008913 1.02959587912354 0.397507919061973 0.690992948027358 NA 0.0476190476190476 0.0357142857142857 "Uqcrc2_noRT" "non-targeting_noRT"
"8337" "Fam120b" 3.04330724180418 -0.447263327765634 -0.39705392235116 0.691327697539856 NA 0.19047619047619 0.285714285714286 "Uqcrc2_noRT" "non-targeting_noRT"
"8338" "Dab2ip" 2.20033241597229 0.480377358087556 0.396935668019864 0.691414900987572 NA 0.19047619047619 0.125 "Uqcrc2_noRT" "non-targeting_noRT"
"8339" "Cd93" 0.518040482935244 0.990601054920982 0.396855131560964 0.691474292757028 NA 0.0476190476190476 0.0357142857142857 "Uqcrc2_noRT" "non-targeting_noRT"
"8340" "Dhrs3" 0.518040482935244 0.990601054920982 0.396855131560964 0.691474292757028 NA 0.0476190476190476 0.0357142857142857 "Uqcrc2_noRT" "non-targeting_noRT"
"8341" "Gm44190" 0.518040482935244 0.990601054920982 0.396855131560964 0.691474292757028 NA 0.0476190476190476 0.0357142857142857 "Uqcrc2_noRT" "non-targeting_noRT"
"8342" "Adamts17" 0.518040482935244 0.990601054920982 0.396855131560964 0.691474292757028 NA 0.0476190476190476 0.0357142857142857 "Uqcrc2_noRT" "non-targeting_noRT"
"8343" "4933406P04Rik" 0.518040482935244 0.990601054920982 0.396855131560964 0.691474292757028 NA 0.0476190476190476 0.0357142857142857 "Uqcrc2_noRT" "non-targeting_noRT"
"8344" "Zfp652os" 0.518040482935244 0.990601054920982 0.396855131560964 0.691474292757028 NA 0.0476190476190476 0.0357142857142857 "Uqcrc2_noRT" "non-targeting_noRT"
"8345" "Rab37" 0.518040482935244 0.990601054920982 0.396855131560964 0.691474292757028 NA 0.0476190476190476 0.0357142857142857 "Uqcrc2_noRT" "non-targeting_noRT"
"8346" "Prdm9" 0.518040482935244 0.990601054920982 0.396855131560964 0.691474292757028 NA 0.0476190476190476 0.0357142857142857 "Uqcrc2_noRT" "non-targeting_noRT"
"8347" "Vwce" 0.518040482935244 0.990601054920982 0.396855131560964 0.691474292757028 NA 0.0476190476190476 0.0357142857142857 "Uqcrc2_noRT" "non-targeting_noRT"
"8348" "Tmem141" 10.889393801158 0.226124887883302 0.396842169455507 0.691483851864457 NA 0.476190476190476 0.678571428571429 "Uqcrc2_noRT" "non-targeting_noRT"
"8349" "Mapk8ip3" 5.64143784931502 -0.324457031679881 -0.396715305345432 0.69157741238241 NA 0.333333333333333 0.446428571428571 "Uqcrc2_noRT" "non-targeting_noRT"
"8350" "Man1a" 0.429984217795138 -1.2892875424751 -0.396702455997443 0.691586888860609 NA 0 0.0178571428571429 "Uqcrc2_noRT" "non-targeting_noRT"
"8351" "Hic2" 0.429984217795138 -1.2892875424751 -0.396702455997443 0.691586888860609 NA 0 0.0892857142857143 "Uqcrc2_noRT" "non-targeting_noRT"
"8352" "Prss12" 6.43686106826764 -0.295126986562309 -0.396699686291876 0.691588931542912 NA 0.285714285714286 0.303571428571429 "Uqcrc2_noRT" "non-targeting_noRT"
"8353" "Ccdc32" 5.87152446764684 0.301825317309268 0.396638575976293 0.691634001511083 NA 0.333333333333333 0.392857142857143 "Uqcrc2_noRT" "non-targeting_noRT"
"8354" "Slc39a13" 6.261416259146 0.30299975773634 0.396628825304165 0.691641192910021 NA 0.476190476190476 0.303571428571429 "Uqcrc2_noRT" "non-targeting_noRT"
"8355" "Pigh" 2.76732235631663 0.424675567066963 0.396357114403082 0.691841598636607 NA 0.238095238095238 0.214285714285714 "Uqcrc2_noRT" "non-targeting_noRT"
"8356" "Rnf157" 0.861650939624153 -0.764162460303027 -0.396202666269243 0.691955524521841 NA 0.0476190476190476 0.125 "Uqcrc2_noRT" "non-targeting_noRT"
"8357" "Srfbp1" 13.2615478401453 -0.211345070660034 -0.396001920504062 0.692103611440579 0.937162131716695 0.523809523809524 0.660714285714286 "Uqcrc2_noRT" "non-targeting_noRT"
"8358" "Pnisr" 32.6237944767265 0.137253998892557 0.395947629204379 0.692143663280912 0.937162131716695 0.80952380952381 0.892857142857143 "Uqcrc2_noRT" "non-targeting_noRT"
"8359" "Mrto4" 141.099065129542 0.0759863478919669 0.395826486713743 0.69223303576288 0.937162131716695 1 1 "Uqcrc2_noRT" "non-targeting_noRT"
"8360" "Ccnt2" 4.63048816051208 0.342262302427187 0.395544255404526 0.692441267622439 NA 0.238095238095238 0.321428571428571 "Uqcrc2_noRT" "non-targeting_noRT"
"8361" "Bud23" 18.0927989241847 -0.188156021193881 -0.395500255026277 0.692473733445911 0.937162131716695 0.714285714285714 0.732142857142857 "Uqcrc2_noRT" "non-targeting_noRT"
"8362" "Chchd10" 41.8377674404961 0.135535647219733 0.395493567483032 0.692478667921101 0.937162131716695 0.714285714285714 0.803571428571429 "Uqcrc2_noRT" "non-targeting_noRT"
"8363" "Gm49359" 1.65613327120651 -0.605016006173381 -0.395484178726686 0.692485595537242 NA 0.0952380952380952 0.214285714285714 "Uqcrc2_noRT" "non-targeting_noRT"
"8364" "Fam173a" 17.5097952583182 0.182946007875634 0.395213954801173 0.692684994802253 0.937162131716695 0.857142857142857 0.75 "Uqcrc2_noRT" "non-targeting_noRT"
"8365" "Cped1" 2.03922008165853 0.521084348718657 0.395095460546021 0.692772438882401 NA 0.142857142857143 0.107142857142857 "Uqcrc2_noRT" "non-targeting_noRT"
"8366" "Kank1" 5.75424452712736 -0.310593682104454 -0.394781518423097 0.693004135558511 NA 0.333333333333333 0.482142857142857 "Uqcrc2_noRT" "non-targeting_noRT"
"8367" "Nsfl1c" 28.4625783822234 0.137857026901165 0.394756888495827 0.693022314239705 0.937162131716695 0.761904761904762 0.857142857142857 "Uqcrc2_noRT" "non-targeting_noRT"
"8368" "Diablo" 12.2880037651611 -0.212674794831603 -0.394691473331417 0.69307059625615 NA 0.619047619047619 0.75 "Uqcrc2_noRT" "non-targeting_noRT"
"8369" "Abcb8" 4.86554673899689 -0.349894490200487 -0.394298580278182 0.693360611336983 NA 0.238095238095238 0.464285714285714 "Uqcrc2_noRT" "non-targeting_noRT"
"8370" "Kdelr2" 108.706188575676 -0.084194958871835 -0.394193529580701 0.69343816241092 0.937162131716695 0.952380952380952 1 "Uqcrc2_noRT" "non-targeting_noRT"
"8371" "Hspa4" 75.8449457999534 -0.0900462443042792 -0.394182532958429 0.693446280580477 0.937162131716695 0.857142857142857 0.964285714285714 "Uqcrc2_noRT" "non-targeting_noRT"
"8372" "A030005L19Rik" 0.505324504372104 0.990373593723306 0.394182257073894 0.693446484250509 NA 0.0476190476190476 0.0357142857142857 "Uqcrc2_noRT" "non-targeting_noRT"
"8373" "Olfm1" 0.505324504372104 0.990373593723306 0.394182257073894 0.693446484250509 NA 0.0476190476190476 0.0357142857142857 "Uqcrc2_noRT" "non-targeting_noRT"
"8374" "Zbtb46" 0.505324504372104 0.990373593723306 0.394182257073894 0.693446484250509 NA 0.0476190476190476 0.0357142857142857 "Uqcrc2_noRT" "non-targeting_noRT"
"8375" "Gm26519" 0.505324504372104 0.990373593723306 0.394182257073894 0.693446484250509 NA 0.0476190476190476 0.0357142857142857 "Uqcrc2_noRT" "non-targeting_noRT"
"8376" "Phkg1" 0.505324504372104 0.990373593723306 0.394182257073894 0.693446484250509 NA 0.0476190476190476 0.0357142857142857 "Uqcrc2_noRT" "non-targeting_noRT"
"8377" "Maats1" 0.505324504372104 0.990373593723306 0.394182257073894 0.693446484250509 NA 0.0476190476190476 0.0357142857142857 "Uqcrc2_noRT" "non-targeting_noRT"
"8378" "H2-T24" 0.505324504372104 0.990373593723306 0.394182257073894 0.693446484250509 NA 0.0476190476190476 0.0357142857142857 "Uqcrc2_noRT" "non-targeting_noRT"
"8379" "Gm14341" 0.502132510756982 1.08568841187891 0.393874113870284 0.693673982867735 NA 0.0476190476190476 0.0357142857142857 "Uqcrc2_noRT" "non-targeting_noRT"
"8380" "1700055D18Rik" 0.502132510756982 1.08568841187891 0.393874113870284 0.693673982867735 NA 0.0476190476190476 0.0178571428571429 "Uqcrc2_noRT" "non-targeting_noRT"
"8381" "Astn2" 0.502132510756982 1.08568841187891 0.393874113870284 0.693673982867735 NA 0.0476190476190476 0.0357142857142857 "Uqcrc2_noRT" "non-targeting_noRT"
"8382" "Hvcn1" 0.502132510756982 1.08568841187891 0.393874113870284 0.693673982867735 NA 0.0476190476190476 0.0357142857142857 "Uqcrc2_noRT" "non-targeting_noRT"
"8383" "Fxyd4" 0.502132510756982 1.08568841187891 0.393874113870284 0.693673982867735 NA 0.0476190476190476 0.0357142857142857 "Uqcrc2_noRT" "non-targeting_noRT"
"8384" "Pmp22" 0.502132510756982 1.08568841187891 0.393874113870284 0.693673982867735 NA 0.0476190476190476 0.0357142857142857 "Uqcrc2_noRT" "non-targeting_noRT"
"8385" "Gm16133" 0.502132510756982 1.08568841187891 0.393874113870284 0.693673982867735 NA 0.0476190476190476 0.0357142857142857 "Uqcrc2_noRT" "non-targeting_noRT"
"8386" "Gm29666" 0.502132510756982 1.08568841187891 0.393874113870284 0.693673982867735 NA 0.0476190476190476 0.0357142857142857 "Uqcrc2_noRT" "non-targeting_noRT"
"8387" "Abat" 0.502132510756982 1.08568841187891 0.393874113870284 0.693673982867735 NA 0.0476190476190476 0.0357142857142857 "Uqcrc2_noRT" "non-targeting_noRT"
"8388" "Fyb" 2.30061678861674 -0.494184765691864 -0.393813275210684 0.693718902621802 NA 0.142857142857143 0.232142857142857 "Uqcrc2_noRT" "non-targeting_noRT"
"8389" "Ptpn14" 8.48600922800027 -0.283759845506188 -0.393810072942172 0.693721267021823 NA 0.380952380952381 0.535714285714286 "Uqcrc2_noRT" "non-targeting_noRT"
"8390" "Stk16" 19.0470267099768 0.174902904947992 0.393687292640308 0.693811924300548 0.937162131716695 0.714285714285714 0.803571428571429 "Uqcrc2_noRT" "non-targeting_noRT"
"8391" "Csnk2a1" 98.1044073892282 0.0841143697275663 0.393647972861931 0.693840957767681 0.937162131716695 0.857142857142857 1 "Uqcrc2_noRT" "non-targeting_noRT"
"8392" "Dnajb4" 7.84345633230252 0.268605299713329 0.393640550421054 0.693846438499892 NA 0.285714285714286 0.446428571428571 "Uqcrc2_noRT" "non-targeting_noRT"
"8393" "Mrs2" 4.26551531342171 -0.359336086453742 -0.393620333610465 0.693861366679126 NA 0.238095238095238 0.410714285714286 "Uqcrc2_noRT" "non-targeting_noRT"
"8394" "Mrm2" 3.68459876559928 -0.395561562201767 -0.393619390982557 0.693862062722495 NA 0.19047619047619 0.375 "Uqcrc2_noRT" "non-targeting_noRT"
"8395" "Arl6ip4" 20.6257456824062 -0.185000623505295 -0.393120590439306 0.694230416919348 0.937162131716695 0.666666666666667 0.785714285714286 "Uqcrc2_noRT" "non-targeting_noRT"
"8396" "Lysmd3" 8.13699896671054 0.256269418993511 0.392230802177519 0.694887687018968 NA 0.476190476190476 0.535714285714286 "Uqcrc2_noRT" "non-targeting_noRT"
"8397" "Smim7" 24.3605409181537 -0.152528902283064 -0.392214571686025 0.694899678314249 0.937162131716695 0.714285714285714 0.892857142857143 "Uqcrc2_noRT" "non-targeting_noRT"
"8398" "Nav3" 55.5916480782244 -0.122392246875707 -0.392044540905637 0.695025303823638 0.937162131716695 0.904761904761905 0.964285714285714 "Uqcrc2_noRT" "non-targeting_noRT"
"8399" "Tsga10ip" 1.68158321300412 0.560990915139623 0.39180996151314 0.695198634163311 NA 0.142857142857143 0.142857142857143 "Uqcrc2_noRT" "non-targeting_noRT"
"8400" "Twsg1" 5.53613999505226 0.310405759283715 0.391689077091736 0.695287961690716 NA 0.380952380952381 0.428571428571429 "Uqcrc2_noRT" "non-targeting_noRT"
"8401" "Eif3g" 76.3015257145246 -0.0958665443218612 -0.391614557390694 0.695343030121511 0.937162131716695 1 1 "Uqcrc2_noRT" "non-targeting_noRT"
"8402" "Dtx3" 5.28848864056151 0.337108557338959 0.391426836734693 0.695481758707221 NA 0.333333333333333 0.375 "Uqcrc2_noRT" "non-targeting_noRT"
"8403" "Phf3" 22.9132314648372 -0.15603423075511 -0.391309883047828 0.695568194518124 0.937162131716695 0.714285714285714 0.892857142857143 "Uqcrc2_noRT" "non-targeting_noRT"
"8404" "Asnsd1" 24.4601345554366 -0.152519786412326 -0.391277016411831 0.695592485651575 0.937162131716695 0.714285714285714 0.875 "Uqcrc2_noRT" "non-targeting_noRT"
"8405" "Rhox2h" 34.4271742321082 -0.128659510218362 -0.391247932731651 0.695613981131643 0.937162131716695 0.857142857142857 0.946428571428571 "Uqcrc2_noRT" "non-targeting_noRT"
"8406" "Fam234a" 4.36881776516107 -0.351927827921012 -0.391215970434138 0.695637604453369 NA 0.285714285714286 0.428571428571429 "Uqcrc2_noRT" "non-targeting_noRT"
"8407" "Pus10" 3.6347555698016 -0.4017394249482 -0.390970476618439 0.695819058683581 NA 0.19047619047619 0.285714285714286 "Uqcrc2_noRT" "non-targeting_noRT"
"8408" "Gm29488" 0.489416532193842 1.08611987976733 0.390946205728231 0.695836999208816 NA 0.0476190476190476 0.0178571428571429 "Uqcrc2_noRT" "non-targeting_noRT"
"8409" "5031434O11Rik" 0.489416532193842 1.08611987976733 0.390946205728231 0.695836999208816 NA 0.0476190476190476 0.0357142857142857 "Uqcrc2_noRT" "non-targeting_noRT"
"8410" "1810059H22Rik" 0.489416532193842 1.08611987976733 0.390946205728231 0.695836999208816 NA 0.0476190476190476 0.0357142857142857 "Uqcrc2_noRT" "non-targeting_noRT"
"8411" "K230015D01Rik" 0.489416532193842 1.08611987976733 0.390946205728231 0.695836999208816 NA 0.0476190476190476 0.0357142857142857 "Uqcrc2_noRT" "non-targeting_noRT"
"8412" "Hyal1" 0.489416532193842 1.08611987976733 0.390946205728231 0.695836999208816 NA 0.0476190476190476 0.0178571428571429 "Uqcrc2_noRT" "non-targeting_noRT"
"8413" "Ltb4r1" 0.489416532193842 1.08611987976733 0.390946205728231 0.695836999208816 NA 0.0476190476190476 0.0357142857142857 "Uqcrc2_noRT" "non-targeting_noRT"
"8414" "Gm26766" 0.489416532193842 1.08611987976733 0.390946205728231 0.695836999208816 NA 0.0476190476190476 0.0357142857142857 "Uqcrc2_noRT" "non-targeting_noRT"
"8415" "6330408M09Rik" 0.489416532193842 1.08611987976733 0.390946205728231 0.695836999208816 NA 0.0476190476190476 0.0178571428571429 "Uqcrc2_noRT" "non-targeting_noRT"
"8416" "Xlr4a" 0.489416532193842 1.08611987976733 0.390946205728231 0.695836999208816 NA 0.0476190476190476 0.0178571428571429 "Uqcrc2_noRT" "non-targeting_noRT"
"8417" "Wdr26" 25.8947687881952 -0.162341438369532 -0.390946015979585 0.695837139467646 0.937162131716695 0.714285714285714 0.875 "Uqcrc2_noRT" "non-targeting_noRT"
"8418" "Rras" 46.3379025806867 0.127802362503718 0.390901324599273 0.695870174832111 0.937162131716695 0.952380952380952 0.928571428571429 "Uqcrc2_noRT" "non-targeting_noRT"
"8419" "Cybrd1" 2.2326651811702 0.486204631712643 0.390695138318526 0.696022592878771 NA 0.142857142857143 0.160714285714286 "Uqcrc2_noRT" "non-targeting_noRT"
"8420" "Dnlz" 19.4628293166862 -0.180718894860866 -0.390573590452006 0.69611244984948 0.937162131716695 0.666666666666667 0.785714285714286 "Uqcrc2_noRT" "non-targeting_noRT"
"8421" "4632427E13Rik" 15.878002754945 0.199518355916315 0.390467984175014 0.696190525108052 0.937162131716695 0.571428571428571 0.678571428571429 "Uqcrc2_noRT" "non-targeting_noRT"
"8422" "Stx11" 6.266930365712 0.289353888836778 0.390460671125554 0.696195931801976 NA 0.380952380952381 0.303571428571429 "Uqcrc2_noRT" "non-targeting_noRT"
"8423" "Cand2" 1.43257250151577 0.619212638872042 0.390141960877368 0.696431576101409 NA 0.142857142857143 0.107142857142857 "Uqcrc2_noRT" "non-targeting_noRT"
"8424" "Gm15601" 1.43257250151577 0.619212638872042 0.390141960877368 0.696431576101409 NA 0.0952380952380952 0.107142857142857 "Uqcrc2_noRT" "non-targeting_noRT"
"8425" "Adck1" 2.32023357525151 -0.49323279959131 -0.389802456192287 0.696682627383257 NA 0.142857142857143 0.25 "Uqcrc2_noRT" "non-targeting_noRT"
"8426" "Zfp512b" 2.21202767608056 0.467757338024393 0.389628112298697 0.696811561221834 NA 0.19047619047619 0.178571428571429 "Uqcrc2_noRT" "non-targeting_noRT"
"8427" "Tcf12" 70.7584139239362 0.0995204924787683 0.389403960578805 0.696977342682299 0.937916176916862 0.952380952380952 0.964285714285714 "Uqcrc2_noRT" "non-targeting_noRT"
"8428" "Vwa1" 5.57780794933344 -0.324106425005898 -0.389070388761338 0.697224077473822 NA 0.238095238095238 0.357142857142857 "Uqcrc2_noRT" "non-targeting_noRT"
"8429" "Ccdc138" 3.50016083019424 -0.40438723403875 -0.388959328214177 0.697306233310366 NA 0.19047619047619 0.303571428571429 "Uqcrc2_noRT" "non-targeting_noRT"
"8430" "Dnajc5" 17.3379141601912 -0.178146567272941 -0.388774481042659 0.697442979871675 0.938237662779255 0.714285714285714 0.803571428571429 "Uqcrc2_noRT" "non-targeting_noRT"
"8431" "Cept1" 8.72860646660782 0.272397392173323 0.388430620845213 0.697697387506944 NA 0.571428571428571 0.517857142857143 "Uqcrc2_noRT" "non-targeting_noRT"
"8432" "Aktip" 4.52840747213794 -0.375966631785951 -0.388395430690148 0.697723425133468 NA 0.19047619047619 0.321428571428571 "Uqcrc2_noRT" "non-targeting_noRT"
"8433" "Usp47" 10.7017768263904 -0.245509757197112 -0.388317457042898 0.697781120057459 NA 0.380952380952381 0.607142857142857 "Uqcrc2_noRT" "non-targeting_noRT"
"8434" "Man2b2" 1.4415796656224 0.60570848048167 0.388268209220457 0.697817560825075 NA 0.142857142857143 0.125 "Uqcrc2_noRT" "non-targeting_noRT"
"8435" "Zmym1" 7.67439537209679 -0.275351158549403 -0.387563443683322 0.69833912611428 NA 0.428571428571429 0.553571428571429 "Uqcrc2_noRT" "non-targeting_noRT"
"8436" "Traf3ip1" 2.29008500844175 -0.485953441947273 -0.387556556219721 0.698344223919817 NA 0.142857142857143 0.232142857142857 "Uqcrc2_noRT" "non-targeting_noRT"
"8437" "Hdac6" 2.9149517392172 -0.426491884872417 -0.387274807944274 0.698552773586257 NA 0.19047619047619 0.267857142857143 "Uqcrc2_noRT" "non-targeting_noRT"
"8438" "Ubiad1" 1.49770903289439 -0.611502481836244 -0.387159233927575 0.698638327889345 NA 0.0952380952380952 0.160714285714286 "Uqcrc2_noRT" "non-targeting_noRT"
"8439" "Cog7" 4.57324224776074 0.325238373932912 0.387042103849772 0.69872503798116 NA 0.333333333333333 0.321428571428571 "Uqcrc2_noRT" "non-targeting_noRT"
"8440" "Parp8" 5.74580617975947 -0.327153309940832 -0.386940779038053 0.698800050781745 NA 0.285714285714286 0.464285714285714 "Uqcrc2_noRT" "non-targeting_noRT"
"8441" "Mbd3" 48.3530784784606 0.111797628029773 0.386756376682596 0.698936575108908 0.939501086389074 1 1 "Uqcrc2_noRT" "non-targeting_noRT"
"8442" "Alyref" 239.385578300831 -0.072077393864564 -0.386736512029771 0.69895128270577 0.939501086389074 1 1 "Uqcrc2_noRT" "non-targeting_noRT"
"8443" "Zfp605" 1.68896993401791 -0.613099567926521 -0.386624749634939 0.699034032608174 NA 0.0476190476190476 0.214285714285714 "Uqcrc2_noRT" "non-targeting_noRT"
"8444" "Snapc2" 13.2687203478782 0.199627059434079 0.386585251625693 0.699063278151755 0.939501086389074 0.619047619047619 0.696428571428571 "Uqcrc2_noRT" "non-targeting_noRT"
"8445" "Slc31a2" 3.98823797920314 0.35178869681186 0.38608140593311 0.699436380201329 NA 0.285714285714286 0.267857142857143 "Uqcrc2_noRT" "non-targeting_noRT"
"8446" "Rufy1" 9.88298484940167 0.23354984574761 0.385781478990632 0.69965851313988 NA 0.285714285714286 0.625 "Uqcrc2_noRT" "non-targeting_noRT"
"8447" "Gclc" 5.91638441554314 -0.321470494515126 -0.385769726988202 0.699667217472335 NA 0.285714285714286 0.410714285714286 "Uqcrc2_noRT" "non-targeting_noRT"
"8448" "Ccdc28a" 5.04766057271959 -0.31779416924105 -0.38576199338052 0.699672945529809 NA 0.238095238095238 0.410714285714286 "Uqcrc2_noRT" "non-targeting_noRT"
"8449" "Pibf1" 6.27045038430376 -0.283214507979723 -0.385490228699546 0.699874244545795 NA 0.333333333333333 0.482142857142857 "Uqcrc2_noRT" "non-targeting_noRT"
"8450" "Ints9" 2.21061205540715 -0.505785926750766 -0.385391582145443 0.699947318324836 NA 0.0952380952380952 0.232142857142857 "Uqcrc2_noRT" "non-targeting_noRT"
"8451" "Hps5" 3.5790520432622 -0.389965041153812 -0.385050369269697 0.70020009783179 NA 0.238095238095238 0.321428571428571 "Uqcrc2_noRT" "non-targeting_noRT"
"8452" "Map1s" 8.34750085151696 -0.259343646005135 -0.38498210064292 0.7002506770211 NA 0.428571428571429 0.482142857142857 "Uqcrc2_noRT" "non-targeting_noRT"
"8453" "Rnf166" 5.68171034023852 0.3103815058918 0.384806969549417 0.700380435068686 NA 0.333333333333333 0.321428571428571 "Uqcrc2_noRT" "non-targeting_noRT"
"8454" "Aplf" 2.22314119622218 0.456184263187171 0.384757180074014 0.700417326660064 NA 0.19047619047619 0.178571428571429 "Uqcrc2_noRT" "non-targeting_noRT"
"8455" "Rbm7" 18.8601035122581 0.168174866910038 0.384557020600964 0.700565642272194 0.941080807105185 0.761904761904762 0.767857142857143 "Uqcrc2_noRT" "non-targeting_noRT"
"8456" "Tubgcp3" 2.95418531248674 -0.425935666636437 -0.384425875218868 0.700662825515714 NA 0.142857142857143 0.339285714285714 "Uqcrc2_noRT" "non-targeting_noRT"
"8457" "Traf5" 2.21834674418555 0.461425747749727 0.384132351124999 0.700880354728534 NA 0.142857142857143 0.160714285714286 "Uqcrc2_noRT" "non-targeting_noRT"
"8458" "Trim12a" 13.3258556905749 0.210732981611935 0.384110802233512 0.700896325469055 0.941080807105185 0.619047619047619 0.553571428571429 "Uqcrc2_noRT" "non-targeting_noRT"
"8459" "Ldlr" 12.1785131722312 0.218723362355488 0.383788045381962 0.701135549222726 NA 0.428571428571429 0.446428571428571 "Uqcrc2_noRT" "non-targeting_noRT"
"8460" "Cbx7" 2.96108612055838 -0.430759096071674 -0.383712300301904 0.701191694919608 NA 0.19047619047619 0.285714285714286 "Uqcrc2_noRT" "non-targeting_noRT"
"8461" "Pcif1" 14.1150308787433 -0.204926773467139 -0.383696048040826 0.701203742047028 0.941080807105185 0.523809523809524 0.678571428571429 "Uqcrc2_noRT" "non-targeting_noRT"
"8462" "Prpf38a" 35.0759402472965 0.127554263164639 0.383478973139113 0.701364657874849 0.941080807105185 0.904761904761905 0.982142857142857 "Uqcrc2_noRT" "non-targeting_noRT"
"8463" "Leprotl1" 73.7195397405872 -0.108671305690251 -0.383463894641138 0.701375835938228 0.941080807105185 0.952380952380952 1 "Uqcrc2_noRT" "non-targeting_noRT"
"8464" "Vav2" 0.457163598080545 0.98947621971359 0.383420918228527 0.701407695770153 NA 0.0476190476190476 0.0357142857142857 "Uqcrc2_noRT" "non-targeting_noRT"
"8465" "2700069I18Rik" 0.457163598080545 0.98947621971359 0.383420918228527 0.701407695770153 NA 0.0476190476190476 0.0357142857142857 "Uqcrc2_noRT" "non-targeting_noRT"
"8466" "Gm15535" 0.457163598080545 0.98947621971359 0.383420918228527 0.701407695770153 NA 0.0476190476190476 0.0357142857142857 "Uqcrc2_noRT" "non-targeting_noRT"
"8467" "Fam184b" 0.457163598080545 0.98947621971359 0.383420918228527 0.701407695770153 NA 0.0476190476190476 0.0357142857142857 "Uqcrc2_noRT" "non-targeting_noRT"
"8468" "Zfp94" 0.457163598080545 0.98947621971359 0.383420918228527 0.701407695770153 NA 0.0476190476190476 0.0357142857142857 "Uqcrc2_noRT" "non-targeting_noRT"
"8469" "Zfp493" 0.457163598080545 0.98947621971359 0.383420918228527 0.701407695770153 NA 0.0476190476190476 0.0357142857142857 "Uqcrc2_noRT" "non-targeting_noRT"
"8470" "Ang" 0.457163598080545 0.98947621971359 0.383420918228527 0.701407695770153 NA 0.0476190476190476 0.0357142857142857 "Uqcrc2_noRT" "non-targeting_noRT"
"8471" "4930594M22Rik" 0.457163598080545 0.98947621971359 0.383420918228527 0.701407695770153 NA 0.0476190476190476 0.0357142857142857 "Uqcrc2_noRT" "non-targeting_noRT"
"8472" "Gm10785" 0.457163598080545 0.98947621971359 0.383420918228527 0.701407695770153 NA 0.0476190476190476 0.0357142857142857 "Uqcrc2_noRT" "non-targeting_noRT"
"8473" "Ube2j1" 25.2181185131341 -0.148709382249589 -0.382662435583806 0.70197007031693 0.941364945942677 0.666666666666667 0.892857142857143 "Uqcrc2_noRT" "non-targeting_noRT"
"8474" "Nktr" 34.3873569301405 -0.125068134046811 -0.382564647916035 0.702042586558507 0.941364945942677 0.857142857142857 0.910714285714286 "Uqcrc2_noRT" "non-targeting_noRT"
"8475" "Cd72" 0.882511251804567 0.881099985693895 0.382150669262414 0.702349610080313 NA 0.0476190476190476 0.0714285714285714 "Uqcrc2_noRT" "non-targeting_noRT"
"8476" "Sort1" 3.79522609193915 -0.379391795813759 -0.382106681209711 0.702382236277248 NA 0.19047619047619 0.375 "Uqcrc2_noRT" "non-targeting_noRT"
"8477" "Frg1" 28.3965279551405 -0.136069974335107 -0.382085934110385 0.702397624712944 0.941535915472032 0.80952380952381 0.928571428571429 "Uqcrc2_noRT" "non-targeting_noRT"
"8478" "Adamts6" 2.30784757978165 0.484273436676297 0.381905287974405 0.702531617824268 NA 0.0952380952380952 0.160714285714286 "Uqcrc2_noRT" "non-targeting_noRT"
"8479" "2310057M21Rik" 10.1780754669232 0.245241874031872 0.381608230652441 0.702751978283365 NA 0.571428571428571 0.535714285714286 "Uqcrc2_noRT" "non-targeting_noRT"
"8480" "Scrn3" 3.72796521985421 -0.376594887553351 -0.381472868933729 0.702852399413462 NA 0.19047619047619 0.321428571428571 "Uqcrc2_noRT" "non-targeting_noRT"
"8481" "Ctu2" 9.12869838779744 -0.244497933989255 -0.381425259330217 0.702887720899498 NA 0.380952380952381 0.535714285714286 "Uqcrc2_noRT" "non-targeting_noRT"
"8482" "Tmem41a" 4.02470362538643 0.377989510568278 0.381349422020808 0.702943985798405 NA 0.285714285714286 0.285714285714286 "Uqcrc2_noRT" "non-targeting_noRT"
"8483" "Nelfcd" 6.49247756154634 0.288095637677415 0.381258035372884 0.703011789159277 NA 0.380952380952381 0.428571428571429 "Uqcrc2_noRT" "non-targeting_noRT"
"8484" "Xpr1" 5.00198671751932 0.316021622195122 0.381217115735916 0.70304214981869 NA 0.333333333333333 0.357142857142857 "Uqcrc2_noRT" "non-targeting_noRT"
"8485" "Thumpd2" 2.68632478721367 0.417219282173326 0.381016104403147 0.703191298698298 NA 0.238095238095238 0.214285714285714 "Uqcrc2_noRT" "non-targeting_noRT"
"8486" "Snapc1" 12.425299523998 -0.204596425356374 -0.381000575266283 0.703202821675123 NA 0.666666666666667 0.696428571428571 "Uqcrc2_noRT" "non-targeting_noRT"
"8487" "Gatd3a" 8.05700919283456 0.243266944341841 0.380948451792508 0.703241498990294 NA 0.428571428571429 0.428571428571429 "Uqcrc2_noRT" "non-targeting_noRT"
"8488" "Zfp9" 3.36191354021604 0.405219894994758 0.380941591730527 0.703246589436903 NA 0.285714285714286 0.232142857142857 "Uqcrc2_noRT" "non-targeting_noRT"
"8489" "2310002F09Rik" 2.94517814838011 -0.420100524261613 -0.380843194761997 0.703319605476343 NA 0.142857142857143 0.267857142857143 "Uqcrc2_noRT" "non-targeting_noRT"
"8490" "Ppp2ca" 92.0751910214028 0.0885796743009594 0.380714279296664 0.703415272083547 0.94210859493976 1 0.982142857142857 "Uqcrc2_noRT" "non-targeting_noRT"
"8491" "Brat1" 1.55487710329257 -0.578248607677823 -0.380669964064867 0.703448158965465 NA 0.0952380952380952 0.178571428571429 "Uqcrc2_noRT" "non-targeting_noRT"
"8492" "Gm49797" 1.55487710329257 -0.578248607677823 -0.380669964064867 0.703448158965465 NA 0.0952380952380952 0.160714285714286 "Uqcrc2_noRT" "non-targeting_noRT"
"8493" "Elmsan1" 5.17812243134157 -0.329751947939271 -0.380298297723198 0.703723998989965 NA 0.19047619047619 0.410714285714286 "Uqcrc2_noRT" "non-targeting_noRT"
"8494" "Nudcd3" 26.2579935073294 -0.145313140687258 -0.380119267079279 0.703856884279767 0.94210859493976 0.904761904761905 0.857142857142857 "Uqcrc2_noRT" "non-targeting_noRT"
"8495" "Emc8" 50.7255309326078 0.107346397025985 0.379970366425646 0.703967412507686 0.94210859493976 0.904761904761905 0.910714285714286 "Uqcrc2_noRT" "non-targeting_noRT"
"8496" "Nup93" 7.91606629702528 -0.274741747570262 -0.379264343997682 0.704491574596367 NA 0.285714285714286 0.482142857142857 "Uqcrc2_noRT" "non-targeting_noRT"
"8497" "Olfml2b" 0.441255625902283 1.08781439815255 0.379153965100756 0.704573534309233 NA 0.0476190476190476 0.0357142857142857 "Uqcrc2_noRT" "non-targeting_noRT"
"8498" "Gm42372" 0.441255625902283 1.08781439815255 0.379153965100756 0.704573534309233 NA 0.0476190476190476 0.0178571428571429 "Uqcrc2_noRT" "non-targeting_noRT"
"8499" "Calr3" 0.441255625902283 1.08781439815255 0.379153965100756 0.704573534309233 NA 0.0476190476190476 0.0357142857142857 "Uqcrc2_noRT" "non-targeting_noRT"
"8500" "Gm10687" 0.441255625902283 1.08781439815255 0.379153965100756 0.704573534309233 NA 0.0476190476190476 0.0178571428571429 "Uqcrc2_noRT" "non-targeting_noRT"
"8501" "Izumo4" 0.441255625902283 1.08781439815255 0.379153965100756 0.704573534309233 NA 0.0476190476190476 0.0357142857142857 "Uqcrc2_noRT" "non-targeting_noRT"
"8502" "Kif5a" 0.441255625902283 1.08781439815255 0.379153965100756 0.704573534309233 NA 0.0476190476190476 0.0357142857142857 "Uqcrc2_noRT" "non-targeting_noRT"
"8503" "Hcn1" 0.441255625902283 1.08781439815255 0.379153965100756 0.704573534309233 NA 0.0476190476190476 0.0357142857142857 "Uqcrc2_noRT" "non-targeting_noRT"
"8504" "Tmem30c" 0.441255625902283 1.08781439815255 0.379153965100756 0.704573534309233 NA 0.0476190476190476 0.0178571428571429 "Uqcrc2_noRT" "non-targeting_noRT"
"8505" "Gnmt" 0.441255625902283 1.08781439815255 0.379153965100756 0.704573534309233 NA 0.0476190476190476 0.0357142857142857 "Uqcrc2_noRT" "non-targeting_noRT"
"8506" "Fbxw5" 2.85938612724052 -0.431556153887252 -0.379130036745705 0.704591302298427 NA 0.19047619047619 0.339285714285714 "Uqcrc2_noRT" "non-targeting_noRT"
"8507" "Fgd1" 2.35146579090993 -0.470152043141311 -0.379011874679715 0.704679045850138 NA 0.0952380952380952 0.267857142857143 "Uqcrc2_noRT" "non-targeting_noRT"
"8508" "Snrpa1" 54.5480435804251 0.102448828652642 0.378865732857642 0.704787571752114 0.94210859493976 0.904761904761905 0.946428571428571 "Uqcrc2_noRT" "non-targeting_noRT"
"8509" "Gm16196" 1.08655305061648 0.653538292328638 0.378782937938908 0.704849058483402 NA 0.0952380952380952 0.0892857142857143 "Uqcrc2_noRT" "non-targeting_noRT"
"8510" "Usp37" 9.77639166896637 -0.234500126487613 -0.378746624684359 0.704876026728901 NA 0.476190476190476 0.589285714285714 "Uqcrc2_noRT" "non-targeting_noRT"
"8511" "Slc27a1" 5.55837995856342 0.322674439826064 0.378616050590226 0.704973001388758 NA 0.238095238095238 0.339285714285714 "Uqcrc2_noRT" "non-targeting_noRT"
"8512" "Plscr3" 8.07285224588757 0.248416030949605 0.378606008309746 0.704980459779848 NA 0.333333333333333 0.571428571428571 "Uqcrc2_noRT" "non-targeting_noRT"
"8513" "Gnpda1" 11.1824926101621 0.210586468452536 0.378590336991096 0.704992098908289 NA 0.476190476190476 0.553571428571429 "Uqcrc2_noRT" "non-targeting_noRT"
"8514" "Gpr37" 5.77040820302709 0.284317123574178 0.378541467910566 0.705028394542796 NA 0.333333333333333 0.303571428571429 "Uqcrc2_noRT" "non-targeting_noRT"
"8515" "Brms1l" 5.09365882827566 0.308097273684375 0.378515255732572 0.705047862908928 NA 0.333333333333333 0.375 "Uqcrc2_noRT" "non-targeting_noRT"
"8516" "Gtdc1" 1.67576804251261 0.542841219967111 0.378401140778302 0.705132620867991 NA 0.142857142857143 0.142857142857143 "Uqcrc2_noRT" "non-targeting_noRT"
"8517" "Tbpl1" 26.5486070540198 -0.152170987843075 -0.378348072360897 0.705172038252544 0.94210859493976 0.857142857142857 0.892857142857143 "Uqcrc2_noRT" "non-targeting_noRT"
"8518" "H2afv" 273.006267164317 -0.0630254863252847 -0.378327545337878 0.705187285227391 0.94210859493976 0.952380952380952 1 "Uqcrc2_noRT" "non-targeting_noRT"
"8519" "Zkscan8" 1.48870186878776 -0.601806202990575 -0.378113787921797 0.705346066087255 NA 0.0952380952380952 0.196428571428571 "Uqcrc2_noRT" "non-targeting_noRT"
"8520" "Lyn" 2.99594930832016 -0.413897296638889 -0.378107083791061 0.705351046181226 NA 0.19047619047619 0.25 "Uqcrc2_noRT" "non-targeting_noRT"
"8521" "5033406O09Rik" 18.0536014895969 0.163490709901083 0.378081842641294 0.705369796420729 0.94210859493976 0.523809523809524 0.732142857142857 "Uqcrc2_noRT" "non-targeting_noRT"
"8522" "Naa20" 66.6369375924433 0.0943761402374416 0.378008256366351 0.705424460573052 0.94210859493976 0.904761904761905 0.964285714285714 "Uqcrc2_noRT" "non-targeting_noRT"
"8523" "Foxk1" 3.00930709905951 -0.43749039512827 -0.377875231838046 0.705523282765586 NA 0.19047619047619 0.25 "Uqcrc2_noRT" "non-targeting_noRT"
"8524" "Pias2" 9.38702752599257 0.240418479868465 0.37775454598776 0.705612943012489 NA 0.523809523809524 0.589285714285714 "Uqcrc2_noRT" "non-targeting_noRT"
"8525" "Cnot6l" 11.2948651564019 0.214163218242582 0.377753406438052 0.705613789629215 NA 0.619047619047619 0.553571428571429 "Uqcrc2_noRT" "non-targeting_noRT"
"8526" "Rsl24d1" 49.877004746933 0.10893637976967 0.37772723729739 0.705633231823185 0.94210859493976 0.904761904761905 0.964285714285714 "Uqcrc2_noRT" "non-targeting_noRT"
"8527" "Lgr4" 2.39810406986459 -0.487736885004046 -0.377641726008237 0.705696763222898 NA 0.142857142857143 0.25 "Uqcrc2_noRT" "non-targeting_noRT"
"8528" "Dedd2" 4.29515998261799 -0.354662408838418 -0.377567526206955 0.705751892311042 NA 0.0952380952380952 0.375 "Uqcrc2_noRT" "non-targeting_noRT"
"8529" "Abce1" 41.3667901720873 0.112299502750288 0.377541060674344 0.705771556088889 0.94210859493976 0.857142857142857 0.892857142857143 "Uqcrc2_noRT" "non-targeting_noRT"
"8530" "Gm36988" 0.852643775517524 -0.74610935900624 -0.377359018134548 0.705906818242625 NA 0.0476190476190476 0.0892857142857143 "Uqcrc2_noRT" "non-targeting_noRT"
"8531" "Bfar" 7.57794657944739 -0.252364938291269 -0.377109140110534 0.706092498985864 NA 0.333333333333333 0.571428571428571 "Uqcrc2_noRT" "non-targeting_noRT"
"8532" "Trim46" 0.91940074998898 -0.782596005067407 -0.37709064675965 0.706106241822801 NA 0.0476190476190476 0.125 "Uqcrc2_noRT" "non-targeting_noRT"
"8533" "Pgghg" 2.94997260041675 -0.42363440091373 -0.37709061774369 0.706106263385307 NA 0.19047619047619 0.285714285714286 "Uqcrc2_noRT" "non-targeting_noRT"
"8534" "Dpagt1" 7.42858957745147 -0.267264706565745 -0.377088414194944 0.706107900899773 NA 0.428571428571429 0.464285714285714 "Uqcrc2_noRT" "non-targeting_noRT"
"8535" "Zfhx3" 51.5824103636881 0.134967246418473 0.376986040746225 0.706183978775834 0.94210859493976 0.857142857142857 0.821428571428571 "Uqcrc2_noRT" "non-targeting_noRT"
"8536" "Zc2hc1c" 2.24486433889195 0.452669284000122 0.376676059821419 0.706414356118853 NA 0.19047619047619 0.178571428571429 "Uqcrc2_noRT" "non-targeting_noRT"
"8537" "Chd9" 16.7923627090126 -0.171308984976163 -0.376528450631034 0.706524068496528 0.94210859493976 0.666666666666667 0.732142857142857 "Uqcrc2_noRT" "non-targeting_noRT"
"8538" "Fam204a" 24.4334955017619 0.152631137264517 0.376462440755751 0.706573133135586 0.94210859493976 0.761904761904762 0.857142857142857 "Uqcrc2_noRT" "non-targeting_noRT"
"8539" "Mrps12" 51.9734090948834 0.10241704588725 0.376245549918132 0.706734355032098 0.94210859493976 0.904761904761905 0.964285714285714 "Uqcrc2_noRT" "non-targeting_noRT"
"8540" "Ccnh" 21.455232557908 -0.157097579934405 -0.375858588364833 0.707022028603666 0.94210859493976 0.714285714285714 0.857142857142857 "Uqcrc2_noRT" "non-targeting_noRT"
"8541" "Fbl" 106.386799267515 -0.0783449692287846 -0.375780237921941 0.707080280704232 0.94210859493976 0.904761904761905 1 "Uqcrc2_noRT" "non-targeting_noRT"
"8542" "Opa1" 5.01432200102617 -0.327449362820401 -0.375568449802335 0.707237749824698 NA 0.19047619047619 0.410714285714286 "Uqcrc2_noRT" "non-targeting_noRT"
"8543" "Sclt1" 5.06192271500376 0.306277968534237 0.375551021692822 0.707250708564929 NA 0.285714285714286 0.357142857142857 "Uqcrc2_noRT" "non-targeting_noRT"
"8544" "Hnrnpu" 134.877539990359 -0.0708852189313486 -0.375530943327291 0.70726563801872 0.94210859493976 0.952380952380952 0.964285714285714 "Uqcrc2_noRT" "non-targeting_noRT"
"8545" "Csrp2" 32.0100635318194 -0.155502285298947 -0.375518236958315 0.707275086014671 0.94210859493976 0.80952380952381 0.803571428571429 "Uqcrc2_noRT" "non-targeting_noRT"
"8546" "Bola2" 108.528259777228 0.0771658803626938 0.375505432142598 0.707284607257662 0.94210859493976 1 1 "Uqcrc2_noRT" "non-targeting_noRT"
"8547" "Cpsf6" 22.0041407412982 0.16045996122358 0.375379431347867 0.707378299777147 0.94210859493976 0.761904761904762 0.803571428571429 "Uqcrc2_noRT" "non-targeting_noRT"
"8548" "Nek7" 9.10001436484647 -0.233062840944421 -0.375288717499606 0.707445756135163 NA 0.428571428571429 0.625 "Uqcrc2_noRT" "non-targeting_noRT"
"8549" "Mettl15" 2.89904376703894 -0.416663006973598 -0.375006697379782 0.707655485751232 NA 0.19047619047619 0.303571428571429 "Uqcrc2_noRT" "non-targeting_noRT"
"8550" "Rpgrip1l" 4.63149595573905 0.323204018816714 0.374912367587804 0.707725640843071 NA 0.333333333333333 0.321428571428571 "Uqcrc2_noRT" "non-targeting_noRT"
"8551" "Gm17066" 2.15696596171737 0.451379006418912 0.374862445639795 0.707762769871807 NA 0.19047619047619 0.196428571428571 "Uqcrc2_noRT" "non-targeting_noRT"
"8552" "Bcorl1" 2.15696596171737 0.451379006418912 0.374862445639795 0.707762769871807 NA 0.19047619047619 0.178571428571429 "Uqcrc2_noRT" "non-targeting_noRT"
"8553" "Mapk9" 13.9676640352114 0.199922700971213 0.374851828419163 0.707770666429912 0.942327869268654 0.571428571428571 0.660714285714286 "Uqcrc2_noRT" "non-targeting_noRT"
"8554" "Kdelr3" 6.4507518447174 0.311416214640153 0.374504391742178 0.708029089803748 NA 0.333333333333333 0.375 "Uqcrc2_noRT" "non-targeting_noRT"
"8555" "Zfp382" 1.56279862981908 -0.563394475577656 -0.374409295999142 0.708099827872913 NA 0.0952380952380952 0.196428571428571 "Uqcrc2_noRT" "non-targeting_noRT"
"8556" "Mfsd12" 2.29800653496825 -0.475215816007769 -0.374390060380591 0.708114136816696 NA 0.142857142857143 0.25 "Uqcrc2_noRT" "non-targeting_noRT"
"8557" "Wfs1" 1.09345385868811 0.636638840474629 0.374143694765404 0.708297411764171 NA 0.0952380952380952 0.0892857142857143 "Uqcrc2_noRT" "non-targeting_noRT"
"8558" "Gm15892" 1.09345385868811 0.636638840474629 0.374143694765404 0.708297411764171 NA 0.0952380952380952 0.0892857142857143 "Uqcrc2_noRT" "non-targeting_noRT"
"8559" "Lyrm2" 10.3576822761518 -0.218261793556995 -0.373886150923422 0.708489020417775 NA 0.380952380952381 0.625 "Uqcrc2_noRT" "non-targeting_noRT"
"8560" "Has2os" 4.40215633685449 -0.339858554330817 -0.373662352066438 0.70865553830569 NA 0.285714285714286 0.375 "Uqcrc2_noRT" "non-targeting_noRT"
"8561" "Tbcb" 65.2971402918637 -0.099980578672806 -0.373633187262238 0.70867723944943 0.943231398147875 0.952380952380952 0.982142857142857 "Uqcrc2_noRT" "non-targeting_noRT"
"8562" "Rnf103" 3.32849712616946 0.378313323603161 0.373364223665029 0.708877382836967 NA 0.19047619047619 0.232142857142857 "Uqcrc2_noRT" "non-targeting_noRT"
"8563" "Ift80" 2.93348288827185 -0.412605916596541 -0.373322973569364 0.708908079972892 NA 0.0952380952380952 0.267857142857143 "Uqcrc2_noRT" "non-targeting_noRT"
"8564" "Dap" 70.5242804467262 0.0953688649558554 0.372981309930326 0.709162354404772 0.943573576375224 1 0.946428571428571 "Uqcrc2_noRT" "non-targeting_noRT"
"8565" "Lipt2" 1.53896913111431 -0.559345991293424 -0.372772872311002 0.709317494692832 NA 0.0952380952380952 0.178571428571429 "Uqcrc2_noRT" "non-targeting_noRT"
"8566" "Fam126b" 3.54352728444916 -0.382753835083189 -0.372428854278631 0.709573573955698 NA 0.142857142857143 0.321428571428571 "Uqcrc2_noRT" "non-targeting_noRT"
"8567" "Tchp" 2.97851672007353 -0.403247752090346 -0.372386290903665 0.709605259453326 NA 0.19047619047619 0.285714285714286 "Uqcrc2_noRT" "non-targeting_noRT"
"8568" "4933421O10Rik" 3.22149878320149 0.400954308164587 0.37225071809448 0.709706187408324 NA 0.19047619047619 0.214285714285714 "Uqcrc2_noRT" "non-targeting_noRT"
"8569" "Zc2hc1a" 4.10440297910795 -0.360171779488813 -0.372204918409523 0.709740284397464 NA 0.285714285714286 0.357142857142857 "Uqcrc2_noRT" "non-targeting_noRT"
"8570" "Acadsb" 5.85006443082846 -0.300327958642589 -0.371908644078347 0.709960869007352 NA 0.285714285714286 0.428571428571429 "Uqcrc2_noRT" "non-targeting_noRT"
"8571" "Galnt12" 30.9910083223521 -0.139396701937988 -0.371847296459028 0.710006547081295 0.944393150698295 0.761904761904762 0.839285714285714 "Uqcrc2_noRT" "non-targeting_noRT"
"8572" "Zc3h10" 6.33107907526643 0.27956694638644 0.371716193629594 0.710104166827102 NA 0.428571428571429 0.410714285714286 "Uqcrc2_noRT" "non-targeting_noRT"
"8573" "Bicral" 3.78200621576252 -0.371959134204411 -0.371603576020412 0.710188026194858 NA 0.19047619047619 0.375 "Uqcrc2_noRT" "non-targeting_noRT"
"8574" "Ntrk1" 1.09926902917962 0.671695927023476 0.371590689573318 0.71019762215872 NA 0.0476190476190476 0.0892857142857143 "Uqcrc2_noRT" "non-targeting_noRT"
"8575" "Gm36888" 1.09926902917962 0.671695927023476 0.371590689573318 0.71019762215872 NA 0.0952380952380952 0.0892857142857143 "Uqcrc2_noRT" "non-targeting_noRT"
"8576" "Rhobtb1" 1.09926902917962 0.671695927023476 0.371590689573318 0.71019762215872 NA 0.0952380952380952 0.0892857142857143 "Uqcrc2_noRT" "non-targeting_noRT"
"8577" "P2rx7" 2.38277783765297 -0.475985579814401 -0.371582216144631 0.710203931969141 NA 0.142857142857143 0.25 "Uqcrc2_noRT" "non-targeting_noRT"
"8578" "Mill2" 1.09556021472311 0.632159083653643 0.371543390676293 0.710232843936955 NA 0.0952380952380952 0.0892857142857143 "Uqcrc2_noRT" "non-targeting_noRT"
"8579" "Samd5" 1.09556021472311 0.632159083653643 0.371543390676293 0.710232843936955 NA 0.0952380952380952 0.0714285714285714 "Uqcrc2_noRT" "non-targeting_noRT"
"8580" "Kbtbd7" 1.09556021472311 0.632159083653643 0.371543390676293 0.710232843936955 NA 0.0952380952380952 0.0892857142857143 "Uqcrc2_noRT" "non-targeting_noRT"
"8581" "Zdhhc12" 11.3330001688634 0.206373467723993 0.371419643866253 0.710324996639525 NA 0.523809523809524 0.589285714285714 "Uqcrc2_noRT" "non-targeting_noRT"
"8582" "Swt1" 11.3700729107899 0.222883281440511 0.371395356334527 0.710343083758078 NA 0.476190476190476 0.678571428571429 "Uqcrc2_noRT" "non-targeting_noRT"
"8583" "Otub2" 1.56548672582072 -0.567087530450143 -0.371377666641869 0.710356257515954 NA 0.0952380952380952 0.178571428571429 "Uqcrc2_noRT" "non-targeting_noRT"
"8584" "Gpam" 1.62971349225605 0.505120428956785 0.37078920378522 0.710794543218385 NA 0.142857142857143 0.125 "Uqcrc2_noRT" "non-targeting_noRT"
"8585" "Cdk10" 6.94526927565703 0.259058016322753 0.370613801311581 0.710925201062189 NA 0.380952380952381 0.446428571428571 "Uqcrc2_noRT" "non-targeting_noRT"
"8586" "Ddx59" 3.46892662580435 -0.388023995343811 -0.370259688106368 0.711189006961455 NA 0.19047619047619 0.321428571428571 "Uqcrc2_noRT" "non-targeting_noRT"
"8587" "Rcor3" 4.05172511770632 0.360525605856558 0.370170691722183 0.711255312587131 NA 0.285714285714286 0.285714285714286 "Uqcrc2_noRT" "non-targeting_noRT"
"8588" "Alkbh5" 50.8182853481218 -0.114008309210677 -0.370037341087429 0.711354667872386 0.945198069125354 0.857142857142857 0.928571428571429 "Uqcrc2_noRT" "non-targeting_noRT"
"8589" "Lgals8" 8.27008710553569 -0.238233686733444 -0.370035920949139 0.71135572599831 NA 0.428571428571429 0.589285714285714 "Uqcrc2_noRT" "non-targeting_noRT"
"8590" "Cmtm4" 18.7426383082404 0.167442179344469 0.369846265275949 0.711497040882488 0.945198069125354 0.714285714285714 0.803571428571429 "Uqcrc2_noRT" "non-targeting_noRT"
"8591" "Ndel1" 14.9776077485896 -0.177584626502574 -0.36963968984914 0.711650974171418 0.945198069125354 0.714285714285714 0.732142857142857 "Uqcrc2_noRT" "non-targeting_noRT"
"8592" "Tfip11" 2.83708124460412 -0.432327521385547 -0.369559116328854 0.711711018124827 NA 0.19047619047619 0.25 "Uqcrc2_noRT" "non-targeting_noRT"
"8593" "Sh3gl1" 13.335158442682 0.20151102498108 0.369457005557334 0.711787114357808 0.945198069125354 0.476190476190476 0.696428571428571 "Uqcrc2_noRT" "non-targeting_noRT"
"8594" "Axl" 42.0118668801614 -0.126728817917854 -0.369238170842476 0.711950206697791 0.945198069125354 0.80952380952381 0.892857142857143 "Uqcrc2_noRT" "non-targeting_noRT"
"8595" "Rnf135" 5.73769474277289 -0.288318095928816 -0.368799715225405 0.71227701695249 NA 0.285714285714286 0.464285714285714 "Uqcrc2_noRT" "non-targeting_noRT"
"8596" "Nxt2" 1.07754588650985 0.683426095426985 0.368755195326154 0.712310203563273 NA 0.0952380952380952 0.0892857142857143 "Uqcrc2_noRT" "non-targeting_noRT"
"8597" "Pls3" 5.66883141226644 -0.291598346387532 -0.368657705077813 0.712382877933427 NA 0.285714285714286 0.446428571428571 "Uqcrc2_noRT" "non-targeting_noRT"
"8598" "Dpf1" 0.864339035625789 -0.768623128007541 -0.368642457517867 0.712394244504583 NA 0.0476190476190476 0.107142857142857 "Uqcrc2_noRT" "non-targeting_noRT"
"8599" "Abhd16a" 24.6241248506135 -0.149573059626364 -0.368642139922761 0.712394481262315 0.945198069125354 0.666666666666667 0.821428571428571 "Uqcrc2_noRT" "non-targeting_noRT"
"8600" "Nudt8" 6.97472514898856 -0.261384316316206 -0.368497358092522 0.712502414709452 NA 0.285714285714286 0.464285714285714 "Uqcrc2_noRT" "non-targeting_noRT"
"8601" "Med1" 20.144607299543 -0.156192167073866 -0.368473357614184 0.712520307389239 0.945198069125354 0.904761904761905 0.785714285714286 "Uqcrc2_noRT" "non-targeting_noRT"
"8602" "Trmt6" 24.406065724341 -0.156673161402298 -0.368413203323981 0.712565153917903 0.945198069125354 0.666666666666667 0.839285714285714 "Uqcrc2_noRT" "non-targeting_noRT"
"8603" "Wasf1" 3.96180021558135 0.336209373411192 0.368382561779973 0.712587998337827 NA 0.285714285714286 0.303571428571429 "Uqcrc2_noRT" "non-targeting_noRT"
"8604" "March8" 2.99123269863667 -0.398623736445304 -0.368379406104048 0.712590351027194 NA 0.19047619047619 0.232142857142857 "Uqcrc2_noRT" "non-targeting_noRT"
"8605" "Naa80" 2.99123269863667 -0.398623736445304 -0.368379406104048 0.712590351027194 NA 0.19047619047619 0.214285714285714 "Uqcrc2_noRT" "non-targeting_noRT"
"8606" "Arhgdig" 2.36795550305483 -0.479934313555546 -0.36819308347967 0.712729267241673 NA 0.142857142857143 0.178571428571429 "Uqcrc2_noRT" "non-targeting_noRT"
"8607" "Actn1" 6.90644355844874 -0.264577219503012 -0.368074781828887 0.712817474131486 NA 0.428571428571429 0.410714285714286 "Uqcrc2_noRT" "non-targeting_noRT"
"8608" "Efcab14" 11.7403608699069 -0.204668072906702 -0.36807146224275 0.712819949303399 NA 0.571428571428571 0.642857142857143 "Uqcrc2_noRT" "non-targeting_noRT"
"8609" "Katna1" 26.6223735106176 -0.135367169556324 -0.367993340867187 0.712878199556472 0.945198069125354 0.666666666666667 0.910714285714286 "Uqcrc2_noRT" "non-targeting_noRT"
"8610" "Suv39h1" 7.02665978886188 -0.259507020513435 -0.367973177578436 0.712893234339274 NA 0.380952380952381 0.482142857142857 "Uqcrc2_noRT" "non-targeting_noRT"
"8611" "Tmx3" 19.9740508113658 -0.162882673456806 -0.36796962224603 0.712895885389132 0.945198069125354 0.666666666666667 0.785714285714286 "Uqcrc2_noRT" "non-targeting_noRT"
"8612" "Pask" 0.863757295659151 -0.76719037187267 -0.367932803533367 0.712923339634439 NA 0.0476190476190476 0.0892857142857143 "Uqcrc2_noRT" "non-targeting_noRT"
"8613" "Tmem246" 0.863757295659151 -0.76719037187267 -0.367932803533367 0.712923339634439 NA 0.0476190476190476 0.107142857142857 "Uqcrc2_noRT" "non-targeting_noRT"
"8614" "Zfp275" 2.90696529356544 -0.40865506535278 -0.367807249723956 0.713016962898051 NA 0.142857142857143 0.267857142857143 "Uqcrc2_noRT" "non-targeting_noRT"
"8615" "Oas1g" 1.55168510967745 -0.550676161633007 -0.367772580745328 0.713042815706417 NA 0.0952380952380952 0.160714285714286 "Uqcrc2_noRT" "non-targeting_noRT"
"8616" "Mfsd3" 2.35887049659505 -0.488873048450514 -0.367653306733674 0.713131761374063 NA 0.142857142857143 0.267857142857143 "Uqcrc2_noRT" "non-targeting_noRT"
"8617" "Tspan6" 14.0022008032711 0.186117315382441 0.367594990164933 0.713175250944136 0.945265595261638 0.666666666666667 0.625 "Uqcrc2_noRT" "non-targeting_noRT"
"8618" "Anapc2" 8.58803539587763 0.238481832981435 0.3673667308936 0.713345484217363 NA 0.428571428571429 0.517857142857143 "Uqcrc2_noRT" "non-targeting_noRT"
"8619" "Socs2" 4.99789521927506 -0.313501452441155 -0.367171541380972 0.713491065748779 NA 0.19047619047619 0.321428571428571 "Uqcrc2_noRT" "non-targeting_noRT"
"8620" "Pld2" 1.10616983725125 0.653429874279501 0.367141263484136 0.713513649365157 NA 0.0952380952380952 0.0892857142857143 "Uqcrc2_noRT" "non-targeting_noRT"
"8621" "Slc25a38" 6.19940285540916 -0.295305019453634 -0.366787029886954 0.713777883048266 NA 0.380952380952381 0.482142857142857 "Uqcrc2_noRT" "non-targeting_noRT"
"8622" "Mob3c" 1.55589782174745 -0.555603217761918 -0.366705672171632 0.713838575107787 NA 0.0952380952380952 0.160714285714286 "Uqcrc2_noRT" "non-targeting_noRT"
"8623" "Tbc1d5" 2.91807881370707 -0.41631209146488 -0.366479043998104 0.714007647053635 NA 0.19047619047619 0.285714285714286 "Uqcrc2_noRT" "non-targeting_noRT"
"8624" "Xpo1" 24.5586679109159 -0.139792217261967 -0.366443968974463 0.714033815410548 0.946000459908642 0.666666666666667 0.767857142857143 "Uqcrc2_noRT" "non-targeting_noRT"
"8625" "Gm904" 1.08444669458148 0.663988036376134 0.366282022353456 0.71415464298262 NA 0.0952380952380952 0.0892857142857143 "Uqcrc2_noRT" "non-targeting_noRT"
"8626" "F8" 1.08444669458148 0.663988036376134 0.366282022353456 0.71415464298262 NA 0.0952380952380952 0.0535714285714286 "Uqcrc2_noRT" "non-targeting_noRT"
"8627" "Smad7" 6.30480967445205 -0.269934978390706 -0.366260754630472 0.714170511257936 NA 0.428571428571429 0.482142857142857 "Uqcrc2_noRT" "non-targeting_noRT"
"8628" "Ube2q1" 27.6136457618489 -0.140779355232005 -0.366114970023075 0.714279287409142 0.946000459908642 0.80952380952381 0.857142857142857 "Uqcrc2_noRT" "non-targeting_noRT"
"8629" "1700056E22Rik" 2.29590017893325 -0.472757231501555 -0.366068013393068 0.714314325002011 NA 0.142857142857143 0.214285714285714 "Uqcrc2_noRT" "non-targeting_noRT"
"8630" "Magi1" 8.26100209907591 -0.241069307834203 -0.365987521670078 0.71437438685071 NA 0.428571428571429 0.464285714285714 "Uqcrc2_noRT" "non-targeting_noRT"
"8631" "Aebp1" 17.0016080382172 0.186168488961356 0.365932393555103 0.714415523734776 0.946000459908642 0.523809523809524 0.589285714285714 "Uqcrc2_noRT" "non-targeting_noRT"
"8632" "Pnpla7" 1.70649834928901 0.524602637141673 0.365834179519709 0.714488813611295 NA 0.142857142857143 0.107142857142857 "Uqcrc2_noRT" "non-targeting_noRT"
"8633" "Cep290" 9.88503113322709 0.241995385431912 0.365666640166743 0.714613841926331 NA 0.523809523809524 0.5 "Uqcrc2_noRT" "non-targeting_noRT"
"8634" "Kcnq1ot1" 58.8755799133385 -0.126060877947256 -0.365615571348298 0.714651954187375 0.946010808198132 0.714285714285714 0.767857142857143 "Uqcrc2_noRT" "non-targeting_noRT"
"8635" "Habp4" 2.17868910438714 0.447370362028082 0.365499644233028 0.714738472330717 NA 0.19047619047619 0.196428571428571 "Uqcrc2_noRT" "non-targeting_noRT"
"8636" "Fbxw9" 1.62760713622106 0.508304656676179 0.365418590192229 0.714798966353702 NA 0.142857142857143 0.142857142857143 "Uqcrc2_noRT" "non-targeting_noRT"
"8637" "Kmo" 0.515934126900246 1.00015508744865 0.365354077022339 0.714847116513072 NA 0.0476190476190476 0.0357142857142857 "Uqcrc2_noRT" "non-targeting_noRT"
"8638" "Gm43387" 0.515934126900246 1.00015508744865 0.365354077022339 0.714847116513072 NA 0.0476190476190476 0.0357142857142857 "Uqcrc2_noRT" "non-targeting_noRT"
"8639" "Gstm6" 0.515934126900246 1.00015508744865 0.365354077022339 0.714847116513072 NA 0.0476190476190476 0.0357142857142857 "Uqcrc2_noRT" "non-targeting_noRT"
"8640" "Pdgfra" 0.515934126900246 1.00015508744865 0.365354077022339 0.714847116513072 NA 0.0476190476190476 0.0178571428571429 "Uqcrc2_noRT" "non-targeting_noRT"
"8641" "Myo1h" 0.515934126900246 1.00015508744865 0.365354077022339 0.714847116513072 NA 0.0476190476190476 0.0357142857142857 "Uqcrc2_noRT" "non-targeting_noRT"
"8642" "Gm15492" 0.515934126900246 1.00015508744865 0.365354077022339 0.714847116513072 NA 0.0476190476190476 0.0357142857142857 "Uqcrc2_noRT" "non-targeting_noRT"
"8643" "Wdr62" 0.515934126900246 1.00015508744865 0.365354077022339 0.714847116513072 NA 0.0476190476190476 0.0357142857142857 "Uqcrc2_noRT" "non-targeting_noRT"
"8644" "Gm44633" 0.515934126900246 1.00015508744865 0.365354077022339 0.714847116513072 NA 0.0476190476190476 0.0357142857142857 "Uqcrc2_noRT" "non-targeting_noRT"
"8645" "Slc22a18" 0.515934126900246 1.00015508744865 0.365354077022339 0.714847116513072 NA 0.0476190476190476 0.0178571428571429 "Uqcrc2_noRT" "non-targeting_noRT"
"8646" "Gm16348" 0.515934126900246 1.00015508744865 0.365354077022339 0.714847116513072 NA 0.0476190476190476 0.0357142857142857 "Uqcrc2_noRT" "non-targeting_noRT"
"8647" "B230208H11Rik" 0.515934126900246 1.00015508744865 0.365354077022339 0.714847116513072 NA 0.0476190476190476 0.0357142857142857 "Uqcrc2_noRT" "non-targeting_noRT"
"8648" "Gm46218" 0.515934126900246 1.00015508744865 0.365354077022339 0.714847116513072 NA 0.0476190476190476 0.0357142857142857 "Uqcrc2_noRT" "non-targeting_noRT"
"8649" "Gm47863" 0.515934126900246 1.00015508744865 0.365354077022339 0.714847116513072 NA 0.0476190476190476 0.0357142857142857 "Uqcrc2_noRT" "non-targeting_noRT"
"8650" "Zfp595" 0.515934126900246 1.00015508744865 0.365354077022339 0.714847116513072 NA 0.0476190476190476 0.0357142857142857 "Uqcrc2_noRT" "non-targeting_noRT"
"8651" "Zfp85os" 0.515934126900246 1.00015508744865 0.365354077022339 0.714847116513072 NA 0.0476190476190476 0.0357142857142857 "Uqcrc2_noRT" "non-targeting_noRT"
"8652" "3110070M22Rik" 0.515934126900246 1.00015508744865 0.365354077022339 0.714847116513072 NA 0.0476190476190476 0.0357142857142857 "Uqcrc2_noRT" "non-targeting_noRT"
"8653" "Ski" 3.3311852221711 0.375618639932563 0.365228414618091 0.714940909377357 NA 0.238095238095238 0.214285714285714 "Uqcrc2_noRT" "non-targeting_noRT"
"8654" "Sfmbt1" 2.32056355834479 0.496346561801034 0.365206380183011 0.714957356050796 NA 0.142857142857143 0.196428571428571 "Uqcrc2_noRT" "non-targeting_noRT"
"8655" "Zdhhc20" 19.879748688086 -0.159648678354923 -0.364789484710431 0.715268555001597 0.946524234280975 0.619047619047619 0.732142857142857 "Uqcrc2_noRT" "non-targeting_noRT"
"8656" "Crabp2" 1.64242947081919 0.513258680079457 0.364731831118888 0.71531159526442 NA 0.0952380952380952 0.0892857142857143 "Uqcrc2_noRT" "non-targeting_noRT"
"8657" "Rab11fip3" 1.64242947081919 0.513258680079457 0.364731831118888 0.71531159526442 NA 0.142857142857143 0.125 "Uqcrc2_noRT" "non-targeting_noRT"
"8658" "Tmem80" 4.39314917274786 -0.335325849348167 -0.364558490459181 0.715441005100115 NA 0.238095238095238 0.392857142857143 "Uqcrc2_noRT" "non-targeting_noRT"
"8659" "Ap4b1" 2.1738946523505 0.452449122982104 0.364343491826029 0.715601526626425 NA 0.19047619047619 0.196428571428571 "Uqcrc2_noRT" "non-targeting_noRT"
"8660" "Mest" 4.72960325595801 0.356679197689168 0.364099513347379 0.71578370021445 NA 0.19047619047619 0.25 "Uqcrc2_noRT" "non-targeting_noRT"
"8661" "Tmem135" 2.24217624289032 0.456394208494853 0.363807318899133 0.716001896947063 NA 0.19047619047619 0.178571428571429 "Uqcrc2_noRT" "non-targeting_noRT"
"8662" "Fam45a" 17.6844374780892 0.166108296790225 0.363767095506947 0.716031935654647 0.947231505671013 0.761904761904762 0.732142857142857 "Uqcrc2_noRT" "non-targeting_noRT"
"8663" "Mfap5" 1.70860470532401 0.521614506601366 0.363706700307375 0.716077039432371 NA 0.142857142857143 0.142857142857143 "Uqcrc2_noRT" "non-targeting_noRT"
"8664" "Capn5" 2.18079546042213 0.445199497691598 0.363647779097764 0.716121043373498 NA 0.142857142857143 0.178571428571429 "Uqcrc2_noRT" "non-targeting_noRT"
"8665" "Sgcz" 4.56161190677772 0.312511627614111 0.363434059434769 0.716280662866786 NA 0.238095238095238 0.321428571428571 "Uqcrc2_noRT" "non-targeting_noRT"
"8666" "Usp20" 1.47969470468113 -0.594558691393607 -0.363273753302991 0.716400397861886 NA 0.0952380952380952 0.178571428571429 "Uqcrc2_noRT" "non-targeting_noRT"
"8667" "Mfap1b" 7.01521824374361 0.254187964078865 0.363233334956583 0.716430588016937 NA 0.428571428571429 0.446428571428571 "Uqcrc2_noRT" "non-targeting_noRT"
"8668" "Zfp788" 3.54787609168944 0.401601577613103 0.36267633842644 0.716846677166757 NA 0.238095238095238 0.232142857142857 "Uqcrc2_noRT" "non-targeting_noRT"
"8669" "Ddb2" 1.10246102279474 0.616920843420243 0.362669083641663 0.716852097211768 NA 0.0952380952380952 0.0892857142857143 "Uqcrc2_noRT" "non-targeting_noRT"
"8670" "Paqr7" 0.503218148337106 1.0000222310484 0.36253460576646 0.716952568127176 NA 0.0476190476190476 0.0357142857142857 "Uqcrc2_noRT" "non-targeting_noRT"
"8671" "2810405F17Rik" 0.503218148337106 1.0000222310484 0.36253460576646 0.716952568127176 NA 0.0476190476190476 0.0357142857142857 "Uqcrc2_noRT" "non-targeting_noRT"
"8672" "Arhgef19" 0.503218148337106 1.0000222310484 0.36253460576646 0.716952568127176 NA 0.0476190476190476 0.0357142857142857 "Uqcrc2_noRT" "non-targeting_noRT"
"8673" "Mturn" 0.503218148337106 1.0000222310484 0.36253460576646 0.716952568127176 NA 0.0476190476190476 0.0357142857142857 "Uqcrc2_noRT" "non-targeting_noRT"
"8674" "Wfikkn2" 0.503218148337106 1.0000222310484 0.36253460576646 0.716952568127176 NA 0.0476190476190476 0.0357142857142857 "Uqcrc2_noRT" "non-targeting_noRT"
"8675" "Serp2" 0.503218148337106 1.0000222310484 0.36253460576646 0.716952568127176 NA 0.0476190476190476 0.0357142857142857 "Uqcrc2_noRT" "non-targeting_noRT"
"8676" "Vmac" 0.503218148337106 1.0000222310484 0.36253460576646 0.716952568127176 NA 0.0476190476190476 0.0357142857142857 "Uqcrc2_noRT" "non-targeting_noRT"
"8677" "Fchsd1" 0.503218148337106 1.0000222310484 0.36253460576646 0.716952568127176 NA 0.0476190476190476 0.0357142857142857 "Uqcrc2_noRT" "non-targeting_noRT"
"8678" "Gm10762" 2.20831886162405 0.452993763812607 0.362431541940076 0.717029572339626 NA 0.19047619047619 0.196428571428571 "Uqcrc2_noRT" "non-targeting_noRT"
"8679" "Gatc" 6.49421992326204 0.261620435012643 0.362267793768858 0.717151922819474 NA 0.428571428571429 0.482142857142857 "Uqcrc2_noRT" "non-targeting_noRT"
"8680" "Parp4" 2.98912634260168 -0.396892113736422 -0.3621331144693 0.717252558860652 NA 0.19047619047619 0.25 "Uqcrc2_noRT" "non-targeting_noRT"
"8681" "Chml" 1.63763501878256 0.521204476700915 0.361823810687282 0.717483697649468 NA 0.142857142857143 0.107142857142857 "Uqcrc2_noRT" "non-targeting_noRT"
"8682" "0610009B22Rik" 34.0859588080198 -0.121302657074103 -0.361454481893375 0.717759726252369 0.948792199923284 0.904761904761905 0.928571428571429 "Uqcrc2_noRT" "non-targeting_noRT"
"8683" "1700088E04Rik" 2.93195827220349 -0.412161205864698 -0.361148521311131 0.717988422692193 NA 0.19047619047619 0.267857142857143 "Uqcrc2_noRT" "non-targeting_noRT"
"8684" "Lrif1" 13.3895352189488 0.193112725130779 0.36109484249109 0.718028548620788 0.948792199923284 0.476190476190476 0.696428571428571 "Uqcrc2_noRT" "non-targeting_noRT"
"8685" "Elp2" 8.40570256359792 -0.235491884277045 -0.361054651767334 0.718058592452652 NA 0.476190476190476 0.553571428571429 "Uqcrc2_noRT" "non-targeting_noRT"
"8686" "Ilf2" 58.335397238772 0.0949682730709122 0.360995408706607 0.718102879301428 0.948792199923284 0.952380952380952 0.964285714285714 "Uqcrc2_noRT" "non-targeting_noRT"
"8687" "Fpgt" 1.54478430160582 -0.542787365347096 -0.360974631072112 0.718118411740783 NA 0.0952380952380952 0.178571428571429 "Uqcrc2_noRT" "non-targeting_noRT"
"8688" "Wdr60" 1.54478430160582 -0.542787365347096 -0.360974631072112 0.718118411740783 NA 0.0952380952380952 0.160714285714286 "Uqcrc2_noRT" "non-targeting_noRT"
"8689" "Hexb" 17.1487447031433 -0.179430140565983 -0.360960671575275 0.718128847307812 0.948792199923284 0.619047619047619 0.714285714285714 "Uqcrc2_noRT" "non-targeting_noRT"
"8690" "Wdr27" 1.08865940665148 0.654202975844261 0.360958081569144 0.718130783499613 NA 0.0952380952380952 0.0892857142857143 "Uqcrc2_noRT" "non-targeting_noRT"
"8691" "Add1" 11.0569699537866 0.204498343261925 0.360702023602557 0.718322211800839 NA 0.571428571428571 0.642857142857143 "Uqcrc2_noRT" "non-targeting_noRT"
"8692" "Slc35f3" 2.96202700792863 -0.392640593466704 -0.360688424034861 0.718332379298515 NA 0.19047619047619 0.285714285714286 "Uqcrc2_noRT" "non-targeting_noRT"
"8693" "Gtf3c3" 5.00952556025807 -0.302821305782973 -0.360649959645069 0.718361136849828 NA 0.285714285714286 0.410714285714286 "Uqcrc2_noRT" "non-targeting_noRT"
"8694" "Yars2" 7.56941436317166 0.243480137191758 0.360418200777168 0.71853441770225 NA 0.380952380952381 0.482142857142857 "Uqcrc2_noRT" "non-targeting_noRT"
"8695" "Chordc1" 35.1279594264459 -0.119527442130933 -0.360408714580671 0.718541510624771 0.948957937391698 0.904761904761905 0.946428571428571 "Uqcrc2_noRT" "non-targeting_noRT"
"8696" "Ecsit" 11.5045644522675 0.208142424149539 0.36038550828676 0.718558862301436 NA 0.523809523809524 0.589285714285714 "Uqcrc2_noRT" "non-targeting_noRT"
"8697" "Rnft1" 11.7933162282351 -0.200199545348266 -0.360305862921339 0.718618415379811 NA 0.523809523809524 0.714285714285714 "Uqcrc2_noRT" "non-targeting_noRT"
"8698" "Yeats2" 3.58697158105724 -0.350723919257876 -0.360152047266414 0.718733432505452 NA 0.238095238095238 0.357142857142857 "Uqcrc2_noRT" "non-targeting_noRT"
"8699" "Fignl1" 6.40019059966491 -0.268721472362385 -0.360048192260529 0.718811094682038 NA 0.380952380952381 0.428571428571429 "Uqcrc2_noRT" "non-targeting_noRT"
"8700" "Usp30" 1.54689065764082 -0.545209395358377 -0.359967826653911 0.718871193613976 NA 0.0952380952380952 0.142857142857143 "Uqcrc2_noRT" "non-targeting_noRT"
"8701" "2610035D17Rik" 6.59062156692978 0.268389012326468 0.359921408499115 0.718905906786733 NA 0.285714285714286 0.5 "Uqcrc2_noRT" "non-targeting_noRT"
"8702" "Mgat4b" 9.47514563754596 0.211783603046301 0.359575975016875 0.71916425263412 NA 0.523809523809524 0.571428571428571 "Uqcrc2_noRT" "non-targeting_noRT"
"8703" "L1cam" 31.088801023762 -0.139929102793373 -0.359463372324544 0.719248473868144 0.948957937391698 0.666666666666667 0.839285714285714 "Uqcrc2_noRT" "non-targeting_noRT"
"8704" "Pdcd11" 33.9366776596456 -0.119590841053418 -0.359333622366898 0.719345524634143 0.948957937391698 0.857142857142857 0.910714285714286 "Uqcrc2_noRT" "non-targeting_noRT"
"8705" "Mrpl40" 20.4220064459818 -0.156529089093714 -0.359278961181731 0.719386411627612 0.948957937391698 0.666666666666667 0.839285714285714 "Uqcrc2_noRT" "non-targeting_noRT"
"8706" "Tigd2" 14.0265341995893 0.182320138181968 0.359047288181878 0.719559713753607 0.948957937391698 0.571428571428571 0.714285714285714 "Uqcrc2_noRT" "non-targeting_noRT"
"8707" "Rad9b" 1.6403231147842 0.517012710959351 0.358851296365295 0.719706335960135 NA 0.142857142857143 0.125 "Uqcrc2_noRT" "non-targeting_noRT"
"8708" "Cebpb" 130.711722826209 -0.0955457327394166 -0.35870125421619 0.719818590019249 0.948957937391698 1 0.964285714285714 "Uqcrc2_noRT" "non-targeting_noRT"
"8709" "Pskh1" 2.92505746413186 -0.407555115966016 -0.358684320841383 0.719831259105905 NA 0.19047619047619 0.303571428571429 "Uqcrc2_noRT" "non-targeting_noRT"
"8710" "Pwp1" 15.9969885971583 0.16770883699676 0.358646460220178 0.719859585662769 0.948957937391698 0.571428571428571 0.714285714285714 "Uqcrc2_noRT" "non-targeting_noRT"
"8711" "Lyplal1" 13.0817342197657 0.187050199088533 0.35820217281977 0.720192021308966 0.949000866816714 0.523809523809524 0.607142857142857 "Uqcrc2_noRT" "non-targeting_noRT"
"8712" "E4f1" 4.01634510910315 0.325484895544519 0.357769021225882 0.720516175585561 NA 0.238095238095238 0.321428571428571 "Uqcrc2_noRT" "non-targeting_noRT"
"8713" "Med13l" 12.2636034609862 -0.19275183563796 -0.357512420577027 0.720708229508873 NA 0.571428571428571 0.589285714285714 "Uqcrc2_noRT" "non-targeting_noRT"
"8714" "Mfsd11" 4.74336174618113 0.304853340620498 0.357398723571023 0.720793332184144 NA 0.333333333333333 0.321428571428571 "Uqcrc2_noRT" "non-targeting_noRT"
"8715" "Rom1" 2.18769626849376 0.437830803255418 0.357359242298688 0.720822884887386 NA 0.142857142857143 0.178571428571429 "Uqcrc2_noRT" "non-targeting_noRT"
"8716" "Ccdc40" 7.41251275219643 0.264003537591224 0.357266898689998 0.720892007977407 NA 0.380952380952381 0.446428571428571 "Uqcrc2_noRT" "non-targeting_noRT"
"8717" "Trappc4" 121.324158908729 0.0865443788482548 0.357141302005831 0.720986026058504 0.949000866816714 1 1 "Uqcrc2_noRT" "non-targeting_noRT"
"8718" "Ttc12" 0.520146838970242 0.975322688261881 0.35700116084327 0.72109093669776 NA 0.0476190476190476 0.0357142857142857 "Uqcrc2_noRT" "non-targeting_noRT"
"8719" "Cdrt4" 0.520146838970242 0.975322688261881 0.35700116084327 0.72109093669776 NA 0.0476190476190476 0.0357142857142857 "Uqcrc2_noRT" "non-targeting_noRT"
"8720" "Ovca2" 0.520146838970242 0.975322688261881 0.35700116084327 0.72109093669776 NA 0.0476190476190476 0.0357142857142857 "Uqcrc2_noRT" "non-targeting_noRT"
"8721" "Tert" 0.520146838970242 0.975322688261881 0.35700116084327 0.72109093669776 NA 0.0476190476190476 0.0357142857142857 "Uqcrc2_noRT" "non-targeting_noRT"
"8722" "Zcchc9" 12.901048255762 -0.188801494396171 -0.356852182355263 0.721202468775452 0.949000866816714 0.571428571428571 0.589285714285714 "Uqcrc2_noRT" "non-targeting_noRT"
"8723" "Ube2cbp" 3.44826953117868 0.358746388957037 0.35665597769554 0.721349365561708 NA 0.285714285714286 0.25 "Uqcrc2_noRT" "non-targeting_noRT"
"8724" "Hadhb" 14.2090161260707 0.17863915565017 0.356507196697694 0.721460763502665 0.949000866816714 0.571428571428571 0.696428571428571 "Uqcrc2_noRT" "non-targeting_noRT"
"8725" "Kansl2" 24.1736757583145 -0.142700908148312 -0.356503718883655 0.721463367543806 0.949000866816714 0.714285714285714 0.892857142857143 "Uqcrc2_noRT" "non-targeting_noRT"
"8726" "Cdkn2aip" 7.07710292382528 0.252176418596019 0.356488408186252 0.721474831589615 NA 0.380952380952381 0.5 "Uqcrc2_noRT" "non-targeting_noRT"
"8727" "Aste1" 3.42343422597841 0.35047131109544 0.356404005153075 0.721538030372135 NA 0.19047619047619 0.285714285714286 "Uqcrc2_noRT" "non-targeting_noRT"
"8728" "Mpc2" 33.0354167194741 -0.123375920008098 -0.356352910430715 0.721576289686977 0.949000866816714 0.904761904761905 0.946428571428571 "Uqcrc2_noRT" "non-targeting_noRT"
"8729" "Mmachc" 1.53475641904432 -0.556061919502023 -0.35623674173549 0.721663278458658 NA 0.0952380952380952 0.196428571428571 "Uqcrc2_noRT" "non-targeting_noRT"
"8730" "Rrp7a" 18.1534738448042 -0.161581137220035 -0.356016443113406 0.721828251086741 0.949000866816714 0.619047619047619 0.785714285714286 "Uqcrc2_noRT" "non-targeting_noRT"
"8731" "B230216N24Rik" 0.341299278234474 -0.955368534080549 -0.355963273903605 0.72186806927197 NA 0 0.0714285714285714 "Uqcrc2_noRT" "non-targeting_noRT"
"8732" "Syde2" 0.341299278234474 -0.955368534080549 -0.355963273903605 0.72186806927197 NA 0 0.0535714285714286 "Uqcrc2_noRT" "non-targeting_noRT"
"8733" "Klhl32" 0.341299278234474 -0.955368534080549 -0.355963273903605 0.72186806927197 NA 0 0.0535714285714286 "Uqcrc2_noRT" "non-targeting_noRT"
"8734" "Trim62" 0.341299278234474 -0.955368534080549 -0.355963273903605 0.72186806927197 NA 0 0.0714285714285714 "Uqcrc2_noRT" "non-targeting_noRT"
"8735" "Tnfrsf1b" 0.341299278234474 -0.955368534080549 -0.355963273903605 0.72186806927197 NA 0 0.0714285714285714 "Uqcrc2_noRT" "non-targeting_noRT"
"8736" "Cd27" 0.341299278234474 -0.955368534080549 -0.355963273903605 0.72186806927197 NA 0 0.0714285714285714 "Uqcrc2_noRT" "non-targeting_noRT"
"8737" "Casc1" 0.341299278234474 -0.955368534080549 -0.355963273903605 0.72186806927197 NA 0 0.0714285714285714 "Uqcrc2_noRT" "non-targeting_noRT"
"8738" "Sorbs2" 0.341299278234474 -0.955368534080549 -0.355963273903605 0.72186806927197 NA 0 0.0714285714285714 "Uqcrc2_noRT" "non-targeting_noRT"
"8739" "Jup" 0.341299278234474 -0.955368534080549 -0.355963273903605 0.72186806927197 NA 0 0.0714285714285714 "Uqcrc2_noRT" "non-targeting_noRT"
"8740" "Ap5b1" 0.341299278234474 -0.955368534080549 -0.355963273903605 0.72186806927197 NA 0 0.0714285714285714 "Uqcrc2_noRT" "non-targeting_noRT"
"8741" "Atraid" 51.0000207502042 0.103500128485762 0.355897748907214 0.721917141687587 0.949000866816714 0.952380952380952 0.946428571428571 "Uqcrc2_noRT" "non-targeting_noRT"
"8742" "Timm22" 28.1859320631119 -0.131799627108308 -0.355688966266573 0.722073509015108 0.949000866816714 0.80952380952381 0.839285714285714 "Uqcrc2_noRT" "non-targeting_noRT"
"8743" "Grk4" 1.07383707205334 0.646446776211062 0.355625881948249 0.722120758169779 NA 0.0476190476190476 0.0892857142857143 "Uqcrc2_noRT" "non-targeting_noRT"
"8744" "Papola" 32.6129436781596 -0.123601369644613 -0.355472757570099 0.722235450311171 0.949000866816714 0.80952380952381 0.964285714285714 "Uqcrc2_noRT" "non-targeting_noRT"
"8745" "Washc4" 13.3161959317968 -0.189993455688266 -0.355190047101453 0.722447220513747 0.949000866816714 0.523809523809524 0.660714285714286 "Uqcrc2_noRT" "non-targeting_noRT"
"8746" "Cstf1" 7.75224984015519 0.233740539852928 0.355139311267456 0.722485227504822 NA 0.428571428571429 0.446428571428571 "Uqcrc2_noRT" "non-targeting_noRT"
"8747" "1810024B03Rik" 5.39614370766506 0.299922003791499 0.354789367266694 0.722747394567846 NA 0.238095238095238 0.339285714285714 "Uqcrc2_noRT" "non-targeting_noRT"
"8748" "Actr2" 37.3404553211128 -0.11378179647102 -0.354632856183749 0.722864658296016 0.949000866816714 0.761904761904762 0.910714285714286 "Uqcrc2_noRT" "non-targeting_noRT"
"8749" "Ppm1d" 5.79326035474957 -0.285733495814748 -0.35461417028175 0.722878658880324 NA 0.333333333333333 0.464285714285714 "Uqcrc2_noRT" "non-targeting_noRT"
"8750" "Ccdc122" 3.53885600435491 0.36036085790893 0.354513670243059 0.722953961051848 NA 0.238095238095238 0.25 "Uqcrc2_noRT" "non-targeting_noRT"
"8751" "Gm14168" 0.507430860407102 0.975031031338638 0.354213033018787 0.723179237037732 NA 0.0476190476190476 0.0357142857142857 "Uqcrc2_noRT" "non-targeting_noRT"
"8752" "Tceal1" 0.507430860407102 0.975031031338638 0.354213033018787 0.723179237037732 NA 0.0476190476190476 0.0357142857142857 "Uqcrc2_noRT" "non-targeting_noRT"
"8753" "Abraxas2" 13.1237208081621 0.179912733051734 0.354030696285939 0.723315878804044 0.949000866816714 0.619047619047619 0.678571428571429 "Uqcrc2_noRT" "non-targeting_noRT"
"8754" "Exoc3" 12.1925607790072 -0.196050269847454 -0.353904673155948 0.723410324738378 NA 0.571428571428571 0.714285714285714 "Uqcrc2_noRT" "non-targeting_noRT"
"8755" "Cln3" 4.85262593801431 -0.299330307028185 -0.353625353637922 0.723619671108729 NA 0.333333333333333 0.357142857142857 "Uqcrc2_noRT" "non-targeting_noRT"
"8756" "Phf7" 1.11307064532289 0.638744569891777 0.353549057793307 0.723676857454912 NA 0.0952380952380952 0.0892857142857143 "Uqcrc2_noRT" "non-targeting_noRT"
"8757" "Csnk2b" 74.1893899895776 0.0825471371109557 0.353339909084424 0.723833629478191 0.949000866816714 0.952380952380952 1 "Uqcrc2_noRT" "non-targeting_noRT"
"8758" "Plcb4" 0.395480177436978 -1.17882043157231 -0.353286580523296 0.723873604930221 NA 0 0.0714285714285714 "Uqcrc2_noRT" "non-targeting_noRT"
"8759" "A930003A15Rik" 0.395480177436978 -1.17882043157231 -0.353286580523296 0.723873604930221 NA 0 0.0178571428571429 "Uqcrc2_noRT" "non-targeting_noRT"
"8760" "Alpk2" 0.395480177436978 -1.17882043157231 -0.353286580523296 0.723873604930221 NA 0 0.0178571428571429 "Uqcrc2_noRT" "non-targeting_noRT"
"8761" "Atp6v0b" 217.487680625601 0.0582208872949515 0.35324641545337 0.723903713436986 0.949000866816714 1 1 "Uqcrc2_noRT" "non-targeting_noRT"
"8762" "Ercc5" 3.01237410133981 -0.397492768361447 -0.353215099652644 0.723927188658212 NA 0.142857142857143 0.303571428571429 "Uqcrc2_noRT" "non-targeting_noRT"
"8763" "Runx2" 1.71921432785215 0.537938420667276 0.352807896055684 0.724232463771584 NA 0.142857142857143 0.0892857142857143 "Uqcrc2_noRT" "non-targeting_noRT"
"8764" "Large1" 1.61699751369291 0.497946258735753 0.352712406451696 0.724304057406175 NA 0.142857142857143 0.125 "Uqcrc2_noRT" "non-targeting_noRT"
"8765" "Gpc1" 0.339192922199476 -0.947955423271642 -0.352627843262933 0.724367460939435 NA 0 0.0714285714285714 "Uqcrc2_noRT" "non-targeting_noRT"
"8766" "Adamts4" 0.339192922199476 -0.947955423271642 -0.352627843262933 0.724367460939435 NA 0 0.0714285714285714 "Uqcrc2_noRT" "non-targeting_noRT"
"8767" "Gata3" 0.339192922199476 -0.947955423271642 -0.352627843262933 0.724367460939435 NA 0 0.0714285714285714 "Uqcrc2_noRT" "non-targeting_noRT"
"8768" "Plpp7" 0.339192922199476 -0.947955423271642 -0.352627843262933 0.724367460939435 NA 0 0.0714285714285714 "Uqcrc2_noRT" "non-targeting_noRT"
"8769" "Abhd18" 0.339192922199476 -0.947955423271642 -0.352627843262933 0.724367460939435 NA 0 0.0714285714285714 "Uqcrc2_noRT" "non-targeting_noRT"
"8770" "Bnipl" 0.339192922199476 -0.947955423271642 -0.352627843262933 0.724367460939435 NA 0 0.0535714285714286 "Uqcrc2_noRT" "non-targeting_noRT"
"8771" "Gm43378" 0.339192922199476 -0.947955423271642 -0.352627843262933 0.724367460939435 NA 0 0.0714285714285714 "Uqcrc2_noRT" "non-targeting_noRT"
"8772" "Tuba8" 0.339192922199476 -0.947955423271642 -0.352627843262933 0.724367460939435 NA 0 0.0714285714285714 "Uqcrc2_noRT" "non-targeting_noRT"
"8773" "Gm19569" 0.339192922199476 -0.947955423271642 -0.352627843262933 0.724367460939435 NA 0 0.0714285714285714 "Uqcrc2_noRT" "non-targeting_noRT"
"8774" "Amigo3" 0.339192922199476 -0.947955423271642 -0.352627843262933 0.724367460939435 NA 0 0.0714285714285714 "Uqcrc2_noRT" "non-targeting_noRT"
"8775" "Gm36445" 0.339192922199476 -0.947955423271642 -0.352627843262933 0.724367460939435 NA 0 0.0714285714285714 "Uqcrc2_noRT" "non-targeting_noRT"
"8776" "9430065F17Rik" 0.339192922199476 -0.947955423271642 -0.352627843262933 0.724367460939435 NA 0 0.0714285714285714 "Uqcrc2_noRT" "non-targeting_noRT"
"8777" "Gm4181" 0.339192922199476 -0.947955423271642 -0.352627843262933 0.724367460939435 NA 0 0.0714285714285714 "Uqcrc2_noRT" "non-targeting_noRT"
"8778" "Cysltr2" 0.339192922199476 -0.947955423271642 -0.352627843262933 0.724367460939435 NA 0 0.0714285714285714 "Uqcrc2_noRT" "non-targeting_noRT"
"8779" "Gm36738" 0.339192922199476 -0.947955423271642 -0.352627843262933 0.724367460939435 NA 0 0.0714285714285714 "Uqcrc2_noRT" "non-targeting_noRT"
"8780" "Hdac10" 0.339192922199476 -0.947955423271642 -0.352627843262933 0.724367460939435 NA 0 0.0714285714285714 "Uqcrc2_noRT" "non-targeting_noRT"
"8781" "Mrtfb" 0.339192922199476 -0.947955423271642 -0.352627843262933 0.724367460939435 NA 0 0.0714285714285714 "Uqcrc2_noRT" "non-targeting_noRT"
"8782" "Prelid3a" 0.339192922199476 -0.947955423271642 -0.352627843262933 0.724367460939435 NA 0 0.0714285714285714 "Uqcrc2_noRT" "non-targeting_noRT"
"8783" "4933407K13Rik" 0.339192922199476 -0.947955423271642 -0.352627843262933 0.724367460939435 NA 0 0.0714285714285714 "Uqcrc2_noRT" "non-targeting_noRT"
"8784" "Zmat1" 0.339192922199476 -0.947955423271642 -0.352627843262933 0.724367460939435 NA 0 0.0714285714285714 "Uqcrc2_noRT" "non-targeting_noRT"
"8785" "Gca" 8.19487575714165 0.221357447800365 0.352622348836064 0.7243715805997 NA 0.666666666666667 0.5 "Uqcrc2_noRT" "non-targeting_noRT"
"8786" "Gabbr1" 5.80172024977013 0.279469195581885 0.352592923237841 0.72439364372239 NA 0.285714285714286 0.446428571428571 "Uqcrc2_noRT" "non-targeting_noRT"
"8787" "Gfod2" 3.30095881300819 0.369750487696433 0.352545994052989 0.724428831394457 NA 0.238095238095238 0.160714285714286 "Uqcrc2_noRT" "non-targeting_noRT"
"8788" "Mthfsl" 6.41430799173921 0.250760547145908 0.352426724721993 0.724518262588814 NA 0.380952380952381 0.446428571428571 "Uqcrc2_noRT" "non-targeting_noRT"
"8789" "Ehd1" 24.1372011667761 -0.137950416903944 -0.352100062803893 0.724763221292665 0.949000866816714 0.857142857142857 0.875 "Uqcrc2_noRT" "non-targeting_noRT"
"8790" "Dync2li1" 9.60714813879098 -0.210072385871958 -0.352088839172786 0.724771638220294 NA 0.428571428571429 0.625 "Uqcrc2_noRT" "non-targeting_noRT"
"8791" "Mterf4" 6.99636846057371 -0.250876397173043 -0.35193076689053 0.724890184758005 NA 0.380952380952381 0.5 "Uqcrc2_noRT" "non-targeting_noRT"
"8792" "Zbtb25" 3.59758120358538 -0.345911907054328 -0.351916655287533 0.724900768095868 NA 0.19047619047619 0.321428571428571 "Uqcrc2_noRT" "non-targeting_noRT"
"8793" "Eif1ax" 231.183210762756 0.0566121342091957 0.351769959838568 0.725010789007334 0.949000866816714 1 1 "Uqcrc2_noRT" "non-targeting_noRT"
"8794" "Gm31597" 3.42662621959353 0.335764931534291 0.351671420179421 0.725084696486041 NA 0.285714285714286 0.25 "Uqcrc2_noRT" "non-targeting_noRT"
"8795" "Rab6a" 47.7094647029746 0.0993708830133833 0.351598139489762 0.725139660697328 0.949000866816714 0.904761904761905 0.946428571428571 "Uqcrc2_noRT" "non-targeting_noRT"
"8796" "Ppp1r16b" 0.455057242045547 0.999503090683934 0.351246224654843 0.725403634289339 NA 0.0476190476190476 0.0357142857142857 "Uqcrc2_noRT" "non-targeting_noRT"
"8797" "Gm13272" 0.455057242045547 0.999503090683934 0.351246224654843 0.725403634289339 NA 0.0476190476190476 0.0357142857142857 "Uqcrc2_noRT" "non-targeting_noRT"
"8798" "Tmem202" 0.455057242045547 0.999503090683934 0.351246224654843 0.725403634289339 NA 0.0476190476190476 0.0357142857142857 "Uqcrc2_noRT" "non-targeting_noRT"
"8799" "Tcf7" 0.455057242045547 0.999503090683934 0.351246224654843 0.725403634289339 NA 0.0476190476190476 0.0357142857142857 "Uqcrc2_noRT" "non-targeting_noRT"
"8800" "Llgl2" 0.455057242045547 0.999503090683934 0.351246224654843 0.725403634289339 NA 0.0476190476190476 0.0357142857142857 "Uqcrc2_noRT" "non-targeting_noRT"
"8801" "Gm20324" 0.455057242045547 0.999503090683934 0.351246224654843 0.725403634289339 NA 0.0476190476190476 0.0357142857142857 "Uqcrc2_noRT" "non-targeting_noRT"
"8802" "Gm41760" 0.455057242045547 0.999503090683934 0.351246224654843 0.725403634289339 NA 0.0476190476190476 0.0357142857142857 "Uqcrc2_noRT" "non-targeting_noRT"
"8803" "Gm14636" 0.455057242045547 0.999503090683934 0.351246224654843 0.725403634289339 NA 0.0476190476190476 0.0178571428571429 "Uqcrc2_noRT" "non-targeting_noRT"
"8804" "Gpx7" 42.7862082524197 0.107900464341748 0.351104120852514 0.725510236520156 0.949000866816714 0.952380952380952 0.964285714285714 "Uqcrc2_noRT" "non-targeting_noRT"
"8805" "Akap13" 10.300956042426 -0.205398104888322 -0.351096767405432 0.725515753011766 NA 0.428571428571429 0.553571428571429 "Uqcrc2_noRT" "non-targeting_noRT"
"8806" "Tyk2" 2.17023277234791 -0.446941050143461 -0.351095861799342 0.72551643239051 NA 0.142857142857143 0.214285714285714 "Uqcrc2_noRT" "non-targeting_noRT"
"8807" "Anks3" 2.17023277234791 -0.446941050143461 -0.351095861799342 0.72551643239051 NA 0.142857142857143 0.214285714285714 "Uqcrc2_noRT" "non-targeting_noRT"
"8808" "Rp9" 54.1886877787396 -0.0958935262445929 -0.350830008436815 0.725715882881874 0.949000866816714 0.952380952380952 0.982142857142857 "Uqcrc2_noRT" "non-targeting_noRT"
"8809" "Gid4" 16.339777775438 0.162500228551744 0.350803809916957 0.725735538737902 0.949000866816714 0.571428571428571 0.696428571428571 "Uqcrc2_noRT" "non-targeting_noRT"
"8810" "Gpr89" 10.6002433454628 0.19484456896995 0.350773049137575 0.725758617732245 NA 0.619047619047619 0.642857142857143 "Uqcrc2_noRT" "non-targeting_noRT"
"8811" "Aspa" 5.94474041351748 0.267557599589655 0.350731259836797 0.725789971531712 NA 0.285714285714286 0.321428571428571 "Uqcrc2_noRT" "non-targeting_noRT"
"8812" "Cep78" 1.53788349353419 -0.534772451357525 -0.350565121803184 0.725914626608827 NA 0.0952380952380952 0.142857142857143 "Uqcrc2_noRT" "non-targeting_noRT"
"8813" "Gm49077" 1.10137538521462 0.674263205688799 0.350565008907107 0.725914711318385 NA 0.0952380952380952 0.0892857142857143 "Uqcrc2_noRT" "non-targeting_noRT"
"8814" "Clpx" 10.0219221393295 0.21135210491129 0.350213335931034 0.726178599129593 NA 0.380952380952381 0.553571428571429 "Uqcrc2_noRT" "non-targeting_noRT"
"8815" "Irak1" 27.0139333538459 0.129231279884625 0.350122024289591 0.726247122731 0.949000866816714 0.857142857142857 0.75 "Uqcrc2_noRT" "non-targeting_noRT"
"8816" "Tm9sf3" 61.6564212981262 0.0911753992735348 0.350028735123144 0.726317132602053 0.949000866816714 1 0.946428571428571 "Uqcrc2_noRT" "non-targeting_noRT"
"8817" "C4b" 45.847512616447 -0.106903840029428 -0.349818703403323 0.726474761560522 0.949000866816714 0.761904761904762 0.892857142857143 "Uqcrc2_noRT" "non-targeting_noRT"
"8818" "Ing1" 18.8649307226111 -0.154108446404137 -0.349766742926011 0.726513759723838 0.949000866816714 0.761904761904762 0.839285714285714 "Uqcrc2_noRT" "non-targeting_noRT"
"8819" "Ccni" 19.0589719527547 0.153027397453664 0.349365228068648 0.726815134619319 0.949000866816714 0.761904761904762 0.803571428571429 "Uqcrc2_noRT" "non-targeting_noRT"
"8820" "Dnajb13" 1.46589308853786 -0.578733363759176 -0.349191852583277 0.72694528239945 NA 0.0952380952380952 0.125 "Uqcrc2_noRT" "non-targeting_noRT"
"8821" "Rbck1" 22.319532030595 -0.146635757459508 -0.349065667267033 0.727040010888676 0.949000866816714 0.761904761904762 0.785714285714286 "Uqcrc2_noRT" "non-targeting_noRT"
"8822" "Ndufaf7" 7.6326153497087 0.231281533626433 0.349050135706123 0.727051670864173 NA 0.476190476190476 0.482142857142857 "Uqcrc2_noRT" "non-targeting_noRT"
"8823" "Kdm2a" 15.2829310710921 -0.17003697525046 -0.349047971333079 0.727053295724337 0.949000866816714 0.666666666666667 0.767857142857143 "Uqcrc2_noRT" "non-targeting_noRT"
"8824" "Mbtps2" 6.99331922843699 -0.250070820534095 -0.349040822754087 0.727058662387049 NA 0.333333333333333 0.446428571428571 "Uqcrc2_noRT" "non-targeting_noRT"
"8825" "Ulk3" 1.6741655840911 0.520319968812034 0.348938444302025 0.727135522574669 NA 0.0952380952380952 0.142857142857143 "Uqcrc2_noRT" "non-targeting_noRT"
"8826" "Nf2" 4.28543117525053 -0.310499516354806 -0.348917753539264 0.727151056410405 NA 0.285714285714286 0.392857142857143 "Uqcrc2_noRT" "non-targeting_noRT"
"8827" "Rabep1" 48.5290665029919 0.100006031576497 0.348846793101071 0.72720433165345 0.949000866816714 0.952380952380952 0.946428571428571 "Uqcrc2_noRT" "non-targeting_noRT"
"8828" "Timm8a1" 58.0734961116093 -0.0896982533210974 -0.34884310646339 0.727207099520741 0.949000866816714 0.80952380952381 0.946428571428571 "Uqcrc2_noRT" "non-targeting_noRT"
"8829" "Scai" 3.16251766572181 -0.43340320417095 -0.348542644138285 0.727432693685869 NA 0.142857142857143 0.267857142857143 "Uqcrc2_noRT" "non-targeting_noRT"
"8830" "Acap3" 1.64501975106488 -0.582027937602523 -0.348538839120924 0.727435550733736 NA 0.0952380952380952 0.160714285714286 "Uqcrc2_noRT" "non-targeting_noRT"
"8831" "Tedc2" 2.17502722438454 -0.452970453080678 -0.348375657622353 0.727558081296266 NA 0.142857142857143 0.196428571428571 "Uqcrc2_noRT" "non-targeting_noRT"
"8832" "Efcab2" 2.12149012608971 -0.486869433948891 -0.348290802592956 0.727621800430085 NA 0.0952380952380952 0.178571428571429 "Uqcrc2_noRT" "non-targeting_noRT"
"8833" "Strc" 1.11728335739288 0.629056110697846 0.348243883143831 0.727657033878103 NA 0.0952380952380952 0.0892857142857143 "Uqcrc2_noRT" "non-targeting_noRT"
"8834" "Gng5" 398.634476510256 0.0453953273528504 0.348062744264427 0.727793062770574 0.949000866816714 1 1 "Uqcrc2_noRT" "non-targeting_noRT"
"8835" "Eif3c" 173.517317076101 -0.0595713665616205 -0.347904454549396 0.72791193977081 0.949000866816714 1 1 "Uqcrc2_noRT" "non-targeting_noRT"
"8836" "Nle1" 9.30526679257333 -0.260033430599948 -0.347810864506779 0.727982229814793 NA 0.333333333333333 0.607142857142857 "Uqcrc2_noRT" "non-targeting_noRT"
"8837" "Hook3" 15.7469447346664 0.164675838672858 0.347809156408771 0.727983512689239 0.949000866816714 0.666666666666667 0.714285714285714 "Uqcrc2_noRT" "non-targeting_noRT"
"8838" "Gpbp1" 30.5100249386555 0.124623981164763 0.347670525332792 0.728087634703261 0.949000866816714 0.904761904761905 0.910714285714286 "Uqcrc2_noRT" "non-targeting_noRT"
"8839" "Kdm5c" 16.410941456305 -0.170782482685427 -0.347581660092005 0.728154381597683 0.949000866816714 0.523809523809524 0.785714285714286 "Uqcrc2_noRT" "non-targeting_noRT"
"8840" "Rnd3" 3.58268301536555 -0.400039509545594 -0.347577052070029 0.728157842750215 NA 0.238095238095238 0.178571428571429 "Uqcrc2_noRT" "non-targeting_noRT"
"8841" "P4ha1" 26.6426588249273 -0.145780477457749 -0.347334957956832 0.728339690965208 0.949000866816714 0.571428571428571 0.839285714285714 "Uqcrc2_noRT" "non-targeting_noRT"
"8842" "Ms4a4d" 4.08006958278969 -0.353503719279572 -0.347284946036541 0.728377259164489 NA 0.19047619047619 0.303571428571429 "Uqcrc2_noRT" "non-targeting_noRT"
"8843" "Ybx3" 182.570959085089 -0.0683485122613661 -0.347284413746278 0.728377659016405 0.949000866816714 0.952380952380952 1 "Uqcrc2_noRT" "non-targeting_noRT"
"8844" "4931414P19Rik" 1.60195237200401 -0.515702489467552 -0.347201069278108 0.728440267583585 NA 0.0952380952380952 0.160714285714286 "Uqcrc2_noRT" "non-targeting_noRT"
"8845" "Pcyox1" 5.15365489796968 0.274713378910934 0.347197407859711 0.728443018091537 NA 0.333333333333333 0.357142857142857 "Uqcrc2_noRT" "non-targeting_noRT"
"8846" "Mfsd13a" 2.89105732138718 -0.398645923809415 -0.346988752146006 0.728599768915099 NA 0.19047619047619 0.232142857142857 "Uqcrc2_noRT" "non-targeting_noRT"
"8847" "Nars2" 3.03779114650672 -0.387868406901585 -0.346566440509049 0.728917061651954 NA 0.19047619047619 0.25 "Uqcrc2_noRT" "non-targeting_noRT"
"8848" "Primpol" 3.62141070229015 -0.347683724526221 -0.346505355215474 0.728962960325865 NA 0.142857142857143 0.303571428571429 "Uqcrc2_noRT" "non-targeting_noRT"
"8849" "Fbxo45" 3.43563338370016 0.330060795368678 0.34644806675864 0.729006006990167 NA 0.238095238095238 0.267857142857143 "Uqcrc2_noRT" "non-targeting_noRT"
"8850" "Fbxl20" 3.4483493622633 0.33376566923241 0.346094727217024 0.729271525929172 NA 0.238095238095238 0.232142857142857 "Uqcrc2_noRT" "non-targeting_noRT"
"8851" "Ddost" 197.902164721135 0.0557784968022015 0.346090189854347 0.729274935766505 0.949856627277383 1 1 "Uqcrc2_noRT" "non-targeting_noRT"
"8852" "Dot1l" 5.81755037959524 0.266093598858486 0.346010619098023 0.729334734222934 NA 0.380952380952381 0.410714285714286 "Uqcrc2_noRT" "non-targeting_noRT"
"8853" "Gbp2b" 2.16754467634627 -0.445559533864909 -0.345890884636512 0.729424719327841 NA 0.142857142857143 0.196428571428571 "Uqcrc2_noRT" "non-targeting_noRT"
"8854" "Pus7" 13.270449786366 0.178015207017456 0.345795782507929 0.729496194932165 0.949856627277383 0.523809523809524 0.607142857142857 "Uqcrc2_noRT" "non-targeting_noRT"
"8855" "Zzz3" 10.0037844246461 -0.21293167773361 -0.345687799261151 0.729577354407196 NA 0.428571428571429 0.607142857142857 "Uqcrc2_noRT" "non-targeting_noRT"
"8856" "H2-Eb2" 1.59984601596901 -0.513382286711383 -0.345669053076048 0.729591444221277 NA 0.0952380952380952 0.160714285714286 "Uqcrc2_noRT" "non-targeting_noRT"
"8857" "Eef1akmt1" 43.3712590587131 0.121072808993421 0.345195094426601 0.729947706451256 0.949856627277383 0.761904761904762 0.928571428571429 "Uqcrc2_noRT" "non-targeting_noRT"
"8858" "Etfbkmt" 4.44516940994635 0.297983893951458 0.34508125097022 0.730033288263161 NA 0.333333333333333 0.321428571428571 "Uqcrc2_noRT" "non-targeting_noRT"
"8859" "Ccdc171" 1.64772782046931 0.480089392713375 0.344792262112742 0.730250550718258 NA 0.142857142857143 0.125 "Uqcrc2_noRT" "non-targeting_noRT"
"8860" "Kiss1r" 1.64772782046931 0.480089392713375 0.344792262112742 0.730250550718258 NA 0.142857142857143 0.142857142857143 "Uqcrc2_noRT" "non-targeting_noRT"
"8861" "Exosc1" 34.3902771934795 -0.112881065789198 -0.344786401065542 0.730254957290405 0.949856627277383 0.857142857142857 0.946428571428571 "Uqcrc2_noRT" "non-targeting_noRT"
"8862" "Fmnl3" 1.64351510839932 0.485713783690481 0.344700972441333 0.730319186993263 NA 0.142857142857143 0.125 "Uqcrc2_noRT" "non-targeting_noRT"
"8863" "Mtmr1" 4.19332008600595 -0.313711414611714 -0.344482536667343 0.730483427020365 NA 0.285714285714286 0.357142857142857 "Uqcrc2_noRT" "non-targeting_noRT"
"8864" "Retsat" 4.02745862924478 0.319170320392018 0.344365061622697 0.730571760632643 NA 0.19047619047619 0.303571428571429 "Uqcrc2_noRT" "non-targeting_noRT"
"8865" "Erf" 16.0302909849813 -0.165611222520942 -0.344305241688319 0.730616742715651 0.949856627277383 0.619047619047619 0.660714285714286 "Uqcrc2_noRT" "non-targeting_noRT"
"8866" "Pdia6" 165.177053471156 0.0583391289889943 0.344275779945971 0.730638897051385 0.949856627277383 1 1 "Uqcrc2_noRT" "non-targeting_noRT"
"8867" "D630045J12Rik" 5.82184093401838 0.271442625466227 0.343999969550223 0.730846308991345 NA 0.238095238095238 0.303571428571429 "Uqcrc2_noRT" "non-targeting_noRT"
"8868" "Tspan13" 40.8169027743698 -0.114609382480235 -0.343986770196764 0.730856235519412 0.949856627277383 0.80952380952381 0.857142857142857 "Uqcrc2_noRT" "non-targeting_noRT"
"8869" "Eps8" 130.734279605133 -0.0660538780165751 -0.343967361796028 0.730870831621843 0.949856627277383 0.952380952380952 1 "Uqcrc2_noRT" "non-targeting_noRT"
"8870" "Mpi" 3.68068512872334 -0.337188509352849 -0.343769020525001 0.731019999909734 NA 0.19047619047619 0.321428571428571 "Uqcrc2_noRT" "non-targeting_noRT"
"8871" "Tmem87a" 5.17268994463781 0.274489232132933 0.343732243685331 0.731047660113389 NA 0.333333333333333 0.392857142857143 "Uqcrc2_noRT" "non-targeting_noRT"
"8872" "Smad3" 1.62600467779954 0.485028010944347 0.343382597209343 0.731310649944829 NA 0.142857142857143 0.107142857142857 "Uqcrc2_noRT" "non-targeting_noRT"
"8873" "Tenm3" 12.5975451373284 -0.202907351568848 -0.34336342641311 0.731325070349957 NA 0.333333333333333 0.607142857142857 "Uqcrc2_noRT" "non-targeting_noRT"
"8874" "Traf7" 10.1779718849267 -0.200532865198315 -0.34328349054958 0.731385199680759 NA 0.476190476190476 0.607142857142857 "Uqcrc2_noRT" "non-targeting_noRT"
"8875" "Babam1" 27.9212394592018 -0.123988578336999 -0.343264978936097 0.731399124716301 0.950199092065273 0.761904761904762 0.892857142857143 "Uqcrc2_noRT" "non-targeting_noRT"
"8876" "Ccdc30" 3.91472494686991 0.311646131898611 0.34320988643163 0.731440567606987 NA 0.285714285714286 0.267857142857143 "Uqcrc2_noRT" "non-targeting_noRT"
"8877" "Ccdc142" 0.459269954115543 0.973890585834449 0.343069464046172 0.73154620275403 NA 0.0476190476190476 0.0357142857142857 "Uqcrc2_noRT" "non-targeting_noRT"
"8878" "Cacng7" 0.459269954115543 0.973890585834449 0.343069464046172 0.73154620275403 NA 0.0476190476190476 0.0357142857142857 "Uqcrc2_noRT" "non-targeting_noRT"
"8879" "Zfp72" 0.459269954115543 0.973890585834449 0.343069464046172 0.73154620275403 NA 0.0476190476190476 0.0357142857142857 "Uqcrc2_noRT" "non-targeting_noRT"
"8880" "Naip6" 0.459269954115543 0.973890585834449 0.343069464046172 0.73154620275403 NA 0.0476190476190476 0.0357142857142857 "Uqcrc2_noRT" "non-targeting_noRT"
"8881" "4930452A19Rik" 0.459269954115543 0.973890585834449 0.343069464046172 0.73154620275403 NA 0.0476190476190476 0.0357142857142857 "Uqcrc2_noRT" "non-targeting_noRT"
"8882" "Rsph1" 0.459269954115543 0.973890585834449 0.343069464046172 0.73154620275403 NA 0.0476190476190476 0.0357142857142857 "Uqcrc2_noRT" "non-targeting_noRT"
"8883" "Mtrf1" 3.90993049483328 0.314085609303232 0.342939774848247 0.731643768197218 NA 0.333333333333333 0.339285714285714 "Uqcrc2_noRT" "non-targeting_noRT"
"8884" "Pin4" 88.9887413224077 0.0788677784480143 0.342846092549009 0.731714248277983 0.950199092065273 1 0.982142857142857 "Uqcrc2_noRT" "non-targeting_noRT"
"8885" "Lcor" 4.88175179763773 -0.287479929917863 -0.342807171353745 0.731743530558283 NA 0.285714285714286 0.375 "Uqcrc2_noRT" "non-targeting_noRT"
"8886" "Gm42659" 1.04529295239655 0.589442924334809 0.34278043656877 0.731763644644508 NA 0.0952380952380952 0.0892857142857143 "Uqcrc2_noRT" "non-targeting_noRT"
"8887" "Nek3" 1.04529295239655 0.589442924334809 0.34278043656877 0.731763644644508 NA 0.0952380952380952 0.0535714285714286 "Uqcrc2_noRT" "non-targeting_noRT"
"8888" "Rit1" 11.9668756686102 -0.194654461039734 -0.342742874242175 0.731791905212249 NA 0.523809523809524 0.696428571428571 "Uqcrc2_noRT" "non-targeting_noRT"
"8889" "AI413582" 24.6752304763629 0.13489937496782 0.342701245903165 0.73182322532915 0.950199092065273 0.714285714285714 0.785714285714286 "Uqcrc2_noRT" "non-targeting_noRT"
"8890" "Ttyh2" 4.27700575111054 -0.306835912646476 -0.342625735216409 0.731880038813947 NA 0.285714285714286 0.339285714285714 "Uqcrc2_noRT" "non-targeting_noRT"
"8891" "Ctif" 1.62389832176455 0.487834391474337 0.342591300752778 0.731905947447672 NA 0.0952380952380952 0.125 "Uqcrc2_noRT" "non-targeting_noRT"
"8892" "Sdc2" 12.2047841783201 0.191122683050343 0.342381105978041 0.732064105497053 NA 0.571428571428571 0.696428571428571 "Uqcrc2_noRT" "non-targeting_noRT"
"8893" "Klf11" 2.96606580547843 0.382843523466112 0.34234956125181 0.732087841857193 NA 0.142857142857143 0.25 "Uqcrc2_noRT" "non-targeting_noRT"
"8894" "Rexo1" 13.0993656496635 -0.186430496854639 -0.342140168132818 0.732245409730858 0.950449029318158 0.523809523809524 0.607142857142857 "Uqcrc2_noRT" "non-targeting_noRT"
"8895" "Stim2" 4.47850798163977 0.306724917467453 0.341854548907532 0.732460355786222 NA 0.19047619047619 0.357142857142857 "Uqcrc2_noRT" "non-targeting_noRT"
"8896" "Acat1" 25.1340703521723 -0.138766231495909 -0.341816896693436 0.73248869296206 0.950466670265602 0.714285714285714 0.892857142857143 "Uqcrc2_noRT" "non-targeting_noRT"
"8897" "Edc4" 4.89126285935785 -0.300559084342368 -0.34177890779962 0.732517283893738 NA 0.285714285714286 0.464285714285714 "Uqcrc2_noRT" "non-targeting_noRT"
"8898" "Crbn" 7.08343690388964 0.251033486493058 0.341519050119015 0.732712866089807 NA 0.428571428571429 0.375 "Uqcrc2_noRT" "non-targeting_noRT"
"8899" "Slamf1" 0.332292114127844 -0.922984888068127 -0.341484558423427 0.732738827611154 NA 0 0.0714285714285714 "Uqcrc2_noRT" "non-targeting_noRT"
"8900" "Gm26881" 0.332292114127844 -0.922984888068127 -0.341484558423427 0.732738827611154 NA 0 0.0714285714285714 "Uqcrc2_noRT" "non-targeting_noRT"
"8901" "4930590J08Rik" 0.332292114127844 -0.922984888068127 -0.341484558423427 0.732738827611154 NA 0 0.0714285714285714 "Uqcrc2_noRT" "non-targeting_noRT"
"8902" "B430010I23Rik" 0.332292114127844 -0.922984888068127 -0.341484558423427 0.732738827611154 NA 0 0.0714285714285714 "Uqcrc2_noRT" "non-targeting_noRT"
"8903" "Rasl12" 0.332292114127844 -0.922984888068127 -0.341484558423427 0.732738827611154 NA 0 0.0714285714285714 "Uqcrc2_noRT" "non-targeting_noRT"
"8904" "Rab36" 0.332292114127844 -0.922984888068127 -0.341484558423427 0.732738827611154 NA 0 0.0714285714285714 "Uqcrc2_noRT" "non-targeting_noRT"
"8905" "Eml6" 0.332292114127844 -0.922984888068127 -0.341484558423427 0.732738827611154 NA 0 0.0714285714285714 "Uqcrc2_noRT" "non-targeting_noRT"
"8906" "Dock5" 0.332292114127844 -0.922984888068127 -0.341484558423427 0.732738827611154 NA 0 0.0714285714285714 "Uqcrc2_noRT" "non-targeting_noRT"
"8907" "Pced1b" 0.332292114127844 -0.922984888068127 -0.341484558423427 0.732738827611154 NA 0 0.0714285714285714 "Uqcrc2_noRT" "non-targeting_noRT"
"8908" "1700056N10Rik" 0.332292114127844 -0.922984888068127 -0.341484558423427 0.732738827611154 NA 0 0.0714285714285714 "Uqcrc2_noRT" "non-targeting_noRT"
"8909" "Ifrd1" 106.878408665046 0.0956910470917513 0.341039518956402 0.733073831358784 0.950518938928219 0.952380952380952 0.982142857142857 "Uqcrc2_noRT" "non-targeting_noRT"
"8910" "Nhsl1" 47.256544270302 0.116366657181576 0.341029456642555 0.733081406360131 0.950518938928219 0.761904761904762 0.928571428571429 "Uqcrc2_noRT" "non-targeting_noRT"
"8911" "Cc2d1b" 4.26741684703727 -0.30263446931 -0.340939606514194 0.733149047505927 NA 0.238095238095238 0.392857142857143 "Uqcrc2_noRT" "non-targeting_noRT"
"8912" "Gmcl1" 4.77038323850102 0.292101199731753 0.340890538157965 0.733185988114714 NA 0.285714285714286 0.285714285714286 "Uqcrc2_noRT" "non-targeting_noRT"
"8913" "Arfip1" 6.50750471856392 0.244097850734011 0.340756572828964 0.733286845684998 NA 0.476190476190476 0.464285714285714 "Uqcrc2_noRT" "non-targeting_noRT"
"8914" "Psmc6" 115.453969691587 -0.0662086862922958 -0.340698633921813 0.733330467184114 0.950518938928219 1 0.982142857142857 "Uqcrc2_noRT" "non-targeting_noRT"
"8915" "Tmem74" 3.03365826552134 -0.409514039143119 -0.340374515354254 0.733574507993345 NA 0.142857142857143 0.178571428571429 "Uqcrc2_noRT" "non-targeting_noRT"
"8916" "Casp4" 15.8338223933861 0.163300622580385 0.3402282436885 0.733684650137278 0.950518938928219 0.666666666666667 0.589285714285714 "Uqcrc2_noRT" "non-targeting_noRT"
"8917" "Slmap" 3.67647241665334 -0.334874719534767 -0.340185005926456 0.733717209097562 NA 0.238095238095238 0.321428571428571 "Uqcrc2_noRT" "non-targeting_noRT"
"8918" "Gm38394" 1.04739930843155 0.58491669163969 0.340182948973283 0.733718758039262 NA 0.0952380952380952 0.0714285714285714 "Uqcrc2_noRT" "non-targeting_noRT"
"8919" "Mon1b" 1.04739930843155 0.58491669163969 0.340182948973283 0.733718758039262 NA 0.0952380952380952 0.0892857142857143 "Uqcrc2_noRT" "non-targeting_noRT"
"8920" "Cog3" 1.04739930843155 0.58491669163969 0.340182948973283 0.733718758039262 NA 0.0952380952380952 0.0892857142857143 "Uqcrc2_noRT" "non-targeting_noRT"
"8921" "Ap1s2" 5.7228074890495 -0.274958006388801 -0.340077026353024 0.733798522118853 NA 0.285714285714286 0.5 "Uqcrc2_noRT" "non-targeting_noRT"
"8922" "Rab3gap1" 16.362536548522 0.165438764545215 0.340052012864388 0.733817358721633 0.950518938928219 0.80952380952381 0.75 "Uqcrc2_noRT" "non-targeting_noRT"
"8923" "Filip1l" 3.49338319406499 0.340608120345949 0.339915991131316 0.733919793753363 NA 0.238095238095238 0.25 "Uqcrc2_noRT" "non-targeting_noRT"
"8924" "Specc1l" 8.13119982277372 -0.227130186142485 -0.339856685741756 0.73396445684517 NA 0.380952380952381 0.410714285714286 "Uqcrc2_noRT" "non-targeting_noRT"
"8925" "Trim37" 14.8475848684559 -0.168976552118318 -0.339779253830864 0.734022772437172 0.950518938928219 0.666666666666667 0.767857142857143 "Uqcrc2_noRT" "non-targeting_noRT"
"8926" "Fndc3b" 8.93256693587302 0.210536382623532 0.33976799295344 0.73403125336734 NA 0.476190476190476 0.517857142857143 "Uqcrc2_noRT" "non-targeting_noRT"
"8927" "Phf14" 19.2715319300192 0.147017682699269 0.339627708483359 0.734136908848378 0.950518938928219 0.761904761904762 0.767857142857143 "Uqcrc2_noRT" "non-targeting_noRT"
"8928" "Josd1" 12.1299496087491 -0.182033157864539 -0.339606488558315 0.734152891108446 NA 0.619047619047619 0.696428571428571 "Uqcrc2_noRT" "non-targeting_noRT"
"8929" "Gm20707" 1.02567616576178 0.593472591330765 0.339370547253925 0.734330603325231 NA 0.0952380952380952 0.0892857142857143 "Uqcrc2_noRT" "non-targeting_noRT"
"8930" "Mblac2" 1.02567616576178 0.593472591330765 0.339370547253925 0.734330603325231 NA 0.0952380952380952 0.0714285714285714 "Uqcrc2_noRT" "non-targeting_noRT"
"8931" "4930578M01Rik" 1.59294520789738 -0.505072945022724 -0.338635871109824 0.734884056318043 NA 0.0952380952380952 0.178571428571429 "Uqcrc2_noRT" "non-targeting_noRT"
"8932" "Umad1" 3.42291740513702 0.326542144586982 0.338363375475616 0.735089370261636 NA 0.285714285714286 0.267857142857143 "Uqcrc2_noRT" "non-targeting_noRT"
"8933" "Mnd1" 7.58484539878756 -0.239442304896176 -0.338281412372253 0.735151129700073 NA 0.428571428571429 0.446428571428571 "Uqcrc2_noRT" "non-targeting_noRT"
"8934" "Ndufaf2" 55.3954555613071 -0.088744167691279 -0.337935240134318 0.735411990380017 0.9518720100696 0.904761904761905 0.982142857142857 "Uqcrc2_noRT" "non-targeting_noRT"
"8935" "Tmem216" 9.6409745815432 0.199377246378727 0.337852173096673 0.735474590708967 NA 0.380952380952381 0.5 "Uqcrc2_noRT" "non-targeting_noRT"
"8936" "Sac3d1" 23.7706718650358 0.131349560704156 0.337439182187014 0.735785851750344 0.951875640685566 0.80952380952381 0.767857142857143 "Uqcrc2_noRT" "non-targeting_noRT"
"8937" "Rlbp1" 66.5239286168109 0.0825756315357568 0.337321092593242 0.73587486093599 0.951875640685566 0.904761904761905 0.964285714285714 "Uqcrc2_noRT" "non-targeting_noRT"
"8938" "Ppfibp2" 5.93463269987136 0.284539344850869 0.337068924832814 0.73606494244787 NA 0.285714285714286 0.321428571428571 "Uqcrc2_noRT" "non-targeting_noRT"
"8939" "Diaph2" 4.34528933038182 -0.328616402366888 -0.336824860525061 0.736248931045787 NA 0.238095238095238 0.303571428571429 "Uqcrc2_noRT" "non-targeting_noRT"
"8940" "R74862" 4.69359838146806 0.284031845592276 0.336816735204299 0.736255056603014 NA 0.333333333333333 0.285714285714286 "Uqcrc2_noRT" "non-targeting_noRT"
"8941" "4930452G13Rik" 2.81892900182813 -0.407109989469726 -0.336543171903078 0.736461301646392 NA 0.142857142857143 0.232142857142857 "Uqcrc2_noRT" "non-targeting_noRT"
"8942" "Wdr20" 4.87216289356446 -0.283767559522285 -0.336497817051936 0.736495497444278 NA 0.285714285714286 0.428571428571429 "Uqcrc2_noRT" "non-targeting_noRT"
"8943" "Cenpo" 3.41870469306702 0.329192108262027 0.336413001990329 0.736559446110172 NA 0.285714285714286 0.267857142857143 "Uqcrc2_noRT" "non-targeting_noRT"
"8944" "Zfp955a" 2.17125349080279 -0.43108514865144 -0.336295685773504 0.736647902930007 NA 0.142857142857143 0.214285714285714 "Uqcrc2_noRT" "non-targeting_noRT"
"8945" "Dmac2l" 4.26799858700391 -0.302775333972318 -0.336109705590375 0.736788139761305 NA 0.238095238095238 0.392857142857143 "Uqcrc2_noRT" "non-targeting_noRT"
"8946" "Mlh3" 5.81377664601348 0.274725728036797 0.335738549392292 0.737068033247861 NA 0.238095238095238 0.392857142857143 "Uqcrc2_noRT" "non-targeting_noRT"
"8947" "Depdc5" 3.63455074738216 -0.333567913967038 -0.335535060675019 0.737221501416233 NA 0.19047619047619 0.285714285714286 "Uqcrc2_noRT" "non-targeting_noRT"
"8948" "Gga1" 9.88325459094636 0.197313962832337 0.33548610632911 0.737258423620772 NA 0.619047619047619 0.571428571428571 "Uqcrc2_noRT" "non-targeting_noRT"
"8949" "Med12" 14.1844396283286 0.187484675650423 0.335189689982229 0.737481998845739 0.953656409757396 0.523809523809524 0.714285714285714 "Uqcrc2_noRT" "non-targeting_noRT"
"8950" "Tmem260" 1.02938498021829 0.628074394165148 0.335071187146825 0.73757138710355 NA 0.0952380952380952 0.0892857142857143 "Uqcrc2_noRT" "non-targeting_noRT"
"8951" "Slc25a26" 4.01728599647341 0.362169143844982 0.335067373845714 0.737574263586021 NA 0.19047619047619 0.303571428571429 "Uqcrc2_noRT" "non-targeting_noRT"
"8952" "Trmt2a" 3.64566426752379 -0.338924902319971 -0.335051838511574 0.737585982372417 NA 0.19047619047619 0.267857142857143 "Uqcrc2_noRT" "non-targeting_noRT"
"8953" "Sar1a" 61.368629293858 0.0951664253537198 0.334819763043096 0.737761051386781 0.953719222317557 1 0.982142857142857 "Uqcrc2_noRT" "non-targeting_noRT"
"8954" "Rfxank" 3.66746525254671 -0.330083532690528 -0.334789469435151 0.737783904750452 NA 0.19047619047619 0.339285714285714 "Uqcrc2_noRT" "non-targeting_noRT"
"8955" "Csnk1g1" 6.87697476188931 0.238872957778315 0.334777544366294 0.737792901033165 NA 0.380952380952381 0.428571428571429 "Uqcrc2_noRT" "non-targeting_noRT"
"8956" "Tinf2" 3.45895898479144 0.340078399698332 0.33469125699302 0.737857997375542 NA 0.285714285714286 0.267857142857143 "Uqcrc2_noRT" "non-targeting_noRT"
"8957" "Prodh" 1.56775096982123 0.492053627420294 0.334635725174382 0.737899892312629 NA 0.0952380952380952 0.142857142857143 "Uqcrc2_noRT" "non-targeting_noRT"
"8958" "Srprb" 24.7859664142309 -0.129860813137948 -0.334340549130031 0.738122595397442 0.953888600797819 0.80952380952381 0.892857142857143 "Uqcrc2_noRT" "non-targeting_noRT"
"8959" "Lrp11" 8.35361509720251 -0.229714079304344 -0.334221526123255 0.738212401555611 NA 0.428571428571429 0.446428571428571 "Uqcrc2_noRT" "non-targeting_noRT"
"8960" "Pla2r1" 1.59083885186238 -0.501971173631638 -0.334182175116729 0.738242093766808 NA 0.0952380952380952 0.196428571428571 "Uqcrc2_noRT" "non-targeting_noRT"
"8961" "Recql5" 1.10936183086638 0.604801789486502 0.333966135938783 0.738405112585387 NA 0.0952380952380952 0.0714285714285714 "Uqcrc2_noRT" "non-targeting_noRT"
"8962" "Secisbp2l" 12.3263311364687 0.178763125871113 0.333915884268277 0.738443033171675 NA 0.571428571428571 0.589285714285714 "Uqcrc2_noRT" "non-targeting_noRT"
"8963" "Hacd1" 38.3697476853329 0.108507554170764 0.333415723078893 0.738820496201275 0.95418687875923 0.857142857142857 0.910714285714286 "Uqcrc2_noRT" "non-targeting_noRT"
"8964" "Adamtsl5" 2.90518892062373 0.353961469541761 0.333372728737797 0.738852946228982 NA 0.19047619047619 0.214285714285714 "Uqcrc2_noRT" "non-targeting_noRT"
"8965" "Arl16" 12.5592911143004 0.18207452477688 0.333291612572277 0.738914170013418 NA 0.571428571428571 0.642857142857143 "Uqcrc2_noRT" "non-targeting_noRT"
"8966" "Mark2" 14.1979457628739 -0.165707599035516 -0.333225423295746 0.73896412870478 0.95418687875923 0.571428571428571 0.696428571428571 "Uqcrc2_noRT" "non-targeting_noRT"
"8967" "Fxn" 18.2792048107927 -0.153047504566399 -0.333118045846685 0.739045177966006 0.95418687875923 0.761904761904762 0.821428571428571 "Uqcrc2_noRT" "non-targeting_noRT"
"8968" "Fcor" 1.03628578828992 0.610579908916818 0.333025203210032 0.739115258584664 NA 0.0952380952380952 0.0892857142857143 "Uqcrc2_noRT" "non-targeting_noRT"
"8969" "Manba" 1.03468332986841 0.573647279787905 0.332686752722277 0.739370750279652 NA 0.0952380952380952 0.0892857142857143 "Uqcrc2_noRT" "non-targeting_noRT"
"8970" "Zfp330" 44.0415862421978 0.101535248440919 0.33266863691709 0.739384426467332 0.954235217055065 0.952380952380952 0.946428571428571 "Uqcrc2_noRT" "non-targeting_noRT"
"8971" "Crebl2" 2.22631520516598 -0.409378796589696 -0.332656911832207 0.739393278144401 NA 0.142857142857143 0.25 "Uqcrc2_noRT" "non-targeting_noRT"
"8972" "D030028A08Rik" 2.22050003467447 -0.421428287285369 -0.332654490974111 0.739395105739231 NA 0.142857142857143 0.25 "Uqcrc2_noRT" "non-targeting_noRT"
"8973" "Fnta" 22.6077718472107 -0.135831127151961 -0.332418350910037 0.739573383632402 0.954235217055065 0.761904761904762 0.857142857142857 "Uqcrc2_noRT" "non-targeting_noRT"
"8974" "Amph" 1.03149133625329 0.62299282726565 0.332407557095028 0.739581532938213 NA 0.0952380952380952 0.0714285714285714 "Uqcrc2_noRT" "non-targeting_noRT"
"8975" "Gdpgp1" 1.0918514002666 0.603610482090244 0.33230031064966 0.739662505349243 NA 0.0952380952380952 0.0892857142857143 "Uqcrc2_noRT" "non-targeting_noRT"
"8976" "Zfp873" 1.0918514002666 0.603610482090244 0.33230031064966 0.739662505349243 NA 0.0952380952380952 0.0892857142857143 "Uqcrc2_noRT" "non-targeting_noRT"
"8977" "Nepro" 1.62156915863878 -0.510924025247208 -0.33222320685705 0.739720721462653 NA 0.0952380952380952 0.160714285714286 "Uqcrc2_noRT" "non-targeting_noRT"
"8978" "Ndrg3" 3.42981821320865 0.32205533140412 0.332193260401534 0.73974333250673 NA 0.285714285714286 0.25 "Uqcrc2_noRT" "non-targeting_noRT"
"8979" "Elk3" 3.97929772295322 0.305266066832498 0.332113499723218 0.739803556831899 NA 0.19047619047619 0.25 "Uqcrc2_noRT" "non-targeting_noRT"
"8980" "Zfp655" 10.1539235259792 0.200599035545589 0.332109280785651 0.739806742439354 NA 0.476190476190476 0.535714285714286 "Uqcrc2_noRT" "non-targeting_noRT"
"8981" "Atg4a" 2.08918826879103 0.425428533355862 0.33209896511895 0.739814531543491 NA 0.19047619047619 0.178571428571429 "Uqcrc2_noRT" "non-targeting_noRT"
"8982" "Fahd1" 4.19702890046246 -0.306537294245981 -0.332034274318088 0.739863378571485 NA 0.285714285714286 0.321428571428571 "Uqcrc2_noRT" "non-targeting_noRT"
"8983" "Nf1" 11.2729755013418 -0.200872627571332 -0.332006936229398 0.739884021456859 NA 0.571428571428571 0.642857142857143 "Uqcrc2_noRT" "non-targeting_noRT"
"8984" "Slc23a2" 2.14531763606302 -0.426467585613669 -0.331671569199782 0.740137271051181 NA 0.142857142857143 0.178571428571429 "Uqcrc2_noRT" "non-targeting_noRT"
"8985" "Pi4ka" 2.24062071892273 -0.439816794371365 -0.331650490322544 0.740153189529427 NA 0.0952380952380952 0.232142857142857 "Uqcrc2_noRT" "non-targeting_noRT"
"8986" "B130034C11Rik" 1.56193579932972 0.474921688662416 0.331649856927731 0.740153667862203 NA 0.142857142857143 0.142857142857143 "Uqcrc2_noRT" "non-targeting_noRT"
"8987" "Akip1" 6.79559649773007 -0.235533524061055 -0.331638562148272 0.740162197571925 NA 0.380952380952381 0.535714285714286 "Uqcrc2_noRT" "non-targeting_noRT"
"8988" "Tmem230" 23.3430259560852 0.133120379589309 0.33159035995709 0.740198599766091 0.954235217055065 0.761904761904762 0.803571428571429 "Uqcrc2_noRT" "non-targeting_noRT"
"8989" "Wdr90" 1.66255015506745 0.48450473338078 0.331533816831267 0.740241301758249 NA 0.142857142857143 0.107142857142857 "Uqcrc2_noRT" "non-targeting_noRT"
"8990" "Naa25" 12.5334217835506 -0.179803729813592 -0.331420356073505 0.740326990988355 NA 0.571428571428571 0.696428571428571 "Uqcrc2_noRT" "non-targeting_noRT"
"8991" "E130317F20Rik" 1.58365894199949 0.470125343961562 0.331417928479981 0.740328824420631 NA 0.142857142857143 0.125 "Uqcrc2_noRT" "non-targeting_noRT"
"8992" "Gm17251" 1.58365894199949 0.470125343961562 0.331417928479981 0.740328824420631 NA 0.142857142857143 0.142857142857143 "Uqcrc2_noRT" "non-targeting_noRT"
"8993" "Rasa2" 34.8567875747481 -0.134513517467794 -0.331378260554897 0.740358783703663 0.954235217055065 0.80952380952381 0.857142857142857 "Uqcrc2_noRT" "non-targeting_noRT"
"8994" "Ube2e2" 5.55427553709126 -0.262281369469876 -0.331292676079721 0.740423422898158 NA 0.333333333333333 0.464285714285714 "Uqcrc2_noRT" "non-targeting_noRT"
"8995" "Zbtb10" 2.65196549706538 0.381698715605958 0.330943949677138 0.740686823649632 NA 0.19047619047619 0.196428571428571 "Uqcrc2_noRT" "non-targeting_noRT"
"8996" "Abi1" 7.10115016817739 0.227691250771189 0.330914729523303 0.740708895657745 NA 0.476190476190476 0.446428571428571 "Uqcrc2_noRT" "non-targeting_noRT"
"8997" "Ccdc84" 8.06723990908403 0.224382924402205 0.330907442121363 0.740714400370939 NA 0.476190476190476 0.464285714285714 "Uqcrc2_noRT" "non-targeting_noRT"
"8998" "Slc39a9" 3.59860192204025 -0.335247981350165 -0.3307043138324 0.740867843518794 NA 0.19047619047619 0.375 "Uqcrc2_noRT" "non-targeting_noRT"
"8999" "Khdc4" 7.52478639869976 -0.226019157651729 -0.330698021860641 0.74087259664007 NA 0.380952380952381 0.589285714285714 "Uqcrc2_noRT" "non-targeting_noRT"
"9000" "Gmeb1" 6.93332514747444 -0.248175209830928 -0.33069603905424 0.740874094506326 NA 0.380952380952381 0.553571428571429 "Uqcrc2_noRT" "non-targeting_noRT"
"9001" "Ahsa1" 39.7969149377732 -0.105377381501427 -0.330246439216723 0.74121375988652 0.954235217055065 0.761904761904762 0.928571428571429 "Uqcrc2_noRT" "non-targeting_noRT"
"9002" "Dhx35" 3.62133087120553 -0.326807072038014 -0.330203398817946 0.741246278855493 NA 0.238095238095238 0.339285714285714 "Uqcrc2_noRT" "non-targeting_noRT"
"9003" "Nin" 3.65576999243844 -0.32413420522023 -0.330175403275057 0.741267431003099 NA 0.238095238095238 0.339285714285714 "Uqcrc2_noRT" "non-targeting_noRT"
"9004" "Cep120" 2.27080019363172 0.446339372350464 0.330153933158092 0.741283652970774 NA 0.19047619047619 0.142857142857143 "Uqcrc2_noRT" "non-targeting_noRT"
"9005" "Gfod1" 3.35144382098208 0.337991519534535 0.330131405861804 0.741300673824781 NA 0.285714285714286 0.196428571428571 "Uqcrc2_noRT" "non-targeting_noRT"
"9006" "Dlat" 14.28384136601 0.161700415594217 0.330127089555567 0.741303935092484 0.954235217055065 0.619047619047619 0.642857142857143 "Uqcrc2_noRT" "non-targeting_noRT"
"9007" "Dusp22" 8.85367572280506 0.20706301739683 0.330029676852938 0.741377538358264 NA 0.476190476190476 0.482142857142857 "Uqcrc2_noRT" "non-targeting_noRT"
"9008" "9330159F19Rik" 1.10725547483138 0.610799293027875 0.330026257673755 0.741380121870836 NA 0.0952380952380952 0.0714285714285714 "Uqcrc2_noRT" "non-targeting_noRT"
"9009" "Bod1l" 50.9570388155802 -0.0924624351772662 -0.330022243611078 0.741383154877753 0.954235217055065 0.952380952380952 0.946428571428571 "Uqcrc2_noRT" "non-targeting_noRT"
"9010" "Itprid1" 2.16013997066116 -0.421460458320937 -0.329951676721069 0.741436475544757 NA 0.142857142857143 0.214285714285714 "Uqcrc2_noRT" "non-targeting_noRT"
"9011" "Myef2" 36.8738915084211 0.108751276218502 0.329923505751551 0.741457762005787 0.954235217055065 0.80952380952381 0.892857142857143 "Uqcrc2_noRT" "non-targeting_noRT"
"9012" "Pigf" 20.5350788422773 -0.139492493512461 -0.329919626203349 0.741460693473524 0.954235217055065 0.619047619047619 0.857142857142857 "Uqcrc2_noRT" "non-targeting_noRT"
"9013" "Lpcat4" 3.8924200642335 0.3123071953523 0.329801811488602 0.741549718522233 NA 0.238095238095238 0.321428571428571 "Uqcrc2_noRT" "non-targeting_noRT"
"9014" "Stard3" 7.565419396749 0.223891188330047 0.329712354620273 0.741617317669674 NA 0.476190476190476 0.482142857142857 "Uqcrc2_noRT" "non-targeting_noRT"
"9015" "Prmt6" 2.16224632669616 -0.423501500858288 -0.329693986115849 0.741631198295452 NA 0.0952380952380952 0.232142857142857 "Uqcrc2_noRT" "non-targeting_noRT"
"9016" "Urgcp" 2.97845180094828 -0.374766729036367 -0.32958072495131 0.741716788821193 NA 0.19047619047619 0.321428571428571 "Uqcrc2_noRT" "non-targeting_noRT"
"9017" "Tgtp2" 10.3607492784321 -0.204832775180399 -0.329376855537613 0.741870859302593 NA 0.523809523809524 0.5 "Uqcrc2_noRT" "non-targeting_noRT"
"9018" "Sirt4" 2.95443546449541 0.359731975194206 0.329313145470426 0.741919009111678 NA 0.19047619047619 0.214285714285714 "Uqcrc2_noRT" "non-targeting_noRT"
"9019" "Pigt" 14.8106500100674 0.161413934165861 0.329268447196264 0.741952791084931 0.954235217055065 0.619047619047619 0.75 "Uqcrc2_noRT" "non-targeting_noRT"
"9020" "Heatr3" 10.9484997264694 -0.185772891781942 -0.329226226781993 0.741984700802756 NA 0.333333333333333 0.607142857142857 "Uqcrc2_noRT" "non-targeting_noRT"
"9021" "Dnajb1" 26.9204841649408 0.138891538347137 0.329216483710306 0.741992064570571 0.954235217055065 0.761904761904762 0.875 "Uqcrc2_noRT" "non-targeting_noRT"
"9022" "Zfp800" 17.4978649726884 0.149792363380451 0.328642886754409 0.742425628062272 0.954235217055065 0.666666666666667 0.75 "Uqcrc2_noRT" "non-targeting_noRT"
"9023" "Xbp1" 24.6145866278884 0.131993793377259 0.328556765306564 0.742490731555589 0.954235217055065 0.714285714285714 0.803571428571429 "Uqcrc2_noRT" "non-targeting_noRT"
"9024" "Mtap" 48.9876537835 -0.10674641077401 -0.32854766548311 0.742497610673141 0.954235217055065 0.857142857142857 0.964285714285714 "Uqcrc2_noRT" "non-targeting_noRT"
"9025" "Zkscan1" 5.57280668614591 -0.254980356921907 -0.328342530270907 0.742652690483209 NA 0.333333333333333 0.428571428571429 "Uqcrc2_noRT" "non-targeting_noRT"
"9026" "Srebf2" 17.1659204730732 -0.15134970570213 -0.328294386962277 0.742689087772486 0.954235217055065 0.619047619047619 0.696428571428571 "Uqcrc2_noRT" "non-targeting_noRT"
"9027" "Itpripl1" 1.55982944329473 0.477045037717728 0.328057350823595 0.742868300148047 NA 0.0952380952380952 0.125 "Uqcrc2_noRT" "non-targeting_noRT"
"9028" "Gm9873" 0.348200086306106 -0.981536656849741 -0.327876588060869 0.743004976118881 NA 0 0.0714285714285714 "Uqcrc2_noRT" "non-targeting_noRT"
"9029" "Gm44148" 0.348200086306106 -0.981536656849741 -0.327876588060869 0.743004976118881 NA 0 0.0714285714285714 "Uqcrc2_noRT" "non-targeting_noRT"
"9030" "Usp29" 0.348200086306106 -0.981536656849741 -0.327876588060869 0.743004976118881 NA 0 0.0714285714285714 "Uqcrc2_noRT" "non-targeting_noRT"
"9031" "Gpr137c" 0.348200086306106 -0.981536656849741 -0.327876588060869 0.743004976118881 NA 0 0.0714285714285714 "Uqcrc2_noRT" "non-targeting_noRT"
"9032" "Mmp14" 0.348200086306106 -0.981536656849741 -0.327876588060869 0.743004976118881 NA 0 0.0714285714285714 "Uqcrc2_noRT" "non-targeting_noRT"
"9033" "Ddx42" 27.8750996644622 0.119860415905713 0.327714017793143 0.743127903537804 0.954235217055065 0.761904761904762 0.821428571428571 "Uqcrc2_noRT" "non-targeting_noRT"
"9034" "Slc19a2" 1.62636361067541 -0.514514699675599 -0.327582151525477 0.743227618954743 NA 0.0952380952380952 0.142857142857143 "Uqcrc2_noRT" "non-targeting_noRT"
"9035" "Mylip" 1.56883660740136 0.465351499879128 0.327524097500063 0.743271519957962 NA 0.142857142857143 0.125 "Uqcrc2_noRT" "non-targeting_noRT"
"9036" "Dtx4" 1.58604439982575 -0.495538580508937 -0.327511519225607 0.743281031878126 NA 0.0952380952380952 0.160714285714286 "Uqcrc2_noRT" "non-targeting_noRT"
"9037" "Sowahc" 5.64705197489618 0.253349234153932 0.327427448629033 0.743344608600117 NA 0.428571428571429 0.339285714285714 "Uqcrc2_noRT" "non-targeting_noRT"
"9038" "Rad17" 16.4010425119265 0.156615688290925 0.32742478522908 0.743346622772133 0.954235217055065 0.714285714285714 0.767857142857143 "Uqcrc2_noRT" "non-targeting_noRT"
"9039" "Rpa3" 49.7614857625526 -0.0930559234651594 -0.327350112813429 0.743403093822944 0.954235217055065 0.80952380952381 0.964285714285714 "Uqcrc2_noRT" "non-targeting_noRT"
"9040" "2310033P09Rik" 7.6191268465827 -0.232407556687336 -0.327256812218293 0.743473654383447 NA 0.428571428571429 0.5 "Uqcrc2_noRT" "non-targeting_noRT"
"9041" "Cbx8" 11.294503150814 0.189592722985341 0.327133545676417 0.743566880632305 NA 0.666666666666667 0.625 "Uqcrc2_noRT" "non-targeting_noRT"
"9042" "Il6" 0.350306442341104 -0.989307436575933 -0.327127474936847 0.743571472018125 NA 0 0.0714285714285714 "Uqcrc2_noRT" "non-targeting_noRT"
"9043" "Slc4a5" 0.350306442341104 -0.989307436575933 -0.327127474936847 0.743571472018125 NA 0 0.0535714285714286 "Uqcrc2_noRT" "non-targeting_noRT"
"9044" "Scn1b" 0.350306442341104 -0.989307436575933 -0.327127474936847 0.743571472018125 NA 0 0.0714285714285714 "Uqcrc2_noRT" "non-targeting_noRT"
"9045" "Gm26619" 0.350306442341104 -0.989307436575933 -0.327127474936847 0.743571472018125 NA 0 0.0714285714285714 "Uqcrc2_noRT" "non-targeting_noRT"
"9046" "Jrk" 0.350306442341104 -0.989307436575933 -0.327127474936847 0.743571472018125 NA 0 0.0535714285714286 "Uqcrc2_noRT" "non-targeting_noRT"
"9047" "Ift140" 0.350306442341104 -0.989307436575933 -0.327127474936847 0.743571472018125 NA 0 0.0714285714285714 "Uqcrc2_noRT" "non-targeting_noRT"
"9048" "Gm16344" 0.350306442341104 -0.989307436575933 -0.327127474936847 0.743571472018125 NA 0 0.0535714285714286 "Uqcrc2_noRT" "non-targeting_noRT"
"9049" "Mtx3" 1.61466835056715 -0.502805432721125 -0.327048934887562 0.743630873785332 NA 0.0952380952380952 0.160714285714286 "Uqcrc2_noRT" "non-targeting_noRT"
"9050" "Smarca2" 8.81127910570299 -0.21486591852325 -0.326900595074623 0.743743070989372 NA 0.428571428571429 0.517857142857143 "Uqcrc2_noRT" "non-targeting_noRT"
"9051" "Dcaf1" 10.782562001605 0.180429236271424 0.326823200508041 0.743801610731486 NA 0.619047619047619 0.5 "Uqcrc2_noRT" "non-targeting_noRT"
"9052" "Gja1" 2.88249398268447 -0.375787687960999 -0.326770421659652 0.743841532473221 NA 0.19047619047619 0.196428571428571 "Uqcrc2_noRT" "non-targeting_noRT"
"9053" "Fmr1" 20.870841321083 0.141035791560393 0.326732611770337 0.743870132168436 0.954235217055065 0.714285714285714 0.75 "Uqcrc2_noRT" "non-targeting_noRT"
"9054" "Tyw5" 9.04270527655877 0.223910549895063 0.326568903961288 0.743993966108396 NA 0.476190476190476 0.571428571428571 "Uqcrc2_noRT" "non-targeting_noRT"
"9055" "Rft1" 1.50715318675779 -0.522943216104518 -0.326471286524873 0.744067810280456 NA 0.0952380952380952 0.160714285714286 "Uqcrc2_noRT" "non-targeting_noRT"
"9056" "Elovl4" 4.34630806010523 -0.293423931425021 -0.326385271453267 0.744132879620327 NA 0.19047619047619 0.339285714285714 "Uqcrc2_noRT" "non-targeting_noRT"
"9057" "Ice2" 2.79619806393139 -0.371217743003242 -0.326381878478427 0.744135446401363 NA 0.19047619047619 0.214285714285714 "Uqcrc2_noRT" "non-targeting_noRT"
"9058" "Yrdc" 76.5281803717432 -0.0762337660322447 -0.32636403026592 0.744148948597624 0.954235217055065 1 1 "Uqcrc2_noRT" "non-targeting_noRT"
"9059" "A930037H05Rik" 1.65194053253931 0.473304967822902 0.326313498541343 0.744187176340341 NA 0.142857142857143 0.0535714285714286 "Uqcrc2_noRT" "non-targeting_noRT"
"9060" "Ctsa" 17.8633181810081 0.154145191863846 0.326173926314503 0.744292767366603 0.954235217055065 0.619047619047619 0.839285714285714 "Uqcrc2_noRT" "non-targeting_noRT"
"9061" "Arl14ep" 10.3396058869975 -0.193558156680353 -0.326061860636271 0.744377552254561 NA 0.428571428571429 0.482142857142857 "Uqcrc2_noRT" "non-targeting_noRT"
"9062" "Mapk12" 7.67496307424021 0.219185172982064 0.326023361288838 0.744406680200258 NA 0.428571428571429 0.446428571428571 "Uqcrc2_noRT" "non-targeting_noRT"
"9063" "Chchd4" 30.4207576301346 -0.129237527594208 -0.325457584345948 0.744834779472986 0.954235217055065 0.761904761904762 0.910714285714286 "Uqcrc2_noRT" "non-targeting_noRT"
"9064" "Arid3a" 2.14321128002802 -0.425782286236825 -0.325441366686006 0.744847051847171 NA 0.142857142857143 0.214285714285714 "Uqcrc2_noRT" "non-targeting_noRT"
"9065" "Tmem97" 53.6824074754477 -0.094480206979917 -0.325195071180338 0.745033438767686 0.954235217055065 0.80952380952381 0.910714285714286 "Uqcrc2_noRT" "non-targeting_noRT"
"9066" "Srm" 116.133902280763 -0.071623676421833 -0.325093087004453 0.745110620822063 0.954235217055065 1 1 "Uqcrc2_noRT" "non-targeting_noRT"
"9067" "Fnip1" 9.03426692919088 0.209086149720242 0.325061766400481 0.745134324900884 NA 0.428571428571429 0.535714285714286 "Uqcrc2_noRT" "non-targeting_noRT"
"9068" "Coro1c" 16.3430447532221 0.152949985757366 0.324918042371619 0.745243101303391 0.954235217055065 0.666666666666667 0.678571428571429 "Uqcrc2_noRT" "non-targeting_noRT"
"9069" "Smim27" 16.0644325294823 -0.151099872498318 -0.324884309140123 0.745268632770856 0.954235217055065 0.666666666666667 0.714285714285714 "Uqcrc2_noRT" "non-targeting_noRT"
"9070" "Echdc2" 12.2574678059623 0.177066403575282 0.324834117391765 0.745306621614598 NA 0.476190476190476 0.535714285714286 "Uqcrc2_noRT" "non-targeting_noRT"
"9071" "Tmem165" 35.729401595164 0.102782013906897 0.324688570213763 0.74541678603303 0.954235217055065 0.857142857142857 0.839285714285714 "Uqcrc2_noRT" "non-targeting_noRT"
"9072" "Tfcp2" 4.21395759109559 -0.305117630791617 -0.32453877960108 0.74553016773625 NA 0.19047619047619 0.375 "Uqcrc2_noRT" "non-targeting_noRT"
"9073" "Zbp1" 87.474599798955 0.0871711236854108 0.324382765819801 0.745648265831502 0.954235217055065 0.952380952380952 1 "Uqcrc2_noRT" "non-targeting_noRT"
"9074" "Ube2g1" 11.5031817282248 0.178388979586842 0.324298091393365 0.745712364520755 NA 0.571428571428571 0.589285714285714 "Uqcrc2_noRT" "non-targeting_noRT"
"9075" "Tusc3" 29.6446769123264 0.117494904486949 0.324068063080205 0.745886505241738 0.954235217055065 0.904761904761905 0.910714285714286 "Uqcrc2_noRT" "non-targeting_noRT"
"9076" "A430033K04Rik" 1.04318659636156 0.593876614490954 0.32403330407631 0.745912820340395 NA 0.0952380952380952 0.0714285714285714 "Uqcrc2_noRT" "non-targeting_noRT"
"9077" "Spsb1" 2.19939152860203 0.422979637524799 0.323977501857352 0.745955067306013 NA 0.19047619047619 0.160714285714286 "Uqcrc2_noRT" "non-targeting_noRT"
"9078" "Gm9887" 1.05640647253818 0.564447052379701 0.323970813296093 0.745960131159806 NA 0.0952380952380952 0.0714285714285714 "Uqcrc2_noRT" "non-targeting_noRT"
"9079" "Frs3" 1.05640647253818 0.564447052379701 0.323970813296093 0.745960131159806 NA 0.0952380952380952 0.0892857142857143 "Uqcrc2_noRT" "non-targeting_noRT"
"9080" "Hdgfl2" 17.6056132039026 -0.146468591892088 -0.323879121534437 0.746029551331927 0.954235217055065 0.761904761904762 0.767857142857143 "Uqcrc2_noRT" "non-targeting_noRT"
"9081" "Ttc37" 7.47393540767511 -0.21764283696389 -0.323859132522602 0.746044685360495 NA 0.428571428571429 0.535714285714286 "Uqcrc2_noRT" "non-targeting_noRT"
"9082" "Lhpp" 6.61617851539088 0.241757460247188 0.323839855621674 0.746059280330306 NA 0.380952380952381 0.428571428571429 "Uqcrc2_noRT" "non-targeting_noRT"
"9083" "Skil" 12.5952230389515 0.194131198802334 0.323828483141367 0.746067890730449 NA 0.571428571428571 0.696428571428571 "Uqcrc2_noRT" "non-targeting_noRT"
"9084" "Tbc1d10b" 5.538367564913 -0.256747257051235 -0.323638283071936 0.746211900841032 NA 0.238095238095238 0.464285714285714 "Uqcrc2_noRT" "non-targeting_noRT"
"9085" "Cstf3" 9.6516491231966 0.192860559935155 0.323561504773927 0.746270036092848 NA 0.619047619047619 0.446428571428571 "Uqcrc2_noRT" "non-targeting_noRT"
"9086" "Cldn12" 3.34562865049057 0.329191907339735 0.323251844210455 0.746504520583149 NA 0.238095238095238 0.267857142857143 "Uqcrc2_noRT" "non-targeting_noRT"
"9087" "Reep1" 3.34562865049057 0.329191907339735 0.323251844210455 0.746504520583149 NA 0.238095238095238 0.214285714285714 "Uqcrc2_noRT" "non-targeting_noRT"
"9088" "Thap3" 17.1993497039451 0.149946310072615 0.323234543009247 0.746517622276684 0.954235217055065 0.761904761904762 0.75 "Uqcrc2_noRT" "non-targeting_noRT"
"9089" "Cep112" 5.36338687593828 0.292089613487436 0.322897457997626 0.746772901510679 NA 0.285714285714286 0.339285714285714 "Uqcrc2_noRT" "non-targeting_noRT"
"9090" "Capn2" 5.59874254088567 -0.25693193331556 -0.322702118436654 0.746920847634137 NA 0.238095238095238 0.464285714285714 "Uqcrc2_noRT" "non-targeting_noRT"
"9091" "Cul1" 35.8672483549974 0.106067567960253 0.322636103075178 0.746970848405584 0.954235217055065 0.857142857142857 0.928571428571429 "Uqcrc2_noRT" "non-targeting_noRT"
"9092" "Git1" 14.2190073344925 -0.160415903472657 -0.322621978187196 0.746981546891678 0.954235217055065 0.619047619047619 0.75 "Uqcrc2_noRT" "non-targeting_noRT"
"9093" "Osgin2" 10.1200841599991 -0.20014193742262 -0.322440565231379 0.74711895719873 NA 0.476190476190476 0.553571428571429 "Uqcrc2_noRT" "non-targeting_noRT"
"9094" "Arfgef2" 2.84755096383807 -0.365212128717481 -0.322028250796817 0.747431292527734 NA 0.19047619047619 0.339285714285714 "Uqcrc2_noRT" "non-targeting_noRT"
"9095" "Afg3l1" 6.21620456597601 -0.245094951409449 -0.321839330315981 0.747574416923629 NA 0.333333333333333 0.446428571428571 "Uqcrc2_noRT" "non-targeting_noRT"
"9096" "Zfp106" 45.9628086554223 -0.0932354855359949 -0.321676662970066 0.747697659161851 0.954235217055065 0.952380952380952 0.910714285714286 "Uqcrc2_noRT" "non-targeting_noRT"
"9097" "Zic2" 3.00916719576532 -0.379585103551977 -0.321676255562047 0.74769796783593 NA 0.0952380952380952 0.267857142857143 "Uqcrc2_noRT" "non-targeting_noRT"
"9098" "Tgfb1" 2.84065015576644 -0.359860697577532 -0.321480449464371 0.747846325676846 NA 0.19047619047619 0.267857142857143 "Uqcrc2_noRT" "non-targeting_noRT"
"9099" "Rev3l" 11.0696408176981 0.191219656673695 0.321390741078514 0.747914298806749 NA 0.428571428571429 0.553571428571429 "Uqcrc2_noRT" "non-targeting_noRT"
"9100" "Kif3b" 2.15323916258953 -0.416121754844222 -0.321364174539299 0.747934428971256 NA 0.142857142857143 0.214285714285714 "Uqcrc2_noRT" "non-targeting_noRT"
"9101" "Nop16" 54.054820158318 -0.0975214106293085 -0.321303380886061 0.747980494565603 0.954235217055065 0.904761904761905 0.982142857142857 "Uqcrc2_noRT" "non-targeting_noRT"
"9102" "Pam16" 63.8142072975877 0.0797397857634008 0.321179458867597 0.748074397638068 0.954235217055065 1 0.982142857142857 "Uqcrc2_noRT" "non-targeting_noRT"
"9103" "Calm2" 254.688555192637 0.0541312905878878 0.321093144563346 0.748139805320477 0.954235217055065 1 1 "Uqcrc2_noRT" "non-targeting_noRT"
"9104" "Arhgap12" 3.94124254157632 0.305239967980404 0.321054249748742 0.748169279818889 NA 0.238095238095238 0.267857142857143 "Uqcrc2_noRT" "non-targeting_noRT"
"9105" "Cass4" 1.12418416546451 0.616798797308644 0.321042077408354 0.748178504096528 NA 0.0476190476190476 0.0892857142857143 "Uqcrc2_noRT" "non-targeting_noRT"
"9106" "Gm19744" 0.346093730271108 -0.974028844569144 -0.320975036660903 0.748229308651013 NA 0 0.0714285714285714 "Uqcrc2_noRT" "non-targeting_noRT"
"9107" "Fbxo48" 0.346093730271108 -0.974028844569144 -0.320975036660903 0.748229308651013 NA 0 0.0714285714285714 "Uqcrc2_noRT" "non-targeting_noRT"
"9108" "Serpinb1a" 0.346093730271108 -0.974028844569144 -0.320975036660903 0.748229308651013 NA 0 0.0535714285714286 "Uqcrc2_noRT" "non-targeting_noRT"
"9109" "Clec16a" 0.346093730271108 -0.974028844569144 -0.320975036660903 0.748229308651013 NA 0 0.0535714285714286 "Uqcrc2_noRT" "non-targeting_noRT"
"9110" "Pcdhgb5" 0.346093730271108 -0.974028844569144 -0.320975036660903 0.748229308651013 NA 0 0.0535714285714286 "Uqcrc2_noRT" "non-targeting_noRT"
"9111" "Fgf1" 0.346093730271108 -0.974028844569144 -0.320975036660903 0.748229308651013 NA 0 0.0714285714285714 "Uqcrc2_noRT" "non-targeting_noRT"
"9112" "Hoxa5" 6.23101198861478 -0.243698836184507 -0.320953524393099 0.748245611224542 NA 0.19047619047619 0.5 "Uqcrc2_noRT" "non-targeting_noRT"
"9113" "Ccdc189" 1.11938971342788 0.630635263285297 0.320780989750022 0.748376366675716 NA 0.0476190476190476 0.0892857142857143 "Uqcrc2_noRT" "non-targeting_noRT"
"9114" "Retreg2" 13.934550090411 0.158252300017527 0.32076930281632 0.74838522388504 0.954235217055065 0.666666666666667 0.625 "Uqcrc2_noRT" "non-targeting_noRT"
"9115" "Ngly1" 1.58576529803449 0.465694267863772 0.320602964446175 0.748511290812497 NA 0.142857142857143 0.125 "Uqcrc2_noRT" "non-targeting_noRT"
"9116" "Bri3bp" 20.6922597695716 -0.136300746096628 -0.320602755338997 0.748511449297898 0.954235217055065 0.714285714285714 0.910714285714286 "Uqcrc2_noRT" "non-targeting_noRT"
"9117" "Mtrf1l" 6.31798617915609 0.2333906336607 0.320514670525403 0.748578211016672 NA 0.380952380952381 0.375 "Uqcrc2_noRT" "non-targeting_noRT"
"9118" "Atrn" 5.1731938422513 0.265699963580962 0.320404938161066 0.748661382600872 NA 0.380952380952381 0.339285714285714 "Uqcrc2_noRT" "non-targeting_noRT"
"9119" "Srek1ip1" 17.7491248016901 0.1451024690096 0.32036298672916 0.748693180437966 0.954235217055065 0.619047619047619 0.767857142857143 "Uqcrc2_noRT" "non-targeting_noRT"
"9120" "Zfp994" 1.63326441874705 -0.519771862753479 -0.320264835081848 0.748767577901609 NA 0.0952380952380952 0.196428571428571 "Uqcrc2_noRT" "non-targeting_noRT"
"9121" "Kdm4c" 4.23247382819087 -0.295408818985693 -0.320186942033113 0.748826621318512 NA 0.285714285714286 0.375 "Uqcrc2_noRT" "non-targeting_noRT"
"9122" "Ppfia1" 10.2272024022437 0.184469908915975 0.320105485451286 0.748888367490901 NA 0.571428571428571 0.607142857142857 "Uqcrc2_noRT" "non-targeting_noRT"
"9123" "Nudt19" 22.956922319448 0.12369482573378 0.320097766509435 0.748894218729766 0.954235217055065 0.666666666666667 0.821428571428571 "Uqcrc2_noRT" "non-targeting_noRT"
"9124" "Snrnp35" 3.03351351531147 -0.358170735515998 -0.320034155334382 0.748942438866136 NA 0.142857142857143 0.321428571428571 "Uqcrc2_noRT" "non-targeting_noRT"
"9125" "Ankrd44" 3.37054378677546 0.313407760905753 0.319865717105664 0.749070127372357 NA 0.238095238095238 0.25 "Uqcrc2_noRT" "non-targeting_noRT"
"9126" "Efna1" 5.21250525787399 0.273071712401589 0.31975732706646 0.749152298593877 NA 0.238095238095238 0.321428571428571 "Uqcrc2_noRT" "non-targeting_noRT"
"9127" "Plcb3" 3.39437328548023 0.310227101247937 0.319700031327231 0.749195736031836 NA 0.285714285714286 0.267857142857143 "Uqcrc2_noRT" "non-targeting_noRT"
"9128" "Ube2o" 5.69157328465962 -0.263086121179447 -0.319653013664773 0.749231381978269 NA 0.19047619047619 0.392857142857143 "Uqcrc2_noRT" "non-targeting_noRT"
"9129" "Wasf3" 2.76757411318999 -0.366020916014853 -0.319601534684988 0.749270410839925 NA 0.142857142857143 0.267857142857143 "Uqcrc2_noRT" "non-targeting_noRT"
"9130" "Ints2" 5.90928256256116 0.238478354999176 0.319373330079276 0.749443432217332 NA 0.380952380952381 0.410714285714286 "Uqcrc2_noRT" "non-targeting_noRT"
"9131" "Nptxr" 3.51062570251251 -0.356444506579678 -0.319329319752347 0.74947680165103 NA 0.19047619047619 0.303571428571429 "Uqcrc2_noRT" "non-targeting_noRT"
"9132" "Mrpl3" 28.0906222071316 0.123112769455371 0.31915055474479 0.749612349365387 0.954235217055065 0.904761904761905 0.928571428571429 "Uqcrc2_noRT" "non-targeting_noRT"
"9133" "Nrm" 10.6336468362815 0.190415881341188 0.319144910536841 0.749616629185107 NA 0.523809523809524 0.482142857142857 "Uqcrc2_noRT" "non-targeting_noRT"
"9134" "Cct5" 261.66556360228 -0.0539784139394629 -0.319133357204225 0.749625389726339 0.954235217055065 1 1 "Uqcrc2_noRT" "non-targeting_noRT"
"9135" "Rbm5" 15.5292480586526 0.157036375085663 0.319114869979556 0.749639408094519 0.954235217055065 0.571428571428571 0.660714285714286 "Uqcrc2_noRT" "non-targeting_noRT"
"9136" "9630013A20Rik" 1.58981813340751 -0.519681435837553 -0.319028581338462 0.749704839557773 NA 0.0476190476190476 0.142857142857143 "Uqcrc2_noRT" "non-targeting_noRT"
"9137" "Zcchc10" 20.817931123005 0.132214359180411 0.318995870238113 0.749729644396094 0.954235217055065 0.761904761904762 0.821428571428571 "Uqcrc2_noRT" "non-targeting_noRT"
"9138" "Plxnb2" 10.1834259192831 -0.197741467080755 -0.318545847453504 0.750070923088575 NA 0.380952380952381 0.553571428571429 "Uqcrc2_noRT" "non-targeting_noRT"
"9139" "Riox2" 4.94377439228213 -0.29824862396121 -0.318440167005248 0.750151073871796 NA 0.238095238095238 0.428571428571429 "Uqcrc2_noRT" "non-targeting_noRT"
"9140" "Cul5" 28.0223474522389 0.118013888391935 0.318427959431302 0.750160332585179 0.954235217055065 0.80952380952381 0.892857142857143 "Uqcrc2_noRT" "non-targeting_noRT"
"9141" "Sap30" 37.7478376633602 -0.10944227766479 -0.31828820748696 0.750266328625389 0.954235217055065 0.857142857142857 0.910714285714286 "Uqcrc2_noRT" "non-targeting_noRT"
"9142" "Chsy1" 1.57784377150799 0.452320490428923 0.318197560477485 0.750335083134902 NA 0.142857142857143 0.142857142857143 "Uqcrc2_noRT" "non-targeting_noRT"
"9143" "Rpusd4" 7.06031413648633 0.223199880529404 0.318071677967308 0.750430566576096 NA 0.476190476190476 0.446428571428571 "Uqcrc2_noRT" "non-targeting_noRT"
"9144" "Casp8" 6.42389888454394 0.228910894871942 0.317639126559992 0.750758691300072 NA 0.476190476190476 0.446428571428571 "Uqcrc2_noRT" "non-targeting_noRT"
"9145" "Chmp6" 17.421692089339 -0.14213688754875 -0.317597274504283 0.750790441813724 0.954235217055065 0.666666666666667 0.803571428571429 "Uqcrc2_noRT" "non-targeting_noRT"
"9146" "Cox20" 19.4427241427918 0.134460962714232 0.317523881399666 0.750846121549771 0.954235217055065 0.80952380952381 0.803571428571429 "Uqcrc2_noRT" "non-targeting_noRT"
"9147" "Sertad4" 2.73826141581846 0.368941715918988 0.317427966526386 0.75091888939908 NA 0.19047619047619 0.214285714285714 "Uqcrc2_noRT" "non-targeting_noRT"
"9148" "Exoc1" 6.76240844289693 0.256569383058028 0.317213129817121 0.751081887855061 NA 0.333333333333333 0.410714285714286 "Uqcrc2_noRT" "non-targeting_noRT"
"9149" "Atp2c1" 9.56005684352486 0.188482027862984 0.317179271139113 0.751107577738286 NA 0.571428571428571 0.589285714285714 "Uqcrc2_noRT" "non-targeting_noRT"
"9150" "Trmt1" 22.9823324833691 0.138288456396979 0.317073658392138 0.751187711969887 0.954235217055065 0.761904761904762 0.803571428571429 "Uqcrc2_noRT" "non-targeting_noRT"
"9151" "Rfk" 9.51929865418696 0.189171476097922 0.316978470089255 0.751259938898561 NA 0.428571428571429 0.607142857142857 "Uqcrc2_noRT" "non-targeting_noRT"
"9152" "Zfp408" 0.343405634269472 -0.963866192142343 -0.316926286056863 0.751299535995165 NA 0 0.0714285714285714 "Uqcrc2_noRT" "non-targeting_noRT"
"9153" "Ubox5" 0.343405634269472 -0.963866192142343 -0.316926286056863 0.751299535995165 NA 0 0.0714285714285714 "Uqcrc2_noRT" "non-targeting_noRT"
"9154" "Gm49785" 0.343405634269472 -0.963866192142343 -0.316926286056863 0.751299535995165 NA 0 0.0714285714285714 "Uqcrc2_noRT" "non-targeting_noRT"
"9155" "Gm10501" 0.343405634269472 -0.963866192142343 -0.316926286056863 0.751299535995165 NA 0 0.0535714285714286 "Uqcrc2_noRT" "non-targeting_noRT"
"9156" "Slc16a2" 0.343405634269472 -0.963866192142343 -0.316926286056863 0.751299535995165 NA 0 0.0535714285714286 "Uqcrc2_noRT" "non-targeting_noRT"
"9157" "Mbtps1" 10.0730198257841 -0.185451129163441 -0.316809907838489 0.751387845817693 NA 0.523809523809524 0.607142857142857 "Uqcrc2_noRT" "non-targeting_noRT"
"9158" "Ifi44" 41.6151835840646 -0.0989749216657637 -0.316782329167904 0.751408773471354 0.954235217055065 0.857142857142857 0.875 "Uqcrc2_noRT" "non-targeting_noRT"
"9159" "Ptms" 70.2562508844634 0.0776470647791728 0.316755446425643 0.751429173206388 0.954235217055065 0.952380952380952 0.982142857142857 "Uqcrc2_noRT" "non-targeting_noRT"
"9160" "Lmbrd2" 16.6072140648432 -0.146664130177646 -0.316697508955017 0.751473139142409 0.954235217055065 0.666666666666667 0.696428571428571 "Uqcrc2_noRT" "non-targeting_noRT"
"9161" "Rae1" 29.6003195635353 0.113882947654025 0.31656133177949 0.751576480571402 0.954235217055065 0.857142857142857 0.928571428571429 "Uqcrc2_noRT" "non-targeting_noRT"
"9162" "Slc35b3" 6.11777440862643 -0.245911592363 -0.316379464912004 0.75171450170448 NA 0.380952380952381 0.446428571428571 "Uqcrc2_noRT" "non-targeting_noRT"
"9163" "Pnpla6" 1.04369049397504 0.552757352593329 0.31636873852805 0.751722642344942 NA 0.0952380952380952 0.0892857142857143 "Uqcrc2_noRT" "non-targeting_noRT"
"9164" "Pex11g" 1.58183168775575 -0.488411427789017 -0.316285533318805 0.751785790723701 NA 0.0952380952380952 0.160714285714286 "Uqcrc2_noRT" "non-targeting_noRT"
"9165" "Ddx19a" 6.27453611630747 -0.238604623498808 -0.316128349108633 0.751905089809061 NA 0.333333333333333 0.464285714285714 "Uqcrc2_noRT" "non-targeting_noRT"
"9166" "Zfp677" 1.62788822674377 -0.512944936203721 -0.316109670609545 0.751919266740741 NA 0.0952380952380952 0.160714285714286 "Uqcrc2_noRT" "non-targeting_noRT"
"9167" "Sept4" 1.04950566446655 0.579127700402746 0.316094950297434 0.751930439477896 NA 0.0952380952380952 0.0714285714285714 "Uqcrc2_noRT" "non-targeting_noRT"
"9168" "Arhgef28" 1.04950566446655 0.579127700402746 0.316094950297434 0.751930439477896 NA 0.0952380952380952 0.0892857142857143 "Uqcrc2_noRT" "non-targeting_noRT"
"9169" "Calhm2" 1.03047061779842 0.580943063925219 0.316005904629731 0.751998026370584 NA 0.0952380952380952 0.0892857142857143 "Uqcrc2_noRT" "non-targeting_noRT"
"9170" "Smim11" 31.0617351215876 -0.107127746005191 -0.315928763280002 0.752056579258856 0.954235217055065 0.761904761904762 0.875 "Uqcrc2_noRT" "non-targeting_noRT"
"9171" "Sik2" 5.02573260763038 -0.266280698028868 -0.315720073185064 0.752214989236304 NA 0.238095238095238 0.375 "Uqcrc2_noRT" "non-targeting_noRT"
"9172" "Snrnp70" 76.8960641844525 0.0759327407873088 0.315718758533323 0.752215987179489 0.954235217055065 1 0.946428571428571 "Uqcrc2_noRT" "non-targeting_noRT"
"9173" "9330188P03Rik" 6.9209047569118 -0.265271684873739 -0.31557999053109 0.752321327354227 NA 0.428571428571429 0.428571428571429 "Uqcrc2_noRT" "non-targeting_noRT"
"9174" "Tmem127" 4.09729734861688 -0.292973265168043 -0.315514344687802 0.752371161376163 NA 0.238095238095238 0.321428571428571 "Uqcrc2_noRT" "non-targeting_noRT"
"9175" "Sh2b1" 5.05064774391528 -0.274866609922593 -0.315369821924036 0.752480877224042 NA 0.238095238095238 0.392857142857143 "Uqcrc2_noRT" "non-targeting_noRT"
"9176" "Mdh2" 168.52917482812 0.0585607067034607 0.315292454027292 0.752539613863145 0.954235217055065 1 1 "Uqcrc2_noRT" "non-targeting_noRT"
"9177" "Nae1" 27.0182654603491 0.116378913840061 0.314835072197952 0.752886881095952 0.954235217055065 0.761904761904762 0.839285714285714 "Uqcrc2_noRT" "non-targeting_noRT"
"9178" "Gpr141" 1.54973664160797 0.518876898882974 0.314820401927424 0.752898020329477 NA 0.142857142857143 0.0535714285714286 "Uqcrc2_noRT" "non-targeting_noRT"
"9179" "Gpatch2" 4.64921120875826 0.261613930005623 0.314727661231075 0.752968440144651 NA 0.333333333333333 0.321428571428571 "Uqcrc2_noRT" "non-targeting_noRT"
"9180" "Psmg4" 138.058991458529 0.0602566095047523 0.314558200946573 0.753097119944748 0.954235217055065 0.904761904761905 1 "Uqcrc2_noRT" "non-targeting_noRT"
"9181" "Zfand6" 44.9349221686493 0.0934671533131671 0.314099322948867 0.753445603739344 0.954235217055065 0.857142857142857 0.928571428571429 "Uqcrc2_noRT" "non-targeting_noRT"
"9182" "Paip2" 105.68719056989 -0.0633827573387895 -0.314080406607358 0.753459970375783 0.954235217055065 1 1 "Uqcrc2_noRT" "non-targeting_noRT"
"9183" "Magohb" 48.63444496894 -0.0940225593048076 -0.314058056891223 0.753476944711272 0.954235217055065 0.80952380952381 0.964285714285714 "Uqcrc2_noRT" "non-targeting_noRT"
"9184" "Slc36a3os" 2.21098897295435 -0.39646352415489 -0.313944547958154 0.753563155193787 NA 0.142857142857143 0.232142857142857 "Uqcrc2_noRT" "non-targeting_noRT"
"9185" "Pcnp" 33.6929852405953 0.104897423483787 0.313741743600376 0.753717193551164 0.954235217055065 0.904761904761905 0.892857142857143 "Uqcrc2_noRT" "non-targeting_noRT"
"9186" "Cdr2l" 8.63098896324269 -0.209125859080398 -0.313706766670678 0.753743760977349 NA 0.428571428571429 0.553571428571429 "Uqcrc2_noRT" "non-targeting_noRT"
"9187" "Dnajc7" 52.8095390234774 -0.0850293803760402 -0.313578475740328 0.753841209413487 0.954235217055065 0.80952380952381 0.964285714285714 "Uqcrc2_noRT" "non-targeting_noRT"
"9188" "Pja2" 9.55928630769347 -0.193813692089044 -0.313515403453801 0.753889119893953 NA 0.523809523809524 0.607142857142857 "Uqcrc2_noRT" "non-targeting_noRT"
"9189" "Scamp1" 4.69955631343797 0.282768671174807 0.313426078866071 0.7539569735645 NA 0.285714285714286 0.339285714285714 "Uqcrc2_noRT" "non-targeting_noRT"
"9190" "Ppm1l" 3.93113681666166 0.290820529089172 0.313422011880507 0.75396006301551 NA 0.285714285714286 0.339285714285714 "Uqcrc2_noRT" "non-targeting_noRT"
"9191" "1700030K09Rik" 2.23002401962249 -0.395342162894288 -0.313290242172053 0.754060162884902 NA 0.142857142857143 0.232142857142857 "Uqcrc2_noRT" "non-targeting_noRT"
"9192" "Zfyve27" 4.08668772608873 -0.299948463512092 -0.313071997716703 0.754225963048261 NA 0.238095238095238 0.339285714285714 "Uqcrc2_noRT" "non-targeting_noRT"
"9193" "Rcor2" 9.4281304410441 0.18879595560699 0.312511728331381 0.754651651171915 NA 0.333333333333333 0.517857142857143 "Uqcrc2_noRT" "non-targeting_noRT"
"9194" "AV099323" 2.91528172231048 0.33180399120398 0.312475099774272 0.754679483849009 NA 0.19047619047619 0.232142857142857 "Uqcrc2_noRT" "non-targeting_noRT"
"9195" "Bnip1" 10.1583728684355 -0.187189919991927 -0.312280486669226 0.754827368445191 NA 0.428571428571429 0.642857142857143 "Uqcrc2_noRT" "non-targeting_noRT"
"9196" "Pdlim1" 6.96182589565864 0.223325283170834 0.312079429303378 0.754980159411248 NA 0.285714285714286 0.446428571428571 "Uqcrc2_noRT" "non-targeting_noRT"
"9197" "Epb41l5" 2.22791766358749 -0.393614529665704 -0.31197738594198 0.75505770962284 NA 0.142857142857143 0.267857142857143 "Uqcrc2_noRT" "non-targeting_noRT"
"9198" "Ints5" 8.36373374534507 -0.208024769165449 -0.311756426763083 0.755225641119028 NA 0.476190476190476 0.589285714285714 "Uqcrc2_noRT" "non-targeting_noRT"
"9199" "Telo2" 3.96123806515073 -0.329427852473915 -0.311711799189755 0.755259559988216 NA 0.142857142857143 0.339285714285714 "Uqcrc2_noRT" "non-targeting_noRT"
"9200" "Cox16" 58.1850700157564 0.0804175899814374 0.311667864803768 0.755292952466213 0.955780500704951 1 1 "Uqcrc2_noRT" "non-targeting_noRT"
"9201" "Mtus2" 11.4678017196216 0.16680751540144 0.311469796933663 0.755443500294249 NA 0.571428571428571 0.625 "Uqcrc2_noRT" "non-targeting_noRT"
"9202" "Arhgap35" 8.75651646653385 -0.195461312205683 -0.31138953768395 0.755504506551992 NA 0.380952380952381 0.607142857142857 "Uqcrc2_noRT" "non-targeting_noRT"
"9203" "Rint1" 10.9897288861753 0.183156391218289 0.311271730202884 0.755594056544131 NA 0.523809523809524 0.535714285714286 "Uqcrc2_noRT" "non-targeting_noRT"
"9204" "Mia2" 21.3743263527806 0.134391964024114 0.310960622916166 0.75583055692825 0.956168402497432 0.571428571428571 0.803571428571429 "Uqcrc2_noRT" "non-targeting_noRT"
"9205" "Fez2" 2.85918130482109 -0.345158348891374 -0.310938692607467 0.755847228974529 NA 0.19047619047619 0.321428571428571 "Uqcrc2_noRT" "non-targeting_noRT"
"9206" "Edrf1" 5.02093815559375 -0.264011603791753 -0.310690129715877 0.756036201520353 NA 0.238095238095238 0.357142857142857 "Uqcrc2_noRT" "non-targeting_noRT"
"9207" "Rhot1" 7.13826446218403 0.210403691258021 0.310566885451315 0.756129904678052 NA 0.380952380952381 0.392857142857143 "Uqcrc2_noRT" "non-targeting_noRT"
"9208" "5330434G04Rik" 3.40338044958686 0.304051403590119 0.310413684958804 0.756246388688008 NA 0.285714285714286 0.214285714285714 "Uqcrc2_noRT" "non-targeting_noRT"
"9209" "Esyt2" 6.90567854371533 0.223395087297179 0.310313826259417 0.756322317938885 NA 0.476190476190476 0.446428571428571 "Uqcrc2_noRT" "non-targeting_noRT"
"9210" "Hsdl1" 2.75856694908336 -0.361228191704263 -0.309956724050446 0.756593865889795 NA 0.19047619047619 0.232142857142857 "Uqcrc2_noRT" "non-targeting_noRT"
"9211" "Dbp" 2.91053420472777 -0.33975000734511 -0.309728669310978 0.756767299188953 NA 0.19047619047619 0.285714285714286 "Uqcrc2_noRT" "non-targeting_noRT"
"9212" "Mef2d" 6.32807898084285 0.223735275153673 0.309604619999292 0.756861642567797 NA 0.333333333333333 0.428571428571429 "Uqcrc2_noRT" "non-targeting_noRT"
"9213" "Mfsd14b" 2.2903840836358 -0.394515423804692 -0.30921100314339 0.757161024473151 NA 0.142857142857143 0.232142857142857 "Uqcrc2_noRT" "non-targeting_noRT"
"9214" "1810055G02Rik" 8.1504107420787 0.202320359681799 0.308915618078864 0.757385715981571 NA 0.476190476190476 0.535714285714286 "Uqcrc2_noRT" "non-targeting_noRT"
"9215" "Pef1" 8.69455394409903 -0.199720946961493 -0.308899501362924 0.757397976125837 NA 0.333333333333333 0.625 "Uqcrc2_noRT" "non-targeting_noRT"
"9216" "Micos10" 156.128653123336 0.0537906042009109 0.308897552713458 0.75739945848678 0.957575348951966 0.952380952380952 1 "Uqcrc2_noRT" "non-targeting_noRT"
"9217" "Chn1" 3.45492018724165 -0.305870739626108 -0.308793913703586 0.757478299206066 NA 0.238095238095238 0.232142857142857 "Uqcrc2_noRT" "non-targeting_noRT"
"9218" "Tbc1d19" 6.18286400555112 -0.234523350386766 -0.308606311891879 0.757621018890825 NA 0.333333333333333 0.446428571428571 "Uqcrc2_noRT" "non-targeting_noRT"
"9219" "Gins3" 2.81784137551654 -0.344452902059066 -0.308554554924062 0.757660394901793 NA 0.142857142857143 0.267857142857143 "Uqcrc2_noRT" "non-targeting_noRT"
"9220" "Bmi1" 11.9189489183874 -0.174768062875494 -0.308397413823539 0.757779949608238 NA 0.380952380952381 0.696428571428571 "Uqcrc2_noRT" "non-targeting_noRT"
"9221" "Yipf6" 17.1614521960059 0.1485539848473 0.308312722082292 0.757844386435018 0.957575348951966 0.666666666666667 0.732142857142857 "Uqcrc2_noRT" "non-targeting_noRT"
"9222" "Snx16" 12.8505741822846 -0.163937247109924 -0.30830514007874 0.757850155205296 0.957575348951966 0.523809523809524 0.714285714285714 "Uqcrc2_noRT" "non-targeting_noRT"
"9223" "Zfp27" 1.05008740443319 0.576823911131381 0.308093890350227 0.758010890062243 NA 0.0952380952380952 0.0714285714285714 "Uqcrc2_noRT" "non-targeting_noRT"
"9224" "Tmx1" 29.6716586577945 -0.108957957352233 -0.308087400365689 0.758015828301653 0.957575348951966 0.714285714285714 0.892857142857143 "Uqcrc2_noRT" "non-targeting_noRT"
"9225" "Thbs1" 1.03678968590341 0.56615965685883 0.308076103131602 0.758024424408333 NA 0.0952380952380952 0.0535714285714286 "Uqcrc2_noRT" "non-targeting_noRT"
"9226" "Galns" 2.28137691952917 -0.387779865717628 -0.307892680144184 0.758163995814944 NA 0.142857142857143 0.232142857142857 "Uqcrc2_noRT" "non-targeting_noRT"
"9227" "Mpz" 0.337086566164478 -0.940505842514224 -0.307602817332195 0.758384576170922 NA 0 0.0535714285714286 "Uqcrc2_noRT" "non-targeting_noRT"
"9228" "Gm17501" 0.337086566164478 -0.940505842514224 -0.307602817332195 0.758384576170922 NA 0 0.0714285714285714 "Uqcrc2_noRT" "non-targeting_noRT"
"9229" "Proser3" 0.337086566164478 -0.940505842514224 -0.307602817332195 0.758384576170922 NA 0 0.0714285714285714 "Uqcrc2_noRT" "non-targeting_noRT"
"9230" "Mfsd4b4" 0.337086566164478 -0.940505842514224 -0.307602817332195 0.758384576170922 NA 0 0.0714285714285714 "Uqcrc2_noRT" "non-targeting_noRT"
"9231" "Gls2" 0.337086566164478 -0.940505842514224 -0.307602817332195 0.758384576170922 NA 0 0.0714285714285714 "Uqcrc2_noRT" "non-targeting_noRT"
"9232" "Cacng4" 0.337086566164478 -0.940505842514224 -0.307602817332195 0.758384576170922 NA 0 0.0714285714285714 "Uqcrc2_noRT" "non-targeting_noRT"
"9233" "Gm41396" 0.337086566164478 -0.940505842514224 -0.307602817332195 0.758384576170922 NA 0 0.0714285714285714 "Uqcrc2_noRT" "non-targeting_noRT"
"9234" "Prm1" 0.337086566164478 -0.940505842514224 -0.307602817332195 0.758384576170922 NA 0 0.0535714285714286 "Uqcrc2_noRT" "non-targeting_noRT"
"9235" "Def6" 0.337086566164478 -0.940505842514224 -0.307602817332195 0.758384576170922 NA 0 0.0714285714285714 "Uqcrc2_noRT" "non-targeting_noRT"
"9236" "Pcdhga6" 0.337086566164478 -0.940505842514224 -0.307602817332195 0.758384576170922 NA 0 0.0714285714285714 "Uqcrc2_noRT" "non-targeting_noRT"
"9237" "Dynlt1f" 44.2380346160832 -0.103756008420386 -0.307528583027249 0.758441070298232 0.957575348951966 0.857142857142857 0.892857142857143 "Uqcrc2_noRT" "non-targeting_noRT"
"9238" "Ilk" 20.769581206321 -0.129409125018337 -0.307421410109516 0.758522633792996 0.957575348951966 0.761904761904762 0.839285714285714 "Uqcrc2_noRT" "non-targeting_noRT"
"9239" "Rbm39" 165.38198386198 -0.0633942089196694 -0.307257150271548 0.758647648261876 0.957575348951966 1 1 "Uqcrc2_noRT" "non-targeting_noRT"
"9240" "Spata45" 0.334398470162842 -0.93014926081976 -0.307080963348192 0.758781747180651 NA 0 0.0535714285714286 "Uqcrc2_noRT" "non-targeting_noRT"
"9241" "Gm10419" 0.334398470162842 -0.93014926081976 -0.307080963348192 0.758781747180651 NA 0 0.0535714285714286 "Uqcrc2_noRT" "non-targeting_noRT"
"9242" "Gm17484" 0.334398470162842 -0.93014926081976 -0.307080963348192 0.758781747180651 NA 0 0.0714285714285714 "Uqcrc2_noRT" "non-targeting_noRT"
"9243" "Clmn" 0.334398470162842 -0.93014926081976 -0.307080963348192 0.758781747180651 NA 0 0.0535714285714286 "Uqcrc2_noRT" "non-targeting_noRT"
"9244" "Tnfrsf10b" 0.334398470162842 -0.93014926081976 -0.307080963348192 0.758781747180651 NA 0 0.0714285714285714 "Uqcrc2_noRT" "non-targeting_noRT"
"9245" "Gm49207" 0.334398470162842 -0.93014926081976 -0.307080963348192 0.758781747180651 NA 0 0.0714285714285714 "Uqcrc2_noRT" "non-targeting_noRT"
"9246" "Ly6g5b" 0.334398470162842 -0.93014926081976 -0.307080963348192 0.758781747180651 NA 0 0.0714285714285714 "Uqcrc2_noRT" "non-targeting_noRT"
"9247" "Gm41793" 0.334398470162842 -0.93014926081976 -0.307080963348192 0.758781747180651 NA 0 0.0714285714285714 "Uqcrc2_noRT" "non-targeting_noRT"
"9248" "Dlst" 13.6069364133648 -0.161120679292284 -0.307064866244806 0.758793999326606 0.957575348951966 0.476190476190476 0.732142857142857 "Uqcrc2_noRT" "non-targeting_noRT"
"9249" "Cep19" 2.33449016582288 0.378512532238326 0.307051980311817 0.758803807366632 NA 0.142857142857143 0.178571428571429 "Uqcrc2_noRT" "non-targeting_noRT"
"9250" "Gm15867" 1.10514911879638 0.620645961588041 0.30688972882325 0.758927307300879 NA 0.0952380952380952 0.0714285714285714 "Uqcrc2_noRT" "non-targeting_noRT"
"9251" "Fbrs" 4.77040282803704 -0.263169225248391 -0.306281227694396 0.759390530992751 NA 0.285714285714286 0.357142857142857 "Uqcrc2_noRT" "non-targeting_noRT"
"9252" "Il18bp" 12.3299999283319 -0.174932093648907 -0.306225773103125 0.759432750296638 NA 0.571428571428571 0.553571428571429 "Uqcrc2_noRT" "non-targeting_noRT"
"9253" "Zfp521" 3.48143778194805 -0.310726196564494 -0.306159347824584 0.759483322869453 NA 0.19047619047619 0.321428571428571 "Uqcrc2_noRT" "non-targeting_noRT"
"9254" "Vps11" 4.99020784881735 -0.259828922427138 -0.305766637794887 0.759782331807674 NA 0.285714285714286 0.410714285714286 "Uqcrc2_noRT" "non-targeting_noRT"
"9255" "Emp1" 27.5237375294362 0.149042626596162 0.305548949768394 0.759948094676961 0.958095159200572 0.714285714285714 0.660714285714286 "Uqcrc2_noRT" "non-targeting_noRT"
"9256" "Naa10" 113.462517510888 0.0605719580755397 0.305485711617075 0.75999625068975 0.958095159200572 1 1 "Uqcrc2_noRT" "non-targeting_noRT"
"9257" "Atrnl1" 1.66313189503409 0.483281378768313 0.30530445271319 0.760134284959441 NA 0.0952380952380952 0.142857142857143 "Uqcrc2_noRT" "non-targeting_noRT"
"9258" "Scfd2" 3.30858126434064 0.305610511399841 0.305131873548102 0.760265716438224 NA 0.238095238095238 0.285714285714286 "Uqcrc2_noRT" "non-targeting_noRT"
"9259" "Acbd3" 44.7580144209434 0.0904604138259711 0.30511787634822 0.760276376618755 0.958095159200572 0.857142857142857 0.928571428571429 "Uqcrc2_noRT" "non-targeting_noRT"
"9260" "Emc2" 52.8327175336723 0.0818639575988701 0.305092196539032 0.760295934320384 0.958095159200572 0.80952380952381 1 "Uqcrc2_noRT" "non-targeting_noRT"
"9261" "Srsf7" 110.613667677153 0.0641656154708263 0.305003374636979 0.760363582120512 0.958095159200572 1 0.982142857142857 "Uqcrc2_noRT" "non-targeting_noRT"
"9262" "Snx11" 2.91634937521927 -0.330711537414271 -0.304819916806732 0.760503311552414 NA 0.19047619047619 0.303571428571429 "Uqcrc2_noRT" "non-targeting_noRT"
"9263" "Csrnp1" 6.56438663699596 0.234946777962838 0.30481596004256 0.760506325281535 NA 0.333333333333333 0.357142857142857 "Uqcrc2_noRT" "non-targeting_noRT"
"9264" "Slc48a1" 3.4004402128451 -0.325318265675504 -0.304228959375186 0.760953463440289 NA 0.19047619047619 0.321428571428571 "Uqcrc2_noRT" "non-targeting_noRT"
"9265" "Btbd1" 16.2084133394749 -0.144496548096775 -0.304112698912 0.761042032425876 0.958302444445357 0.523809523809524 0.785714285714286 "Uqcrc2_noRT" "non-targeting_noRT"
"9266" "Uck1" 7.11810930705521 -0.241875652627199 -0.30410529264703 0.761047674737061 NA 0.333333333333333 0.535714285714286 "Uqcrc2_noRT" "non-targeting_noRT"
"9267" "Fibp" 20.0603547758163 0.136866987923567 0.3041031021229 0.761049343545413 0.958302444445357 0.80952380952381 0.75 "Uqcrc2_noRT" "non-targeting_noRT"
"9268" "Sumf2" 21.1546314113757 0.124708809748156 0.303875366537371 0.761222845551447 0.958302444445357 0.761904761904762 0.767857142857143 "Uqcrc2_noRT" "non-targeting_noRT"
"9269" "Rragb" 2.84060322131252 0.319643513212829 0.303791232717007 0.761286946549938 NA 0.238095238095238 0.232142857142857 "Uqcrc2_noRT" "non-targeting_noRT"
"9270" "Farsa" 36.1047815520249 0.102330830996468 0.303520834711938 0.76149297208498 0.958350948445148 0.904761904761905 0.928571428571429 "Uqcrc2_noRT" "non-targeting_noRT"
"9271" "Pcdh10" 2.19718735681109 -0.38462401370639 -0.303504515491892 0.761505406800908 NA 0.142857142857143 0.214285714285714 "Uqcrc2_noRT" "non-targeting_noRT"
"9272" "Zfp931" 2.94337086753916 -0.347686088017323 -0.303415637947674 0.761573129685526 NA 0.19047619047619 0.25 "Uqcrc2_noRT" "non-targeting_noRT"
"9273" "Scrn2" 4.12087310171682 0.267300844704093 0.303385348802846 0.76159620981634 NA 0.285714285714286 0.285714285714286 "Uqcrc2_noRT" "non-targeting_noRT"
"9274" "Xiap" 11.6028551965923 0.170845454368494 0.303062759726768 0.761842033742628 NA 0.428571428571429 0.607142857142857 "Uqcrc2_noRT" "non-targeting_noRT"
"9275" "Klhl5" 6.61943542813125 0.219424736273124 0.302913534337774 0.761955756732585 NA 0.523809523809524 0.357142857142857 "Uqcrc2_noRT" "non-targeting_noRT"
"9276" "Tmem251" 20.0845974065535 0.12486145315425 0.302814975235092 0.762030870334822 0.958736315428852 0.714285714285714 0.785714285714286 "Uqcrc2_noRT" "non-targeting_noRT"
"9277" "Zbtb43" 5.63310183103397 -0.241159983947833 -0.302590988095455 0.762201583155893 NA 0.238095238095238 0.482142857142857 "Uqcrc2_noRT" "non-targeting_noRT"
"9278" "Rprd1b" 11.5382206047105 -0.173005927958269 -0.302455188991284 0.762305088697724 NA 0.714285714285714 0.571428571428571 "Uqcrc2_noRT" "non-targeting_noRT"
"9279" "Camsap2" 11.1619856791447 -0.180100428739616 -0.30210112316752 0.76257497626087 NA 0.476190476190476 0.660714285714286 "Uqcrc2_noRT" "non-targeting_noRT"
"9280" "Cdk5rap1" 2.29693888205946 0.359191037650464 0.302015652975229 0.762640130456377 NA 0.142857142857143 0.178571428571429 "Uqcrc2_noRT" "non-targeting_noRT"
"9281" "9530082P21Rik" 2.2961992541273 -0.382538298553198 -0.301973344327023 0.762672383093887 NA 0.142857142857143 0.196428571428571 "Uqcrc2_noRT" "non-targeting_noRT"
"9282" "Ctsl" 226.622949768912 0.0720984246887416 0.301847495269089 0.762768322512091 0.959199081618312 1 0.982142857142857 "Uqcrc2_noRT" "non-targeting_noRT"
"9283" "Tmem201" 3.45550192720829 -0.30773752329951 -0.301787190024028 0.762814296735363 NA 0.19047619047619 0.321428571428571 "Uqcrc2_noRT" "non-targeting_noRT"
"9284" "Alkbh2" 21.5141275877931 -0.134417509301963 -0.301724230693263 0.762862295216497 0.959199081618312 0.619047619047619 0.875 "Uqcrc2_noRT" "non-targeting_noRT"
"9285" "Tmod1" 0.859339761169718 -0.584202031065965 -0.301635243742165 0.762930138002455 NA 0.0476190476190476 0.107142857142857 "Uqcrc2_noRT" "non-targeting_noRT"
"9286" "4932422M17Rik" 0.859339761169718 -0.584202031065965 -0.301635243742165 0.762930138002455 NA 0.0476190476190476 0.107142857142857 "Uqcrc2_noRT" "non-targeting_noRT"
"9287" "Supt7l" 3.51208825763984 -0.294135416006915 -0.301452895669761 0.763069164087741 NA 0.238095238095238 0.321428571428571 "Uqcrc2_noRT" "non-targeting_noRT"
"9288" "Cc2d1a" 3.43530340060688 -0.307576595678134 -0.301404006527038 0.763106439519114 NA 0.19047619047619 0.285714285714286 "Uqcrc2_noRT" "non-targeting_noRT"
"9289" "Hspd1" 567.59694420568 -0.0417357942194029 -0.301175948322944 0.763280329307357 0.959433172136647 1 1 "Uqcrc2_noRT" "non-targeting_noRT"
"9290" "Dennd6a" 2.84494071018959 -0.350668990654942 -0.300861195275237 0.763520341784273 NA 0.19047619047619 0.25 "Uqcrc2_noRT" "non-targeting_noRT"
"9291" "Maco1" 7.02769343054465 -0.233869946409601 -0.300831578962007 0.763542926642802 NA 0.285714285714286 0.571428571428571 "Uqcrc2_noRT" "non-targeting_noRT"
"9292" "Kdm8" 0.846623782606578 -0.584266189426615 -0.300686120325436 0.763653853658098 NA 0.0476190476190476 0.107142857142857 "Uqcrc2_noRT" "non-targeting_noRT"
"9293" "Car7" 0.846623782606578 -0.584266189426615 -0.300686120325436 0.763653853658098 NA 0.0476190476190476 0.0892857142857143 "Uqcrc2_noRT" "non-targeting_noRT"
"9294" "Dmrt2" 0.846623782606578 -0.584266189426615 -0.300686120325436 0.763653853658098 NA 0.0476190476190476 0.0892857142857143 "Uqcrc2_noRT" "non-targeting_noRT"
"9295" "Gm29170" 0.330185758092846 -0.914324995481599 -0.300553869125763 0.763754712869514 NA 0 0.0714285714285714 "Uqcrc2_noRT" "non-targeting_noRT"
"9296" "Frrs1l" 0.330185758092846 -0.914324995481599 -0.300553869125763 0.763754712869514 NA 0 0.0535714285714286 "Uqcrc2_noRT" "non-targeting_noRT"
"9297" "Hectd3" 0.330185758092846 -0.914324995481599 -0.300553869125763 0.763754712869514 NA 0 0.0714285714285714 "Uqcrc2_noRT" "non-targeting_noRT"
"9298" "Rab42" 0.330185758092846 -0.914324995481599 -0.300553869125763 0.763754712869514 NA 0 0.0714285714285714 "Uqcrc2_noRT" "non-targeting_noRT"
"9299" "Runx3" 0.330185758092846 -0.914324995481599 -0.300553869125763 0.763754712869514 NA 0 0.0535714285714286 "Uqcrc2_noRT" "non-targeting_noRT"
"9300" "Rex2" 0.330185758092846 -0.914324995481599 -0.300553869125763 0.763754712869514 NA 0 0.0535714285714286 "Uqcrc2_noRT" "non-targeting_noRT"
"9301" "Gm7467" 0.330185758092846 -0.914324995481599 -0.300553869125763 0.763754712869514 NA 0 0.0714285714285714 "Uqcrc2_noRT" "non-targeting_noRT"
"9302" "Gm43625" 0.330185758092846 -0.914324995481599 -0.300553869125763 0.763754712869514 NA 0 0.0714285714285714 "Uqcrc2_noRT" "non-targeting_noRT"
"9303" "Ppm1n" 0.330185758092846 -0.914324995481599 -0.300553869125763 0.763754712869514 NA 0 0.0714285714285714 "Uqcrc2_noRT" "non-targeting_noRT"
"9304" "Gm10638" 0.330185758092846 -0.914324995481599 -0.300553869125763 0.763754712869514 NA 0 0.0535714285714286 "Uqcrc2_noRT" "non-targeting_noRT"
"9305" "March10" 0.330185758092846 -0.914324995481599 -0.300553869125763 0.763754712869514 NA 0 0.0535714285714286 "Uqcrc2_noRT" "non-targeting_noRT"
"9306" "Rsl1" 0.330185758092846 -0.914324995481599 -0.300553869125763 0.763754712869514 NA 0 0.0535714285714286 "Uqcrc2_noRT" "non-targeting_noRT"
"9307" "Plcxd3" 0.330185758092846 -0.914324995481599 -0.300553869125763 0.763754712869514 NA 0 0.0535714285714286 "Uqcrc2_noRT" "non-targeting_noRT"
"9308" "Cxadr" 0.330185758092846 -0.914324995481599 -0.300553869125763 0.763754712869514 NA 0 0.0535714285714286 "Uqcrc2_noRT" "non-targeting_noRT"
"9309" "Cenpi" 2.91205882079613 -0.340359693907101 -0.300444263624534 0.763838304748112 NA 0.19047619047619 0.25 "Uqcrc2_noRT" "non-targeting_noRT"
"9310" "C1galt1c1" 13.0010213041668 0.157113275907622 0.300409474962495 0.763864837291333 0.959449214827614 0.523809523809524 0.678571428571429 "Uqcrc2_noRT" "non-targeting_noRT"
"9311" "Ppp2r5d" 7.62483857339205 0.206099923085775 0.300303762375174 0.763945463645341 NA 0.476190476190476 0.428571428571429 "Uqcrc2_noRT" "non-targeting_noRT"
"9312" "Ruvbl1" 53.8856070909455 0.0825666073557786 0.30023005405079 0.764001682055235 0.959449214827614 0.904761904761905 0.946428571428571 "Uqcrc2_noRT" "non-targeting_noRT"
"9313" "Tmem198b" 3.39495502544687 0.307911310514995 0.300071764682318 0.764122415860568 NA 0.285714285714286 0.25 "Uqcrc2_noRT" "non-targeting_noRT"
"9314" "Nqo1" 1.03737142587005 0.563308396868458 0.299964801686198 0.76420400417986 NA 0.0952380952380952 0.0892857142857143 "Uqcrc2_noRT" "non-targeting_noRT"
"9315" "Gtf2h1" 23.0543898418208 0.122089445106638 0.299888248275388 0.764262398543063 0.959449214827614 0.666666666666667 0.785714285714286 "Uqcrc2_noRT" "non-targeting_noRT"
"9316" "Hhla1" 4.07775840433526 -0.285606344601968 -0.299733776912564 0.764380232212624 NA 0.238095238095238 0.303571428571429 "Uqcrc2_noRT" "non-targeting_noRT"
"9317" "Nfe2l1" 31.7947895217201 -0.103608472153872 -0.299464097202705 0.764585962058044 0.959449214827614 0.904761904761905 0.875 "Uqcrc2_noRT" "non-targeting_noRT"
"9318" "Aimp2" 32.8031511335366 -0.101280757633548 -0.299332673592993 0.76468622686125 0.959449214827614 0.857142857142857 0.946428571428571 "Uqcrc2_noRT" "non-targeting_noRT"
"9319" "Asxl2" 11.8527716951511 -0.165826678852504 -0.299315336807563 0.764699453617766 NA 0.619047619047619 0.714285714285714 "Uqcrc2_noRT" "non-targeting_noRT"
"9320" "Helz2" 3.51630096970983 -0.296565980613955 -0.299285966907446 0.764721860957045 NA 0.238095238095238 0.321428571428571 "Uqcrc2_noRT" "non-targeting_noRT"
"9321" "Xpot" 23.1069279692672 0.118138941380683 0.298811355499597 0.765083986142567 0.959449214827614 0.857142857142857 0.785714285714286 "Uqcrc2_noRT" "non-targeting_noRT"
"9322" "Sdhd" 58.6148846178503 -0.0840400334891996 -0.298787404376904 0.765102262043661 0.959449214827614 0.904761904761905 1 "Uqcrc2_noRT" "non-targeting_noRT"
"9323" "Zfp148" 9.37863502909809 -0.187552087305698 -0.298742561369847 0.765136479846096 NA 0.428571428571429 0.517857142857143 "Uqcrc2_noRT" "non-targeting_noRT"
"9324" "Kdm6a" 3.4506296328185 -0.318901647332428 -0.298684352639268 0.765180897150661 NA 0.142857142857143 0.321428571428571 "Uqcrc2_noRT" "non-targeting_noRT"
"9325" "Zfp760" 2.38483725923405 0.364695495408117 0.298558612448463 0.765276848285736 NA 0.142857142857143 0.160714285714286 "Uqcrc2_noRT" "non-targeting_noRT"
"9326" "Ppp1r37" 5.78491853920328 0.223375732540284 0.298544806843383 0.765287383430208 NA 0.428571428571429 0.410714285714286 "Uqcrc2_noRT" "non-targeting_noRT"
"9327" "Mfn1" 5.00932073783864 -0.251955450681894 -0.298539252942784 0.765291621659096 NA 0.285714285714286 0.410714285714286 "Uqcrc2_noRT" "non-targeting_noRT"
"9328" "Lrrn4cl" 0.84451742657158 -0.579879294629671 -0.298364074847407 0.765425305162676 NA 0.0476190476190476 0.0714285714285714 "Uqcrc2_noRT" "non-targeting_noRT"
"9329" "Zmat2" 41.8956027047785 -0.0904736088401493 -0.298332770387005 0.765449195243606 0.959449214827614 0.904761904761905 0.946428571428571 "Uqcrc2_noRT" "non-targeting_noRT"
"9330" "Aig1" 399.851714989822 -0.0418833759349227 -0.298322644453896 0.765456922923732 0.959449214827614 0.952380952380952 1 "Uqcrc2_noRT" "non-targeting_noRT"
"9331" "Btd" 4.15127342539994 -0.271205966917434 -0.298157392176892 0.765583039709625 NA 0.285714285714286 0.321428571428571 "Uqcrc2_noRT" "non-targeting_noRT"
"9332" "Mettl6" 8.33011914457236 0.190469453130605 0.298152731206029 0.765586596946885 NA 0.333333333333333 0.571428571428571 "Uqcrc2_noRT" "non-targeting_noRT"
"9333" "Mcl1" 42.1357058421199 -0.0914853481147345 -0.298119810031926 0.765611722416816 0.959449214827614 0.857142857142857 0.910714285714286 "Uqcrc2_noRT" "non-targeting_noRT"
"9334" "Zfp963" 0.861446117204716 -0.589036102247462 -0.298114729137971 0.765615600181657 NA 0.0476190476190476 0.107142857142857 "Uqcrc2_noRT" "non-targeting_noRT"
"9335" "Ralb" 11.4604619330618 0.164926765338998 0.297879284673214 0.765795299069425 NA 0.571428571428571 0.714285714285714 "Uqcrc2_noRT" "non-targeting_noRT"
"9336" "Terf2" 6.05878613415939 -0.239361483263864 -0.29773159433046 0.765908027584868 NA 0.333333333333333 0.428571428571429 "Uqcrc2_noRT" "non-targeting_noRT"
"9337" "Eif2d" 15.8842783128532 -0.143368452188114 -0.297674212206667 0.765951827328341 0.959584820310225 0.619047619047619 0.714285714285714 "Uqcrc2_noRT" "non-targeting_noRT"
"9338" "Ankrd9" 5.88865996943088 0.232818321612294 0.297620490159955 0.765992834015095 NA 0.285714285714286 0.428571428571429 "Uqcrc2_noRT" "non-targeting_noRT"
"9339" "Ttc39b" 7.08799719985748 0.203279263902731 0.297542216164879 0.766052582673973 NA 0.428571428571429 0.392857142857143 "Uqcrc2_noRT" "non-targeting_noRT"
"9340" "Slc10a3" 3.52691059223798 -0.291542970335515 -0.297403847830226 0.76615820637265 NA 0.19047619047619 0.321428571428571 "Uqcrc2_noRT" "non-targeting_noRT"
"9341" "Cfap97" 7.82402100104208 0.19874638405802 0.297339842715377 0.76620706625411 NA 0.428571428571429 0.446428571428571 "Uqcrc2_noRT" "non-targeting_noRT"
"9342" "Vps53" 9.78746363702785 -0.1899951118376 -0.297327573054909 0.766216432707963 NA 0.428571428571429 0.517857142857143 "Uqcrc2_noRT" "non-targeting_noRT"
"9343" "Capn10" 4.5989439464317 0.250685672033275 0.29721302751348 0.766303876509318 NA 0.333333333333333 0.375 "Uqcrc2_noRT" "non-targeting_noRT"
"9344" "Irf2bp1" 5.67021413630915 -0.23989504592809 -0.297175109621189 0.766332823596483 NA 0.285714285714286 0.482142857142857 "Uqcrc2_noRT" "non-targeting_noRT"
"9345" "Sag" 0.79846287631502 -0.584514037236081 -0.296937605892318 0.766514144920697 NA 0.0476190476190476 0.107142857142857 "Uqcrc2_noRT" "non-targeting_noRT"
"9346" "Myo19" 0.79846287631502 -0.584514037236081 -0.296937605892318 0.766514144920697 NA 0.0476190476190476 0.0892857142857143 "Uqcrc2_noRT" "non-targeting_noRT"
"9347" "Wdfy2" 0.79846287631502 -0.584514037236081 -0.296937605892318 0.766514144920697 NA 0.0476190476190476 0.107142857142857 "Uqcrc2_noRT" "non-targeting_noRT"
"9348" "Dnmbp" 2.36732682863427 0.363867569457182 0.296806310330524 0.766614387510438 NA 0.19047619047619 0.196428571428571 "Uqcrc2_noRT" "non-targeting_noRT"
"9349" "Map4" 15.8264817373735 0.144283509958995 0.296741665538772 0.766663744470396 0.9601860092671 0.714285714285714 0.714285714285714 "Uqcrc2_noRT" "non-targeting_noRT"
"9350" "Fam118a" 3.43901221506339 -0.297766027706064 -0.29667299923632 0.766716172931915 NA 0.19047619047619 0.285714285714286 "Uqcrc2_noRT" "non-targeting_noRT"
"9351" "Abcb1b" 4.82277644639859 -0.252068459781364 -0.296615222778608 0.766760287548512 NA 0.285714285714286 0.392857142857143 "Uqcrc2_noRT" "non-targeting_noRT"
"9352" "6230400D17Rik" 1.05909456853982 0.554895804309664 0.296526855367695 0.766827761033335 NA 0.0952380952380952 0.0892857142857143 "Uqcrc2_noRT" "non-targeting_noRT"
"9353" "Dmd" 2.27766810507266 -0.398820837888077 -0.296371166212852 0.766946642754694 NA 0.142857142857143 0.178571428571429 "Uqcrc2_noRT" "non-targeting_noRT"
"9354" "Acox3" 1.41171218933536 -0.473582821101678 -0.295900743973075 0.767305882888366 NA 0.0476190476190476 0.160714285714286 "Uqcrc2_noRT" "non-targeting_noRT"
"9355" "Amz2" 11.3813912533509 0.191029132633135 0.295868556930759 0.767330464501826 NA 0.523809523809524 0.732142857142857 "Uqcrc2_noRT" "non-targeting_noRT"
"9356" "Slc16a1" 4.17222600162351 0.269963540031921 0.295683674200501 0.767471666097298 NA 0.285714285714286 0.267857142857143 "Uqcrc2_noRT" "non-targeting_noRT"
"9357" "Cnnm4" 0.850332597063088 -0.565022084255978 -0.295643510194442 0.767502341815092 NA 0.0476190476190476 0.107142857142857 "Uqcrc2_noRT" "non-targeting_noRT"
"9358" "Usp28" 0.850332597063088 -0.565022084255978 -0.295643510194442 0.767502341815092 NA 0.0476190476190476 0.107142857142857 "Uqcrc2_noRT" "non-targeting_noRT"
"9359" "Prkd1" 0.850332597063088 -0.565022084255978 -0.295643510194442 0.767502341815092 NA 0.0476190476190476 0.107142857142857 "Uqcrc2_noRT" "non-targeting_noRT"
"9360" "Gm50203" 0.850332597063088 -0.565022084255978 -0.295643510194442 0.767502341815092 NA 0.0476190476190476 0.107142857142857 "Uqcrc2_noRT" "non-targeting_noRT"
"9361" "1700123O20Rik" 17.6533718058457 0.130659353183003 0.295615489432982 0.767523743207011 0.960972238847386 0.666666666666667 0.803571428571429 "Uqcrc2_noRT" "non-targeting_noRT"
"9362" "Sfxn4" 4.41241257821956 0.279995614175445 0.29528037443955 0.7677797074195 NA 0.285714285714286 0.339285714285714 "Uqcrc2_noRT" "non-targeting_noRT"
"9363" "Dyrk2" 4.11295157519032 0.26176040044903 0.295212584863944 0.767831488862214 NA 0.285714285714286 0.303571428571429 "Uqcrc2_noRT" "non-targeting_noRT"
"9364" "Ap1b1" 6.27337064764273 -0.220001587336785 -0.295205374683466 0.767836996459474 NA 0.428571428571429 0.517857142857143 "Uqcrc2_noRT" "non-targeting_noRT"
"9365" "Dnase1l1" 5.1752295129205 -0.272133584532729 -0.295194767507788 0.767845098920364 NA 0.285714285714286 0.446428571428571 "Uqcrc2_noRT" "non-targeting_noRT"
"9366" "Naglu" 5.47211266866258 0.243652521394018 0.295171442695736 0.767862916040554 NA 0.333333333333333 0.410714285714286 "Uqcrc2_noRT" "non-targeting_noRT"
"9367" "E2f5" 9.08305672443074 0.188636322009284 0.295105742267582 0.76791310327473 NA 0.380952380952381 0.553571428571429 "Uqcrc2_noRT" "non-targeting_noRT"
"9368" "Eef2" 455.377720817836 0.0415035759562619 0.295002945943877 0.767991629268807 0.961267199611109 1 1 "Uqcrc2_noRT" "non-targeting_noRT"
"9369" "Spink4" 0.837616618499948 -0.565029467561627 -0.294675400600908 0.768241856660576 NA 0.0476190476190476 0.0892857142857143 "Uqcrc2_noRT" "non-targeting_noRT"
"9370" "Zfp946" 0.837616618499948 -0.565029467561627 -0.294675400600908 0.768241856660576 NA 0.0476190476190476 0.107142857142857 "Uqcrc2_noRT" "non-targeting_noRT"
"9371" "Fut8" 2.82423828597469 -0.335779112693149 -0.294589438390209 0.768307531264518 NA 0.19047619047619 0.303571428571429 "Uqcrc2_noRT" "non-targeting_noRT"
"9372" "Kctd3" 7.15846298878544 0.210090652111991 0.2945562134129 0.76833291538991 NA 0.476190476190476 0.446428571428571 "Uqcrc2_noRT" "non-targeting_noRT"
"9373" "Nemf" 32.5346014777666 -0.100036798120677 -0.294398777249256 0.768453201146236 0.96138783757789 0.761904761904762 0.928571428571429 "Uqcrc2_noRT" "non-targeting_noRT"
"9374" "Lclat1" 4.05259151117701 0.265051322649784 0.294356825332552 0.768485254557853 NA 0.333333333333333 0.357142857142857 "Uqcrc2_noRT" "non-targeting_noRT"
"9375" "Slc25a1" 5.31433024252667 0.230155515742717 0.294055401800311 0.76871556920034 NA 0.333333333333333 0.375 "Uqcrc2_noRT" "non-targeting_noRT"
"9376" "Slc25a24" 11.475645403795 0.166015326549756 0.293970911377074 0.768780131133841 NA 0.666666666666667 0.517857142857143 "Uqcrc2_noRT" "non-targeting_noRT"
"9377" "2900009J06Rik" 0.852438953098086 -0.569450496029233 -0.293827098181732 0.768890027251747 NA 0.0476190476190476 0.0714285714285714 "Uqcrc2_noRT" "non-targeting_noRT"
"9378" "Zfp395" 3.30436855227065 0.306256940126392 0.293685330788679 0.768998364597123 NA 0.142857142857143 0.25 "Uqcrc2_noRT" "non-targeting_noRT"
"9379" "Neil1" 2.28843561556632 0.349708111353858 0.293663247870399 0.769015240567423 NA 0.19047619047619 0.178571428571429 "Uqcrc2_noRT" "non-targeting_noRT"
"9380" "Fbxo9" 11.8735092196658 0.181607091487863 0.293378463479788 0.769232885234997 NA 0.476190476190476 0.607142857142857 "Uqcrc2_noRT" "non-targeting_noRT"
"9381" "Ing5" 11.2956697340741 -0.167324247448575 -0.293330596424164 0.769269469114803 NA 0.476190476190476 0.571428571428571 "Uqcrc2_noRT" "non-targeting_noRT"
"9382" "Fbxo22" 14.4731209024334 0.142682391165226 0.293300695611576 0.769292321997576 0.96138783757789 0.761904761904762 0.678571428571429 "Uqcrc2_noRT" "non-targeting_noRT"
"9383" "Yif1b" 37.5039512934505 -0.097272280858745 -0.293154548622685 0.769404023517796 0.96138783757789 0.857142857142857 0.928571428571429 "Uqcrc2_noRT" "non-targeting_noRT"
"9384" "Lrrc56" 0.839722974534946 -0.569471778080716 -0.292870822887609 0.769620891431861 NA 0.0476190476190476 0.0892857142857143 "Uqcrc2_noRT" "non-targeting_noRT"
"9385" "Slx4" 0.839722974534946 -0.569471778080716 -0.292870822887609 0.769620891431861 NA 0.0476190476190476 0.107142857142857 "Uqcrc2_noRT" "non-targeting_noRT"
"9386" "Gmeb2" 2.31495321027272 0.340998234249383 0.292838565020849 0.76964554911782 NA 0.19047619047619 0.196428571428571 "Uqcrc2_noRT" "non-targeting_noRT"
"9387" "Glcci1" 2.31495321027272 0.340998234249383 0.292838565020849 0.76964554911782 NA 0.19047619047619 0.214285714285714 "Uqcrc2_noRT" "non-targeting_noRT"
"9388" "Ggnbp2" 39.7621637729296 -0.0911839971382748 -0.29281585936621 0.769662905299847 0.96138783757789 0.857142857142857 0.982142857142857 "Uqcrc2_noRT" "non-targeting_noRT"
"9389" "Decr2" 2.7744279868077 0.314521483846042 0.292687477524768 0.769761042434774 NA 0.19047619047619 0.214285714285714 "Uqcrc2_noRT" "non-targeting_noRT"
"9390" "Wrap53" 2.81254302586642 -0.327513787960756 -0.292610251141059 0.76982007729524 NA 0.19047619047619 0.267857142857143 "Uqcrc2_noRT" "non-targeting_noRT"
"9391" "Snx8" 4.11716428726031 0.259597125637814 0.292586751497332 0.769838041604422 NA 0.238095238095238 0.321428571428571 "Uqcrc2_noRT" "non-targeting_noRT"
"9392" "Sdcbp" 45.0359793420239 -0.0853081075714069 -0.292480916446826 0.769918948768891 0.96138783757789 0.761904761904762 0.928571428571429 "Uqcrc2_noRT" "non-targeting_noRT"
"9393" "Mras" 29.7059332699425 -0.103618525759145 -0.292380563587952 0.769995667304428 0.96138783757789 0.80952380952381 0.839285714285714 "Uqcrc2_noRT" "non-targeting_noRT"
"9394" "Erfe" 1.44084003769025 -0.533119603986288 -0.292324731923958 0.770038350904596 NA 0.0952380952380952 0.160714285714286 "Uqcrc2_noRT" "non-targeting_noRT"
"9395" "Fance" 5.92627617231954 0.225076409288236 0.292176416227311 0.7701517424162 NA 0.428571428571429 0.392857142857143 "Uqcrc2_noRT" "non-targeting_noRT"
"9396" "Sgce" 12.1694166022656 0.175696599939111 0.292132121108569 0.770185608230353 NA 0.523809523809524 0.660714285714286 "Uqcrc2_noRT" "non-targeting_noRT"
"9397" "Tbce" 7.60622095755949 -0.200793594361136 -0.292043978640374 0.770252998820409 NA 0.428571428571429 0.535714285714286 "Uqcrc2_noRT" "non-targeting_noRT"
"9398" "Ccne1" 10.8656710188012 -0.206862203577809 -0.292038617568139 0.770257097761157 NA 0.428571428571429 0.392857142857143 "Uqcrc2_noRT" "non-targeting_noRT"
"9399" "Glt1d1" 1.58787165406949 0.457940552597432 0.291904212817883 0.770359862343576 NA 0.0952380952380952 0.125 "Uqcrc2_noRT" "non-targeting_noRT"
"9400" "Lrig2" 2.26125623528091 -0.370248110784482 -0.291753781278279 0.770474885636967 NA 0.142857142857143 0.196428571428571 "Uqcrc2_noRT" "non-targeting_noRT"
"9401" "Gm5914" 1.40960583330036 -0.472755334799718 -0.291692140614905 0.770522018914301 NA 0.0952380952380952 0.160714285714286 "Uqcrc2_noRT" "non-targeting_noRT"
"9402" "Nudt6" 5.58654338316392 -0.24457572490338 -0.291625920593185 0.770572654723225 NA 0.333333333333333 0.482142857142857 "Uqcrc2_noRT" "non-targeting_noRT"
"9403" "Fads6" 2.28211654746132 0.356882168206526 0.29161737670336 0.770579187966163 NA 0.19047619047619 0.160714285714286 "Uqcrc2_noRT" "non-targeting_noRT"
"9404" "Ppp4r3b" 29.2249832990774 -0.10487634294537 -0.291596392790606 0.770595233771161 0.96138783757789 0.761904761904762 0.946428571428571 "Uqcrc2_noRT" "non-targeting_noRT"
"9405" "Scpep1" 26.5244096766742 -0.108027295426231 -0.291556579961306 0.770625677786314 0.96138783757789 0.714285714285714 0.928571428571429 "Uqcrc2_noRT" "non-targeting_noRT"
"9406" "Ppil4" 9.50645967302046 0.194350769119256 0.291191289217209 0.770905024260143 NA 0.476190476190476 0.571428571428571 "Uqcrc2_noRT" "non-targeting_noRT"
"9407" "Galnt3" 0.855127049099722 -0.575668037091151 -0.291158301540998 0.770930252179953 NA 0.0476190476190476 0.0892857142857143 "Uqcrc2_noRT" "non-targeting_noRT"
"9408" "Ubxn10" 0.78945571220839 -0.565058020150968 -0.290850081845283 0.771165980451617 NA 0.0476190476190476 0.0892857142857143 "Uqcrc2_noRT" "non-targeting_noRT"
"9409" "Tbc1d4" 0.78945571220839 -0.565058020150968 -0.290850081845283 0.771165980451617 NA 0.0476190476190476 0.107142857142857 "Uqcrc2_noRT" "non-targeting_noRT"
"9410" "Tenm4" 13.7589036690092 -0.156030069189803 -0.290789501466669 0.771212315174163 0.96138783757789 0.428571428571429 0.535714285714286 "Uqcrc2_noRT" "non-targeting_noRT"
"9411" "Pcyt1b" 20.1461968041218 0.133640941198001 0.290741223823778 0.771249240770292 0.96138783757789 0.619047619047619 0.803571428571429 "Uqcrc2_noRT" "non-targeting_noRT"
"9412" "Fam168b" 15.4617259311334 -0.138182001802289 -0.290710276977731 0.771272911020768 0.96138783757789 0.476190476190476 0.785714285714286 "Uqcrc2_noRT" "non-targeting_noRT"
"9413" "Ric8a" 12.6868515943223 -0.15876945535941 -0.290691925343258 0.771286947698262 0.96138783757789 0.523809523809524 0.678571428571429 "Uqcrc2_noRT" "non-targeting_noRT"
"9414" "Psmg2" 45.3022118527351 -0.0854498712252071 -0.29046384534138 0.771461406277375 0.96138783757789 0.857142857142857 0.982142857142857 "Uqcrc2_noRT" "non-targeting_noRT"
"9415" "Lrig3" 2.73786452486846 -0.348650087781403 -0.290324657770338 0.771567876643211 NA 0.142857142857143 0.267857142857143 "Uqcrc2_noRT" "non-targeting_noRT"
"9416" "Ap1g1" 9.97653275413024 -0.201749733650567 -0.29031391211795 0.771576096618867 NA 0.380952380952381 0.625 "Uqcrc2_noRT" "non-targeting_noRT"
"9417" "Chd6" 14.6751541915811 -0.148487462307056 -0.290311945692456 0.771577600855086 0.96138783757789 0.666666666666667 0.678571428571429 "Uqcrc2_noRT" "non-targeting_noRT"
"9418" "4930503E14Rik" 0.842411070536582 -0.575702132499492 -0.290223214431309 0.771645477585842 NA 0.0476190476190476 0.0892857142857143 "Uqcrc2_noRT" "non-targeting_noRT"
"9419" "Sgk2" 0.325391306056213 -0.895621205345571 -0.290191516069074 0.771669726297899 NA 0 0.0535714285714286 "Uqcrc2_noRT" "non-targeting_noRT"
"9420" "Rragd" 0.325391306056213 -0.895621205345571 -0.290191516069074 0.771669726297899 NA 0 0.0714285714285714 "Uqcrc2_noRT" "non-targeting_noRT"
"9421" "Asphd2" 0.325391306056213 -0.895621205345571 -0.290191516069074 0.771669726297899 NA 0 0.0535714285714286 "Uqcrc2_noRT" "non-targeting_noRT"
"9422" "Sap25" 0.325391306056213 -0.895621205345571 -0.290191516069074 0.771669726297899 NA 0 0.0535714285714286 "Uqcrc2_noRT" "non-targeting_noRT"
"9423" "Snhg14" 0.325391306056213 -0.895621205345571 -0.290191516069074 0.771669726297899 NA 0 0.0535714285714286 "Uqcrc2_noRT" "non-targeting_noRT"
"9424" "Gm48646" 0.325391306056213 -0.895621205345571 -0.290191516069074 0.771669726297899 NA 0 0.0357142857142857 "Uqcrc2_noRT" "non-targeting_noRT"
"9425" "Kctd11" 0.325391306056213 -0.895621205345571 -0.290191516069074 0.771669726297899 NA 0 0.0535714285714286 "Uqcrc2_noRT" "non-targeting_noRT"
"9426" "Capn6" 0.325391306056213 -0.895621205345571 -0.290191516069074 0.771669726297899 NA 0 0.0714285714285714 "Uqcrc2_noRT" "non-targeting_noRT"
"9427" "Pla2g5" 5.30582697603352 0.226081435464108 0.290123176361744 0.771722005779271 NA 0.380952380952381 0.321428571428571 "Uqcrc2_noRT" "non-targeting_noRT"
"9428" "Mrps18b" 66.3206760597654 -0.0859769546270683 -0.290112453243005 0.771730208997257 0.96138783757789 0.904761904761905 0.964285714285714 "Uqcrc2_noRT" "non-targeting_noRT"
"9429" "Dip2c" 9.67915146701521 -0.189408805868646 -0.289890350127134 0.771900124283889 NA 0.333333333333333 0.553571428571429 "Uqcrc2_noRT" "non-targeting_noRT"
"9430" "Mks1" 2.78132879487933 0.309386200827121 0.289858223461749 0.771924703014973 NA 0.19047619047619 0.25 "Uqcrc2_noRT" "non-targeting_noRT"
"9431" "Ndufb5" 159.256090069767 0.0504791124456939 0.289775898799285 0.771987687121099 0.96138783757789 0.952380952380952 1 "Uqcrc2_noRT" "non-targeting_noRT"
"9432" "Dock9" 18.3444266943539 0.125591164450329 0.289710598804567 0.772037647238117 0.96138783757789 0.714285714285714 0.714285714285714 "Uqcrc2_noRT" "non-targeting_noRT"
"9433" "Flvcr1" 2.31705956630772 0.339246446206459 0.289693053753977 0.772051070873203 NA 0.19047619047619 0.196428571428571 "Uqcrc2_noRT" "non-targeting_noRT"
"9434" "Nlgn3" 2.86080174791393 0.317495088004122 0.289661964583253 0.772074857218 NA 0.19047619047619 0.25 "Uqcrc2_noRT" "non-targeting_noRT"
"9435" "Gm4890" 4.05226152808373 -0.272503894904359 -0.289598057738537 0.772123753059268 NA 0.238095238095238 0.357142857142857 "Uqcrc2_noRT" "non-targeting_noRT"
"9436" "Mad2l1bp" 10.2259279687988 -0.169584970881713 -0.289590423625181 0.772129594065245 NA 0.523809523809524 0.642857142857143 "Uqcrc2_noRT" "non-targeting_noRT"
"9437" "Slc25a40" 2.27134903696766 -0.392887182667764 -0.289438201544849 0.772246064782484 NA 0.0952380952380952 0.196428571428571 "Uqcrc2_noRT" "non-targeting_noRT"
"9438" "Nat2" 2.39173806730568 0.358988639228503 0.289191533980463 0.772434810110502 NA 0.19047619047619 0.196428571428571 "Uqcrc2_noRT" "non-targeting_noRT"
"9439" "Fbxo47" 0.84822624102809 -0.560649258469202 -0.289163223805263 0.772456473379573 NA 0.0476190476190476 0.0892857142857143 "Uqcrc2_noRT" "non-targeting_noRT"
"9440" "Kcnk2" 2.14483371185233 0.381090232642349 0.289130205474568 0.77248173960698 NA 0.142857142857143 0.142857142857143 "Uqcrc2_noRT" "non-targeting_noRT"
"9441" "Ift20" 84.0692748013283 0.0671225025851607 0.289107382103324 0.772499204606912 0.961673197552167 1 0.982142857142857 "Uqcrc2_noRT" "non-targeting_noRT"
"9442" "Lyrm1" 0.791562068243388 -0.569554069764767 -0.289095982639412 0.772507927797682 NA 0.0476190476190476 0.0892857142857143 "Uqcrc2_noRT" "non-targeting_noRT"
"9443" "Klhl18" 0.791562068243388 -0.569554069764767 -0.289095982639412 0.772507927797682 NA 0.0476190476190476 0.107142857142857 "Uqcrc2_noRT" "non-targeting_noRT"
"9444" "Msh5" 0.791562068243388 -0.569554069764767 -0.289095982639412 0.772507927797682 NA 0.0476190476190476 0.107142857142857 "Uqcrc2_noRT" "non-targeting_noRT"
"9445" "Esrra" 5.4466807115363 0.238156654734762 0.288608827327684 0.772880739610798 NA 0.333333333333333 0.392857142857143 "Uqcrc2_noRT" "non-targeting_noRT"
"9446" "AC149090.1" 35.0752020097013 -0.0983836238567638 -0.288591254992375 0.772894188405159 0.961774886087133 0.904761904761905 0.928571428571429 "Uqcrc2_noRT" "non-targeting_noRT"
"9447" "Mrpl50" 40.3468582157096 0.0897510087853803 0.288393242566714 0.77304573975974 0.961774886087133 0.904761904761905 0.946428571428571 "Uqcrc2_noRT" "non-targeting_noRT"
"9448" "Patj" 0.83551026246495 -0.56064187262818 -0.288201213571979 0.773192719884947 NA 0.0476190476190476 0.107142857142857 "Uqcrc2_noRT" "non-targeting_noRT"
"9449" "Prkaa2" 0.83551026246495 -0.56064187262818 -0.288201213571979 0.773192719884947 NA 0.0476190476190476 0.107142857142857 "Uqcrc2_noRT" "non-targeting_noRT"
"9450" "Ap1m1" 16.407320058976 -0.135445628974506 -0.288057428609083 0.773302779069663 0.961805500387817 0.714285714285714 0.803571428571429 "Uqcrc2_noRT" "non-targeting_noRT"
"9451" "Dipk1b" 2.87181745229961 -0.314430674710757 -0.287767481331653 0.773524731028711 NA 0.19047619047619 0.303571428571429 "Uqcrc2_noRT" "non-targeting_noRT"
"9452" "Sgsm3" 2.87181745229961 -0.314430674710757 -0.287767481331653 0.773524731028711 NA 0.19047619047619 0.25 "Uqcrc2_noRT" "non-targeting_noRT"
"9453" "Ralgds" 5.06531953103832 0.239481427644932 0.28773445414564 0.773550014209368 NA 0.333333333333333 0.321428571428571 "Uqcrc2_noRT" "non-targeting_noRT"
"9454" "Homer1" 3.57510240642877 0.289558907938053 0.287682147720472 0.773590056646888 NA 0.142857142857143 0.267857142857143 "Uqcrc2_noRT" "non-targeting_noRT"
"9455" "Ovgp1" 0.86624056924135 -0.601087134526318 -0.287436832912749 0.773777861936022 NA 0.0476190476190476 0.107142857142857 "Uqcrc2_noRT" "non-targeting_noRT"
"9456" "Nudt16l1" 3.51158436002635 -0.283384575837678 -0.287270756242771 0.773905012521151 NA 0.238095238095238 0.321428571428571 "Uqcrc2_noRT" "non-targeting_noRT"
"9457" "Dio1" 0.352412798376102 -0.998962020880977 -0.287144541613379 0.774001648236366 NA 0 0.0178571428571429 "Uqcrc2_noRT" "non-targeting_noRT"
"9458" "Syt17" 0.352412798376102 -0.998962020880977 -0.287144541613379 0.774001648236366 NA 0 0.0535714285714286 "Uqcrc2_noRT" "non-targeting_noRT"
"9459" "4921523L03Rik" 0.352412798376102 -0.998962020880977 -0.287144541613379 0.774001648236366 NA 0 0.0357142857142857 "Uqcrc2_noRT" "non-targeting_noRT"
"9460" "Gpat2" 1.40270502522873 -0.462945953208959 -0.287030953938334 0.774088619169896 NA 0.0952380952380952 0.160714285714286 "Uqcrc2_noRT" "non-targeting_noRT"
"9461" "Plekhm1" 1.40270502522873 -0.462945953208959 -0.287030953938334 0.774088619169896 NA 0.0952380952380952 0.160714285714286 "Uqcrc2_noRT" "non-targeting_noRT"
"9462" "Platr3" 0.323284950021215 -0.887520380315159 -0.286978739685704 0.774128599126864 NA 0 0.0535714285714286 "Uqcrc2_noRT" "non-targeting_noRT"
"9463" "Gm43328" 0.323284950021215 -0.887520380315159 -0.286978739685704 0.774128599126864 NA 0 0.0714285714285714 "Uqcrc2_noRT" "non-targeting_noRT"
"9464" "Zan" 0.323284950021215 -0.887520380315159 -0.286978739685704 0.774128599126864 NA 0 0.0714285714285714 "Uqcrc2_noRT" "non-targeting_noRT"
"9465" "4933406J09Rik" 0.323284950021215 -0.887520380315159 -0.286978739685704 0.774128599126864 NA 0 0.0535714285714286 "Uqcrc2_noRT" "non-targeting_noRT"
"9466" "Gvin1" 0.323284950021215 -0.887520380315159 -0.286978739685704 0.774128599126864 NA 0 0.0714285714285714 "Uqcrc2_noRT" "non-targeting_noRT"
"9467" "Qprt" 0.323284950021215 -0.887520380315159 -0.286978739685704 0.774128599126864 NA 0 0.0535714285714286 "Uqcrc2_noRT" "non-targeting_noRT"
"9468" "Col7a1" 0.323284950021215 -0.887520380315159 -0.286978739685704 0.774128599126864 NA 0 0.0357142857142857 "Uqcrc2_noRT" "non-targeting_noRT"
"9469" "Gm2415" 0.323284950021215 -0.887520380315159 -0.286978739685704 0.774128599126864 NA 0 0.0535714285714286 "Uqcrc2_noRT" "non-targeting_noRT"
"9470" "Cyb561" 0.323284950021215 -0.887520380315159 -0.286978739685704 0.774128599126864 NA 0 0.0714285714285714 "Uqcrc2_noRT" "non-targeting_noRT"
"9471" "Ptprg" 0.323284950021215 -0.887520380315159 -0.286978739685704 0.774128599126864 NA 0 0.0714285714285714 "Uqcrc2_noRT" "non-targeting_noRT"
"9472" "Aars2" 0.323284950021215 -0.887520380315159 -0.286978739685704 0.774128599126864 NA 0 0.0714285714285714 "Uqcrc2_noRT" "non-targeting_noRT"
"9473" "4833418N02Rik" 0.323284950021215 -0.887520380315159 -0.286978739685704 0.774128599126864 NA 0 0.0714285714285714 "Uqcrc2_noRT" "non-targeting_noRT"
"9474" "Nrap" 0.323284950021215 -0.887520380315159 -0.286978739685704 0.774128599126864 NA 0 0.0714285714285714 "Uqcrc2_noRT" "non-targeting_noRT"
"9475" "Dock11" 0.323284950021215 -0.887520380315159 -0.286978739685704 0.774128599126864 NA 0 0.0714285714285714 "Uqcrc2_noRT" "non-targeting_noRT"
"9476" "Rcn1" 46.0047864194401 -0.0890174782618653 -0.286902769805042 0.774186769612324 0.962606129327546 0.80952380952381 0.928571428571429 "Uqcrc2_noRT" "non-targeting_noRT"
"9477" "Snrk" 2.88132851401973 -0.333207879823928 -0.286815508987785 0.774253587184171 NA 0.19047619047619 0.267857142857143 "Uqcrc2_noRT" "non-targeting_noRT"
"9478" "Plbd2" 8.18657731306794 0.184259890361505 0.286700006618925 0.774342032519421 NA 0.333333333333333 0.482142857142857 "Uqcrc2_noRT" "non-targeting_noRT"
"9479" "Prps2" 7.24373334216797 0.195670087859362 0.286643819253886 0.774385058759529 NA 0.476190476190476 0.446428571428571 "Uqcrc2_noRT" "non-targeting_noRT"
"9480" "Gmppa" 6.42069396770092 0.21563415198241 0.286622262822908 0.774401566074108 NA 0.380952380952381 0.428571428571429 "Uqcrc2_noRT" "non-targeting_noRT"
"9481" "Ncbp2" 22.3892652111508 0.119273422361755 0.286608969346093 0.774411745899324 0.962606129327546 0.714285714285714 0.875 "Uqcrc2_noRT" "non-targeting_noRT"
"9482" "Rtn2" 0.794250164245024 -0.57583389896063 -0.286531162292563 0.774471329449679 NA 0.0476190476190476 0.0892857142857143 "Uqcrc2_noRT" "non-targeting_noRT"
"9483" "Rnf34" 3.65028480504022 0.289532210937686 0.286421986135949 0.774554937258824 NA 0.19047619047619 0.267857142857143 "Uqcrc2_noRT" "non-targeting_noRT"
"9484" "Zfp37" 0.85352459067821 -0.601181089052966 -0.286396452625257 0.77457449136426 NA 0.0476190476190476 0.107142857142857 "Uqcrc2_noRT" "non-targeting_noRT"
"9485" "Prcc" 8.94220298892796 0.181280271775431 0.286246318050671 0.77468947050585 NA 0.523809523809524 0.571428571428571 "Uqcrc2_noRT" "non-targeting_noRT"
"9486" "Pole4" 50.5493863798331 0.0792845733505604 0.285837978305498 0.775002218620915 0.963050805001005 0.904761904761905 0.982142857142857 "Uqcrc2_noRT" "non-targeting_noRT"
"9487" "Tmem128" 95.9251051467058 0.0616028749340538 0.285401363169762 0.775336663290205 0.963177157818934 0.904761904761905 1 "Uqcrc2_noRT" "non-targeting_noRT"
"9488" "Dhx33" 2.92216454571078 -0.32001499616984 -0.284984678239042 0.775655880406168 NA 0.142857142857143 0.285714285714286 "Uqcrc2_noRT" "non-targeting_noRT"
"9489" "Lrmp" 2.30434358774458 0.333926527834822 0.284895309418407 0.775724349681263 NA 0.142857142857143 0.178571428571429 "Uqcrc2_noRT" "non-targeting_noRT"
"9490" "Gm49066" 2.26917776180741 -0.359954415178621 -0.284847946897117 0.775760636840942 NA 0.142857142857143 0.25 "Uqcrc2_noRT" "non-targeting_noRT"
"9491" "Snrpe" 338.46818280116 -0.0392222303958367 -0.284706620052939 0.775868918398337 0.963549094937671 0.952380952380952 1 "Uqcrc2_noRT" "non-targeting_noRT"
"9492" "Tmem41b" 11.9739437248939 -0.152361195413148 -0.284578142794369 0.775967358663251 NA 0.714285714285714 0.607142857142857 "Uqcrc2_noRT" "non-targeting_noRT"
"9493" "Smarcc2" 10.7164536749569 0.16008023418565 0.284461085343706 0.776057052117 NA 0.619047619047619 0.642857142857143 "Uqcrc2_noRT" "non-targeting_noRT"
"9494" "Daglb" 4.2015406877265 -0.258194325104072 -0.284410787012944 0.776095593349309 NA 0.285714285714286 0.321428571428571 "Uqcrc2_noRT" "non-targeting_noRT"
"9495" "Gm9803" 0.787349356173392 -0.560613266845445 -0.28440500561317 0.776100023397891 NA 0.0476190476190476 0.107142857142857 "Uqcrc2_noRT" "non-targeting_noRT"
"9496" "Ing4" 9.70153946797595 0.169484310036424 0.284397469263904 0.776105798202939 NA 0.523809523809524 0.589285714285714 "Uqcrc2_noRT" "non-targeting_noRT"
"9497" "AC133103.1" 5.89293760062612 0.216932660934854 0.284086421158145 0.776344152803473 NA 0.428571428571429 0.392857142857143 "Uqcrc2_noRT" "non-targeting_noRT"
"9498" "Pcgf3" 6.28681888262292 0.211049730990323 0.284053478146168 0.776369398101914 NA 0.333333333333333 0.410714285714286 "Uqcrc2_noRT" "non-targeting_noRT"
"9499" "Ppm1b" 5.42651469769882 -0.227220300109071 -0.283779717171736 0.776579199151102 NA 0.380952380952381 0.446428571428571 "Uqcrc2_noRT" "non-targeting_noRT"
"9500" "Ccdc15" 1.46677390369855 -0.437856525916475 -0.283703134638236 0.776637892304173 NA 0.0952380952380952 0.160714285714286 "Uqcrc2_noRT" "non-targeting_noRT"
"9501" "Sec24a" 10.1484559393856 0.165440061018896 0.283699275569995 0.776640849942912 NA 0.428571428571429 0.553571428571429 "Uqcrc2_noRT" "non-targeting_noRT"
"9502" "Zfp651" 0.843431788991456 -0.550194909657372 -0.283639341728548 0.776686784413123 NA 0.0476190476190476 0.107142857142857 "Uqcrc2_noRT" "non-targeting_noRT"
"9503" "Zfp462" 8.90138186919627 0.17761993700713 0.283507023185637 0.776788198701387 NA 0.523809523809524 0.446428571428571 "Uqcrc2_noRT" "non-targeting_noRT"
"9504" "Coq3" 7.75682504808239 0.19129301699548 0.283409227479768 0.776863155734788 NA 0.428571428571429 0.5 "Uqcrc2_noRT" "non-targeting_noRT"
"9505" "Fam161a" 0.986522423576854 0.518126372788859 0.282680274283137 0.77742193861448 NA 0.0952380952380952 0.0892857142857143 "Uqcrc2_noRT" "non-targeting_noRT"
"9506" "Mmd" 0.986522423576854 0.518126372788859 0.282680274283137 0.77742193861448 NA 0.0952380952380952 0.0892857142857143 "Uqcrc2_noRT" "non-targeting_noRT"
"9507" "Gm45902" 0.830715810428316 -0.550156330220336 -0.282672385895757 0.777427986129334 NA 0.0476190476190476 0.107142857142857 "Uqcrc2_noRT" "non-targeting_noRT"
"9508" "Zscan2" 0.830715810428316 -0.550156330220336 -0.282672385895757 0.777427986129334 NA 0.0476190476190476 0.0535714285714286 "Uqcrc2_noRT" "non-targeting_noRT"
"9509" "Pla2g15" 0.830715810428316 -0.550156330220336 -0.282672385895757 0.777427986129334 NA 0.0476190476190476 0.107142857142857 "Uqcrc2_noRT" "non-targeting_noRT"
"9510" "Ecm1" 1.46197945166191 -0.431124784742196 -0.282648221026231 0.777446511851056 NA 0.0952380952380952 0.178571428571429 "Uqcrc2_noRT" "non-targeting_noRT"
"9511" "Myo1e" 8.78441877401442 -0.177161515212158 -0.282519767292007 0.777544991565712 NA 0.285714285714286 0.482142857142857 "Uqcrc2_noRT" "non-targeting_noRT"
"9512" "Rab20" 0.805363684386652 -0.60154230135418 -0.282302159110299 0.777711830149944 NA 0.0476190476190476 0.0892857142857143 "Uqcrc2_noRT" "non-targeting_noRT"
"9513" "Fam221a" 2.58418780413905 0.351869318603529 0.282176047183913 0.777808523923236 NA 0.0952380952380952 0.214285714285714 "Uqcrc2_noRT" "non-targeting_noRT"
"9514" "Alms1" 4.10252879041028 -0.258027057800943 -0.28105551432763 0.778667820818222 NA 0.142857142857143 0.303571428571429 "Uqcrc2_noRT" "non-targeting_noRT"
"9515" "Eaf1" 5.50482417080014 -0.219954887987562 -0.28102735836921 0.778689416113976 NA 0.238095238095238 0.446428571428571 "Uqcrc2_noRT" "non-targeting_noRT"
"9516" "Pax6" 7.47902893490579 -0.190430701723869 -0.280848181783672 0.778826846493994 NA 0.238095238095238 0.5 "Uqcrc2_noRT" "non-targeting_noRT"
"9517" "Rbm8a" 96.8992802815759 -0.0677821828471576 -0.280836974744935 0.778835442643835 0.965921372311314 0.952380952380952 0.982142857142857 "Uqcrc2_noRT" "non-targeting_noRT"
"9518" "Nup98" 19.652102601283 -0.127393131785132 -0.280716334211965 0.778927979425402 0.965921372311314 0.714285714285714 0.928571428571429 "Uqcrc2_noRT" "non-targeting_noRT"
"9519" "Zhx1" 20.8351295551829 0.114864768886405 0.280397115627126 0.779172849727836 0.965921372311314 0.80952380952381 0.785714285714286 "Uqcrc2_noRT" "non-targeting_noRT"
"9520" "Zfp341" 0.828609454393318 -0.545712995670294 -0.280324779665138 0.779228341176 NA 0.0476190476190476 0.107142857142857 "Uqcrc2_noRT" "non-targeting_noRT"
"9521" "Stam2" 7.16273577306501 0.192123565805303 0.280321311175027 0.779231002004433 NA 0.523809523809524 0.428571428571429 "Uqcrc2_noRT" "non-targeting_noRT"
"9522" "Pold3" 20.3781251290022 0.120834066917722 0.280207812491653 0.779318073169292 0.965921372311314 0.619047619047619 0.785714285714286 "Uqcrc2_noRT" "non-targeting_noRT"
"9523" "Nufip1" 16.3492094963429 0.127499073790118 0.280060424347595 0.779431146960722 0.965921372311314 0.714285714285714 0.767857142857143 "Uqcrc2_noRT" "non-targeting_noRT"
"9524" "Umps" 10.873019751126 -0.165549508396188 -0.28004618567627 0.779442070885486 NA 0.428571428571429 0.625 "Uqcrc2_noRT" "non-targeting_noRT"
"9525" "Farp2" 2.32656863929637 0.372306960833056 0.279890691938411 0.779561368692028 NA 0.142857142857143 0.125 "Uqcrc2_noRT" "non-targeting_noRT"
"9526" "Hmga2" 78.7813478185987 0.073464458837999 0.279771645377098 0.779652707028349 0.965921372311314 0.857142857142857 0.875 "Uqcrc2_noRT" "non-targeting_noRT"
"9527" "Dis3" 11.1769761309979 -0.160155087416425 -0.279684352380664 0.779719684412062 NA 0.380952380952381 0.535714285714286 "Uqcrc2_noRT" "non-targeting_noRT"
"9528" "Fuca2" 3.33981546873053 0.283779096831036 0.279664892489289 0.779734615645083 NA 0.238095238095238 0.267857142857143 "Uqcrc2_noRT" "non-targeting_noRT"
"9529" "Fbxo30" 4.59675974804355 0.241882631376092 0.279600964185693 0.779783667282054 NA 0.333333333333333 0.321428571428571 "Uqcrc2_noRT" "non-targeting_noRT"
"9530" "Taf6" 6.04983722286989 0.207014291272215 0.279407491829888 0.779932122296212 NA 0.380952380952381 0.446428571428571 "Uqcrc2_noRT" "non-targeting_noRT"
"9531" "Cfap20" 84.3060727091252 0.0840911053058574 0.279398095448166 0.779939332522808 0.965921372311314 0.857142857142857 0.982142857142857 "Uqcrc2_noRT" "non-targeting_noRT"
"9532" "Arl6" 6.0863224585892 -0.213246458760285 -0.27931464610794 0.780003367432591 NA 0.285714285714286 0.410714285714286 "Uqcrc2_noRT" "non-targeting_noRT"
"9533" "Vamp4" 25.306705775663 0.110960751073186 0.279298768881168 0.780015551002714 0.965921372311314 0.761904761904762 0.839285714285714 "Uqcrc2_noRT" "non-targeting_noRT"
"9534" "Ptpn2" 44.4394622764994 0.0833054287815207 0.279137389151248 0.780139390634606 0.965921372311314 0.904761904761905 0.964285714285714 "Uqcrc2_noRT" "non-targeting_noRT"
"9535" "Phf6" 7.59097455643248 -0.20594777671941 -0.278947303964578 0.780285265424889 NA 0.333333333333333 0.517857142857143 "Uqcrc2_noRT" "non-targeting_noRT"
"9536" "Cnst" 0.782554904136758 -0.55000720692522 -0.278858094993086 0.780353728660923 NA 0.0476190476190476 0.107142857142857 "Uqcrc2_noRT" "non-targeting_noRT"
"9537" "9130023H24Rik" 0.782554904136758 -0.55000720692522 -0.278858094993086 0.780353728660923 NA 0.0476190476190476 0.107142857142857 "Uqcrc2_noRT" "non-targeting_noRT"
"9538" "Gm50431" 0.782554904136758 -0.55000720692522 -0.278858094993086 0.780353728660923 NA 0.0476190476190476 0.107142857142857 "Uqcrc2_noRT" "non-targeting_noRT"
"9539" "Elp5" 18.8224833625214 -0.127157509321869 -0.278613613970829 0.78054136383125 0.965921372311314 0.714285714285714 0.803571428571429 "Uqcrc2_noRT" "non-targeting_noRT"
"9540" "Erh" 122.269282934147 0.0548709543984029 0.278561754159311 0.780581167028582 0.965921372311314 1 1 "Uqcrc2_noRT" "non-targeting_noRT"
"9541" "Ccdc88c" 1.46466754766355 -0.436046654407425 -0.278547802008753 0.780591875615373 NA 0.0952380952380952 0.178571428571429 "Uqcrc2_noRT" "non-targeting_noRT"
"9542" "Faap100" 2.79825748551247 0.309017109761625 0.278538562873956 0.780598966880336 NA 0.0952380952380952 0.232142857142857 "Uqcrc2_noRT" "non-targeting_noRT"
"9543" "Scyl1" 5.43034867282917 0.238911672863907 0.278458800875506 0.780660186949932 NA 0.285714285714286 0.285714285714286 "Uqcrc2_noRT" "non-targeting_noRT"
"9544" "Ssr3" 69.5096634809729 0.0697004838410172 0.278433336391716 0.780679732101021 0.965921372311314 0.952380952380952 0.964285714285714 "Uqcrc2_noRT" "non-targeting_noRT"
"9545" "Gm16230" 0.803257328351654 -0.596982307792286 -0.278339051559538 0.780752101210288 NA 0.0476190476190476 0.107142857142857 "Uqcrc2_noRT" "non-targeting_noRT"
"9546" "Zfp983" 0.803257328351654 -0.596982307792286 -0.278339051559538 0.780752101210288 NA 0.0476190476190476 0.0892857142857143 "Uqcrc2_noRT" "non-targeting_noRT"
"9547" "Spsb4" 2.05693533467774 0.374854606145675 0.278323928321476 0.780763709354552 NA 0.0952380952380952 0.160714285714286 "Uqcrc2_noRT" "non-targeting_noRT"
"9548" "Gsap" 8.75158211120302 -0.174179307484381 -0.278319967193626 0.780766749805643 NA 0.476190476190476 0.589285714285714 "Uqcrc2_noRT" "non-targeting_noRT"
"9549" "Ttc33" 28.1713091375347 0.0993114683380226 0.278258832152076 0.780813675780895 0.965921372311314 0.857142857142857 0.875 "Uqcrc2_noRT" "non-targeting_noRT"
"9550" "Atg2a" 3.56875243042454 -0.2720674560601 -0.278228625191503 0.780836862304746 NA 0.238095238095238 0.375 "Uqcrc2_noRT" "non-targeting_noRT"
"9551" "Ube3c" 12.1425116461948 0.146912600018575 0.278178603167197 0.780875259077622 NA 0.571428571428571 0.660714285714286 "Uqcrc2_noRT" "non-targeting_noRT"
"9552" "Pggt1b" 8.24119142451814 -0.181780747646369 -0.278125883897964 0.780915726826819 NA 0.476190476190476 0.607142857142857 "Uqcrc2_noRT" "non-targeting_noRT"
"9553" "Macrod1" 4.25239167875116 -0.27267691047972 -0.2777149067916 0.781231216603672 NA 0.238095238095238 0.232142857142857 "Uqcrc2_noRT" "non-targeting_noRT"
"9554" "Lbhd1" 2.26249976082655 0.359972850997405 0.277512980227855 0.781386240299331 NA 0.19047619047619 0.160714285714286 "Uqcrc2_noRT" "non-targeting_noRT"
"9555" "Taf6l" 7.52835530986209 -0.198989811357779 -0.277437109428549 0.781444490313249 NA 0.285714285714286 0.535714285714286 "Uqcrc2_noRT" "non-targeting_noRT"
"9556" "Hscb" 15.3864423231237 -0.157211847297497 -0.27735801868974 0.781505213749832 0.966487918259655 0.571428571428571 0.732142857142857 "Uqcrc2_noRT" "non-targeting_noRT"
"9557" "Wiz" 5.22003495489393 0.223305120948679 0.277106176514295 0.781698579298172 NA 0.428571428571429 0.392857142857143 "Uqcrc2_noRT" "non-targeting_noRT"
"9558" "Cfap74" 1.47156835573518 -0.446647958969064 -0.277068983794403 0.781727137178716 NA 0.0952380952380952 0.160714285714286 "Uqcrc2_noRT" "non-targeting_noRT"
"9559" "Lipt1" 2.83689440685601 0.306750702115022 0.276995662896921 0.781783436408617 NA 0.19047619047619 0.214285714285714 "Uqcrc2_noRT" "non-targeting_noRT"
"9560" "Nudt13" 6.75740141305898 -0.212615125738463 -0.276847909315956 0.781896892023411 NA 0.428571428571429 0.428571428571429 "Uqcrc2_noRT" "non-targeting_noRT"
"9561" "Coq8b" 3.56395797838791 -0.26961094064863 -0.276639829088706 0.782056678559399 NA 0.238095238095238 0.339285714285714 "Uqcrc2_noRT" "non-targeting_noRT"
"9562" "Fam241a" 0.78044854810176 -0.545505427026422 -0.276499081023216 0.7821647653842 NA 0.0476190476190476 0.107142857142857 "Uqcrc2_noRT" "non-targeting_noRT"
"9563" "Zfand4" 0.78044854810176 -0.545505427026422 -0.276499081023216 0.7821647653842 NA 0.0476190476190476 0.107142857142857 "Uqcrc2_noRT" "non-targeting_noRT"
"9564" "AC132307.1" 0.78044854810176 -0.545505427026422 -0.276499081023216 0.7821647653842 NA 0.0476190476190476 0.0892857142857143 "Uqcrc2_noRT" "non-targeting_noRT"
"9565" "Lsm14b" 6.10637822371221 -0.206519276045005 -0.276376057485039 0.782259244185671 NA 0.333333333333333 0.482142857142857 "Uqcrc2_noRT" "non-targeting_noRT"
"9566" "Ctcf" 38.4647728120214 -0.0902287635007448 -0.276348267053025 0.782280586942303 0.967036083160451 0.761904761904762 0.875 "Uqcrc2_noRT" "non-targeting_noRT"
"9567" "Slc12a9" 1.47680178626005 -0.424976724045255 -0.27599949535044 0.782548453837434 NA 0.0952380952380952 0.178571428571429 "Uqcrc2_noRT" "non-targeting_noRT"
"9568" "Htatip2" 10.081960082034 -0.167698012256756 -0.275955726844421 0.782582071155219 NA 0.476190476190476 0.553571428571429 "Uqcrc2_noRT" "non-targeting_noRT"
"9569" "Gm43138" 0.34398737423611 -0.967245723569158 -0.275824342747547 0.782682985901222 NA 0 0.0178571428571429 "Uqcrc2_noRT" "non-targeting_noRT"
"9570" "Gm17657" 0.34398737423611 -0.967245723569158 -0.275824342747547 0.782682985901222 NA 0 0.0178571428571429 "Uqcrc2_noRT" "non-targeting_noRT"
"9571" "Arf6" 40.4017866046288 0.0874885729491994 0.275794810860415 0.782705669537263 0.967036083160451 0.857142857142857 0.928571428571429 "Uqcrc2_noRT" "non-targeting_noRT"
"9572" "Arhgef39" 1.47258907419006 -0.419564713220197 -0.27569317278846 0.782783739818412 NA 0.0952380952380952 0.125 "Uqcrc2_noRT" "non-targeting_noRT"
"9573" "Nbr1" 10.4255088616487 0.15905295696825 0.275683614837055 0.782791081588853 NA 0.476190476190476 0.607142857142857 "Uqcrc2_noRT" "non-targeting_noRT"
"9574" "Ccdc22" 7.66993446613478 0.179238270160207 0.275446920283457 0.78297290047188 NA 0.523809523809524 0.5 "Uqcrc2_noRT" "non-targeting_noRT"
"9575" "Spsb3" 7.58981970092397 0.188912557912531 0.275309013814469 0.783078839935037 NA 0.476190476190476 0.517857142857143 "Uqcrc2_noRT" "non-targeting_noRT"
"9576" "Slc38a10" 7.29278023146624 -0.208345710469825 -0.27524807406136 0.783125655008378 NA 0.380952380952381 0.392857142857143 "Uqcrc2_noRT" "non-targeting_noRT"
"9577" "Lmbr1l" 4.14176236367983 -0.258063913098365 -0.275219595352255 0.783147533161719 NA 0.238095238095238 0.357142857142857 "Uqcrc2_noRT" "non-targeting_noRT"
"9578" "Tead1" 6.08158824810116 0.210714224966917 0.275102695651674 0.783237340628959 NA 0.380952380952381 0.464285714285714 "Uqcrc2_noRT" "non-targeting_noRT"
"9579" "Znhit2" 11.6898578466468 0.150674603472965 0.274751279600391 0.783507331209403 NA 0.571428571428571 0.696428571428571 "Uqcrc2_noRT" "non-targeting_noRT"
"9580" "Armc10" 8.94009862162443 0.168326838790913 0.274635890548442 0.783595989526102 NA 0.428571428571429 0.625 "Uqcrc2_noRT" "non-targeting_noRT"
"9581" "Rbmx" 3.54913564378977 -0.271711539059247 -0.274605610061294 0.783619255777801 NA 0.238095238095238 0.321428571428571 "Uqcrc2_noRT" "non-targeting_noRT"
"9582" "Atp6v1c1" 30.2553527074775 -0.0946759249304398 -0.274539756143676 0.783669855823908 0.967036083160451 0.80952380952381 0.946428571428571 "Uqcrc2_noRT" "non-targeting_noRT"
"9583" "Map2k7" 5.27127760608613 -0.240600080347207 -0.274447828085419 0.783740491936375 NA 0.238095238095238 0.446428571428571 "Uqcrc2_noRT" "non-targeting_noRT"
"9584" "Aftph" 14.2722766799741 -0.14036897630471 -0.27437399222482 0.783797227571735 0.967036083160451 0.666666666666667 0.625 "Uqcrc2_noRT" "non-targeting_noRT"
"9585" "D11Wsu47e" 2.87552626675612 -0.303147116837103 -0.274336941314892 0.783825698004363 NA 0.19047619047619 0.25 "Uqcrc2_noRT" "non-targeting_noRT"
"9586" "C330018D20Rik" 2.76650646028119 0.304474355964733 0.274308288868129 0.783847715139942 NA 0.238095238095238 0.214285714285714 "Uqcrc2_noRT" "non-targeting_noRT"
"9587" "Kctd15" 2.24506916131139 0.3218498187384 0.273924540667064 0.784142611905659 NA 0.142857142857143 0.160714285714286 "Uqcrc2_noRT" "non-targeting_noRT"
"9588" "Rrp15" 51.9803151470145 -0.0794222439324393 -0.273856443332302 0.784194945511385 0.967036083160451 0.857142857142857 1 "Uqcrc2_noRT" "non-targeting_noRT"
"9589" "Hrh2" 0.993423231648486 0.501609020633337 0.273777724439188 0.784255443126278 NA 0.0476190476190476 0.0892857142857143 "Uqcrc2_noRT" "non-targeting_noRT"
"9590" "Nkiras1" 7.93158132510165 0.186107699130893 0.273766479004922 0.784264085655454 NA 0.476190476190476 0.517857142857143 "Uqcrc2_noRT" "non-targeting_noRT"
"9591" "Dhx32" 6.17102884214867 -0.202448541266399 -0.27375669620958 0.78427160411455 NA 0.428571428571429 0.482142857142857 "Uqcrc2_noRT" "non-targeting_noRT"
"9592" "Txnl4b" 1.74796326992838 0.388409818048981 0.273733491885346 0.784289437621662 NA 0.0952380952380952 0.125 "Uqcrc2_noRT" "non-targeting_noRT"
"9593" "Tpd52l1" 18.3248748268444 0.121250589371775 0.273613177456252 0.784381906178266 0.967036083160451 0.761904761904762 0.803571428571429 "Uqcrc2_noRT" "non-targeting_noRT"
"9594" "Tmed3" 78.6762256986584 0.0651019761933585 0.273607212514994 0.784386490657806 0.967036083160451 0.952380952380952 1 "Uqcrc2_noRT" "non-targeting_noRT"
"9595" "Kptn" 2.30949697265708 -0.369968204021911 -0.273483285447903 0.78448173907239 NA 0.142857142857143 0.25 "Uqcrc2_noRT" "non-targeting_noRT"
"9596" "Cd320" 26.9459432980558 0.100047236615367 0.273179983651027 0.784714865727883 0.967036083160451 0.857142857142857 0.839285714285714 "Uqcrc2_noRT" "non-targeting_noRT"
"9597" "Rbm28" 42.1388822382359 0.0817205938702884 0.272997899448507 0.784854830266142 0.967036083160451 0.904761904761905 0.892857142857143 "Uqcrc2_noRT" "non-targeting_noRT"
"9598" "Spg7" 8.20406420728359 -0.18173425957422 -0.27292063646298 0.784914222903307 NA 0.380952380952381 0.5 "Uqcrc2_noRT" "non-targeting_noRT"
"9599" "Gm13212" 0.854545309133084 -0.574631742316887 -0.27264067720784 0.785129440173347 NA 0.0476190476190476 0.0892857142857143 "Uqcrc2_noRT" "non-targeting_noRT"
"9600" "Serpinb6a" 0.854545309133084 -0.574631742316887 -0.27264067720784 0.785129440173347 NA 0.0476190476190476 0.107142857142857 "Uqcrc2_noRT" "non-targeting_noRT"
"9601" "Dennd1a" 2.29569535651382 -0.360103684966379 -0.272585519266719 0.785171844500953 NA 0.142857142857143 0.25 "Uqcrc2_noRT" "non-targeting_noRT"
"9602" "Cox6a2" 24.7498462925037 0.36503675964613 0.272418017010755 0.78530062080978 0.967036083160451 0.238095238095238 0.482142857142857 "Uqcrc2_noRT" "non-targeting_noRT"
"9603" "Kat2a" 16.4813567477978 -0.126153995887701 -0.272368224175837 0.785338902845226 0.967036083160451 0.571428571428571 0.767857142857143 "Uqcrc2_noRT" "non-targeting_noRT"
"9604" "Bloc1s5" 3.46329668819626 0.27757803786653 0.272174238190177 0.785488049301592 NA 0.238095238095238 0.267857142857143 "Uqcrc2_noRT" "non-targeting_noRT"
"9605" "Hagh" 30.4726123937346 -0.0953163155229739 -0.272158968256978 0.785499789950217 0.967036083160451 0.904761904761905 0.875 "Uqcrc2_noRT" "non-targeting_noRT"
"9606" "Taf1a" 4.13965600764483 -0.257150080486981 -0.272131804107633 0.785520675868319 NA 0.19047619047619 0.375 "Uqcrc2_noRT" "non-targeting_noRT"
"9607" "Sept9" 34.2654004025309 -0.100264546422195 -0.272048816324292 0.785584484309399 0.967036083160451 0.80952380952381 0.928571428571429 "Uqcrc2_noRT" "non-targeting_noRT"
"9608" "2310001H17Rik" 1.45086593152029 -0.417659773396964 -0.271958626129329 0.785653832243214 NA 0.0952380952380952 0.160714285714286 "Uqcrc2_noRT" "non-targeting_noRT"
"9609" "Fastk" 17.7138717731532 0.119129467343446 0.271819259373163 0.785760995757606 0.967036083160451 0.714285714285714 0.821428571428571 "Uqcrc2_noRT" "non-targeting_noRT"
"9610" "Anapc16" 54.8374320007228 0.0743993862297822 0.27171452468718 0.785841532247907 0.967036083160451 0.904761904761905 0.982142857142857 "Uqcrc2_noRT" "non-targeting_noRT"
"9611" "Zfp445" 11.6656585869723 -0.15900719255399 -0.271684797616219 0.785864391510612 NA 0.476190476190476 0.678571428571429 "Uqcrc2_noRT" "non-targeting_noRT"
"9612" "Rest" 21.4966881183008 -0.111284385481245 -0.271241722460227 0.786205125436599 0.967036083160451 0.523809523809524 0.839285714285714 "Uqcrc2_noRT" "non-targeting_noRT"
"9613" "Slc25a28" 42.4537435237469 -0.0994915972625645 -0.271179701576359 0.786252824043257 0.967036083160451 0.904761904761905 0.946428571428571 "Uqcrc2_noRT" "non-targeting_noRT"
"9614" "Rab11fip5" 0.991316875613488 0.504206960546898 0.271038582336658 0.786361358073631 NA 0.0952380952380952 0.0892857142857143 "Uqcrc2_noRT" "non-targeting_noRT"
"9615" "Cdc14b" 1.47048271815506 -0.417237745658628 -0.271022414490361 0.786373792940303 NA 0.0952380952380952 0.160714285714286 "Uqcrc2_noRT" "non-targeting_noRT"
"9616" "Zbtb24" 1.75697043403501 0.373765032115263 0.270978891503547 0.78640726721423 NA 0.142857142857143 0.142857142857143 "Uqcrc2_noRT" "non-targeting_noRT"
"9617" "Smcr8" 1.45718499962528 -0.426506692963347 -0.270785781513339 0.786555796173304 NA 0.0952380952380952 0.142857142857143 "Uqcrc2_noRT" "non-targeting_noRT"
"9618" "Prkcd" 1.45718499962528 -0.426506692963347 -0.270785781513339 0.786555796173304 NA 0.0952380952380952 0.160714285714286 "Uqcrc2_noRT" "non-targeting_noRT"
"9619" "Ap2a1" 8.28985622842318 -0.178812083122251 -0.270784005383525 0.786557162304982 NA 0.333333333333333 0.589285714285714 "Uqcrc2_noRT" "non-targeting_noRT"
"9620" "Cdk16" 19.5730332812943 -0.120662660740399 -0.27067916600677 0.786637801940536 0.967036083160451 0.666666666666667 0.857142857142857 "Uqcrc2_noRT" "non-targeting_noRT"
"9621" "Ormdl2" 53.7902301431956 0.0770138088318964 0.270562315599591 0.786727682835066 0.967036083160451 0.761904761904762 0.982142857142857 "Uqcrc2_noRT" "non-targeting_noRT"
"9622" "Vcpip1" 6.72813080322569 -0.196195690048111 -0.27033376431531 0.786903491838533 NA 0.333333333333333 0.410714285714286 "Uqcrc2_noRT" "non-targeting_noRT"
"9623" "Lzts2" 36.7410603249302 -0.0897062517569433 -0.270252206619603 0.786966231273117 0.967036083160451 0.857142857142857 0.964285714285714 "Uqcrc2_noRT" "non-targeting_noRT"
"9624" "Dnaja3" 6.16100095958716 -0.205516912782091 -0.270221052050011 0.786990197740483 NA 0.380952380952381 0.392857142857143 "Uqcrc2_noRT" "non-targeting_noRT"
"9625" "Snrpa" 47.2965633314578 0.0782553147923481 0.270186418050264 0.787016841087306 0.967036083160451 0.904761904761905 0.964285714285714 "Uqcrc2_noRT" "non-targeting_noRT"
"9626" "Cr2" 1.46568826611842 -0.410968959397878 -0.270112310559796 0.787073851556485 NA 0.0952380952380952 0.178571428571429 "Uqcrc2_noRT" "non-targeting_noRT"
"9627" "1500009L16Rik" 1.46568826611842 -0.410968959397878 -0.270112310559796 0.787073851556485 NA 0.0952380952380952 0.125 "Uqcrc2_noRT" "non-targeting_noRT"
"9628" "Cebpz" 50.7945775684959 -0.0752061000830506 -0.270091599764171 0.787089784457322 0.967036083160451 0.952380952380952 0.892857142857143 "Uqcrc2_noRT" "non-targeting_noRT"
"9629" "Cyb5r2" 5.97995317390856 0.198758428936391 0.269966540974418 0.787185994595837 NA 0.285714285714286 0.410714285714286 "Uqcrc2_noRT" "non-targeting_noRT"
"9630" "Orc1" 2.08423592878888 -0.346796083009535 -0.269814342727883 0.787303088023798 NA 0.142857142857143 0.178571428571429 "Uqcrc2_noRT" "non-targeting_noRT"
"9631" "Fam136a" 41.6169410416526 0.0806673220218764 0.269765649440862 0.787340551125852 0.967057049735463 0.80952380952381 0.946428571428571 "Uqcrc2_noRT" "non-targeting_noRT"
"9632" "Zfp51" 2.31814520388784 0.320726587568348 0.269560793188116 0.787498166550746 NA 0.142857142857143 0.214285714285714 "Uqcrc2_noRT" "non-targeting_noRT"
"9633" "Alas1" 5.15967489088062 0.224914189129404 0.269550345941966 0.787506204845474 NA 0.333333333333333 0.375 "Uqcrc2_noRT" "non-targeting_noRT"
"9634" "Ube3a" 50.7237225677864 0.0729466811506447 0.269269281429611 0.787722469312857 0.96723904392184 0.857142857142857 0.964285714285714 "Uqcrc2_noRT" "non-targeting_noRT"
"9635" "Ptpn6" 2.25704352321091 -0.361718816756813 -0.269228018716703 0.787754220194286 NA 0.142857142857143 0.214285714285714 "Uqcrc2_noRT" "non-targeting_noRT"
"9636" "Aldh4a1" 1.78450874719629 0.392931294134313 0.269221301472152 0.787759389021002 NA 0.142857142857143 0.142857142857143 "Uqcrc2_noRT" "non-targeting_noRT"
"9637" "Mmp17" 1.78450874719629 0.392931294134313 0.269221301472152 0.787759389021002 NA 0.0952380952380952 0.142857142857143 "Uqcrc2_noRT" "non-targeting_noRT"
"9638" "Adat1" 2.30281897167622 0.336372808155665 0.268789318030129 0.788091813921249 NA 0.19047619047619 0.160714285714286 "Uqcrc2_noRT" "non-targeting_noRT"
"9639" "Bcs1l" 6.79161794172887 -0.191704323801455 -0.268718669295604 0.788146184027734 NA 0.428571428571429 0.517857142857143 "Uqcrc2_noRT" "non-targeting_noRT"
"9640" "Arglu1" 48.0145191985738 0.0894671009305779 0.268703347389959 0.788157975651043 0.967486711137352 0.904761904761905 0.964285714285714 "Uqcrc2_noRT" "non-targeting_noRT"
"9641" "Hsd17b11" 2.25989149590953 0.324881745546957 0.268660986264717 0.788190576706964 NA 0.19047619047619 0.160714285714286 "Uqcrc2_noRT" "non-targeting_noRT"
"9642" "Ubl7" 8.63233030454428 0.176175318912452 0.26847151461583 0.788336398332777 NA 0.476190476190476 0.5 "Uqcrc2_noRT" "non-targeting_noRT"
"9643" "Nudt9" 30.3246372157138 0.0987326128792436 0.268181933650183 0.788559280662026 0.96769226078869 0.904761904761905 0.839285714285714 "Uqcrc2_noRT" "non-targeting_noRT"
"9644" "Nuak1" 1.75486407800001 0.378609082792795 0.268092393802834 0.78862820047002 NA 0.142857142857143 0.142857142857143 "Uqcrc2_noRT" "non-targeting_noRT"
"9645" "Zdhhc18" 1.78029603512629 0.401685882467076 0.268021625552647 0.788682672743209 NA 0.142857142857143 0.160714285714286 "Uqcrc2_noRT" "non-targeting_noRT"
"9646" "Fbxo42" 2.25407632541802 0.31342173496891 0.267967462797293 0.788724364007233 NA 0.19047619047619 0.160714285714286 "Uqcrc2_noRT" "non-targeting_noRT"
"9647" "Iqcc" 2.77340726835283 0.29855913953393 0.267797478180447 0.788855211972803 NA 0.142857142857143 0.214285714285714 "Uqcrc2_noRT" "non-targeting_noRT"
"9648" "Ids" 2.30855629981457 0.330677335220285 0.267773575447687 0.788873611903478 NA 0.19047619047619 0.196428571428571 "Uqcrc2_noRT" "non-targeting_noRT"
"9649" "Ndufs1" 15.1499371850415 0.127416645655964 0.267694084912143 0.788934803257783 0.967827122587632 0.571428571428571 0.785714285714286 "Uqcrc2_noRT" "non-targeting_noRT"
"9650" "Gm15097" 2.25806424166579 -0.347374739114957 -0.267561738059599 0.789036685987608 NA 0.142857142857143 0.25 "Uqcrc2_noRT" "non-targeting_noRT"
"9651" "Tia1" 14.5183724798824 0.134036963263546 0.267431494587957 0.789136953023361 0.967827122587632 0.666666666666667 0.678571428571429 "Uqcrc2_noRT" "non-targeting_noRT"
"9652" "Nfrkb" 7.75258879962827 -0.195247650513815 -0.267238359084951 0.789285643483308 NA 0.333333333333333 0.571428571428571 "Uqcrc2_noRT" "non-targeting_noRT"
"9653" "Gm46430" 1.44607147948365 -0.41166180505416 -0.266909366157087 0.789538945032696 NA 0.0952380952380952 0.160714285714286 "Uqcrc2_noRT" "non-targeting_noRT"
"9654" "Lck" 4.71948691788713 -0.234809424555023 -0.266850229726136 0.789584478308609 NA 0.333333333333333 0.392857142857143 "Uqcrc2_noRT" "non-targeting_noRT"
"9655" "Tmed7" 28.8550371933257 -0.103766123629907 -0.266834963895139 0.789596232656722 0.968103469846968 0.80952380952381 0.946428571428571 "Uqcrc2_noRT" "non-targeting_noRT"
"9656" "Gm19531" 0.821708646321686 -0.530113398568655 -0.266627628587208 0.789755880942432 NA 0.0476190476190476 0.0892857142857143 "Uqcrc2_noRT" "non-targeting_noRT"
"9657" "Lratd2" 0.821708646321686 -0.530113398568655 -0.266627628587208 0.789755880942432 NA 0.0476190476190476 0.0714285714285714 "Uqcrc2_noRT" "non-targeting_noRT"
"9658" "Eya3" 4.02734639179884 -0.262488485945844 -0.266587915376449 0.789786461140953 NA 0.19047619047619 0.339285714285714 "Uqcrc2_noRT" "non-targeting_noRT"
"9659" "Gnpat" 10.039539362065 -0.161646741783008 -0.266509088797483 0.789847160602763 NA 0.476190476190476 0.571428571428571 "Uqcrc2_noRT" "non-targeting_noRT"
"9660" "Pi4kb" 2.2466716197329 0.338068365155965 0.266205850641082 0.790080677393733 NA 0.19047619047619 0.214285714285714 "Uqcrc2_noRT" "non-targeting_noRT"
"9661" "Mgst2" 6.06459931591943 -0.214078741290802 -0.266060270019021 0.790192792410558 NA 0.285714285714286 0.375 "Uqcrc2_noRT" "non-targeting_noRT"
"9662" "E330020D12Rik" 2.08692402479052 -0.351927850380032 -0.265745264060941 0.790435400673517 NA 0.142857142857143 0.196428571428571 "Uqcrc2_noRT" "non-targeting_noRT"
"9663" "Crlf3" 11.5765275123459 0.147275709529167 0.265659474918213 0.790501476451148 NA 0.571428571428571 0.714285714285714 "Uqcrc2_noRT" "non-targeting_noRT"
"9664" "Cerkl" 2.73032190462062 -0.307740215050328 -0.265568490607504 0.790571555251974 NA 0.19047619047619 0.214285714285714 "Uqcrc2_noRT" "non-targeting_noRT"
"9665" "Poc1b" 4.73093042112204 0.223558515830302 0.265529182278843 0.790601832210443 NA 0.238095238095238 0.267857142857143 "Uqcrc2_noRT" "non-targeting_noRT"
"9666" "Xlr4b" 9.04897147463027 -0.179442598573787 -0.265159313780608 0.790886736241197 NA 0.380952380952381 0.535714285714286 "Uqcrc2_noRT" "non-targeting_noRT"
"9667" "Rgp1" 2.70649240591585 -0.304000843226824 -0.265157617965493 0.790888042565948 NA 0.142857142857143 0.303571428571429 "Uqcrc2_noRT" "non-targeting_noRT"
"9668" "Ppp1r16a" 2.09695190735202 -0.340319268185497 -0.265137201498224 0.790903769878709 NA 0.0952380952380952 0.214285714285714 "Uqcrc2_noRT" "non-targeting_noRT"
"9669" "Dnajc27" 2.21644521056999 0.330855653935952 0.264911442105772 0.791077683630469 NA 0.19047619047619 0.196428571428571 "Uqcrc2_noRT" "non-targeting_noRT"
"9670" "Dus4l" 4.80880091573513 0.221473145601292 0.264881164088766 0.791101009092606 NA 0.333333333333333 0.321428571428571 "Uqcrc2_noRT" "non-targeting_noRT"
"9671" "Zswim8" 4.56349901870328 0.238341984237354 0.264732555775281 0.791215496104815 NA 0.333333333333333 0.321428571428571 "Uqcrc2_noRT" "non-targeting_noRT"
"9672" "Rps6ka6" 0.979621615505222 0.525391300556034 0.264644079198129 0.791283660103461 NA 0.0952380952380952 0.0892857142857143 "Uqcrc2_noRT" "non-targeting_noRT"
"9673" "Ncoa5" 5.47090187040862 -0.208019982431368 -0.26452641136965 0.791374316057148 NA 0.333333333333333 0.392857142857143 "Uqcrc2_noRT" "non-targeting_noRT"
"9674" "A930003O13Rik" 1.76387124210664 0.364747948814592 0.264313676323523 0.791538222720895 NA 0.142857142857143 0.160714285714286 "Uqcrc2_noRT" "non-targeting_noRT"
"9675" "Trmt61a" 4.72511525063053 0.217376265457966 0.264182936558576 0.791638958786366 NA 0.333333333333333 0.392857142857143 "Uqcrc2_noRT" "non-targeting_noRT"
"9676" "Slc12a7" 2.89295885500274 -0.311874783226123 -0.264171626948962 0.791647673097237 NA 0.142857142857143 0.267857142857143 "Uqcrc2_noRT" "non-targeting_noRT"
"9677" "Slc35f1" 1.53178922125143 0.405448466371433 0.264120257385881 0.791687254839064 NA 0.142857142857143 0.125 "Uqcrc2_noRT" "non-targeting_noRT"
"9678" "Triobp" 14.1731268680951 -0.136137543510118 -0.264046877127816 0.791743797392773 0.969463854969094 0.619047619047619 0.696428571428571 "Uqcrc2_noRT" "non-targeting_noRT"
"9679" "Col27a1" 4.77236443386217 -0.231959491515512 -0.263867975619903 0.791881653067686 NA 0.285714285714286 0.285714285714286 "Uqcrc2_noRT" "non-targeting_noRT"
"9680" "Fbn1" 1.04427223394168 0.541463217040419 0.263814586462579 0.791922794274389 NA 0.0952380952380952 0.0535714285714286 "Uqcrc2_noRT" "non-targeting_noRT"
"9681" "Slc25a30" 6.43842015521657 0.211975893566296 0.263590297070431 0.792095636001538 NA 0.428571428571429 0.410714285714286 "Uqcrc2_noRT" "non-targeting_noRT"
"9682" "Ppp1cb" 31.9158961110435 0.0878236798475823 0.263423319148516 0.792224319041577 0.969463854969094 0.714285714285714 0.910714285714286 "Uqcrc2_noRT" "non-targeting_noRT"
"9683" "Akap7" 4.72300889459554 0.218365846417504 0.263396515740888 0.792244975856486 NA 0.333333333333333 0.375 "Uqcrc2_noRT" "non-targeting_noRT"
"9684" "Anks1" 6.72767223520144 0.191052754411973 0.263393459069485 0.792247331577243 NA 0.380952380952381 0.5 "Uqcrc2_noRT" "non-targeting_noRT"
"9685" "Pdk3" 17.7573358286363 0.127919273088553 0.263026659147739 0.792530031333236 0.969463854969094 0.571428571428571 0.767857142857143 "Uqcrc2_noRT" "non-targeting_noRT"
"9686" "Aldoa" 353.639313251073 -0.0474741485559741 -0.26295103705426 0.792588318127971 0.969463854969094 0.952380952380952 1 "Uqcrc2_noRT" "non-targeting_noRT"
"9687" "Suds3" 30.1626449663069 -0.0951088638817173 -0.262916757807305 0.792614739722652 0.969463854969094 0.619047619047619 0.928571428571429 "Uqcrc2_noRT" "non-targeting_noRT"
"9688" "Zfp324" 0.773547740030128 -0.529745944457836 -0.262878339525941 0.79264435186555 NA 0.0476190476190476 0.0892857142857143 "Uqcrc2_noRT" "non-targeting_noRT"
"9689" "Yju2" 5.4176927664756 0.212590721390827 0.262745160515258 0.792747006245048 NA 0.285714285714286 0.392857142857143 "Uqcrc2_noRT" "non-targeting_noRT"
"9690" "Dnttip2" 41.6968871364026 -0.0908348146659865 -0.262699408011747 0.792782273103176 0.969463854969094 0.857142857142857 0.928571428571429 "Uqcrc2_noRT" "non-targeting_noRT"
"9691" "Ehd2" 2.22334601864162 0.324011125830657 0.262627943539238 0.792837360060674 NA 0.19047619047619 0.196428571428571 "Uqcrc2_noRT" "non-targeting_noRT"
"9692" "Elovl5" 6.69049968837766 -0.190954741858017 -0.26262008916052 0.792843414514284 NA 0.333333333333333 0.535714285714286 "Uqcrc2_noRT" "non-targeting_noRT"
"9693" "Strbp" 12.0037041945174 0.149671818936789 0.262538863884588 0.792906026776128 NA 0.523809523809524 0.571428571428571 "Uqcrc2_noRT" "non-targeting_noRT"
"9694" "Klf7" 13.3554476590767 0.147574458848601 0.262367098654725 0.793038435888315 0.969463854969094 0.523809523809524 0.535714285714286 "Uqcrc2_noRT" "non-targeting_noRT"
"9695" "Dag1" 18.1276302541076 -0.126137834710874 -0.261650041793222 0.79359125979838 0.969463854969094 0.619047619047619 0.696428571428571 "Uqcrc2_noRT" "non-targeting_noRT"
"9696" "Smad4" 17.8391182165365 -0.114844744091475 -0.261418721155977 0.793769621463785 0.969463854969094 0.619047619047619 0.839285714285714 "Uqcrc2_noRT" "non-targeting_noRT"
"9697" "Rnf41" 5.29740354062499 0.207036916870115 0.261119744762318 0.794000165630595 NA 0.333333333333333 0.410714285714286 "Uqcrc2_noRT" "non-targeting_noRT"
"9698" "Usp34" 63.6394104196576 0.0751960833220771 0.260995616605044 0.794095887581932 0.969463854969094 0.904761904761905 0.982142857142857 "Uqcrc2_noRT" "non-targeting_noRT"
"9699" "Rpp38" 6.56062155845378 -0.199643557388741 -0.260520787205016 0.794462082882926 NA 0.333333333333333 0.446428571428571 "Uqcrc2_noRT" "non-targeting_noRT"
"9700" "Nipsnap3b" 22.0167918313509 -0.106568690672486 -0.260374793096137 0.794574684760645 0.969463854969094 0.80952380952381 0.803571428571429 "Uqcrc2_noRT" "non-targeting_noRT"
"9701" "Psmb9" 274.030252705628 -0.040010958539856 -0.260347552718524 0.794595695107437 0.969463854969094 1 1 "Uqcrc2_noRT" "non-targeting_noRT"
"9702" "Tnip1" 7.86462469605678 -0.192732317022897 -0.260277910840493 0.794649410165349 NA 0.380952380952381 0.517857142857143 "Uqcrc2_noRT" "non-targeting_noRT"
"9703" "Atn1" 9.63274105659475 0.159675039833776 0.259846278163648 0.794982351877171 NA 0.571428571428571 0.535714285714286 "Uqcrc2_noRT" "non-targeting_noRT"
"9704" "Cep170b" 1.45668110201179 -0.39979266958905 -0.259805030746076 0.795014170204932 NA 0.0952380952380952 0.160714285714286 "Uqcrc2_noRT" "non-targeting_noRT"
"9705" "Acrbp" 0.792143808210026 -0.571771261374771 -0.259786900961935 0.795028155658994 NA 0.0476190476190476 0.0892857142857143 "Uqcrc2_noRT" "non-targeting_noRT"
"9706" "Nos3" 2.25116343359415 -0.340147059671057 -0.259478607010011 0.795265986050142 NA 0.0952380952380952 0.232142857142857 "Uqcrc2_noRT" "non-targeting_noRT"
"9707" "Hmg20b" 43.0990208202932 -0.0794144634555549 -0.259436844327172 0.795298204932114 0.969463854969094 0.952380952380952 0.910714285714286 "Uqcrc2_noRT" "non-targeting_noRT"
"9708" "Atp5b" 321.805394932886 0.0442101431100138 0.259193011733655 0.795486322744234 0.969463854969094 1 1 "Uqcrc2_noRT" "non-targeting_noRT"
"9709" "Prkg2" 41.415383876145 0.0831949658081161 0.259075883938425 0.795576691530348 0.969463854969094 0.857142857142857 0.803571428571429 "Uqcrc2_noRT" "non-targeting_noRT"
"9710" "Tm9sf4" 20.4824572445515 0.109251875944491 0.2589594488889 0.795666528553403 0.969463854969094 0.714285714285714 0.803571428571429 "Uqcrc2_noRT" "non-targeting_noRT"
"9711" "Usp7" 23.4291566153577 0.103565253278398 0.258831024111545 0.795765619553186 0.969463854969094 0.619047619047619 0.857142857142857 "Uqcrc2_noRT" "non-targeting_noRT"
"9712" "Fasn" 26.7130707679664 -0.0990413593683204 -0.258656154224615 0.795900552331745 0.969463854969094 0.619047619047619 0.803571428571429 "Uqcrc2_noRT" "non-targeting_noRT"
"9713" "Lgmn" 6.17052494453518 -0.195787549875971 -0.258508542536288 0.796014456940101 NA 0.333333333333333 0.446428571428571 "Uqcrc2_noRT" "non-targeting_noRT"
"9714" "Coq5" 11.44379634828 -0.141256965549513 -0.25830477472581 0.796171701579734 NA 0.476190476190476 0.714285714285714 "Uqcrc2_noRT" "non-targeting_noRT"
"9715" "A730063M14Rik" 0.785243000138394 -0.555653637892831 -0.258301390231364 0.796174313414501 NA 0.0476190476190476 0.0892857142857143 "Uqcrc2_noRT" "non-targeting_noRT"
"9716" "Cd109" 33.3921483491705 0.0873312722685571 0.258285132270315 0.796186859812878 0.969463854969094 0.761904761904762 0.892857142857143 "Uqcrc2_noRT" "non-targeting_noRT"
"9717" "Ctc1" 4.02088940913112 -0.243743877410602 -0.258257316878953 0.796208325294698 NA 0.285714285714286 0.392857142857143 "Uqcrc2_noRT" "non-targeting_noRT"
"9718" "Pten" 25.877130856645 0.100203272149049 0.258124327118885 0.796310957269526 0.969463854969094 0.857142857142857 0.803571428571429 "Uqcrc2_noRT" "non-targeting_noRT"
"9719" "Eef1d" 521.131333569747 0.035201624389294 0.257827719448709 0.796539870521476 0.969463854969094 1 1 "Uqcrc2_noRT" "non-targeting_noRT"
"9720" "Adhfe1" 1.46089381408179 -0.405083326221715 -0.257815015878774 0.796549675161738 NA 0.0952380952380952 0.160714285714286 "Uqcrc2_noRT" "non-targeting_noRT"
"9721" "Carnmt1" 27.3186851971056 -0.096373780337394 -0.257766719084572 0.796586951015598 0.969463854969094 0.80952380952381 0.892857142857143 "Uqcrc2_noRT" "non-targeting_noRT"
"9722" "4933408B17Rik" 1.53186350062324 -0.393650941151429 -0.257740791103545 0.796606962631144 NA 0.0952380952380952 0.160714285714286 "Uqcrc2_noRT" "non-targeting_noRT"
"9723" "Nmnat1" 3.45066054071773 0.249866993076895 0.257675973775908 0.796656990229057 NA 0.19047619047619 0.25 "Uqcrc2_noRT" "non-targeting_noRT"
"9724" "Scd1" 15.8506550876558 -0.125124712384096 -0.257569799415396 0.796738940001162 0.969463854969094 0.666666666666667 0.732142857142857 "Uqcrc2_noRT" "non-targeting_noRT"
"9725" "Gfpt1" 26.5269454058083 0.0950259934893016 0.257520010724943 0.796777369748007 0.969463854969094 0.80952380952381 0.803571428571429 "Uqcrc2_noRT" "non-targeting_noRT"
"9726" "Cln8" 3.39492411754764 -0.270709452789599 -0.257499316606398 0.796793342792232 NA 0.0952380952380952 0.321428571428571 "Uqcrc2_noRT" "non-targeting_noRT"
"9727" "Pnkd" 43.3993959189806 0.0744438432974324 0.25749394885976 0.796797485976294 0.969463854969094 0.904761904761905 0.982142857142857 "Uqcrc2_noRT" "non-targeting_noRT"
"9728" "Cyth2" 25.4187964377309 -0.105433067234272 -0.257389303940387 0.796878259032764 0.969463854969094 0.714285714285714 0.875 "Uqcrc2_noRT" "non-targeting_noRT"
"9729" "Ssbp2" 2.71652028847736 -0.297666060423663 -0.257271729974599 0.796969014324351 NA 0.142857142857143 0.214285714285714 "Uqcrc2_noRT" "non-targeting_noRT"
"9730" "Sfxn3" 10.2316830670807 -0.156233007372936 -0.25721351862516 0.797013948655071 NA 0.428571428571429 0.553571428571429 "Uqcrc2_noRT" "non-targeting_noRT"
"9731" "Tmem234" 120.721532686361 -0.0488773319656358 -0.257190879314481 0.797031424505766 0.969463854969094 0.952380952380952 1 "Uqcrc2_noRT" "non-targeting_noRT"
"9732" "Fam122b" 1.53876430869488 -0.400992789859053 -0.257153768416041 0.797060071557461 NA 0.0952380952380952 0.178571428571429 "Uqcrc2_noRT" "non-targeting_noRT"
"9733" "Ints4" 10.7012673460394 0.145035781872726 0.257150376128865 0.797062690182616 NA 0.666666666666667 0.625 "Uqcrc2_noRT" "non-targeting_noRT"
"9734" "Ulk2" 4.23011571528252 0.228916592956277 0.257063340148231 0.797129877082242 NA 0.285714285714286 0.357142857142857 "Uqcrc2_noRT" "non-targeting_noRT"
"9735" "Atg4d" 9.78115232430473 0.152409100244424 0.256890091068585 0.797263620136784 NA 0.476190476190476 0.642857142857143 "Uqcrc2_noRT" "non-targeting_noRT"
"9736" "Mark4" 2.86441274661449 -0.293583514299916 -0.256417065458219 0.797628811916908 NA 0.19047619047619 0.232142857142857 "Uqcrc2_noRT" "non-targeting_noRT"
"9737" "Capza1" 21.4743812469329 -0.105531527229542 -0.256330068302652 0.79769598149027 0.969635062745712 0.666666666666667 0.821428571428571 "Uqcrc2_noRT" "non-targeting_noRT"
"9738" "Ints1" 3.52431832326082 0.249399011399083 0.25609152062468 0.797880169284423 NA 0.238095238095238 0.267857142857143 "Uqcrc2_noRT" "non-targeting_noRT"
"9739" "Zfp345" 1.71462469823496 0.359292028815253 0.256050601345523 0.797911765071084 NA 0.0952380952380952 0.142857142857143 "Uqcrc2_noRT" "non-targeting_noRT"
"9740" "D5Ertd605e" 14.0704352900179 0.133923131495853 0.256024507096235 0.797931913896386 0.969635062745712 0.666666666666667 0.714285714285714 "Uqcrc2_noRT" "non-targeting_noRT"
"9741" "Blzf1" 8.65519339076319 -0.165779859976534 -0.255727454901305 0.798161293949607 NA 0.428571428571429 0.571428571428571 "Uqcrc2_noRT" "non-targeting_noRT"
"9742" "Slc25a12" 5.38569158923566 -0.213043229542431 -0.255561761143461 0.798289248204421 NA 0.238095238095238 0.464285714285714 "Uqcrc2_noRT" "non-targeting_noRT"
"9743" "Mpv17l2" 15.7775189728697 -0.119294284390327 -0.255430120973764 0.79839090900346 0.969635062745712 0.666666666666667 0.839285714285714 "Uqcrc2_noRT" "non-targeting_noRT"
"9744" "Grk2" 4.24762614588229 0.230509959143108 0.255193630723553 0.798573550199343 NA 0.333333333333333 0.321428571428571 "Uqcrc2_noRT" "non-targeting_noRT"
"9745" "Grik3" 2.27579946808779 0.309076115931597 0.255140620354735 0.798614491569567 NA 0.142857142857143 0.142857142857143 "Uqcrc2_noRT" "non-targeting_noRT"
"9746" "Samd10" 1.53396985665824 -0.395242971838744 -0.25510506776591 0.798641950124931 NA 0.0952380952380952 0.160714285714286 "Uqcrc2_noRT" "non-targeting_noRT"
"9747" "Zfp771" 20.1527774038283 -0.111200793226171 -0.255094302398119 0.798650264658521 0.969635062745712 0.904761904761905 0.821428571428571 "Uqcrc2_noRT" "non-targeting_noRT"
"9748" "Klhl7" 6.54584455344487 0.18758349446944 0.255077997288819 0.7986628578044 NA 0.428571428571429 0.410714285714286 "Uqcrc2_noRT" "non-targeting_noRT"
"9749" "Pinx1" 11.4558723034446 0.141552865389685 0.255024910372249 0.798703859504463 NA 0.428571428571429 0.625 "Uqcrc2_noRT" "non-targeting_noRT"
"9750" "Hk2" 8.62713825676053 -0.180294188446744 -0.254887073757773 0.7988103202572 NA 0.380952380952381 0.517857142857143 "Uqcrc2_noRT" "non-targeting_noRT"
"9751" "Map3k20" 2.1504111632937 -0.336078299094635 -0.25482365364885 0.798859305251164 NA 0.142857142857143 0.214285714285714 "Uqcrc2_noRT" "non-targeting_noRT"
"9752" "Tor1aip2" 18.4945705038785 -0.111456521101618 -0.25450541596663 0.799105120482779 0.969635062745712 0.714285714285714 0.714285714285714 "Uqcrc2_noRT" "non-targeting_noRT"
"9753" "Dzip1" 1.70880952774345 0.341306163036327 0.254420925867495 0.799170386223349 NA 0.142857142857143 0.142857142857143 "Uqcrc2_noRT" "non-targeting_noRT"
"9754" "Mlst8" 1.70880952774345 0.341306163036327 0.254420925867495 0.799170386223349 NA 0.142857142857143 0.160714285714286 "Uqcrc2_noRT" "non-targeting_noRT"
"9755" "Pik3c2a" 5.60461596419431 0.259575716434185 0.254393616478332 0.799191482101771 NA 0.19047619047619 0.339285714285714 "Uqcrc2_noRT" "non-targeting_noRT"
"9756" "Arap2" 7.33229329039381 0.188740601965829 0.254326097003554 0.799243639980608 NA 0.333333333333333 0.410714285714286 "Uqcrc2_noRT" "non-targeting_noRT"
"9757" "Stk19" 22.520908610181 -0.109315321885806 -0.254097264570729 0.799420416592771 0.969635062745712 0.714285714285714 0.875 "Uqcrc2_noRT" "non-targeting_noRT"
"9758" "Tom1" 1.52285633651661 -0.383452183697986 -0.254066436199627 0.799444232774629 NA 0.0952380952380952 0.178571428571429 "Uqcrc2_noRT" "non-targeting_noRT"
"9759" "Fkrp" 2.96045545740635 0.268193630792108 0.253928166022717 0.799551054455141 NA 0.238095238095238 0.196428571428571 "Uqcrc2_noRT" "non-targeting_noRT"
"9760" "Eif2b2" 25.3237848444322 -0.0980694991890496 -0.253618817046334 0.799790057947491 0.969635062745712 0.714285714285714 0.892857142857143 "Uqcrc2_noRT" "non-targeting_noRT"
"9761" "Fndc4" 6.65341780073234 0.192441470614832 0.253454890657333 0.799916715329024 NA 0.380952380952381 0.428571428571429 "Uqcrc2_noRT" "non-targeting_noRT"
"9762" "Mrpl27" 61.8936814480148 0.0664219895167497 0.253230968433599 0.800089736870079 0.969635062745712 0.952380952380952 1 "Uqcrc2_noRT" "non-targeting_noRT"
"9763" "Tmub1" 5.45161506686712 0.196834615094038 0.253168933234605 0.800137672328473 NA 0.333333333333333 0.392857142857143 "Uqcrc2_noRT" "non-targeting_noRT"
"9764" "Commd4" 23.7901036333149 0.102694936355107 0.253144704140362 0.800156394689988 0.969635062745712 0.761904761904762 0.839285714285714 "Uqcrc2_noRT" "non-targeting_noRT"
"9765" "Zfp276" 2.26047323587617 0.323487979439287 0.252605053687696 0.800573424373977 NA 0.0952380952380952 0.178571428571429 "Uqcrc2_noRT" "non-targeting_noRT"
"9766" "Yipf3" 30.9326599338564 0.0884786095316482 0.252476363006512 0.800672882026096 0.969635062745712 0.857142857142857 0.928571428571429 "Uqcrc2_noRT" "non-targeting_noRT"
"9767" "Bex1" 84.3615240216877 -0.0609878387645143 -0.252469016305857 0.800678559967509 0.969635062745712 0.952380952380952 0.982142857142857 "Uqcrc2_noRT" "non-targeting_noRT"
"9768" "Rtn4" 94.1247121062517 -0.0580511053063141 -0.252457071359562 0.800687791712969 0.969635062745712 0.857142857142857 0.964285714285714 "Uqcrc2_noRT" "non-targeting_noRT"
"9769" "Dmwd" 8.2008121414589 -0.164518380619819 -0.252437253313305 0.800703108306912 NA 0.476190476190476 0.571428571428571 "Uqcrc2_noRT" "non-targeting_noRT"
"9770" "Scoc" 33.878704690235 0.0838567101434585 0.252321380017031 0.80079266378568 0.969635062745712 0.857142857142857 0.857142857142857 "Uqcrc2_noRT" "non-targeting_noRT"
"9771" "Nt5dc1" 2.1546238753637 -0.340615696652639 -0.252292397299136 0.800815064189402 NA 0.142857142857143 0.196428571428571 "Uqcrc2_noRT" "non-targeting_noRT"
"9772" "Cnot9" 11.176254487737 -0.144126308398485 -0.252189334712826 0.800894721383803 NA 0.476190476190476 0.696428571428571 "Uqcrc2_noRT" "non-targeting_noRT"
"9773" "Kctd2" 8.82307438482641 0.159702159946453 0.252042447950728 0.801008253913288 NA 0.428571428571429 0.625 "Uqcrc2_noRT" "non-targeting_noRT"
"9774" "Dusp19" 9.64124631181935 0.149492099561576 0.252033892273426 0.801014866944326 NA 0.476190476190476 0.553571428571429 "Uqcrc2_noRT" "non-targeting_noRT"
"9775" "Dohh" 33.6849993614264 -0.0931973515461481 -0.251968133228147 0.801065695261519 0.969635062745712 0.952380952380952 0.857142857142857 "Uqcrc2_noRT" "non-targeting_noRT"
"9776" "Sec24b" 5.94501214379363 0.185103877549705 0.251958752348802 0.801072946261332 NA 0.380952380952381 0.482142857142857 "Uqcrc2_noRT" "non-targeting_noRT"
"9777" "BC004004" 19.3125990403837 -0.113501905382582 -0.251866742157076 0.80114406692917 0.969635062745712 0.523809523809524 0.821428571428571 "Uqcrc2_noRT" "non-targeting_noRT"
"9778" "Dnajc8" 68.5575199676952 -0.0617585057582215 -0.251776804947335 0.801213586847176 0.969635062745712 1 0.964285714285714 "Uqcrc2_noRT" "non-targeting_noRT"
"9779" "Rnf214" 8.49921991326934 0.161810663049144 0.251706694971823 0.801267781745696 NA 0.476190476190476 0.553571428571429 "Uqcrc2_noRT" "non-targeting_noRT"
"9780" "Arntl" 1.52604833013174 -0.409369011244038 -0.251223726433909 0.801641141623663 NA 0.0476190476190476 0.178571428571429 "Uqcrc2_noRT" "non-targeting_noRT"
"9781" "Pold2" 26.021258405579 0.0919756263906208 0.251135260155963 0.801709535583712 0.969635062745712 0.761904761904762 0.785714285714286 "Uqcrc2_noRT" "non-targeting_noRT"
"9782" "Cdkn2aipnl" 21.2193400987164 -0.105901356323435 -0.251043520132609 0.801780462106428 0.969635062745712 0.666666666666667 0.767857142857143 "Uqcrc2_noRT" "non-targeting_noRT"
"9783" "Fancd2" 4.08917099967093 -0.239072291866987 -0.251009770624535 0.801806555112206 NA 0.19047619047619 0.357142857142857 "Uqcrc2_noRT" "non-targeting_noRT"
"9784" "Asna1" 38.4426698178166 0.0779769582033674 0.251002025817387 0.80181254294319 0.969635062745712 0.904761904761905 0.928571428571429 "Uqcrc2_noRT" "non-targeting_noRT"
"9785" "Exoc2" 4.48511170324881 0.222587845255755 0.250960625152492 0.801844551708313 NA 0.285714285714286 0.375 "Uqcrc2_noRT" "non-targeting_noRT"
"9786" "Rrp12" 4.00875517053461 -0.253369138734683 -0.250663877891245 0.802073990445946 NA 0.238095238095238 0.339285714285714 "Uqcrc2_noRT" "non-targeting_noRT"
"9787" "Cenpw" 79.3472606836867 -0.0630605445694118 -0.250488689077925 0.802209450763058 0.969635062745712 0.904761904761905 0.928571428571429 "Uqcrc2_noRT" "non-targeting_noRT"
"9788" "Csrnp2" 1.44978029394016 -0.390894008995723 -0.250435866827651 0.8022502953981 NA 0.0952380952380952 0.160714285714286 "Uqcrc2_noRT" "non-targeting_noRT"
"9789" "Gm14295" 1.72363186234159 0.346866661832014 0.250408554486054 0.802271414790272 NA 0.142857142857143 0.142857142857143 "Uqcrc2_noRT" "non-targeting_noRT"
"9790" "Ppp2cb" 20.7397570704818 -0.105535628094183 -0.250379657392989 0.80229375975597 0.969635062745712 0.761904761904762 0.857142857142857 "Uqcrc2_noRT" "non-targeting_noRT"
"9791" "Ncoa6" 4.71392388813575 0.214183480342486 0.250199857092909 0.802432795764785 NA 0.285714285714286 0.392857142857143 "Uqcrc2_noRT" "non-targeting_noRT"
"9792" "Tcf20" 6.73386614263259 -0.180582235563916 -0.250112510183681 0.802500341656298 NA 0.380952380952381 0.553571428571429 "Uqcrc2_noRT" "non-targeting_noRT"
"9793" "Znfx1" 4.64129167096322 0.226814638019106 0.250099266183392 0.802510583450417 NA 0.333333333333333 0.303571428571429 "Uqcrc2_noRT" "non-targeting_noRT"
"9794" "Mfsd4a" 2.27768102830056 -0.340424928009357 -0.249786976376229 0.80275209190652 NA 0.0476190476190476 0.196428571428571 "Uqcrc2_noRT" "non-targeting_noRT"
"9795" "Ercc1" 8.17849433559459 -0.177826160605064 -0.249651120615942 0.802857161463875 NA 0.428571428571429 0.571428571428571 "Uqcrc2_noRT" "non-targeting_noRT"
"9796" "Ankra2" 7.9910005017447 0.168951421460637 0.249336727914552 0.803100323462018 NA 0.428571428571429 0.535714285714286 "Uqcrc2_noRT" "non-targeting_noRT"
"9797" "Epb41l1" 6.63646353938502 -0.192740097319227 -0.249134318078224 0.803256884195409 NA 0.238095238095238 0.5 "Uqcrc2_noRT" "non-targeting_noRT"
"9798" "Dctn5" 11.9430686679076 -0.137444849316803 -0.249034975853032 0.803333726687953 NA 0.571428571428571 0.696428571428571 "Uqcrc2_noRT" "non-targeting_noRT"
"9799" "Rnf111" 9.95288492491768 -0.154867462864275 -0.248966771254016 0.803386484925726 NA 0.476190476190476 0.571428571428571 "Uqcrc2_noRT" "non-targeting_noRT"
"9800" "Selenof" 150.769158015691 0.0457337031012766 0.24887198713101 0.803459804684633 0.969635062745712 0.952380952380952 0.982142857142857 "Uqcrc2_noRT" "non-targeting_noRT"
"9801" "Dynll2" 57.0301104288639 0.0689530174904513 0.248791011167636 0.803522444584415 0.969635062745712 0.904761904761905 0.964285714285714 "Uqcrc2_noRT" "non-targeting_noRT"
"9802" "Gm20075" 1.51493480999011 -0.395900254925996 -0.248754048996583 0.803551037521924 NA 0.0476190476190476 0.160714285714286 "Uqcrc2_noRT" "non-targeting_noRT"
"9803" "Aspscr1" 14.6651812891709 0.128342736018134 0.248534765321467 0.803720674857247 0.969635062745712 0.761904761904762 0.696428571428571 "Uqcrc2_noRT" "non-targeting_noRT"
"9804" "Prdx1" 810.951635681906 -0.0335114168644173 -0.248533841513441 0.803721389532526 0.969635062745712 1 1 "Uqcrc2_noRT" "non-targeting_noRT"
"9805" "Cspg5" 26.5346234466342 -0.0948438721198564 -0.248389847629584 0.803832787917283 0.969635062745712 0.80952380952381 0.821428571428571 "Uqcrc2_noRT" "non-targeting_noRT"
"9806" "Mios" 2.68157726963096 -0.286891932213002 -0.248347821906707 0.803865301144197 NA 0.19047619047619 0.303571428571429 "Uqcrc2_noRT" "non-targeting_noRT"
"9807" "Hadha" 23.2050756138454 -0.100652774420294 -0.247934548414943 0.804185048508761 0.969635062745712 0.80952380952381 0.857142857142857 "Uqcrc2_noRT" "non-targeting_noRT"
"9808" "Socs7" 5.91403168500856 -0.192628543531931 -0.247750970013535 0.804327092592923 NA 0.333333333333333 0.446428571428571 "Uqcrc2_noRT" "non-targeting_noRT"
"9809" "Cnep1r1" 22.9107169624255 -0.110764836835342 -0.247705030794648 0.804362639148443 0.969635062745712 0.714285714285714 0.839285714285714 "Uqcrc2_noRT" "non-targeting_noRT"
"9810" "Tent4b" 7.15379551681509 0.166993556811382 0.24749088719295 0.804528343153863 NA 0.380952380952381 0.446428571428571 "Uqcrc2_noRT" "non-targeting_noRT"
"9811" "Fnbp4" 14.2027695485599 -0.126203227094676 -0.247413166287889 0.804588485648905 0.969635062745712 0.571428571428571 0.642857142857143 "Uqcrc2_noRT" "non-targeting_noRT"
"9812" "Sfxn2" 6.67732713052173 0.176065628696797 0.247342993667137 0.804642788075093 NA 0.333333333333333 0.428571428571429 "Uqcrc2_noRT" "non-targeting_noRT"
"9813" "Agfg2" 5.38841408033009 0.214766515853252 0.247234081299123 0.804727070758886 NA 0.380952380952381 0.357142857142857 "Uqcrc2_noRT" "non-targeting_noRT"
"9814" "Sp140" 25.3599909477455 0.0938893408774546 0.24722123600196 0.804737011341725 0.969635062745712 0.857142857142857 0.75 "Uqcrc2_noRT" "non-targeting_noRT"
"9815" "Dram1" 1.51864362444662 -0.377370932082991 -0.247196202259879 0.804756384280233 NA 0.0952380952380952 0.160714285714286 "Uqcrc2_noRT" "non-targeting_noRT"
"9816" "Lamb1" 9.36208325601216 -0.161810447365275 -0.247179472818049 0.80476933081135 NA 0.523809523809524 0.446428571428571 "Uqcrc2_noRT" "non-targeting_noRT"
"9817" "Fam110a" 2.13821200557195 -0.306676843483897 -0.247068149967654 0.80485548237383 NA 0.142857142857143 0.214285714285714 "Uqcrc2_noRT" "non-targeting_noRT"
"9818" "Zfp334" 2.13821200557195 -0.306676843483897 -0.247068149967654 0.80485548237383 NA 0.142857142857143 0.196428571428571 "Uqcrc2_noRT" "non-targeting_noRT"
"9819" "Mthfd1" 9.89360850975303 -0.145234028289544 -0.247061048159962 0.804860978467211 NA 0.571428571428571 0.642857142857143 "Uqcrc2_noRT" "non-targeting_noRT"
"9820" "Zfp984" 1.51384917240998 -0.37242163466016 -0.246844852470255 0.805028297059641 NA 0.0952380952380952 0.160714285714286 "Uqcrc2_noRT" "non-targeting_noRT"
"9821" "Pradc1" 5.59693327131326 -0.196735810385397 -0.246800550837458 0.805062584168837 NA 0.285714285714286 0.410714285714286 "Uqcrc2_noRT" "non-targeting_noRT"
"9822" "Polr1b" 4.21367293759154 -0.226807623125624 -0.246783828409315 0.805075526536903 NA 0.238095238095238 0.357142857142857 "Uqcrc2_noRT" "non-targeting_noRT"
"9823" "Rps3" 1696.24187978242 0.0287123885493143 0.246769360983865 0.805086723682686 0.969635062745712 1 1 "Uqcrc2_noRT" "non-targeting_noRT"
"9824" "Tmem268" 1.50803400191848 -0.387633333559753 -0.246716721763986 0.805127464442054 NA 0.0476190476190476 0.142857142857143 "Uqcrc2_noRT" "non-targeting_noRT"
"9825" "Itpkc" 0.819602290286688 -0.523661920981975 -0.246711308779215 0.805131653916934 NA 0.0476190476190476 0.0892857142857143 "Uqcrc2_noRT" "non-targeting_noRT"
"9826" "2700046G09Rik" 0.819602290286688 -0.523661920981975 -0.246711308779215 0.805131653916934 NA 0.0476190476190476 0.107142857142857 "Uqcrc2_noRT" "non-targeting_noRT"
"9827" "Slc19a1" 6.86519589318735 -0.178776203287843 -0.246706176756893 0.805135625941146 NA 0.333333333333333 0.428571428571429 "Uqcrc2_noRT" "non-targeting_noRT"
"9828" "Rxylt1" 49.3526811962601 0.0713963906668091 0.246634964912055 0.805190742193106 0.969635062745712 0.904761904761905 0.946428571428571 "Uqcrc2_noRT" "non-targeting_noRT"
"9829" "Gipc1" 13.8383999890889 -0.12627707299158 -0.24641107790352 0.805364031647608 0.969635062745712 0.666666666666667 0.642857142857143 "Uqcrc2_noRT" "non-targeting_noRT"
"9830" "2610037D02Rik" 2.14031836160695 -0.308389774820241 -0.246307888187832 0.805443904126049 NA 0.142857142857143 0.196428571428571 "Uqcrc2_noRT" "non-targeting_noRT"
"9831" "Atg9a" 2.07414312710213 -0.320442749082821 -0.246189085425149 0.805535864167417 NA 0.142857142857143 0.196428571428571 "Uqcrc2_noRT" "non-targeting_noRT"
"9832" "E2f6" 15.9014170566883 0.115838594096151 0.246165636239669 0.805554015477896 0.969635062745712 0.619047619047619 0.625 "Uqcrc2_noRT" "non-targeting_noRT"
"9833" "Hexa" 74.4197786472804 0.0587210006657198 0.245910294095837 0.805751674945806 0.969635062745712 1 1 "Uqcrc2_noRT" "non-targeting_noRT"
"9834" "Kank3" 1.52183561806174 -0.403625218864603 -0.245878976976236 0.805775918274195 NA 0.0952380952380952 0.125 "Uqcrc2_noRT" "non-targeting_noRT"
"9835" "Nmt1" 46.7583004646066 0.0774021420556187 0.245773510907007 0.805857563443834 0.969635062745712 0.857142857142857 0.982142857142857 "Uqcrc2_noRT" "non-targeting_noRT"
"9836" "Scrg1" 8.19893414422746 0.168328161064023 0.245650036652194 0.805953152102532 NA 0.476190476190476 0.446428571428571 "Uqcrc2_noRT" "non-targeting_noRT"
"9837" "Atg16l2" 1.73053267041322 0.337586024599516 0.245624585763369 0.805972855487953 NA 0.142857142857143 0.160714285714286 "Uqcrc2_noRT" "non-targeting_noRT"
"9838" "Sgms1" 1.71302223981345 0.336503978262739 0.245549159888322 0.806031248870894 NA 0.142857142857143 0.160714285714286 "Uqcrc2_noRT" "non-targeting_noRT"
"9839" "Nrtn" 1.52706904858661 -0.385484180324328 -0.245546287322098 0.806033472782411 NA 0.0952380952380952 0.142857142857143 "Uqcrc2_noRT" "non-targeting_noRT"
"9840" "Gm45509" 2.15955624196306 -0.365318522653532 -0.245398274981187 0.806148064551748 NA 0.142857142857143 0.178571428571429 "Uqcrc2_noRT" "non-targeting_noRT"
"9841" "Dync2h1" 2.05721443646899 -0.32418090728193 -0.245395071747063 0.80615054455494 NA 0.142857142857143 0.178571428571429 "Uqcrc2_noRT" "non-targeting_noRT"
"9842" "Atp13a2" 3.6148069806811 -0.250676642134906 -0.245043952967296 0.806422399030832 NA 0.19047619047619 0.285714285714286 "Uqcrc2_noRT" "non-targeting_noRT"
"9843" "Smc5" 10.9168015712716 0.142943774517287 0.245016436484303 0.8064437047162 NA 0.476190476190476 0.571428571428571 "Uqcrc2_noRT" "non-targeting_noRT"
"9844" "Ccnd3" 93.2313892814222 0.0560783448353676 0.244738854511401 0.806658641165787 0.969635062745712 1 0.964285714285714 "Uqcrc2_noRT" "non-targeting_noRT"
"9845" "Acp2" 2.76315657870055 -0.272923429392666 -0.244705441862526 0.806684514133849 NA 0.19047619047619 0.285714285714286 "Uqcrc2_noRT" "non-targeting_noRT"
"9846" "Stag2" 25.2317753484527 0.0901441072636809 0.244615742537589 0.806753973539295 0.969635062745712 0.714285714285714 0.875 "Uqcrc2_noRT" "non-targeting_noRT"
"9847" "Taf13" 10.2194127026991 0.15288765385474 0.244614325224597 0.806755071059428 NA 0.476190476190476 0.589285714285714 "Uqcrc2_noRT" "non-targeting_noRT"
"9848" "Kat5" 4.26505873412891 0.221706309682789 0.244270851786383 0.807021056702783 NA 0.238095238095238 0.267857142857143 "Uqcrc2_noRT" "non-targeting_noRT"
"9849" "Ipmk" 3.62483486324261 -0.246154933001982 -0.244188560250095 0.807084786538727 NA 0.238095238095238 0.339285714285714 "Uqcrc2_noRT" "non-targeting_noRT"
"9850" "Adh5" 59.7201895596673 0.061801099804306 0.244090246496698 0.807160926295211 0.969635062745712 0.952380952380952 0.982142857142857 "Uqcrc2_noRT" "non-targeting_noRT"
"9851" "Tet2" 1.71992304788508 0.32746972735019 0.243936712128508 0.807279835687809 NA 0.142857142857143 0.125 "Uqcrc2_noRT" "non-targeting_noRT"
"9852" "Fam110c" 1.71360397978008 0.335533863237605 0.2436625463321 0.807492182858862 NA 0.142857142857143 0.142857142857143 "Uqcrc2_noRT" "non-targeting_noRT"
"9853" "1600014C10Rik" 3.46925660889763 0.23795344667464 0.243620752216328 0.807524554526327 NA 0.238095238095238 0.285714285714286 "Uqcrc2_noRT" "non-targeting_noRT"
"9854" "Zmym3" 13.3356697118106 0.125513104821646 0.243301971082614 0.807771477562137 0.969635062745712 0.761904761904762 0.625 "Uqcrc2_noRT" "non-targeting_noRT"
"9855" "Stard4" 4.16233802235619 0.215910987008209 0.243301671682246 0.807771709482132 NA 0.333333333333333 0.25 "Uqcrc2_noRT" "non-targeting_noRT"
"9856" "Glrp1" 1.74846716754186 0.366231756190626 0.243205778471637 0.807845990663635 NA 0.0476190476190476 0.107142857142857 "Uqcrc2_noRT" "non-targeting_noRT"
"9857" "Parp12" 23.2805841870164 0.09317265010808 0.243185625285382 0.807861602025523 0.969635062745712 0.666666666666667 0.928571428571429 "Uqcrc2_noRT" "non-targeting_noRT"
"9858" "Mbd5" 4.05735505531441 -0.221560977727524 -0.243149755446106 0.807889388244993 NA 0.238095238095238 0.303571428571429 "Uqcrc2_noRT" "non-targeting_noRT"
"9859" "Acsl1" 1.72573821837659 0.34494132859755 0.243143426751999 0.807894290731014 NA 0.142857142857143 0.142857142857143 "Uqcrc2_noRT" "non-targeting_noRT"
"9860" "Spaca6" 2.14242471764195 -0.31009676870441 -0.243094109552024 0.807932494271096 NA 0.142857142857143 0.232142857142857 "Uqcrc2_noRT" "non-targeting_noRT"
"9861" "Pomc" 1.51174281637499 -0.369177048349584 -0.242963361620362 0.808033780296313 NA 0.0952380952380952 0.178571428571429 "Uqcrc2_noRT" "non-targeting_noRT"
"9862" "Zfp369" 1.51174281637499 -0.369177048349584 -0.242963361620362 0.808033780296313 NA 0.0952380952380952 0.178571428571429 "Uqcrc2_noRT" "non-targeting_noRT"
"9863" "Tmem167b" 4.74152712042228 0.201570221192897 0.242806577040896 0.808155240279259 NA 0.380952380952381 0.410714285714286 "Uqcrc2_noRT" "non-targeting_noRT"
"9864" "Dck" 7.58066202036693 -0.165546939517488 -0.242702255415241 0.808236060118864 NA 0.380952380952381 0.464285714285714 "Uqcrc2_noRT" "non-targeting_noRT"
"9865" "Prelid3b" 31.092570615635 -0.0839938640293047 -0.242582193083174 0.808329077099512 0.969635062745712 0.666666666666667 0.892857142857143 "Uqcrc2_noRT" "non-targeting_noRT"
"9866" "Ythdf2" 35.4857497958047 0.0820808321929583 0.242430201305816 0.808446834954731 0.969635062745712 0.80952380952381 0.892857142857143 "Uqcrc2_noRT" "non-targeting_noRT"
"9867" "S1pr2" 16.5947431768453 -0.114680707357383 -0.242345070293628 0.808512793349029 0.969635062745712 0.619047619047619 0.696428571428571 "Uqcrc2_noRT" "non-targeting_noRT"
"9868" "Uqcrfs1" 79.8533401620991 0.0617908206944589 0.242253104434438 0.808584048822409 0.969635062745712 0.952380952380952 0.946428571428571 "Uqcrc2_noRT" "non-targeting_noRT"
"9869" "Tmem30a" 53.3927633561119 -0.0651607784488074 -0.242193730576767 0.808630052740933 0.969635062745712 0.857142857142857 0.946428571428571 "Uqcrc2_noRT" "non-targeting_noRT"
"9870" "Rhox5" 2.99808657225439 0.253787156569891 0.242109906030443 0.808695002613149 NA 0.19047619047619 0.232142857142857 "Uqcrc2_noRT" "non-targeting_noRT"
"9871" "Map6" 18.0445596400819 -0.111071537157226 -0.241562300848925 0.809119336596069 0.969635062745712 0.571428571428571 0.75 "Uqcrc2_noRT" "non-targeting_noRT"
"9872" "Gm50223" 1.42805715127039 -0.389118005860539 -0.241549634617275 0.809129152201711 NA 0.0952380952380952 0.142857142857143 "Uqcrc2_noRT" "non-targeting_noRT"
"9873" "Col15a1" 1.50592764588348 -0.384229626708253 -0.241486487588083 0.809178087988466 NA 0.0476190476190476 0.178571428571429 "Uqcrc2_noRT" "non-targeting_noRT"
"9874" "Lin7c" 13.9513115328321 0.121114621880657 0.241266767495651 0.80934836587624 0.969635062745712 0.761904761904762 0.678571428571429 "Uqcrc2_noRT" "non-targeting_noRT"
"9875" "Pard6a" 7.26278797837212 -0.165921435571866 -0.241239721847369 0.809369326239676 NA 0.476190476190476 0.517857142857143 "Uqcrc2_noRT" "non-targeting_noRT"
"9876" "Gigyf1" 6.37450182422185 -0.195311964573258 -0.241198493977942 0.809401278080289 NA 0.19047619047619 0.464285714285714 "Uqcrc2_noRT" "non-targeting_noRT"
"9877" "Ptp4a2" 50.0131449615051 -0.0680722209947176 -0.241124973018362 0.809458258043659 0.969635062745712 1 0.982142857142857 "Uqcrc2_noRT" "non-targeting_noRT"
"9878" "Nadk" 10.5804506861912 -0.136111350374113 -0.240829951593292 0.809686914698895 NA 0.476190476190476 0.589285714285714 "Uqcrc2_noRT" "non-targeting_noRT"
"9879" "Lman2l" 9.02348521153497 0.144581881219123 0.240618250373443 0.809851003957488 NA 0.476190476190476 0.517857142857143 "Uqcrc2_noRT" "non-targeting_noRT"
"9880" "Bcl7c" 55.4036668027811 -0.0636966948014863 -0.240503454417163 0.809939985605309 0.969635062745712 0.952380952380952 0.982142857142857 "Uqcrc2_noRT" "non-targeting_noRT"
"9881" "Sf3a3" 58.2091403674529 -0.0639404324039031 -0.240494190464577 0.809947166468577 0.969635062745712 0.904761904761905 0.982142857142857 "Uqcrc2_noRT" "non-targeting_noRT"
"9882" "Tmem106c" 17.9195809495119 0.109012636706222 0.240484722062045 0.809954505825777 0.969635062745712 0.80952380952381 0.785714285714286 "Uqcrc2_noRT" "non-targeting_noRT"
"9883" "Phf2" 2.15993514824172 -0.307908264233252 -0.24043689545427 0.809991578497229 NA 0.142857142857143 0.214285714285714 "Uqcrc2_noRT" "non-targeting_noRT"
"9884" "Zfp184" 1.51806188447998 -0.374584418502131 -0.240373621216349 0.810040626014357 NA 0.0952380952380952 0.178571428571429 "Uqcrc2_noRT" "non-targeting_noRT"
"9885" "Sptlc2" 9.48492842954222 0.151915019080581 0.240310913066827 0.810089235459675 NA 0.476190476190476 0.517857142857143 "Uqcrc2_noRT" "non-targeting_noRT"
"9886" "Samd8" 7.70494240410642 0.162827727395184 0.240287015532097 0.810107760292659 NA 0.428571428571429 0.5 "Uqcrc2_noRT" "non-targeting_noRT"
"9887" "Aldh6a1" 1.54457947918638 -0.380600181971934 -0.240135815817861 0.810224969385503 NA 0.0476190476190476 0.160714285714286 "Uqcrc2_noRT" "non-targeting_noRT"
"9888" "Kctd18" 3.05794273865421 0.268738214624169 0.24011295768938 0.810242689237149 NA 0.19047619047619 0.232142857142857 "Uqcrc2_noRT" "non-targeting_noRT"
"9889" "Sfxn1" 33.6466836110421 0.0885760638592135 0.240081341657379 0.810267198464186 0.969635062745712 0.761904761904762 0.946428571428571 "Uqcrc2_noRT" "non-targeting_noRT"
"9890" "Ccdc91" 3.43989303022408 -0.236879199326905 -0.239949944602397 0.810369061445054 NA 0.19047619047619 0.267857142857143 "Uqcrc2_noRT" "non-targeting_noRT"
"9891" "Rai1" 5.581025299135 -0.19108256899035 -0.239916844592133 0.810394722083063 NA 0.238095238095238 0.410714285714286 "Uqcrc2_noRT" "non-targeting_noRT"
"9892" "Mboat2" 2.76105022266556 -0.27207620111726 -0.239645546118387 0.810605052714412 NA 0.19047619047619 0.232142857142857 "Uqcrc2_noRT" "non-targeting_noRT"
"9893" "Prr14l" 6.65516500936372 0.170967514524678 0.238862422946047 0.811212264345117 NA 0.333333333333333 0.482142857142857 "Uqcrc2_noRT" "non-targeting_noRT"
"9894" "Arhgap6" 9.80562848210139 0.142862111787502 0.238856690903852 0.81121670922824 NA 0.476190476190476 0.517857142857143 "Uqcrc2_noRT" "non-targeting_noRT"
"9895" "Zc3h8" 4.17070337428661 0.240118712385682 0.238721082532348 0.811321867828667 NA 0.285714285714286 0.25 "Uqcrc2_noRT" "non-targeting_noRT"
"9896" "Ppp6r2" 6.08343152889959 -0.19088990555039 -0.238623095415477 0.811397854843899 NA 0.333333333333333 0.464285714285714 "Uqcrc2_noRT" "non-targeting_noRT"
"9897" "Drg1" 40.3188616860693 -0.0735963306931294 -0.238502849905556 0.811491105217931 0.969635062745712 0.761904761904762 1 "Uqcrc2_noRT" "non-targeting_noRT"
"9898" "Azgp1" 2.83354452527537 -0.267153263738607 -0.23845568878776 0.811527679387578 NA 0.142857142857143 0.196428571428571 "Uqcrc2_noRT" "non-targeting_noRT"
"9899" "Plekhm2" 2.19901461105483 0.293839664772093 0.238011345466359 0.811872294626537 NA 0.0952380952380952 0.178571428571429 "Uqcrc2_noRT" "non-targeting_noRT"
"9900" "Rnf125" 2.77318446126206 -0.266157438406665 -0.237762594957988 0.812065231674504 NA 0.142857142857143 0.232142857142857 "Uqcrc2_noRT" "non-targeting_noRT"
"9901" "Prkcq" 0.316384141949583 -0.857262372425607 -0.23774051195207 0.812082360351848 NA 0 0.0357142857142857 "Uqcrc2_noRT" "non-targeting_noRT"
"9902" "Dok7" 0.316384141949583 -0.857262372425607 -0.23774051195207 0.812082360351848 NA 0 0.0535714285714286 "Uqcrc2_noRT" "non-targeting_noRT"
"9903" "Ntf5" 0.316384141949583 -0.857262372425607 -0.23774051195207 0.812082360351848 NA 0 0.0535714285714286 "Uqcrc2_noRT" "non-targeting_noRT"
"9904" "Bpifc" 0.316384141949583 -0.857262372425607 -0.23774051195207 0.812082360351848 NA 0 0.0535714285714286 "Uqcrc2_noRT" "non-targeting_noRT"
"9905" "Homez" 0.316384141949583 -0.857262372425607 -0.23774051195207 0.812082360351848 NA 0 0.0714285714285714 "Uqcrc2_noRT" "non-targeting_noRT"
"9906" "Cops4" 42.3251992092542 0.0714372027932766 0.237669971496734 0.812137075638616 0.969635062745712 0.80952380952381 0.982142857142857 "Uqcrc2_noRT" "non-targeting_noRT"
"9907" "Ip6k1" 6.8113125707168 -0.185091176091954 -0.237533754633368 0.812242735969494 NA 0.333333333333333 0.625 "Uqcrc2_noRT" "non-targeting_noRT"
"9908" "Pes1" 22.6896365145815 -0.0994798308972871 -0.237358548151842 0.812378644689174 0.969635062745712 0.714285714285714 0.857142857142857 "Uqcrc2_noRT" "non-targeting_noRT"
"9909" "Ciao2b" 76.6889045322633 -0.0609532053513547 -0.237276211407372 0.812442515748662 0.969635062745712 1 1 "Uqcrc2_noRT" "non-targeting_noRT"
"9910" "Wdr45b" 21.0216754514876 -0.100001630138848 -0.237224802785543 0.812482395577133 0.969635062745712 0.761904761904762 0.803571428571429 "Uqcrc2_noRT" "non-targeting_noRT"
"9911" "5430405H02Rik" 1.54668583522138 -0.381810531742809 -0.237168931431137 0.812525737886328 NA 0.0952380952380952 0.178571428571429 "Uqcrc2_noRT" "non-targeting_noRT"
"9912" "Rnf8" 9.30637289382561 -0.143590975878965 -0.237062056846341 0.812608647648236 NA 0.428571428571429 0.535714285714286 "Uqcrc2_noRT" "non-targeting_noRT"
"9913" "Erp44" 46.0990470531664 0.0687827967966349 0.237058854317541 0.812611132096393 0.969635062745712 0.952380952380952 1 "Uqcrc2_noRT" "non-targeting_noRT"
"9914" "Tbc1d12" 3.45471536482221 -0.234237111101378 -0.236811933341369 0.812802693385591 NA 0.238095238095238 0.357142857142857 "Uqcrc2_noRT" "non-targeting_noRT"
"9915" "Wdr24" 1.53557231507975 -0.370349193658046 -0.23671758473475 0.812875891991435 NA 0.0952380952380952 0.160714285714286 "Uqcrc2_noRT" "non-targeting_noRT"
"9916" "Ewsr1" 70.5435949640685 0.0564746899216064 0.236671346767168 0.812911765452712 0.969635062745712 0.952380952380952 1 "Uqcrc2_noRT" "non-targeting_noRT"
"9917" "2310011J03Rik" 21.9981430314518 0.0938425425481102 0.2366350877856 0.812939897049702 0.969635062745712 0.714285714285714 0.857142857142857 "Uqcrc2_noRT" "non-targeting_noRT"
"9918" "Smox" 26.488910764317 -0.0954385023594676 -0.236609426152438 0.812959806820468 0.969635062745712 0.80952380952381 0.821428571428571 "Uqcrc2_noRT" "non-targeting_noRT"
"9919" "Trrap" 7.84683160068442 -0.162173280201503 -0.236471867396968 0.813066534874289 NA 0.333333333333333 0.553571428571429 "Uqcrc2_noRT" "non-targeting_noRT"
"9920" "E2f3" 13.5904028394779 0.121976168135601 0.23644005472155 0.813091217948274 0.969635062745712 0.666666666666667 0.571428571428571 "Uqcrc2_noRT" "non-targeting_noRT"
"9921" "Rnf213" 38.6950931573665 -0.0768535367953213 -0.236373710517397 0.813142694219286 0.969635062745712 0.857142857142857 0.892857142857143 "Uqcrc2_noRT" "non-targeting_noRT"
"9922" "Mlec" 29.0574298091066 -0.103287701608173 -0.236301679222378 0.813198584001231 0.969635062745712 0.714285714285714 0.839285714285714 "Uqcrc2_noRT" "non-targeting_noRT"
"9923" "Irf5" 0.827523816813195 -0.511656333824328 -0.2361345657019 0.813328252669376 NA 0.0476190476190476 0.0714285714285714 "Uqcrc2_noRT" "non-targeting_noRT"
"9924" "Mcts1" 41.4656324988752 0.0744423985673738 0.236093105229911 0.813360423953805 0.969635062745712 0.80952380952381 0.964285714285714 "Uqcrc2_noRT" "non-targeting_noRT"
"9925" "Gm42851" 1.73532712244985 0.331635062508831 0.236027350216596 0.8134114472516 NA 0.142857142857143 0.125 "Uqcrc2_noRT" "non-targeting_noRT"
"9926" "Ube2w" 16.9143119408949 -0.108455398068837 -0.235910859122868 0.813501841691415 0.969635062745712 0.666666666666667 0.767857142857143 "Uqcrc2_noRT" "non-targeting_noRT"
"9927" "Fkbp1b" 1.72202940392008 0.324906043018534 0.235841466828043 0.813555689715006 NA 0.142857142857143 0.125 "Uqcrc2_noRT" "non-targeting_noRT"
"9928" "Ephb4" 3.43088586611745 -0.231826213359655 -0.23573751954007 0.813636353864197 NA 0.19047619047619 0.25 "Uqcrc2_noRT" "non-targeting_noRT"
"9929" "Snhg15" 37.3134324238821 -0.0785621619810344 -0.235649263032517 0.813704843360357 0.969635062745712 0.80952380952381 0.928571428571429 "Uqcrc2_noRT" "non-targeting_noRT"
"9930" "Elp3" 7.34167919144008 -0.160861002235989 -0.235384063331943 0.813910654247695 NA 0.380952380952381 0.535714285714286 "Uqcrc2_noRT" "non-targeting_noRT"
"9931" "Hmces" 11.0049027821342 0.129978255631252 0.235173830294347 0.814073816835115 NA 0.666666666666667 0.678571428571429 "Uqcrc2_noRT" "non-targeting_noRT"
"9932" "Mapre3" 1.73953983451985 0.326046943244194 0.235124714091265 0.814111937252928 NA 0.142857142857143 0.125 "Uqcrc2_noRT" "non-targeting_noRT"
"9933" "1700001K23Rik" 1.53346595904476 -0.36771999771488 -0.235054884354307 0.81416613476422 NA 0.0952380952380952 0.142857142857143 "Uqcrc2_noRT" "non-targeting_noRT"
"9934" "Serpina3n" 94.3574784201531 0.0571228818769006 0.235017380830341 0.814195243040922 0.969635062745712 0.952380952380952 0.982142857142857 "Uqcrc2_noRT" "non-targeting_noRT"
"9935" "Nup107" 10.0535771230086 -0.146703884482171 -0.234650788593532 0.814479786294986 NA 0.476190476190476 0.625 "Uqcrc2_noRT" "non-targeting_noRT"
"9936" "Psmd10" 8.82982467644763 -0.147666386369899 -0.234612426458467 0.814509563809398 NA 0.523809523809524 0.571428571428571 "Uqcrc2_noRT" "non-targeting_noRT"
"9937" "Vps26b" 4.73838206126108 -0.196567138923378 -0.234491450186717 0.814603469948763 NA 0.238095238095238 0.410714285714286 "Uqcrc2_noRT" "non-targeting_noRT"
"9938" "Tmem53" 1.16564908610388 0.397618079119245 0.234300310804933 0.814751844650242 NA 0.0952380952380952 0.0892857142857143 "Uqcrc2_noRT" "non-targeting_noRT"
"9939" "Inpp5a" 1.16564908610388 0.397618079119245 0.234300310804933 0.814751844650242 NA 0.0952380952380952 0.107142857142857 "Uqcrc2_noRT" "non-targeting_noRT"
"9940" "Kantr" 4.28674898016799 -0.221569307518699 -0.23429561357672 0.814755491025057 NA 0.238095238095238 0.321428571428571 "Uqcrc2_noRT" "non-targeting_noRT"
"9941" "Zbtb12" 5.97280221382826 -0.178742574492931 -0.23415619124954 0.814863723927758 NA 0.333333333333333 0.464285714285714 "Uqcrc2_noRT" "non-targeting_noRT"
"9942" "Pemt" 2.27477874963292 0.290406744534177 0.234031093797125 0.814960839504583 NA 0.19047619047619 0.196428571428571 "Uqcrc2_noRT" "non-targeting_noRT"
"9943" "Hspa8" 696.115608343927 0.0419513482600768 0.234010965061259 0.814976466097943 0.969635062745712 1 1 "Uqcrc2_noRT" "non-targeting_noRT"
"9944" "Neurl3" 0.0881031995940256 0.954765148899569 0.233983948039062 0.81499744040807 NA 0 0.0178571428571429 "Uqcrc2_noRT" "non-targeting_noRT"
"9945" "Mettl21c" 0.0790960354873956 0.954765148899569 0.233983948039062 0.81499744040807 NA 0 0.0178571428571429 "Uqcrc2_noRT" "non-targeting_noRT"
"9946" "Mstn" 0.0790960354873956 0.954765148899569 0.233983948039062 0.81499744040807 NA 0 0.0178571428571429 "Uqcrc2_noRT" "non-targeting_noRT"
"9947" "Dnah7a" 0.0881031995940256 0.954765148899569 0.233983948039062 0.81499744040807 NA 0 0.0178571428571429 "Uqcrc2_noRT" "non-targeting_noRT"
"9948" "G730003C15Rik" 0.0790960354873956 0.954765148899569 0.233983948039062 0.81499744040807 NA 0 0.0178571428571429 "Uqcrc2_noRT" "non-targeting_noRT"
"9949" "9530026F06Rik" 0.0790960354873956 0.954765148899569 0.233983948039062 0.81499744040807 NA 0 0.0178571428571429 "Uqcrc2_noRT" "non-targeting_noRT"
"9950" "Igfbp2" 0.0790960354873956 0.954765148899569 0.233983948039062 0.81499744040807 NA 0 0.0178571428571429 "Uqcrc2_noRT" "non-targeting_noRT"
"9951" "Gm29358" 0.0881031995940256 0.954765148899569 0.233983948039062 0.81499744040807 NA 0 0.0178571428571429 "Uqcrc2_noRT" "non-targeting_noRT"
"9952" "Col4a3" 0.0790960354873956 0.954765148899569 0.233983948039062 0.81499744040807 NA 0 0.0178571428571429 "Uqcrc2_noRT" "non-targeting_noRT"
"9953" "Gm16094" 0.0881031995940256 0.954765148899569 0.233983948039062 0.81499744040807 NA 0 0.0178571428571429 "Uqcrc2_noRT" "non-targeting_noRT"
"9954" "Gm10552" 0.0881031995940256 0.954765148899569 0.233983948039062 0.81499744040807 NA 0 0.0178571428571429 "Uqcrc2_noRT" "non-targeting_noRT"
"9955" "Gm17017" 0.0790960354873956 0.954765148899569 0.233983948039062 0.81499744040807 NA 0 0.0178571428571429 "Uqcrc2_noRT" "non-targeting_noRT"
"9956" "Mroh2a" 0.0881031995940256 0.954765148899569 0.233983948039062 0.81499744040807 NA 0 0.0178571428571429 "Uqcrc2_noRT" "non-targeting_noRT"
"9957" "Gm28199" 0.0790960354873956 0.954765148899569 0.233983948039062 0.81499744040807 NA 0 0.0178571428571429 "Uqcrc2_noRT" "non-targeting_noRT"
"9958" "Ramp1" 0.0790960354873956 0.954765148899569 0.233983948039062 0.81499744040807 NA 0 0.0178571428571429 "Uqcrc2_noRT" "non-targeting_noRT"
"9959" "Rassf5" 0.0790960354873956 0.954765148899569 0.233983948039062 0.81499744040807 NA 0 0.0178571428571429 "Uqcrc2_noRT" "non-targeting_noRT"
"9960" "Gpr37l1" 0.0790960354873956 0.954765148899569 0.233983948039062 0.81499744040807 NA 0 0.0178571428571429 "Uqcrc2_noRT" "non-targeting_noRT"
"9961" "Kif21b" 0.0881031995940256 0.954765148899569 0.233983948039062 0.81499744040807 NA 0 0.0178571428571429 "Uqcrc2_noRT" "non-targeting_noRT"
"9962" "Gm26781" 0.0790960354873956 0.954765148899569 0.233983948039062 0.81499744040807 NA 0 0.0178571428571429 "Uqcrc2_noRT" "non-targeting_noRT"
"9963" "Ptgs2" 0.0881031995940256 0.954765148899569 0.233983948039062 0.81499744040807 NA 0 0.0178571428571429 "Uqcrc2_noRT" "non-targeting_noRT"
"9964" "2810414N06Rik" 0.0881031995940256 0.954765148899569 0.233983948039062 0.81499744040807 NA 0 0.0178571428571429 "Uqcrc2_noRT" "non-targeting_noRT"
"9965" "Gm28792" 0.0881031995940256 0.954765148899569 0.233983948039062 0.81499744040807 NA 0 0.0178571428571429 "Uqcrc2_noRT" "non-targeting_noRT"
"9966" "Ncf2" 0.0881031995940256 0.954765148899569 0.233983948039062 0.81499744040807 NA 0 0.0178571428571429 "Uqcrc2_noRT" "non-targeting_noRT"
"9967" "Axdnd1" 0.0790960354873956 0.954765148899569 0.233983948039062 0.81499744040807 NA 0 0.0178571428571429 "Uqcrc2_noRT" "non-targeting_noRT"
"9968" "Gm37083" 0.0881031995940256 0.954765148899569 0.233983948039062 0.81499744040807 NA 0 0.0178571428571429 "Uqcrc2_noRT" "non-targeting_noRT"
"9969" "Serpinc1" 0.0881031995940256 0.954765148899569 0.233983948039062 0.81499744040807 NA 0 0.0178571428571429 "Uqcrc2_noRT" "non-targeting_noRT"
"9970" "Gm37864" 0.0881031995940256 0.954765148899569 0.233983948039062 0.81499744040807 NA 0 0.0178571428571429 "Uqcrc2_noRT" "non-targeting_noRT"
"9971" "Gm15853" 0.0790960354873956 0.954765148899569 0.233983948039062 0.81499744040807 NA 0 0.0178571428571429 "Uqcrc2_noRT" "non-targeting_noRT"
"9972" "Gm15852" 0.0881031995940256 0.954765148899569 0.233983948039062 0.81499744040807 NA 0 0.0178571428571429 "Uqcrc2_noRT" "non-targeting_noRT"
"9973" "Klhdc9" 0.0881031995940256 0.954765148899569 0.233983948039062 0.81499744040807 NA 0 0.0178571428571429 "Uqcrc2_noRT" "non-targeting_noRT"
"9974" "Casq1" 0.0790960354873956 0.954765148899569 0.233983948039062 0.81499744040807 NA 0 0.0178571428571429 "Uqcrc2_noRT" "non-targeting_noRT"
"9975" "Gm26879" 0.0790960354873956 0.954765148899569 0.233983948039062 0.81499744040807 NA 0 0.0178571428571429 "Uqcrc2_noRT" "non-targeting_noRT"
"9976" "Hsd11b1" 0.0790960354873956 0.954765148899569 0.233983948039062 0.81499744040807 NA 0 0.0178571428571429 "Uqcrc2_noRT" "non-targeting_noRT"
"9977" "Gm32250" 0.0790960354873956 0.954765148899569 0.233983948039062 0.81499744040807 NA 0 0.0178571428571429 "Uqcrc2_noRT" "non-targeting_noRT"
"9978" "Cdnf" 0.0881031995940256 0.954765148899569 0.233983948039062 0.81499744040807 NA 0 0.0178571428571429 "Uqcrc2_noRT" "non-targeting_noRT"
"9979" "Gm13187" 0.0790960354873956 0.954765148899569 0.233983948039062 0.81499744040807 NA 0 0.0178571428571429 "Uqcrc2_noRT" "non-targeting_noRT"
"9980" "Camk1d" 0.0790960354873956 0.954765148899569 0.233983948039062 0.81499744040807 NA 0 0.0178571428571429 "Uqcrc2_noRT" "non-targeting_noRT"
"9981" "Dhtkd1" 0.0881031995940256 0.954765148899569 0.233983948039062 0.81499744040807 NA 0 0.0178571428571429 "Uqcrc2_noRT" "non-targeting_noRT"
"9982" "E030013I19Rik" 0.0790960354873956 0.954765148899569 0.233983948039062 0.81499744040807 NA 0 0.0178571428571429 "Uqcrc2_noRT" "non-targeting_noRT"
"9983" "Etl4" 0.0790960354873956 0.954765148899569 0.233983948039062 0.81499744040807 NA 0 0.0178571428571429 "Uqcrc2_noRT" "non-targeting_noRT"
"9984" "Enkur" 0.0881031995940256 0.954765148899569 0.233983948039062 0.81499744040807 NA 0 0.0178571428571429 "Uqcrc2_noRT" "non-targeting_noRT"
"9985" "Clic3" 0.0790960354873956 0.954765148899569 0.233983948039062 0.81499744040807 NA 0 0.0178571428571429 "Uqcrc2_noRT" "non-targeting_noRT"
"9986" "Ntng2" 0.0790960354873956 0.954765148899569 0.233983948039062 0.81499744040807 NA 0 0.0178571428571429 "Uqcrc2_noRT" "non-targeting_noRT"
"9987" "Gm13547" 0.0790960354873956 0.954765148899569 0.233983948039062 0.81499744040807 NA 0 0.0178571428571429 "Uqcrc2_noRT" "non-targeting_noRT"
"9988" "Gm13610" 0.0881031995940256 0.954765148899569 0.233983948039062 0.81499744040807 NA 0 0.0178571428571429 "Uqcrc2_noRT" "non-targeting_noRT"
"9989" "Gm13523" 0.0790960354873956 0.954765148899569 0.233983948039062 0.81499744040807 NA 0 0.0178571428571429 "Uqcrc2_noRT" "non-targeting_noRT"
"9990" "Traf1" 0.0790960354873956 0.954765148899569 0.233983948039062 0.81499744040807 NA 0 0.0178571428571429 "Uqcrc2_noRT" "non-targeting_noRT"
"9991" "Ttll11" 0.0790960354873956 0.954765148899569 0.233983948039062 0.81499744040807 NA 0 0.0178571428571429 "Uqcrc2_noRT" "non-targeting_noRT"
"9992" "Nr6a1os" 0.0881031995940256 0.954765148899569 0.233983948039062 0.81499744040807 NA 0 0.0178571428571429 "Uqcrc2_noRT" "non-targeting_noRT"
"9993" "Olfml2a" 0.0790960354873956 0.954765148899569 0.233983948039062 0.81499744040807 NA 0 0.0178571428571429 "Uqcrc2_noRT" "non-targeting_noRT"
"9994" "Kcnh7" 0.0881031995940256 0.954765148899569 0.233983948039062 0.81499744040807 NA 0 0.0178571428571429 "Uqcrc2_noRT" "non-targeting_noRT"
"9995" "Gm13594" 0.0881031995940256 0.954765148899569 0.233983948039062 0.81499744040807 NA 0 0.0178571428571429 "Uqcrc2_noRT" "non-targeting_noRT"
"9996" "Scn2a" 0.0790960354873956 0.954765148899569 0.233983948039062 0.81499744040807 NA 0 0.0178571428571429 "Uqcrc2_noRT" "non-targeting_noRT"
"9997" "Chrna1" 0.0790960354873956 0.954765148899569 0.233983948039062 0.81499744040807 NA 0 0.0178571428571429 "Uqcrc2_noRT" "non-targeting_noRT"
"9998" "Hoxd3" 0.0790960354873956 0.954765148899569 0.233983948039062 0.81499744040807 NA 0 0.0178571428571429 "Uqcrc2_noRT" "non-targeting_noRT"
"9999" "Gm13710" 0.0790960354873956 0.954765148899569 0.233983948039062 0.81499744040807 NA 0 0.0178571428571429 "Uqcrc2_noRT" "non-targeting_noRT"
"10000" "Btbd18" 0.0881031995940256 0.954765148899569 0.233983948039062 0.81499744040807 NA 0 0.0178571428571429 "Uqcrc2_noRT" "non-targeting_noRT"
"10001" "Slc43a1" 0.0881031995940256 0.954765148899569 0.233983948039062 0.81499744040807 NA 0 0.0178571428571429 "Uqcrc2_noRT" "non-targeting_noRT"
"10002" "C1qtnf4" 0.0790960354873956 0.954765148899569 0.233983948039062 0.81499744040807 NA 0 0.0178571428571429 "Uqcrc2_noRT" "non-targeting_noRT"
"10003" "Mdk" 0.0790960354873956 0.954765148899569 0.233983948039062 0.81499744040807 NA 0 0.0178571428571429 "Uqcrc2_noRT" "non-targeting_noRT"
"10004" "Fjx1" 0.0790960354873956 0.954765148899569 0.233983948039062 0.81499744040807 NA 0 0.0178571428571429 "Uqcrc2_noRT" "non-targeting_noRT"
"10005" "Gm28183" 0.0881031995940256 0.954765148899569 0.233983948039062 0.81499744040807 NA 0 0.0178571428571429 "Uqcrc2_noRT" "non-targeting_noRT"
"10006" "Ell3" 0.0881031995940256 0.954765148899569 0.233983948039062 0.81499744040807 NA 0 0.0178571428571429 "Uqcrc2_noRT" "non-targeting_noRT"
"10007" "4930417H01Rik" 0.0790960354873956 0.954765148899569 0.233983948039062 0.81499744040807 NA 0 0.0178571428571429 "Uqcrc2_noRT" "non-targeting_noRT"
"10008" "Gm14010" 0.0881031995940256 0.954765148899569 0.233983948039062 0.81499744040807 NA 0 0.0178571428571429 "Uqcrc2_noRT" "non-targeting_noRT"
"10009" "Gm39929" 0.0881031995940256 0.954765148899569 0.233983948039062 0.81499744040807 NA 0 0.0178571428571429 "Uqcrc2_noRT" "non-targeting_noRT"
"10010" "Gm14149" 0.0790960354873956 0.954765148899569 0.233983948039062 0.81499744040807 NA 0 0.0178571428571429 "Uqcrc2_noRT" "non-targeting_noRT"
"10011" "4930519P11Rik" 0.0790960354873956 0.954765148899569 0.233983948039062 0.81499744040807 NA 0 0.0178571428571429 "Uqcrc2_noRT" "non-targeting_noRT"
"10012" "Slc12a5" 0.0881031995940256 0.954765148899569 0.233983948039062 0.81499744040807 NA 0 0.0178571428571429 "Uqcrc2_noRT" "non-targeting_noRT"
"10013" "Ocstamp" 0.0790960354873956 0.954765148899569 0.233983948039062 0.81499744040807 NA 0 0.0178571428571429 "Uqcrc2_noRT" "non-targeting_noRT"
"10014" "Kcnb1" 0.0790960354873956 0.954765148899569 0.233983948039062 0.81499744040807 NA 0 0.0178571428571429 "Uqcrc2_noRT" "non-targeting_noRT"
"10015" "Ptgis" 0.0790960354873956 0.954765148899569 0.233983948039062 0.81499744040807 NA 0 0.0178571428571429 "Uqcrc2_noRT" "non-targeting_noRT"
"10016" "Gm14308" 0.0790960354873956 0.954765148899569 0.233983948039062 0.81499744040807 NA 0 0.0178571428571429 "Uqcrc2_noRT" "non-targeting_noRT"
"10017" "Zfp970" 0.0881031995940256 0.954765148899569 0.233983948039062 0.81499744040807 NA 0 0.0178571428571429 "Uqcrc2_noRT" "non-targeting_noRT"
"10018" "Ptk6" 0.0881031995940256 0.954765148899569 0.233983948039062 0.81499744040807 NA 0 0.0178571428571429 "Uqcrc2_noRT" "non-targeting_noRT"
"10019" "Car3" 0.0790960354873956 0.954765148899569 0.233983948039062 0.81499744040807 NA 0 0.0178571428571429 "Uqcrc2_noRT" "non-targeting_noRT"
"10020" "Gm32950" 0.0790960354873956 0.954765148899569 0.233983948039062 0.81499744040807 NA 0 0.0178571428571429 "Uqcrc2_noRT" "non-targeting_noRT"
"10021" "Gm5148" 0.0790960354873956 0.954765148899569 0.233983948039062 0.81499744040807 NA 0 0.0178571428571429 "Uqcrc2_noRT" "non-targeting_noRT"
"10022" "Pabpc4l" 0.0881031995940256 0.954765148899569 0.233983948039062 0.81499744040807 NA 0 0.0178571428571429 "Uqcrc2_noRT" "non-targeting_noRT"
"10023" "Gm30173" 0.0881031995940256 0.954765148899569 0.233983948039062 0.81499744040807 NA 0 0.0178571428571429 "Uqcrc2_noRT" "non-targeting_noRT"
"10024" "Frem2" 0.0790960354873956 0.954765148899569 0.233983948039062 0.81499744040807 NA 0 0.0178571428571429 "Uqcrc2_noRT" "non-targeting_noRT"
"10025" "Ccna1" 0.0790960354873956 0.954765148899569 0.233983948039062 0.81499744040807 NA 0 0.0178571428571429 "Uqcrc2_noRT" "non-targeting_noRT"
"10026" "Gm37305" 0.0881031995940256 0.954765148899569 0.233983948039062 0.81499744040807 NA 0 0.0178571428571429 "Uqcrc2_noRT" "non-targeting_noRT"
"10027" "Gria2" 0.0790960354873956 0.954765148899569 0.233983948039062 0.81499744040807 NA 0 0.0178571428571429 "Uqcrc2_noRT" "non-targeting_noRT"
"10028" "Bglap3" 0.0790960354873956 0.954765148899569 0.233983948039062 0.81499744040807 NA 0 0.0178571428571429 "Uqcrc2_noRT" "non-targeting_noRT"
"10029" "Gm43713" 0.0881031995940256 0.954765148899569 0.233983948039062 0.81499744040807 NA 0 0.0178571428571429 "Uqcrc2_noRT" "non-targeting_noRT"
"10030" "Fam189b" 0.0790960354873956 0.954765148899569 0.233983948039062 0.81499744040807 NA 0 0.0178571428571429 "Uqcrc2_noRT" "non-targeting_noRT"
"10031" "Gm15998" 0.0881031995940256 0.954765148899569 0.233983948039062 0.81499744040807 NA 0 0.0178571428571429 "Uqcrc2_noRT" "non-targeting_noRT"
"10032" "Gm19710" 0.0881031995940256 0.954765148899569 0.233983948039062 0.81499744040807 NA 0 0.0178571428571429 "Uqcrc2_noRT" "non-targeting_noRT"
"10033" "4930537H20Rik" 0.0790960354873956 0.954765148899569 0.233983948039062 0.81499744040807 NA 0 0.0178571428571429 "Uqcrc2_noRT" "non-targeting_noRT"
"10034" "C2cd4d" 0.0790960354873956 0.954765148899569 0.233983948039062 0.81499744040807 NA 0 0.0178571428571429 "Uqcrc2_noRT" "non-targeting_noRT"
"10035" "Oaz3" 0.0881031995940256 0.954765148899569 0.233983948039062 0.81499744040807 NA 0 0.0178571428571429 "Uqcrc2_noRT" "non-targeting_noRT"
"10036" "Mtmr11" 0.0790960354873956 0.954765148899569 0.233983948039062 0.81499744040807 NA 0 0.0178571428571429 "Uqcrc2_noRT" "non-targeting_noRT"
"10037" "Hist2h2be" 0.0790960354873956 0.954765148899569 0.233983948039062 0.81499744040807 NA 0 0.0178571428571429 "Uqcrc2_noRT" "non-targeting_noRT"
"10038" "Gm15441" 0.0881031995940256 0.954765148899569 0.233983948039062 0.81499744040807 NA 0 0.0178571428571429 "Uqcrc2_noRT" "non-targeting_noRT"
"10039" "Nudt17" 0.0790960354873956 0.954765148899569 0.233983948039062 0.81499744040807 NA 0 0.0178571428571429 "Uqcrc2_noRT" "non-targeting_noRT"
"10040" "Hsd3b2" 0.0790960354873956 0.954765148899569 0.233983948039062 0.81499744040807 NA 0 0.0178571428571429 "Uqcrc2_noRT" "non-targeting_noRT"
"10041" "Gm43024" 0.0790960354873956 0.954765148899569 0.233983948039062 0.81499744040807 NA 0 0.0178571428571429 "Uqcrc2_noRT" "non-targeting_noRT"
"10042" "Gm43466" 0.0790960354873956 0.954765148899569 0.233983948039062 0.81499744040807 NA 0 0.0178571428571429 "Uqcrc2_noRT" "non-targeting_noRT"
"10043" "Tspan2os" 0.0790960354873956 0.954765148899569 0.233983948039062 0.81499744040807 NA 0 0.0178571428571429 "Uqcrc2_noRT" "non-targeting_noRT"
"10044" "Gm43062" 0.0881031995940256 0.954765148899569 0.233983948039062 0.81499744040807 NA 0 0.0178571428571429 "Uqcrc2_noRT" "non-targeting_noRT"
"10045" "Ampd1" 0.0790960354873956 0.954765148899569 0.233983948039062 0.81499744040807 NA 0 0.0178571428571429 "Uqcrc2_noRT" "non-targeting_noRT"
"10046" "Bcl2l15" 0.0790960354873956 0.954765148899569 0.233983948039062 0.81499744040807 NA 0 0.0178571428571429 "Uqcrc2_noRT" "non-targeting_noRT"
"10047" "Ptpn22" 0.0790960354873956 0.954765148899569 0.233983948039062 0.81499744040807 NA 0 0.0178571428571429 "Uqcrc2_noRT" "non-targeting_noRT"
"10048" "Gm42701" 0.0881031995940256 0.954765148899569 0.233983948039062 0.81499744040807 NA 0 0.0178571428571429 "Uqcrc2_noRT" "non-targeting_noRT"
"10049" "C030032O16Rik" 0.0881031995940256 0.954765148899569 0.233983948039062 0.81499744040807 NA 0 0.0178571428571429 "Uqcrc2_noRT" "non-targeting_noRT"
"10050" "Gm43256" 0.0790960354873956 0.954765148899569 0.233983948039062 0.81499744040807 NA 0 0.0178571428571429 "Uqcrc2_noRT" "non-targeting_noRT"
"10051" "Gm40117" 0.0790960354873956 0.954765148899569 0.233983948039062 0.81499744040807 NA 0 0.0178571428571429 "Uqcrc2_noRT" "non-targeting_noRT"
"10052" "Gm43848" 0.0790960354873956 0.954765148899569 0.233983948039062 0.81499744040807 NA 0 0.0178571428571429 "Uqcrc2_noRT" "non-targeting_noRT"
"10053" "Cyb561d1" 0.0881031995940256 0.954765148899569 0.233983948039062 0.81499744040807 NA 0 0.0178571428571429 "Uqcrc2_noRT" "non-targeting_noRT"
"10054" "Gm12522" 0.0881031995940256 0.954765148899569 0.233983948039062 0.81499744040807 NA 0 0.0178571428571429 "Uqcrc2_noRT" "non-targeting_noRT"
"10055" "Aknad1" 0.0881031995940256 0.954765148899569 0.233983948039062 0.81499744040807 NA 0 0.0178571428571429 "Uqcrc2_noRT" "non-targeting_noRT"
"10056" "Gm42664" 0.0790960354873956 0.954765148899569 0.233983948039062 0.81499744040807 NA 0 0.0178571428571429 "Uqcrc2_noRT" "non-targeting_noRT"
"10057" "Gm43254" 0.0790960354873956 0.954765148899569 0.233983948039062 0.81499744040807 NA 0 0.0178571428571429 "Uqcrc2_noRT" "non-targeting_noRT"
"10058" "Gm43403" 0.0790960354873956 0.954765148899569 0.233983948039062 0.81499744040807 NA 0 0.0178571428571429 "Uqcrc2_noRT" "non-targeting_noRT"
"10059" "Gm43707" 0.0790960354873956 0.954765148899569 0.233983948039062 0.81499744040807 NA 0 0.0178571428571429 "Uqcrc2_noRT" "non-targeting_noRT"
"10060" "Clca4a" 0.0881031995940256 0.954765148899569 0.233983948039062 0.81499744040807 NA 0 0.0178571428571429 "Uqcrc2_noRT" "non-targeting_noRT"
"10061" "Clca2" 0.0881031995940256 0.954765148899569 0.233983948039062 0.81499744040807 NA 0 0.0178571428571429 "Uqcrc2_noRT" "non-targeting_noRT"
"10062" "Col24a1" 0.0881031995940256 0.954765148899569 0.233983948039062 0.81499744040807 NA 0 0.0178571428571429 "Uqcrc2_noRT" "non-targeting_noRT"
"10063" "Ifi44l" 0.0790960354873956 0.954765148899569 0.233983948039062 0.81499744040807 NA 0 0.0178571428571429 "Uqcrc2_noRT" "non-targeting_noRT"
"10064" "Ak5" 0.0881031995940256 0.954765148899569 0.233983948039062 0.81499744040807 NA 0 0.0178571428571429 "Uqcrc2_noRT" "non-targeting_noRT"
"10065" "4930592C13Rik" 0.0790960354873956 0.954765148899569 0.233983948039062 0.81499744040807 NA 0 0.0178571428571429 "Uqcrc2_noRT" "non-targeting_noRT"
"10066" "Fam110b" 0.0790960354873956 0.954765148899569 0.233983948039062 0.81499744040807 NA 0 0.0178571428571429 "Uqcrc2_noRT" "non-targeting_noRT"
"10067" "4930412C18Rik" 0.0790960354873956 0.954765148899569 0.233983948039062 0.81499744040807 NA 0 0.0178571428571429 "Uqcrc2_noRT" "non-targeting_noRT"
"10068" "Fsbp" 0.0790960354873956 0.954765148899569 0.233983948039062 0.81499744040807 NA 0 0.0178571428571429 "Uqcrc2_noRT" "non-targeting_noRT"
"10069" "Gm30731" 0.0881031995940256 0.954765148899569 0.233983948039062 0.81499744040807 NA 0 0.0178571428571429 "Uqcrc2_noRT" "non-targeting_noRT"
"10070" "Ankrd6" 0.0881031995940256 0.954765148899569 0.233983948039062 0.81499744040807 NA 0 0.0178571428571429 "Uqcrc2_noRT" "non-targeting_noRT"
"10071" "Gabrr2" 0.0790960354873956 0.954765148899569 0.233983948039062 0.81499744040807 NA 0 0.0178571428571429 "Uqcrc2_noRT" "non-targeting_noRT"
"10072" "Myorg" 0.0790960354873956 0.954765148899569 0.233983948039062 0.81499744040807 NA 0 0.0178571428571429 "Uqcrc2_noRT" "non-targeting_noRT"
"10073" "Cntfr" 0.0790960354873956 0.954765148899569 0.233983948039062 0.81499744040807 NA 0 0.0178571428571429 "Uqcrc2_noRT" "non-targeting_noRT"
"10074" "Gm12454" 0.0790960354873956 0.954765148899569 0.233983948039062 0.81499744040807 NA 0 0.0178571428571429 "Uqcrc2_noRT" "non-targeting_noRT"
"10075" "Fam221b" 0.0790960354873956 0.954765148899569 0.233983948039062 0.81499744040807 NA 0 0.0178571428571429 "Uqcrc2_noRT" "non-targeting_noRT"
"10076" "Actl7b" 0.0790960354873956 0.954765148899569 0.233983948039062 0.81499744040807 NA 0 0.0178571428571429 "Uqcrc2_noRT" "non-targeting_noRT"
"10077" "Gm12526" 0.0790960354873956 0.954765148899569 0.233983948039062 0.81499744040807 NA 0 0.0178571428571429 "Uqcrc2_noRT" "non-targeting_noRT"
"10078" "D630039A03Rik" 0.0790960354873956 0.954765148899569 0.233983948039062 0.81499744040807 NA 0 0.0178571428571429 "Uqcrc2_noRT" "non-targeting_noRT"
"10079" "4933430I17Rik" 0.0881031995940256 0.954765148899569 0.233983948039062 0.81499744040807 NA 0 0.0178571428571429 "Uqcrc2_noRT" "non-targeting_noRT"
"10080" "Hacd4" 0.0790960354873956 0.954765148899569 0.233983948039062 0.81499744040807 NA 0 0.0178571428571429 "Uqcrc2_noRT" "non-targeting_noRT"
"10081" "Wincr1" 0.0790960354873956 0.954765148899569 0.233983948039062 0.81499744040807 NA 0 0.0178571428571429 "Uqcrc2_noRT" "non-targeting_noRT"
"10082" "Gm12602" 0.0881031995940256 0.954765148899569 0.233983948039062 0.81499744040807 NA 0 0.0178571428571429 "Uqcrc2_noRT" "non-targeting_noRT"
"10083" "Lrrc19" 0.0790960354873956 0.954765148899569 0.233983948039062 0.81499744040807 NA 0 0.0178571428571429 "Uqcrc2_noRT" "non-targeting_noRT"
"10084" "Cyp2j13" 0.0790960354873956 0.954765148899569 0.233983948039062 0.81499744040807 NA 0 0.0178571428571429 "Uqcrc2_noRT" "non-targeting_noRT"
"10085" "Gm12705" 0.0790960354873956 0.954765148899569 0.233983948039062 0.81499744040807 NA 0 0.0178571428571429 "Uqcrc2_noRT" "non-targeting_noRT"
"10086" "Lepr" 0.0790960354873956 0.954765148899569 0.233983948039062 0.81499744040807 NA 0 0.0178571428571429 "Uqcrc2_noRT" "non-targeting_noRT"
"10087" "Slc1a7" 0.0881031995940256 0.954765148899569 0.233983948039062 0.81499744040807 NA 0 0.0178571428571429 "Uqcrc2_noRT" "non-targeting_noRT"
"10088" "Gm12743" 0.0881031995940256 0.954765148899569 0.233983948039062 0.81499744040807 NA 0 0.0178571428571429 "Uqcrc2_noRT" "non-targeting_noRT"
"10089" "Ttc39aos1" 0.0790960354873956 0.954765148899569 0.233983948039062 0.81499744040807 NA 0 0.0178571428571429 "Uqcrc2_noRT" "non-targeting_noRT"
"10090" "Gm12996" 0.0790960354873956 0.954765148899569 0.233983948039062 0.81499744040807 NA 0 0.0178571428571429 "Uqcrc2_noRT" "non-targeting_noRT"
"10091" "Gm12840" 0.0881031995940256 0.954765148899569 0.233983948039062 0.81499744040807 NA 0 0.0178571428571429 "Uqcrc2_noRT" "non-targeting_noRT"
"10092" "Cldn19" 0.0881031995940256 0.954765148899569 0.233983948039062 0.81499744040807 NA 0 0.0178571428571429 "Uqcrc2_noRT" "non-targeting_noRT"
"10093" "Mycl" 0.0881031995940256 0.954765148899569 0.233983948039062 0.81499744040807 NA 0 0.0178571428571429 "Uqcrc2_noRT" "non-targeting_noRT"
"10094" "Gm2164" 0.0790960354873956 0.954765148899569 0.233983948039062 0.81499744040807 NA 0 0.0178571428571429 "Uqcrc2_noRT" "non-targeting_noRT"
"10095" "Tekt2" 0.0881031995940256 0.954765148899569 0.233983948039062 0.81499744040807 NA 0 0.0178571428571429 "Uqcrc2_noRT" "non-targeting_noRT"
"10096" "C77080" 0.0790960354873956 0.954765148899569 0.233983948039062 0.81499744040807 NA 0 0.0178571428571429 "Uqcrc2_noRT" "non-targeting_noRT"
"10097" "Grrp1" 0.0790960354873956 0.954765148899569 0.233983948039062 0.81499744040807 NA 0 0.0178571428571429 "Uqcrc2_noRT" "non-targeting_noRT"
"10098" "Extl1" 0.0881031995940256 0.954765148899569 0.233983948039062 0.81499744040807 NA 0 0.0178571428571429 "Uqcrc2_noRT" "non-targeting_noRT"
"10099" "Pafah2" 0.0881031995940256 0.954765148899569 0.233983948039062 0.81499744040807 NA 0 0.0178571428571429 "Uqcrc2_noRT" "non-targeting_noRT"
"10100" "C1qb" 0.0790960354873956 0.954765148899569 0.233983948039062 0.81499744040807 NA 0 0.0178571428571429 "Uqcrc2_noRT" "non-targeting_noRT"
"10101" "C1qa" 0.0790960354873956 0.954765148899569 0.233983948039062 0.81499744040807 NA 0 0.0178571428571429 "Uqcrc2_noRT" "non-targeting_noRT"
"10102" "Epha8" 0.0881031995940256 0.954765148899569 0.233983948039062 0.81499744040807 NA 0 0.0178571428571429 "Uqcrc2_noRT" "non-targeting_noRT"
"10103" "Gm13010" 0.0790960354873956 0.954765148899569 0.233983948039062 0.81499744040807 NA 0 0.0178571428571429 "Uqcrc2_noRT" "non-targeting_noRT"
"10104" "Pla2g2d" 0.0790960354873956 0.954765148899569 0.233983948039062 0.81499744040807 NA 0 0.0178571428571429 "Uqcrc2_noRT" "non-targeting_noRT"
"10105" "Gm16287" 0.0881031995940256 0.954765148899569 0.233983948039062 0.81499744040807 NA 0 0.0178571428571429 "Uqcrc2_noRT" "non-targeting_noRT"
"10106" "Cplane2" 0.0881031995940256 0.954765148899569 0.233983948039062 0.81499744040807 NA 0 0.0178571428571429 "Uqcrc2_noRT" "non-targeting_noRT"
"10107" "Gm13201" 0.0790960354873956 0.954765148899569 0.233983948039062 0.81499744040807 NA 0 0.0178571428571429 "Uqcrc2_noRT" "non-targeting_noRT"
"10108" "Angptl7" 0.0790960354873956 0.954765148899569 0.233983948039062 0.81499744040807 NA 0 0.0178571428571429 "Uqcrc2_noRT" "non-targeting_noRT"
"10109" "Uts2" 0.0790960354873956 0.954765148899569 0.233983948039062 0.81499744040807 NA 0 0.0178571428571429 "Uqcrc2_noRT" "non-targeting_noRT"
"10110" "Tnfrsf25" 0.0790960354873956 0.954765148899569 0.233983948039062 0.81499744040807 NA 0 0.0178571428571429 "Uqcrc2_noRT" "non-targeting_noRT"
"10111" "Nphp4" 0.0881031995940256 0.954765148899569 0.233983948039062 0.81499744040807 NA 0 0.0178571428571429 "Uqcrc2_noRT" "non-targeting_noRT"
"10112" "Mmp23" 0.0790960354873956 0.954765148899569 0.233983948039062 0.81499744040807 NA 0 0.0178571428571429 "Uqcrc2_noRT" "non-targeting_noRT"
"10113" "C1qtnf12" 0.0790960354873956 0.954765148899569 0.233983948039062 0.81499744040807 NA 0 0.0178571428571429 "Uqcrc2_noRT" "non-targeting_noRT"
"10114" "Gm43017" 0.0790960354873956 0.954765148899569 0.233983948039062 0.81499744040807 NA 0 0.0178571428571429 "Uqcrc2_noRT" "non-targeting_noRT"
"10115" "Gm5152" 0.0881031995940256 0.954765148899569 0.233983948039062 0.81499744040807 NA 0 0.0178571428571429 "Uqcrc2_noRT" "non-targeting_noRT"
"10116" "Rnf32" 0.0790960354873956 0.954765148899569 0.233983948039062 0.81499744040807 NA 0 0.0178571428571429 "Uqcrc2_noRT" "non-targeting_noRT"
"10117" "AI839979" 0.0881031995940256 0.954765148899569 0.233983948039062 0.81499744040807 NA 0 0.0178571428571429 "Uqcrc2_noRT" "non-targeting_noRT"
"10118" "Plb1" 0.0881031995940256 0.954765148899569 0.233983948039062 0.81499744040807 NA 0 0.0178571428571429 "Uqcrc2_noRT" "non-targeting_noRT"
"10119" "Gm15614" 0.0881031995940256 0.954765148899569 0.233983948039062 0.81499744040807 NA 0 0.0178571428571429 "Uqcrc2_noRT" "non-targeting_noRT"
"10120" "Gm15477" 0.0790960354873956 0.954765148899569 0.233983948039062 0.81499744040807 NA 0 0.0178571428571429 "Uqcrc2_noRT" "non-targeting_noRT"
"10121" "Slc10a4" 0.0790960354873956 0.954765148899569 0.233983948039062 0.81499744040807 NA 0 0.0178571428571429 "Uqcrc2_noRT" "non-targeting_noRT"
"10122" "C530008M17Rik" 0.0790960354873956 0.954765148899569 0.233983948039062 0.81499744040807 NA 0 0.0178571428571429 "Uqcrc2_noRT" "non-targeting_noRT"
"10123" "Spink2" 0.0790960354873956 0.954765148899569 0.233983948039062 0.81499744040807 NA 0 0.0178571428571429 "Uqcrc2_noRT" "non-targeting_noRT"
"10124" "Igfbp7" 0.0881031995940256 0.954765148899569 0.233983948039062 0.81499744040807 NA 0 0.0178571428571429 "Uqcrc2_noRT" "non-targeting_noRT"
"10125" "Jchain" 0.0881031995940256 0.954765148899569 0.233983948039062 0.81499744040807 NA 0 0.0178571428571429 "Uqcrc2_noRT" "non-targeting_noRT"
"10126" "Gm9958" 0.0790960354873956 0.954765148899569 0.233983948039062 0.81499744040807 NA 0 0.0178571428571429 "Uqcrc2_noRT" "non-targeting_noRT"
"10127" "Shroom3" 0.0881031995940256 0.954765148899569 0.233983948039062 0.81499744040807 NA 0 0.0178571428571429 "Uqcrc2_noRT" "non-targeting_noRT"
"10128" "4930458D05Rik" 0.0881031995940256 0.954765148899569 0.233983948039062 0.81499744040807 NA 0 0.0178571428571429 "Uqcrc2_noRT" "non-targeting_noRT"
"10129" "Gm36793" 0.0790960354873956 0.954765148899569 0.233983948039062 0.81499744040807 NA 0 0.0178571428571429 "Uqcrc2_noRT" "non-targeting_noRT"
"10130" "Gm26703" 0.0790960354873956 0.954765148899569 0.233983948039062 0.81499744040807 NA 0 0.0178571428571429 "Uqcrc2_noRT" "non-targeting_noRT"
"10131" "Pde6b" 0.0881031995940256 0.954765148899569 0.233983948039062 0.81499744040807 NA 0 0.0178571428571429 "Uqcrc2_noRT" "non-targeting_noRT"
"10132" "4930522L14Rik" 0.0790960354873956 0.954765148899569 0.233983948039062 0.81499744040807 NA 0 0.0178571428571429 "Uqcrc2_noRT" "non-targeting_noRT"
"10133" "Gm17655" 0.0790960354873956 0.954765148899569 0.233983948039062 0.81499744040807 NA 0 0.0178571428571429 "Uqcrc2_noRT" "non-targeting_noRT"
"10134" "Gm15559" 0.0881031995940256 0.954765148899569 0.233983948039062 0.81499744040807 NA 0 0.0178571428571429 "Uqcrc2_noRT" "non-targeting_noRT"
"10135" "Svop" 0.0790960354873956 0.954765148899569 0.233983948039062 0.81499744040807 NA 0 0.0178571428571429 "Uqcrc2_noRT" "non-targeting_noRT"
"10136" "4930519G04Rik" 0.0790960354873956 0.954765148899569 0.233983948039062 0.81499744040807 NA 0 0.0178571428571429 "Uqcrc2_noRT" "non-targeting_noRT"
"10137" "Gm14508" 0.0881031995940256 0.954765148899569 0.233983948039062 0.81499744040807 NA 0 0.0178571428571429 "Uqcrc2_noRT" "non-targeting_noRT"
"10138" "C330018A13Rik" 0.0790960354873956 0.954765148899569 0.233983948039062 0.81499744040807 NA 0 0.0178571428571429 "Uqcrc2_noRT" "non-targeting_noRT"
"10139" "Hrk" 0.0790960354873956 0.954765148899569 0.233983948039062 0.81499744040807 NA 0 0.0178571428571429 "Uqcrc2_noRT" "non-targeting_noRT"
"10140" "Oas1e" 0.0790960354873956 0.954765148899569 0.233983948039062 0.81499744040807 NA 0 0.0178571428571429 "Uqcrc2_noRT" "non-targeting_noRT"
"10141" "Cux2" 0.0790960354873956 0.954765148899569 0.233983948039062 0.81499744040807 NA 0 0.0178571428571429 "Uqcrc2_noRT" "non-targeting_noRT"
"10142" "Ccdc63" 0.0881031995940256 0.954765148899569 0.233983948039062 0.81499744040807 NA 0 0.0178571428571429 "Uqcrc2_noRT" "non-targeting_noRT"
"10143" "Gm42829" 0.0790960354873956 0.954765148899569 0.233983948039062 0.81499744040807 NA 0 0.0178571428571429 "Uqcrc2_noRT" "non-targeting_noRT"
"10144" "Gm2479" 0.0881031995940256 0.954765148899569 0.233983948039062 0.81499744040807 NA 0 0.0178571428571429 "Uqcrc2_noRT" "non-targeting_noRT"
"10145" "Rhof" 0.0790960354873956 0.954765148899569 0.233983948039062 0.81499744040807 NA 0 0.0178571428571429 "Uqcrc2_noRT" "non-targeting_noRT"
"10146" "Lrrc43" 0.0790960354873956 0.954765148899569 0.233983948039062 0.81499744040807 NA 0 0.0178571428571429 "Uqcrc2_noRT" "non-targeting_noRT"
"10147" "Pitpnm2os2" 0.0790960354873956 0.954765148899569 0.233983948039062 0.81499744040807 NA 0 0.0178571428571429 "Uqcrc2_noRT" "non-targeting_noRT"
"10148" "Upk3bl" 0.0790960354873956 0.954765148899569 0.233983948039062 0.81499744040807 NA 0 0.0178571428571429 "Uqcrc2_noRT" "non-targeting_noRT"
"10149" "Pilrb2" 0.0790960354873956 0.954765148899569 0.233983948039062 0.81499744040807 NA 0 0.0178571428571429 "Uqcrc2_noRT" "non-targeting_noRT"
"10150" "Adap1" 0.0790960354873956 0.954765148899569 0.233983948039062 0.81499744040807 NA 0 0.0178571428571429 "Uqcrc2_noRT" "non-targeting_noRT"
"10151" "Gm16121" 0.0881031995940256 0.954765148899569 0.233983948039062 0.81499744040807 NA 0 0.0178571428571429 "Uqcrc2_noRT" "non-targeting_noRT"
"10152" "Lfng" 0.0881031995940256 0.954765148899569 0.233983948039062 0.81499744040807 NA 0 0.0178571428571429 "Uqcrc2_noRT" "non-targeting_noRT"
"10153" "Gm20635" 0.0790960354873956 0.954765148899569 0.233983948039062 0.81499744040807 NA 0 0.0178571428571429 "Uqcrc2_noRT" "non-targeting_noRT"
"10154" "Gm42504" 0.0790960354873956 0.954765148899569 0.233983948039062 0.81499744040807 NA 0 0.0178571428571429 "Uqcrc2_noRT" "non-targeting_noRT"
"10155" "Gm4871" 0.0881031995940256 0.954765148899569 0.233983948039062 0.81499744040807 NA 0 0.0178571428571429 "Uqcrc2_noRT" "non-targeting_noRT"
"10156" "Gm15411" 0.0881031995940256 0.954765148899569 0.233983948039062 0.81499744040807 NA 0 0.0178571428571429 "Uqcrc2_noRT" "non-targeting_noRT"
"10157" "Gm15408" 0.0790960354873956 0.954765148899569 0.233983948039062 0.81499744040807 NA 0 0.0178571428571429 "Uqcrc2_noRT" "non-targeting_noRT"
"10158" "Mm2pr" 0.0881031995940256 0.954765148899569 0.233983948039062 0.81499744040807 NA 0 0.0178571428571429 "Uqcrc2_noRT" "non-targeting_noRT"
"10159" "5430435K18Rik" 0.0881031995940256 0.954765148899569 0.233983948039062 0.81499744040807 NA 0 0.0178571428571429 "Uqcrc2_noRT" "non-targeting_noRT"
"10160" "Col1a2" 0.0790960354873956 0.954765148899569 0.233983948039062 0.81499744040807 NA 0 0.0178571428571429 "Uqcrc2_noRT" "non-targeting_noRT"
"10161" "Gpr85" 0.0790960354873956 0.954765148899569 0.233983948039062 0.81499744040807 NA 0 0.0178571428571429 "Uqcrc2_noRT" "non-targeting_noRT"
"10162" "Gm15473" 0.0881031995940256 0.954765148899569 0.233983948039062 0.81499744040807 NA 0 0.0178571428571429 "Uqcrc2_noRT" "non-targeting_noRT"
"10163" "1700095J07Rik" 0.0881031995940256 0.954765148899569 0.233983948039062 0.81499744040807 NA 0 0.0178571428571429 "Uqcrc2_noRT" "non-targeting_noRT"
"10164" "Gm45738" 0.0790960354873956 0.954765148899569 0.233983948039062 0.81499744040807 NA 0 0.0178571428571429 "Uqcrc2_noRT" "non-targeting_noRT"
"10165" "1700026J14Rik" 0.0790960354873956 0.954765148899569 0.233983948039062 0.81499744040807 NA 0 0.0178571428571429 "Uqcrc2_noRT" "non-targeting_noRT"
"10166" "AI854703" 0.0881031995940256 0.954765148899569 0.233983948039062 0.81499744040807 NA 0 0.0178571428571429 "Uqcrc2_noRT" "non-targeting_noRT"
"10167" "5430402O13Rik" 0.0790960354873956 0.954765148899569 0.233983948039062 0.81499744040807 NA 0 0.0178571428571429 "Uqcrc2_noRT" "non-targeting_noRT"
"10168" "Hoxa2" 0.0881031995940256 0.954765148899569 0.233983948039062 0.81499744040807 NA 0 0.0178571428571429 "Uqcrc2_noRT" "non-targeting_noRT"
"10169" "Hoxa3" 0.0881031995940256 0.954765148899569 0.233983948039062 0.81499744040807 NA 0 0.0178571428571429 "Uqcrc2_noRT" "non-targeting_noRT"
"10170" "4930597O21Rik" 0.0881031995940256 0.954765148899569 0.233983948039062 0.81499744040807 NA 0 0.0178571428571429 "Uqcrc2_noRT" "non-targeting_noRT"
"10171" "1700040L08Rik" 0.0790960354873956 0.954765148899569 0.233983948039062 0.81499744040807 NA 0 0.0178571428571429 "Uqcrc2_noRT" "non-targeting_noRT"
"10172" "Gm20536" 0.0790960354873956 0.954765148899569 0.233983948039062 0.81499744040807 NA 0 0.0178571428571429 "Uqcrc2_noRT" "non-targeting_noRT"
"10173" "Gm9008" 0.0790960354873956 0.954765148899569 0.233983948039062 0.81499744040807 NA 0 0.0178571428571429 "Uqcrc2_noRT" "non-targeting_noRT"
"10174" "B230319C09Rik" 0.0790960354873956 0.954765148899569 0.233983948039062 0.81499744040807 NA 0 0.0178571428571429 "Uqcrc2_noRT" "non-targeting_noRT"
"10175" "Vax2os" 0.0881031995940256 0.954765148899569 0.233983948039062 0.81499744040807 NA 0 0.0178571428571429 "Uqcrc2_noRT" "non-targeting_noRT"
"10176" "Nat8f4" 0.0881031995940256 0.954765148899569 0.233983948039062 0.81499744040807 NA 0 0.0178571428571429 "Uqcrc2_noRT" "non-targeting_noRT"
"10177" "Hdac11" 0.0790960354873956 0.954765148899569 0.233983948039062 0.81499744040807 NA 0 0.0178571428571429 "Uqcrc2_noRT" "non-targeting_noRT"
"10178" "Cntn6" 0.0790960354873956 0.954765148899569 0.233983948039062 0.81499744040807 NA 0 0.0178571428571429 "Uqcrc2_noRT" "non-targeting_noRT"
"10179" "Gm36355" 0.0881031995940256 0.954765148899569 0.233983948039062 0.81499744040807 NA 0 0.0178571428571429 "Uqcrc2_noRT" "non-targeting_noRT"
"10180" "4930540M05Rik" 0.0790960354873956 0.954765148899569 0.233983948039062 0.81499744040807 NA 0 0.0178571428571429 "Uqcrc2_noRT" "non-targeting_noRT"
"10181" "Gm15856" 0.0790960354873956 0.954765148899569 0.233983948039062 0.81499744040807 NA 0 0.0178571428571429 "Uqcrc2_noRT" "non-targeting_noRT"
"10182" "Slc6a13" 0.0790960354873956 0.954765148899569 0.233983948039062 0.81499744040807 NA 0 0.0178571428571429 "Uqcrc2_noRT" "non-targeting_noRT"
"10183" "Dppa3" 0.0790960354873956 0.954765148899569 0.233983948039062 0.81499744040807 NA 0 0.0178571428571429 "Uqcrc2_noRT" "non-targeting_noRT"
"10184" "C3ar1" 0.0790960354873956 0.954765148899569 0.233983948039062 0.81499744040807 NA 0 0.0178571428571429 "Uqcrc2_noRT" "non-targeting_noRT"
"10185" "Gnb3" 0.0881031995940256 0.954765148899569 0.233983948039062 0.81499744040807 NA 0 0.0178571428571429 "Uqcrc2_noRT" "non-targeting_noRT"
"10186" "4930417O13Rik" 0.0790960354873956 0.954765148899569 0.233983948039062 0.81499744040807 NA 0 0.0178571428571429 "Uqcrc2_noRT" "non-targeting_noRT"
"10187" "Scnn1a" 0.0790960354873956 0.954765148899569 0.233983948039062 0.81499744040807 NA 0 0.0178571428571429 "Uqcrc2_noRT" "non-targeting_noRT"
"10188" "Gm43126" 0.0790960354873956 0.954765148899569 0.233983948039062 0.81499744040807 NA 0 0.0178571428571429 "Uqcrc2_noRT" "non-targeting_noRT"
"10189" "9330102E08Rik" 0.0881031995940256 0.954765148899569 0.233983948039062 0.81499744040807 NA 0 0.0178571428571429 "Uqcrc2_noRT" "non-targeting_noRT"
"10190" "Klrb1b" 0.0881031995940256 0.954765148899569 0.233983948039062 0.81499744040807 NA 0 0.0178571428571429 "Uqcrc2_noRT" "non-targeting_noRT"
"10191" "Klrc2" 0.0790960354873956 0.954765148899569 0.233983948039062 0.81499744040807 NA 0 0.0178571428571429 "Uqcrc2_noRT" "non-targeting_noRT"
"10192" "Gm17089" 0.0790960354873956 0.954765148899569 0.233983948039062 0.81499744040807 NA 0 0.0178571428571429 "Uqcrc2_noRT" "non-targeting_noRT"
"10193" "Gm38910" 0.0881031995940256 0.954765148899569 0.233983948039062 0.81499744040807 NA 0 0.0178571428571429 "Uqcrc2_noRT" "non-targeting_noRT"
"10194" "Mansc1" 0.0790960354873956 0.954765148899569 0.233983948039062 0.81499744040807 NA 0 0.0178571428571429 "Uqcrc2_noRT" "non-targeting_noRT"
"10195" "Gm19434" 0.0881031995940256 0.954765148899569 0.233983948039062 0.81499744040807 NA 0 0.0178571428571429 "Uqcrc2_noRT" "non-targeting_noRT"
"10196" "Bhlhe41" 0.0790960354873956 0.954765148899569 0.233983948039062 0.81499744040807 NA 0 0.0178571428571429 "Uqcrc2_noRT" "non-targeting_noRT"
"10197" "Far2" 0.0881031995940256 0.954765148899569 0.233983948039062 0.81499744040807 NA 0 0.0178571428571429 "Uqcrc2_noRT" "non-targeting_noRT"
"10198" "Gm36210" 0.0790960354873956 0.954765148899569 0.233983948039062 0.81499744040807 NA 0 0.0178571428571429 "Uqcrc2_noRT" "non-targeting_noRT"
"10199" "Sbk3" 0.0790960354873956 0.954765148899569 0.233983948039062 0.81499744040807 NA 0 0.0178571428571429 "Uqcrc2_noRT" "non-targeting_noRT"
"10200" "Gm45148" 0.0881031995940256 0.954765148899569 0.233983948039062 0.81499744040807 NA 0 0.0178571428571429 "Uqcrc2_noRT" "non-targeting_noRT"
"10201" "Pou2f2" 0.0881031995940256 0.954765148899569 0.233983948039062 0.81499744040807 NA 0 0.0178571428571429 "Uqcrc2_noRT" "non-targeting_noRT"
"10202" "Zfp526" 0.0790960354873956 0.954765148899569 0.233983948039062 0.81499744040807 NA 0 0.0178571428571429 "Uqcrc2_noRT" "non-targeting_noRT"
"10203" "B3gnt8" 0.0881031995940256 0.954765148899569 0.233983948039062 0.81499744040807 NA 0 0.0178571428571429 "Uqcrc2_noRT" "non-targeting_noRT"
"10204" "BC026762" 0.0881031995940256 0.954765148899569 0.233983948039062 0.81499744040807 NA 0 0.0178571428571429 "Uqcrc2_noRT" "non-targeting_noRT"
"10205" "Hipk4" 0.0790960354873956 0.954765148899569 0.233983948039062 0.81499744040807 NA 0 0.0178571428571429 "Uqcrc2_noRT" "non-targeting_noRT"
"10206" "Ryr1" 0.0790960354873956 0.954765148899569 0.233983948039062 0.81499744040807 NA 0 0.0178571428571429 "Uqcrc2_noRT" "non-targeting_noRT"
"10207" "Spint2" 0.0790960354873956 0.954765148899569 0.233983948039062 0.81499744040807 NA 0 0.0178571428571429 "Uqcrc2_noRT" "non-targeting_noRT"
"10208" "Ovol3" 0.0881031995940256 0.954765148899569 0.233983948039062 0.81499744040807 NA 0 0.0178571428571429 "Uqcrc2_noRT" "non-targeting_noRT"
"10209" "Tyrobp" 0.0790960354873956 0.954765148899569 0.233983948039062 0.81499744040807 NA 0 0.0178571428571429 "Uqcrc2_noRT" "non-targeting_noRT"
"10210" "Zbtb32" 0.0881031995940256 0.954765148899569 0.233983948039062 0.81499744040807 NA 0 0.0178571428571429 "Uqcrc2_noRT" "non-targeting_noRT"
"10211" "G630030J09Rik" 0.0881031995940256 0.954765148899569 0.233983948039062 0.81499744040807 NA 0 0.0178571428571429 "Uqcrc2_noRT" "non-targeting_noRT"
"10212" "Gm44837" 0.0790960354873956 0.954765148899569 0.233983948039062 0.81499744040807 NA 0 0.0178571428571429 "Uqcrc2_noRT" "non-targeting_noRT"
"10213" "Gm44836" 0.0790960354873956 0.954765148899569 0.233983948039062 0.81499744040807 NA 0 0.0178571428571429 "Uqcrc2_noRT" "non-targeting_noRT"
"10214" "Slc7a10" 0.0790960354873956 0.954765148899569 0.233983948039062 0.81499744040807 NA 0 0.0178571428571429 "Uqcrc2_noRT" "non-targeting_noRT"
"10215" "1700008O03Rik" 0.0790960354873956 0.954765148899569 0.233983948039062 0.81499744040807 NA 0 0.0178571428571429 "Uqcrc2_noRT" "non-targeting_noRT"
"10216" "Gfy" 0.0790960354873956 0.954765148899569 0.233983948039062 0.81499744040807 NA 0 0.0178571428571429 "Uqcrc2_noRT" "non-targeting_noRT"
"10217" "Gm45619" 0.0881031995940256 0.954765148899569 0.233983948039062 0.81499744040807 NA 0 0.0178571428571429 "Uqcrc2_noRT" "non-targeting_noRT"
"10218" "Sec1" 0.0881031995940256 0.954765148899569 0.233983948039062 0.81499744040807 NA 0 0.0178571428571429 "Uqcrc2_noRT" "non-targeting_noRT"
"10219" "Ntn5" 0.0881031995940256 0.954765148899569 0.233983948039062 0.81499744040807 NA 0 0.0178571428571429 "Uqcrc2_noRT" "non-targeting_noRT"
"10220" "Lmtk3" 0.0790960354873956 0.954765148899569 0.233983948039062 0.81499744040807 NA 0 0.0178571428571429 "Uqcrc2_noRT" "non-targeting_noRT"
"10221" "Gm45441" 0.0790960354873956 0.954765148899569 0.233983948039062 0.81499744040807 NA 0 0.0178571428571429 "Uqcrc2_noRT" "non-targeting_noRT"
"10222" "Gm45311" 0.0881031995940256 0.954765148899569 0.233983948039062 0.81499744040807 NA 0 0.0178571428571429 "Uqcrc2_noRT" "non-targeting_noRT"
"10223" "Ptpn5" 0.0881031995940256 0.954765148899569 0.233983948039062 0.81499744040807 NA 0 0.0178571428571429 "Uqcrc2_noRT" "non-targeting_noRT"
"10224" "Gm45235" 0.0790960354873956 0.954765148899569 0.233983948039062 0.81499744040807 NA 0 0.0178571428571429 "Uqcrc2_noRT" "non-targeting_noRT"
"10225" "Gm38393" 0.0881031995940256 0.954765148899569 0.233983948039062 0.81499744040807 NA 0 0.0178571428571429 "Uqcrc2_noRT" "non-targeting_noRT"
"10226" "E030018B13Rik" 0.0790960354873956 0.954765148899569 0.233983948039062 0.81499744040807 NA 0 0.0178571428571429 "Uqcrc2_noRT" "non-targeting_noRT"
"10227" "Cers3" 0.0790960354873956 0.954765148899569 0.233983948039062 0.81499744040807 NA 0 0.0178571428571429 "Uqcrc2_noRT" "non-targeting_noRT"
"10228" "Gm45715" 0.0790960354873956 0.954765148899569 0.233983948039062 0.81499744040807 NA 0 0.0178571428571429 "Uqcrc2_noRT" "non-targeting_noRT"
"10229" "Gm21269" 0.0881031995940256 0.954765148899569 0.233983948039062 0.81499744040807 NA 0 0.0178571428571429 "Uqcrc2_noRT" "non-targeting_noRT"
"10230" "Mir9-3hg" 0.0881031995940256 0.954765148899569 0.233983948039062 0.81499744040807 NA 0 0.0178571428571429 "Uqcrc2_noRT" "non-targeting_noRT"
"10231" "Gm35040" 0.0790960354873956 0.954765148899569 0.233983948039062 0.81499744040807 NA 0 0.0178571428571429 "Uqcrc2_noRT" "non-targeting_noRT"
"10232" "Plin1" 0.0790960354873956 0.954765148899569 0.233983948039062 0.81499744040807 NA 0 0.0178571428571429 "Uqcrc2_noRT" "non-targeting_noRT"
"10233" "5430400D12Rik" 0.0790960354873956 0.954765148899569 0.233983948039062 0.81499744040807 NA 0 0.0178571428571429 "Uqcrc2_noRT" "non-targeting_noRT"
"10234" "Homer2" 0.0881031995940256 0.954765148899569 0.233983948039062 0.81499744040807 NA 0 0.0178571428571429 "Uqcrc2_noRT" "non-targeting_noRT"
"10235" "4933406J10Rik" 0.0790960354873956 0.954765148899569 0.233983948039062 0.81499744040807 NA 0 0.0178571428571429 "Uqcrc2_noRT" "non-targeting_noRT"
"10236" "Tmc3" 0.0790960354873956 0.954765148899569 0.233983948039062 0.81499744040807 NA 0 0.0178571428571429 "Uqcrc2_noRT" "non-targeting_noRT"
"10237" "Gm26708" 0.0790960354873956 0.954765148899569 0.233983948039062 0.81499744040807 NA 0 0.0178571428571429 "Uqcrc2_noRT" "non-targeting_noRT"
"10238" "Vmn2r68" 0.0881031995940256 0.954765148899569 0.233983948039062 0.81499744040807 NA 0 0.0178571428571429 "Uqcrc2_noRT" "non-targeting_noRT"
"10239" "Vmn2r79" 0.0790960354873956 0.954765148899569 0.233983948039062 0.81499744040807 NA 0 0.0178571428571429 "Uqcrc2_noRT" "non-targeting_noRT"
"10240" "Dlg2" 0.0881031995940256 0.954765148899569 0.233983948039062 0.81499744040807 NA 0 0.0178571428571429 "Uqcrc2_noRT" "non-targeting_noRT"
"10241" "Omp" 0.0881031995940256 0.954765148899569 0.233983948039062 0.81499744040807 NA 0 0.0178571428571429 "Uqcrc2_noRT" "non-targeting_noRT"
"10242" "Gm45591" 0.0881031995940256 0.954765148899569 0.233983948039062 0.81499744040807 NA 0 0.0178571428571429 "Uqcrc2_noRT" "non-targeting_noRT"
"10243" "Gm35082" 0.0790960354873956 0.954765148899569 0.233983948039062 0.81499744040807 NA 0 0.0178571428571429 "Uqcrc2_noRT" "non-targeting_noRT"
"10244" "Art2b" 0.0790960354873956 0.954765148899569 0.233983948039062 0.81499744040807 NA 0 0.0178571428571429 "Uqcrc2_noRT" "non-targeting_noRT"
"10245" "Gm10602" 0.0790960354873956 0.954765148899569 0.233983948039062 0.81499744040807 NA 0 0.0178571428571429 "Uqcrc2_noRT" "non-targeting_noRT"
"10246" "Art5" 0.0790960354873956 0.954765148899569 0.233983948039062 0.81499744040807 NA 0 0.0178571428571429 "Uqcrc2_noRT" "non-targeting_noRT"
"10247" "Olfr553" 0.0790960354873956 0.954765148899569 0.233983948039062 0.81499744040807 NA 0 0.0178571428571429 "Uqcrc2_noRT" "non-targeting_noRT"
"10248" "Gm20663" 0.0881031995940256 0.954765148899569 0.233983948039062 0.81499744040807 NA 0 0.0178571428571429 "Uqcrc2_noRT" "non-targeting_noRT"
"10249" "Olfr714" 0.0881031995940256 0.954765148899569 0.233983948039062 0.81499744040807 NA 0 0.0178571428571429 "Uqcrc2_noRT" "non-targeting_noRT"
"10250" "Sox6os" 0.0790960354873956 0.954765148899569 0.233983948039062 0.81499744040807 NA 0 0.0178571428571429 "Uqcrc2_noRT" "non-targeting_noRT"
"10251" "Iqck" 0.0881031995940256 0.954765148899569 0.233983948039062 0.81499744040807 NA 0 0.0178571428571429 "Uqcrc2_noRT" "non-targeting_noRT"
"10252" "Gm15489" 0.0790960354873956 0.954765148899569 0.233983948039062 0.81499744040807 NA 0 0.0178571428571429 "Uqcrc2_noRT" "non-targeting_noRT"
"10253" "Gm45847" 0.0790960354873956 0.954765148899569 0.233983948039062 0.81499744040807 NA 0 0.0178571428571429 "Uqcrc2_noRT" "non-targeting_noRT"
"10254" "Coro1a" 0.0790960354873956 0.954765148899569 0.233983948039062 0.81499744040807 NA 0 0.0178571428571429 "Uqcrc2_noRT" "non-targeting_noRT"
"10255" "Sez6l2" 0.0790960354873956 0.954765148899569 0.233983948039062 0.81499744040807 NA 0 0.0178571428571429 "Uqcrc2_noRT" "non-targeting_noRT"
"10256" "Stx1b" 0.0790960354873956 0.954765148899569 0.233983948039062 0.81499744040807 NA 0 0.0178571428571429 "Uqcrc2_noRT" "non-targeting_noRT"
"10257" "Gm15503" 0.0881031995940256 0.954765148899569 0.233983948039062 0.81499744040807 NA 0 0.0178571428571429 "Uqcrc2_noRT" "non-targeting_noRT"
"10258" "Gm33027" 0.0881031995940256 0.954765148899569 0.233983948039062 0.81499744040807 NA 0 0.0178571428571429 "Uqcrc2_noRT" "non-targeting_noRT"
"10259" "Gm5602" 0.0790960354873956 0.954765148899569 0.233983948039062 0.81499744040807 NA 0 0.0178571428571429 "Uqcrc2_noRT" "non-targeting_noRT"
"10260" "Nkx1-2" 0.0790960354873956 0.954765148899569 0.233983948039062 0.81499744040807 NA 0 0.0178571428571429 "Uqcrc2_noRT" "non-targeting_noRT"
"10261" "Ifitm6" 0.0790960354873956 0.954765148899569 0.233983948039062 0.81499744040807 NA 0 0.0178571428571429 "Uqcrc2_noRT" "non-targeting_noRT"
"10262" "Gm10575" 0.0790960354873956 0.954765148899569 0.233983948039062 0.81499744040807 NA 0 0.0178571428571429 "Uqcrc2_noRT" "non-targeting_noRT"
"10263" "Ifitm10" 0.0790960354873956 0.954765148899569 0.233983948039062 0.81499744040807 NA 0 0.0178571428571429 "Uqcrc2_noRT" "non-targeting_noRT"
"10264" "Gm45231" 0.0790960354873956 0.954765148899569 0.233983948039062 0.81499744040807 NA 0 0.0178571428571429 "Uqcrc2_noRT" "non-targeting_noRT"
"10265" "1700041G16Rik" 0.0881031995940256 0.954765148899569 0.233983948039062 0.81499744040807 NA 0 0.0178571428571429 "Uqcrc2_noRT" "non-targeting_noRT"
"10266" "Gm32389" 0.0790960354873956 0.954765148899569 0.233983948039062 0.81499744040807 NA 0 0.0178571428571429 "Uqcrc2_noRT" "non-targeting_noRT"
"10267" "Got1l1" 0.0790960354873956 0.954765148899569 0.233983948039062 0.81499744040807 NA 0 0.0178571428571429 "Uqcrc2_noRT" "non-targeting_noRT"
"10268" "Msr1" 0.0790960354873956 0.954765148899569 0.233983948039062 0.81499744040807 NA 0 0.0178571428571429 "Uqcrc2_noRT" "non-targeting_noRT"
"10269" "Enpp6" 0.0881031995940256 0.954765148899569 0.233983948039062 0.81499744040807 NA 0 0.0178571428571429 "Uqcrc2_noRT" "non-targeting_noRT"
"10270" "Zfp964" 0.0881031995940256 0.954765148899569 0.233983948039062 0.81499744040807 NA 0 0.0178571428571429 "Uqcrc2_noRT" "non-targeting_noRT"
"10271" "Hapln4" 0.0881031995940256 0.954765148899569 0.233983948039062 0.81499744040807 NA 0 0.0178571428571429 "Uqcrc2_noRT" "non-targeting_noRT"
"10272" "Comp" 0.0881031995940256 0.954765148899569 0.233983948039062 0.81499744040807 NA 0 0.0178571428571429 "Uqcrc2_noRT" "non-targeting_noRT"
"10273" "Cib3" 0.0790960354873956 0.954765148899569 0.233983948039062 0.81499744040807 NA 0 0.0178571428571429 "Uqcrc2_noRT" "non-targeting_noRT"
"10274" "4933421D24Rik" 0.0881031995940256 0.954765148899569 0.233983948039062 0.81499744040807 NA 0 0.0178571428571429 "Uqcrc2_noRT" "non-targeting_noRT"
"10275" "Gm9725" 0.0881031995940256 0.954765148899569 0.233983948039062 0.81499744040807 NA 0 0.0178571428571429 "Uqcrc2_noRT" "non-targeting_noRT"
"10276" "Tbc1d9" 0.0790960354873956 0.954765148899569 0.233983948039062 0.81499744040807 NA 0 0.0178571428571429 "Uqcrc2_noRT" "non-targeting_noRT"
"10277" "Palm3" 0.0881031995940256 0.954765148899569 0.233983948039062 0.81499744040807 NA 0 0.0178571428571429 "Uqcrc2_noRT" "non-targeting_noRT"
"10278" "Gm16183" 0.0790960354873956 0.954765148899569 0.233983948039062 0.81499744040807 NA 0 0.0178571428571429 "Uqcrc2_noRT" "non-targeting_noRT"
"10279" "Lyl1" 0.0790960354873956 0.954765148899569 0.233983948039062 0.81499744040807 NA 0 0.0178571428571429 "Uqcrc2_noRT" "non-targeting_noRT"
"10280" "Cks1brt" 0.0881031995940256 0.954765148899569 0.233983948039062 0.81499744040807 NA 0 0.0178571428571429 "Uqcrc2_noRT" "non-targeting_noRT"
"10281" "Gm19935" 0.0881031995940256 0.954765148899569 0.233983948039062 0.81499744040807 NA 0 0.0178571428571429 "Uqcrc2_noRT" "non-targeting_noRT"
"10282" "4831440D22Rik" 0.0881031995940256 0.954765148899569 0.233983948039062 0.81499744040807 NA 0 0.0178571428571429 "Uqcrc2_noRT" "non-targeting_noRT"
"10283" "Mt4" 0.0790960354873956 0.954765148899569 0.233983948039062 0.81499744040807 NA 0 0.0178571428571429 "Uqcrc2_noRT" "non-targeting_noRT"
"10284" "Slc12a3" 0.0790960354873956 0.954765148899569 0.233983948039062 0.81499744040807 NA 0 0.0178571428571429 "Uqcrc2_noRT" "non-targeting_noRT"
"10285" "Gm31518" 0.0790960354873956 0.954765148899569 0.233983948039062 0.81499744040807 NA 0 0.0178571428571429 "Uqcrc2_noRT" "non-targeting_noRT"
"10286" "Gm33023" 0.0881031995940256 0.954765148899569 0.233983948039062 0.81499744040807 NA 0 0.0178571428571429 "Uqcrc2_noRT" "non-targeting_noRT"
"10287" "Ces4a" 0.0881031995940256 0.954765148899569 0.233983948039062 0.81499744040807 NA 0 0.0178571428571429 "Uqcrc2_noRT" "non-targeting_noRT"
"10288" "Exoc3l" 0.0790960354873956 0.954765148899569 0.233983948039062 0.81499744040807 NA 0 0.0178571428571429 "Uqcrc2_noRT" "non-targeting_noRT"
"10289" "Gm38250" 0.0790960354873956 0.954765148899569 0.233983948039062 0.81499744040807 NA 0 0.0178571428571429 "Uqcrc2_noRT" "non-targeting_noRT"
"10290" "Agrp" 0.0790960354873956 0.954765148899569 0.233983948039062 0.81499744040807 NA 0 0.0178571428571429 "Uqcrc2_noRT" "non-targeting_noRT"
"10291" "Gm45733" 0.0881031995940256 0.954765148899569 0.233983948039062 0.81499744040807 NA 0 0.0178571428571429 "Uqcrc2_noRT" "non-targeting_noRT"
"10292" "Wfdc1" 0.0881031995940256 0.954765148899569 0.233983948039062 0.81499744040807 NA 0 0.0178571428571429 "Uqcrc2_noRT" "non-targeting_noRT"
"10293" "BC048644" 0.0790960354873956 0.954765148899569 0.233983948039062 0.81499744040807 NA 0 0.0178571428571429 "Uqcrc2_noRT" "non-targeting_noRT"
"10294" "Cyba" 0.0790960354873956 0.954765148899569 0.233983948039062 0.81499744040807 NA 0 0.0178571428571429 "Uqcrc2_noRT" "non-targeting_noRT"
"10295" "Snai3" 0.0790960354873956 0.954765148899569 0.233983948039062 0.81499744040807 NA 0 0.0178571428571429 "Uqcrc2_noRT" "non-targeting_noRT"
"10296" "Gm45894" 0.0881031995940256 0.954765148899569 0.233983948039062 0.81499744040807 NA 0 0.0178571428571429 "Uqcrc2_noRT" "non-targeting_noRT"
"10297" "Spata33" 0.0881031995940256 0.954765148899569 0.233983948039062 0.81499744040807 NA 0 0.0178571428571429 "Uqcrc2_noRT" "non-targeting_noRT"
"10298" "Spire2" 0.0881031995940256 0.954765148899569 0.233983948039062 0.81499744040807 NA 0 0.0178571428571429 "Uqcrc2_noRT" "non-targeting_noRT"
"10299" "Acta1" 0.0881031995940256 0.954765148899569 0.233983948039062 0.81499744040807 NA 0 0.0178571428571429 "Uqcrc2_noRT" "non-targeting_noRT"
"10300" "Gm45890" 0.0881031995940256 0.954765148899569 0.233983948039062 0.81499744040807 NA 0 0.0178571428571429 "Uqcrc2_noRT" "non-targeting_noRT"
"10301" "Kcnk1" 0.0790960354873956 0.954765148899569 0.233983948039062 0.81499744040807 NA 0 0.0178571428571429 "Uqcrc2_noRT" "non-targeting_noRT"
"10302" "Gm10719" 0.0881031995940256 0.954765148899569 0.233983948039062 0.81499744040807 NA 0 0.0178571428571429 "Uqcrc2_noRT" "non-targeting_noRT"
"10303" "Kdm4d" 0.0881031995940256 0.954765148899569 0.233983948039062 0.81499744040807 NA 0 0.0178571428571429 "Uqcrc2_noRT" "non-targeting_noRT"
"10304" "Vstm5" 0.0881031995940256 0.954765148899569 0.233983948039062 0.81499744040807 NA 0 0.0178571428571429 "Uqcrc2_noRT" "non-targeting_noRT"
"10305" "Fbxl12os" 0.0790960354873956 0.954765148899569 0.233983948039062 0.81499744040807 NA 0 0.0178571428571429 "Uqcrc2_noRT" "non-targeting_noRT"
"10306" "Ccdc159" 0.0790960354873956 0.954765148899569 0.233983948039062 0.81499744040807 NA 0 0.0178571428571429 "Uqcrc2_noRT" "non-targeting_noRT"
"10307" "Acp5" 0.0790960354873956 0.954765148899569 0.233983948039062 0.81499744040807 NA 0 0.0178571428571429 "Uqcrc2_noRT" "non-targeting_noRT"
"10308" "Zfp599" 0.0790960354873956 0.954765148899569 0.233983948039062 0.81499744040807 NA 0 0.0178571428571429 "Uqcrc2_noRT" "non-targeting_noRT"
"10309" "Gm10701" 0.0790960354873956 0.954765148899569 0.233983948039062 0.81499744040807 NA 0 0.0178571428571429 "Uqcrc2_noRT" "non-targeting_noRT"
"10310" "4930517E14Rik" 0.0790960354873956 0.954765148899569 0.233983948039062 0.81499744040807 NA 0 0.0178571428571429 "Uqcrc2_noRT" "non-targeting_noRT"
"10311" "Hepacam" 0.0790960354873956 0.954765148899569 0.233983948039062 0.81499744040807 NA 0 0.0178571428571429 "Uqcrc2_noRT" "non-targeting_noRT"
"10312" "Olfr986" 0.0790960354873956 0.954765148899569 0.233983948039062 0.81499744040807 NA 0 0.0178571428571429 "Uqcrc2_noRT" "non-targeting_noRT"
"10313" "Gm49380" 0.0881031995940256 0.954765148899569 0.233983948039062 0.81499744040807 NA 0 0.0178571428571429 "Uqcrc2_noRT" "non-targeting_noRT"
"10314" "Tmem25" 0.0790960354873956 0.954765148899569 0.233983948039062 0.81499744040807 NA 0 0.0178571428571429 "Uqcrc2_noRT" "non-targeting_noRT"
"10315" "Tagln" 0.0881031995940256 0.954765148899569 0.233983948039062 0.81499744040807 NA 0 0.0178571428571429 "Uqcrc2_noRT" "non-targeting_noRT"
"10316" "A830035O19Rik" 0.0790960354873956 0.954765148899569 0.233983948039062 0.81499744040807 NA 0 0.0178571428571429 "Uqcrc2_noRT" "non-targeting_noRT"
"10317" "Btg4" 0.0790960354873956 0.954765148899569 0.233983948039062 0.81499744040807 NA 0 0.0178571428571429 "Uqcrc2_noRT" "non-targeting_noRT"
"10318" "Gm6980" 0.0881031995940256 0.954765148899569 0.233983948039062 0.81499744040807 NA 0 0.0178571428571429 "Uqcrc2_noRT" "non-targeting_noRT"
"10319" "Nrg4" 0.0790960354873956 0.954765148899569 0.233983948039062 0.81499744040807 NA 0 0.0178571428571429 "Uqcrc2_noRT" "non-targeting_noRT"
"10320" "Gm47237" 0.0881031995940256 0.954765148899569 0.233983948039062 0.81499744040807 NA 0 0.0178571428571429 "Uqcrc2_noRT" "non-targeting_noRT"
"10321" "Gm17322" 0.0790960354873956 0.954765148899569 0.233983948039062 0.81499744040807 NA 0 0.0178571428571429 "Uqcrc2_noRT" "non-targeting_noRT"
"10322" "Gm10655" 0.0881031995940256 0.954765148899569 0.233983948039062 0.81499744040807 NA 0 0.0178571428571429 "Uqcrc2_noRT" "non-targeting_noRT"
"10323" "Gm16759" 0.0881031995940256 0.954765148899569 0.233983948039062 0.81499744040807 NA 0 0.0178571428571429 "Uqcrc2_noRT" "non-targeting_noRT"
"10324" "Uchl4" 0.0790960354873956 0.954765148899569 0.233983948039062 0.81499744040807 NA 0 0.0178571428571429 "Uqcrc2_noRT" "non-targeting_noRT"
"10325" "Slc24a1" 0.0790960354873956 0.954765148899569 0.233983948039062 0.81499744040807 NA 0 0.0178571428571429 "Uqcrc2_noRT" "non-targeting_noRT"
"10326" "Igdcc4" 0.0790960354873956 0.954765148899569 0.233983948039062 0.81499744040807 NA 0 0.0178571428571429 "Uqcrc2_noRT" "non-targeting_noRT"
"10327" "Myzap" 0.0790960354873956 0.954765148899569 0.233983948039062 0.81499744040807 NA 0 0.0178571428571429 "Uqcrc2_noRT" "non-targeting_noRT"
"10328" "Gm27253" 0.0881031995940256 0.954765148899569 0.233983948039062 0.81499744040807 NA 0 0.0178571428571429 "Uqcrc2_noRT" "non-targeting_noRT"
"10329" "BC065403" 0.0790960354873956 0.954765148899569 0.233983948039062 0.81499744040807 NA 0 0.0178571428571429 "Uqcrc2_noRT" "non-targeting_noRT"
"10330" "Gm26903" 0.0881031995940256 0.954765148899569 0.233983948039062 0.81499744040807 NA 0 0.0178571428571429 "Uqcrc2_noRT" "non-targeting_noRT"
"10331" "Gm17324" 0.0881031995940256 0.954765148899569 0.233983948039062 0.81499744040807 NA 0 0.0178571428571429 "Uqcrc2_noRT" "non-targeting_noRT"
"10332" "Filip1" 0.0881031995940256 0.954765148899569 0.233983948039062 0.81499744040807 NA 0 0.0178571428571429 "Uqcrc2_noRT" "non-targeting_noRT"
"10333" "Gm35548" 0.0790960354873956 0.954765148899569 0.233983948039062 0.81499744040807 NA 0 0.0178571428571429 "Uqcrc2_noRT" "non-targeting_noRT"
"10334" "Gm28729" 0.0790960354873956 0.954765148899569 0.233983948039062 0.81499744040807 NA 0 0.0178571428571429 "Uqcrc2_noRT" "non-targeting_noRT"
"10335" "1300017J02Rik" 0.0790960354873956 0.954765148899569 0.233983948039062 0.81499744040807 NA 0 0.0178571428571429 "Uqcrc2_noRT" "non-targeting_noRT"
"10336" "Gm37401" 0.0790960354873956 0.954765148899569 0.233983948039062 0.81499744040807 NA 0 0.0178571428571429 "Uqcrc2_noRT" "non-targeting_noRT"
"10337" "Als2cl" 0.0881031995940256 0.954765148899569 0.233983948039062 0.81499744040807 NA 0 0.0178571428571429 "Uqcrc2_noRT" "non-targeting_noRT"
"10338" "Tmppe" 0.0790960354873956 0.954765148899569 0.233983948039062 0.81499744040807 NA 0 0.0178571428571429 "Uqcrc2_noRT" "non-targeting_noRT"
"10339" "Gadl1" 0.0881031995940256 0.954765148899569 0.233983948039062 0.81499744040807 NA 0 0.0178571428571429 "Uqcrc2_noRT" "non-targeting_noRT"
"10340" "Itga9" 0.0881031995940256 0.954765148899569 0.233983948039062 0.81499744040807 NA 0 0.0178571428571429 "Uqcrc2_noRT" "non-targeting_noRT"
"10341" "Slc6a20b" 0.0881031995940256 0.954765148899569 0.233983948039062 0.81499744040807 NA 0 0.0178571428571429 "Uqcrc2_noRT" "non-targeting_noRT"
"10342" "Xcr1" 0.0881031995940256 0.954765148899569 0.233983948039062 0.81499744040807 NA 0 0.0178571428571429 "Uqcrc2_noRT" "non-targeting_noRT"
"10343" "Esr1" 0.0881031995940256 0.954765148899569 0.233983948039062 0.81499744040807 NA 0 0.0178571428571429 "Uqcrc2_noRT" "non-targeting_noRT"
"10344" "Gm10097" 0.0790960354873956 0.954765148899569 0.233983948039062 0.81499744040807 NA 0 0.0178571428571429 "Uqcrc2_noRT" "non-targeting_noRT"
"10345" "Ipcef1" 0.0790960354873956 0.954765148899569 0.233983948039062 0.81499744040807 NA 0 0.0178571428571429 "Uqcrc2_noRT" "non-targeting_noRT"
"10346" "Arg1" 0.0790960354873956 0.954765148899569 0.233983948039062 0.81499744040807 NA 0 0.0178571428571429 "Uqcrc2_noRT" "non-targeting_noRT"
"10347" "A830082N09Rik" 0.0881031995940256 0.954765148899569 0.233983948039062 0.81499744040807 NA 0 0.0178571428571429 "Uqcrc2_noRT" "non-targeting_noRT"
"10348" "Gm48045" 0.0881031995940256 0.954765148899569 0.233983948039062 0.81499744040807 NA 0 0.0178571428571429 "Uqcrc2_noRT" "non-targeting_noRT"
"10349" "1700054O05Rik" 0.0790960354873956 0.954765148899569 0.233983948039062 0.81499744040807 NA 0 0.0178571428571429 "Uqcrc2_noRT" "non-targeting_noRT"
"10350" "Ccdc162" 0.0881031995940256 0.954765148899569 0.233983948039062 0.81499744040807 NA 0 0.0178571428571429 "Uqcrc2_noRT" "non-targeting_noRT"
"10351" "Gm35028" 0.0881031995940256 0.954765148899569 0.233983948039062 0.81499744040807 NA 0 0.0178571428571429 "Uqcrc2_noRT" "non-targeting_noRT"
"10352" "H2afy2" 0.0881031995940256 0.954765148899569 0.233983948039062 0.81499744040807 NA 0 0.0178571428571429 "Uqcrc2_noRT" "non-targeting_noRT"
"10353" "Tacr2" 0.0881031995940256 0.954765148899569 0.233983948039062 0.81499744040807 NA 0 0.0178571428571429 "Uqcrc2_noRT" "non-targeting_noRT"
"10354" "Srgn" 0.0790960354873956 0.954765148899569 0.233983948039062 0.81499744040807 NA 0 0.0178571428571429 "Uqcrc2_noRT" "non-targeting_noRT"
"10355" "Gm47257" 0.0881031995940256 0.954765148899569 0.233983948039062 0.81499744040807 NA 0 0.0178571428571429 "Uqcrc2_noRT" "non-targeting_noRT"
"10356" "Cabcoco1" 0.0790960354873956 0.954765148899569 0.233983948039062 0.81499744040807 NA 0 0.0178571428571429 "Uqcrc2_noRT" "non-targeting_noRT"
"10357" "Gnaz" 0.0881031995940256 0.954765148899569 0.233983948039062 0.81499744040807 NA 0 0.0178571428571429 "Uqcrc2_noRT" "non-targeting_noRT"
"10358" "Gm16222" 0.0881031995940256 0.954765148899569 0.233983948039062 0.81499744040807 NA 0 0.0178571428571429 "Uqcrc2_noRT" "non-targeting_noRT"
"10359" "AC141477.1" 0.0881031995940256 0.954765148899569 0.233983948039062 0.81499744040807 NA 0 0.0178571428571429 "Uqcrc2_noRT" "non-targeting_noRT"
"10360" "Gzmm" 0.0881031995940256 0.954765148899569 0.233983948039062 0.81499744040807 NA 0 0.0178571428571429 "Uqcrc2_noRT" "non-targeting_noRT"
"10361" "Plppr3" 0.0881031995940256 0.954765148899569 0.233983948039062 0.81499744040807 NA 0 0.0178571428571429 "Uqcrc2_noRT" "non-targeting_noRT"
"10362" "Grin3b" 0.0881031995940256 0.954765148899569 0.233983948039062 0.81499744040807 NA 0 0.0178571428571429 "Uqcrc2_noRT" "non-targeting_noRT"
"10363" "1600002K03Rik" 0.0881031995940256 0.954765148899569 0.233983948039062 0.81499744040807 NA 0 0.0178571428571429 "Uqcrc2_noRT" "non-targeting_noRT"
"10364" "Apc2" 0.0790960354873956 0.954765148899569 0.233983948039062 0.81499744040807 NA 0 0.0178571428571429 "Uqcrc2_noRT" "non-targeting_noRT"
"10365" "S1pr4" 0.0881031995940256 0.954765148899569 0.233983948039062 0.81499744040807 NA 0 0.0178571428571429 "Uqcrc2_noRT" "non-targeting_noRT"
"10366" "Gm47962" 0.0790960354873956 0.954765148899569 0.233983948039062 0.81499744040807 NA 0 0.0178571428571429 "Uqcrc2_noRT" "non-targeting_noRT"
"10367" "Amdhd1" 0.0881031995940256 0.954765148899569 0.233983948039062 0.81499744040807 NA 0 0.0178571428571429 "Uqcrc2_noRT" "non-targeting_noRT"
"10368" "Usp44" 0.0881031995940256 0.954765148899569 0.233983948039062 0.81499744040807 NA 0 0.0178571428571429 "Uqcrc2_noRT" "non-targeting_noRT"
"10369" "Gm34574" 0.0790960354873956 0.954765148899569 0.233983948039062 0.81499744040807 NA 0 0.0178571428571429 "Uqcrc2_noRT" "non-targeting_noRT"
"10370" "Gm47101" 0.0790960354873956 0.954765148899569 0.233983948039062 0.81499744040807 NA 0 0.0178571428571429 "Uqcrc2_noRT" "non-targeting_noRT"
"10371" "Myrfl" 0.0790960354873956 0.954765148899569 0.233983948039062 0.81499744040807 NA 0 0.0178571428571429 "Uqcrc2_noRT" "non-targeting_noRT"
"10372" "Gm48903" 0.0790960354873956 0.954765148899569 0.233983948039062 0.81499744040807 NA 0 0.0178571428571429 "Uqcrc2_noRT" "non-targeting_noRT"
"10373" "Grip1" 0.0790960354873956 0.954765148899569 0.233983948039062 0.81499744040807 NA 0 0.0178571428571429 "Uqcrc2_noRT" "non-targeting_noRT"
"10374" "F420014N23Rik" 0.0790960354873956 0.954765148899569 0.233983948039062 0.81499744040807 NA 0 0.0178571428571429 "Uqcrc2_noRT" "non-targeting_noRT"
"10375" "Stac3" 0.0881031995940256 0.954765148899569 0.233983948039062 0.81499744040807 NA 0 0.0178571428571429 "Uqcrc2_noRT" "non-targeting_noRT"
"10376" "Apon" 0.0790960354873956 0.954765148899569 0.233983948039062 0.81499744040807 NA 0 0.0178571428571429 "Uqcrc2_noRT" "non-targeting_noRT"
"10377" "Il23a" 0.0881031995940256 0.954765148899569 0.233983948039062 0.81499744040807 NA 0 0.0178571428571429 "Uqcrc2_noRT" "non-targeting_noRT"
"10378" "Gm29585" 0.0790960354873956 0.954765148899569 0.233983948039062 0.81499744040807 NA 0 0.0178571428571429 "Uqcrc2_noRT" "non-targeting_noRT"
"10379" "Gm31793" 0.0790960354873956 0.954765148899569 0.233983948039062 0.81499744040807 NA 0 0.0178571428571429 "Uqcrc2_noRT" "non-targeting_noRT"
"10380" "Lif" 0.0881031995940256 0.954765148899569 0.233983948039062 0.81499744040807 NA 0 0.0178571428571429 "Uqcrc2_noRT" "non-targeting_noRT"
"10381" "Myo1g" 0.0790960354873956 0.954765148899569 0.233983948039062 0.81499744040807 NA 0 0.0178571428571429 "Uqcrc2_noRT" "non-targeting_noRT"
"10382" "8430419K02Rik" 0.0881031995940256 0.954765148899569 0.233983948039062 0.81499744040807 NA 0 0.0178571428571429 "Uqcrc2_noRT" "non-targeting_noRT"
"10383" "Hba-a2" 0.0881031995940256 0.954765148899569 0.233983948039062 0.81499744040807 NA 0 0.0178571428571429 "Uqcrc2_noRT" "non-targeting_noRT"
"10384" "Tenm2" 0.0790960354873956 0.954765148899569 0.233983948039062 0.81499744040807 NA 0 0.0178571428571429 "Uqcrc2_noRT" "non-targeting_noRT"
"10385" "F630206G17Rik" 0.0881031995940256 0.954765148899569 0.233983948039062 0.81499744040807 NA 0 0.0178571428571429 "Uqcrc2_noRT" "non-targeting_noRT"
"10386" "Platr20" 0.0790960354873956 0.954765148899569 0.233983948039062 0.81499744040807 NA 0 0.0178571428571429 "Uqcrc2_noRT" "non-targeting_noRT"
"10387" "Gdf9" 0.0790960354873956 0.954765148899569 0.233983948039062 0.81499744040807 NA 0 0.0178571428571429 "Uqcrc2_noRT" "non-targeting_noRT"
"10388" "Gm12264" 0.0790960354873956 0.954765148899569 0.233983948039062 0.81499744040807 NA 0 0.0178571428571429 "Uqcrc2_noRT" "non-targeting_noRT"
"10389" "Slc47a2" 0.0790960354873956 0.954765148899569 0.233983948039062 0.81499744040807 NA 0 0.0178571428571429 "Uqcrc2_noRT" "non-targeting_noRT"
"10390" "B9d1os" 0.0881031995940256 0.954765148899569 0.233983948039062 0.81499744040807 NA 0 0.0178571428571429 "Uqcrc2_noRT" "non-targeting_noRT"
"10391" "Grap" 0.0881031995940256 0.954765148899569 0.233983948039062 0.81499744040807 NA 0 0.0178571428571429 "Uqcrc2_noRT" "non-targeting_noRT"
"10392" "Gm12278" 0.0881031995940256 0.954765148899569 0.233983948039062 0.81499744040807 NA 0 0.0178571428571429 "Uqcrc2_noRT" "non-targeting_noRT"
"10393" "Glp2r" 0.0790960354873956 0.954765148899569 0.233983948039062 0.81499744040807 NA 0 0.0178571428571429 "Uqcrc2_noRT" "non-targeting_noRT"
"10394" "Kcnab3" 0.0881031995940256 0.954765148899569 0.233983948039062 0.81499744040807 NA 0 0.0178571428571429 "Uqcrc2_noRT" "non-targeting_noRT"
"10395" "Kdm6bos" 0.0790960354873956 0.954765148899569 0.233983948039062 0.81499744040807 NA 0 0.0178571428571429 "Uqcrc2_noRT" "non-targeting_noRT"
"10396" "Spem1" 0.0790960354873956 0.954765148899569 0.233983948039062 0.81499744040807 NA 0 0.0178571428571429 "Uqcrc2_noRT" "non-targeting_noRT"
"10397" "Gm12319" 0.0881031995940256 0.954765148899569 0.233983948039062 0.81499744040807 NA 0 0.0178571428571429 "Uqcrc2_noRT" "non-targeting_noRT"
"10398" "Gm12333" 0.0790960354873956 0.954765148899569 0.233983948039062 0.81499744040807 NA 0 0.0178571428571429 "Uqcrc2_noRT" "non-targeting_noRT"
"10399" "Rph3al" 0.0790960354873956 0.954765148899569 0.233983948039062 0.81499744040807 NA 0 0.0178571428571429 "Uqcrc2_noRT" "non-targeting_noRT"
"10400" "Coro6" 0.0790960354873956 0.954765148899569 0.233983948039062 0.81499744040807 NA 0 0.0178571428571429 "Uqcrc2_noRT" "non-targeting_noRT"
"10401" "1190001M18Rik" 0.0790960354873956 0.954765148899569 0.233983948039062 0.81499744040807 NA 0 0.0178571428571429 "Uqcrc2_noRT" "non-targeting_noRT"
"10402" "Ppm1e" 0.0881031995940256 0.954765148899569 0.233983948039062 0.81499744040807 NA 0 0.0178571428571429 "Uqcrc2_noRT" "non-targeting_noRT"
"10403" "Tspoap1" 0.0881031995940256 0.954765148899569 0.233983948039062 0.81499744040807 NA 0 0.0178571428571429 "Uqcrc2_noRT" "non-targeting_noRT"
"10404" "Gm11496" 0.0881031995940256 0.954765148899569 0.233983948039062 0.81499744040807 NA 0 0.0178571428571429 "Uqcrc2_noRT" "non-targeting_noRT"
"10405" "Mycbpap" 0.0790960354873956 0.954765148899569 0.233983948039062 0.81499744040807 NA 0 0.0178571428571429 "Uqcrc2_noRT" "non-targeting_noRT"
"10406" "Gm11527" 0.0881031995940256 0.954765148899569 0.233983948039062 0.81499744040807 NA 0 0.0178571428571429 "Uqcrc2_noRT" "non-targeting_noRT"
"10407" "Gm11583" 0.0881031995940256 0.954765148899569 0.233983948039062 0.81499744040807 NA 0 0.0178571428571429 "Uqcrc2_noRT" "non-targeting_noRT"
"10408" "Gm11611" 0.0790960354873956 0.954765148899569 0.233983948039062 0.81499744040807 NA 0 0.0178571428571429 "Uqcrc2_noRT" "non-targeting_noRT"
"10409" "1700001P01Rik" 0.0790960354873956 0.954765148899569 0.233983948039062 0.81499744040807 NA 0 0.0178571428571429 "Uqcrc2_noRT" "non-targeting_noRT"
"10410" "Gm20644" 0.0881031995940256 0.954765148899569 0.233983948039062 0.81499744040807 NA 0 0.0178571428571429 "Uqcrc2_noRT" "non-targeting_noRT"
"10411" "Csf3" 0.0790960354873956 0.954765148899569 0.233983948039062 0.81499744040807 NA 0 0.0178571428571429 "Uqcrc2_noRT" "non-targeting_noRT"
"10412" "Kcnh4" 0.0790960354873956 0.954765148899569 0.233983948039062 0.81499744040807 NA 0 0.0178571428571429 "Uqcrc2_noRT" "non-targeting_noRT"
"10413" "Mpp3" 0.0790960354873956 0.954765148899569 0.233983948039062 0.81499744040807 NA 0 0.0178571428571429 "Uqcrc2_noRT" "non-targeting_noRT"
"10414" "C130046K22Rik" 0.0881031995940256 0.954765148899569 0.233983948039062 0.81499744040807 NA 0 0.0178571428571429 "Uqcrc2_noRT" "non-targeting_noRT"
"10415" "Gm22000" 0.0790960354873956 0.954765148899569 0.233983948039062 0.81499744040807 NA 0 0.0178571428571429 "Uqcrc2_noRT" "non-targeting_noRT"
"10416" "Itgb3" 0.0881031995940256 0.954765148899569 0.233983948039062 0.81499744040807 NA 0 0.0178571428571429 "Uqcrc2_noRT" "non-targeting_noRT"
"10417" "Apoh" 0.0881031995940256 0.954765148899569 0.233983948039062 0.81499744040807 NA 0 0.0178571428571429 "Uqcrc2_noRT" "non-targeting_noRT"
"10418" "Axin2" 0.0790960354873956 0.954765148899569 0.233983948039062 0.81499744040807 NA 0 0.0178571428571429 "Uqcrc2_noRT" "non-targeting_noRT"
"10419" "Rgs9" 0.0881031995940256 0.954765148899569 0.233983948039062 0.81499744040807 NA 0 0.0178571428571429 "Uqcrc2_noRT" "non-targeting_noRT"
"10420" "4732490B19Rik" 0.0790960354873956 0.954765148899569 0.233983948039062 0.81499744040807 NA 0 0.0178571428571429 "Uqcrc2_noRT" "non-targeting_noRT"
"10421" "Dnah17" 0.0790960354873956 0.954765148899569 0.233983948039062 0.81499744040807 NA 0 0.0178571428571429 "Uqcrc2_noRT" "non-targeting_noRT"
"10422" "Ppp1r27" 0.0790960354873956 0.954765148899569 0.233983948039062 0.81499744040807 NA 0 0.0178571428571429 "Uqcrc2_noRT" "non-targeting_noRT"
"10423" "Myadml2os" 0.0790960354873956 0.954765148899569 0.233983948039062 0.81499744040807 NA 0 0.0178571428571429 "Uqcrc2_noRT" "non-targeting_noRT"
"10424" "Rab40b" 0.0790960354873956 0.954765148899569 0.233983948039062 0.81499744040807 NA 0 0.0178571428571429 "Uqcrc2_noRT" "non-targeting_noRT"
"10425" "B3gntl1" 0.0790960354873956 0.954765148899569 0.233983948039062 0.81499744040807 NA 0 0.0178571428571429 "Uqcrc2_noRT" "non-targeting_noRT"
"10426" "Gm48610" 0.0790960354873956 0.954765148899569 0.233983948039062 0.81499744040807 NA 0 0.0178571428571429 "Uqcrc2_noRT" "non-targeting_noRT"
"10427" "Fam228a" 0.0790960354873956 0.954765148899569 0.233983948039062 0.81499744040807 NA 0 0.0178571428571429 "Uqcrc2_noRT" "non-targeting_noRT"
"10428" "Gm4755" 0.0881031995940256 0.954765148899569 0.233983948039062 0.81499744040807 NA 0 0.0178571428571429 "Uqcrc2_noRT" "non-targeting_noRT"
"10429" "Gm49586" 0.0881031995940256 0.954765148899569 0.233983948039062 0.81499744040807 NA 0 0.0178571428571429 "Uqcrc2_noRT" "non-targeting_noRT"
"10430" "4933406C10Rik" 0.0790960354873956 0.954765148899569 0.233983948039062 0.81499744040807 NA 0 0.0178571428571429 "Uqcrc2_noRT" "non-targeting_noRT"
"10431" "Hdac9" 0.0790960354873956 0.954765148899569 0.233983948039062 0.81499744040807 NA 0 0.0178571428571429 "Uqcrc2_noRT" "non-targeting_noRT"
"10432" "1700047I17Rik2" 0.0790960354873956 0.954765148899569 0.233983948039062 0.81499744040807 NA 0 0.0178571428571429 "Uqcrc2_noRT" "non-targeting_noRT"
"10433" "Gm17529" 0.0881031995940256 0.954765148899569 0.233983948039062 0.81499744040807 NA 0 0.0178571428571429 "Uqcrc2_noRT" "non-targeting_noRT"
"10434" "9330151L19Rik" 0.0790960354873956 0.954765148899569 0.233983948039062 0.81499744040807 NA 0 0.0178571428571429 "Uqcrc2_noRT" "non-targeting_noRT"
"10435" "5830428M24Rik" 0.0881031995940256 0.954765148899569 0.233983948039062 0.81499744040807 NA 0 0.0178571428571429 "Uqcrc2_noRT" "non-targeting_noRT"
"10436" "Gm48847" 0.0790960354873956 0.954765148899569 0.233983948039062 0.81499744040807 NA 0 0.0178571428571429 "Uqcrc2_noRT" "non-targeting_noRT"
"10437" "Gm40437" 0.0790960354873956 0.954765148899569 0.233983948039062 0.81499744040807 NA 0 0.0178571428571429 "Uqcrc2_noRT" "non-targeting_noRT"
"10438" "Gm48653" 0.0790960354873956 0.954765148899569 0.233983948039062 0.81499744040807 NA 0 0.0178571428571429 "Uqcrc2_noRT" "non-targeting_noRT"
"10439" "Prkch" 0.0881031995940256 0.954765148899569 0.233983948039062 0.81499744040807 NA 0 0.0178571428571429 "Uqcrc2_noRT" "non-targeting_noRT"
"10440" "Gphb5" 0.0790960354873956 0.954765148899569 0.233983948039062 0.81499744040807 NA 0 0.0178571428571429 "Uqcrc2_noRT" "non-targeting_noRT"
"10441" "Rab15" 0.0790960354873956 0.954765148899569 0.233983948039062 0.81499744040807 NA 0 0.0178571428571429 "Uqcrc2_noRT" "non-targeting_noRT"
"10442" "Arg2" 0.0790960354873956 0.954765148899569 0.233983948039062 0.81499744040807 NA 0 0.0178571428571429 "Uqcrc2_noRT" "non-targeting_noRT"
"10443" "Dpf3" 0.0790960354873956 0.954765148899569 0.233983948039062 0.81499744040807 NA 0 0.0178571428571429 "Uqcrc2_noRT" "non-targeting_noRT"
"10444" "Papln" 0.0881031995940256 0.954765148899569 0.233983948039062 0.81499744040807 NA 0 0.0178571428571429 "Uqcrc2_noRT" "non-targeting_noRT"
"10445" "Gm17193" 0.0881031995940256 0.954765148899569 0.233983948039062 0.81499744040807 NA 0 0.0178571428571429 "Uqcrc2_noRT" "non-targeting_noRT"
"10446" "Prox2os" 0.0790960354873956 0.954765148899569 0.233983948039062 0.81499744040807 NA 0 0.0178571428571429 "Uqcrc2_noRT" "non-targeting_noRT"
"10447" "Gm32296" 0.0881031995940256 0.954765148899569 0.233983948039062 0.81499744040807 NA 0 0.0178571428571429 "Uqcrc2_noRT" "non-targeting_noRT"
"10448" "Ism2" 0.0881031995940256 0.954765148899569 0.233983948039062 0.81499744040807 NA 0 0.0178571428571429 "Uqcrc2_noRT" "non-targeting_noRT"
"10449" "Gm40557" 0.0790960354873956 0.954765148899569 0.233983948039062 0.81499744040807 NA 0 0.0178571428571429 "Uqcrc2_noRT" "non-targeting_noRT"
"10450" "Gm28875" 0.0881031995940256 0.954765148899569 0.233983948039062 0.81499744040807 NA 0 0.0178571428571429 "Uqcrc2_noRT" "non-targeting_noRT"
"10451" "Eml1" 0.0881031995940256 0.954765148899569 0.233983948039062 0.81499744040807 NA 0 0.0178571428571429 "Uqcrc2_noRT" "non-targeting_noRT"
"10452" "Gm19605" 0.0881031995940256 0.954765148899569 0.233983948039062 0.81499744040807 NA 0 0.0178571428571429 "Uqcrc2_noRT" "non-targeting_noRT"
"10453" "Gm48286" 0.0790960354873956 0.954765148899569 0.233983948039062 0.81499744040807 NA 0 0.0178571428571429 "Uqcrc2_noRT" "non-targeting_noRT"
"10454" "Gm36635" 0.0790960354873956 0.954765148899569 0.233983948039062 0.81499744040807 NA 0 0.0178571428571429 "Uqcrc2_noRT" "non-targeting_noRT"
"10455" "Gm26583" 0.0790960354873956 0.954765148899569 0.233983948039062 0.81499744040807 NA 0 0.0178571428571429 "Uqcrc2_noRT" "non-targeting_noRT"
"10456" "Gm35330" 0.0881031995940256 0.954765148899569 0.233983948039062 0.81499744040807 NA 0 0.0178571428571429 "Uqcrc2_noRT" "non-targeting_noRT"
"10457" "Hist1h4j" 0.0881031995940256 0.954765148899569 0.233983948039062 0.81499744040807 NA 0 0.0178571428571429 "Uqcrc2_noRT" "non-targeting_noRT"
"10458" "Vmn1r207-ps" 0.0790960354873956 0.954765148899569 0.233983948039062 0.81499744040807 NA 0 0.0178571428571429 "Uqcrc2_noRT" "non-targeting_noRT"
"10459" "Gm46404" 0.0790960354873956 0.954765148899569 0.233983948039062 0.81499744040807 NA 0 0.0178571428571429 "Uqcrc2_noRT" "non-targeting_noRT"
"10460" "Hist1h2ad" 0.0790960354873956 0.954765148899569 0.233983948039062 0.81499744040807 NA 0 0.0178571428571429 "Uqcrc2_noRT" "non-targeting_noRT"
"10461" "9330162012Rik" 0.0881031995940256 0.954765148899569 0.233983948039062 0.81499744040807 NA 0 0.0178571428571429 "Uqcrc2_noRT" "non-targeting_noRT"
"10462" "Agtr1a" 0.0790960354873956 0.954765148899569 0.233983948039062 0.81499744040807 NA 0 0.0178571428571429 "Uqcrc2_noRT" "non-targeting_noRT"
"10463" "Serpinb6b" 0.0881031995940256 0.954765148899569 0.233983948039062 0.81499744040807 NA 0 0.0178571428571429 "Uqcrc2_noRT" "non-targeting_noRT"
"10464" "Serpinb9b" 0.0790960354873956 0.954765148899569 0.233983948039062 0.81499744040807 NA 0 0.0178571428571429 "Uqcrc2_noRT" "non-targeting_noRT"
"10465" "4930447K03Rik" 0.0881031995940256 0.954765148899569 0.233983948039062 0.81499744040807 NA 0 0.0178571428571429 "Uqcrc2_noRT" "non-targeting_noRT"
"10466" "Gm31834" 0.0790960354873956 0.954765148899569 0.233983948039062 0.81499744040807 NA 0 0.0178571428571429 "Uqcrc2_noRT" "non-targeting_noRT"
"10467" "Gm28707" 0.0881031995940256 0.954765148899569 0.233983948039062 0.81499744040807 NA 0 0.0178571428571429 "Uqcrc2_noRT" "non-targeting_noRT"
"10468" "Tes3-ps" 0.0881031995940256 0.954765148899569 0.233983948039062 0.81499744040807 NA 0 0.0178571428571429 "Uqcrc2_noRT" "non-targeting_noRT"
"10469" "1700066J03Rik" 0.0790960354873956 0.954765148899569 0.233983948039062 0.81499744040807 NA 0 0.0178571428571429 "Uqcrc2_noRT" "non-targeting_noRT"
"10470" "Etohd2" 0.0881031995940256 0.954765148899569 0.233983948039062 0.81499744040807 NA 0 0.0178571428571429 "Uqcrc2_noRT" "non-targeting_noRT"
"10471" "Gm16132" 0.0881031995940256 0.954765148899569 0.233983948039062 0.81499744040807 NA 0 0.0178571428571429 "Uqcrc2_noRT" "non-targeting_noRT"
"10472" "1810034E14Rik" 0.0881031995940256 0.954765148899569 0.233983948039062 0.81499744040807 NA 0 0.0178571428571429 "Uqcrc2_noRT" "non-targeting_noRT"
"10473" "Gm10324" 0.0881031995940256 0.954765148899569 0.233983948039062 0.81499744040807 NA 0 0.0178571428571429 "Uqcrc2_noRT" "non-targeting_noRT"
"10474" "Zfp712" 0.0881031995940256 0.954765148899569 0.233983948039062 0.81499744040807 NA 0 0.0178571428571429 "Uqcrc2_noRT" "non-targeting_noRT"
"10475" "Gm46440" 0.0790960354873956 0.954765148899569 0.233983948039062 0.81499744040807 NA 0 0.0178571428571429 "Uqcrc2_noRT" "non-targeting_noRT"
"10476" "Zfp874a" 0.0790960354873956 0.954765148899569 0.233983948039062 0.81499744040807 NA 0 0.0178571428571429 "Uqcrc2_noRT" "non-targeting_noRT"
"10477" "Zfp273" 0.0881031995940256 0.954765148899569 0.233983948039062 0.81499744040807 NA 0 0.0178571428571429 "Uqcrc2_noRT" "non-targeting_noRT"
"10478" "A530095I07Rik" 0.0790960354873956 0.954765148899569 0.233983948039062 0.81499744040807 NA 0 0.0178571428571429 "Uqcrc2_noRT" "non-targeting_noRT"
"10479" "Mctp1" 0.0790960354873956 0.954765148899569 0.233983948039062 0.81499744040807 NA 0 0.0178571428571429 "Uqcrc2_noRT" "non-targeting_noRT"
"10480" "3110006O06Rik" 0.0881031995940256 0.954765148899569 0.233983948039062 0.81499744040807 NA 0 0.0178571428571429 "Uqcrc2_noRT" "non-targeting_noRT"
"10481" "2810049E08Rik" 0.0881031995940256 0.954765148899569 0.233983948039062 0.81499744040807 NA 0 0.0178571428571429 "Uqcrc2_noRT" "non-targeting_noRT"
"10482" "Lncenc1" 0.0790960354873956 0.954765148899569 0.233983948039062 0.81499744040807 NA 0 0.0178571428571429 "Uqcrc2_noRT" "non-targeting_noRT"
"10483" "6430562O15Rik" 0.0790960354873956 0.954765148899569 0.233983948039062 0.81499744040807 NA 0 0.0178571428571429 "Uqcrc2_noRT" "non-targeting_noRT"
"10484" "Ccdc125" 0.0790960354873956 0.954765148899569 0.233983948039062 0.81499744040807 NA 0 0.0178571428571429 "Uqcrc2_noRT" "non-targeting_noRT"
"10485" "Gm48239" 0.0881031995940256 0.954765148899569 0.233983948039062 0.81499744040807 NA 0 0.0178571428571429 "Uqcrc2_noRT" "non-targeting_noRT"
"10486" "4921522A10Rik" 0.0881031995940256 0.954765148899569 0.233983948039062 0.81499744040807 NA 0 0.0178571428571429 "Uqcrc2_noRT" "non-targeting_noRT"
"10487" "Gm2237" 0.0790960354873956 0.954765148899569 0.233983948039062 0.81499744040807 NA 0 0.0178571428571429 "Uqcrc2_noRT" "non-targeting_noRT"
"10488" "Mss51" 0.0881031995940256 0.954765148899569 0.233983948039062 0.81499744040807 NA 0 0.0178571428571429 "Uqcrc2_noRT" "non-targeting_noRT"
"10489" "Dlg5" 0.0790960354873956 0.954765148899569 0.233983948039062 0.81499744040807 NA 0 0.0178571428571429 "Uqcrc2_noRT" "non-targeting_noRT"
"10490" "4933413J09Rik" 0.0881031995940256 0.954765148899569 0.233983948039062 0.81499744040807 NA 0 0.0178571428571429 "Uqcrc2_noRT" "non-targeting_noRT"
"10491" "Arf4os" 0.0881031995940256 0.954765148899569 0.233983948039062 0.81499744040807 NA 0 0.0178571428571429 "Uqcrc2_noRT" "non-targeting_noRT"
"10492" "Sema3g" 0.0790960354873956 0.954765148899569 0.233983948039062 0.81499744040807 NA 0 0.0178571428571429 "Uqcrc2_noRT" "non-targeting_noRT"
"10493" "Gm46447" 0.0881031995940256 0.954765148899569 0.233983948039062 0.81499744040807 NA 0 0.0178571428571429 "Uqcrc2_noRT" "non-targeting_noRT"
"10494" "Gm15512" 0.0790960354873956 0.954765148899569 0.233983948039062 0.81499744040807 NA 0 0.0178571428571429 "Uqcrc2_noRT" "non-targeting_noRT"
"10495" "Gm47547" 0.0881031995940256 0.954765148899569 0.233983948039062 0.81499744040807 NA 0 0.0178571428571429 "Uqcrc2_noRT" "non-targeting_noRT"
"10496" "Gm49135" 0.0790960354873956 0.954765148899569 0.233983948039062 0.81499744040807 NA 0 0.0178571428571429 "Uqcrc2_noRT" "non-targeting_noRT"
"10497" "Gm3371" 0.0790960354873956 0.954765148899569 0.233983948039062 0.81499744040807 NA 0 0.0178571428571429 "Uqcrc2_noRT" "non-targeting_noRT"
"10498" "4930527F14Rik" 0.0881031995940256 0.954765148899569 0.233983948039062 0.81499744040807 NA 0 0.0178571428571429 "Uqcrc2_noRT" "non-targeting_noRT"
"10499" "Gm41144" 0.0881031995940256 0.954765148899569 0.233983948039062 0.81499744040807 NA 0 0.0178571428571429 "Uqcrc2_noRT" "non-targeting_noRT"
"10500" "Gm48933" 0.0881031995940256 0.954765148899569 0.233983948039062 0.81499744040807 NA 0 0.0178571428571429 "Uqcrc2_noRT" "non-targeting_noRT"
"10501" "Gm10101" 0.0881031995940256 0.954765148899569 0.233983948039062 0.81499744040807 NA 0 0.0178571428571429 "Uqcrc2_noRT" "non-targeting_noRT"
"10502" "Gm49189" 0.0881031995940256 0.954765148899569 0.233983948039062 0.81499744040807 NA 0 0.0178571428571429 "Uqcrc2_noRT" "non-targeting_noRT"
"10503" "Ndrg2" 0.0881031995940256 0.954765148899569 0.233983948039062 0.81499744040807 NA 0 0.0178571428571429 "Uqcrc2_noRT" "non-targeting_noRT"
"10504" "Psmb11" 0.0881031995940256 0.954765148899569 0.233983948039062 0.81499744040807 NA 0 0.0178571428571429 "Uqcrc2_noRT" "non-targeting_noRT"
"10505" "Zfhx2os" 0.0881031995940256 0.954765148899569 0.233983948039062 0.81499744040807 NA 0 0.0178571428571429 "Uqcrc2_noRT" "non-targeting_noRT"
"10506" "Gm27010" 0.0790960354873956 0.954765148899569 0.233983948039062 0.81499744040807 NA 0 0.0178571428571429 "Uqcrc2_noRT" "non-targeting_noRT"
"10507" "Gucy1b2" 0.0881031995940256 0.954765148899569 0.233983948039062 0.81499744040807 NA 0 0.0178571428571429 "Uqcrc2_noRT" "non-targeting_noRT"
"10508" "Gm48449" 0.0790960354873956 0.954765148899569 0.233983948039062 0.81499744040807 NA 0 0.0178571428571429 "Uqcrc2_noRT" "non-targeting_noRT"
"10509" "Ephx2" 0.0790960354873956 0.954765148899569 0.233983948039062 0.81499744040807 NA 0 0.0178571428571429 "Uqcrc2_noRT" "non-targeting_noRT"
"10510" "Sftpc" 0.0881031995940256 0.954765148899569 0.233983948039062 0.81499744040807 NA 0 0.0178571428571429 "Uqcrc2_noRT" "non-targeting_noRT"
"10511" "Erich6b" 0.0790960354873956 0.954765148899569 0.233983948039062 0.81499744040807 NA 0 0.0178571428571429 "Uqcrc2_noRT" "non-targeting_noRT"
"10512" "Gm4632" 0.0881031995940256 0.954765148899569 0.233983948039062 0.81499744040807 NA 0 0.0178571428571429 "Uqcrc2_noRT" "non-targeting_noRT"
"10513" "Kctd12" 0.0881031995940256 0.954765148899569 0.233983948039062 0.81499744040807 NA 0 0.0178571428571429 "Uqcrc2_noRT" "non-targeting_noRT"
"10514" "Slitrk1" 0.0790960354873956 0.954765148899569 0.233983948039062 0.81499744040807 NA 0 0.0178571428571429 "Uqcrc2_noRT" "non-targeting_noRT"
"10515" "Gm49179" 0.0881031995940256 0.954765148899569 0.233983948039062 0.81499744040807 NA 0 0.0178571428571429 "Uqcrc2_noRT" "non-targeting_noRT"
"10516" "Ccdc152" 0.0881031995940256 0.954765148899569 0.233983948039062 0.81499744040807 NA 0 0.0178571428571429 "Uqcrc2_noRT" "non-targeting_noRT"
"10517" "Gm15632" 0.0790960354873956 0.954765148899569 0.233983948039062 0.81499744040807 NA 0 0.0178571428571429 "Uqcrc2_noRT" "non-targeting_noRT"
"10518" "C9" 0.0790960354873956 0.954765148899569 0.233983948039062 0.81499744040807 NA 0 0.0178571428571429 "Uqcrc2_noRT" "non-targeting_noRT"
"10519" "Gm49249" 0.0790960354873956 0.954765148899569 0.233983948039062 0.81499744040807 NA 0 0.0178571428571429 "Uqcrc2_noRT" "non-targeting_noRT"
"10520" "Ugt3a2" 0.0790960354873956 0.954765148899569 0.233983948039062 0.81499744040807 NA 0 0.0178571428571429 "Uqcrc2_noRT" "non-targeting_noRT"
"10521" "Prlr" 0.0790960354873956 0.954765148899569 0.233983948039062 0.81499744040807 NA 0 0.0178571428571429 "Uqcrc2_noRT" "non-targeting_noRT"
"10522" "1810049J17Rik" 0.0790960354873956 0.954765148899569 0.233983948039062 0.81499744040807 NA 0 0.0178571428571429 "Uqcrc2_noRT" "non-targeting_noRT"
"10523" "4930447A16Rik" 0.0790960354873956 0.954765148899569 0.233983948039062 0.81499744040807 NA 0 0.0178571428571429 "Uqcrc2_noRT" "non-targeting_noRT"
"10524" "2310043O21Rik" 0.0881031995940256 0.954765148899569 0.233983948039062 0.81499744040807 NA 0 0.0178571428571429 "Uqcrc2_noRT" "non-targeting_noRT"
"10525" "Gm2675" 0.0881031995940256 0.954765148899569 0.233983948039062 0.81499744040807 NA 0 0.0178571428571429 "Uqcrc2_noRT" "non-targeting_noRT"
"10526" "Lrrc6" 0.0881031995940256 0.954765148899569 0.233983948039062 0.81499744040807 NA 0 0.0178571428571429 "Uqcrc2_noRT" "non-targeting_noRT"
"10527" "Lrrc24" 0.0790960354873956 0.954765148899569 0.233983948039062 0.81499744040807 NA 0 0.0178571428571429 "Uqcrc2_noRT" "non-targeting_noRT"
"10528" "Apol7e" 0.0790960354873956 0.954765148899569 0.233983948039062 0.81499744040807 NA 0 0.0178571428571429 "Uqcrc2_noRT" "non-targeting_noRT"
"10529" "Rac2" 0.0881031995940256 0.954765148899569 0.233983948039062 0.81499744040807 NA 0 0.0178571428571429 "Uqcrc2_noRT" "non-targeting_noRT"
"10530" "Mfng" 0.0881031995940256 0.954765148899569 0.233983948039062 0.81499744040807 NA 0 0.0178571428571429 "Uqcrc2_noRT" "non-targeting_noRT"
"10531" "Gm16576" 0.0881031995940256 0.954765148899569 0.233983948039062 0.81499744040807 NA 0 0.0178571428571429 "Uqcrc2_noRT" "non-targeting_noRT"
"10532" "Sept3" 0.0881031995940256 0.954765148899569 0.233983948039062 0.81499744040807 NA 0 0.0178571428571429 "Uqcrc2_noRT" "non-targeting_noRT"
"10533" "7530414M10Rik" 0.0790960354873956 0.954765148899569 0.233983948039062 0.81499744040807 NA 0 0.0178571428571429 "Uqcrc2_noRT" "non-targeting_noRT"
"10534" "A930001M01Rik" 0.0790960354873956 0.954765148899569 0.233983948039062 0.81499744040807 NA 0 0.0178571428571429 "Uqcrc2_noRT" "non-targeting_noRT"
"10535" "Klhdc7b" 0.0790960354873956 0.954765148899569 0.233983948039062 0.81499744040807 NA 0 0.0178571428571429 "Uqcrc2_noRT" "non-targeting_noRT"
"10536" "Gm49169" 0.0790960354873956 0.954765148899569 0.233983948039062 0.81499744040807 NA 0 0.0178571428571429 "Uqcrc2_noRT" "non-targeting_noRT"
"10537" "Gm6961" 0.0881031995940256 0.954765148899569 0.233983948039062 0.81499744040807 NA 0 0.0178571428571429 "Uqcrc2_noRT" "non-targeting_noRT"
"10538" "Hdac7" 0.0881031995940256 0.954765148899569 0.233983948039062 0.81499744040807 NA 0 0.0178571428571429 "Uqcrc2_noRT" "non-targeting_noRT"
"10539" "Cacnb3" 0.0881031995940256 0.954765148899569 0.233983948039062 0.81499744040807 NA 0 0.0178571428571429 "Uqcrc2_noRT" "non-targeting_noRT"
"10540" "Gm17349" 0.0881031995940256 0.954765148899569 0.233983948039062 0.81499744040807 NA 0 0.0178571428571429 "Uqcrc2_noRT" "non-targeting_noRT"
"10541" "5330439K02Rik" 0.0881031995940256 0.954765148899569 0.233983948039062 0.81499744040807 NA 0 0.0178571428571429 "Uqcrc2_noRT" "non-targeting_noRT"
"10542" "Itgb7" 0.0790960354873956 0.954765148899569 0.233983948039062 0.81499744040807 NA 0 0.0178571428571429 "Uqcrc2_noRT" "non-targeting_noRT"
"10543" "Nckap1l" 0.0881031995940256 0.954765148899569 0.233983948039062 0.81499744040807 NA 0 0.0178571428571429 "Uqcrc2_noRT" "non-targeting_noRT"
"10544" "Pde1b" 0.0790960354873956 0.954765148899569 0.233983948039062 0.81499744040807 NA 0 0.0178571428571429 "Uqcrc2_noRT" "non-targeting_noRT"
"10545" "Nlrc3" 0.0790960354873956 0.954765148899569 0.233983948039062 0.81499744040807 NA 0 0.0178571428571429 "Uqcrc2_noRT" "non-targeting_noRT"
"10546" "Gm15835" 0.0790960354873956 0.954765148899569 0.233983948039062 0.81499744040807 NA 0 0.0178571428571429 "Uqcrc2_noRT" "non-targeting_noRT"
"10547" "Prm3" 0.0790960354873956 0.954765148899569 0.233983948039062 0.81499744040807 NA 0 0.0178571428571429 "Uqcrc2_noRT" "non-targeting_noRT"
"10548" "Car15" 0.0881031995940256 0.954765148899569 0.233983948039062 0.81499744040807 NA 0 0.0178571428571429 "Uqcrc2_noRT" "non-targeting_noRT"
"10549" "Clcn2" 0.0790960354873956 0.954765148899569 0.233983948039062 0.81499744040807 NA 0 0.0178571428571429 "Uqcrc2_noRT" "non-targeting_noRT"
"10550" "Gm49607" 0.0790960354873956 0.954765148899569 0.233983948039062 0.81499744040807 NA 0 0.0178571428571429 "Uqcrc2_noRT" "non-targeting_noRT"
"10551" "AU015336" 0.0881031995940256 0.954765148899569 0.233983948039062 0.81499744040807 NA 0 0.0178571428571429 "Uqcrc2_noRT" "non-targeting_noRT"
"10552" "Atp13a5" 0.0790960354873956 0.954765148899569 0.233983948039062 0.81499744040807 NA 0 0.0178571428571429 "Uqcrc2_noRT" "non-targeting_noRT"
"10553" "Gm49757" 0.0790960354873956 0.954765148899569 0.233983948039062 0.81499744040807 NA 0 0.0178571428571429 "Uqcrc2_noRT" "non-targeting_noRT"
"10554" "Gm536" 0.0881031995940256 0.954765148899569 0.233983948039062 0.81499744040807 NA 0 0.0178571428571429 "Uqcrc2_noRT" "non-targeting_noRT"
"10555" "Pigz" 0.0881031995940256 0.954765148899569 0.233983948039062 0.81499744040807 NA 0 0.0178571428571429 "Uqcrc2_noRT" "non-targeting_noRT"
"10556" "Tm4sf19" 0.0790960354873956 0.954765148899569 0.233983948039062 0.81499744040807 NA 0 0.0178571428571429 "Uqcrc2_noRT" "non-targeting_noRT"
"10557" "Muc4" 0.0881031995940256 0.954765148899569 0.233983948039062 0.81499744040807 NA 0 0.0178571428571429 "Uqcrc2_noRT" "non-targeting_noRT"
"10558" "Muc13" 0.0790960354873956 0.954765148899569 0.233983948039062 0.81499744040807 NA 0 0.0178571428571429 "Uqcrc2_noRT" "non-targeting_noRT"
"10559" "Gm17103" 0.0881031995940256 0.954765148899569 0.233983948039062 0.81499744040807 NA 0 0.0178571428571429 "Uqcrc2_noRT" "non-targeting_noRT"
"10560" "Tmprss7" 0.0790960354873956 0.954765148899569 0.233983948039062 0.81499744040807 NA 0 0.0178571428571429 "Uqcrc2_noRT" "non-targeting_noRT"
"10561" "4930461C15Rik" 0.0790960354873956 0.954765148899569 0.233983948039062 0.81499744040807 NA 0 0.0178571428571429 "Uqcrc2_noRT" "non-targeting_noRT"
"10562" "Pou1f1" 0.0881031995940256 0.954765148899569 0.233983948039062 0.81499744040807 NA 0 0.0178571428571429 "Uqcrc2_noRT" "non-targeting_noRT"
"10563" "Gm38477" 0.0790960354873956 0.954765148899569 0.233983948039062 0.81499744040807 NA 0 0.0178571428571429 "Uqcrc2_noRT" "non-targeting_noRT"
"10564" "Gm15965" 0.0881031995940256 0.954765148899569 0.233983948039062 0.81499744040807 NA 0 0.0178571428571429 "Uqcrc2_noRT" "non-targeting_noRT"
"10565" "Cbr3" 0.0881031995940256 0.954765148899569 0.233983948039062 0.81499744040807 NA 0 0.0178571428571429 "Uqcrc2_noRT" "non-targeting_noRT"
"10566" "Dop1b" 0.0881031995940256 0.954765148899569 0.233983948039062 0.81499744040807 NA 0 0.0178571428571429 "Uqcrc2_noRT" "non-targeting_noRT"
"10567" "C030010L15Rik" 0.0790960354873956 0.954765148899569 0.233983948039062 0.81499744040807 NA 0 0.0178571428571429 "Uqcrc2_noRT" "non-targeting_noRT"
"10568" "Prr18" 0.0790960354873956 0.954765148899569 0.233983948039062 0.81499744040807 NA 0 0.0178571428571429 "Uqcrc2_noRT" "non-targeting_noRT"
"10569" "Prkn" 0.0881031995940256 0.954765148899569 0.233983948039062 0.81499744040807 NA 0 0.0178571428571429 "Uqcrc2_noRT" "non-targeting_noRT"
"10570" "Dnase1l2" 0.0790960354873956 0.954765148899569 0.233983948039062 0.81499744040807 NA 0 0.0178571428571429 "Uqcrc2_noRT" "non-targeting_noRT"
"10571" "Gng13" 0.0790960354873956 0.954765148899569 0.233983948039062 0.81499744040807 NA 0 0.0178571428571429 "Uqcrc2_noRT" "non-targeting_noRT"
"10572" "Rgs11" 0.0790960354873956 0.954765148899569 0.233983948039062 0.81499744040807 NA 0 0.0178571428571429 "Uqcrc2_noRT" "non-targeting_noRT"
"10573" "C130040N14Rik" 0.0790960354873956 0.954765148899569 0.233983948039062 0.81499744040807 NA 0 0.0178571428571429 "Uqcrc2_noRT" "non-targeting_noRT"
"10574" "Gm35290" 0.0881031995940256 0.954765148899569 0.233983948039062 0.81499744040807 NA 0 0.0178571428571429 "Uqcrc2_noRT" "non-targeting_noRT"
"10575" "Gm49874" 0.0881031995940256 0.954765148899569 0.233983948039062 0.81499744040807 NA 0 0.0178571428571429 "Uqcrc2_noRT" "non-targeting_noRT"
"10576" "1700063J08Rik" 0.0790960354873956 0.954765148899569 0.233983948039062 0.81499744040807 NA 0 0.0178571428571429 "Uqcrc2_noRT" "non-targeting_noRT"
"10577" "2010106G04Rik" 0.0790960354873956 0.954765148899569 0.233983948039062 0.81499744040807 NA 0 0.0178571428571429 "Uqcrc2_noRT" "non-targeting_noRT"
"10578" "Gm50019" 0.0790960354873956 0.954765148899569 0.233983948039062 0.81499744040807 NA 0 0.0178571428571429 "Uqcrc2_noRT" "non-targeting_noRT"
"10579" "Hsf2bp" 0.0790960354873956 0.954765148899569 0.233983948039062 0.81499744040807 NA 0 0.0178571428571429 "Uqcrc2_noRT" "non-targeting_noRT"
"10580" "Ephx3" 0.0790960354873956 0.954765148899569 0.233983948039062 0.81499744040807 NA 0 0.0178571428571429 "Uqcrc2_noRT" "non-targeting_noRT"
"10581" "Gpsm3" 0.0790960354873956 0.954765148899569 0.233983948039062 0.81499744040807 NA 0 0.0178571428571429 "Uqcrc2_noRT" "non-targeting_noRT"
"10582" "Gm20463" 0.0790960354873956 0.954765148899569 0.233983948039062 0.81499744040807 NA 0 0.0178571428571429 "Uqcrc2_noRT" "non-targeting_noRT"
"10583" "H2-Q1" 0.0790960354873956 0.954765148899569 0.233983948039062 0.81499744040807 NA 0 0.0178571428571429 "Uqcrc2_noRT" "non-targeting_noRT"
"10584" "Mucl3" 0.0881031995940256 0.954765148899569 0.233983948039062 0.81499744040807 NA 0 0.0178571428571429 "Uqcrc2_noRT" "non-targeting_noRT"
"10585" "BC023719" 0.0881031995940256 0.954765148899569 0.233983948039062 0.81499744040807 NA 0 0.0178571428571429 "Uqcrc2_noRT" "non-targeting_noRT"
"10586" "2410017I17Rik" 0.0881031995940256 0.954765148899569 0.233983948039062 0.81499744040807 NA 0 0.0178571428571429 "Uqcrc2_noRT" "non-targeting_noRT"
"10587" "H2-M10.1" 0.0881031995940256 0.954765148899569 0.233983948039062 0.81499744040807 NA 0 0.0178571428571429 "Uqcrc2_noRT" "non-targeting_noRT"
"10588" "Olfr94" 0.0790960354873956 0.954765148899569 0.233983948039062 0.81499744040807 NA 0 0.0178571428571429 "Uqcrc2_noRT" "non-targeting_noRT"
"10589" "Clic5" 0.0881031995940256 0.954765148899569 0.233983948039062 0.81499744040807 NA 0 0.0178571428571429 "Uqcrc2_noRT" "non-targeting_noRT"
"10590" "Ttbk1" 0.0790960354873956 0.954765148899569 0.233983948039062 0.81499744040807 NA 0 0.0178571428571429 "Uqcrc2_noRT" "non-targeting_noRT"
"10591" "Guca1b" 0.0881031995940256 0.954765148899569 0.233983948039062 0.81499744040807 NA 0 0.0178571428571429 "Uqcrc2_noRT" "non-targeting_noRT"
"10592" "Apobec2" 0.0881031995940256 0.954765148899569 0.233983948039062 0.81499744040807 NA 0 0.0178571428571429 "Uqcrc2_noRT" "non-targeting_noRT"
"10593" "Daam2" 0.0790960354873956 0.954765148899569 0.233983948039062 0.81499744040807 NA 0 0.0178571428571429 "Uqcrc2_noRT" "non-targeting_noRT"
"10594" "Sema6b" 0.0881031995940256 0.954765148899569 0.233983948039062 0.81499744040807 NA 0 0.0178571428571429 "Uqcrc2_noRT" "non-targeting_noRT"
"10595" "Acsbg2" 0.0881031995940256 0.954765148899569 0.233983948039062 0.81499744040807 NA 0 0.0178571428571429 "Uqcrc2_noRT" "non-targeting_noRT"
"10596" "Gm49870" 0.0881031995940256 0.954765148899569 0.233983948039062 0.81499744040807 NA 0 0.0178571428571429 "Uqcrc2_noRT" "non-targeting_noRT"
"10597" "Gm49932" 0.0790960354873956 0.954765148899569 0.233983948039062 0.81499744040807 NA 0 0.0178571428571429 "Uqcrc2_noRT" "non-targeting_noRT"
"10598" "A930029G22Rik" 0.0790960354873956 0.954765148899569 0.233983948039062 0.81499744040807 NA 0 0.0178571428571429 "Uqcrc2_noRT" "non-targeting_noRT"
"10599" "Spdya" 0.0790960354873956 0.954765148899569 0.233983948039062 0.81499744040807 NA 0 0.0178571428571429 "Uqcrc2_noRT" "non-targeting_noRT"
"10600" "Ehd3" 0.0790960354873956 0.954765148899569 0.233983948039062 0.81499744040807 NA 0 0.0178571428571429 "Uqcrc2_noRT" "non-targeting_noRT"
"10601" "Qpct" 0.0881031995940256 0.954765148899569 0.233983948039062 0.81499744040807 NA 0 0.0178571428571429 "Uqcrc2_noRT" "non-targeting_noRT"
"10602" "Gm35551" 0.0790960354873956 0.954765148899569 0.233983948039062 0.81499744040807 NA 0 0.0178571428571429 "Uqcrc2_noRT" "non-targeting_noRT"
"10603" "1110020A21Rik" 0.0881031995940256 0.954765148899569 0.233983948039062 0.81499744040807 NA 0 0.0178571428571429 "Uqcrc2_noRT" "non-targeting_noRT"
"10604" "Gm50012" 0.0881031995940256 0.954765148899569 0.233983948039062 0.81499744040807 NA 0 0.0178571428571429 "Uqcrc2_noRT" "non-targeting_noRT"
"10605" "Nrxn1" 0.0790960354873956 0.954765148899569 0.233983948039062 0.81499744040807 NA 0 0.0178571428571429 "Uqcrc2_noRT" "non-targeting_noRT"
"10606" "Gm26575" 0.0790960354873956 0.954765148899569 0.233983948039062 0.81499744040807 NA 0 0.0178571428571429 "Uqcrc2_noRT" "non-targeting_noRT"
"10607" "Gm28529" 0.0790960354873956 0.954765148899569 0.233983948039062 0.81499744040807 NA 0 0.0178571428571429 "Uqcrc2_noRT" "non-targeting_noRT"
"10608" "1010001N08Rik" 0.0790960354873956 0.954765148899569 0.233983948039062 0.81499744040807 NA 0 0.0178571428571429 "Uqcrc2_noRT" "non-targeting_noRT"
"10609" "Tslp" 0.0790960354873956 0.954765148899569 0.233983948039062 0.81499744040807 NA 0 0.0178571428571429 "Uqcrc2_noRT" "non-targeting_noRT"
"10610" "Pkd2l2" 0.0790960354873956 0.954765148899569 0.233983948039062 0.81499744040807 NA 0 0.0178571428571429 "Uqcrc2_noRT" "non-targeting_noRT"
"10611" "Gm50149" 0.0790960354873956 0.954765148899569 0.233983948039062 0.81499744040807 NA 0 0.0178571428571429 "Uqcrc2_noRT" "non-targeting_noRT"
"10612" "Dnd1" 0.0881031995940256 0.954765148899569 0.233983948039062 0.81499744040807 NA 0 0.0178571428571429 "Uqcrc2_noRT" "non-targeting_noRT"
"10613" "Pcdhb7" 0.0881031995940256 0.954765148899569 0.233983948039062 0.81499744040807 NA 0 0.0178571428571429 "Uqcrc2_noRT" "non-targeting_noRT"
"10614" "Pcdhb15" 0.0790960354873956 0.954765148899569 0.233983948039062 0.81499744040807 NA 0 0.0178571428571429 "Uqcrc2_noRT" "non-targeting_noRT"
"10615" "Pcdhga1" 0.0881031995940256 0.954765148899569 0.233983948039062 0.81499744040807 NA 0 0.0178571428571429 "Uqcrc2_noRT" "non-targeting_noRT"
"10616" "Pcdhga3" 0.0790960354873956 0.954765148899569 0.233983948039062 0.81499744040807 NA 0 0.0178571428571429 "Uqcrc2_noRT" "non-targeting_noRT"
"10617" "Pcdhgb2" 0.0790960354873956 0.954765148899569 0.233983948039062 0.81499744040807 NA 0 0.0178571428571429 "Uqcrc2_noRT" "non-targeting_noRT"
"10618" "Pcdhga8" 0.0881031995940256 0.954765148899569 0.233983948039062 0.81499744040807 NA 0 0.0178571428571429 "Uqcrc2_noRT" "non-targeting_noRT"
"10619" "Pcdhgb6" 0.0790960354873956 0.954765148899569 0.233983948039062 0.81499744040807 NA 0 0.0178571428571429 "Uqcrc2_noRT" "non-targeting_noRT"
"10620" "Arap3" 0.0790960354873956 0.954765148899569 0.233983948039062 0.81499744040807 NA 0 0.0178571428571429 "Uqcrc2_noRT" "non-targeting_noRT"
"10621" "Jakmip2" 0.0790960354873956 0.954765148899569 0.233983948039062 0.81499744040807 NA 0 0.0178571428571429 "Uqcrc2_noRT" "non-targeting_noRT"
"10622" "Gm16283" 0.0790960354873956 0.954765148899569 0.233983948039062 0.81499744040807 NA 0 0.0178571428571429 "Uqcrc2_noRT" "non-targeting_noRT"
"10623" "C030005K06Rik" 0.0790960354873956 0.954765148899569 0.233983948039062 0.81499744040807 NA 0 0.0178571428571429 "Uqcrc2_noRT" "non-targeting_noRT"
"10624" "Gm41724" 0.0881031995940256 0.954765148899569 0.233983948039062 0.81499744040807 NA 0 0.0178571428571429 "Uqcrc2_noRT" "non-targeting_noRT"
"10625" "Ccdc192" 0.0790960354873956 0.954765148899569 0.233983948039062 0.81499744040807 NA 0 0.0178571428571429 "Uqcrc2_noRT" "non-targeting_noRT"
"10626" "Csf1r" 0.0790960354873956 0.954765148899569 0.233983948039062 0.81499744040807 NA 0 0.0178571428571429 "Uqcrc2_noRT" "non-targeting_noRT"
"10627" "Ablim3" 0.0881031995940256 0.954765148899569 0.233983948039062 0.81499744040807 NA 0 0.0178571428571429 "Uqcrc2_noRT" "non-targeting_noRT"
"10628" "A330084C13Rik" 0.0790960354873956 0.954765148899569 0.233983948039062 0.81499744040807 NA 0 0.0178571428571429 "Uqcrc2_noRT" "non-targeting_noRT"
"10629" "Rax" 0.0790960354873956 0.954765148899569 0.233983948039062 0.81499744040807 NA 0 0.0178571428571429 "Uqcrc2_noRT" "non-targeting_noRT"
"10630" "Cidea" 0.0790960354873956 0.954765148899569 0.233983948039062 0.81499744040807 NA 0 0.0178571428571429 "Uqcrc2_noRT" "non-targeting_noRT"
"10631" "Rbfaos" 0.0790960354873956 0.954765148899569 0.233983948039062 0.81499744040807 NA 0 0.0178571428571429 "Uqcrc2_noRT" "non-targeting_noRT"
"10632" "4930445N18Rik" 0.0790960354873956 0.954765148899569 0.233983948039062 0.81499744040807 NA 0 0.0178571428571429 "Uqcrc2_noRT" "non-targeting_noRT"
"10633" "Fbxo15" 0.0790960354873956 0.954765148899569 0.233983948039062 0.81499744040807 NA 0 0.0178571428571429 "Uqcrc2_noRT" "non-targeting_noRT"
"10634" "Ssh3" 0.0881031995940256 0.954765148899569 0.233983948039062 0.81499744040807 NA 0 0.0178571428571429 "Uqcrc2_noRT" "non-targeting_noRT"
"10635" "1700020D05Rik" 0.0790960354873956 0.954765148899569 0.233983948039062 0.81499744040807 NA 0 0.0178571428571429 "Uqcrc2_noRT" "non-targeting_noRT"
"10636" "Tigd3" 0.0790960354873956 0.954765148899569 0.233983948039062 0.81499744040807 NA 0 0.0178571428571429 "Uqcrc2_noRT" "non-targeting_noRT"
"10637" "Majin" 0.0881031995940256 0.954765148899569 0.233983948039062 0.81499744040807 NA 0 0.0178571428571429 "Uqcrc2_noRT" "non-targeting_noRT"
"10638" "4930524O05Rik" 0.0790960354873956 0.954765148899569 0.233983948039062 0.81499744040807 NA 0 0.0178571428571429 "Uqcrc2_noRT" "non-targeting_noRT"
"10639" "Ms4a4b" 0.0790960354873956 0.954765148899569 0.233983948039062 0.81499744040807 NA 0 0.0178571428571429 "Uqcrc2_noRT" "non-targeting_noRT"
"10640" "Lpxn" 0.0881031995940256 0.954765148899569 0.233983948039062 0.81499744040807 NA 0 0.0178571428571429 "Uqcrc2_noRT" "non-targeting_noRT"
"10641" "Mamdc2" 0.0790960354873956 0.954765148899569 0.233983948039062 0.81499744040807 NA 0 0.0178571428571429 "Uqcrc2_noRT" "non-targeting_noRT"
"10642" "Gm20616" 0.0790960354873956 0.954765148899569 0.233983948039062 0.81499744040807 NA 0 0.0178571428571429 "Uqcrc2_noRT" "non-targeting_noRT"
"10643" "4933413C19Rik" 0.0881031995940256 0.954765148899569 0.233983948039062 0.81499744040807 NA 0 0.0178571428571429 "Uqcrc2_noRT" "non-targeting_noRT"
"10644" "Cpeb3" 0.0881031995940256 0.954765148899569 0.233983948039062 0.81499744040807 NA 0 0.0178571428571429 "Uqcrc2_noRT" "non-targeting_noRT"
"10645" "Opalin" 0.0790960354873956 0.954765148899569 0.233983948039062 0.81499744040807 NA 0 0.0178571428571429 "Uqcrc2_noRT" "non-targeting_noRT"
"10646" "Pik3ap1" 0.0881031995940256 0.954765148899569 0.233983948039062 0.81499744040807 NA 0 0.0178571428571429 "Uqcrc2_noRT" "non-targeting_noRT"
"10647" "Gm16244" 0.0790960354873956 0.954765148899569 0.233983948039062 0.81499744040807 NA 0 0.0178571428571429 "Uqcrc2_noRT" "non-targeting_noRT"
"10648" "Cnnm1" 0.0881031995940256 0.954765148899569 0.233983948039062 0.81499744040807 NA 0 0.0178571428571429 "Uqcrc2_noRT" "non-targeting_noRT"
"10649" "Gm28578" 0.0790960354873956 0.954765148899569 0.233983948039062 0.81499744040807 NA 0 0.0178571428571429 "Uqcrc2_noRT" "non-targeting_noRT"
"10650" "Fgf8" 0.0881031995940256 0.954765148899569 0.233983948039062 0.81499744040807 NA 0 0.0178571428571429 "Uqcrc2_noRT" "non-targeting_noRT"
"10651" "Gm50358" 0.0881031995940256 0.954765148899569 0.233983948039062 0.81499744040807 NA 0 0.0178571428571429 "Uqcrc2_noRT" "non-targeting_noRT"
"10652" "Sorcs1" 0.0881031995940256 0.954765148899569 0.233983948039062 0.81499744040807 NA 0 0.0178571428571429 "Uqcrc2_noRT" "non-targeting_noRT"
"10653" "Mirt1" 0.0881031995940256 0.954765148899569 0.233983948039062 0.81499744040807 NA 0 0.0178571428571429 "Uqcrc2_noRT" "non-targeting_noRT"
"10654" "Adra2a" 0.0790960354873956 0.954765148899569 0.233983948039062 0.81499744040807 NA 0 0.0178571428571429 "Uqcrc2_noRT" "non-targeting_noRT"
"10655" "Eno4" 0.0790960354873956 0.954765148899569 0.233983948039062 0.81499744040807 NA 0 0.0178571428571429 "Uqcrc2_noRT" "non-targeting_noRT"
"10656" "Gm5169" 0.0790960354873956 0.954765148899569 0.233983948039062 0.81499744040807 NA 0 0.0178571428571429 "Uqcrc2_noRT" "non-targeting_noRT"
"10657" "Gm2030" 0.0790960354873956 0.954765148899569 0.233983948039062 0.81499744040807 NA 0 0.0178571428571429 "Uqcrc2_noRT" "non-targeting_noRT"
"10658" "Slxl1" 0.0790960354873956 0.954765148899569 0.233983948039062 0.81499744040807 NA 0 0.0178571428571429 "Uqcrc2_noRT" "non-targeting_noRT"
"10659" "Gm648" 0.0881031995940256 0.954765148899569 0.233983948039062 0.81499744040807 NA 0 0.0178571428571429 "Uqcrc2_noRT" "non-targeting_noRT"
"10660" "Magea10" 0.0790960354873956 0.954765148899569 0.233983948039062 0.81499744040807 NA 0 0.0178571428571429 "Uqcrc2_noRT" "non-targeting_noRT"
"10661" "Gm20455" 0.0790960354873956 0.954765148899569 0.233983948039062 0.81499744040807 NA 0 0.0178571428571429 "Uqcrc2_noRT" "non-targeting_noRT"
"10662" "Tktl1" 0.0790960354873956 0.954765148899569 0.233983948039062 0.81499744040807 NA 0 0.0178571428571429 "Uqcrc2_noRT" "non-targeting_noRT"
"10663" "Gm15063" 0.0881031995940256 0.954765148899569 0.233983948039062 0.81499744040807 NA 0 0.0178571428571429 "Uqcrc2_noRT" "non-targeting_noRT"
"10664" "Xist" 0.0881031995940256 0.954765148899569 0.233983948039062 0.81499744040807 NA 0 0.0178571428571429 "Uqcrc2_noRT" "non-targeting_noRT"
"10665" "Arxes2" 0.0790960354873956 0.954765148899569 0.233983948039062 0.81499744040807 NA 0 0.0178571428571429 "Uqcrc2_noRT" "non-targeting_noRT"
"10666" "Tmsb15b1" 0.0881031995940256 0.954765148899569 0.233983948039062 0.81499744040807 NA 0 0.0178571428571429 "Uqcrc2_noRT" "non-targeting_noRT"
"10667" "Zcchc18" 0.0790960354873956 0.954765148899569 0.233983948039062 0.81499744040807 NA 0 0.0178571428571429 "Uqcrc2_noRT" "non-targeting_noRT"
"10668" "Rtl9" 0.0790960354873956 0.954765148899569 0.233983948039062 0.81499744040807 NA 0 0.0178571428571429 "Uqcrc2_noRT" "non-targeting_noRT"
"10669" "Gm15138" 0.0881031995940256 0.954765148899569 0.233983948039062 0.81499744040807 NA 0 0.0178571428571429 "Uqcrc2_noRT" "non-targeting_noRT"
"10670" "Usp51" 0.0790960354873956 0.954765148899569 0.233983948039062 0.81499744040807 NA 0 0.0178571428571429 "Uqcrc2_noRT" "non-targeting_noRT"
"10671" "Gm15169" 0.0881031995940256 0.954765148899569 0.233983948039062 0.81499744040807 NA 0 0.0178571428571429 "Uqcrc2_noRT" "non-targeting_noRT"
"10672" "AC133103.3" 0.0881031995940256 0.954765148899569 0.233983948039062 0.81499744040807 NA 0 0.0178571428571429 "Uqcrc2_noRT" "non-targeting_noRT"
"10673" "Spry3" 0.0790960354873956 0.954765148899569 0.233983948039062 0.81499744040807 NA 0 0.0178571428571429 "Uqcrc2_noRT" "non-targeting_noRT"
"10674" "CR974586.4" 0.0790960354873956 0.954765148899569 0.233983948039062 0.81499744040807 NA 0 0.0178571428571429 "Uqcrc2_noRT" "non-targeting_noRT"
"10675" "KRAB" 0.0790960354873956 0.954765148899569 0.233983948039062 0.81499744040807 NA 0 0.0178571428571429 "Uqcrc2_noRT" "non-targeting_noRT"
"10676" "Sgk3" 0.0859968435590275 0.954765148899569 0.233983948039062 0.81499744040807 NA 0 0.0178571428571429 "Uqcrc2_noRT" "non-targeting_noRT"
"10677" "Gm5415" 0.0859968435590275 0.954765148899569 0.233983948039062 0.81499744040807 NA 0 0.0178571428571429 "Uqcrc2_noRT" "non-targeting_noRT"
"10678" "Col5a2" 0.0859968435590275 0.954765148899569 0.233983948039062 0.81499744040807 NA 0 0.0178571428571429 "Uqcrc2_noRT" "non-targeting_noRT"
"10679" "Cavin2" 0.0859968435590275 0.954765148899569 0.233983948039062 0.81499744040807 NA 0 0.0178571428571429 "Uqcrc2_noRT" "non-targeting_noRT"
"10680" "Ica1l" 0.0859968435590275 0.954765148899569 0.233983948039062 0.81499744040807 NA 0 0.0178571428571429 "Uqcrc2_noRT" "non-targeting_noRT"
"10681" "Gm29084" 0.0859968435590275 0.954765148899569 0.233983948039062 0.81499744040807 NA 0 0.0178571428571429 "Uqcrc2_noRT" "non-targeting_noRT"
"10682" "Speg" 0.0859968435590275 0.954765148899569 0.233983948039062 0.81499744040807 NA 0 0.0178571428571429 "Uqcrc2_noRT" "non-targeting_noRT"
"10683" "Col4a4" 0.0859968435590275 0.954765148899569 0.233983948039062 0.81499744040807 NA 0 0.0178571428571429 "Uqcrc2_noRT" "non-targeting_noRT"
"10684" "Platr5" 0.0859968435590275 0.954765148899569 0.233983948039062 0.81499744040807 NA 0 0.0178571428571429 "Uqcrc2_noRT" "non-targeting_noRT"
"10685" "Col6a3" 0.0859968435590275 0.954765148899569 0.233983948039062 0.81499744040807 NA 0 0.0178571428571429 "Uqcrc2_noRT" "non-targeting_noRT"
"10686" "Gm17090" 0.0859968435590275 0.954765148899569 0.233983948039062 0.81499744040807 NA 0 0.0178571428571429 "Uqcrc2_noRT" "non-targeting_noRT"
"10687" "Gal3st2" 0.0859968435590275 0.954765148899569 0.233983948039062 0.81499744040807 NA 0 0.0178571428571429 "Uqcrc2_noRT" "non-targeting_noRT"
"10688" "Gm15389" 0.0859968435590275 0.954765148899569 0.233983948039062 0.81499744040807 NA 0 0.0178571428571429 "Uqcrc2_noRT" "non-targeting_noRT"
"10689" "Gpr39" 0.0859968435590275 0.954765148899569 0.233983948039062 0.81499744040807 NA 0 0.0178571428571429 "Uqcrc2_noRT" "non-targeting_noRT"
"10690" "Etnk2" 0.0859968435590275 0.954765148899569 0.233983948039062 0.81499744040807 NA 0 0.0178571428571429 "Uqcrc2_noRT" "non-targeting_noRT"
"10691" "Colgalt2" 0.0859968435590275 0.954765148899569 0.233983948039062 0.81499744040807 NA 0 0.0178571428571429 "Uqcrc2_noRT" "non-targeting_noRT"
"10692" "Spta1" 0.0859968435590275 0.954765148899569 0.233983948039062 0.81499744040807 NA 0 0.0178571428571429 "Uqcrc2_noRT" "non-targeting_noRT"
"10693" "1700016C15Rik" 0.0859968435590275 0.954765148899569 0.233983948039062 0.81499744040807 NA 0 0.0178571428571429 "Uqcrc2_noRT" "non-targeting_noRT"
"10694" "A430105J06Rik" 0.0859968435590275 0.954765148899569 0.233983948039062 0.81499744040807 NA 0 0.0178571428571429 "Uqcrc2_noRT" "non-targeting_noRT"
"10695" "Rd3" 0.0859968435590275 0.954765148899569 0.233983948039062 0.81499744040807 NA 0 0.0178571428571429 "Uqcrc2_noRT" "non-targeting_noRT"
"10696" "Slc39a12" 0.0859968435590275 0.954765148899569 0.233983948039062 0.81499744040807 NA 0 0.0178571428571429 "Uqcrc2_noRT" "non-targeting_noRT"
"10697" "Gm17171" 0.0859968435590275 0.954765148899569 0.233983948039062 0.81499744040807 NA 0 0.0178571428571429 "Uqcrc2_noRT" "non-targeting_noRT"
"10698" "Ccdc187" 0.0859968435590275 0.954765148899569 0.233983948039062 0.81499744040807 NA 0 0.0178571428571429 "Uqcrc2_noRT" "non-targeting_noRT"
"10699" "Card9" 0.0859968435590275 0.954765148899569 0.233983948039062 0.81499744040807 NA 0 0.0178571428571429 "Uqcrc2_noRT" "non-targeting_noRT"
"10700" "Gm13563" 0.0859968435590275 0.954765148899569 0.233983948039062 0.81499744040807 NA 0 0.0178571428571429 "Uqcrc2_noRT" "non-targeting_noRT"
"10701" "Phyhd1" 0.0859968435590275 0.954765148899569 0.233983948039062 0.81499744040807 NA 0 0.0178571428571429 "Uqcrc2_noRT" "non-targeting_noRT"
"10702" "Ttc16" 0.0859968435590275 0.954765148899569 0.233983948039062 0.81499744040807 NA 0 0.0178571428571429 "Uqcrc2_noRT" "non-targeting_noRT"
"10703" "Fap" 0.0859968435590275 0.954765148899569 0.233983948039062 0.81499744040807 NA 0 0.0178571428571429 "Uqcrc2_noRT" "non-targeting_noRT"
"10704" "Platr26" 0.0859968435590275 0.954765148899569 0.233983948039062 0.81499744040807 NA 0 0.0178571428571429 "Uqcrc2_noRT" "non-targeting_noRT"
"10705" "Gm13713" 0.0859968435590275 0.954765148899569 0.233983948039062 0.81499744040807 NA 0 0.0178571428571429 "Uqcrc2_noRT" "non-targeting_noRT"
"10706" "Ptprj" 0.0859968435590275 0.954765148899569 0.233983948039062 0.81499744040807 NA 0 0.0178571428571429 "Uqcrc2_noRT" "non-targeting_noRT"
"10707" "4933423P22Rik" 0.0859968435590275 0.954765148899569 0.233983948039062 0.81499744040807 NA 0 0.0178571428571429 "Uqcrc2_noRT" "non-targeting_noRT"
"10708" "Large2" 0.0859968435590275 0.954765148899569 0.233983948039062 0.81499744040807 NA 0 0.0178571428571429 "Uqcrc2_noRT" "non-targeting_noRT"
"10709" "Chst1" 0.0859968435590275 0.954765148899569 0.233983948039062 0.81499744040807 NA 0 0.0178571428571429 "Uqcrc2_noRT" "non-targeting_noRT"
"10710" "Cd59a" 0.0859968435590275 0.954765148899569 0.233983948039062 0.81499744040807 NA 0 0.0178571428571429 "Uqcrc2_noRT" "non-targeting_noRT"
"10711" "Kcna4" 0.0859968435590275 0.954765148899569 0.233983948039062 0.81499744040807 NA 0 0.0178571428571429 "Uqcrc2_noRT" "non-targeting_noRT"
"10712" "Sema6d" 0.0859968435590275 0.954765148899569 0.233983948039062 0.81499744040807 NA 0 0.0178571428571429 "Uqcrc2_noRT" "non-targeting_noRT"
"10713" "Fgf7" 0.0859968435590275 0.954765148899569 0.233983948039062 0.81499744040807 NA 0 0.0178571428571429 "Uqcrc2_noRT" "non-targeting_noRT"
"10714" "Nkx2-2os" 0.0859968435590275 0.954765148899569 0.233983948039062 0.81499744040807 NA 0 0.0178571428571429 "Uqcrc2_noRT" "non-targeting_noRT"
"10715" "Tcf15" 0.0859968435590275 0.954765148899569 0.233983948039062 0.81499744040807 NA 0 0.0178571428571429 "Uqcrc2_noRT" "non-targeting_noRT"
"10716" "Nnat" 0.0859968435590275 0.954765148899569 0.233983948039062 0.81499744040807 NA 0 0.0178571428571429 "Uqcrc2_noRT" "non-targeting_noRT"
"10717" "Wfdc2" 0.0859968435590275 0.954765148899569 0.233983948039062 0.81499744040807 NA 0 0.0178571428571429 "Uqcrc2_noRT" "non-targeting_noRT"
"10718" "Gm14393" 0.0859968435590275 0.954765148899569 0.233983948039062 0.81499744040807 NA 0 0.0178571428571429 "Uqcrc2_noRT" "non-targeting_noRT"
"10719" "Cdh26" 0.0859968435590275 0.954765148899569 0.233983948039062 0.81499744040807 NA 0 0.0178571428571429 "Uqcrc2_noRT" "non-targeting_noRT"
"10720" "Oprl1" 0.0859968435590275 0.954765148899569 0.233983948039062 0.81499744040807 NA 0 0.0178571428571429 "Uqcrc2_noRT" "non-targeting_noRT"
"10721" "Gm9833" 0.0859968435590275 0.954765148899569 0.233983948039062 0.81499744040807 NA 0 0.0178571428571429 "Uqcrc2_noRT" "non-targeting_noRT"
"10722" "Chmp4c" 0.0859968435590275 0.954765148899569 0.233983948039062 0.81499744040807 NA 0 0.0178571428571429 "Uqcrc2_noRT" "non-targeting_noRT"
"10723" "Gm43672" 0.0859968435590275 0.954765148899569 0.233983948039062 0.81499744040807 NA 0 0.0178571428571429 "Uqcrc2_noRT" "non-targeting_noRT"
"10724" "4933429H19Rik" 0.0859968435590275 0.954765148899569 0.233983948039062 0.81499744040807 NA 0 0.0178571428571429 "Uqcrc2_noRT" "non-targeting_noRT"
"10725" "Ccdc39" 0.0859968435590275 0.954765148899569 0.233983948039062 0.81499744040807 NA 0 0.0178571428571429 "Uqcrc2_noRT" "non-targeting_noRT"
"10726" "Gm42695" 0.0859968435590275 0.954765148899569 0.233983948039062 0.81499744040807 NA 0 0.0178571428571429 "Uqcrc2_noRT" "non-targeting_noRT"
"10727" "Gm37170" 0.0859968435590275 0.954765148899569 0.233983948039062 0.81499744040807 NA 0 0.0178571428571429 "Uqcrc2_noRT" "non-targeting_noRT"
"10728" "Sertm1" 0.0859968435590275 0.954765148899569 0.233983948039062 0.81499744040807 NA 0 0.0178571428571429 "Uqcrc2_noRT" "non-targeting_noRT"
"10729" "Ccdc169" 0.0859968435590275 0.954765148899569 0.233983948039062 0.81499744040807 NA 0 0.0178571428571429 "Uqcrc2_noRT" "non-targeting_noRT"
"10730" "6430573P05Rik" 0.0859968435590275 0.954765148899569 0.233983948039062 0.81499744040807 NA 0 0.0178571428571429 "Uqcrc2_noRT" "non-targeting_noRT"
"10731" "Gm37876" 0.0859968435590275 0.954765148899569 0.233983948039062 0.81499744040807 NA 0 0.0178571428571429 "Uqcrc2_noRT" "non-targeting_noRT"
"10732" "Gm37584" 0.0859968435590275 0.954765148899569 0.233983948039062 0.81499744040807 NA 0 0.0178571428571429 "Uqcrc2_noRT" "non-targeting_noRT"
"10733" "Flg" 0.0859968435590275 0.954765148899569 0.233983948039062 0.81499744040807 NA 0 0.0178571428571429 "Uqcrc2_noRT" "non-targeting_noRT"
"10734" "Gm43768" 0.0859968435590275 0.954765148899569 0.233983948039062 0.81499744040807 NA 0 0.0178571428571429 "Uqcrc2_noRT" "non-targeting_noRT"
"10735" "Gm15265" 0.0859968435590275 0.954765148899569 0.233983948039062 0.81499744040807 NA 0 0.0178571428571429 "Uqcrc2_noRT" "non-targeting_noRT"
"10736" "Gm128" 0.0859968435590275 0.954765148899569 0.233983948039062 0.81499744040807 NA 0 0.0178571428571429 "Uqcrc2_noRT" "non-targeting_noRT"
"10737" "Ctsk" 0.0859968435590275 0.954765148899569 0.233983948039062 0.81499744040807 NA 0 0.0178571428571429 "Uqcrc2_noRT" "non-targeting_noRT"
"10738" "Gm15886" 0.0859968435590275 0.954765148899569 0.233983948039062 0.81499744040807 NA 0 0.0178571428571429 "Uqcrc2_noRT" "non-targeting_noRT"
"10739" "Gm43581" 0.0859968435590275 0.954765148899569 0.233983948039062 0.81499744040807 NA 0 0.0178571428571429 "Uqcrc2_noRT" "non-targeting_noRT"
"10740" "Gm29561" 0.0859968435590275 0.954765148899569 0.233983948039062 0.81499744040807 NA 0 0.0178571428571429 "Uqcrc2_noRT" "non-targeting_noRT"
"10741" "Slc16a4" 0.0859968435590275 0.954765148899569 0.233983948039062 0.81499744040807 NA 0 0.0178571428571429 "Uqcrc2_noRT" "non-targeting_noRT"
"10742" "Amy1" 0.0859968435590275 0.954765148899569 0.233983948039062 0.81499744040807 NA 0 0.0178571428571429 "Uqcrc2_noRT" "non-targeting_noRT"
"10743" "Gm43608" 0.0859968435590275 0.954765148899569 0.233983948039062 0.81499744040807 NA 0 0.0178571428571429 "Uqcrc2_noRT" "non-targeting_noRT"
"10744" "Myoz2" 0.0859968435590275 0.954765148899569 0.233983948039062 0.81499744040807 NA 0 0.0178571428571429 "Uqcrc2_noRT" "non-targeting_noRT"
"10745" "Clca3a1" 0.0859968435590275 0.954765148899569 0.233983948039062 0.81499744040807 NA 0 0.0178571428571429 "Uqcrc2_noRT" "non-targeting_noRT"
"10746" "Gm11831" 0.0859968435590275 0.954765148899569 0.233983948039062 0.81499744040807 NA 0 0.0178571428571429 "Uqcrc2_noRT" "non-targeting_noRT"
"10747" "A530072M11Rik" 0.0859968435590275 0.954765148899569 0.233983948039062 0.81499744040807 NA 0 0.0178571428571429 "Uqcrc2_noRT" "non-targeting_noRT"
"10748" "Ttpa" 0.0859968435590275 0.954765148899569 0.233983948039062 0.81499744040807 NA 0 0.0178571428571429 "Uqcrc2_noRT" "non-targeting_noRT"
"10749" "Bach2" 0.0859968435590275 0.954765148899569 0.233983948039062 0.81499744040807 NA 0 0.0178571428571429 "Uqcrc2_noRT" "non-targeting_noRT"
"10750" "Aqp7" 0.0859968435590275 0.954765148899569 0.233983948039062 0.81499744040807 NA 0 0.0178571428571429 "Uqcrc2_noRT" "non-targeting_noRT"
"10751" "Gm12408" 0.0859968435590275 0.954765148899569 0.233983948039062 0.81499744040807 NA 0 0.0178571428571429 "Uqcrc2_noRT" "non-targeting_noRT"
"10752" "Skint9" 0.0859968435590275 0.954765148899569 0.233983948039062 0.81499744040807 NA 0 0.0178571428571429 "Uqcrc2_noRT" "non-targeting_noRT"
"10753" "Gm12925" 0.0859968435590275 0.954765148899569 0.233983948039062 0.81499744040807 NA 0 0.0178571428571429 "Uqcrc2_noRT" "non-targeting_noRT"
"10754" "Dcdc2b" 0.0859968435590275 0.954765148899569 0.233983948039062 0.81499744040807 NA 0 0.0178571428571429 "Uqcrc2_noRT" "non-targeting_noRT"
"10755" "1700021N21Rik" 0.0859968435590275 0.954765148899569 0.233983948039062 0.81499744040807 NA 0 0.0178571428571429 "Uqcrc2_noRT" "non-targeting_noRT"
"10756" "Sh2d5" 0.0859968435590275 0.954765148899569 0.233983948039062 0.81499744040807 NA 0 0.0178571428571429 "Uqcrc2_noRT" "non-targeting_noRT"
"10757" "Igsf21" 0.0859968435590275 0.954765148899569 0.233983948039062 0.81499744040807 NA 0 0.0178571428571429 "Uqcrc2_noRT" "non-targeting_noRT"
"10758" "Zfp987" 0.0859968435590275 0.954765148899569 0.233983948039062 0.81499744040807 NA 0 0.0178571428571429 "Uqcrc2_noRT" "non-targeting_noRT"
"10759" "Gm16023" 0.0859968435590275 0.954765148899569 0.233983948039062 0.81499744040807 NA 0 0.0178571428571429 "Uqcrc2_noRT" "non-targeting_noRT"
"10760" "Lrrd1" 0.0859968435590275 0.954765148899569 0.233983948039062 0.81499744040807 NA 0 0.0178571428571429 "Uqcrc2_noRT" "non-targeting_noRT"
"10761" "Gm43031" 0.0859968435590275 0.954765148899569 0.233983948039062 0.81499744040807 NA 0 0.0178571428571429 "Uqcrc2_noRT" "non-targeting_noRT"
"10762" "Gm10484" 0.0859968435590275 0.954765148899569 0.233983948039062 0.81499744040807 NA 0 0.0178571428571429 "Uqcrc2_noRT" "non-targeting_noRT"
"10763" "4930580E04Rik" 0.0859968435590275 0.954765148899569 0.233983948039062 0.81499744040807 NA 0 0.0178571428571429 "Uqcrc2_noRT" "non-targeting_noRT"
"10764" "Asic3" 0.0859968435590275 0.954765148899569 0.233983948039062 0.81499744040807 NA 0 0.0178571428571429 "Uqcrc2_noRT" "non-targeting_noRT"
"10765" "Gm26648" 0.0859968435590275 0.954765148899569 0.233983948039062 0.81499744040807 NA 0 0.0178571428571429 "Uqcrc2_noRT" "non-targeting_noRT"
"10766" "Sod3" 0.0859968435590275 0.954765148899569 0.233983948039062 0.81499744040807 NA 0 0.0178571428571429 "Uqcrc2_noRT" "non-targeting_noRT"
"10767" "8030423F21Rik" 0.0859968435590275 0.954765148899569 0.233983948039062 0.81499744040807 NA 0 0.0178571428571429 "Uqcrc2_noRT" "non-targeting_noRT"
"10768" "Gsx2" 0.0859968435590275 0.954765148899569 0.233983948039062 0.81499744040807 NA 0 0.0178571428571429 "Uqcrc2_noRT" "non-targeting_noRT"
"10769" "Hopx" 0.0859968435590275 0.954765148899569 0.233983948039062 0.81499744040807 NA 0 0.0178571428571429 "Uqcrc2_noRT" "non-targeting_noRT"
"10770" "Epgn" 0.0859968435590275 0.954765148899569 0.233983948039062 0.81499744040807 NA 0 0.0178571428571429 "Uqcrc2_noRT" "non-targeting_noRT"
"10771" "Vmn2r10" 0.0859968435590275 0.954765148899569 0.233983948039062 0.81499744040807 NA 0 0.0178571428571429 "Uqcrc2_noRT" "non-targeting_noRT"
"10772" "Crlf2" 0.0859968435590275 0.954765148899569 0.233983948039062 0.81499744040807 NA 0 0.0178571428571429 "Uqcrc2_noRT" "non-targeting_noRT"
"10773" "Gm26779" 0.0859968435590275 0.954765148899569 0.233983948039062 0.81499744040807 NA 0 0.0178571428571429 "Uqcrc2_noRT" "non-targeting_noRT"
"10774" "1010001B22Rik" 0.0859968435590275 0.954765148899569 0.233983948039062 0.81499744040807 NA 0 0.0178571428571429 "Uqcrc2_noRT" "non-targeting_noRT"
"10775" "Plcxd1" 0.0859968435590275 0.954765148899569 0.233983948039062 0.81499744040807 NA 0 0.0178571428571429 "Uqcrc2_noRT" "non-targeting_noRT"
"10776" "Gm43118" 0.0859968435590275 0.954765148899569 0.233983948039062 0.81499744040807 NA 0 0.0178571428571429 "Uqcrc2_noRT" "non-targeting_noRT"
"10777" "Selplg" 0.0859968435590275 0.954765148899569 0.233983948039062 0.81499744040807 NA 0 0.0178571428571429 "Uqcrc2_noRT" "non-targeting_noRT"
"10778" "Gm10401" 0.0859968435590275 0.954765148899569 0.233983948039062 0.81499744040807 NA 0 0.0178571428571429 "Uqcrc2_noRT" "non-targeting_noRT"
"10779" "Wdr66" 0.0859968435590275 0.954765148899569 0.233983948039062 0.81499744040807 NA 0 0.0178571428571429 "Uqcrc2_noRT" "non-targeting_noRT"
"10780" "Gm43604" 0.0859968435590275 0.954765148899569 0.233983948039062 0.81499744040807 NA 0 0.0178571428571429 "Uqcrc2_noRT" "non-targeting_noRT"
"10781" "6330403L08Rik" 0.0859968435590275 0.954765148899569 0.233983948039062 0.81499744040807 NA 0 0.0178571428571429 "Uqcrc2_noRT" "non-targeting_noRT"
"10782" "Gm42531" 0.0859968435590275 0.954765148899569 0.233983948039062 0.81499744040807 NA 0 0.0178571428571429 "Uqcrc2_noRT" "non-targeting_noRT"
"10783" "Gm43807" 0.0859968435590275 0.954765148899569 0.233983948039062 0.81499744040807 NA 0 0.0178571428571429 "Uqcrc2_noRT" "non-targeting_noRT"
"10784" "BC049739" 0.0859968435590275 0.954765148899569 0.233983948039062 0.81499744040807 NA 0 0.0178571428571429 "Uqcrc2_noRT" "non-targeting_noRT"
"10785" "Hoxaas2" 0.0859968435590275 0.954765148899569 0.233983948039062 0.81499744040807 NA 0 0.0178571428571429 "Uqcrc2_noRT" "non-targeting_noRT"
"10786" "Hoxa6" 0.0859968435590275 0.954765148899569 0.233983948039062 0.81499744040807 NA 0 0.0178571428571429 "Uqcrc2_noRT" "non-targeting_noRT"
"10787" "Gm16838" 0.0859968435590275 0.954765148899569 0.233983948039062 0.81499744040807 NA 0 0.0178571428571429 "Uqcrc2_noRT" "non-targeting_noRT"
"10788" "Gm38832" 0.0859968435590275 0.954765148899569 0.233983948039062 0.81499744040807 NA 0 0.0178571428571429 "Uqcrc2_noRT" "non-targeting_noRT"
"10789" "Gm15402" 0.0859968435590275 0.954765148899569 0.233983948039062 0.81499744040807 NA 0 0.0178571428571429 "Uqcrc2_noRT" "non-targeting_noRT"
"10790" "Gm43920" 0.0859968435590275 0.954765148899569 0.233983948039062 0.81499744040807 NA 0 0.0178571428571429 "Uqcrc2_noRT" "non-targeting_noRT"
"10791" "Gm44091" 0.0859968435590275 0.954765148899569 0.233983948039062 0.81499744040807 NA 0 0.0178571428571429 "Uqcrc2_noRT" "non-targeting_noRT"
"10792" "Gm5577" 0.0859968435590275 0.954765148899569 0.233983948039062 0.81499744040807 NA 0 0.0178571428571429 "Uqcrc2_noRT" "non-targeting_noRT"
"10793" "Aldh1l1" 0.0859968435590275 0.954765148899569 0.233983948039062 0.81499744040807 NA 0 0.0178571428571429 "Uqcrc2_noRT" "non-targeting_noRT"
"10794" "Grip2" 0.0859968435590275 0.954765148899569 0.233983948039062 0.81499744040807 NA 0 0.0178571428571429 "Uqcrc2_noRT" "non-targeting_noRT"
"10795" "Slc6a11" 0.0859968435590275 0.954765148899569 0.233983948039062 0.81499744040807 NA 0 0.0178571428571429 "Uqcrc2_noRT" "non-targeting_noRT"
"10796" "Slc6a1" 0.0859968435590275 0.954765148899569 0.233983948039062 0.81499744040807 NA 0 0.0178571428571429 "Uqcrc2_noRT" "non-targeting_noRT"
"10797" "9530062K07Rik" 0.0859968435590275 0.954765148899569 0.233983948039062 0.81499744040807 NA 0 0.0178571428571429 "Uqcrc2_noRT" "non-targeting_noRT"
"10798" "Gm20531" 0.0859968435590275 0.954765148899569 0.233983948039062 0.81499744040807 NA 0 0.0178571428571429 "Uqcrc2_noRT" "non-targeting_noRT"
"10799" "Dyrk4" 0.0859968435590275 0.954765148899569 0.233983948039062 0.81499744040807 NA 0 0.0178571428571429 "Uqcrc2_noRT" "non-targeting_noRT"
"10800" "Tex52" 0.0859968435590275 0.954765148899569 0.233983948039062 0.81499744040807 NA 0 0.0178571428571429 "Uqcrc2_noRT" "non-targeting_noRT"
"10801" "Gm44066" 0.0859968435590275 0.954765148899569 0.233983948039062 0.81499744040807 NA 0 0.0178571428571429 "Uqcrc2_noRT" "non-targeting_noRT"
"10802" "Gm44238" 0.0859968435590275 0.954765148899569 0.233983948039062 0.81499744040807 NA 0 0.0178571428571429 "Uqcrc2_noRT" "non-targeting_noRT"
"10803" "Gm15927" 0.0859968435590275 0.954765148899569 0.233983948039062 0.81499744040807 NA 0 0.0178571428571429 "Uqcrc2_noRT" "non-targeting_noRT"
"10804" "D030047H15Rik" 0.0859968435590275 0.954765148899569 0.233983948039062 0.81499744040807 NA 0 0.0178571428571429 "Uqcrc2_noRT" "non-targeting_noRT"
"10805" "Gm44983" 0.0859968435590275 0.954765148899569 0.233983948039062 0.81499744040807 NA 0 0.0178571428571429 "Uqcrc2_noRT" "non-targeting_noRT"
"10806" "Vmn2r42" 0.0859968435590275 0.954765148899569 0.233983948039062 0.81499744040807 NA 0 0.0178571428571429 "Uqcrc2_noRT" "non-targeting_noRT"
"10807" "Zfp551" 0.0859968435590275 0.954765148899569 0.233983948039062 0.81499744040807 NA 0 0.0178571428571429 "Uqcrc2_noRT" "non-targeting_noRT"
"10808" "Vmn2r53" 0.0859968435590275 0.954765148899569 0.233983948039062 0.81499744040807 NA 0 0.0178571428571429 "Uqcrc2_noRT" "non-targeting_noRT"
"10809" "Pla2g4c" 0.0859968435590275 0.954765148899569 0.233983948039062 0.81499744040807 NA 0 0.0178571428571429 "Uqcrc2_noRT" "non-targeting_noRT"
"10810" "Ccdc8" 0.0859968435590275 0.954765148899569 0.233983948039062 0.81499744040807 NA 0 0.0178571428571429 "Uqcrc2_noRT" "non-targeting_noRT"
"10811" "Ceacam16" 0.0859968435590275 0.954765148899569 0.233983948039062 0.81499744040807 NA 0 0.0178571428571429 "Uqcrc2_noRT" "non-targeting_noRT"
"10812" "Vmn1r91" 0.0859968435590275 0.954765148899569 0.233983948039062 0.81499744040807 NA 0 0.0178571428571429 "Uqcrc2_noRT" "non-targeting_noRT"
"10813" "Gm36694" 0.0859968435590275 0.954765148899569 0.233983948039062 0.81499744040807 NA 0 0.0178571428571429 "Uqcrc2_noRT" "non-targeting_noRT"
"10814" "Cd79a" 0.0859968435590275 0.954765148899569 0.233983948039062 0.81499744040807 NA 0 0.0178571428571429 "Uqcrc2_noRT" "non-targeting_noRT"
"10815" "9130221H12Rik" 0.0859968435590275 0.954765148899569 0.233983948039062 0.81499744040807 NA 0 0.0178571428571429 "Uqcrc2_noRT" "non-targeting_noRT"
"10816" "Gm38973" 0.0859968435590275 0.954765148899569 0.233983948039062 0.81499744040807 NA 0 0.0178571428571429 "Uqcrc2_noRT" "non-targeting_noRT"
"10817" "Selenov" 0.0859968435590275 0.954765148899569 0.233983948039062 0.81499744040807 NA 0 0.0178571428571429 "Uqcrc2_noRT" "non-targeting_noRT"
"10818" "Ggn" 0.0859968435590275 0.954765148899569 0.233983948039062 0.81499744040807 NA 0 0.0178571428571429 "Uqcrc2_noRT" "non-targeting_noRT"
"10819" "Klk4" 0.0859968435590275 0.954765148899569 0.233983948039062 0.81499744040807 NA 0 0.0178571428571429 "Uqcrc2_noRT" "non-targeting_noRT"
"10820" "Grin2d" 0.0859968435590275 0.954765148899569 0.233983948039062 0.81499744040807 NA 0 0.0178571428571429 "Uqcrc2_noRT" "non-targeting_noRT"
"10821" "Tmem86a" 0.0859968435590275 0.954765148899569 0.233983948039062 0.81499744040807 NA 0 0.0178571428571429 "Uqcrc2_noRT" "non-targeting_noRT"
"10822" "1700112J16Rik" 0.0859968435590275 0.954765148899569 0.233983948039062 0.81499744040807 NA 0 0.0178571428571429 "Uqcrc2_noRT" "non-targeting_noRT"
"10823" "Nmb" 0.0859968435590275 0.954765148899569 0.233983948039062 0.81499744040807 NA 0 0.0178571428571429 "Uqcrc2_noRT" "non-targeting_noRT"
"10824" "E230029C05Rik" 0.0859968435590275 0.954765148899569 0.233983948039062 0.81499744040807 NA 0 0.0178571428571429 "Uqcrc2_noRT" "non-targeting_noRT"
"10825" "Gm26944" 0.0859968435590275 0.954765148899569 0.233983948039062 0.81499744040807 NA 0 0.0178571428571429 "Uqcrc2_noRT" "non-targeting_noRT"
"10826" "Mogat2" 0.0859968435590275 0.954765148899569 0.233983948039062 0.81499744040807 NA 0 0.0178571428571429 "Uqcrc2_noRT" "non-targeting_noRT"
"10827" "4930583K01Rik" 0.0859968435590275 0.954765148899569 0.233983948039062 0.81499744040807 NA 0 0.0178571428571429 "Uqcrc2_noRT" "non-targeting_noRT"
"10828" "Apobr" 0.0859968435590275 0.954765148899569 0.233983948039062 0.81499744040807 NA 0 0.0178571428571429 "Uqcrc2_noRT" "non-targeting_noRT"
"10829" "Spn" 0.0859968435590275 0.954765148899569 0.233983948039062 0.81499744040807 NA 0 0.0178571428571429 "Uqcrc2_noRT" "non-targeting_noRT"
"10830" "Prss53" 0.0859968435590275 0.954765148899569 0.233983948039062 0.81499744040807 NA 0 0.0178571428571429 "Uqcrc2_noRT" "non-targeting_noRT"
"10831" "Ifitm1" 0.0859968435590275 0.954765148899569 0.233983948039062 0.81499744040807 NA 0 0.0178571428571429 "Uqcrc2_noRT" "non-targeting_noRT"
"10832" "Mcf2l" 0.0859968435590275 0.954765148899569 0.233983948039062 0.81499744040807 NA 0 0.0178571428571429 "Uqcrc2_noRT" "non-targeting_noRT"
"10833" "Gm45250" 0.0859968435590275 0.954765148899569 0.233983948039062 0.81499744040807 NA 0 0.0178571428571429 "Uqcrc2_noRT" "non-targeting_noRT"
"10834" "Sh2d4a" 0.0859968435590275 0.954765148899569 0.233983948039062 0.81499744040807 NA 0 0.0178571428571429 "Uqcrc2_noRT" "non-targeting_noRT"
"10835" "Gm3336" 0.0859968435590275 0.954765148899569 0.233983948039062 0.81499744040807 NA 0 0.0178571428571429 "Uqcrc2_noRT" "non-targeting_noRT"
"10836" "Slc5a5" 0.0859968435590275 0.954765148899569 0.233983948039062 0.81499744040807 NA 0 0.0178571428571429 "Uqcrc2_noRT" "non-targeting_noRT"
"10837" "Unc13a" 0.0859968435590275 0.954765148899569 0.233983948039062 0.81499744040807 NA 0 0.0178571428571429 "Uqcrc2_noRT" "non-targeting_noRT"
"10838" "Mgat4d" 0.0859968435590275 0.954765148899569 0.233983948039062 0.81499744040807 NA 0 0.0178571428571429 "Uqcrc2_noRT" "non-targeting_noRT"
"10839" "Adgrl1" 0.0859968435590275 0.954765148899569 0.233983948039062 0.81499744040807 NA 0 0.0178571428571429 "Uqcrc2_noRT" "non-targeting_noRT"
"10840" "Adcy7" 0.0859968435590275 0.954765148899569 0.233983948039062 0.81499744040807 NA 0 0.0178571428571429 "Uqcrc2_noRT" "non-targeting_noRT"
"10841" "Gm21817" 0.0859968435590275 0.954765148899569 0.233983948039062 0.81499744040807 NA 0 0.0178571428571429 "Uqcrc2_noRT" "non-targeting_noRT"
"10842" "Pmfbp1" 0.0859968435590275 0.954765148899569 0.233983948039062 0.81499744040807 NA 0 0.0178571428571429 "Uqcrc2_noRT" "non-targeting_noRT"
"10843" "Gm15894" 0.0859968435590275 0.954765148899569 0.233983948039062 0.81499744040807 NA 0 0.0178571428571429 "Uqcrc2_noRT" "non-targeting_noRT"
"10844" "Gm26815" 0.0859968435590275 0.954765148899569 0.233983948039062 0.81499744040807 NA 0 0.0178571428571429 "Uqcrc2_noRT" "non-targeting_noRT"
"10845" "Gm16853" 0.0859968435590275 0.954765148899569 0.233983948039062 0.81499744040807 NA 0 0.0178571428571429 "Uqcrc2_noRT" "non-targeting_noRT"
"10846" "Gm47633" 0.0859968435590275 0.954765148899569 0.233983948039062 0.81499744040807 NA 0 0.0178571428571429 "Uqcrc2_noRT" "non-targeting_noRT"
"10847" "Olfr975" 0.0859968435590275 0.954765148899569 0.233983948039062 0.81499744040807 NA 0 0.0178571428571429 "Uqcrc2_noRT" "non-targeting_noRT"
"10848" "Gm17540" 0.0859968435590275 0.954765148899569 0.233983948039062 0.81499744040807 NA 0 0.0178571428571429 "Uqcrc2_noRT" "non-targeting_noRT"
"10849" "Gm48742" 0.0859968435590275 0.954765148899569 0.233983948039062 0.81499744040807 NA 0 0.0178571428571429 "Uqcrc2_noRT" "non-targeting_noRT"
"10850" "Tecta" 0.0859968435590275 0.954765148899569 0.233983948039062 0.81499744040807 NA 0 0.0178571428571429 "Uqcrc2_noRT" "non-targeting_noRT"
"10851" "Gm16124" 0.0859968435590275 0.954765148899569 0.233983948039062 0.81499744040807 NA 0 0.0178571428571429 "Uqcrc2_noRT" "non-targeting_noRT"
"10852" "Cplx3" 0.0859968435590275 0.954765148899569 0.233983948039062 0.81499744040807 NA 0 0.0178571428571429 "Uqcrc2_noRT" "non-targeting_noRT"
"10853" "Gm33180" 0.0859968435590275 0.954765148899569 0.233983948039062 0.81499744040807 NA 0 0.0178571428571429 "Uqcrc2_noRT" "non-targeting_noRT"
"10854" "Gm9869" 0.0859968435590275 0.954765148899569 0.233983948039062 0.81499744040807 NA 0 0.0178571428571429 "Uqcrc2_noRT" "non-targeting_noRT"
"10855" "Fbxl22" 0.0859968435590275 0.954765148899569 0.233983948039062 0.81499744040807 NA 0 0.0178571428571429 "Uqcrc2_noRT" "non-targeting_noRT"
"10856" "Tpbg" 0.0859968435590275 0.954765148899569 0.233983948039062 0.81499744040807 NA 0 0.0178571428571429 "Uqcrc2_noRT" "non-targeting_noRT"
"10857" "Gm16794" 0.0859968435590275 0.954765148899569 0.233983948039062 0.81499744040807 NA 0 0.0178571428571429 "Uqcrc2_noRT" "non-targeting_noRT"
"10858" "Esyt3" 0.0859968435590275 0.954765148899569 0.233983948039062 0.81499744040807 NA 0 0.0178571428571429 "Uqcrc2_noRT" "non-targeting_noRT"
"10859" "4930500F10Rik" 0.0859968435590275 0.954765148899569 0.233983948039062 0.81499744040807 NA 0 0.0178571428571429 "Uqcrc2_noRT" "non-targeting_noRT"
"10860" "Celsr3" 0.0859968435590275 0.954765148899569 0.233983948039062 0.81499744040807 NA 0 0.0178571428571429 "Uqcrc2_noRT" "non-targeting_noRT"
"10861" "Gm43732" 0.0859968435590275 0.954765148899569 0.233983948039062 0.81499744040807 NA 0 0.0178571428571429 "Uqcrc2_noRT" "non-targeting_noRT"
"10862" "Lrrc2" 0.0859968435590275 0.954765148899569 0.233983948039062 0.81499744040807 NA 0 0.0178571428571429 "Uqcrc2_noRT" "non-targeting_noRT"
"10863" "Gm17399" 0.0859968435590275 0.954765148899569 0.233983948039062 0.81499744040807 NA 0 0.0178571428571429 "Uqcrc2_noRT" "non-targeting_noRT"
"10864" "Ccr9" 0.0859968435590275 0.954765148899569 0.233983948039062 0.81499744040807 NA 0 0.0178571428571429 "Uqcrc2_noRT" "non-targeting_noRT"
"10865" "Aldh8a1" 0.0859968435590275 0.954765148899569 0.233983948039062 0.81499744040807 NA 0 0.0178571428571429 "Uqcrc2_noRT" "non-targeting_noRT"
"10866" "Gm47939" 0.0859968435590275 0.954765148899569 0.233983948039062 0.81499744040807 NA 0 0.0178571428571429 "Uqcrc2_noRT" "non-targeting_noRT"
"10867" "Tmem200a" 0.0859968435590275 0.954765148899569 0.233983948039062 0.81499744040807 NA 0 0.0178571428571429 "Uqcrc2_noRT" "non-targeting_noRT"
"10868" "Gm30034" 0.0859968435590275 0.954765148899569 0.233983948039062 0.81499744040807 NA 0 0.0178571428571429 "Uqcrc2_noRT" "non-targeting_noRT"
"10869" "Dse" 0.0859968435590275 0.954765148899569 0.233983948039062 0.81499744040807 NA 0 0.0178571428571429 "Uqcrc2_noRT" "non-targeting_noRT"
"10870" "Mfsd4b5" 0.0859968435590275 0.954765148899569 0.233983948039062 0.81499744040807 NA 0 0.0178571428571429 "Uqcrc2_noRT" "non-targeting_noRT"
"10871" "9030612E09Rik" 0.0859968435590275 0.954765148899569 0.233983948039062 0.81499744040807 NA 0 0.0178571428571429 "Uqcrc2_noRT" "non-targeting_noRT"
"10872" "Vgll2" 0.0859968435590275 0.954765148899569 0.233983948039062 0.81499744040807 NA 0 0.0178571428571429 "Uqcrc2_noRT" "non-targeting_noRT"
"10873" "Ggt1" 0.0859968435590275 0.954765148899569 0.233983948039062 0.81499744040807 NA 0 0.0178571428571429 "Uqcrc2_noRT" "non-targeting_noRT"
"10874" "Olfr1356" 0.0859968435590275 0.954765148899569 0.233983948039062 0.81499744040807 NA 0 0.0178571428571429 "Uqcrc2_noRT" "non-targeting_noRT"
"10875" "Gm17134" 0.0859968435590275 0.954765148899569 0.233983948039062 0.81499744040807 NA 0 0.0178571428571429 "Uqcrc2_noRT" "non-targeting_noRT"
"10876" "Creb3l3" 0.0859968435590275 0.954765148899569 0.233983948039062 0.81499744040807 NA 0 0.0178571428571429 "Uqcrc2_noRT" "non-targeting_noRT"
"10877" "Gm15990" 0.0859968435590275 0.954765148899569 0.233983948039062 0.81499744040807 NA 0 0.0178571428571429 "Uqcrc2_noRT" "non-targeting_noRT"
"10878" "Ttc41" 0.0859968435590275 0.954765148899569 0.233983948039062 0.81499744040807 NA 0 0.0178571428571429 "Uqcrc2_noRT" "non-targeting_noRT"
"10879" "Phxr2" 0.0859968435590275 0.954765148899569 0.233983948039062 0.81499744040807 NA 0 0.0178571428571429 "Uqcrc2_noRT" "non-targeting_noRT"
"10880" "Gm28592" 0.0859968435590275 0.954765148899569 0.233983948039062 0.81499744040807 NA 0 0.0178571428571429 "Uqcrc2_noRT" "non-targeting_noRT"
"10881" "4930477N07Rik" 0.0859968435590275 0.954765148899569 0.233983948039062 0.81499744040807 NA 0 0.0178571428571429 "Uqcrc2_noRT" "non-targeting_noRT"
"10882" "A730071L15Rik" 0.0859968435590275 0.954765148899569 0.233983948039062 0.81499744040807 NA 0 0.0178571428571429 "Uqcrc2_noRT" "non-targeting_noRT"
"10883" "Npc1l1" 0.0859968435590275 0.954765148899569 0.233983948039062 0.81499744040807 NA 0 0.0178571428571429 "Uqcrc2_noRT" "non-targeting_noRT"
"10884" "Gm11973" 0.0859968435590275 0.954765148899569 0.233983948039062 0.81499744040807 NA 0 0.0178571428571429 "Uqcrc2_noRT" "non-targeting_noRT"
"10885" "Nacad" 0.0859968435590275 0.954765148899569 0.233983948039062 0.81499744040807 NA 0 0.0178571428571429 "Uqcrc2_noRT" "non-targeting_noRT"
"10886" "Gm12052" 0.0859968435590275 0.954765148899569 0.233983948039062 0.81499744040807 NA 0 0.0178571428571429 "Uqcrc2_noRT" "non-targeting_noRT"
"10887" "4931440F15Rik" 0.0859968435590275 0.954765148899569 0.233983948039062 0.81499744040807 NA 0 0.0178571428571429 "Uqcrc2_noRT" "non-targeting_noRT"
"10888" "Gm29237" 0.0859968435590275 0.954765148899569 0.233983948039062 0.81499744040807 NA 0 0.0178571428571429 "Uqcrc2_noRT" "non-targeting_noRT"
"10889" "Hbq1b" 0.0859968435590275 0.954765148899569 0.233983948039062 0.81499744040807 NA 0 0.0178571428571429 "Uqcrc2_noRT" "non-targeting_noRT"
"10890" "Olfr1385" 0.0859968435590275 0.954765148899569 0.233983948039062 0.81499744040807 NA 0 0.0178571428571429 "Uqcrc2_noRT" "non-targeting_noRT"
"10891" "D930048N14Rik" 0.0859968435590275 0.954765148899569 0.233983948039062 0.81499744040807 NA 0 0.0178571428571429 "Uqcrc2_noRT" "non-targeting_noRT"
"10892" "Shroom1" 0.0859968435590275 0.954765148899569 0.233983948039062 0.81499744040807 NA 0 0.0178571428571429 "Uqcrc2_noRT" "non-targeting_noRT"
"10893" "Obscn" 0.0859968435590275 0.954765148899569 0.233983948039062 0.81499744040807 NA 0 0.0178571428571429 "Uqcrc2_noRT" "non-targeting_noRT"
"10894" "Wnt9a" 0.0859968435590275 0.954765148899569 0.233983948039062 0.81499744040807 NA 0 0.0178571428571429 "Uqcrc2_noRT" "non-targeting_noRT"
"10895" "4930412M03Rik" 0.0859968435590275 0.954765148899569 0.233983948039062 0.81499744040807 NA 0 0.0178571428571429 "Uqcrc2_noRT" "non-targeting_noRT"
"10896" "Myh10" 0.0859968435590275 0.954765148899569 0.233983948039062 0.81499744040807 NA 0 0.0178571428571429 "Uqcrc2_noRT" "non-targeting_noRT"
"10897" "Slc25a35" 0.0859968435590275 0.954765148899569 0.233983948039062 0.81499744040807 NA 0 0.0178571428571429 "Uqcrc2_noRT" "non-targeting_noRT"
"10898" "Kcnab3os" 0.0859968435590275 0.954765148899569 0.233983948039062 0.81499744040807 NA 0 0.0178571428571429 "Uqcrc2_noRT" "non-targeting_noRT"
"10899" "Tnfsf13os" 0.0859968435590275 0.954765148899569 0.233983948039062 0.81499744040807 NA 0 0.0178571428571429 "Uqcrc2_noRT" "non-targeting_noRT"
"10900" "Gm12320" 0.0859968435590275 0.954765148899569 0.233983948039062 0.81499744040807 NA 0 0.0178571428571429 "Uqcrc2_noRT" "non-targeting_noRT"
"10901" "Fbxo39" 0.0859968435590275 0.954765148899569 0.233983948039062 0.81499744040807 NA 0 0.0178571428571429 "Uqcrc2_noRT" "non-targeting_noRT"
"10902" "Tekt1" 0.0859968435590275 0.954765148899569 0.233983948039062 0.81499744040807 NA 0 0.0178571428571429 "Uqcrc2_noRT" "non-targeting_noRT"
"10903" "Gemin4" 0.0859968435590275 0.954765148899569 0.233983948039062 0.81499744040807 NA 0 0.0178571428571429 "Uqcrc2_noRT" "non-targeting_noRT"
"10904" "Gm10277" 0.0859968435590275 0.954765148899569 0.233983948039062 0.81499744040807 NA 0 0.0178571428571429 "Uqcrc2_noRT" "non-targeting_noRT"
"10905" "Sgca" 0.0859968435590275 0.954765148899569 0.233983948039062 0.81499744040807 NA 0 0.0178571428571429 "Uqcrc2_noRT" "non-targeting_noRT"
"10906" "Dlx4os" 0.0859968435590275 0.954765148899569 0.233983948039062 0.81499744040807 NA 0 0.0178571428571429 "Uqcrc2_noRT" "non-targeting_noRT"
"10907" "Tns4" 0.0859968435590275 0.954765148899569 0.233983948039062 0.81499744040807 NA 0 0.0178571428571429 "Uqcrc2_noRT" "non-targeting_noRT"
"10908" "Cntd1" 0.0859968435590275 0.954765148899569 0.233983948039062 0.81499744040807 NA 0 0.0178571428571429 "Uqcrc2_noRT" "non-targeting_noRT"
"10909" "Arl4d" 0.0859968435590275 0.954765148899569 0.233983948039062 0.81499744040807 NA 0 0.0178571428571429 "Uqcrc2_noRT" "non-targeting_noRT"
"10910" "Arhgap27os2" 0.0859968435590275 0.954765148899569 0.233983948039062 0.81499744040807 NA 0 0.0178571428571429 "Uqcrc2_noRT" "non-targeting_noRT"
"10911" "Gm11715" 0.0859968435590275 0.954765148899569 0.233983948039062 0.81499744040807 NA 0 0.0178571428571429 "Uqcrc2_noRT" "non-targeting_noRT"
"10912" "Gm11713" 0.0859968435590275 0.954765148899569 0.233983948039062 0.81499744040807 NA 0 0.0178571428571429 "Uqcrc2_noRT" "non-targeting_noRT"
"10913" "A830035A12Rik" 0.0859968435590275 0.954765148899569 0.233983948039062 0.81499744040807 NA 0 0.0178571428571429 "Uqcrc2_noRT" "non-targeting_noRT"
"10914" "St6galnac2" 0.0859968435590275 0.954765148899569 0.233983948039062 0.81499744040807 NA 0 0.0178571428571429 "Uqcrc2_noRT" "non-targeting_noRT"
"10915" "0610009L18Rik" 0.0859968435590275 0.954765148899569 0.233983948039062 0.81499744040807 NA 0 0.0178571428571429 "Uqcrc2_noRT" "non-targeting_noRT"
"10916" "Gm5784" 0.0859968435590275 0.954765148899569 0.233983948039062 0.81499744040807 NA 0 0.0178571428571429 "Uqcrc2_noRT" "non-targeting_noRT"
"10917" "2410018L13Rik" 0.0859968435590275 0.954765148899569 0.233983948039062 0.81499744040807 NA 0 0.0178571428571429 "Uqcrc2_noRT" "non-targeting_noRT"
"10918" "Grhl1" 0.0859968435590275 0.954765148899569 0.233983948039062 0.81499744040807 NA 0 0.0178571428571429 "Uqcrc2_noRT" "non-targeting_noRT"
"10919" "Myt1l" 0.0859968435590275 0.954765148899569 0.233983948039062 0.81499744040807 NA 0 0.0178571428571429 "Uqcrc2_noRT" "non-targeting_noRT"
"10920" "Gm47096" 0.0859968435590275 0.954765148899569 0.233983948039062 0.81499744040807 NA 0 0.0178571428571429 "Uqcrc2_noRT" "non-targeting_noRT"
"10921" "1700081N11Rik" 0.0859968435590275 0.954765148899569 0.233983948039062 0.81499744040807 NA 0 0.0178571428571429 "Uqcrc2_noRT" "non-targeting_noRT"
"10922" "Gm36634" 0.0859968435590275 0.954765148899569 0.233983948039062 0.81499744040807 NA 0 0.0178571428571429 "Uqcrc2_noRT" "non-targeting_noRT"
"10923" "Gm46329" 0.0859968435590275 0.954765148899569 0.233983948039062 0.81499744040807 NA 0 0.0178571428571429 "Uqcrc2_noRT" "non-targeting_noRT"
"10924" "Gm31513" 0.0859968435590275 0.954765148899569 0.233983948039062 0.81499744040807 NA 0 0.0178571428571429 "Uqcrc2_noRT" "non-targeting_noRT"
"10925" "Abcd4" 0.0859968435590275 0.954765148899569 0.233983948039062 0.81499744040807 NA 0 0.0178571428571429 "Uqcrc2_noRT" "non-targeting_noRT"
"10926" "Gm26512" 0.0859968435590275 0.954765148899569 0.233983948039062 0.81499744040807 NA 0 0.0178571428571429 "Uqcrc2_noRT" "non-targeting_noRT"
"10927" "Flrt2" 0.0859968435590275 0.954765148899569 0.233983948039062 0.81499744040807 NA 0 0.0178571428571429 "Uqcrc2_noRT" "non-targeting_noRT"
"10928" "Gm35326" 0.0859968435590275 0.954765148899569 0.233983948039062 0.81499744040807 NA 0 0.0178571428571429 "Uqcrc2_noRT" "non-targeting_noRT"
"10929" "3300002A11Rik" 0.0859968435590275 0.954765148899569 0.233983948039062 0.81499744040807 NA 0 0.0178571428571429 "Uqcrc2_noRT" "non-targeting_noRT"
"10930" "Gm10432" 0.0859968435590275 0.954765148899569 0.233983948039062 0.81499744040807 NA 0 0.0178571428571429 "Uqcrc2_noRT" "non-targeting_noRT"
"10931" "Gm47882" 0.0859968435590275 0.954765148899569 0.233983948039062 0.81499744040807 NA 0 0.0178571428571429 "Uqcrc2_noRT" "non-targeting_noRT"
"10932" "Inhba" 0.0859968435590275 0.954765148899569 0.233983948039062 0.81499744040807 NA 0 0.0178571428571429 "Uqcrc2_noRT" "non-targeting_noRT"
"10933" "Prss16" 0.0859968435590275 0.954765148899569 0.233983948039062 0.81499744040807 NA 0 0.0178571428571429 "Uqcrc2_noRT" "non-targeting_noRT"
"10934" "Gm11290" 0.0859968435590275 0.954765148899569 0.233983948039062 0.81499744040807 NA 0 0.0178571428571429 "Uqcrc2_noRT" "non-targeting_noRT"
"10935" "Gm40909" 0.0859968435590275 0.954765148899569 0.233983948039062 0.81499744040807 NA 0 0.0178571428571429 "Uqcrc2_noRT" "non-targeting_noRT"
"10936" "Gm48708" 0.0859968435590275 0.954765148899569 0.233983948039062 0.81499744040807 NA 0 0.0178571428571429 "Uqcrc2_noRT" "non-targeting_noRT"
"10937" "Gm47061" 0.0859968435590275 0.954765148899569 0.233983948039062 0.81499744040807 NA 0 0.0178571428571429 "Uqcrc2_noRT" "non-targeting_noRT"
"10938" "Omd" 0.0859968435590275 0.954765148899569 0.233983948039062 0.81499744040807 NA 0 0.0178571428571429 "Uqcrc2_noRT" "non-targeting_noRT"
"10939" "Gm48357" 0.0859968435590275 0.954765148899569 0.233983948039062 0.81499744040807 NA 0 0.0178571428571429 "Uqcrc2_noRT" "non-targeting_noRT"
"10940" "Slc28a3" 0.0859968435590275 0.954765148899569 0.233983948039062 0.81499744040807 NA 0 0.0178571428571429 "Uqcrc2_noRT" "non-targeting_noRT"
"10941" "Gm10767" 0.0859968435590275 0.954765148899569 0.233983948039062 0.81499744040807 NA 0 0.0178571428571429 "Uqcrc2_noRT" "non-targeting_noRT"
"10942" "Zfp85" 0.0859968435590275 0.954765148899569 0.233983948039062 0.81499744040807 NA 0 0.0178571428571429 "Uqcrc2_noRT" "non-targeting_noRT"
"10943" "Slc6a19os" 0.0859968435590275 0.954765148899569 0.233983948039062 0.81499744040807 NA 0 0.0178571428571429 "Uqcrc2_noRT" "non-targeting_noRT"
"10944" "Tppp" 0.0859968435590275 0.954765148899569 0.233983948039062 0.81499744040807 NA 0 0.0178571428571429 "Uqcrc2_noRT" "non-targeting_noRT"
"10945" "Gm2822" 0.0859968435590275 0.954765148899569 0.233983948039062 0.81499744040807 NA 0 0.0178571428571429 "Uqcrc2_noRT" "non-targeting_noRT"
"10946" "Gm15326" 0.0859968435590275 0.954765148899569 0.233983948039062 0.81499744040807 NA 0 0.0178571428571429 "Uqcrc2_noRT" "non-targeting_noRT"
"10947" "Gm10734" 0.0859968435590275 0.954765148899569 0.233983948039062 0.81499744040807 NA 0 0.0178571428571429 "Uqcrc2_noRT" "non-targeting_noRT"
"10948" "Gm48265" 0.0859968435590275 0.954765148899569 0.233983948039062 0.81499744040807 NA 0 0.0178571428571429 "Uqcrc2_noRT" "non-targeting_noRT"
"10949" "Gm41077" 0.0859968435590275 0.954765148899569 0.233983948039062 0.81499744040807 NA 0 0.0178571428571429 "Uqcrc2_noRT" "non-targeting_noRT"
"10950" "A430057M04Rik" 0.0859968435590275 0.954765148899569 0.233983948039062 0.81499744040807 NA 0 0.0178571428571429 "Uqcrc2_noRT" "non-targeting_noRT"
"10951" "Il17rb" 0.0859968435590275 0.954765148899569 0.233983948039062 0.81499744040807 NA 0 0.0178571428571429 "Uqcrc2_noRT" "non-targeting_noRT"
"10952" "Gm8138" 0.0859968435590275 0.954765148899569 0.233983948039062 0.81499744040807 NA 0 0.0178571428571429 "Uqcrc2_noRT" "non-targeting_noRT"
"10953" "Gm5799" 0.0859968435590275 0.954765148899569 0.233983948039062 0.81499744040807 NA 0 0.0178571428571429 "Uqcrc2_noRT" "non-targeting_noRT"
"10954" "Gm26590" 0.0859968435590275 0.954765148899569 0.233983948039062 0.81499744040807 NA 0 0.0178571428571429 "Uqcrc2_noRT" "non-targeting_noRT"
"10955" "Gnrh1" 0.0859968435590275 0.954765148899569 0.233983948039062 0.81499744040807 NA 0 0.0178571428571429 "Uqcrc2_noRT" "non-targeting_noRT"
"10956" "Dmtn" 0.0859968435590275 0.954765148899569 0.233983948039062 0.81499744040807 NA 0 0.0178571428571429 "Uqcrc2_noRT" "non-targeting_noRT"
"10957" "Gm31282" 0.0859968435590275 0.954765148899569 0.233983948039062 0.81499744040807 NA 0 0.0178571428571429 "Uqcrc2_noRT" "non-targeting_noRT"
"10958" "Sema5a" 0.0859968435590275 0.954765148899569 0.233983948039062 0.81499744040807 NA 0 0.0178571428571429 "Uqcrc2_noRT" "non-targeting_noRT"
"10959" "Gm26854" 0.0859968435590275 0.954765148899569 0.233983948039062 0.81499744040807 NA 0 0.0178571428571429 "Uqcrc2_noRT" "non-targeting_noRT"
"10960" "Gm2582" 0.0859968435590275 0.954765148899569 0.233983948039062 0.81499744040807 NA 0 0.0178571428571429 "Uqcrc2_noRT" "non-targeting_noRT"
"10961" "4933427E11Rik" 0.0859968435590275 0.954765148899569 0.233983948039062 0.81499744040807 NA 0 0.0178571428571429 "Uqcrc2_noRT" "non-targeting_noRT"
"10962" "Gm46519" 0.0859968435590275 0.954765148899569 0.233983948039062 0.81499744040807 NA 0 0.0178571428571429 "Uqcrc2_noRT" "non-targeting_noRT"
"10963" "Elfn2" 0.0859968435590275 0.954765148899569 0.233983948039062 0.81499744040807 NA 0 0.0178571428571429 "Uqcrc2_noRT" "non-targeting_noRT"
"10964" "Tmem117" 0.0859968435590275 0.954765148899569 0.233983948039062 0.81499744040807 NA 0 0.0178571428571429 "Uqcrc2_noRT" "non-targeting_noRT"
"10965" "Rapgef3" 0.0859968435590275 0.954765148899569 0.233983948039062 0.81499744040807 NA 0 0.0178571428571429 "Uqcrc2_noRT" "non-targeting_noRT"
"10966" "4930415O20Rik" 0.0859968435590275 0.954765148899569 0.233983948039062 0.81499744040807 NA 0 0.0178571428571429 "Uqcrc2_noRT" "non-targeting_noRT"
"10967" "Ddn" 0.0859968435590275 0.954765148899569 0.233983948039062 0.81499744040807 NA 0 0.0178571428571429 "Uqcrc2_noRT" "non-targeting_noRT"
"10968" "B130046B21Rik" 0.0859968435590275 0.954765148899569 0.233983948039062 0.81499744040807 NA 0 0.0178571428571429 "Uqcrc2_noRT" "non-targeting_noRT"
"10969" "Fam186b" 0.0859968435590275 0.954765148899569 0.233983948039062 0.81499744040807 NA 0 0.0178571428571429 "Uqcrc2_noRT" "non-targeting_noRT"
"10970" "Gm17057" 0.0859968435590275 0.954765148899569 0.233983948039062 0.81499744040807 NA 0 0.0178571428571429 "Uqcrc2_noRT" "non-targeting_noRT"
"10971" "Gm49479" 0.0859968435590275 0.954765148899569 0.233983948039062 0.81499744040807 NA 0 0.0178571428571429 "Uqcrc2_noRT" "non-targeting_noRT"
"10972" "Gm15558" 0.0859968435590275 0.954765148899569 0.233983948039062 0.81499744040807 NA 0 0.0178571428571429 "Uqcrc2_noRT" "non-targeting_noRT"
"10973" "4930509G22Rik" 0.0859968435590275 0.954765148899569 0.233983948039062 0.81499744040807 NA 0 0.0178571428571429 "Uqcrc2_noRT" "non-targeting_noRT"
"10974" "Rimbp3" 0.0859968435590275 0.954765148899569 0.233983948039062 0.81499744040807 NA 0 0.0178571428571429 "Uqcrc2_noRT" "non-targeting_noRT"
"10975" "2510002D24Rik" 0.0859968435590275 0.954765148899569 0.233983948039062 0.81499744040807 NA 0 0.0178571428571429 "Uqcrc2_noRT" "non-targeting_noRT"
"10976" "Gm49745" 0.0859968435590275 0.954765148899569 0.233983948039062 0.81499744040807 NA 0 0.0178571428571429 "Uqcrc2_noRT" "non-targeting_noRT"
"10977" "Ehhadh" 0.0859968435590275 0.954765148899569 0.233983948039062 0.81499744040807 NA 0 0.0178571428571429 "Uqcrc2_noRT" "non-targeting_noRT"
"10978" "A230028O05Rik" 0.0859968435590275 0.954765148899569 0.233983948039062 0.81499744040807 NA 0 0.0178571428571429 "Uqcrc2_noRT" "non-targeting_noRT"
"10979" "4930565N06Rik" 0.0859968435590275 0.954765148899569 0.233983948039062 0.81499744040807 NA 0 0.0178571428571429 "Uqcrc2_noRT" "non-targeting_noRT"
"10980" "Stxbp5l" 0.0859968435590275 0.954765148899569 0.233983948039062 0.81499744040807 NA 0 0.0178571428571429 "Uqcrc2_noRT" "non-targeting_noRT"
"10981" "Pla1a" 0.0859968435590275 0.954765148899569 0.233983948039062 0.81499744040807 NA 0 0.0178571428571429 "Uqcrc2_noRT" "non-targeting_noRT"
"10982" "Impg2" 0.0859968435590275 0.954765148899569 0.233983948039062 0.81499744040807 NA 0 0.0178571428571429 "Uqcrc2_noRT" "non-targeting_noRT"
"10983" "Gm30790" 0.0859968435590275 0.954765148899569 0.233983948039062 0.81499744040807 NA 0 0.0178571428571429 "Uqcrc2_noRT" "non-targeting_noRT"
"10984" "4932438H23Rik" 0.0859968435590275 0.954765148899569 0.233983948039062 0.81499744040807 NA 0 0.0178571428571429 "Uqcrc2_noRT" "non-targeting_noRT"
"10985" "Ldhal6b" 0.0859968435590275 0.954765148899569 0.233983948039062 0.81499744040807 NA 0 0.0178571428571429 "Uqcrc2_noRT" "non-targeting_noRT"
"10986" "Zdhhc14" 0.0859968435590275 0.954765148899569 0.233983948039062 0.81499744040807 NA 0 0.0178571428571429 "Uqcrc2_noRT" "non-targeting_noRT"
"10987" "Prss22" 0.0859968435590275 0.954765148899569 0.233983948039062 0.81499744040807 NA 0 0.0178571428571429 "Uqcrc2_noRT" "non-targeting_noRT"
"10988" "Gm50071" 0.0859968435590275 0.954765148899569 0.233983948039062 0.81499744040807 NA 0 0.0178571428571429 "Uqcrc2_noRT" "non-targeting_noRT"
"10989" "BC028777" 0.0859968435590275 0.954765148899569 0.233983948039062 0.81499744040807 NA 0 0.0178571428571429 "Uqcrc2_noRT" "non-targeting_noRT"
"10990" "Hs3st6" 0.0859968435590275 0.954765148899569 0.233983948039062 0.81499744040807 NA 0 0.0178571428571429 "Uqcrc2_noRT" "non-targeting_noRT"
"10991" "Gm34455" 0.0859968435590275 0.954765148899569 0.233983948039062 0.81499744040807 NA 0 0.0178571428571429 "Uqcrc2_noRT" "non-targeting_noRT"
"10992" "Gm50254" 0.0859968435590275 0.954765148899569 0.233983948039062 0.81499744040807 NA 0 0.0178571428571429 "Uqcrc2_noRT" "non-targeting_noRT"
"10993" "Gm49801" 0.0859968435590275 0.954765148899569 0.233983948039062 0.81499744040807 NA 0 0.0178571428571429 "Uqcrc2_noRT" "non-targeting_noRT"
"10994" "Lhfpl5" 0.0859968435590275 0.954765148899569 0.233983948039062 0.81499744040807 NA 0 0.0178571428571429 "Uqcrc2_noRT" "non-targeting_noRT"
"10995" "Rab44" 0.0859968435590275 0.954765148899569 0.233983948039062 0.81499744040807 NA 0 0.0178571428571429 "Uqcrc2_noRT" "non-targeting_noRT"
"10996" "Pi16" 0.0859968435590275 0.954765148899569 0.233983948039062 0.81499744040807 NA 0 0.0178571428571429 "Uqcrc2_noRT" "non-targeting_noRT"
"10997" "Gm26885" 0.0859968435590275 0.954765148899569 0.233983948039062 0.81499744040807 NA 0 0.0178571428571429 "Uqcrc2_noRT" "non-targeting_noRT"
"10998" "Gm17276" 0.0859968435590275 0.954765148899569 0.233983948039062 0.81499744040807 NA 0 0.0178571428571429 "Uqcrc2_noRT" "non-targeting_noRT"
"10999" "B3galt4" 0.0859968435590275 0.954765148899569 0.233983948039062 0.81499744040807 NA 0 0.0178571428571429 "Uqcrc2_noRT" "non-targeting_noRT"
"11000" "Tnxb" 0.0859968435590275 0.954765148899569 0.233983948039062 0.81499744040807 NA 0 0.0178571428571429 "Uqcrc2_noRT" "non-targeting_noRT"
"11001" "Gm20443" 0.0859968435590275 0.954765148899569 0.233983948039062 0.81499744040807 NA 0 0.0178571428571429 "Uqcrc2_noRT" "non-targeting_noRT"
"11002" "Gm16279" 0.0859968435590275 0.954765148899569 0.233983948039062 0.81499744040807 NA 0 0.0178571428571429 "Uqcrc2_noRT" "non-targeting_noRT"
"11003" "Gm11127" 0.0859968435590275 0.954765148899569 0.233983948039062 0.81499744040807 NA 0 0.0178571428571429 "Uqcrc2_noRT" "non-targeting_noRT"
"11004" "Abcc10" 0.0859968435590275 0.954765148899569 0.233983948039062 0.81499744040807 NA 0 0.0178571428571429 "Uqcrc2_noRT" "non-targeting_noRT"
"11005" "Ptk7" 0.0859968435590275 0.954765148899569 0.233983948039062 0.81499744040807 NA 0 0.0178571428571429 "Uqcrc2_noRT" "non-targeting_noRT"
"11006" "Kif6" 0.0859968435590275 0.954765148899569 0.233983948039062 0.81499744040807 NA 0 0.0178571428571429 "Uqcrc2_noRT" "non-targeting_noRT"
"11007" "Gm49860" 0.0859968435590275 0.954765148899569 0.233983948039062 0.81499744040807 NA 0 0.0178571428571429 "Uqcrc2_noRT" "non-targeting_noRT"
"11008" "Emilin2" 0.0859968435590275 0.954765148899569 0.233983948039062 0.81499744040807 NA 0 0.0178571428571429 "Uqcrc2_noRT" "non-targeting_noRT"
"11009" "Gm26749" 0.0859968435590275 0.954765148899569 0.233983948039062 0.81499744040807 NA 0 0.0178571428571429 "Uqcrc2_noRT" "non-targeting_noRT"
"11010" "Sult6b1" 0.0859968435590275 0.954765148899569 0.233983948039062 0.81499744040807 NA 0 0.0178571428571429 "Uqcrc2_noRT" "non-targeting_noRT"
"11011" "Gm30938" 0.0859968435590275 0.954765148899569 0.233983948039062 0.81499744040807 NA 0 0.0178571428571429 "Uqcrc2_noRT" "non-targeting_noRT"
"11012" "B930094E09Rik" 0.0859968435590275 0.954765148899569 0.233983948039062 0.81499744040807 NA 0 0.0178571428571429 "Uqcrc2_noRT" "non-targeting_noRT"
"11013" "Pcdhga10" 0.0859968435590275 0.954765148899569 0.233983948039062 0.81499744040807 NA 0 0.0178571428571429 "Uqcrc2_noRT" "non-targeting_noRT"
"11014" "Gm38182" 0.0859968435590275 0.954765148899569 0.233983948039062 0.81499744040807 NA 0 0.0178571428571429 "Uqcrc2_noRT" "non-targeting_noRT"
"11015" "Gm15337" 0.0859968435590275 0.954765148899569 0.233983948039062 0.81499744040807 NA 0 0.0178571428571429 "Uqcrc2_noRT" "non-targeting_noRT"
"11016" "Gm19500" 0.0859968435590275 0.954765148899569 0.233983948039062 0.81499744040807 NA 0 0.0178571428571429 "Uqcrc2_noRT" "non-targeting_noRT"
"11017" "Gm50260" 0.0859968435590275 0.954765148899569 0.233983948039062 0.81499744040807 NA 0 0.0178571428571429 "Uqcrc2_noRT" "non-targeting_noRT"
"11018" "Gm17227" 0.0859968435590275 0.954765148899569 0.233983948039062 0.81499744040807 NA 0 0.0178571428571429 "Uqcrc2_noRT" "non-targeting_noRT"
"11019" "Gm10353" 0.0859968435590275 0.954765148899569 0.233983948039062 0.81499744040807 NA 0 0.0178571428571429 "Uqcrc2_noRT" "non-targeting_noRT"
"11020" "Olfr1459" 0.0859968435590275 0.954765148899569 0.233983948039062 0.81499744040807 NA 0 0.0178571428571429 "Uqcrc2_noRT" "non-targeting_noRT"
"11021" "Gm50276" 0.0859968435590275 0.954765148899569 0.233983948039062 0.81499744040807 NA 0 0.0178571428571429 "Uqcrc2_noRT" "non-targeting_noRT"
"11022" "Aldh1a1" 0.0859968435590275 0.954765148899569 0.233983948039062 0.81499744040807 NA 0 0.0178571428571429 "Uqcrc2_noRT" "non-targeting_noRT"
"11023" "Abcc2" 0.0859968435590275 0.954765148899569 0.233983948039062 0.81499744040807 NA 0 0.0178571428571429 "Uqcrc2_noRT" "non-targeting_noRT"
"11024" "Gm50196" 0.0859968435590275 0.954765148899569 0.233983948039062 0.81499744040807 NA 0 0.0178571428571429 "Uqcrc2_noRT" "non-targeting_noRT"
"11025" "Elovl3" 0.0859968435590275 0.954765148899569 0.233983948039062 0.81499744040807 NA 0 0.0178571428571429 "Uqcrc2_noRT" "non-targeting_noRT"
"11026" "Gm19557" 0.0859968435590275 0.954765148899569 0.233983948039062 0.81499744040807 NA 0 0.0178571428571429 "Uqcrc2_noRT" "non-targeting_noRT"
"11027" "Cfap58" 0.0859968435590275 0.954765148899569 0.233983948039062 0.81499744040807 NA 0 0.0178571428571429 "Uqcrc2_noRT" "non-targeting_noRT"
"11028" "Sorcs3" 0.0859968435590275 0.954765148899569 0.233983948039062 0.81499744040807 NA 0 0.0178571428571429 "Uqcrc2_noRT" "non-targeting_noRT"
"11029" "Gucy2g" 0.0859968435590275 0.954765148899569 0.233983948039062 0.81499744040807 NA 0 0.0178571428571429 "Uqcrc2_noRT" "non-targeting_noRT"
"11030" "Gm7102" 0.0859968435590275 0.954765148899569 0.233983948039062 0.81499744040807 NA 0 0.0178571428571429 "Uqcrc2_noRT" "non-targeting_noRT"
"11031" "Bmp15" 0.0859968435590275 0.954765148899569 0.233983948039062 0.81499744040807 NA 0 0.0178571428571429 "Uqcrc2_noRT" "non-targeting_noRT"
"11032" "Syp" 0.0859968435590275 0.954765148899569 0.233983948039062 0.81499744040807 NA 0 0.0178571428571429 "Uqcrc2_noRT" "non-targeting_noRT"
"11033" "Rbm3os" 0.0859968435590275 0.954765148899569 0.233983948039062 0.81499744040807 NA 0 0.0178571428571429 "Uqcrc2_noRT" "non-targeting_noRT"
"11034" "Usp11" 0.0859968435590275 0.954765148899569 0.233983948039062 0.81499744040807 NA 0 0.0178571428571429 "Uqcrc2_noRT" "non-targeting_noRT"
"11035" "Rhox3g" 0.0859968435590275 0.954765148899569 0.233983948039062 0.81499744040807 NA 0 0.0178571428571429 "Uqcrc2_noRT" "non-targeting_noRT"
"11036" "Pnck" 0.0859968435590275 0.954765148899569 0.233983948039062 0.81499744040807 NA 0 0.0178571428571429 "Uqcrc2_noRT" "non-targeting_noRT"
"11037" "Zcchc13" 0.0859968435590275 0.954765148899569 0.233983948039062 0.81499744040807 NA 0 0.0178571428571429 "Uqcrc2_noRT" "non-targeting_noRT"
"11038" "Nox1" 0.0859968435590275 0.954765148899569 0.233983948039062 0.81499744040807 NA 0 0.0178571428571429 "Uqcrc2_noRT" "non-targeting_noRT"
"11039" "Gm15127" 0.0859968435590275 0.954765148899569 0.233983948039062 0.81499744040807 NA 0 0.0178571428571429 "Uqcrc2_noRT" "non-targeting_noRT"
"11040" "Enpp4" 6.74702594659964 -0.169667983680714 -0.233953551934979 0.815021038182514 NA 0.476190476190476 0.464285714285714 "Uqcrc2_noRT" "non-targeting_noRT"
"11041" "Inpp4b" 1.17836506466702 0.415787619071496 0.233926543463419 0.815042006136104 NA 0.0952380952380952 0.0714285714285714 "Uqcrc2_noRT" "non-targeting_noRT"
"11042" "Ccdc173" 0.99821768368512 0.474091586571496 0.233833121877961 0.81511453475194 NA 0.0952380952380952 0.0892857142857143 "Uqcrc2_noRT" "non-targeting_noRT"
"11043" "Eml2" 4.76804471512868 0.197668570805674 0.233559972799014 0.815326605371251 NA 0.380952380952381 0.375 "Uqcrc2_noRT" "non-targeting_noRT"
"11044" "Ube4b" 12.7348008425473 -0.124862641097162 -0.23355880201869 0.815327514384258 0.969635062745712 0.523809523809524 0.553571428571429 "Uqcrc2_noRT" "non-targeting_noRT"
"11045" "Pvt1" 20.8518260784787 0.0941430439724858 0.233539909249258 0.815342183074044 0.969635062745712 0.666666666666667 0.767857142857143 "Uqcrc2_noRT" "non-targeting_noRT"
"11046" "Hap1" 3.55968540863609 0.251227042567245 0.233383227999007 0.815463835739858 NA 0.285714285714286 0.25 "Uqcrc2_noRT" "non-targeting_noRT"
"11047" "Otoa" 1.73474538248322 0.332957710752554 0.233371446509167 0.815472983470203 NA 0.142857142857143 0.142857142857143 "Uqcrc2_noRT" "non-targeting_noRT"
"11048" "Slc45a4" 5.18828591839412 0.195626854007624 0.233026957239068 0.815740473060946 NA 0.238095238095238 0.375 "Uqcrc2_noRT" "non-targeting_noRT"
"11049" "Lrrc41" 12.3676024143277 -0.131693255953856 -0.232800276985591 0.815916497829988 NA 0.476190476190476 0.660714285714286 "Uqcrc2_noRT" "non-targeting_noRT"
"11050" "Rpp21" 23.3720550689494 -0.094720668397985 -0.232768523483483 0.815941156224254 0.969635062745712 0.666666666666667 0.910714285714286 "Uqcrc2_noRT" "non-targeting_noRT"
"11051" "Zfp52" 2.04551917636073 -0.314315004486715 -0.232609357965707 0.81606476001671 NA 0.142857142857143 0.125 "Uqcrc2_noRT" "non-targeting_noRT"
"11052" "Nol7" 120.400437900922 -0.0442257754523897 -0.232597522476972 0.816073951331604 0.969635062745712 1 1 "Uqcrc2_noRT" "non-targeting_noRT"
"11053" "Clba1" 1.15664192199725 0.425458163591155 0.232593144628905 0.816077351128345 NA 0.0952380952380952 0.0892857142857143 "Uqcrc2_noRT" "non-targeting_noRT"
"11054" "Cdk8" 12.6785155760413 -0.120832038137016 -0.232584804407922 0.816083828077205 0.969635062745712 0.380952380952381 0.696428571428571 "Uqcrc2_noRT" "non-targeting_noRT"
"11055" "Cavin3" 64.1130478078273 -0.0691921919689514 -0.232296771314499 0.816307519978721 0.969635062745712 0.857142857142857 1 "Uqcrc2_noRT" "non-targeting_noRT"
"11056" "Spin1" 13.602616909159 0.116353682047441 0.232117434736153 0.816446803690231 0.969635062745712 0.761904761904762 0.714285714285714 "Uqcrc2_noRT" "non-targeting_noRT"
"11057" "Snx33" 1.49423238577521 -0.368858406432728 -0.231910121073289 0.816607823335044 NA 0.0476190476190476 0.160714285714286 "Uqcrc2_noRT" "non-targeting_noRT"
"11058" "Rnaseh1" 11.984268693918 -0.123086123307593 -0.231907368448227 0.816609961339376 NA 0.619047619047619 0.678571428571429 "Uqcrc2_noRT" "non-targeting_noRT"
"11059" "Fam234b" 3.96367440427901 0.220343174972837 0.231464495315683 0.816953965172673 NA 0.238095238095238 0.339285714285714 "Uqcrc2_noRT" "non-targeting_noRT"
"11060" "Sub1" 346.090601401503 0.0378023830924665 0.23145264662652 0.816963169183556 0.969635062745712 1 1 "Uqcrc2_noRT" "non-targeting_noRT"
"11061" "Tmem59" 115.94379524043 -0.0527440268709234 -0.231361513077793 0.817033962176625 0.969635062745712 0.952380952380952 1 "Uqcrc2_noRT" "non-targeting_noRT"
"11062" "Zfp511" 17.3359274131173 -0.104320329476821 -0.23128848899887 0.817090688720896 0.969635062745712 0.571428571428571 0.803571428571429 "Uqcrc2_noRT" "non-targeting_noRT"
"11063" "Tpp1" 14.2157214719695 0.117853131691028 0.231270870832225 0.817104375003584 0.969635062745712 0.571428571428571 0.678571428571429 "Uqcrc2_noRT" "non-targeting_noRT"
"11064" "Fbxl3" 3.38912187028403 -0.243627831375374 -0.231136198660619 0.817208993940459 NA 0.19047619047619 0.303571428571429 "Uqcrc2_noRT" "non-targeting_noRT"
"11065" "Gnptg" 10.0752204345937 -0.138797037931132 -0.231006550693843 0.817309712942965 NA 0.476190476190476 0.642857142857143 "Uqcrc2_noRT" "non-targeting_noRT"
"11066" "Mbnl1" 43.0985530919762 -0.0678767803832123 -0.230782662664267 0.817483650878733 0.969635062745712 0.904761904761905 0.892857142857143 "Uqcrc2_noRT" "non-targeting_noRT"
"11067" "Ints10" 8.68403857434549 -0.147159603709247 -0.230754635289313 0.817505425895052 NA 0.523809523809524 0.571428571428571 "Uqcrc2_noRT" "non-targeting_noRT"
"11068" "Kazald1" 2.75204305855893 -0.266140307416529 -0.230618890983079 0.817610890296631 NA 0.19047619047619 0.214285714285714 "Uqcrc2_noRT" "non-targeting_noRT"
"11069" "Dusp12" 5.50304779785842 0.184881925143088 0.230579161133319 0.817641758402558 NA 0.380952380952381 0.392857142857143 "Uqcrc2_noRT" "non-targeting_noRT"
"11070" "Rala" 68.1716258357374 -0.057542064903003 -0.230472211447923 0.81772485436341 0.969635062745712 0.952380952380952 0.982142857142857 "Uqcrc2_noRT" "non-targeting_noRT"
"11071" "Rexo4" 9.32430739095426 -0.13925292737149 -0.23034896110097 0.817820617877323 NA 0.428571428571429 0.553571428571429 "Uqcrc2_noRT" "non-targeting_noRT"
"11072" "Tdp1" 3.42187870201082 -0.226864319579095 -0.230342112017339 0.817825939583602 NA 0.238095238095238 0.357142857142857 "Uqcrc2_noRT" "non-targeting_noRT"
"11073" "Rad50" 42.1476660899986 -0.0765241972755444 -0.23026270727515 0.817887637313579 0.969635062745712 0.714285714285714 0.785714285714286 "Uqcrc2_noRT" "non-targeting_noRT"
"11074" "Zfp335" 1.70720706932194 0.320055693739105 0.230215624122133 0.817924221601709 NA 0.0952380952380952 0.160714285714286 "Uqcrc2_noRT" "non-targeting_noRT"
"11075" "Btbd7" 14.2195730479044 0.117115305452739 0.230210544547955 0.817928168527717 0.969635062745712 0.714285714285714 0.696428571428571 "Uqcrc2_noRT" "non-targeting_noRT"
"11076" "Mid1ip1" 9.23691291139316 -0.146436695035251 -0.230201422079865 0.817935256870984 NA 0.380952380952381 0.571428571428571 "Uqcrc2_noRT" "non-targeting_noRT"
"11077" "Fam192a" 26.273948843017 -0.0895116040670357 -0.230069113944247 0.818038064656917 0.969635062745712 0.80952380952381 0.910714285714286 "Uqcrc2_noRT" "non-targeting_noRT"
"11078" "Zdhhc9" 3.29584730110617 -0.249413136786759 -0.229996685439626 0.818094345319876 NA 0.238095238095238 0.267857142857143 "Uqcrc2_noRT" "non-targeting_noRT"
"11079" "Vps26c" 3.64713974587901 -0.242794501975234 -0.229988655975966 0.818100584682707 NA 0.19047619047619 0.339285714285714 "Uqcrc2_noRT" "non-targeting_noRT"
"11080" "Tbrg1" 70.46876064005 -0.0573701618761879 -0.229851174629569 0.818207417516118 0.969635062745712 0.952380952380952 1 "Uqcrc2_noRT" "non-targeting_noRT"
"11081" "Myc" 17.2142430448393 0.116358503991963 0.229838336189646 0.818217394074019 0.969635062745712 0.571428571428571 0.696428571428571 "Uqcrc2_noRT" "non-targeting_noRT"
"11082" "Igf1r" 22.5096281805053 0.10960481937876 0.229687159387005 0.818334873499576 0.969635062745712 0.619047619047619 0.714285714285714 "Uqcrc2_noRT" "non-targeting_noRT"
"11083" "Dynlt1c" 1.17254989417551 0.381702625590456 0.229605475095027 0.818398352023978 NA 0.0952380952380952 0.107142857142857 "Uqcrc2_noRT" "non-targeting_noRT"
"11084" "Polr2c" 91.6011279225211 -0.0506299820995901 -0.229494724272204 0.818484420641922 0.969635062745712 0.952380952380952 1 "Uqcrc2_noRT" "non-targeting_noRT"
"11085" "Tmem29" 19.4894060835346 0.101873120395525 0.229480189489171 0.818495716329331 0.969635062745712 0.571428571428571 0.785714285714286 "Uqcrc2_noRT" "non-targeting_noRT"
"11086" "Dmxl1" 9.98529354373728 -0.136472451586575 -0.229388451844279 0.818567010987959 NA 0.428571428571429 0.660714285714286 "Uqcrc2_noRT" "non-targeting_noRT"
"11087" "S100pbp" 8.49674956291505 0.144110232240485 0.229149123438852 0.818753014070547 NA 0.428571428571429 0.625 "Uqcrc2_noRT" "non-targeting_noRT"
"11088" "Usf2" 17.8128238434024 -0.111427870149899 -0.229104394595132 0.818787777907496 0.96970344160882 0.761904761904762 0.785714285714286 "Uqcrc2_noRT" "non-targeting_noRT"
"11089" "Hectd4" 2.82824617562525 -0.250326935045001 -0.228995730284455 0.818872234701743 NA 0.19047619047619 0.232142857142857 "Uqcrc2_noRT" "non-targeting_noRT"
"11090" "Gm42902" 1.52867150700812 -0.36057362275109 -0.228707741797546 0.819096077181444 NA 0.0476190476190476 0.160714285714286 "Uqcrc2_noRT" "non-targeting_noRT"
"11091" "Dtwd1" 3.41337543551767 -0.233741894589814 -0.228695833782693 0.81910533314529 NA 0.238095238095238 0.339285714285714 "Uqcrc2_noRT" "non-targeting_noRT"
"11092" "Jpt1" 256.775078726968 0.0359070844790069 0.228522791518152 0.819239839763739 0.969764318248048 1 1 "Uqcrc2_noRT" "non-targeting_noRT"
"11093" "Npepl1" 17.6494259771362 0.102445544719941 0.228289588004519 0.81942111843597 0.969764318248048 0.714285714285714 0.714285714285714 "Uqcrc2_noRT" "non-targeting_noRT"
"11094" "Sft2d3" 2.14192082002846 -0.291835471416501 -0.228246150829354 0.819454885003352 NA 0.0952380952380952 0.196428571428571 "Uqcrc2_noRT" "non-targeting_noRT"
"11095" "Zfp26" 3.69596243774958 0.226694760683274 0.22824578763603 0.819455167338773 NA 0.238095238095238 0.232142857142857 "Uqcrc2_noRT" "non-targeting_noRT"
"11096" "Ky" 2.75539492887103 0.264986821606371 0.228182301074993 0.81950452021609 NA 0.238095238095238 0.142857142857143 "Uqcrc2_noRT" "non-targeting_noRT"
"11097" "Rock2" 57.5270163443333 0.0607774875821099 0.228133769830871 0.819542247683282 0.969764318248048 0.952380952380952 0.928571428571429 "Uqcrc2_noRT" "non-targeting_noRT"
"11098" "Nfatc1" 1.50273565226836 -0.355220147595384 -0.228045656200171 0.819610746976549 NA 0.0952380952380952 0.178571428571429 "Uqcrc2_noRT" "non-targeting_noRT"
"11099" "Klhl2" 4.21908202622551 0.218677600613186 0.228027280395877 0.819625032449554 NA 0.19047619047619 0.303571428571429 "Uqcrc2_noRT" "non-targeting_noRT"
"11100" "Timm44" 20.8671523106903 0.0925840994836075 0.227810141916539 0.819793841885319 0.969784710612193 0.714285714285714 0.839285714285714 "Uqcrc2_noRT" "non-targeting_noRT"
"11101" "Gga2" 3.39879081996967 0.224200821851628 0.227406423689932 0.820107725747381 NA 0.238095238095238 0.267857142857143 "Uqcrc2_noRT" "non-targeting_noRT"
"11102" "Gm45051" 1.18737222877365 0.394377036146995 0.227001231218296 0.82042278478557 NA 0.0952380952380952 0.107142857142857 "Uqcrc2_noRT" "non-targeting_noRT"
"11103" "C630043F03Rik" 2.41250056373015 0.291724958110481 0.226903263944006 0.820498963986573 NA 0.19047619047619 0.214285714285714 "Uqcrc2_noRT" "non-targeting_noRT"
"11104" "Akap11" 5.86931292434079 0.171575244157767 0.226670969873907 0.820679602263125 NA 0.380952380952381 0.410714285714286 "Uqcrc2_noRT" "non-targeting_noRT"
"11105" "Mrpl37" 14.9533270529658 -0.110008159092012 -0.226657361516387 0.820690184792327 0.970363114262919 0.571428571428571 0.75 "Uqcrc2_noRT" "non-targeting_noRT"
"11106" "Kcmf1" 52.7961862635666 0.0607499109314953 0.226578144770703 0.820751788284248 0.970363114262919 0.952380952380952 0.928571428571429 "Uqcrc2_noRT" "non-targeting_noRT"
"11107" "Kdm3a" 7.90138941743412 -0.150017681357624 -0.226492285347859 0.820818558752178 NA 0.380952380952381 0.553571428571429 "Uqcrc2_noRT" "non-targeting_noRT"
"11108" "Crem" 9.56025788843522 -0.151786889372907 -0.226234608420013 0.821018954674695 NA 0.428571428571429 0.517857142857143 "Uqcrc2_noRT" "non-targeting_noRT"
"11109" "5530601H04Rik" 9.60942460122228 -0.142599765143678 -0.225966151076141 0.821227746976528 NA 0.523809523809524 0.589285714285714 "Uqcrc2_noRT" "non-targeting_noRT"
"11110" "Glrx" 1.73372466402834 0.309637551111824 0.225667336826817 0.821460164211612 NA 0.142857142857143 0.107142857142857 "Uqcrc2_noRT" "non-targeting_noRT"
"11111" "Plpp6" 1.65374781338026 0.318854285210074 0.225518176062443 0.821576187076226 NA 0.142857142857143 0.142857142857143 "Uqcrc2_noRT" "non-targeting_noRT"
"11112" "Ehmt1" 14.8832128258085 -0.113427966589724 -0.225371307611755 0.821690430706253 0.970439198415074 0.619047619047619 0.75 "Uqcrc2_noRT" "non-targeting_noRT"
"11113" "Sbsn" 1.52445879493813 -0.355251206279588 -0.225352701242495 0.821704904194603 NA 0.0476190476190476 0.178571428571429 "Uqcrc2_noRT" "non-targeting_noRT"
"11114" "4732491K20Rik" 1.52445879493813 -0.355251206279588 -0.225352701242495 0.821704904194603 NA 0.0952380952380952 0.178571428571429 "Uqcrc2_noRT" "non-targeting_noRT"
"11115" "Invs" 2.14613353209846 -0.294800738559548 -0.225241784489446 0.821791185173795 NA 0.142857142857143 0.232142857142857 "Uqcrc2_noRT" "non-targeting_noRT"
"11116" "Cmtm6" 3.34880265943436 -0.23052252096873 -0.225000460813575 0.821978915776521 NA 0.238095238095238 0.321428571428571 "Uqcrc2_noRT" "non-targeting_noRT"
"11117" "Polr1d" 190.925092350071 0.0424300747501229 0.224864120647984 0.822084982075366 0.970439198415074 1 1 "Uqcrc2_noRT" "non-targeting_noRT"
"11118" "Chmp2b" 28.4411850839227 -0.0854348000712476 -0.224767483058503 0.822160163588533 0.970439198415074 0.80952380952381 0.803571428571429 "Uqcrc2_noRT" "non-targeting_noRT"
"11119" "Qk" 32.9769064203612 0.0771167177656853 0.22474468651726 0.822177898938534 0.970439198415074 0.80952380952381 0.892857142857143 "Uqcrc2_noRT" "non-targeting_noRT"
"11120" "Ube2f" 24.8038156974913 -0.0878304768863162 -0.224582063430568 0.822304419774006 0.970439198415074 0.857142857142857 0.875 "Uqcrc2_noRT" "non-targeting_noRT"
"11121" "Alg3" 6.01885676408482 -0.168021255777269 -0.224467318877504 0.822393693869194 NA 0.285714285714286 0.482142857142857 "Uqcrc2_noRT" "non-targeting_noRT"
"11122" "Vps72" 15.5822541599684 -0.111851177691586 -0.223829327388007 0.822890108903613 0.970439198415074 0.571428571428571 0.767857142857143 "Uqcrc2_noRT" "non-targeting_noRT"
"11123" "Slc27a4" 2.91759290076492 0.232043408065015 0.223820607088746 0.822896894576057 NA 0.238095238095238 0.25 "Uqcrc2_noRT" "non-targeting_noRT"
"11124" "Cdc42" 115.341888409023 0.0454825638247871 0.223806728253492 0.822907694373779 0.970439198415074 1 1 "Uqcrc2_noRT" "non-targeting_noRT"
"11125" "Prr36" 1.65164145734526 0.321088317414963 0.223645367557912 0.82303325945234 NA 0.142857142857143 0.142857142857143 "Uqcrc2_noRT" "non-targeting_noRT"
"11126" "Ier5l" 1.50004755626672 -0.350810477468467 -0.22361933617768 0.82305351655894 NA 0.0952380952380952 0.125 "Uqcrc2_noRT" "non-targeting_noRT"
"11127" "Sdccag8" 3.40089717600466 0.22235303189823 0.223596046677911 0.823071640088193 NA 0.238095238095238 0.267857142857143 "Uqcrc2_noRT" "non-targeting_noRT"
"11128" "Hars2" 3.40089717600466 0.22235303189823 0.223596046677911 0.823071640088193 NA 0.19047619047619 0.303571428571429 "Uqcrc2_noRT" "non-targeting_noRT"
"11129" "Nde1" 18.102704567193 0.106389064320794 0.223552351994559 0.823105642870991 0.970439198415074 0.619047619047619 0.75 "Uqcrc2_noRT" "non-targeting_noRT"
"11130" "Srek1" 30.2652665332006 -0.0794166325883298 -0.223387547989824 0.823233894752523 0.970439198415074 0.80952380952381 0.928571428571429 "Uqcrc2_noRT" "non-targeting_noRT"
"11131" "Ist1" 10.0138376633941 -0.130619698028862 -0.223387426248132 0.823233989494691 NA 0.476190476190476 0.732142857142857 "Uqcrc2_noRT" "non-targeting_noRT"
"11132" "Eef1aknmt" 4.69704213195654 -0.19687111176797 -0.223373286787856 0.8232449931635 NA 0.285714285714286 0.321428571428571 "Uqcrc2_noRT" "non-targeting_noRT"
"11133" "Timp3" 31.2390794980244 0.210549214020986 0.223317007287571 0.823288791571644 0.970439198415074 0.619047619047619 0.464285714285714 "Uqcrc2_noRT" "non-targeting_noRT"
"11134" "Sap18b" 3.4014789159713 0.221842295040807 0.22305485469973 0.823492813890765 NA 0.238095238095238 0.267857142857143 "Uqcrc2_noRT" "non-targeting_noRT"
"11135" "Thop1" 13.3283684498076 -0.118547906547028 -0.223043957504885 0.823501294976963 0.970439198415074 0.571428571428571 0.696428571428571 "Uqcrc2_noRT" "non-targeting_noRT"
"11136" "Mecr" 21.7595991810132 0.0965874725493252 0.222878116534787 0.823630368495346 0.970439198415074 0.80952380952381 0.857142857142857 "Uqcrc2_noRT" "non-targeting_noRT"
"11137" "Adck5" 9.55219161169884 -0.139145319969352 -0.222874801476036 0.823632948644052 NA 0.428571428571429 0.571428571428571 "Uqcrc2_noRT" "non-targeting_noRT"
"11138" "Ppp1r18" 6.08284780020149 -0.170008677251691 -0.222661079313765 0.823799295105791 NA 0.238095238095238 0.428571428571429 "Uqcrc2_noRT" "non-targeting_noRT"
"11139" "Cybc1" 4.67854387953258 0.187722768300419 0.222580015539995 0.823862391578528 NA 0.285714285714286 0.357142857142857 "Uqcrc2_noRT" "non-targeting_noRT"
"11140" "Dna2" 2.94134256838507 0.257505956608915 0.22249017955683 0.823932317282787 NA 0.19047619047619 0.232142857142857 "Uqcrc2_noRT" "non-targeting_noRT"
"11141" "Tesk1" 4.79510630625535 -0.198876093755787 -0.222353864233011 0.824038423816902 NA 0.285714285714286 0.375 "Uqcrc2_noRT" "non-targeting_noRT"
"11142" "Lrrc47" 6.14653777239265 -0.186132913945113 -0.2222385748166 0.824128166497744 NA 0.285714285714286 0.446428571428571 "Uqcrc2_noRT" "non-targeting_noRT"
"11143" "Ppp1r12c" 7.80728420960048 0.146392994736373 0.222217412514707 0.824144639740162 NA 0.428571428571429 0.5 "Uqcrc2_noRT" "non-targeting_noRT"
"11144" "Opa3" 4.95927271962151 -0.199555995255379 -0.221967774092647 0.824338970109233 NA 0.285714285714286 0.392857142857143 "Uqcrc2_noRT" "non-targeting_noRT"
"11145" "Tfap2a" 7.75534956972717 0.145574827588468 0.221966499296828 0.82433996249831 NA 0.428571428571429 0.535714285714286 "Uqcrc2_noRT" "non-targeting_noRT"
"11146" "Edem1" 13.503710198704 0.121374905987178 0.221872807886127 0.824412899129455 0.970810854433997 0.714285714285714 0.660714285714286 "Uqcrc2_noRT" "non-targeting_noRT"
"11147" "Gale" 7.64741899483838 -0.159456458747869 -0.221687207121903 0.824557389576948 NA 0.333333333333333 0.517857142857143 "Uqcrc2_noRT" "non-targeting_noRT"
"11148" "Trpt1" 2.19116736390014 -0.282790652529595 -0.221669713443455 0.824571008736087 NA 0.0952380952380952 0.214285714285714 "Uqcrc2_noRT" "non-targeting_noRT"
"11149" "Cbfb" 9.63986159904518 0.129818519794687 0.221548741677933 0.824665188985915 NA 0.523809523809524 0.589285714285714 "Uqcrc2_noRT" "non-targeting_noRT"
"11150" "Irf2bpl" 4.85978982132251 0.193012396393802 0.221418527858793 0.824766567280245 NA 0.285714285714286 0.303571428571429 "Uqcrc2_noRT" "non-targeting_noRT"
"11151" "Klf5" 16.1332071589269 -0.109123559107527 -0.221101025403688 0.825013771859498 0.970810854433997 0.619047619047619 0.607142857142857 "Uqcrc2_noRT" "non-targeting_noRT"
"11152" "Epn1" 8.27787250627709 0.145422379356832 0.220981679749999 0.825106697809795 NA 0.523809523809524 0.482142857142857 "Uqcrc2_noRT" "non-targeting_noRT"
"11153" "Gtpbp1" 7.32289429678061 0.150082146123689 0.220941693215863 0.825137833020777 NA 0.380952380952381 0.446428571428571 "Uqcrc2_noRT" "non-targeting_noRT"
"11154" "Maz" 19.6539694184655 -0.0979756068018173 -0.220890689024679 0.825177547445902 0.970810854433997 0.619047619047619 0.839285714285714 "Uqcrc2_noRT" "non-targeting_noRT"
"11155" "Bbs7" 2.81444455948199 -0.240984889103312 -0.220795580152585 0.825251605185915 NA 0.19047619047619 0.267857142857143 "Uqcrc2_noRT" "non-targeting_noRT"
"11156" "2810403D21Rik" 10.9385011775573 -0.133405350877114 -0.220447584526379 0.825522589682909 NA 0.333333333333333 0.517857142857143 "Uqcrc2_noRT" "non-targeting_noRT"
"11157" "Tubb3" 9.9250588545157 0.183148303223786 0.220425111438567 0.825540090210904 NA 0.238095238095238 0.410714285714286 "Uqcrc2_noRT" "non-targeting_noRT"
"11158" "Plekhh2" 2.21979131464154 -0.288368297562548 -0.220278250702848 0.825654457599834 NA 0.0952380952380952 0.125 "Uqcrc2_noRT" "non-targeting_noRT"
"11159" "Tmpo" 54.005373224461 -0.0641770365229692 -0.220136512543548 0.82576483930521 0.970810854433997 0.904761904761905 0.910714285714286 "Uqcrc2_noRT" "non-targeting_noRT"
"11160" "Upf2" 8.0422431529369 -0.14169519421273 -0.21999251281428 0.825876985784898 NA 0.476190476190476 0.517857142857143 "Uqcrc2_noRT" "non-targeting_noRT"
"11161" "Gm15706" 1.51966434290149 -0.348356924597063 -0.219972017500026 0.825892947751991 NA 0.0476190476190476 0.178571428571429 "Uqcrc2_noRT" "non-targeting_noRT"
"11162" "Cab39" 12.6621037062495 -0.115022721614894 -0.219778643463563 0.826043553034555 0.970810854433997 0.666666666666667 0.696428571428571 "Uqcrc2_noRT" "non-targeting_noRT"
"11163" "Tfap4" 3.34190185136273 -0.226758353986711 -0.219473732708998 0.826281039334704 NA 0.238095238095238 0.232142857142857 "Uqcrc2_noRT" "non-targeting_noRT"
"11164" "Spr" 24.7169050659275 0.0872169489882412 0.219446551514314 0.826302210764733 0.970810854433997 0.714285714285714 0.964285714285714 "Uqcrc2_noRT" "non-targeting_noRT"
"11165" "Zbtb22" 2.20220660466995 0.271624852072045 0.219406936001688 0.826333067510006 NA 0.142857142857143 0.196428571428571 "Uqcrc2_noRT" "non-targeting_noRT"
"11166" "Phf21a" 4.08750163339271 -0.199126578846218 -0.219336180130262 0.826388180322917 NA 0.238095238095238 0.339285714285714 "Uqcrc2_noRT" "non-targeting_noRT"
"11167" "Csnk1g3" 11.7823116728736 0.121813409582321 0.219203443132707 0.826491573474745 NA 0.523809523809524 0.678571428571429 "Uqcrc2_noRT" "non-targeting_noRT"
"11168" "Cpsf3" 10.6772697300797 0.138711119822804 0.219068078195747 0.826597016712128 NA 0.571428571428571 0.553571428571429 "Uqcrc2_noRT" "non-targeting_noRT"
"11169" "Polr3b" 2.13291365592183 -0.28325830402169 -0.21904345192732 0.826616199811084 NA 0.142857142857143 0.232142857142857 "Uqcrc2_noRT" "non-targeting_noRT"
"11170" "Gm34006" 5.43948281700209 0.172553258826418 0.219010303563305 0.826642021521451 NA 0.285714285714286 0.357142857142857 "Uqcrc2_noRT" "non-targeting_noRT"
"11171" "Tspyl2" 8.70466116747578 -0.142984249740253 -0.21898583395157 0.826661082830582 NA 0.380952380952381 0.517857142857143 "Uqcrc2_noRT" "non-targeting_noRT"
"11172" "Rap2c" 3.70344498578785 0.224751051307536 0.218839383526653 0.826775166743527 NA 0.19047619047619 0.285714285714286 "Uqcrc2_noRT" "non-targeting_noRT"
"11173" "Api5" 17.6325121984624 0.102224342866387 0.218281293586835 0.827209948613101 0.970810854433997 0.571428571428571 0.767857142857143 "Uqcrc2_noRT" "non-targeting_noRT"
"11174" "Vps50" 3.50708898318377 -0.219484236670241 -0.21821073293809 0.827264922901479 NA 0.19047619047619 0.303571428571429 "Uqcrc2_noRT" "non-targeting_noRT"
"11175" "Nrbf2" 11.6477020213068 0.12449517386604 0.218154027311189 0.827309103260197 NA 0.571428571428571 0.625 "Uqcrc2_noRT" "non-targeting_noRT"
"11176" "Prkci" 2.84996931829502 -0.249982900176207 -0.217943052363405 0.82747348237872 NA 0.19047619047619 0.196428571428571 "Uqcrc2_noRT" "non-targeting_noRT"
"11177" "Hnrnpr" 37.9107870667256 -0.0697277419032142 -0.217689602599757 0.82767096533848 0.970810854433997 0.904761904761905 0.892857142857143 "Uqcrc2_noRT" "non-targeting_noRT"
"11178" "Ift43" 36.7441417489005 -0.0697597600443705 -0.217665359621854 0.827689855550566 0.970810854433997 0.952380952380952 0.946428571428571 "Uqcrc2_noRT" "non-targeting_noRT"
"11179" "Srsf4" 10.5755183195919 -0.130606404179165 -0.21753193207541 0.827793824539211 NA 0.523809523809524 0.571428571428571 "Uqcrc2_noRT" "non-targeting_noRT"
"11180" "Cxxc1" 4.76592037442236 -0.19211746260068 -0.217390338033415 0.827904160298942 NA 0.238095238095238 0.357142857142857 "Uqcrc2_noRT" "non-targeting_noRT"
"11181" "Adipor2" 6.06120249988487 -0.163023870974074 -0.217198328109667 0.828053787562083 NA 0.333333333333333 0.446428571428571 "Uqcrc2_noRT" "non-targeting_noRT"
"11182" "Ccnl1" 24.1286087089518 -0.0876855164989009 -0.217139882506358 0.828099333612024 0.970810854433997 0.714285714285714 0.875 "Uqcrc2_noRT" "non-targeting_noRT"
"11183" "Tmem199" 28.7465394836634 0.077287580512046 0.217036839518215 0.828179635347286 0.970810854433997 0.904761904761905 0.821428571428571 "Uqcrc2_noRT" "non-targeting_noRT"
"11184" "Fads1" 4.69174378230642 -0.185733262717448 -0.21693511290088 0.828258912992137 NA 0.285714285714286 0.410714285714286 "Uqcrc2_noRT" "non-targeting_noRT"
"11185" "Haus4" 8.77416631015844 -0.150634018168131 -0.216828385038294 0.828342090090906 NA 0.333333333333333 0.553571428571429 "Uqcrc2_noRT" "non-targeting_noRT"
"11186" "Fh1" 27.1905740492621 0.079948552532239 0.216570810031899 0.828542836055623 0.970810854433997 0.619047619047619 0.857142857142857 "Uqcrc2_noRT" "non-targeting_noRT"
"11187" "Gm8773" 1.19637939288028 0.376188057997348 0.216557073395059 0.828553542278635 NA 0.0952380952380952 0.107142857142857 "Uqcrc2_noRT" "non-targeting_noRT"
"11188" "Bap1" 2.19435935751526 -0.300128786920612 -0.216524646296592 0.828578815821727 NA 0.142857142857143 0.214285714285714 "Uqcrc2_noRT" "non-targeting_noRT"
"11189" "Zfp428" 14.4316849315766 -0.105391926889168 -0.216344408349764 0.828719295747077 0.970810854433997 0.523809523809524 0.696428571428571 "Uqcrc2_noRT" "non-targeting_noRT"
"11190" "Tusc2" 4.02074465892125 -0.204982791617913 -0.216243218091462 0.828798167222204 NA 0.238095238095238 0.321428571428571 "Uqcrc2_noRT" "non-targeting_noRT"
"11191" "Rpn1" 47.1194105238015 -0.0622528691343321 -0.216200688857458 0.82883131661432 0.970810854433997 0.952380952380952 0.982142857142857 "Uqcrc2_noRT" "non-targeting_noRT"
"11192" "Zfp961" 2.16429062179012 -0.331726689097337 -0.215969892524853 0.829011216024687 NA 0.142857142857143 0.160714285714286 "Uqcrc2_noRT" "non-targeting_noRT"
"11193" "Tor2a" 10.9444441975678 -0.133854037400497 -0.21583305253968 0.829117883274644 NA 0.428571428571429 0.660714285714286 "Uqcrc2_noRT" "non-targeting_noRT"
"11194" "Cep85" 1.66965578555852 0.298812703650112 0.21578450870528 0.829155724121512 NA 0.142857142857143 0.125 "Uqcrc2_noRT" "non-targeting_noRT"
"11195" "AW011738" 1.66965578555852 0.298812703650112 0.21578450870528 0.829155724121512 NA 0.142857142857143 0.160714285714286 "Uqcrc2_noRT" "non-targeting_noRT"
"11196" "Fancc" 3.40386437379756 -0.216823405863312 -0.215749990972546 0.829182631595153 NA 0.19047619047619 0.285714285714286 "Uqcrc2_noRT" "non-targeting_noRT"
"11197" "Dnaaf2" 16.2719622937766 0.104220137683468 0.215607677155439 0.829293571046113 0.970810854433997 0.571428571428571 0.767857142857143 "Uqcrc2_noRT" "non-targeting_noRT"
"11198" "Bcl2l1" 19.9990695300571 0.0995626363652442 0.21557062540609 0.829322454961314 0.970810854433997 0.761904761904762 0.803571428571429 "Uqcrc2_noRT" "non-targeting_noRT"
"11199" "Gfm1" 9.09593418455555 -0.133877426113948 -0.21540088695885 0.829454778542737 NA 0.476190476190476 0.535714285714286 "Uqcrc2_noRT" "non-targeting_noRT"
"11200" "Kif3a" 11.7294577238975 -0.12622701764559 -0.215219527766813 0.829596166694062 NA 0.428571428571429 0.642857142857143 "Uqcrc2_noRT" "non-targeting_noRT"
"11201" "Prdx4" 186.999399883782 -0.0368510142759689 -0.214937819851812 0.829815797942809 0.970810854433997 1 1 "Uqcrc2_noRT" "non-targeting_noRT"
"11202" "Tk2" 2.2213159307099 -0.287830963329141 -0.214799340017155 0.829923767478474 NA 0.142857142857143 0.214285714285714 "Uqcrc2_noRT" "non-targeting_noRT"
"11203" "Psmb1" 277.53518020576 0.0328589148071539 0.214665279462026 0.830028294463296 0.970810854433997 1 1 "Uqcrc2_noRT" "non-targeting_noRT"
"11204" "Nfya" 3.52038670171355 -0.215821947768498 -0.214492481410556 0.830163029502633 NA 0.238095238095238 0.285714285714286 "Uqcrc2_noRT" "non-targeting_noRT"
"11205" "Slc24a5" 22.4826158786831 -0.0898857997970847 -0.214393217141821 0.830240430638362 0.970810854433997 0.619047619047619 0.767857142857143 "Uqcrc2_noRT" "non-targeting_noRT"
"11206" "Rab35" 6.61651516479228 0.153149455405449 0.214372296995872 0.830256743294877 NA 0.380952380952381 0.464285714285714 "Uqcrc2_noRT" "non-targeting_noRT"
"11207" "Gart" 19.3939811126668 -0.0929908066965738 -0.214063515516019 0.830497526708237 0.970810854433997 0.666666666666667 0.75 "Uqcrc2_noRT" "non-targeting_noRT"
"11208" "Ptpn9" 8.61646388444616 0.137977580432708 0.21358227389311 0.830872823816698 NA 0.428571428571429 0.535714285714286 "Uqcrc2_noRT" "non-targeting_noRT"
"11209" "Gatd1" 8.68824929768403 -0.134758237200452 -0.213580984786189 0.830873829180794 NA 0.523809523809524 0.571428571428571 "Uqcrc2_noRT" "non-targeting_noRT"
"11210" "Ipp" 2.20119524646165 -0.273239059417624 -0.213323068953176 0.831074981225593 NA 0.142857142857143 0.232142857142857 "Uqcrc2_noRT" "non-targeting_noRT"
"11211" "Gpsm2" 7.42006650689455 -0.150287690310706 -0.213281017306972 0.831107778922637 NA 0.238095238095238 0.517857142857143 "Uqcrc2_noRT" "non-targeting_noRT"
"11212" "Tmbim1" 18.2682996760518 -0.0959881604144058 -0.21322401253749 0.831152239605574 0.970810854433997 0.761904761904762 0.839285714285714 "Uqcrc2_noRT" "non-targeting_noRT"
"11213" "Ngrn" 14.8485726596653 0.106705028840226 0.213118586326537 0.831234467856761 0.970810854433997 0.761904761904762 0.696428571428571 "Uqcrc2_noRT" "non-targeting_noRT"
"11214" "Ahi1" 16.1669573646005 -0.10777407253302 -0.21311413704785 0.831237938157803 0.970810854433997 0.619047619047619 0.678571428571429 "Uqcrc2_noRT" "non-targeting_noRT"
"11215" "Pus1" 17.4138709031678 -0.101082224377131 -0.213075406565685 0.831268146886105 0.970810854433997 0.714285714285714 0.803571428571429 "Uqcrc2_noRT" "non-targeting_noRT"
"11216" "Plrg1" 11.2534114154015 -0.118816109221844 -0.213061741568575 0.831278805273667 NA 0.619047619047619 0.589285714285714 "Uqcrc2_noRT" "non-targeting_noRT"
"11217" "mt-Atp8" 7.82665084422659 -0.143832263399918 -0.212841453730573 0.831450629067924 NA 0.380952380952381 0.553571428571429 "Uqcrc2_noRT" "non-targeting_noRT"
"11218" "Nt5m" 8.52625415947811 -0.143311429147038 -0.212656600628987 0.831594820100554 NA 0.333333333333333 0.589285714285714 "Uqcrc2_noRT" "non-targeting_noRT"
"11219" "Pgp" 88.3190737824724 -0.0465905781900167 -0.212602703326432 0.831636862700728 0.970810854433997 1 1 "Uqcrc2_noRT" "non-targeting_noRT"
"11220" "Ube2q2" 27.6306492799664 -0.0809157467347985 -0.212142665488776 0.831995734888532 0.970810854433997 0.714285714285714 0.767857142857143 "Uqcrc2_noRT" "non-targeting_noRT"
"11221" "Abcf1" 47.4450799812994 -0.0629683473156688 -0.211931218982082 0.832160694531549 0.970810854433997 0.904761904761905 0.946428571428571 "Uqcrc2_noRT" "non-targeting_noRT"
"11222" "Cyct" 42.5644166845193 0.0643766537690124 0.211748432515167 0.832303301049408 0.970810854433997 0.80952380952381 0.875 "Uqcrc2_noRT" "non-targeting_noRT"
"11223" "Msl1" 11.7717236286129 -0.114346153608201 -0.211730103468754 0.832317601326665 NA 0.571428571428571 0.607142857142857 "Uqcrc2_noRT" "non-targeting_noRT"
"11224" "Mtmr10" 2.94360659785783 0.240859688585912 0.211582323021978 0.832432901297554 NA 0.142857142857143 0.196428571428571 "Uqcrc2_noRT" "non-targeting_noRT"
"11225" "Dnaja2" 75.0371551060702 -0.0485761780555178 -0.211524429440296 0.83247807150573 0.970810854433997 0.952380952380952 0.964285714285714 "Uqcrc2_noRT" "non-targeting_noRT"
"11226" "Rhox2g" 19.6573284147403 0.100859849136056 0.211422647129282 0.832557486281608 0.970810854433997 0.571428571428571 0.732142857142857 "Uqcrc2_noRT" "non-targeting_noRT"
"11227" "Mrps26" 55.4617088526928 -0.0567873538493357 -0.211368429468705 0.832599789844292 0.970810854433997 0.857142857142857 0.964285714285714 "Uqcrc2_noRT" "non-targeting_noRT"
"11228" "Slc25a11" 39.7073539541639 0.0707245606030833 0.211230181440792 0.832707660656084 0.970810854433997 0.857142857142857 0.964285714285714 "Uqcrc2_noRT" "non-targeting_noRT"
"11229" "Pmpca" 11.0764560280347 -0.120400203558538 -0.211151408803249 0.832769126004055 NA 0.476190476190476 0.696428571428571 "Uqcrc2_noRT" "non-targeting_noRT"
"11230" "Arhgef11" 4.14330496441952 0.187771827505183 0.211082487093832 0.832822905629089 NA 0.238095238095238 0.321428571428571 "Uqcrc2_noRT" "non-targeting_noRT"
"11231" "Phf20" 17.0041916827696 -0.0967599591035109 -0.211075642153355 0.832828246780364 0.970810854433997 0.523809523809524 0.785714285714286 "Uqcrc2_noRT" "non-targeting_noRT"
"11232" "Snd1" 29.8169375892075 -0.0861168259063211 -0.21098419370589 0.832899605334871 0.970810854433997 0.761904761904762 0.857142857142857 "Uqcrc2_noRT" "non-targeting_noRT"
"11233" "Nab2" 7.93843680358406 -0.139827563559409 -0.210958429437797 0.832919709816856 NA 0.428571428571429 0.357142857142857 "Uqcrc2_noRT" "non-targeting_noRT"
"11234" "Fam8a1" 5.58468717913759 0.169383016759425 0.210821935437876 0.833026221211258 NA 0.333333333333333 0.446428571428571 "Uqcrc2_noRT" "non-targeting_noRT"
"11235" "Eif4a1" 306.224289374391 0.0316348921978161 0.210683519526751 0.833134235475194 0.970810854433997 1 1 "Uqcrc2_noRT" "non-targeting_noRT"
"11236" "Ndufaf6" 21.0011942601136 -0.0892156405175715 -0.210445580743032 0.833319920785266 0.970810854433997 0.761904761904762 0.803571428571429 "Uqcrc2_noRT" "non-targeting_noRT"
"11237" "Nubp2" 21.4688583159883 -0.0918902410040144 -0.210356270347261 0.833389620224159 0.970810854433997 0.714285714285714 0.767857142857143 "Uqcrc2_noRT" "non-targeting_noRT"
"11238" "Atg12" 14.1931223610547 0.102735984430002 0.21031740897094 0.833419948749953 0.970810854433997 0.619047619047619 0.803571428571429 "Uqcrc2_noRT" "non-targeting_noRT"
"11239" "Stk11" 15.479209400682 0.100997350474485 0.210296206629899 0.833436495765774 0.970810854433997 0.619047619047619 0.714285714285714 "Uqcrc2_noRT" "non-targeting_noRT"
"11240" "Rbbp5" 4.81618763674891 -0.180304395138536 -0.210221704707132 0.833494640142241 NA 0.285714285714286 0.375 "Uqcrc2_noRT" "non-targeting_noRT"
"11241" "Txndc11" 2.99488165541136 0.229242765654027 0.210220129460774 0.833495869539368 NA 0.19047619047619 0.267857142857143 "Uqcrc2_noRT" "non-targeting_noRT"
"11242" "Vwa5a" 8.44808475901 0.142892693799424 0.210186950371835 0.83352176417191 NA 0.428571428571429 0.446428571428571 "Uqcrc2_noRT" "non-targeting_noRT"
"11243" "Pgpep1" 7.81706194015332 -0.140986857242437 -0.209962631000007 0.833696839046989 NA 0.428571428571429 0.589285714285714 "Uqcrc2_noRT" "non-targeting_noRT"
"11244" "Pcmt1" 170.472480328454 -0.0383524450730666 -0.2099322027583 0.833720588057551 0.970810854433997 1 1 "Uqcrc2_noRT" "non-targeting_noRT"
"11245" "Rnaseh2b" 12.2503782020259 -0.115199776660127 -0.209881263868585 0.833760345811989 NA 0.476190476190476 0.642857142857143 "Uqcrc2_noRT" "non-targeting_noRT"
"11246" "Ccdc137" 6.04471278773997 -0.15757957917024 -0.209741366497045 0.83386953776235 NA 0.333333333333333 0.428571428571429 "Uqcrc2_noRT" "non-targeting_noRT"
"11247" "Gm45716" 1.19906748888191 0.372617686102682 0.209723396775906 0.83388356362551 NA 0.0476190476190476 0.0892857142857143 "Uqcrc2_noRT" "non-targeting_noRT"
"11248" "Rnf25" 5.26579241868791 0.167433661083644 0.209627260133378 0.833958601825301 NA 0.333333333333333 0.392857142857143 "Uqcrc2_noRT" "non-targeting_noRT"
"11249" "Pfdn2" 111.752291473761 -0.0415668298294256 -0.20944022063075 0.834104597396987 0.970810854433997 0.952380952380952 1 "Uqcrc2_noRT" "non-targeting_noRT"
"11250" "Kdm6b" 16.3382754428441 0.102315009345616 0.209338278831056 0.834184171506072 0.970810854433997 0.714285714285714 0.642857142857143 "Uqcrc2_noRT" "non-targeting_noRT"
"11251" "Zxdb" 3.51617398964355 -0.213004781092292 -0.20925033480268 0.834252820547199 NA 0.238095238095238 0.303571428571429 "Uqcrc2_noRT" "non-targeting_noRT"
"11252" "Zfp950" 10.1482944884387 -0.125745803516655 -0.209235573071542 0.834264343667044 NA 0.571428571428571 0.696428571428571 "Uqcrc2_noRT" "non-targeting_noRT"
"11253" "Ensa" 25.0402173608666 0.0788355938142393 0.209234431879697 0.834265234491579 0.970810854433997 0.714285714285714 0.892857142857143 "Uqcrc2_noRT" "non-targeting_noRT"
"11254" "Bnip3" 14.6262372163211 0.104458119578953 0.209230141679062 0.834268583462371 0.970810854433997 0.428571428571429 0.482142857142857 "Uqcrc2_noRT" "non-targeting_noRT"
"11255" "Rb1" 1.34583603002459 -0.35845593802927 -0.209172317686994 0.834313721705368 NA 0.0952380952380952 0.125 "Uqcrc2_noRT" "non-targeting_noRT"
"11256" "2900060B14Rik" 1.19056422238877 0.347248975074957 0.208922892117218 0.834508433160898 NA 0.0952380952380952 0.0892857142857143 "Uqcrc2_noRT" "non-targeting_noRT"
"11257" "Tnks2" 24.9921181320591 -0.0823848193351318 -0.208777660034149 0.834621811738494 0.970948849303877 0.761904761904762 0.839285714285714 "Uqcrc2_noRT" "non-targeting_noRT"
"11258" "Setd2" 10.5752301788942 -0.127916705326066 -0.208557540398049 0.834793659462776 NA 0.333333333333333 0.482142857142857 "Uqcrc2_noRT" "non-targeting_noRT"
"11259" "Trp53inp2" 1.20328020095191 0.362203494159897 0.208520494907331 0.834822581707789 NA 0.0952380952380952 0.107142857142857 "Uqcrc2_noRT" "non-targeting_noRT"
"11260" "Hist3h2a" 1.20328020095191 0.362203494159897 0.208520494907331 0.834822581707789 NA 0.0476190476190476 0.0892857142857143 "Uqcrc2_noRT" "non-targeting_noRT"
"11261" "Stambp" 6.77922995752755 0.150504245887067 0.208309220347192 0.834987532762145 NA 0.428571428571429 0.535714285714286 "Uqcrc2_noRT" "non-targeting_noRT"
"11262" "Fsd1l" 2.9831863953031 0.239206241514908 0.207601661590258 0.835540006870408 NA 0.238095238095238 0.25 "Uqcrc2_noRT" "non-targeting_noRT"
"11263" "Ap5s1" 2.19008172632002 -0.263987442060238 -0.20744190806339 0.835664756425869 NA 0.142857142857143 0.214285714285714 "Uqcrc2_noRT" "non-targeting_noRT"
"11264" "Rpl10a" 1130.99984001302 -0.0236946952629795 -0.207309133580704 0.835768441525066 0.971943207094233 1 1 "Uqcrc2_noRT" "non-targeting_noRT"
"11265" "Folr2" 2.64047505937655 0.271739903334138 0.207247580614793 0.835816509902497 NA 0.0476190476190476 0.107142857142857 "Uqcrc2_noRT" "non-targeting_noRT"
"11266" "Zfp867" 3.49924529901041 -0.21429331871145 -0.207035852871239 0.835981858510513 NA 0.19047619047619 0.285714285714286 "Uqcrc2_noRT" "non-targeting_noRT"
"11267" "Tbc1d8b" 1.67655659363015 0.289121939327273 0.206958322412689 0.836042407672063 NA 0.0952380952380952 0.142857142857143 "Uqcrc2_noRT" "non-targeting_noRT"
"11268" "Afdn" 17.5788747602221 0.0954857515332422 0.206808349672739 0.836159535025415 0.971943207094233 0.666666666666667 0.75 "Uqcrc2_noRT" "non-targeting_noRT"
"11269" "Ptpn3" 1.168841079719 0.355497712844914 0.206742788231498 0.836210739059333 NA 0.0476190476190476 0.107142857142857 "Uqcrc2_noRT" "non-targeting_noRT"
"11270" "Ripor1" 1.168841079719 0.355497712844914 0.206742788231498 0.836210739059333 NA 0.0476190476190476 0.107142857142857 "Uqcrc2_noRT" "non-targeting_noRT"
"11271" "Fam89b" 11.7843617648229 -0.117490892729811 -0.206695044084385 0.836248028074285 NA 0.428571428571429 0.625 "Uqcrc2_noRT" "non-targeting_noRT"
"11272" "Zmynd11" 15.4101061478662 -0.105776766596166 -0.206537335146134 0.83637120413165 0.971943207094233 0.666666666666667 0.696428571428571 "Uqcrc2_noRT" "non-targeting_noRT"
"11273" "Spata13" 3.39485720969093 -0.211550726121545 -0.206307367707556 0.836550823731263 NA 0.238095238095238 0.25 "Uqcrc2_noRT" "non-targeting_noRT"
"11274" "Pdcd2l" 13.128401448503 -0.10612961553907 -0.20611515210311 0.836700963219844 0.971943207094233 0.571428571428571 0.696428571428571 "Uqcrc2_noRT" "non-targeting_noRT"
"11275" "Tmf1" 15.3336390554957 0.100210961395247 0.205778130768303 0.836964224729025 0.971943207094233 0.476190476190476 0.767857142857143 "Uqcrc2_noRT" "non-targeting_noRT"
"11276" "Ring1" 4.71027493136106 -0.176996983316333 -0.205756269033226 0.836981302478721 NA 0.285714285714286 0.410714285714286 "Uqcrc2_noRT" "non-targeting_noRT"
"11277" "Fam98b" 34.5837441031242 0.0843668775896022 0.20560204001229 0.837101783872886 0.971943207094233 0.80952380952381 0.910714285714286 "Uqcrc2_noRT" "non-targeting_noRT"
"11278" "Rhot2" 5.9943985909595 0.154392338878344 0.205511582535764 0.83717244967229 NA 0.333333333333333 0.464285714285714 "Uqcrc2_noRT" "non-targeting_noRT"
"11279" "Tmem179b" 23.4940627992013 -0.0867062416709474 -0.205287819729189 0.837347259855583 0.971943207094233 0.714285714285714 0.839285714285714 "Uqcrc2_noRT" "non-targeting_noRT"
"11280" "Xpo4" 8.1052263938266 -0.133269444259549 -0.205174967987813 0.837435426051066 NA 0.476190476190476 0.5 "Uqcrc2_noRT" "non-targeting_noRT"
"11281" "Tm2d1" 39.6941179122986 -0.06423903084174 -0.205108596759709 0.83748727998082 0.971943207094233 0.80952380952381 0.982142857142857 "Uqcrc2_noRT" "non-targeting_noRT"
"11282" "Xpnpep1" 10.7768829568986 -0.117996213575877 -0.204745291748032 0.837771132228987 NA 0.571428571428571 0.696428571428571 "Uqcrc2_noRT" "non-targeting_noRT"
"11283" "Sertad1" 23.3962559024639 0.0876679248914938 0.204702955036964 0.837804211513719 0.971943207094233 0.761904761904762 0.732142857142857 "Uqcrc2_noRT" "non-targeting_noRT"
"11284" "Gps1" 43.828601539206 0.0715946782175148 0.204414420522456 0.838029662150374 0.971943207094233 0.80952380952381 0.928571428571429 "Uqcrc2_noRT" "non-targeting_noRT"
"11285" "Erlec1" 33.8760949268558 0.0679131190558361 0.204375260153081 0.838060261699426 0.971943207094233 0.80952380952381 0.910714285714286 "Uqcrc2_noRT" "non-targeting_noRT"
"11286" "Per1" 4.10182007037736 -0.187129914665272 -0.20419970549099 0.838197441491674 NA 0.238095238095238 0.375 "Uqcrc2_noRT" "non-targeting_noRT"
"11287" "Gpr137b" 2.17046493968525 -0.263180342015302 -0.204194544904051 0.838201474089279 NA 0.142857142857143 0.178571428571429 "Uqcrc2_noRT" "non-targeting_noRT"
"11288" "Mfap1a" 5.45645645335768 -0.162990624720905 -0.203973654876979 0.83837408645987 NA 0.380952380952381 0.482142857142857 "Uqcrc2_noRT" "non-targeting_noRT"
"11289" "Jmjd7" 4.73470614343526 0.185307005477457 0.203744986596341 0.838552785264191 NA 0.333333333333333 0.392857142857143 "Uqcrc2_noRT" "non-targeting_noRT"
"11290" "Cxcl10" 303.368932381753 -0.178099850345396 -0.203731454859817 0.838563360254369 0.97225418457063 0.476190476190476 0.75 "Uqcrc2_noRT" "non-targeting_noRT"
"11291" "Zbed4" 3.40488509225243 -0.205918233222733 -0.203186633597093 0.838989159775034 NA 0.19047619047619 0.321428571428571 "Uqcrc2_noRT" "non-targeting_noRT"
"11292" "Alg10b" 12.0043224703095 -0.10984622049924 -0.203168378591822 0.839003427605733 NA 0.666666666666667 0.625 "Uqcrc2_noRT" "non-targeting_noRT"
"11293" "Otulin" 48.7028748730809 -0.0573358902033572 -0.203091670016136 0.839063382424261 0.972561421980838 0.952380952380952 0.964285714285714 "Uqcrc2_noRT" "non-targeting_noRT"
"11294" "Atg101" 29.0454381673329 -0.0769933452162388 -0.202695248278109 0.839373237410827 0.972648125568749 0.761904761904762 0.892857142857143 "Uqcrc2_noRT" "non-targeting_noRT"
"11295" "Zfp90" 1.20538655698691 0.359914515537332 0.20259957390549 0.839448023069247 NA 0.0952380952380952 0.0892857142857143 "Uqcrc2_noRT" "non-targeting_noRT"
"11296" "Tom1l2" 4.67372945409316 -0.17830408328284 -0.202245563539718 0.839724754477016 NA 0.238095238095238 0.392857142857143 "Uqcrc2_noRT" "non-targeting_noRT"
"11297" "Bora" 4.54756013862579 -0.179775154106275 -0.201810535060012 0.840064845219947 NA 0.19047619047619 0.357142857142857 "Uqcrc2_noRT" "non-targeting_noRT"
"11298" "Mpdu1" 19.6816416687266 -0.0870710972668372 -0.201715204282132 0.840139375630358 0.97287016473438 0.714285714285714 0.875 "Uqcrc2_noRT" "non-targeting_noRT"
"11299" "Elf2" 20.2560431504032 -0.0868352728344655 -0.20163779292456 0.840199897540499 0.97287016473438 0.666666666666667 0.803571428571429 "Uqcrc2_noRT" "non-targeting_noRT"
"11300" "Rmdn3" 12.5900532290436 -0.110813300846628 -0.201530691676003 0.840283633221148 NA 0.571428571428571 0.589285714285714 "Uqcrc2_noRT" "non-targeting_noRT"
"11301" "Lingo3" 2.36753165105371 0.238318364841196 0.201220643615137 0.840526050342483 NA 0.19047619047619 0.214285714285714 "Uqcrc2_noRT" "non-targeting_noRT"
"11302" "Ncor1" 78.6000959915112 0.0459155201659028 0.201216182153979 0.84052953873331 0.97287016473438 1 1 "Uqcrc2_noRT" "non-targeting_noRT"
"11303" "Gpx8" 13.6264964150297 0.110809366234903 0.201065085158923 0.84064768245351 0.97287016473438 0.476190476190476 0.642857142857143 "Uqcrc2_noRT" "non-targeting_noRT"
"11304" "Gpsm1" 8.35269091056924 0.128324302290672 0.200624384999724 0.840992289257629 NA 0.523809523809524 0.535714285714286 "Uqcrc2_noRT" "non-targeting_noRT"
"11305" "Nectin3" 2.79911832727036 -0.22849294769618 -0.200482091577767 0.841103562533813 NA 0.19047619047619 0.232142857142857 "Uqcrc2_noRT" "non-targeting_noRT"
"11306" "Gm44777" 1.18424515428377 0.366174073808226 0.20035823213876 0.84120042304285 NA 0.0952380952380952 0.107142857142857 "Uqcrc2_noRT" "non-targeting_noRT"
"11307" "mt-Nd3" 24.7222381320106 0.0746895415087967 0.200277249184893 0.841263754599799 0.97287016473438 0.904761904761905 0.785714285714286 "Uqcrc2_noRT" "non-targeting_noRT"
"11308" "Krt18" 1.35708746472894 -0.425702680522347 -0.200273542142204 0.841266653663926 NA 0.0952380952380952 0.0357142857142857 "Uqcrc2_noRT" "non-targeting_noRT"
"11309" "Ncoa1" 3.49336520939366 -0.200676532578904 -0.20015071985395 0.841362707103396 NA 0.19047619047619 0.339285714285714 "Uqcrc2_noRT" "non-targeting_noRT"
"11310" "Fndc7" 1.12438898788395 0.335765876301207 0.199948901158339 0.841520544983391 NA 0.0952380952380952 0.0892857142857143 "Uqcrc2_noRT" "non-targeting_noRT"
"11311" "Rundc1" 1.12438898788395 0.335765876301207 0.199948901158339 0.841520544983391 NA 0.0952380952380952 0.0892857142857143 "Uqcrc2_noRT" "non-targeting_noRT"
"11312" "Shb" 5.27327496672618 0.16350902561939 0.199947529241292 0.841521617950778 NA 0.238095238095238 0.392857142857143 "Uqcrc2_noRT" "non-targeting_noRT"
"11313" "Kars" 31.4254556183438 -0.0705250865202654 -0.199899373962645 0.841559280067038 0.97287016473438 0.904761904761905 0.910714285714286 "Uqcrc2_noRT" "non-targeting_noRT"
"11314" "Nck2" 2.39404924576011 0.2299225258767 0.199898641039708 0.841559853286933 NA 0.142857142857143 0.214285714285714 "Uqcrc2_noRT" "non-targeting_noRT"
"11315" "Gm19391" 0.58812935431601 0.47216453052099 0.199875059672192 0.841578296347136 NA 0.0476190476190476 0.0535714285714286 "Uqcrc2_noRT" "non-targeting_noRT"
"11316" "1700124L16Rik" 0.58812935431601 0.47216453052099 0.199875059672192 0.841578296347136 NA 0.0476190476190476 0.0535714285714286 "Uqcrc2_noRT" "non-targeting_noRT"
"11317" "Tmem52b" 0.58812935431601 0.47216453052099 0.199875059672192 0.841578296347136 NA 0.0476190476190476 0.0357142857142857 "Uqcrc2_noRT" "non-targeting_noRT"
"11318" "Hemk1" 0.58812935431601 0.47216453052099 0.199875059672192 0.841578296347136 NA 0.0476190476190476 0.0357142857142857 "Uqcrc2_noRT" "non-targeting_noRT"
"11319" "Lsm10" 23.5436162490268 0.0790267888497314 0.199773160339974 0.841657993128164 0.97287016473438 0.80952380952381 0.821428571428571 "Uqcrc2_noRT" "non-targeting_noRT"
"11320" "Kbtbd3" 4.16210229203752 -0.195628817258337 -0.199662043754417 0.841744900690944 NA 0.285714285714286 0.267857142857143 "Uqcrc2_noRT" "non-targeting_noRT"
"11321" "Phc2" 27.381475802982 0.0729740950248376 0.199588143537423 0.841802701300548 0.97287016473438 0.904761904761905 0.857142857142857 "Uqcrc2_noRT" "non-targeting_noRT"
"11322" "Plekha4" 1.33050979781296 -0.33146616341309 -0.199346343925341 0.841991829367449 NA 0.0952380952380952 0.142857142857143 "Uqcrc2_noRT" "non-targeting_noRT"
"11323" "Polr2g" 166.426264226158 0.0373675419902317 0.199122797397166 0.842166688555518 0.97287016473438 1 1 "Uqcrc2_noRT" "non-targeting_noRT"
"11324" "Rassf1" 19.5123017760686 -0.0919137614182551 -0.199000534872957 0.842262326193366 0.97287016473438 0.523809523809524 0.875 "Uqcrc2_noRT" "non-targeting_noRT"
"11325" "Ino80dos" 0.57541337575287 0.472351412422628 0.198787612997161 0.84242888601556 NA 0.0476190476190476 0.0357142857142857 "Uqcrc2_noRT" "non-targeting_noRT"
"11326" "Tmem150c" 0.57541337575287 0.472351412422628 0.198787612997161 0.84242888601556 NA 0.0476190476190476 0.0535714285714286 "Uqcrc2_noRT" "non-targeting_noRT"
"11327" "Gm10282" 0.57541337575287 0.472351412422628 0.198787612997161 0.84242888601556 NA 0.0476190476190476 0.0535714285714286 "Uqcrc2_noRT" "non-targeting_noRT"
"11328" "Ndrg4" 0.57541337575287 0.472351412422628 0.198787612997161 0.84242888601556 NA 0.0476190476190476 0.0535714285714286 "Uqcrc2_noRT" "non-targeting_noRT"
"11329" "Bbs9" 0.57541337575287 0.472351412422628 0.198787612997161 0.84242888601556 NA 0.0476190476190476 0.0535714285714286 "Uqcrc2_noRT" "non-targeting_noRT"
"11330" "Gm11520" 0.57541337575287 0.472351412422628 0.198787612997161 0.84242888601556 NA 0.0476190476190476 0.0535714285714286 "Uqcrc2_noRT" "non-targeting_noRT"
"11331" "Ccdc57" 0.57541337575287 0.472351412422628 0.198787612997161 0.84242888601556 NA 0.0476190476190476 0.0535714285714286 "Uqcrc2_noRT" "non-targeting_noRT"
"11332" "Vasn" 0.57541337575287 0.472351412422628 0.198787612997161 0.84242888601556 NA 0.0476190476190476 0.0535714285714286 "Uqcrc2_noRT" "non-targeting_noRT"
"11333" "Polr2k" 178.240098331264 -0.0331573269280797 -0.198761175804606 0.842449567210803 0.97287016473438 1 1 "Uqcrc2_noRT" "non-targeting_noRT"
"11334" "9130024F11Rik" 0.597136518422639 0.435190640914479 0.198529738214269 0.842630620044115 NA 0.0476190476190476 0.0535714285714286 "Uqcrc2_noRT" "non-targeting_noRT"
"11335" "Ttc30a1" 0.597136518422639 0.435190640914479 0.198529738214269 0.842630620044115 NA 0.0476190476190476 0.0535714285714286 "Uqcrc2_noRT" "non-targeting_noRT"
"11336" "Zfp420" 0.597136518422639 0.435190640914479 0.198529738214269 0.842630620044115 NA 0.0476190476190476 0.0535714285714286 "Uqcrc2_noRT" "non-targeting_noRT"
"11337" "Fgd6" 0.597136518422639 0.435190640914479 0.198529738214269 0.842630620044115 NA 0.0476190476190476 0.0535714285714286 "Uqcrc2_noRT" "non-targeting_noRT"
"11338" "Mmp19" 0.597136518422639 0.435190640914479 0.198529738214269 0.842630620044115 NA 0.0476190476190476 0.0535714285714286 "Uqcrc2_noRT" "non-targeting_noRT"
"11339" "5830448L01Rik" 0.597136518422639 0.435190640914479 0.198529738214269 0.842630620044115 NA 0.0476190476190476 0.0535714285714286 "Uqcrc2_noRT" "non-targeting_noRT"
"11340" "Emc6" 73.9814479933184 -0.0461302787266402 -0.198493998846542 0.84265857957069 0.97287016473438 1 1 "Uqcrc2_noRT" "non-targeting_noRT"
"11341" "Rbm12b2" 2.40465886828826 0.239619528865702 0.198350140754357 0.842771124254294 NA 0.0952380952380952 0.196428571428571 "Uqcrc2_noRT" "non-targeting_noRT"
"11342" "Cox15" 6.1145968367013 -0.148715291478951 -0.198274416070536 0.842830367332447 NA 0.333333333333333 0.446428571428571 "Uqcrc2_noRT" "non-targeting_noRT"
"11343" "Ptpmt1" 56.0015393861545 -0.0520545237346414 -0.198242533743261 0.842855310683312 0.97287016473438 0.857142857142857 0.946428571428571 "Uqcrc2_noRT" "non-targeting_noRT"
"11344" "Xylt1" 11.675385084678 0.111782833247005 0.198126537358966 0.842946062556352 NA 0.476190476190476 0.517857142857143 "Uqcrc2_noRT" "non-targeting_noRT"
"11345" "Zfp780b" 2.66023303323985 -0.241326732195484 -0.198098139508093 0.842968280447388 NA 0.142857142857143 0.285714285714286 "Uqcrc2_noRT" "non-targeting_noRT"
"11346" "Lrrc8a" 7.14390753754778 0.136857657675076 0.198097171842805 0.842969037530892 NA 0.380952380952381 0.5 "Uqcrc2_noRT" "non-targeting_noRT"
"11347" "Tmem19" 6.76703278853726 0.142274583647241 0.198059728243508 0.842998332825021 NA 0.333333333333333 0.517857142857143 "Uqcrc2_noRT" "non-targeting_noRT"
"11348" "Ccdc43" 12.7692505769364 0.10268471688101 0.197970928337132 0.843067809369604 0.97287016473438 0.523809523809524 0.714285714285714 "Uqcrc2_noRT" "non-targeting_noRT"
"11349" "9930104L06Rik" 1.11058737174069 0.365866925226286 0.197908955211171 0.843116297516577 NA 0.0952380952380952 0.107142857142857 "Uqcrc2_noRT" "non-targeting_noRT"
"11350" "Calcrl" 5.14068876739787 -0.167280155775304 -0.197734216941514 0.843253016992913 NA 0.285714285714286 0.339285714285714 "Uqcrc2_noRT" "non-targeting_noRT"
"11351" "Cyb5a" 20.8371137776574 0.092685594682948 0.197717372912751 0.843266196420797 0.97287016473438 0.619047619047619 0.75 "Uqcrc2_noRT" "non-targeting_noRT"
"11352" "Cttn" 10.4552202693626 -0.113926745337708 -0.197627621359383 0.843336422291657 NA 0.476190476190476 0.625 "Uqcrc2_noRT" "non-targeting_noRT"
"11353" "Dera" 10.9313699909259 0.11208929463867 0.197609943989158 0.843350254051128 NA 0.619047619047619 0.607142857142857 "Uqcrc2_noRT" "non-targeting_noRT"
"11354" "Sec11c" 149.637527266224 -0.0466531688372297 -0.197555841474317 0.843392587173622 0.97287016473438 1 1 "Uqcrc2_noRT" "non-targeting_noRT"
"11355" "Ttc30b" 0.584420539859499 0.435178859017093 0.197552878731879 0.843394905417902 NA 0.0476190476190476 0.0535714285714286 "Uqcrc2_noRT" "non-targeting_noRT"
"11356" "Pnmal2" 0.584420539859499 0.435178859017093 0.197552878731879 0.843394905417902 NA 0.0476190476190476 0.0535714285714286 "Uqcrc2_noRT" "non-targeting_noRT"
"11357" "Ppp1r13l" 0.584420539859499 0.435178859017093 0.197552878731879 0.843394905417902 NA 0.0476190476190476 0.0535714285714286 "Uqcrc2_noRT" "non-targeting_noRT"
"11358" "Zfp114" 0.584420539859499 0.435178859017093 0.197552878731879 0.843394905417902 NA 0.0476190476190476 0.0535714285714286 "Uqcrc2_noRT" "non-targeting_noRT"
"11359" "Cox7a1" 0.584420539859499 0.435178859017093 0.197552878731879 0.843394905417902 NA 0.0476190476190476 0.0535714285714286 "Uqcrc2_noRT" "non-targeting_noRT"
"11360" "Gm26981" 0.584420539859499 0.435178859017093 0.197552878731879 0.843394905417902 NA 0.0476190476190476 0.0535714285714286 "Uqcrc2_noRT" "non-targeting_noRT"
"11361" "Birc3" 0.584420539859499 0.435178859017093 0.197552878731879 0.843394905417902 NA 0.0476190476190476 0.0535714285714286 "Uqcrc2_noRT" "non-targeting_noRT"
"11362" "Olfr920" 0.584420539859499 0.435178859017093 0.197552878731879 0.843394905417902 NA 0.0476190476190476 0.0535714285714286 "Uqcrc2_noRT" "non-targeting_noRT"
"11363" "Slc22a5" 0.584420539859499 0.435178859017093 0.197552878731879 0.843394905417902 NA 0.0476190476190476 0.0535714285714286 "Uqcrc2_noRT" "non-targeting_noRT"
"11364" "Khnyn" 0.584420539859499 0.435178859017093 0.197552878731879 0.843394905417902 NA 0.0476190476190476 0.0535714285714286 "Uqcrc2_noRT" "non-targeting_noRT"
"11365" "Ypel1" 0.584420539859499 0.435178859017093 0.197552878731879 0.843394905417902 NA 0.0476190476190476 0.0535714285714286 "Uqcrc2_noRT" "non-targeting_noRT"
"11366" "Kctd1" 0.584420539859499 0.435178859017093 0.197552878731879 0.843394905417902 NA 0.0476190476190476 0.0535714285714286 "Uqcrc2_noRT" "non-targeting_noRT"
"11367" "Ipo11" 4.14061686841788 0.188223817145702 0.197407531897913 0.843508635993059 NA 0.238095238095238 0.285714285714286 "Uqcrc2_noRT" "non-targeting_noRT"
"11368" "Ccng1" 4.81634552471443 0.168773645975964 0.19714342168786 0.843715304545913 NA 0.285714285714286 0.357142857142857 "Uqcrc2_noRT" "non-targeting_noRT"
"11369" "Actb" 2366.61980793114 -0.0238684369394559 -0.196948517830251 0.843867825423336 0.97287016473438 1 1 "Uqcrc2_noRT" "non-targeting_noRT"
"11370" "Clasp1" 12.2117846215401 0.102804713492825 0.196811675390457 0.843974914175473 NA 0.476190476190476 0.625 "Uqcrc2_noRT" "non-targeting_noRT"
"11371" "Hspbp1" 8.09353113371834 -0.129820273681787 -0.196782868998289 0.843997457553759 NA 0.428571428571429 0.607142857142857 "Uqcrc2_noRT" "non-targeting_noRT"
"11372" "Dnah2" 1.10477220124918 0.338230460895655 0.196762085646938 0.844013722320095 NA 0.0952380952380952 0.107142857142857 "Uqcrc2_noRT" "non-targeting_noRT"
"11373" "Tpcn1" 2.12012339798687 0.269644427348909 0.19643682153275 0.844268278226114 NA 0.142857142857143 0.196428571428571 "Uqcrc2_noRT" "non-targeting_noRT"
"11374" "Rgl1" 0.590235710351008 0.463641991705314 0.196398505086347 0.844298266244421 NA 0.0476190476190476 0.0535714285714286 "Uqcrc2_noRT" "non-targeting_noRT"
"11375" "1700113B09Rik" 0.590235710351008 0.463641991705314 0.196398505086347 0.844298266244421 NA 0.0476190476190476 0.0535714285714286 "Uqcrc2_noRT" "non-targeting_noRT"
"11376" "Srgap1" 0.590235710351008 0.463641991705314 0.196398505086347 0.844298266244421 NA 0.0476190476190476 0.0535714285714286 "Uqcrc2_noRT" "non-targeting_noRT"
"11377" "Golph3l" 2.63582179456845 -0.23737755409208 -0.196091083776667 0.844538874901695 NA 0.19047619047619 0.25 "Uqcrc2_noRT" "non-targeting_noRT"
"11378" "Trim35" 16.9532372480628 0.0990040592839146 0.196068053899371 0.844556900221666 0.97287016473438 0.714285714285714 0.714285714285714 "Uqcrc2_noRT" "non-targeting_noRT"
"11379" "Zfp622" 33.7269918854024 0.0662487687001194 0.195961644470822 0.84464018717577 0.97287016473438 0.761904761904762 0.928571428571429 "Uqcrc2_noRT" "non-targeting_noRT"
"11380" "Poc5" 2.10697780118206 -0.27514072680472 -0.19582226696806 0.844749280959829 NA 0.142857142857143 0.196428571428571 "Uqcrc2_noRT" "non-targeting_noRT"
"11381" "Map7d1" 5.91164266420097 -0.156942131012078 -0.195696148393542 0.844847999260369 NA 0.333333333333333 0.392857142857143 "Uqcrc2_noRT" "non-targeting_noRT"
"11382" "Tafa2" 1.64371993081876 0.302324509866623 0.19567213671216 0.844866794487126 NA 0.0952380952380952 0.125 "Uqcrc2_noRT" "non-targeting_noRT"
"11383" "Gm9774" 0.577519731787868 0.463779273813959 0.195315535925995 0.845145935375964 NA 0.0476190476190476 0.0535714285714286 "Uqcrc2_noRT" "non-targeting_noRT"
"11384" "Antxr2" 0.577519731787868 0.463779273813959 0.195315535925995 0.845145935375964 NA 0.0476190476190476 0.0535714285714286 "Uqcrc2_noRT" "non-targeting_noRT"
"11385" "Tcf7l1" 0.577519731787868 0.463779273813959 0.195315535925995 0.845145935375964 NA 0.0476190476190476 0.0535714285714286 "Uqcrc2_noRT" "non-targeting_noRT"
"11386" "1700105P06Rik" 0.577519731787868 0.463779273813959 0.195315535925995 0.845145935375964 NA 0.0476190476190476 0.0535714285714286 "Uqcrc2_noRT" "non-targeting_noRT"
"11387" "Magee1" 0.577519731787868 0.463779273813959 0.195315535925995 0.845145935375964 NA 0.0476190476190476 0.0535714285714286 "Uqcrc2_noRT" "non-targeting_noRT"
"11388" "Trub2" 5.56236915874553 -0.163743647463213 -0.195258477168113 0.845190601783806 NA 0.333333333333333 0.375 "Uqcrc2_noRT" "non-targeting_noRT"
"11389" "Dhps" 26.0171597503474 0.0755194149302831 0.195242465907123 0.845203135716233 0.97287016473438 0.80952380952381 0.857142857142857 "Uqcrc2_noRT" "non-targeting_noRT"
"11390" "Pole2" 7.52371518280964 -0.144787538099351 -0.195184833572649 0.845248251774185 NA 0.238095238095238 0.517857142857143 "Uqcrc2_noRT" "non-targeting_noRT"
"11391" "Ndufs6" 84.2820204514793 -0.0438167028578542 -0.195106134104034 0.845309860540489 0.97287016473438 0.904761904761905 1 "Uqcrc2_noRT" "non-targeting_noRT"
"11392" "Uxt" 49.0555124362545 0.0574606678402745 0.194802659998779 0.84554743980703 0.97287016473438 0.80952380952381 0.928571428571429 "Uqcrc2_noRT" "non-targeting_noRT"
"11393" "Zfp704" 1.32360898974133 -0.319602584660689 -0.194624401031983 0.845686999069166 NA 0.0952380952380952 0.160714285714286 "Uqcrc2_noRT" "non-targeting_noRT"
"11394" "Zfp809" 2.37712055512698 0.229130328135241 0.194579756034625 0.845721952475346 NA 0.142857142857143 0.214285714285714 "Uqcrc2_noRT" "non-targeting_noRT"
"11395" "AU022252" 9.76450828717565 0.115422489093267 0.194441690301548 0.845830048649714 NA 0.380952380952381 0.607142857142857 "Uqcrc2_noRT" "non-targeting_noRT"
"11396" "Gm40040" 0.527252469461311 0.473081888813892 0.194425750110002 0.845842528933495 NA 0.0476190476190476 0.0535714285714286 "Uqcrc2_noRT" "non-targeting_noRT"
"11397" "S100a2" 0.527252469461311 0.473081888813892 0.194425750110002 0.845842528933495 NA 0.0476190476190476 0.0535714285714286 "Uqcrc2_noRT" "non-targeting_noRT"
"11398" "Gm15510" 0.527252469461311 0.473081888813892 0.194425750110002 0.845842528933495 NA 0.0476190476190476 0.0535714285714286 "Uqcrc2_noRT" "non-targeting_noRT"
"11399" "Zfr2" 0.527252469461311 0.473081888813892 0.194425750110002 0.845842528933495 NA 0.0476190476190476 0.0535714285714286 "Uqcrc2_noRT" "non-targeting_noRT"
"11400" "Gm17249" 0.527252469461311 0.473081888813892 0.194425750110002 0.845842528933495 NA 0.0476190476190476 0.0535714285714286 "Uqcrc2_noRT" "non-targeting_noRT"
"11401" "Cdc42ep4" 0.527252469461311 0.473081888813892 0.194425750110002 0.845842528933495 NA 0.0476190476190476 0.0535714285714286 "Uqcrc2_noRT" "non-targeting_noRT"
"11402" "Cbx2" 0.527252469461311 0.473081888813892 0.194425750110002 0.845842528933495 NA 0.0476190476190476 0.0535714285714286 "Uqcrc2_noRT" "non-targeting_noRT"
"11403" "Gm11767" 0.527252469461311 0.473081888813892 0.194425750110002 0.845842528933495 NA 0.0476190476190476 0.0535714285714286 "Uqcrc2_noRT" "non-targeting_noRT"
"11404" "4930554I06Rik" 0.527252469461311 0.473081888813892 0.194425750110002 0.845842528933495 NA 0.0476190476190476 0.0535714285714286 "Uqcrc2_noRT" "non-targeting_noRT"
"11405" "Fam120c" 0.527252469461311 0.473081888813892 0.194425750110002 0.845842528933495 NA 0.0476190476190476 0.0535714285714286 "Uqcrc2_noRT" "non-targeting_noRT"
"11406" "Cdc42se2" 19.7506050182482 0.0841204267996215 0.194341916309069 0.845908166775428 0.97287016473438 0.666666666666667 0.821428571428571 "Uqcrc2_noRT" "non-targeting_noRT"
"11407" "Dnaic2" 4.07821536749482 0.173569827021527 0.194315636047486 0.845928743178925 NA 0.238095238095238 0.339285714285714 "Uqcrc2_noRT" "non-targeting_noRT"
"11408" "Dnajc25" 28.1815555594085 0.0719586206121712 0.194243390900592 0.845985308807751 0.97287016473438 0.761904761904762 0.857142857142857 "Uqcrc2_noRT" "non-targeting_noRT"
"11409" "Mrpl32" 66.3490133988703 -0.0503318964962773 -0.194226932517395 0.845998195304024 0.97287016473438 0.904761904761905 1 "Uqcrc2_noRT" "non-targeting_noRT"
"11410" "Fem1a" 4.07108976360096 -0.181326426387216 -0.194173970364835 0.846039663604665 NA 0.285714285714286 0.357142857142857 "Uqcrc2_noRT" "non-targeting_noRT"
"11411" "Noc3l" 12.3704950118184 0.108437608188101 0.193716834660082 0.846397609384929 NA 0.666666666666667 0.767857142857143 "Uqcrc2_noRT" "non-targeting_noRT"
"11412" "Lgr6" 0.536259633567941 0.43513256516411 0.193634857361242 0.846461802492482 NA 0.0476190476190476 0.0535714285714286 "Uqcrc2_noRT" "non-targeting_noRT"
"11413" "Bloc1s6os" 0.536259633567941 0.43513256516411 0.193634857361242 0.846461802492482 NA 0.0476190476190476 0.0535714285714286 "Uqcrc2_noRT" "non-targeting_noRT"
"11414" "Gm13283" 0.536259633567941 0.43513256516411 0.193634857361242 0.846461802492482 NA 0.0476190476190476 0.0535714285714286 "Uqcrc2_noRT" "non-targeting_noRT"
"11415" "4833413G10Rik" 0.536259633567941 0.43513256516411 0.193634857361242 0.846461802492482 NA 0.0476190476190476 0.0535714285714286 "Uqcrc2_noRT" "non-targeting_noRT"
"11416" "AI429214" 0.536259633567941 0.43513256516411 0.193634857361242 0.846461802492482 NA 0.0476190476190476 0.0535714285714286 "Uqcrc2_noRT" "non-targeting_noRT"
"11417" "Smim40" 0.536259633567941 0.43513256516411 0.193634857361242 0.846461802492482 NA 0.0476190476190476 0.0535714285714286 "Uqcrc2_noRT" "non-targeting_noRT"
"11418" "Shd" 0.536259633567941 0.43513256516411 0.193634857361242 0.846461802492482 NA 0.0476190476190476 0.0535714285714286 "Uqcrc2_noRT" "non-targeting_noRT"
"11419" "Tjp3" 1.65962790299702 0.283283191420836 0.193573256970147 0.846510039938182 NA 0.142857142857143 0.107142857142857 "Uqcrc2_noRT" "non-targeting_noRT"
"11420" "Cpsf4" 6.46401310363515 -0.148698173821453 -0.193532184313399 0.846542203041428 NA 0.285714285714286 0.5 "Uqcrc2_noRT" "non-targeting_noRT"
"11421" "Smim13" 9.38584385812875 -0.126062659396553 -0.193514932449524 0.846555712676662 NA 0.428571428571429 0.535714285714286 "Uqcrc2_noRT" "non-targeting_noRT"
"11422" "Upp1" 11.1432908448593 -0.115438129146872 -0.193215902266483 0.846789885186758 NA 0.523809523809524 0.482142857142857 "Uqcrc2_noRT" "non-targeting_noRT"
"11423" "Efs" 6.34266914810365 0.150454084697496 0.19302625033348 0.846938409880377 NA 0.380952380952381 0.446428571428571 "Uqcrc2_noRT" "non-targeting_noRT"
"11424" "Gm16104" 4.95179017158324 -0.190093430633138 -0.193013864163633 0.846948110218969 NA 0.238095238095238 0.25 "Uqcrc2_noRT" "non-targeting_noRT"
"11425" "Rhbdd3" 6.68603521943431 0.137875135106471 0.192984551712505 0.846971066617004 NA 0.333333333333333 0.517857142857143 "Uqcrc2_noRT" "non-targeting_noRT"
"11426" "Igtp" 239.875084935097 0.0420922072815991 0.19295101286977 0.846997333123665 0.97287016473438 1 0.982142857142857 "Uqcrc2_noRT" "non-targeting_noRT"
"11427" "Wnt10a" 0.581228546244378 0.506612431721927 0.192853256513783 0.847073893621512 NA 0.0476190476190476 0.0178571428571429 "Uqcrc2_noRT" "non-targeting_noRT"
"11428" "Col28a1" 0.581228546244378 0.506612431721927 0.192853256513783 0.847073893621512 NA 0.0476190476190476 0.0535714285714286 "Uqcrc2_noRT" "non-targeting_noRT"
"11429" "Raly" 62.1145010371426 -0.0488350421941809 -0.192848368776823 0.847077721620986 0.97287016473438 0.857142857142857 1 "Uqcrc2_noRT" "non-targeting_noRT"
"11430" "Lcn2" 43.1757128388854 -0.34964030531535 -0.192753009246912 0.847152406441673 0.97287016473438 0.285714285714286 0.160714285714286 "Uqcrc2_noRT" "non-targeting_noRT"
"11431" "Fkbp8" 48.2117820933631 -0.0550646847868445 -0.192650389562333 0.84723277889091 0.97287016473438 0.857142857142857 0.964285714285714 "Uqcrc2_noRT" "non-targeting_noRT"
"11432" "Gtf2f2" 23.4715480016773 0.0749928269616033 0.192612563165742 0.847262405188112 0.97287016473438 0.857142857142857 0.839285714285714 "Uqcrc2_noRT" "non-targeting_noRT"
"11433" "Gtf3c5" 4.07588421563759 -0.183256728007664 -0.192611797948478 0.847263004521921 NA 0.285714285714286 0.339285714285714 "Uqcrc2_noRT" "non-targeting_noRT"
"11434" "Shisa5" 21.2975407909505 0.0788908251768868 0.19248784217314 0.847360090385805 0.97287016473438 0.714285714285714 0.803571428571429 "Uqcrc2_noRT" "non-targeting_noRT"
"11435" "Retreg1" 5.9672861185308 -0.147291497903482 -0.192486268048665 0.847361323301986 NA 0.333333333333333 0.446428571428571 "Uqcrc2_noRT" "non-targeting_noRT"
"11436" "Nat8f1" 1.11959453584732 0.346173834611032 0.19220208388344 0.847583913632755 NA 0.0952380952380952 0.0892857142857143 "Uqcrc2_noRT" "non-targeting_noRT"
"11437" "Gspt1" 49.8590817940528 -0.0524195914118491 -0.192094307651595 0.847668333716527 0.97287016473438 0.904761904761905 0.875 "Uqcrc2_noRT" "non-targeting_noRT"
"11438" "Gbe1" 3.63646520422562 -0.216922637617058 -0.192024775028019 0.847722798878088 NA 0.142857142857143 0.267857142857143 "Uqcrc2_noRT" "non-targeting_noRT"
"11439" "Efhb" 1.13128979595558 0.322314542283449 0.191963913398213 0.84777047261497 NA 0.0952380952380952 0.0892857142857143 "Uqcrc2_noRT" "non-targeting_noRT"
"11440" "Firre" 1.13128979595558 0.322314542283449 0.191963913398213 0.84777047261497 NA 0.0952380952380952 0.0892857142857143 "Uqcrc2_noRT" "non-targeting_noRT"
"11441" "Cdca7l" 9.024380769316 -0.123706652912955 -0.191930505522674 0.847796641692021 NA 0.476190476190476 0.535714285714286 "Uqcrc2_noRT" "non-targeting_noRT"
"11442" "Gm5165" 1.1953586744254 0.341530514098139 0.19176800571716 0.847923933529453 NA 0.0952380952380952 0.0892857142857143 "Uqcrc2_noRT" "non-targeting_noRT"
"11443" "Snrnp27" 50.0596965431132 0.0526789397494939 0.191713221866384 0.847966848549075 0.97287016473438 0.904761904761905 0.964285714285714 "Uqcrc2_noRT" "non-targeting_noRT"
"11444" "Fendrr" 0.568512567681238 0.506921914805388 0.19167197872421 0.847999156729736 NA 0.0476190476190476 0.0357142857142857 "Uqcrc2_noRT" "non-targeting_noRT"
"11445" "Retreg3" 4.0915130860246 0.175220530262857 0.191650250390859 0.848016177914813 NA 0.285714285714286 0.267857142857143 "Uqcrc2_noRT" "non-targeting_noRT"
"11446" "Ggta1" 5.88520291184772 -0.145316909357288 -0.191521663640222 0.848116909543234 NA 0.380952380952381 0.392857142857143 "Uqcrc2_noRT" "non-targeting_noRT"
"11447" "Me1" 9.9542805721883 -0.112075135065723 -0.191503226140333 0.848131353220612 NA 0.476190476190476 0.660714285714286 "Uqcrc2_noRT" "non-targeting_noRT"
"11448" "Ptpn4" 3.59651355067659 0.18266130221664 0.191422235487249 0.848194800759959 NA 0.238095238095238 0.303571428571429 "Uqcrc2_noRT" "non-targeting_noRT"
"11449" "Map3k11" 3.36833961498452 -0.207512580132371 -0.191351353438247 0.84825033009323 NA 0.238095238095238 0.321428571428571 "Uqcrc2_noRT" "non-targeting_noRT"
"11450" "Ccnk" 9.30514250603563 -0.121588239278447 -0.191266195057374 0.848317044568545 NA 0.523809523809524 0.607142857142857 "Uqcrc2_noRT" "non-targeting_noRT"
"11451" "Usp3" 8.65096307788864 0.127119681334808 0.191259747737788 0.848322095548938 NA 0.380952380952381 0.553571428571429 "Uqcrc2_noRT" "non-targeting_noRT"
"11452" "Itga8" 2.22829458113469 -0.270174323819766 -0.191016622123798 0.848512570364089 NA 0.0476190476190476 0.178571428571429 "Uqcrc2_noRT" "non-targeting_noRT"
"11453" "Dimt1" 41.973185197434 -0.0691077423292486 -0.191007370782979 0.848519818427738 0.97287016473438 0.857142857142857 0.928571428571429 "Uqcrc2_noRT" "non-targeting_noRT"
"11454" "Tpm4" 64.8344222574318 0.0513826119026676 0.190997536975165 0.848527522845536 0.97287016473438 0.857142857142857 0.946428571428571 "Uqcrc2_noRT" "non-targeting_noRT"
"11455" "Ccnq" 19.2224659673857 -0.0832526044537764 -0.190983159349497 0.848538787199418 0.97287016473438 0.714285714285714 0.714285714285714 "Uqcrc2_noRT" "non-targeting_noRT"
"11456" "Madd" 0.529358825496309 0.464315399061809 0.190976547869027 0.848543967067547 NA 0.0476190476190476 0.0535714285714286 "Uqcrc2_noRT" "non-targeting_noRT"
"11457" "Gchfr" 0.529358825496309 0.464315399061809 0.190976547869027 0.848543967067547 NA 0.0476190476190476 0.0357142857142857 "Uqcrc2_noRT" "non-targeting_noRT"
"11458" "4930481B07Rik" 0.529358825496309 0.464315399061809 0.190976547869027 0.848543967067547 NA 0.0476190476190476 0.0535714285714286 "Uqcrc2_noRT" "non-targeting_noRT"
"11459" "9530080O11Rik" 0.529358825496309 0.464315399061809 0.190976547869027 0.848543967067547 NA 0.0476190476190476 0.0535714285714286 "Uqcrc2_noRT" "non-targeting_noRT"
"11460" "Mapkapk5" 0.529358825496309 0.464315399061809 0.190976547869027 0.848543967067547 NA 0.0476190476190476 0.0535714285714286 "Uqcrc2_noRT" "non-targeting_noRT"
"11461" "Tspan12" 0.529358825496309 0.464315399061809 0.190976547869027 0.848543967067547 NA 0.0476190476190476 0.0535714285714286 "Uqcrc2_noRT" "non-targeting_noRT"
"11462" "Gm48604" 0.529358825496309 0.464315399061809 0.190976547869027 0.848543967067547 NA 0.0476190476190476 0.0535714285714286 "Uqcrc2_noRT" "non-targeting_noRT"
"11463" "Ccdc88b" 0.529358825496309 0.464315399061809 0.190976547869027 0.848543967067547 NA 0.0476190476190476 0.0535714285714286 "Uqcrc2_noRT" "non-targeting_noRT"
"11464" "Cop1" 9.84044634027394 -0.112553167262147 -0.190716579940152 0.848747648203531 NA 0.428571428571429 0.660714285714286 "Uqcrc2_noRT" "non-targeting_noRT"
"11465" "Klhl36" 1.11377936535581 0.320880949412437 0.190580668769778 0.848854136672953 NA 0.0952380952380952 0.107142857142857 "Uqcrc2_noRT" "non-targeting_noRT"
"11466" "Ppp6r3" 11.3261412338022 -0.116117853946207 -0.190564436125663 0.848866855380973 NA 0.476190476190476 0.625 "Uqcrc2_noRT" "non-targeting_noRT"
"11467" "Idnk" 44.0841693135911 0.0553905724166931 0.190512056364541 0.84890789658401 0.97287016473438 0.904761904761905 0.910714285714286 "Uqcrc2_noRT" "non-targeting_noRT"
"11468" "Wdyhv1" 13.4920564906759 0.0980790121688843 0.190480130369514 0.848932911813915 0.97287016473438 0.523809523809524 0.696428571428571 "Uqcrc2_noRT" "non-targeting_noRT"
"11469" "Pwp2" 5.5061419757176 -0.152394456388456 -0.190389839380359 0.84900365905729 NA 0.380952380952381 0.392857142857143 "Uqcrc2_noRT" "non-targeting_noRT"
"11470" "Ipo13" 4.38752122387123 0.18619920574987 0.190280237413692 0.849089538995356 NA 0.238095238095238 0.321428571428571 "Uqcrc2_noRT" "non-targeting_noRT"
"11471" "Slc38a3" 2.85250330384022 0.20981908907108 0.190263712623089 0.849102487349012 NA 0.19047619047619 0.25 "Uqcrc2_noRT" "non-targeting_noRT"
"11472" "Ahnak" 52.9913349095117 0.0544188043843203 0.190207413374666 0.849146602136705 0.97287016473438 0.857142857142857 0.821428571428571 "Uqcrc2_noRT" "non-targeting_noRT"
"11473" "Slc25a13" 11.2712858403206 -0.106013852244625 -0.190062133750167 0.84926044206918 NA 0.428571428571429 0.660714285714286 "Uqcrc2_noRT" "non-targeting_noRT"
"11474" "Pprc1" 12.6269429417558 -0.101034772819612 -0.190025379460353 0.849289242930138 0.97287016473438 0.619047619047619 0.642857142857143 "Uqcrc2_noRT" "non-targeting_noRT"
"11475" "Aimp1" 126.367700451634 -0.0395220564520214 -0.190016807130901 0.849295960282947 0.97287016473438 0.952380952380952 1 "Uqcrc2_noRT" "non-targeting_noRT"
"11476" "Tctex1d2" 13.0007657697844 0.0998029553012318 0.189833862690402 0.849439319764455 0.97287016473438 0.476190476190476 0.642857142857143 "Uqcrc2_noRT" "non-targeting_noRT"
"11477" "Bace1" 3.90416225879569 -0.182320513662823 -0.189607988303272 0.84961632700984 NA 0.285714285714286 0.285714285714286 "Uqcrc2_noRT" "non-targeting_noRT"
"11478" "Atp13a3" 8.5620779934852 -0.120609921377657 -0.18950135633275 0.849699892157392 NA 0.428571428571429 0.607142857142857 "Uqcrc2_noRT" "non-targeting_noRT"
"11479" "Rad54l2" 4.8518553715681 0.160443444027779 0.189439093766646 0.849748686752181 NA 0.19047619047619 0.357142857142857 "Uqcrc2_noRT" "non-targeting_noRT"
"11480" "Trip6" 15.235561957969 0.0934674252247209 0.189113541805396 0.850003828168425 0.9731429689732 0.714285714285714 0.714285714285714 "Uqcrc2_noRT" "non-targeting_noRT"
"11481" "Gps2" 16.4337900144314 -0.0886612714746608 -0.188929774482783 0.85014785713826 0.9731429689732 0.714285714285714 0.767857142857143 "Uqcrc2_noRT" "non-targeting_noRT"
"11482" "Stx18" 10.3668179945746 -0.112457722641087 -0.188871284107103 0.850193700443087 NA 0.523809523809524 0.642857142857143 "Uqcrc2_noRT" "non-targeting_noRT"
"11483" "Tnfsf13b" 3.9264671414321 -0.185233122664901 -0.188566313626414 0.850432736937938 NA 0.19047619047619 0.267857142857143 "Uqcrc2_noRT" "non-targeting_noRT"
"11484" "Cyth3" 1.3167081816697 -0.309599878952116 -0.188549058687103 0.850446261806224 NA 0.0476190476190476 0.142857142857143 "Uqcrc2_noRT" "non-targeting_noRT"
"11485" "U2af1" 133.604673867422 0.0383505355800378 0.188481320058212 0.850499357523194 0.973276089997504 1 1 "Uqcrc2_noRT" "non-targeting_noRT"
"11486" "Mars2" 1.39189058028115 -0.301706756861265 -0.18846258612002 0.850514041906432 NA 0.0952380952380952 0.160714285714286 "Uqcrc2_noRT" "non-targeting_noRT"
"11487" "Ccdc82" 3.66958959325304 0.183826623515213 0.188409026060834 0.850556024632374 NA 0.19047619047619 0.267857142857143 "Uqcrc2_noRT" "non-targeting_noRT"
"11488" "Dalrd3" 5.4624295118147 0.14981236737505 0.188231802477325 0.850694943277647 NA 0.333333333333333 0.392857142857143 "Uqcrc2_noRT" "non-targeting_noRT"
"11489" "Lrfn4" 2.00513989330149 -0.246556164447341 -0.188215471530143 0.850707744702564 NA 0.142857142857143 0.214285714285714 "Uqcrc2_noRT" "non-targeting_noRT"
"11490" "Slc36a1" 0.595030162387641 0.443470547184563 0.188131543060107 0.850773534771673 NA 0.0476190476190476 0.0535714285714286 "Uqcrc2_noRT" "non-targeting_noRT"
"11491" "Cdr2" 7.81382102335282 0.125098670435938 0.188121051820447 0.850781758745171 NA 0.571428571428571 0.5 "Uqcrc2_noRT" "non-targeting_noRT"
"11492" "Vps4a" 8.62719849830912 0.116347791948179 0.188037063636742 0.850847596792616 NA 0.428571428571429 0.482142857142857 "Uqcrc2_noRT" "non-targeting_noRT"
"11493" "Crip2" 3.43662120552434 -0.200105841860578 -0.187684135171042 0.851124267558815 NA 0.142857142857143 0.267857142857143 "Uqcrc2_noRT" "non-targeting_noRT"
"11494" "Tcp11l1" 8.91209091234505 -0.126317038097942 -0.187612949567649 0.85118007422109 NA 0.333333333333333 0.5 "Uqcrc2_noRT" "non-targeting_noRT"
"11495" "Cdc42bpa" 4.84422785879221 -0.159679311105027 -0.187442521499766 0.851313686028877 NA 0.285714285714286 0.375 "Uqcrc2_noRT" "non-targeting_noRT"
"11496" "Tmtc3" 3.11154189789008 0.201568149644077 0.187241092119856 0.851471607677855 NA 0.19047619047619 0.196428571428571 "Uqcrc2_noRT" "non-targeting_noRT"
"11497" "Disp1" 1.93417020676004 -0.261010593196066 -0.18722644333372 0.851483092632417 NA 0.142857142857143 0.178571428571429 "Uqcrc2_noRT" "non-targeting_noRT"
"11498" "9430060I03Rik" 0.582314183824501 0.443505451823429 0.187064394760097 0.851610144202773 NA 0.0476190476190476 0.0357142857142857 "Uqcrc2_noRT" "non-targeting_noRT"
"11499" "Crybg2" 0.582314183824501 0.443505451823429 0.187064394760097 0.851610144202773 NA 0.0476190476190476 0.0535714285714286 "Uqcrc2_noRT" "non-targeting_noRT"
"11500" "Tex14" 0.582314183824501 0.443505451823429 0.187064394760097 0.851610144202773 NA 0.0476190476190476 0.0535714285714286 "Uqcrc2_noRT" "non-targeting_noRT"
"11501" "C7" 0.582314183824501 0.443505451823429 0.187064394760097 0.851610144202773 NA 0.0476190476190476 0.0535714285714286 "Uqcrc2_noRT" "non-targeting_noRT"
"11502" "4930523C07Rik" 1.1995713864954 0.333081990570929 0.187040180715326 0.851629129164836 NA 0.0952380952380952 0.0892857142857143 "Uqcrc2_noRT" "non-targeting_noRT"
"11503" "Tmem218" 2.30825722462052 0.225149213528781 0.186962889208886 0.851689729954985 NA 0.19047619047619 0.196428571428571 "Uqcrc2_noRT" "non-targeting_noRT"
"11504" "B3galt2" 0.520351661389679 0.508124638236726 0.18694810184144 0.851701324163808 NA 0.0476190476190476 0.0357142857142857 "Uqcrc2_noRT" "non-targeting_noRT"
"11505" "Gm49890" 0.520351661389679 0.508124638236726 0.18694810184144 0.851701324163808 NA 0.0476190476190476 0.0535714285714286 "Uqcrc2_noRT" "non-targeting_noRT"
"11506" "Gm42517" 0.520351661389679 0.508124638236726 0.18694810184144 0.851701324163808 NA 0.0476190476190476 0.0357142857142857 "Uqcrc2_noRT" "non-targeting_noRT"
"11507" "Gm49694" 0.520351661389679 0.508124638236726 0.18694810184144 0.851701324163808 NA 0.0476190476190476 0.0357142857142857 "Uqcrc2_noRT" "non-targeting_noRT"
"11508" "Kdm2b" 2.61359475428519 -0.215830083221 -0.186867718015815 0.851764350605379 NA 0.142857142857143 0.232142857142857 "Uqcrc2_noRT" "non-targeting_noRT"
"11509" "Tnrc6b" 24.6373558758143 -0.0703668748689817 -0.186161009993074 0.852318498951294 0.974221792457058 0.761904761904762 0.892857142857143 "Uqcrc2_noRT" "non-targeting_noRT"
"11510" "Haus2" 4.58460752477572 -0.159656247058784 -0.186096827217582 0.852368829968947 NA 0.285714285714286 0.339285714285714 "Uqcrc2_noRT" "non-targeting_noRT"
"11511" "Tsc22d4" 21.4648846069028 -0.0764017555197839 -0.185951796190467 0.852482562994851 0.974221792457058 0.80952380952381 0.839285714285714 "Uqcrc2_noRT" "non-targeting_noRT"
"11512" "Clk2" 3.47266278517876 -0.188187855942162 -0.185889774410987 0.852531201280109 NA 0.238095238095238 0.321428571428571 "Uqcrc2_noRT" "non-targeting_noRT"
"11513" "Ubap2l" 52.045132477795 -0.0515886378388331 -0.185822385131389 0.852584049464348 0.974221792457058 0.904761904761905 0.910714285714286 "Uqcrc2_noRT" "non-targeting_noRT"
"11514" "Ino80e" 16.4601648476594 -0.0869708819392835 -0.185698629180724 0.85268110337948 0.974221792457058 0.571428571428571 0.714285714285714 "Uqcrc2_noRT" "non-targeting_noRT"
"11515" "Mapre1" 37.0321264907883 0.0581954655754238 0.185468208445475 0.852861813637471 0.974221792457058 0.952380952380952 0.910714285714286 "Uqcrc2_noRT" "non-targeting_noRT"
"11516" "Blmh" 22.7718119853077 -0.0726817001681328 -0.185392018646103 0.852921568111721 0.974221792457058 0.619047619047619 0.928571428571429 "Uqcrc2_noRT" "non-targeting_noRT"
"11517" "2510039O18Rik" 8.71564969628258 -0.124621986544759 -0.185355235763919 0.852950416656057 NA 0.476190476190476 0.571428571428571 "Uqcrc2_noRT" "non-targeting_noRT"
"11518" "Cnot4" 31.3454586427016 0.0629642529200566 0.185325430728307 0.852973792670836 0.974221792457058 0.904761904761905 0.928571428571429 "Uqcrc2_noRT" "non-targeting_noRT"
"11519" "Zfp189" 1.21228736505854 0.349733630565566 0.185281583874919 0.85300818188282 NA 0.0952380952380952 0.107142857142857 "Uqcrc2_noRT" "non-targeting_noRT"
"11520" "Tmem39b" 7.57143711061296 -0.140378600239571 -0.185276946399141 0.853011819084618 NA 0.380952380952381 0.571428571428571 "Uqcrc2_noRT" "non-targeting_noRT"
"11521" "Tmem129" 6.81154979949756 0.133802084343999 0.184998210117075 0.853230439462648 NA 0.380952380952381 0.375 "Uqcrc2_noRT" "non-targeting_noRT"
"11522" "Selenoo" 2.40363814983338 0.222548050530202 0.184986368936396 0.853239727069527 NA 0.19047619047619 0.160714285714286 "Uqcrc2_noRT" "non-targeting_noRT"
"11523" "Lztr1" 3.61183978288821 0.173654668500118 0.184604579370527 0.853539193863536 NA 0.285714285714286 0.285714285714286 "Uqcrc2_noRT" "non-targeting_noRT"
"11524" "Paxx" 3.50113262546373 0.184316277982531 0.184492822175036 0.853626857585745 NA 0.238095238095238 0.285714285714286 "Uqcrc2_noRT" "non-targeting_noRT"
"11525" "Alg11" 5.42776957222249 -0.164544253627235 -0.184381541819466 0.853714149064794 NA 0.285714285714286 0.517857142857143 "Uqcrc2_noRT" "non-targeting_noRT"
"11526" "9230114K14Rik" 2.86092872798021 0.203384554751671 0.184231103513265 0.85383216000228 NA 0.142857142857143 0.232142857142857 "Uqcrc2_noRT" "non-targeting_noRT"
"11527" "2410002F23Rik" 12.8694061953109 0.0992716893698828 0.184093262818548 0.853940291647708 0.975056547140788 0.523809523809524 0.678571428571429 "Uqcrc2_noRT" "non-targeting_noRT"
"11528" "Tacc2" 6.07126327907707 0.147530165094818 0.183940886694623 0.854059829068653 NA 0.428571428571429 0.321428571428571 "Uqcrc2_noRT" "non-targeting_noRT"
"11529" "Sema3e" 2.00245179729985 -0.245906667072658 -0.183342463764507 0.85452931777582 NA 0.142857142857143 0.196428571428571 "Uqcrc2_noRT" "non-targeting_noRT"
"11530" "Srf" 4.30070848427677 0.165539197769578 0.18332656543299 0.854541791408651 NA 0.333333333333333 0.321428571428571 "Uqcrc2_noRT" "non-targeting_noRT"
"11531" "Tspan15" 26.9468613086504 0.0735163390670049 0.183174628876622 0.854661000771287 0.975073688032263 0.80952380952381 0.803571428571429 "Uqcrc2_noRT" "non-targeting_noRT"
"11532" "Galc" 1.12860169995395 0.327359706506764 0.183105450831429 0.854715278937814 NA 0.0952380952380952 0.107142857142857 "Uqcrc2_noRT" "non-targeting_noRT"
"11533" "Gm42679" 0.534153277532943 0.443641984082459 0.18279952536843 0.854955321037771 NA 0.0476190476190476 0.0357142857142857 "Uqcrc2_noRT" "non-targeting_noRT"
"11534" "Gm13830" 0.534153277532943 0.443641984082459 0.18279952536843 0.854955321037771 NA 0.0476190476190476 0.0535714285714286 "Uqcrc2_noRT" "non-targeting_noRT"
"11535" "Gm47644" 0.534153277532943 0.443641984082459 0.18279952536843 0.854955321037771 NA 0.0476190476190476 0.0535714285714286 "Uqcrc2_noRT" "non-targeting_noRT"
"11536" "Tubb4a" 0.534153277532943 0.443641984082459 0.18279952536843 0.854955321037771 NA 0.0476190476190476 0.0535714285714286 "Uqcrc2_noRT" "non-targeting_noRT"
"11537" "Mtcp1" 0.534153277532943 0.443641984082459 0.18279952536843 0.854955321037771 NA 0.0476190476190476 0.0535714285714286 "Uqcrc2_noRT" "non-targeting_noRT"
"11538" "Apip" 23.2980525606927 -0.0766497971098266 -0.18263976444807 0.8550806815723 0.975073688032263 0.761904761904762 0.839285714285714 "Uqcrc2_noRT" "non-targeting_noRT"
"11539" "Prpf6" 15.4756255775603 0.0860653815599308 0.182492990002316 0.855195855158007 0.975073688032263 0.666666666666667 0.821428571428571 "Uqcrc2_noRT" "non-targeting_noRT"
"11540" "D8Ertd738e" 204.344646046866 -0.0300923515521948 -0.182375845535348 0.855287780378143 0.975073688032263 1 1 "Uqcrc2_noRT" "non-targeting_noRT"
"11541" "Arv1" 3.04107412023065 0.245812097139881 0.182278469469996 0.855364194498127 NA 0.19047619047619 0.196428571428571 "Uqcrc2_noRT" "non-targeting_noRT"
"11542" "Wdfy3" 4.85084956507259 0.152853123022773 0.182129130271921 0.855481388388975 NA 0.19047619047619 0.375 "Uqcrc2_noRT" "non-targeting_noRT"
"11543" "Ippk" 2.60669394621356 -0.211282871080672 -0.181656203253477 0.855852538743502 NA 0.19047619047619 0.285714285714286 "Uqcrc2_noRT" "non-targeting_noRT"
"11544" "BC017158" 1.40250020280929 -0.288441694966814 -0.181363238017877 0.856082472144635 NA 0.0952380952380952 0.160714285714286 "Uqcrc2_noRT" "non-targeting_noRT"
"11545" "Rbm17" 63.4612268280929 -0.0458671659414969 -0.181320980323425 0.85611563905229 0.975073688032263 0.952380952380952 0.964285714285714 "Uqcrc2_noRT" "non-targeting_noRT"
"11546" "Spats1" 1.31191372963307 -0.306134293409062 -0.181285470516528 0.856143509924216 NA 0.0952380952380952 0.142857142857143 "Uqcrc2_noRT" "non-targeting_noRT"
"11547" "Sh3bgrl2" 0.599242874457637 0.426618966554459 0.181216045393525 0.856198000705328 NA 0.0476190476190476 0.0535714285714286 "Uqcrc2_noRT" "non-targeting_noRT"
"11548" "Fam83a" 0.599242874457637 0.426618966554459 0.181216045393525 0.856198000705328 NA 0.0476190476190476 0.0535714285714286 "Uqcrc2_noRT" "non-targeting_noRT"
"11549" "Cdc42ep2" 0.599242874457637 0.426618966554459 0.181216045393525 0.856198000705328 NA 0.0476190476190476 0.0535714285714286 "Uqcrc2_noRT" "non-targeting_noRT"
"11550" "Cops2" 41.2337839292917 0.0554086429812924 0.181118353179032 0.856274679081242 0.975073688032263 0.857142857142857 0.946428571428571 "Uqcrc2_noRT" "non-targeting_noRT"
"11551" "Smad5" 6.06021467806069 0.137362492091397 0.181008043431459 0.85636126255833 NA 0.380952380952381 0.339285714285714 "Uqcrc2_noRT" "non-targeting_noRT"
"11552" "A530040E14Rik" 5.44528506426569 0.153781739085973 0.180951343951787 0.856405767349775 NA 0.380952380952381 0.375 "Uqcrc2_noRT" "non-targeting_noRT"
"11553" "Rc3h2" 13.6604483700009 -0.0905481325849138 -0.180898549260083 0.856447207589335 0.975073688032263 0.476190476190476 0.714285714285714 "Uqcrc2_noRT" "non-targeting_noRT"
"11554" "Ndufb9" 477.827126329039 0.0232612725315794 0.180808708414098 0.85651772744822 0.975073688032263 1 1 "Uqcrc2_noRT" "non-targeting_noRT"
"11555" "Brwd3" 3.52612204112044 -0.184274937775613 -0.180791924270881 0.856530902155215 NA 0.19047619047619 0.303571428571429 "Uqcrc2_noRT" "non-targeting_noRT"
"11556" "Ap3s1" 18.9691776247021 -0.0780352135630774 -0.180558100499743 0.856714446193973 0.975073688032263 0.571428571428571 0.767857142857143 "Uqcrc2_noRT" "non-targeting_noRT"
"11557" "Ankrd24" 17.7262561943732 -0.0832560506208773 -0.180436826069981 0.856809645720824 0.975073688032263 0.619047619047619 0.767857142857143 "Uqcrc2_noRT" "non-targeting_noRT"
"11558" "Pip4p1" 20.1238705427619 0.0780614502064789 0.180303548062638 0.856914270369602 0.975073688032263 0.666666666666667 0.732142857142857 "Uqcrc2_noRT" "non-targeting_noRT"
"11559" "Lin52" 1.12278652946244 0.303438231287652 0.180255147611263 0.856952265859479 NA 0.0952380952380952 0.0892857142857143 "Uqcrc2_noRT" "non-targeting_noRT"
"11560" "Grk5" 2.86631428023005 -0.205018550636985 -0.180204213578125 0.856992250628453 NA 0.142857142857143 0.214285714285714 "Uqcrc2_noRT" "non-targeting_noRT"
"11561" "Gabrd" 0.586526895894497 0.426562234932384 0.180159057332991 0.857027699964602 NA 0.0476190476190476 0.0535714285714286 "Uqcrc2_noRT" "non-targeting_noRT"
"11562" "Ndst2" 0.586526895894497 0.426562234932384 0.180159057332991 0.857027699964602 NA 0.0476190476190476 0.0357142857142857 "Uqcrc2_noRT" "non-targeting_noRT"
"11563" "Tro" 0.586526895894497 0.426562234932384 0.180159057332991 0.857027699964602 NA 0.0476190476190476 0.0535714285714286 "Uqcrc2_noRT" "non-targeting_noRT"
"11564" "Sh3glb2" 9.13865882663427 -0.116878973876188 -0.180122455977274 0.857056433605193 NA 0.428571428571429 0.607142857142857 "Uqcrc2_noRT" "non-targeting_noRT"
"11565" "Nsrp1" 43.2603200096929 0.0550461723903126 0.180083065720305 0.857087356865013 0.975073688032263 0.904761904761905 0.982142857142857 "Uqcrc2_noRT" "non-targeting_noRT"
"11566" "Cyc1" 161.834776377821 -0.0364757439982982 -0.179957217032611 0.857186155650799 0.975073688032263 0.952380952380952 1 "Uqcrc2_noRT" "non-targeting_noRT"
"11567" "Gm1976" 1.13819060402721 0.308286627932266 0.17992137072345 0.857214297568052 NA 0.0952380952380952 0.107142857142857 "Uqcrc2_noRT" "non-targeting_noRT"
"11568" "Gigyf2" 13.8523688534442 -0.0918330890974751 -0.17947105234019 0.857567845166697 0.975073688032263 0.476190476190476 0.678571428571429 "Uqcrc2_noRT" "non-targeting_noRT"
"11569" "Gsk3a" 13.6996819432705 -0.0906936312376854 -0.179302521171969 0.857700167325198 0.975073688032263 0.714285714285714 0.714285714285714 "Uqcrc2_noRT" "non-targeting_noRT"
"11570" "Il7" 1.14240331609721 0.300994785869895 0.179301886705799 0.857700665483536 NA 0.0952380952380952 0.107142857142857 "Uqcrc2_noRT" "non-targeting_noRT"
"11571" "Neurl1a" 1.14240331609721 0.300994785869895 0.179301886705799 0.857700665483536 NA 0.0952380952380952 0.0892857142857143 "Uqcrc2_noRT" "non-targeting_noRT"
"11572" "Pigc" 2.32627155283378 0.20888459536825 0.17925901425722 0.857734327406045 NA 0.142857142857143 0.232142857142857 "Uqcrc2_noRT" "non-targeting_noRT"
"11573" "Cpm" 12.7016214427537 -0.0968423185805873 -0.179003141234325 0.857935235184743 0.975073688032263 0.333333333333333 0.553571428571429 "Uqcrc2_noRT" "non-targeting_noRT"
"11574" "Sipa1l1" 16.386081009856 -0.0826101315867126 -0.178970119092943 0.857961164360916 0.975073688032263 0.619047619047619 0.642857142857143 "Uqcrc2_noRT" "non-targeting_noRT"
"11575" "Snap23" 11.1853328278887 0.106170407953664 0.178934253989843 0.857989326020651 NA 0.571428571428571 0.678571428571429 "Uqcrc2_noRT" "non-targeting_noRT"
"11576" "Med24" 4.2716604670065 0.161357623670555 0.178862927230537 0.858045333086415 NA 0.285714285714286 0.321428571428571 "Uqcrc2_noRT" "non-targeting_noRT"
"11577" "Dpy19l3" 4.23453324977195 0.160819272280704 0.17880974358691 0.858087094313538 NA 0.285714285714286 0.285714285714286 "Uqcrc2_noRT" "non-targeting_noRT"
"11578" "Gpatch11" 10.9267202890992 0.0985355801705847 0.178672514196842 0.858194852354973 NA 0.571428571428571 0.571428571428571 "Uqcrc2_noRT" "non-targeting_noRT"
"11579" "Zbtb48" 1.39770575077266 -0.281318761611584 -0.178564367834625 0.858279775093831 NA 0.0952380952380952 0.142857142857143 "Uqcrc2_noRT" "non-targeting_noRT"
"11580" "Gstm1" 1.39559939473766 -0.27810137345157 -0.178553802504239 0.858288071686397 NA 0.0952380952380952 0.107142857142857 "Uqcrc2_noRT" "non-targeting_noRT"
"11581" "Prmt7" 11.7824584118149 0.0965384697567039 0.178302232857141 0.858485625346485 NA 0.666666666666667 0.696428571428571 "Uqcrc2_noRT" "non-targeting_noRT"
"11582" "Ganab" 41.9359508343861 -0.0584190895016257 -0.17819867933365 0.858566946863917 0.975493338875615 0.904761904761905 0.839285714285714 "Uqcrc2_noRT" "non-targeting_noRT"
"11583" "Cacna1a" 1.99133827715822 -0.233114383719499 -0.178156792911048 0.858599841076269 NA 0.142857142857143 0.214285714285714 "Uqcrc2_noRT" "non-targeting_noRT"
"11584" "Slain2" 11.2673381922186 0.0988842164431139 0.1781460574819 0.858608271854539 NA 0.571428571428571 0.607142857142857 "Uqcrc2_noRT" "non-targeting_noRT"
"11585" "Ankrd12" 10.6997794351355 0.109166321052886 0.17812042400548 0.858628402475596 NA 0.476190476190476 0.517857142857143 "Uqcrc2_noRT" "non-targeting_noRT"
"11586" "Cnpy4" 7.54493243913446 -0.124863687877048 -0.177872727050606 0.858822929928133 NA 0.380952380952381 0.553571428571429 "Uqcrc2_noRT" "non-targeting_noRT"
"11587" "Prkacb" 7.41201821482951 0.119096804064402 0.177780202683431 0.858895595634576 NA 0.476190476190476 0.535714285714286 "Uqcrc2_noRT" "non-targeting_noRT"
"11588" "Fbxo21" 5.24122329205098 -0.14330221966027 -0.177688798061125 0.858967383102557 NA 0.285714285714286 0.428571428571429 "Uqcrc2_noRT" "non-targeting_noRT"
"11589" "Ubxn7" 4.35105557768794 0.158788172517759 0.177539054911171 0.85908499107026 NA 0.142857142857143 0.339285714285714 "Uqcrc2_noRT" "non-targeting_noRT"
"11590" "1700021F05Rik" 20.3034775665183 -0.0754169691145671 -0.1775213046441 0.859098932301519 0.975493338875615 0.714285714285714 0.732142857142857 "Uqcrc2_noRT" "non-targeting_noRT"
"11591" "Rnf167" 6.72053925979247 0.126710450938061 0.177443123355819 0.859160337163513 NA 0.380952380952381 0.482142857142857 "Uqcrc2_noRT" "non-targeting_noRT"
"11592" "Rfx3" 3.5514797188749 0.176608651565153 0.177401024099497 0.859193402960588 NA 0.238095238095238 0.267857142857143 "Uqcrc2_noRT" "non-targeting_noRT"
"11593" "Agbl3" 3.32113935493827 -0.186129744343407 -0.177381344843882 0.859208859619339 NA 0.19047619047619 0.267857142857143 "Uqcrc2_noRT" "non-targeting_noRT"
"11594" "Vrk3" 13.2339607727277 0.0966452051815395 0.177364096761514 0.859222406808401 0.975493338875615 0.619047619047619 0.660714285714286 "Uqcrc2_noRT" "non-targeting_noRT"
"11595" "Ucp2" 6.63880206275736 -0.127801137345432 -0.177321575114821 0.859255804830738 NA 0.333333333333333 0.482142857142857 "Uqcrc2_noRT" "non-targeting_noRT"
"11596" "Ficd" 1.98923192112323 -0.230711830093943 -0.17731230060043 0.859263089399551 NA 0.142857142857143 0.232142857142857 "Uqcrc2_noRT" "non-targeting_noRT"
"11597" "Mtln" 49.5216817310043 -0.0493273193220113 -0.177299206987468 0.859273373659163 0.975493338875615 0.952380952380952 0.982142857142857 "Uqcrc2_noRT" "non-targeting_noRT"
"11598" "Rbl2" 3.10783308343357 0.18990013382411 0.177232566040966 0.85932571655646 NA 0.19047619047619 0.25 "Uqcrc2_noRT" "non-targeting_noRT"
"11599" "Dennd5b" 1.85459761857705 0.260012576932281 0.177060078741589 0.859461198970112 NA 0.0952380952380952 0.178571428571429 "Uqcrc2_noRT" "non-targeting_noRT"
"11600" "Ttc21b" 5.96802574646296 0.130898584556876 0.177012217985734 0.859498792562615 NA 0.380952380952381 0.428571428571429 "Uqcrc2_noRT" "non-targeting_noRT"
"11601" "Plekhm3" 0.253196078640449 -0.527113084504329 -0.176697986792172 0.859745622300829 NA 0 0.0535714285714286 "Uqcrc2_noRT" "non-targeting_noRT"
"11602" "C430014B12Rik" 0.253196078640449 -0.527113084504329 -0.176697986792172 0.859745622300829 NA 0 0.0535714285714286 "Uqcrc2_noRT" "non-targeting_noRT"
"11603" "Dner" 0.253196078640449 -0.527113084504329 -0.176697986792172 0.859745622300829 NA 0 0.0535714285714286 "Uqcrc2_noRT" "non-targeting_noRT"
"11604" "Ngef" 0.253196078640449 -0.527113084504329 -0.176697986792172 0.859745622300829 NA 0 0.0535714285714286 "Uqcrc2_noRT" "non-targeting_noRT"
"11605" "Bok" 0.253196078640449 -0.527113084504329 -0.176697986792172 0.859745622300829 NA 0 0.0535714285714286 "Uqcrc2_noRT" "non-targeting_noRT"
"11606" "Ifi207" 0.253196078640449 -0.527113084504329 -0.176697986792172 0.859745622300829 NA 0 0.0535714285714286 "Uqcrc2_noRT" "non-targeting_noRT"
"11607" "Phf19" 0.253196078640449 -0.527113084504329 -0.176697986792172 0.859745622300829 NA 0 0.0535714285714286 "Uqcrc2_noRT" "non-targeting_noRT"
"11608" "Lrp4" 0.253196078640449 -0.527113084504329 -0.176697986792172 0.859745622300829 NA 0 0.0535714285714286 "Uqcrc2_noRT" "non-targeting_noRT"
"11609" "Fsip1" 0.253196078640449 -0.527113084504329 -0.176697986792172 0.859745622300829 NA 0 0.0535714285714286 "Uqcrc2_noRT" "non-targeting_noRT"
"11610" "Ada" 0.253196078640449 -0.527113084504329 -0.176697986792172 0.859745622300829 NA 0 0.0535714285714286 "Uqcrc2_noRT" "non-targeting_noRT"
"11611" "Gm14443" 0.253196078640449 -0.527113084504329 -0.176697986792172 0.859745622300829 NA 0 0.0535714285714286 "Uqcrc2_noRT" "non-targeting_noRT"
"11612" "Thbs3" 0.253196078640449 -0.527113084504329 -0.176697986792172 0.859745622300829 NA 0 0.0535714285714286 "Uqcrc2_noRT" "non-targeting_noRT"
"11613" "Gm43066" 0.253196078640449 -0.527113084504329 -0.176697986792172 0.859745622300829 NA 0 0.0535714285714286 "Uqcrc2_noRT" "non-targeting_noRT"
"11614" "Hpdl" 0.253196078640449 -0.527113084504329 -0.176697986792172 0.859745622300829 NA 0 0.0535714285714286 "Uqcrc2_noRT" "non-targeting_noRT"
"11615" "Fndc5" 0.253196078640449 -0.527113084504329 -0.176697986792172 0.859745622300829 NA 0 0.0535714285714286 "Uqcrc2_noRT" "non-targeting_noRT"
"11616" "Pla2g2c" 0.253196078640449 -0.527113084504329 -0.176697986792172 0.859745622300829 NA 0 0.0535714285714286 "Uqcrc2_noRT" "non-targeting_noRT"
"11617" "1500002C15Rik" 0.253196078640449 -0.527113084504329 -0.176697986792172 0.859745622300829 NA 0 0.0535714285714286 "Uqcrc2_noRT" "non-targeting_noRT"
"11618" "Rasal1" 0.253196078640449 -0.527113084504329 -0.176697986792172 0.859745622300829 NA 0 0.0535714285714286 "Uqcrc2_noRT" "non-targeting_noRT"
"11619" "Fam71f2" 0.253196078640449 -0.527113084504329 -0.176697986792172 0.859745622300829 NA 0 0.0535714285714286 "Uqcrc2_noRT" "non-targeting_noRT"
"11620" "Hoxa1" 0.253196078640449 -0.527113084504329 -0.176697986792172 0.859745622300829 NA 0 0.0535714285714286 "Uqcrc2_noRT" "non-targeting_noRT"
"11621" "Vax2" 0.253196078640449 -0.527113084504329 -0.176697986792172 0.859745622300829 NA 0 0.0535714285714286 "Uqcrc2_noRT" "non-targeting_noRT"
"11622" "Pde3a" 0.253196078640449 -0.527113084504329 -0.176697986792172 0.859745622300829 NA 0 0.0535714285714286 "Uqcrc2_noRT" "non-targeting_noRT"
"11623" "Ckm" 0.253196078640449 -0.527113084504329 -0.176697986792172 0.859745622300829 NA 0 0.0535714285714286 "Uqcrc2_noRT" "non-targeting_noRT"
"11624" "9530053A07Rik" 0.253196078640449 -0.527113084504329 -0.176697986792172 0.859745622300829 NA 0 0.0535714285714286 "Uqcrc2_noRT" "non-targeting_noRT"
"11625" "Gm38414" 0.253196078640449 -0.527113084504329 -0.176697986792172 0.859745622300829 NA 0 0.0535714285714286 "Uqcrc2_noRT" "non-targeting_noRT"
"11626" "Nxpe4" 0.253196078640449 -0.527113084504329 -0.176697986792172 0.859745622300829 NA 0 0.0535714285714286 "Uqcrc2_noRT" "non-targeting_noRT"
"11627" "4930579K19Rik" 0.253196078640449 -0.527113084504329 -0.176697986792172 0.859745622300829 NA 0 0.0535714285714286 "Uqcrc2_noRT" "non-targeting_noRT"
"11628" "Plxnb1" 0.253196078640449 -0.527113084504329 -0.176697986792172 0.859745622300829 NA 0 0.0535714285714286 "Uqcrc2_noRT" "non-targeting_noRT"
"11629" "H60c" 0.253196078640449 -0.527113084504329 -0.176697986792172 0.859745622300829 NA 0 0.0535714285714286 "Uqcrc2_noRT" "non-targeting_noRT"
"11630" "Map3k5" 0.253196078640449 -0.527113084504329 -0.176697986792172 0.859745622300829 NA 0 0.0535714285714286 "Uqcrc2_noRT" "non-targeting_noRT"
"11631" "Gm20300" 0.253196078640449 -0.527113084504329 -0.176697986792172 0.859745622300829 NA 0 0.0535714285714286 "Uqcrc2_noRT" "non-targeting_noRT"
"11632" "Rfx6" 0.253196078640449 -0.527113084504329 -0.176697986792172 0.859745622300829 NA 0 0.0535714285714286 "Uqcrc2_noRT" "non-targeting_noRT"
"11633" "Glt8d2" 0.253196078640449 -0.527113084504329 -0.176697986792172 0.859745622300829 NA 0 0.0535714285714286 "Uqcrc2_noRT" "non-targeting_noRT"
"11634" "Dcn" 0.253196078640449 -0.527113084504329 -0.176697986792172 0.859745622300829 NA 0 0.0535714285714286 "Uqcrc2_noRT" "non-targeting_noRT"
"11635" "Inpp5j" 0.253196078640449 -0.527113084504329 -0.176697986792172 0.859745622300829 NA 0 0.0535714285714286 "Uqcrc2_noRT" "non-targeting_noRT"
"11636" "Tlx3" 0.253196078640449 -0.527113084504329 -0.176697986792172 0.859745622300829 NA 0 0.0535714285714286 "Uqcrc2_noRT" "non-targeting_noRT"
"11637" "Hist1h4n" 0.253196078640449 -0.527113084504329 -0.176697986792172 0.859745622300829 NA 0 0.0535714285714286 "Uqcrc2_noRT" "non-targeting_noRT"
"11638" "Hist1h3g" 0.253196078640449 -0.527113084504329 -0.176697986792172 0.859745622300829 NA 0 0.0535714285714286 "Uqcrc2_noRT" "non-targeting_noRT"
"11639" "Gm7233" 0.253196078640449 -0.527113084504329 -0.176697986792172 0.859745622300829 NA 0 0.0535714285714286 "Uqcrc2_noRT" "non-targeting_noRT"
"11640" "5330426L24Rik" 0.253196078640449 -0.527113084504329 -0.176697986792172 0.859745622300829 NA 0 0.0535714285714286 "Uqcrc2_noRT" "non-targeting_noRT"
"11641" "Fbxo16" 0.253196078640449 -0.527113084504329 -0.176697986792172 0.859745622300829 NA 0 0.0535714285714286 "Uqcrc2_noRT" "non-targeting_noRT"
"11642" "Slitrk5" 0.253196078640449 -0.527113084504329 -0.176697986792172 0.859745622300829 NA 0 0.0535714285714286 "Uqcrc2_noRT" "non-targeting_noRT"
"11643" "Gm29394" 0.253196078640449 -0.527113084504329 -0.176697986792172 0.859745622300829 NA 0 0.0535714285714286 "Uqcrc2_noRT" "non-targeting_noRT"
"11644" "Gm41335" 0.253196078640449 -0.527113084504329 -0.176697986792172 0.859745622300829 NA 0 0.0535714285714286 "Uqcrc2_noRT" "non-targeting_noRT"
"11645" "Gm17597" 0.253196078640449 -0.527113084504329 -0.176697986792172 0.859745622300829 NA 0 0.0535714285714286 "Uqcrc2_noRT" "non-targeting_noRT"
"11646" "Itgb1bp2" 0.253196078640449 -0.527113084504329 -0.176697986792172 0.859745622300829 NA 0 0.0535714285714286 "Uqcrc2_noRT" "non-targeting_noRT"
"11647" "3010001F23Rik" 0.253196078640449 -0.527113084504329 -0.176697986792172 0.859745622300829 NA 0 0.0535714285714286 "Uqcrc2_noRT" "non-targeting_noRT"
"11648" "Glyr1" 11.3516055972898 0.103104796218228 0.176696943941426 0.859746441486689 NA 0.523809523809524 0.714285714285714 "Uqcrc2_noRT" "non-targeting_noRT"
"11649" "Rnf146" 9.23453681381347 -0.108645682128762 -0.176370963456258 0.860002514866371 NA 0.380952380952381 0.553571428571429 "Uqcrc2_noRT" "non-targeting_noRT"
"11650" "Gfer" 42.9482913864804 0.0528944928006122 0.176086559397231 0.860225939986735 0.975897277270014 0.857142857142857 0.964285714285714 "Uqcrc2_noRT" "non-targeting_noRT"
"11651" "Gm12866" 0.538365989602939 0.426340624414288 0.17594404793722 0.860337899841851 NA 0.0476190476190476 0.0535714285714286 "Uqcrc2_noRT" "non-targeting_noRT"
"11652" "Slc5a11" 0.538365989602939 0.426340624414288 0.17594404793722 0.860337899841851 NA 0.0476190476190476 0.0357142857142857 "Uqcrc2_noRT" "non-targeting_noRT"
"11653" "Rrad" 0.538365989602939 0.426340624414288 0.17594404793722 0.860337899841851 NA 0.0476190476190476 0.0357142857142857 "Uqcrc2_noRT" "non-targeting_noRT"
"11654" "Lrrc20" 0.538365989602939 0.426340624414288 0.17594404793722 0.860337899841851 NA 0.0476190476190476 0.0357142857142857 "Uqcrc2_noRT" "non-targeting_noRT"
"11655" "Tmem229b" 0.538365989602939 0.426340624414288 0.17594404793722 0.860337899841851 NA 0.0476190476190476 0.0535714285714286 "Uqcrc2_noRT" "non-targeting_noRT"
"11656" "Prmt1" 170.820275203668 0.0321469969321006 0.175871744172597 0.860394704199984 0.975897277270014 0.952380952380952 1 "Uqcrc2_noRT" "non-targeting_noRT"
"11657" "Sptbn1" 30.2069254226688 0.0635717381210109 0.175755733712118 0.860485847571238 0.975897277270014 0.857142857142857 0.732142857142857 "Uqcrc2_noRT" "non-targeting_noRT"
"11658" "Stat6" 4.23511498973859 0.161092993928133 0.175713848338431 0.86051875518256 NA 0.333333333333333 0.339285714285714 "Uqcrc2_noRT" "non-targeting_noRT"
"11659" "Fadd" 4.59884811940722 -0.159949245373939 -0.175696952242531 0.860532029817101 NA 0.238095238095238 0.392857142857143 "Uqcrc2_noRT" "non-targeting_noRT"
"11660" "Fam13c" 1.59977173659719 0.26251877895167 0.175672566403752 0.860551188933719 NA 0.0952380952380952 0.142857142857143 "Uqcrc2_noRT" "non-targeting_noRT"
"11661" "Dlg4" 1.59977173659719 0.26251877895167 0.175672566403752 0.860551188933719 NA 0.0952380952380952 0.125 "Uqcrc2_noRT" "non-targeting_noRT"
"11662" "Gne" 2.34378198343356 0.209455108064207 0.175387027406587 0.860775533228376 NA 0.19047619047619 0.178571428571429 "Uqcrc2_noRT" "non-targeting_noRT"
"11663" "Exoc3l4" 3.36769780280831 -0.177676397947275 -0.175217204474963 0.860908966237264 NA 0.238095238095238 0.267857142857143 "Uqcrc2_noRT" "non-targeting_noRT"
"11664" "Metrn" 72.173340509434 -0.0422392541175164 -0.174983335230729 0.861092728113163 0.975897277270014 1 0.982142857142857 "Uqcrc2_noRT" "non-targeting_noRT"
"11665" "Herpud1" 37.6256651746073 -0.0712378961098475 -0.174886273254951 0.861168996403053 0.975897277270014 0.761904761904762 0.821428571428571 "Uqcrc2_noRT" "non-targeting_noRT"
"11666" "Gmppb" 7.94353033081474 -0.11367293208614 -0.174829885848765 0.861213304472376 NA 0.428571428571429 0.535714285714286 "Uqcrc2_noRT" "non-targeting_noRT"
"11667" "Cd14" 5.98342982102773 0.131496471540853 0.174815141672055 0.861224890216613 NA 0.19047619047619 0.339285714285714 "Uqcrc2_noRT" "non-targeting_noRT"
"11668" "Gm48619" 9.37540654525612 0.114858027178568 0.174701841862437 0.861313920437205 NA 0.476190476190476 0.5 "Uqcrc2_noRT" "non-targeting_noRT"
"11669" "Ero1lb" 1.12758098149907 0.29395830665333 0.174636813233422 0.86136502028811 NA 0.0952380952380952 0.107142857142857 "Uqcrc2_noRT" "non-targeting_noRT"
"11670" "Rwdd3" 1.37176989603289 -0.272525343235045 -0.174620124236382 0.861378134686479 NA 0.0952380952380952 0.142857142857143 "Uqcrc2_noRT" "non-targeting_noRT"
"11671" "Prorp" 2.68558515928152 -0.195310365552085 -0.174423875357462 0.861532352091182 NA 0.19047619047619 0.232142857142857 "Uqcrc2_noRT" "non-targeting_noRT"
"11672" "Suco" 9.11114943264076 0.110568993548535 0.174342303928957 0.861596454566257 NA 0.476190476190476 0.589285714285714 "Uqcrc2_noRT" "non-targeting_noRT"
"11673" "Grsf1" 36.5244890643729 -0.0562559313245386 -0.174311397380881 0.861620742551538 0.975897277270014 0.80952380952381 0.892857142857143 "Uqcrc2_noRT" "non-targeting_noRT"
"11674" "Ephx4" 11.3869875946245 0.105799570016749 0.17426145334902 0.861659991465885 NA 0.428571428571429 0.589285714285714 "Uqcrc2_noRT" "non-targeting_noRT"
"11675" "Exosc8" 74.6334490329969 -0.0486376201450781 -0.174155184217264 0.861743505044178 0.975897277270014 0.80952380952381 0.964285714285714 "Uqcrc2_noRT" "non-targeting_noRT"
"11676" "Uvrag" 9.03320109567452 0.107283375945479 0.174144721967865 0.861751727081498 NA 0.428571428571429 0.535714285714286 "Uqcrc2_noRT" "non-targeting_noRT"
"11677" "Ndufs2" 60.8607785447487 0.0439107497503549 0.174109846281074 0.861779135176962 0.975897277270014 0.904761904761905 0.982142857142857 "Uqcrc2_noRT" "non-targeting_noRT"
"11678" "Rdh11" 4.28858915763963 0.164831308579507 0.173957386297436 0.861898952341958 NA 0.19047619047619 0.339285714285714 "Uqcrc2_noRT" "non-targeting_noRT"
"11679" "Wdr53" 3.96024469161375 -0.15890806886631 -0.173909016904726 0.861936966151382 NA 0.238095238095238 0.446428571428571 "Uqcrc2_noRT" "non-targeting_noRT"
"11680" "Camk2n2" 3.05539454594676 0.211098242721137 0.173596351997525 0.862182699175494 NA 0.238095238095238 0.232142857142857 "Uqcrc2_noRT" "non-targeting_noRT"
"11681" "Fam160a2" 2.34167562739856 0.211201079196481 0.173506478244746 0.862253336207443 NA 0.19047619047619 0.196428571428571 "Uqcrc2_noRT" "non-targeting_noRT"
"11682" "Zdhhc4" 4.58773459926559 -0.154013294714634 -0.173344968116795 0.862380279219023 NA 0.333333333333333 0.375 "Uqcrc2_noRT" "non-targeting_noRT"
"11683" "Acp6" 7.06863415882752 -0.124111363502668 -0.17306322401377 0.862601731700876 NA 0.380952380952381 0.535714285714286 "Uqcrc2_noRT" "non-targeting_noRT"
"11684" "Etfa" 44.9520158284475 0.0505017037118072 0.173041173854233 0.862619063708654 0.975897277270014 0.904761904761905 1 "Uqcrc2_noRT" "non-targeting_noRT"
"11685" "Mapkap1" 15.9277625562669 0.0805790688463493 0.173035457222523 0.86262355714296 0.975897277270014 0.714285714285714 0.732142857142857 "Uqcrc2_noRT" "non-targeting_noRT"
"11686" "Ncan" 0.604037326494271 0.406717888916984 0.173007754152225 0.862645332603173 NA 0.0476190476190476 0.0535714285714286 "Uqcrc2_noRT" "non-targeting_noRT"
"11687" "Osgin1" 0.604037326494271 0.406717888916984 0.173007754152225 0.862645332603173 NA 0.0476190476190476 0.0357142857142857 "Uqcrc2_noRT" "non-targeting_noRT"
"11688" "Sphk1" 0.604037326494271 0.406717888916984 0.173007754152225 0.862645332603173 NA 0.0476190476190476 0.0357142857142857 "Uqcrc2_noRT" "non-targeting_noRT"
"11689" "Gm6121" 0.604037326494271 0.406717888916984 0.173007754152225 0.862645332603173 NA 0.0476190476190476 0.0357142857142857 "Uqcrc2_noRT" "non-targeting_noRT"
"11690" "Chl1" 129.344999690202 -0.038110904562938 -0.17297707811814 0.862669445025581 0.975897277270014 1 0.982142857142857 "Uqcrc2_noRT" "non-targeting_noRT"
"11691" "Edem2" 12.8586863240683 -0.0935576011284353 -0.172954443797211 0.862687236465703 0.975897277270014 0.571428571428571 0.75 "Uqcrc2_noRT" "non-targeting_noRT"
"11692" "Riok2" 13.752055561632 -0.0869755431161448 -0.172894229160925 0.862734567807085 0.975897277270014 0.523809523809524 0.625 "Uqcrc2_noRT" "non-targeting_noRT"
"11693" "Hey1" 1.12547462546407 0.296766306572843 0.172725230813447 0.862867410541617 NA 0.0952380952380952 0.0714285714285714 "Uqcrc2_noRT" "non-targeting_noRT"
"11694" "Ino80" 6.66574372399263 -0.124367671274572 -0.172614306292168 0.862954605909065 NA 0.428571428571429 0.464285714285714 "Uqcrc2_noRT" "non-targeting_noRT"
"11695" "Pigu" 5.24928758005589 -0.148835444738815 -0.172581737943792 0.862980207500544 NA 0.333333333333333 0.428571428571429 "Uqcrc2_noRT" "non-targeting_noRT"
"11696" "Plscr1" 75.4981153577776 -0.0545427556315152 -0.172393509747883 0.863128174265957 0.975897277270014 0.904761904761905 0.964285714285714 "Uqcrc2_noRT" "non-targeting_noRT"
"11697" "Col9a2" 110.511128039242 0.0386378235904146 0.172344431480482 0.863166755632733 0.975897277270014 1 0.982142857142857 "Uqcrc2_noRT" "non-targeting_noRT"
"11698" "Zfp354c" 1.12968733753407 0.290000686201074 0.172293341204595 0.863206919024626 NA 0.0952380952380952 0.107142857142857 "Uqcrc2_noRT" "non-targeting_noRT"
"11699" "Sorbs3" 1.12968733753407 0.290000686201074 0.172293341204595 0.863206919024626 NA 0.0952380952380952 0.107142857142857 "Uqcrc2_noRT" "non-targeting_noRT"
"11700" "Chrna1os" 0.591321347931131 0.406568336395805 0.171968028924361 0.86346266373964 NA 0.0476190476190476 0.0357142857142857 "Uqcrc2_noRT" "non-targeting_noRT"
"11701" "A530017D24Rik" 0.591321347931131 0.406568336395805 0.171968028924361 0.86346266373964 NA 0.0476190476190476 0.0535714285714286 "Uqcrc2_noRT" "non-targeting_noRT"
"11702" "4933427D14Rik" 0.591321347931131 0.406568336395805 0.171968028924361 0.86346266373964 NA 0.0476190476190476 0.0535714285714286 "Uqcrc2_noRT" "non-targeting_noRT"
"11703" "Klf8" 0.591321347931131 0.406568336395805 0.171968028924361 0.86346266373964 NA 0.0476190476190476 0.0535714285714286 "Uqcrc2_noRT" "non-targeting_noRT"
"11704" "Als2" 1.38659223063103 -0.265697371435301 -0.171855083103776 0.863551459605669 NA 0.0952380952380952 0.142857142857143 "Uqcrc2_noRT" "non-targeting_noRT"
"11705" "Zc3h12a" 1.38659223063103 -0.265697371435301 -0.171855083103776 0.863551459605669 NA 0.0952380952380952 0.160714285714286 "Uqcrc2_noRT" "non-targeting_noRT"
"11706" "Vps8" 1.38659223063103 -0.265697371435301 -0.171855083103776 0.863551459605669 NA 0.0952380952380952 0.142857142857143 "Uqcrc2_noRT" "non-targeting_noRT"
"11707" "Wsb2" 24.6426019086367 0.0692195933991312 0.171808628949426 0.863587981482716 0.97590517066278 0.666666666666667 0.785714285714286 "Uqcrc2_noRT" "non-targeting_noRT"
"11708" "Ctnna1" 38.1541866364769 -0.0628404420520149 -0.171735574530763 0.863645416860102 0.97590517066278 0.666666666666667 0.928571428571429 "Uqcrc2_noRT" "non-targeting_noRT"
"11709" "Utp15" 9.86350726126397 0.101860393710021 0.17133378234982 0.863961318708812 NA 0.571428571428571 0.589285714285714 "Uqcrc2_noRT" "non-targeting_noRT"
"11710" "Arhgef4" 0.262203242747079 -0.571361105081511 -0.171315783672782 0.863975470352995 NA 0 0.0535714285714286 "Uqcrc2_noRT" "non-targeting_noRT"
"11711" "Enah" 0.262203242747079 -0.571361105081511 -0.171315783672782 0.863975470352995 NA 0 0.0357142857142857 "Uqcrc2_noRT" "non-targeting_noRT"
"11712" "Plxna2" 0.262203242747079 -0.571361105081511 -0.171315783672782 0.863975470352995 NA 0 0.0535714285714286 "Uqcrc2_noRT" "non-targeting_noRT"
"11713" "Ccdc148" 0.262203242747079 -0.571361105081511 -0.171315783672782 0.863975470352995 NA 0 0.0357142857142857 "Uqcrc2_noRT" "non-targeting_noRT"
"11714" "Ccdc9b" 0.262203242747079 -0.571361105081511 -0.171315783672782 0.863975470352995 NA 0 0.0357142857142857 "Uqcrc2_noRT" "non-targeting_noRT"
"11715" "3300002I08Rik" 0.262203242747079 -0.571361105081511 -0.171315783672782 0.863975470352995 NA 0 0.0535714285714286 "Uqcrc2_noRT" "non-targeting_noRT"
"11716" "Gm14325" 0.262203242747079 -0.571361105081511 -0.171315783672782 0.863975470352995 NA 0 0.0535714285714286 "Uqcrc2_noRT" "non-targeting_noRT"
"11717" "Lysmd1" 0.262203242747079 -0.571361105081511 -0.171315783672782 0.863975470352995 NA 0 0.0535714285714286 "Uqcrc2_noRT" "non-targeting_noRT"
"11718" "Gm5861" 0.262203242747079 -0.571361105081511 -0.171315783672782 0.863975470352995 NA 0 0.0535714285714286 "Uqcrc2_noRT" "non-targeting_noRT"
"11719" "Gm15728" 0.262203242747079 -0.571361105081511 -0.171315783672782 0.863975470352995 NA 0 0.0535714285714286 "Uqcrc2_noRT" "non-targeting_noRT"
"11720" "Dtx1" 0.262203242747079 -0.571361105081511 -0.171315783672782 0.863975470352995 NA 0 0.0357142857142857 "Uqcrc2_noRT" "non-targeting_noRT"
"11721" "AV356131" 0.262203242747079 -0.571361105081511 -0.171315783672782 0.863975470352995 NA 0 0.0535714285714286 "Uqcrc2_noRT" "non-targeting_noRT"
"11722" "Gm10131" 0.262203242747079 -0.571361105081511 -0.171315783672782 0.863975470352995 NA 0 0.0535714285714286 "Uqcrc2_noRT" "non-targeting_noRT"
"11723" "Zfp202" 0.262203242747079 -0.571361105081511 -0.171315783672782 0.863975470352995 NA 0 0.0535714285714286 "Uqcrc2_noRT" "non-targeting_noRT"
"11724" "Gm26631" 0.262203242747079 -0.571361105081511 -0.171315783672782 0.863975470352995 NA 0 0.0535714285714286 "Uqcrc2_noRT" "non-targeting_noRT"
"11725" "Myb" 0.262203242747079 -0.571361105081511 -0.171315783672782 0.863975470352995 NA 0 0.0535714285714286 "Uqcrc2_noRT" "non-targeting_noRT"
"11726" "Zfp433" 0.262203242747079 -0.571361105081511 -0.171315783672782 0.863975470352995 NA 0 0.0357142857142857 "Uqcrc2_noRT" "non-targeting_noRT"
"11727" "Avil" 0.262203242747079 -0.571361105081511 -0.171315783672782 0.863975470352995 NA 0 0.0357142857142857 "Uqcrc2_noRT" "non-targeting_noRT"
"11728" "Acot4" 0.262203242747079 -0.571361105081511 -0.171315783672782 0.863975470352995 NA 0 0.0535714285714286 "Uqcrc2_noRT" "non-targeting_noRT"
"11729" "Arvcf" 0.262203242747079 -0.571361105081511 -0.171315783672782 0.863975470352995 NA 0 0.0535714285714286 "Uqcrc2_noRT" "non-targeting_noRT"
"11730" "Nrros" 0.262203242747079 -0.571361105081511 -0.171315783672782 0.863975470352995 NA 0 0.0535714285714286 "Uqcrc2_noRT" "non-targeting_noRT"
"11731" "Zfp54" 0.262203242747079 -0.571361105081511 -0.171315783672782 0.863975470352995 NA 0 0.0535714285714286 "Uqcrc2_noRT" "non-targeting_noRT"
"11732" "H2-Q10" 0.262203242747079 -0.571361105081511 -0.171315783672782 0.863975470352995 NA 0 0.0535714285714286 "Uqcrc2_noRT" "non-targeting_noRT"
"11733" "Runx2os2" 0.262203242747079 -0.571361105081511 -0.171315783672782 0.863975470352995 NA 0 0.0357142857142857 "Uqcrc2_noRT" "non-targeting_noRT"
"11734" "Wdr54" 2.69575580332142 -0.206258891347033 -0.170986628260661 0.864234279858685 NA 0.19047619047619 0.214285714285714 "Uqcrc2_noRT" "non-targeting_noRT"
"11735" "Thg1l" 6.90379880330487 0.125633878258979 0.170868206304903 0.864327396666048 NA 0.476190476190476 0.5 "Uqcrc2_noRT" "non-targeting_noRT"
"11736" "A930005H10Rik" 10.3734670457728 0.0971937618135496 0.170561713290682 0.864568405070907 NA 0.380952380952381 0.625 "Uqcrc2_noRT" "non-targeting_noRT"
"11737" "Hist1h2bg" 1.85038490650706 0.277360951488941 0.170501052005114 0.86461610709668 NA 0.0952380952380952 0.107142857142857 "Uqcrc2_noRT" "non-targeting_noRT"
"11738" "Fubp1" 87.0701833112292 -0.0403662072543002 -0.170437119653995 0.864666381914055 0.976264275797625 0.952380952380952 0.946428571428571 "Uqcrc2_noRT" "non-targeting_noRT"
"11739" "Gstz1" 5.45653649897004 0.137246416905307 0.17022039835255 0.864836810252387 NA 0.333333333333333 0.357142857142857 "Uqcrc2_noRT" "non-targeting_noRT"
"11740" "Bckdhb" 3.55677806852502 0.162630372303196 0.170122165149718 0.864914062328216 NA 0.285714285714286 0.267857142857143 "Uqcrc2_noRT" "non-targeting_noRT"
"11741" "2810002D19Rik" 2.34007316897705 0.196661124329013 0.170116619989327 0.864918423164684 NA 0.19047619047619 0.196428571428571 "Uqcrc2_noRT" "non-targeting_noRT"
"11742" "Slc25a22" 3.95545023957712 -0.156807563099574 -0.170065455215173 0.864958660465933 NA 0.238095238095238 0.321428571428571 "Uqcrc2_noRT" "non-targeting_noRT"
"11743" "Slc39a7" 25.4687408433367 -0.0649414526280813 -0.169936587630821 0.86506000681734 0.976264275797625 0.80952380952381 0.910714285714286 "Uqcrc2_noRT" "non-targeting_noRT"
"11744" "Zdhhc2" 19.1058921916849 0.0790464270471421 0.16984455251506 0.865132388078446 0.976264275797625 0.666666666666667 0.767857142857143 "Uqcrc2_noRT" "non-targeting_noRT"
"11745" "Lpcat3" 5.49264299774972 0.129982947246938 0.169838370401538 0.865137250058596 NA 0.285714285714286 0.357142857142857 "Uqcrc2_noRT" "non-targeting_noRT"
"11746" "Clu" 7.89960012126451 0.111841962789216 0.169821852661454 0.865150240612544 NA 0.333333333333333 0.535714285714286 "Uqcrc2_noRT" "non-targeting_noRT"
"11747" "Anapc11" 109.512031890973 -0.0335335823141673 -0.169742953632629 0.865212292103131 0.976264275797625 1 1 "Uqcrc2_noRT" "non-targeting_noRT"
"11748" "Etfdh" 5.92806546848916 -0.127298956964065 -0.16958018792076 0.865340304606065 NA 0.333333333333333 0.446428571428571 "Uqcrc2_noRT" "non-targeting_noRT"
"11749" "Rxra" 0.606143682529269 0.398388894417976 0.169570245111057 0.865348124573712 NA 0.0476190476190476 0.0535714285714286 "Uqcrc2_noRT" "non-targeting_noRT"
"11750" "Ksr1" 0.606143682529269 0.398388894417976 0.169570245111057 0.865348124573712 NA 0.0476190476190476 0.0535714285714286 "Uqcrc2_noRT" "non-targeting_noRT"
"11751" "2410022M11Rik" 0.606143682529269 0.398388894417976 0.169570245111057 0.865348124573712 NA 0.0476190476190476 0.0535714285714286 "Uqcrc2_noRT" "non-targeting_noRT"
"11752" "Gm49494" 0.606143682529269 0.398388894417976 0.169570245111057 0.865348124573712 NA 0.0476190476190476 0.0357142857142857 "Uqcrc2_noRT" "non-targeting_noRT"
"11753" "Prelid2" 5.57851286124246 0.143047918565162 0.169562961229895 0.865353853316384 NA 0.285714285714286 0.214285714285714 "Uqcrc2_noRT" "non-targeting_noRT"
"11754" "Flnb" 20.8717174535738 0.0763279284824984 0.169317103987608 0.865547223177563 0.976264275797625 0.666666666666667 0.678571428571429 "Uqcrc2_noRT" "non-targeting_noRT"
"11755" "Ankrd13a" 2.5907859740353 -0.201012823717543 -0.169007681855003 0.86579059907604 NA 0.142857142857143 0.267857142857143 "Uqcrc2_noRT" "non-targeting_noRT"
"11756" "Usp38" 5.44440226037354 0.134290107447154 0.168798675587946 0.865955000104942 NA 0.333333333333333 0.410714285714286 "Uqcrc2_noRT" "non-targeting_noRT"
"11757" "Ythdf1" 12.5061627415196 -0.0920749385672485 -0.168719114384757 0.866017583215461 NA 0.571428571428571 0.660714285714286 "Uqcrc2_noRT" "non-targeting_noRT"
"11758" "Ndufv1" 33.3614836969313 -0.0577649217852852 -0.168615329550945 0.866099221978089 0.976264275797625 0.761904761904762 0.910714285714286 "Uqcrc2_noRT" "non-targeting_noRT"
"11759" "Iba57" 1.36486908796126 -0.263017006389716 -0.168556446412054 0.866145541005199 NA 0.0952380952380952 0.160714285714286 "Uqcrc2_noRT" "non-targeting_noRT"
"11760" "D630003M21Rik" 0.593427703966129 0.398197098866855 0.168536152294214 0.866161504999055 NA 0.0476190476190476 0.0357142857142857 "Uqcrc2_noRT" "non-targeting_noRT"
"11761" "Kcnab1" 0.593427703966129 0.398197098866855 0.168536152294214 0.866161504999055 NA 0.0476190476190476 0.0535714285714286 "Uqcrc2_noRT" "non-targeting_noRT"
"11762" "Mfsd7a" 0.593427703966129 0.398197098866855 0.168536152294214 0.866161504999055 NA 0.0476190476190476 0.0357142857142857 "Uqcrc2_noRT" "non-targeting_noRT"
"11763" "Gm6598" 0.593427703966129 0.398197098866855 0.168536152294214 0.866161504999055 NA 0.0476190476190476 0.0535714285714286 "Uqcrc2_noRT" "non-targeting_noRT"
"11764" "Zfp974" 0.593427703966129 0.398197098866855 0.168536152294214 0.866161504999055 NA 0.0476190476190476 0.0535714285714286 "Uqcrc2_noRT" "non-targeting_noRT"
"11765" "Tspan32os" 0.593427703966129 0.398197098866855 0.168536152294214 0.866161504999055 NA 0.0476190476190476 0.0535714285714286 "Uqcrc2_noRT" "non-targeting_noRT"
"11766" "4930578M07Rik" 0.593427703966129 0.398197098866855 0.168536152294214 0.866161504999055 NA 0.0476190476190476 0.0535714285714286 "Uqcrc2_noRT" "non-targeting_noRT"
"11767" "Pcdh1" 0.593427703966129 0.398197098866855 0.168536152294214 0.866161504999055 NA 0.0476190476190476 0.0535714285714286 "Uqcrc2_noRT" "non-targeting_noRT"
"11768" "Map7d2" 3.69181663353629 0.171108067625922 0.168095990466358 0.866507763614534 NA 0.238095238095238 0.232142857142857 "Uqcrc2_noRT" "non-targeting_noRT"
"11769" "Supt20" 11.1270661966825 0.0931401221922504 0.168065379448196 0.866531845095099 NA 0.571428571428571 0.696428571428571 "Uqcrc2_noRT" "non-targeting_noRT"
"11770" "Gm16028" 0.260096886712081 -0.561263836432198 -0.167860411522743 0.866693095164202 NA 0 0.0535714285714286 "Uqcrc2_noRT" "non-targeting_noRT"
"11771" "Kcnt2" 0.260096886712081 -0.561263836432198 -0.167860411522743 0.866693095164202 NA 0 0.0357142857142857 "Uqcrc2_noRT" "non-targeting_noRT"
"11772" "Zbtb34" 0.260096886712081 -0.561263836432198 -0.167860411522743 0.866693095164202 NA 0 0.0535714285714286 "Uqcrc2_noRT" "non-targeting_noRT"
"11773" "Snph" 0.260096886712081 -0.561263836432198 -0.167860411522743 0.866693095164202 NA 0 0.0535714285714286 "Uqcrc2_noRT" "non-targeting_noRT"
"11774" "9230112E08Rik" 0.260096886712081 -0.561263836432198 -0.167860411522743 0.866693095164202 NA 0 0.0535714285714286 "Uqcrc2_noRT" "non-targeting_noRT"
"11775" "Wars2" 0.260096886712081 -0.561263836432198 -0.167860411522743 0.866693095164202 NA 0 0.0357142857142857 "Uqcrc2_noRT" "non-targeting_noRT"
"11776" "Kif24" 0.260096886712081 -0.561263836432198 -0.167860411522743 0.866693095164202 NA 0 0.0535714285714286 "Uqcrc2_noRT" "non-targeting_noRT"
"11777" "Zfp112" 0.260096886712081 -0.561263836432198 -0.167860411522743 0.866693095164202 NA 0 0.0535714285714286 "Uqcrc2_noRT" "non-targeting_noRT"
"11778" "Zfp575" 0.260096886712081 -0.561263836432198 -0.167860411522743 0.866693095164202 NA 0 0.0535714285714286 "Uqcrc2_noRT" "non-targeting_noRT"
"11779" "Syne4" 0.260096886712081 -0.561263836432198 -0.167860411522743 0.866693095164202 NA 0 0.0535714285714286 "Uqcrc2_noRT" "non-targeting_noRT"
"11780" "Lsp1" 0.260096886712081 -0.561263836432198 -0.167860411522743 0.866693095164202 NA 0 0.0535714285714286 "Uqcrc2_noRT" "non-targeting_noRT"
"11781" "AY074887" 0.260096886712081 -0.561263836432198 -0.167860411522743 0.866693095164202 NA 0 0.0535714285714286 "Uqcrc2_noRT" "non-targeting_noRT"
"11782" "BC048403" 0.260096886712081 -0.561263836432198 -0.167860411522743 0.866693095164202 NA 0 0.0535714285714286 "Uqcrc2_noRT" "non-targeting_noRT"
"11783" "Smim41" 0.260096886712081 -0.561263836432198 -0.167860411522743 0.866693095164202 NA 0 0.0535714285714286 "Uqcrc2_noRT" "non-targeting_noRT"
"11784" "Npff" 0.260096886712081 -0.561263836432198 -0.167860411522743 0.866693095164202 NA 0 0.0535714285714286 "Uqcrc2_noRT" "non-targeting_noRT"
"11785" "1700102H20Rik" 0.260096886712081 -0.561263836432198 -0.167860411522743 0.866693095164202 NA 0 0.0535714285714286 "Uqcrc2_noRT" "non-targeting_noRT"
"11786" "Gm20478" 0.260096886712081 -0.561263836432198 -0.167860411522743 0.866693095164202 NA 0 0.0535714285714286 "Uqcrc2_noRT" "non-targeting_noRT"
"11787" "Pcdhb20" 0.260096886712081 -0.561263836432198 -0.167860411522743 0.866693095164202 NA 0 0.0535714285714286 "Uqcrc2_noRT" "non-targeting_noRT"
"11788" "Tmem223" 0.260096886712081 -0.561263836432198 -0.167860411522743 0.866693095164202 NA 0 0.0535714285714286 "Uqcrc2_noRT" "non-targeting_noRT"
"11789" "Tln2" 2.33738507297541 0.198484370806522 0.167845971073527 0.866704455801847 NA 0.19047619047619 0.178571428571429 "Uqcrc2_noRT" "non-targeting_noRT"
"11790" "Nipal3" 0.543160441639573 0.405985526790419 0.167831937292817 0.866715496530294 NA 0.0476190476190476 0.0535714285714286 "Uqcrc2_noRT" "non-targeting_noRT"
"11791" "Abca16" 0.543160441639573 0.405985526790419 0.167831937292817 0.866715496530294 NA 0.0476190476190476 0.0535714285714286 "Uqcrc2_noRT" "non-targeting_noRT"
"11792" "Gm12258" 0.543160441639573 0.405985526790419 0.167831937292817 0.866715496530294 NA 0.0476190476190476 0.0535714285714286 "Uqcrc2_noRT" "non-targeting_noRT"
"11793" "Osbpl7" 0.543160441639573 0.405985526790419 0.167831937292817 0.866715496530294 NA 0.0476190476190476 0.0535714285714286 "Uqcrc2_noRT" "non-targeting_noRT"
"11794" "1700001G11Rik" 0.543160441639573 0.405985526790419 0.167831937292817 0.866715496530294 NA 0.0476190476190476 0.0535714285714286 "Uqcrc2_noRT" "non-targeting_noRT"
"11795" "Ccdc14" 0.543160441639573 0.405985526790419 0.167831937292817 0.866715496530294 NA 0.0476190476190476 0.0535714285714286 "Uqcrc2_noRT" "non-targeting_noRT"
"11796" "Prickle3" 0.543160441639573 0.405985526790419 0.167831937292817 0.866715496530294 NA 0.0476190476190476 0.0535714285714286 "Uqcrc2_noRT" "non-targeting_noRT"
"11797" "Sdc3" 2.06812313419118 -0.212768975934932 -0.16775218233194 0.866778242258828 NA 0.142857142857143 0.178571428571429 "Uqcrc2_noRT" "non-targeting_noRT"
"11798" "Fosl2" 3.93852154894398 -0.159182419635084 -0.167699285198289 0.866819858555582 NA 0.238095238095238 0.339285714285714 "Uqcrc2_noRT" "non-targeting_noRT"
"11799" "Memo1" 40.0246969987699 -0.0533784702459033 -0.167556068737069 0.866932534542561 0.976264275797625 0.714285714285714 0.946428571428571 "Uqcrc2_noRT" "non-targeting_noRT"
"11800" "Zfand1" 10.5751847429024 0.0986733841185925 0.16749391401226 0.866981435803077 NA 0.380952380952381 0.589285714285714 "Uqcrc2_noRT" "non-targeting_noRT"
"11801" "Brd1" 36.6027841161941 -0.0540589803769072 -0.167466222592667 0.867003222650618 0.976264275797625 0.80952380952381 0.892857142857143 "Uqcrc2_noRT" "non-targeting_noRT"
"11802" "Egfl7" 1.38928032663266 -0.270582484576223 -0.167117096349485 0.867277914240741 NA 0.0952380952380952 0.142857142857143 "Uqcrc2_noRT" "non-targeting_noRT"
"11803" "Mapkbp1" 1.38928032663266 -0.270582484576223 -0.167117096349485 0.867277914240741 NA 0.0952380952380952 0.125 "Uqcrc2_noRT" "non-targeting_noRT"
"11804" "E130309D02Rik" 6.89431508609279 0.133303397242921 0.167109473784675 0.867283911833157 NA 0.428571428571429 0.482142857142857 "Uqcrc2_noRT" "non-targeting_noRT"
"11805" "Cpq" 70.9388171281223 0.0396435104694757 0.167041760667102 0.867337190256702 0.976264275797625 0.952380952380952 0.982142857142857 "Uqcrc2_noRT" "non-targeting_noRT"
"11806" "Rtkn2" 2.09093191444108 -0.236738382897263 -0.16700633891441 0.867365061243414 NA 0.142857142857143 0.178571428571429 "Uqcrc2_noRT" "non-targeting_noRT"
"11807" "Copg2" 4.64279631362878 -0.143260089807631 -0.166857021409654 0.867482550923036 NA 0.238095238095238 0.392857142857143 "Uqcrc2_noRT" "non-targeting_noRT"
"11808" "Hgh1" 8.58372130507035 -0.111953482463723 -0.166801859607598 0.867525955432401 NA 0.428571428571429 0.535714285714286 "Uqcrc2_noRT" "non-targeting_noRT"
"11809" "Cyp7b1" 4.78276724523941 -0.147909006288464 -0.166403819795062 0.867839168103321 NA 0.238095238095238 0.375 "Uqcrc2_noRT" "non-targeting_noRT"
"11810" "Ppp1r7" 13.8695836960435 -0.0843064595058783 -0.166349813468221 0.867881666622314 0.976264275797625 0.523809523809524 0.821428571428571 "Uqcrc2_noRT" "non-targeting_noRT"
"11811" "Sh3bgrl" 13.76649700122 -0.08732475958407 -0.16624386486229 0.867965040534289 0.976264275797625 0.523809523809524 0.75 "Uqcrc2_noRT" "non-targeting_noRT"
"11812" "Sobp" 1.99504709161473 -0.217880019651395 -0.166240826155938 0.867967431798706 NA 0.142857142857143 0.160714285714286 "Uqcrc2_noRT" "non-targeting_noRT"
"11813" "Ninl" 1.85568325615718 0.2253622086385 0.166209860992628 0.867991799438724 NA 0.142857142857143 0.160714285714286 "Uqcrc2_noRT" "non-targeting_noRT"
"11814" "Cda" 10.2632835448369 0.0987061839994224 0.166146830842181 0.868041400598513 NA 0.380952380952381 0.607142857142857 "Uqcrc2_noRT" "non-targeting_noRT"
"11815" "Ssx2ip" 6.84538720736104 -0.121877782165878 -0.165918495515402 0.868221091920795 NA 0.380952380952381 0.482142857142857 "Uqcrc2_noRT" "non-targeting_noRT"
"11816" "Mcm9" 2.31835002630728 0.198266550376231 0.165699557019672 0.868393394683517 NA 0.19047619047619 0.178571428571429 "Uqcrc2_noRT" "non-targeting_noRT"
"11817" "Nphs1" 1.13179369356907 0.284588793114791 0.165664673955387 0.868420847940517 NA 0.0952380952380952 0.0892857142857143 "Uqcrc2_noRT" "non-targeting_noRT"
"11818" "Ccser2" 5.2626673329295 0.136407960410109 0.165539783647866 0.868519138934947 NA 0.285714285714286 0.357142857142857 "Uqcrc2_noRT" "non-targeting_noRT"
"11819" "Dph6" 11.0169118600569 -0.0925447788750111 -0.165534865502159 0.868523009648672 NA 0.476190476190476 0.517857142857143 "Uqcrc2_noRT" "non-targeting_noRT"
"11820" "Ly6e" 211.032956564757 0.028640508480944 0.165482284901962 0.868564392200443 0.976264275797625 1 1 "Uqcrc2_noRT" "non-targeting_noRT"
"11821" "Usp45" 7.87745291206586 0.108013232781759 0.165471563094372 0.868572830637436 NA 0.428571428571429 0.553571428571429 "Uqcrc2_noRT" "non-targeting_noRT"
"11822" "Vangl2" 1.85357690012218 0.230844420740184 0.165416072751843 0.868616503714026 NA 0.142857142857143 0.142857142857143 "Uqcrc2_noRT" "non-targeting_noRT"
"11823" "Adss" 21.5595390419391 -0.0684520942765662 -0.165386124940978 0.868640073982668 0.976264275797625 0.666666666666667 0.839285714285714 "Uqcrc2_noRT" "non-targeting_noRT"
"11824" "Myo9a" 4.19908832204353 0.150602707191087 0.165308173566461 0.868701425753544 NA 0.285714285714286 0.285714285714286 "Uqcrc2_noRT" "non-targeting_noRT"
"11825" "Mrgbp" 8.55475113015323 -0.109620553277336 -0.165244225855798 0.868751756505673 NA 0.476190476190476 0.589285714285714 "Uqcrc2_noRT" "non-targeting_noRT"
"11826" "Ift46" 10.6549223760383 -0.0960971512833062 -0.165242156933292 0.868753384882871 NA 0.523809523809524 0.678571428571429 "Uqcrc2_noRT" "non-targeting_noRT"
"11827" "Gpalpp1" 9.34154808000935 -0.102100075773022 -0.165239004725641 0.86875586587733 NA 0.285714285714286 0.625 "Uqcrc2_noRT" "non-targeting_noRT"
"11828" "Traf2" 4.75342720294998 0.137876650817883 0.164690589454319 0.869187524364815 NA 0.333333333333333 0.357142857142857 "Uqcrc2_noRT" "non-targeting_noRT"
"11829" "Ago3" 4.61896681492402 -0.141451530729703 -0.164669503725714 0.869204121752767 NA 0.285714285714286 0.357142857142857 "Uqcrc2_noRT" "non-targeting_noRT"
"11830" "4930509H03Rik" 0.545266797674571 0.397449595121953 0.164426848695041 0.869395129005868 NA 0.0476190476190476 0.0535714285714286 "Uqcrc2_noRT" "non-targeting_noRT"
"11831" "Cemip" 0.545266797674571 0.397449595121953 0.164426848695041 0.869395129005868 NA 0.0476190476190476 0.0535714285714286 "Uqcrc2_noRT" "non-targeting_noRT"
"11832" "Plac1" 0.545266797674571 0.397449595121953 0.164426848695041 0.869395129005868 NA 0.0476190476190476 0.0535714285714286 "Uqcrc2_noRT" "non-targeting_noRT"
"11833" "Trak2" 2.60350195259844 -0.195380507221818 -0.164423072301973 0.869398101674869 NA 0.19047619047619 0.285714285714286 "Uqcrc2_noRT" "non-targeting_noRT"
"11834" "Nop9" 9.68771050691479 0.0988492822015701 0.164401885557945 0.869414779310199 NA 0.571428571428571 0.517857142857143 "Uqcrc2_noRT" "non-targeting_noRT"
"11835" "Gon4l" 17.4493393672804 0.0734976816236272 0.164332480716014 0.869469413342744 0.976264275797625 0.619047619047619 0.821428571428571 "Uqcrc2_noRT" "non-targeting_noRT"
"11836" "Pde4dip" 9.66873730665994 -0.0987825736421222 -0.164212133973962 0.869564149245047 NA 0.428571428571429 0.517857142857143 "Uqcrc2_noRT" "non-targeting_noRT"
"11837" "Slc25a16" 4.9790473942218 0.140375039779905 0.164114797068265 0.869640773375076 NA 0.238095238095238 0.357142857142857 "Uqcrc2_noRT" "non-targeting_noRT"
"11838" "Eif2ak2" 35.1248760762707 0.0600021606015756 0.163943568977766 0.869775568008998 0.976264275797625 0.80952380952381 0.821428571428571 "Uqcrc2_noRT" "non-targeting_noRT"
"11839" "Sccpdh" 7.46394978199087 -0.125744549936798 -0.163718286521464 0.869952921228617 NA 0.285714285714286 0.589285714285714 "Uqcrc2_noRT" "non-targeting_noRT"
"11840" "Btbd3" 10.1620874491325 0.0963469765750411 0.163463018369908 0.870153888539277 NA 0.571428571428571 0.642857142857143 "Uqcrc2_noRT" "non-targeting_noRT"
"11841" "Ywhah" 158.924368818475 -0.0310699782548597 -0.163229749428529 0.870337543662281 0.976264275797625 0.952380952380952 1 "Uqcrc2_noRT" "non-targeting_noRT"
"11842" "Acox2" 1.38237951856103 -0.260539271088601 -0.16318658445758 0.870371528670854 NA 0.0952380952380952 0.142857142857143 "Uqcrc2_noRT" "non-targeting_noRT"
"11843" "Dolpp1" 2.66546447503326 -0.180554376147347 -0.163126545218776 0.870418799668196 NA 0.19047619047619 0.232142857142857 "Uqcrc2_noRT" "non-targeting_noRT"
"11844" "Ppif" 11.1952699448691 0.0910722165016982 0.163040390249197 0.870486633304651 NA 0.571428571428571 0.571428571428571 "Uqcrc2_noRT" "non-targeting_noRT"
"11845" "Map3k2" 8.62884789118456 -0.104255688792793 -0.163014160590325 0.870507285270009 NA 0.380952380952381 0.642857142857143 "Uqcrc2_noRT" "non-targeting_noRT"
"11846" "Zfp239" 18.2583031158712 -0.0725579361227404 -0.162945999289323 0.870560952596105 0.976264275797625 0.666666666666667 0.732142857142857 "Uqcrc2_noRT" "non-targeting_noRT"
"11847" "Cd99l2" 4.26903729013011 0.142623719749531 0.162933932817431 0.87057045328793 NA 0.333333333333333 0.303571428571429 "Uqcrc2_noRT" "non-targeting_noRT"
"11848" "Tbc1d20" 7.36530187899395 -0.111268578504702 -0.162915532863336 0.870584940764376 NA 0.380952380952381 0.446428571428571 "Uqcrc2_noRT" "non-targeting_noRT"
"11849" "Fcf1" 68.4716345373181 -0.0415628920194149 -0.162903647277687 0.870594299079404 0.976264275797625 0.904761904761905 0.982142857142857 "Uqcrc2_noRT" "non-targeting_noRT"
"11850" "Prkd2" 2.04639999152141 -0.210980433185737 -0.162890887194495 0.870604345964896 NA 0.142857142857143 0.178571428571429 "Uqcrc2_noRT" "non-targeting_noRT"
"11851" "Eci1" 56.4020283366085 0.0425921993007835 0.1627945828414 0.87068017363675 0.976264275797625 1 0.982142857142857 "Uqcrc2_noRT" "non-targeting_noRT"
"11852" "Tmco4" 2.05911597008455 -0.204440588826943 -0.162664430462233 0.870782654298197 NA 0.142857142857143 0.214285714285714 "Uqcrc2_noRT" "non-targeting_noRT"
"11853" "Mphosph8" 20.1388270144137 -0.0717251457716476 -0.162648849923359 0.870794922401705 0.976264275797625 0.571428571428571 0.803571428571429 "Uqcrc2_noRT" "non-targeting_noRT"
"11854" "Slc25a27" 8.28487472411069 -0.121635770827041 -0.162517859985838 0.870898065000021 NA 0.333333333333333 0.410714285714286 "Uqcrc2_noRT" "non-targeting_noRT"
"11855" "Bricd5" 9.97392627799084 0.101358219154018 0.162363153630422 0.87101988493677 NA 0.476190476190476 0.517857142857143 "Uqcrc2_noRT" "non-targeting_noRT"
"11856" "Mtmr6" 2.33375410087205 0.200394495005319 0.162355942053144 0.871025563600952 NA 0.19047619047619 0.196428571428571 "Uqcrc2_noRT" "non-targeting_noRT"
"11857" "CAAA01118383.1" 12.6732625559804 0.088204847090422 0.162050411818721 0.871266155575983 0.976264275797625 0.476190476190476 0.642857142857143 "Uqcrc2_noRT" "non-targeting_noRT"
"11858" "Gde1" 27.8936059931984 0.058975503160375 0.162030945841248 0.871281484603484 0.976264275797625 0.80952380952381 0.857142857142857 "Uqcrc2_noRT" "non-targeting_noRT"
"11859" "Pfkl" 18.8276800882916 -0.0698628220490432 -0.161902627963586 0.871382533308776 0.976264275797625 0.761904761904762 0.803571428571429 "Uqcrc2_noRT" "non-targeting_noRT"
"11860" "Cdk5rap2" 13.9099807492463 -0.0841273033303604 -0.161817927067976 0.87144923534282 0.976264275797625 0.428571428571429 0.607142857142857 "Uqcrc2_noRT" "non-targeting_noRT"
"11861" "Clpb" 9.25097959150445 0.0969853671104258 0.161598327690363 0.871622174313498 NA 0.523809523809524 0.553571428571429 "Uqcrc2_noRT" "non-targeting_noRT"
"11862" "Dab2" 4.93423458073326 -0.170016588805113 -0.161596665164977 0.871623483609428 NA 0.19047619047619 0.321428571428571 "Uqcrc2_noRT" "non-targeting_noRT"
"11863" "Tma16" 43.6255011034598 -0.047960660601987 -0.161577790119621 0.871638348381594 0.976264275797625 0.857142857142857 0.964285714285714 "Uqcrc2_noRT" "non-targeting_noRT"
"11864" "Dcp2" 18.5593820829924 0.0803385266339657 0.161528595894697 0.871677090803276 0.976264275797625 0.714285714285714 0.857142857142857 "Uqcrc2_noRT" "non-targeting_noRT"
"11865" "Braf" 6.68275025697892 -0.11757166380936 -0.161492087229163 0.871705843038076 NA 0.333333333333333 0.446428571428571 "Uqcrc2_noRT" "non-targeting_noRT"
"11866" "Pxdc1" 14.1409535651126 0.0800946049208733 0.161436530987393 0.871749596430833 0.976264275797625 0.619047619047619 0.660714285714286 "Uqcrc2_noRT" "non-targeting_noRT"
"11867" "Dock3" 2.04429363548642 -0.209019929728296 -0.161404956919553 0.871774462805223 NA 0.0952380952380952 0.214285714285714 "Uqcrc2_noRT" "non-targeting_noRT"
"11868" "Creg1" 20.9236294307893 0.0772809031933505 0.16134329309421 0.871823026940583 0.976264275797625 0.714285714285714 0.839285714285714 "Uqcrc2_noRT" "non-targeting_noRT"
"11869" "Emb" 6.56006873765492 0.117591513104443 0.161271624945743 0.871879470715841 NA 0.333333333333333 0.446428571428571 "Uqcrc2_noRT" "non-targeting_noRT"
"11870" "Ssr4" 686.709322907027 -0.0198980602261106 -0.161060757289227 0.872045547808036 0.976264275797625 1 1 "Uqcrc2_noRT" "non-targeting_noRT"
"11871" "Sntb2" 11.5547919367176 0.0866428352027956 0.16105229032807 0.872052216413168 NA 0.619047619047619 0.589285714285714 "Uqcrc2_noRT" "non-targeting_noRT"
"11872" "Camk2d" 18.5607003781792 0.0696701251973785 0.160898490356103 0.872173351335267 0.976264275797625 0.666666666666667 0.696428571428571 "Uqcrc2_noRT" "non-targeting_noRT"
"11873" "Ctbp2" 6.00274396948712 -0.12022040427497 -0.160599798029238 0.872408613982187 NA 0.285714285714286 0.428571428571429 "Uqcrc2_noRT" "non-targeting_noRT"
"11874" "Mrps14" 98.4617621906175 -0.0333871254255569 -0.160598145147645 0.872409915892709 0.976264275797625 0.904761904761905 0.982142857142857 "Uqcrc2_noRT" "non-targeting_noRT"
"11875" "Ttl" 1.36007463592463 -0.25692644572827 -0.160578435527294 0.872425440420433 NA 0.0952380952380952 0.125 "Uqcrc2_noRT" "non-targeting_noRT"
"11876" "Zfp60" 3.04274348650887 0.167727207460364 0.160544895122893 0.872451859050265 NA 0.19047619047619 0.267857142857143 "Uqcrc2_noRT" "non-targeting_noRT"
"11877" "Fbxo38" 3.06177853317701 0.167747246690374 0.160499379844356 0.872487710106548 NA 0.19047619047619 0.267857142857143 "Uqcrc2_noRT" "non-targeting_noRT"
"11878" "Pcbp4" 38.020050189562 -0.051263059073575 -0.160445661103927 0.872530023127252 0.976264275797625 0.904761904761905 0.946428571428571 "Uqcrc2_noRT" "non-targeting_noRT"
"11879" "Csk" 8.0009341315316 0.106161300289589 0.160417209892323 0.87255243364232 NA 0.428571428571429 0.464285714285714 "Uqcrc2_noRT" "non-targeting_noRT"
"11880" "Cfl2" 28.9826723059714 0.0624249553209774 0.160323722807861 0.872626072481766 0.976264275797625 0.80952380952381 0.875 "Uqcrc2_noRT" "non-targeting_noRT"
"11881" "Tlk2" 23.5231019464943 -0.0630575022505993 -0.16028784272385 0.872654335157456 0.976264275797625 0.80952380952381 0.821428571428571 "Uqcrc2_noRT" "non-targeting_noRT"
"11882" "Plekho1" 29.754044502653 -0.0590687853221864 -0.160006009368783 0.872876340418937 0.976264275797625 0.761904761904762 0.857142857142857 "Uqcrc2_noRT" "non-targeting_noRT"
"11883" "Gm26620" 0.255302434675447 -0.537556892816913 -0.159825461383274 0.873018566614247 NA 0 0.0535714285714286 "Uqcrc2_noRT" "non-targeting_noRT"
"11884" "Zfp972" 0.255302434675447 -0.537556892816913 -0.159825461383274 0.873018566614247 NA 0 0.0535714285714286 "Uqcrc2_noRT" "non-targeting_noRT"
"11885" "Tcea2" 0.255302434675447 -0.537556892816913 -0.159825461383274 0.873018566614247 NA 0 0.0535714285714286 "Uqcrc2_noRT" "non-targeting_noRT"
"11886" "Tmem79" 0.255302434675447 -0.537556892816913 -0.159825461383274 0.873018566614247 NA 0 0.0535714285714286 "Uqcrc2_noRT" "non-targeting_noRT"
"11887" "Gba2" 0.255302434675447 -0.537556892816913 -0.159825461383274 0.873018566614247 NA 0 0.0535714285714286 "Uqcrc2_noRT" "non-targeting_noRT"
"11888" "Fhl3" 0.255302434675447 -0.537556892816913 -0.159825461383274 0.873018566614247 NA 0 0.0535714285714286 "Uqcrc2_noRT" "non-targeting_noRT"
"11889" "Ube4bos1" 0.255302434675447 -0.537556892816913 -0.159825461383274 0.873018566614247 NA 0 0.0357142857142857 "Uqcrc2_noRT" "non-targeting_noRT"
"11890" "Gm13822" 0.255302434675447 -0.537556892816913 -0.159825461383274 0.873018566614247 NA 0 0.0535714285714286 "Uqcrc2_noRT" "non-targeting_noRT"
"11891" "Stx1a" 0.255302434675447 -0.537556892816913 -0.159825461383274 0.873018566614247 NA 0 0.0535714285714286 "Uqcrc2_noRT" "non-targeting_noRT"
"11892" "Rnf225" 0.255302434675447 -0.537556892816913 -0.159825461383274 0.873018566614247 NA 0 0.0357142857142857 "Uqcrc2_noRT" "non-targeting_noRT"
"11893" "Gm39090" 0.255302434675447 -0.537556892816913 -0.159825461383274 0.873018566614247 NA 0 0.0535714285714286 "Uqcrc2_noRT" "non-targeting_noRT"
"11894" "Tnfrsf22" 0.255302434675447 -0.537556892816913 -0.159825461383274 0.873018566614247 NA 0 0.0535714285714286 "Uqcrc2_noRT" "non-targeting_noRT"
"11895" "D830024N08Rik" 0.255302434675447 -0.537556892816913 -0.159825461383274 0.873018566614247 NA 0 0.0357142857142857 "Uqcrc2_noRT" "non-targeting_noRT"
"11896" "Gm35963" 0.255302434675447 -0.537556892816913 -0.159825461383274 0.873018566614247 NA 0 0.0535714285714286 "Uqcrc2_noRT" "non-targeting_noRT"
"11897" "4930507D05Rik" 0.255302434675447 -0.537556892816913 -0.159825461383274 0.873018566614247 NA 0 0.0535714285714286 "Uqcrc2_noRT" "non-targeting_noRT"
"11898" "Gm47591" 0.255302434675447 -0.537556892816913 -0.159825461383274 0.873018566614247 NA 0 0.0535714285714286 "Uqcrc2_noRT" "non-targeting_noRT"
"11899" "Polm" 0.255302434675447 -0.537556892816913 -0.159825461383274 0.873018566614247 NA 0 0.0535714285714286 "Uqcrc2_noRT" "non-targeting_noRT"
"11900" "Sgcd" 0.255302434675447 -0.537556892816913 -0.159825461383274 0.873018566614247 NA 0 0.0535714285714286 "Uqcrc2_noRT" "non-targeting_noRT"
"11901" "Pgap3" 0.255302434675447 -0.537556892816913 -0.159825461383274 0.873018566614247 NA 0 0.0535714285714286 "Uqcrc2_noRT" "non-targeting_noRT"
"11902" "Macc1" 0.255302434675447 -0.537556892816913 -0.159825461383274 0.873018566614247 NA 0 0.0535714285714286 "Uqcrc2_noRT" "non-targeting_noRT"
"11903" "Cage1" 0.255302434675447 -0.537556892816913 -0.159825461383274 0.873018566614247 NA 0 0.0535714285714286 "Uqcrc2_noRT" "non-targeting_noRT"
"11904" "March11" 0.255302434675447 -0.537556892816913 -0.159825461383274 0.873018566614247 NA 0 0.0535714285714286 "Uqcrc2_noRT" "non-targeting_noRT"
"11905" "Cpt1b" 0.255302434675447 -0.537556892816913 -0.159825461383274 0.873018566614247 NA 0 0.0535714285714286 "Uqcrc2_noRT" "non-targeting_noRT"
"11906" "Syngap1" 0.255302434675447 -0.537556892816913 -0.159825461383274 0.873018566614247 NA 0 0.0535714285714286 "Uqcrc2_noRT" "non-targeting_noRT"
"11907" "H2-T3" 0.255302434675447 -0.537556892816913 -0.159825461383274 0.873018566614247 NA 0 0.0357142857142857 "Uqcrc2_noRT" "non-targeting_noRT"
"11908" "Ebi3" 0.255302434675447 -0.537556892816913 -0.159825461383274 0.873018566614247 NA 0 0.0357142857142857 "Uqcrc2_noRT" "non-targeting_noRT"
"11909" "Stap2" 0.255302434675447 -0.537556892816913 -0.159825461383274 0.873018566614247 NA 0 0.0535714285714286 "Uqcrc2_noRT" "non-targeting_noRT"
"11910" "Myom1" 0.255302434675447 -0.537556892816913 -0.159825461383274 0.873018566614247 NA 0 0.0535714285714286 "Uqcrc2_noRT" "non-targeting_noRT"
"11911" "Rell2" 0.255302434675447 -0.537556892816913 -0.159825461383274 0.873018566614247 NA 0 0.0535714285714286 "Uqcrc2_noRT" "non-targeting_noRT"
"11912" "Uchl5" 28.4770727224597 0.0563320197954245 0.159771798902802 0.873060839881895 0.976264275797625 0.761904761904762 0.910714285714286 "Uqcrc2_noRT" "non-targeting_noRT"
"11913" "Actr1b" 12.2979533908879 -0.0907511685669462 -0.159584116081413 0.873208692142885 NA 0.571428571428571 0.678571428571429 "Uqcrc2_noRT" "non-targeting_noRT"
"11914" "Rrp36" 17.1946313506727 -0.0827879395009601 -0.159579685753313 0.873212182308189 0.976264275797625 0.619047619047619 0.785714285714286 "Uqcrc2_noRT" "non-targeting_noRT"
"11915" "Deptor" 1.68185494328027 0.247064698596982 0.159518624925966 0.873260285629155 NA 0.142857142857143 0.125 "Uqcrc2_noRT" "non-targeting_noRT"
"11916" "Nfic" 24.3248528579767 0.0603917777937922 0.159504877871152 0.873271115533773 0.976264275797625 0.761904761904762 0.839285714285714 "Uqcrc2_noRT" "non-targeting_noRT"
"11917" "Ctu1" 4.21389574468231 0.152998567218883 0.159153965380699 0.873547571785679 NA 0.285714285714286 0.321428571428571 "Uqcrc2_noRT" "non-targeting_noRT"
"11918" "Zfp932" 4.51125238040802 0.151041050428104 0.159151010310756 0.873549899917634 NA 0.238095238095238 0.321428571428571 "Uqcrc2_noRT" "non-targeting_noRT"
"11919" "Myo5a" 10.9130396412292 0.11469828946113 0.159110237796436 0.873582022380248 NA 0.428571428571429 0.517857142857143 "Uqcrc2_noRT" "non-targeting_noRT"
"11920" "Ddx41" 12.6579314768531 0.0956374970862433 0.158990884073322 0.873676055932133 0.976264275797625 0.619047619047619 0.660714285714286 "Uqcrc2_noRT" "non-targeting_noRT"
"11921" "Urb2" 4.31408603389116 0.151183794887308 0.158859280423638 0.873779742731154 NA 0.238095238095238 0.339285714285714 "Uqcrc2_noRT" "non-targeting_noRT"
"11922" "Col5a3" 3.29411786261837 -0.170388700262449 -0.158787722459925 0.873836122139829 NA 0.238095238095238 0.285714285714286 "Uqcrc2_noRT" "non-targeting_noRT"
"11923" "Armc6" 4.19596124755366 0.14222448109976 0.158746502151063 0.873868599272051 NA 0.285714285714286 0.303571428571429 "Uqcrc2_noRT" "non-targeting_noRT"
"11924" "Rsph3a" 1.81644968288763 0.234096848236054 0.158734052368852 0.873878408391797 NA 0.0952380952380952 0.178571428571429 "Uqcrc2_noRT" "non-targeting_noRT"
"11925" "Ly75" 7.98494810247243 -0.10861034886836 -0.158702859809245 0.87390298493514 NA 0.333333333333333 0.446428571428571 "Uqcrc2_noRT" "non-targeting_noRT"
"11926" "Gm32816" 0.773342917610691 -0.320529548021131 -0.158601416169267 0.873982912978314 NA 0.0476190476190476 0.0714285714285714 "Uqcrc2_noRT" "non-targeting_noRT"
"11927" "Crtam" 0.773342917610691 -0.320529548021131 -0.158601416169267 0.873982912978314 NA 0.0476190476190476 0.0892857142857143 "Uqcrc2_noRT" "non-targeting_noRT"
"11928" "Atp2b1" 22.6364129131707 -0.0665343185444097 -0.158484591792767 0.87407496118783 0.976264275797625 0.761904761904762 0.857142857142857 "Uqcrc2_noRT" "non-targeting_noRT"
"11929" "Gnaq" 6.68798368750379 -0.113463652692551 -0.158282355929224 0.874234310805386 NA 0.333333333333333 0.392857142857143 "Uqcrc2_noRT" "non-targeting_noRT"
"11930" "Alpk1" 0.771236561575693 -0.315157059906514 -0.158076027195808 0.874396890613401 NA 0.0476190476190476 0.0892857142857143 "Uqcrc2_noRT" "non-targeting_noRT"
"11931" "Ccdc62" 0.771236561575693 -0.315157059906514 -0.158076027195808 0.874396890613401 NA 0.0476190476190476 0.0892857142857143 "Uqcrc2_noRT" "non-targeting_noRT"
"11932" "Mst1" 0.771236561575693 -0.315157059906514 -0.158076027195808 0.874396890613401 NA 0.0476190476190476 0.0892857142857143 "Uqcrc2_noRT" "non-targeting_noRT"
"11933" "Gm16537" 0.771236561575693 -0.315157059906514 -0.158076027195808 0.874396890613401 NA 0.0476190476190476 0.0892857142857143 "Uqcrc2_noRT" "non-targeting_noRT"
"11934" "Myl6b" 0.760626939047551 -0.320601357255775 -0.158051337068534 0.874416345923425 NA 0.0476190476190476 0.0892857142857143 "Uqcrc2_noRT" "non-targeting_noRT"
"11935" "Abhd5" 6.90119053838785 0.112640013871556 0.157919648478877 0.874520115092559 NA 0.380952380952381 0.464285714285714 "Uqcrc2_noRT" "non-targeting_noRT"
"11936" "Fam185a" 1.87951275486194 0.224583859381508 0.157800384109657 0.874614095974082 NA 0.0952380952380952 0.160714285714286 "Uqcrc2_noRT" "non-targeting_noRT"
"11937" "Dtd2" 19.7131277993289 -0.0676812343309681 -0.157782924629578 0.874627854274604 0.976264275797625 0.666666666666667 0.785714285714286 "Uqcrc2_noRT" "non-targeting_noRT"
"11938" "Soat2" 0.780243725682322 -0.339950111297484 -0.15758230083923 0.874785951185799 NA 0.0476190476190476 0.0535714285714286 "Uqcrc2_noRT" "non-targeting_noRT"
"11939" "Amz1" 0.758520583012553 -0.315212973579425 -0.157518716126295 0.87483605868315 NA 0.0476190476190476 0.0892857142857143 "Uqcrc2_noRT" "non-targeting_noRT"
"11940" "Gm11110" 0.589214991896133 0.4132819790318 0.15748554623448 0.874862198188321 NA 0.0476190476190476 0.0535714285714286 "Uqcrc2_noRT" "non-targeting_noRT"
"11941" "Taok1" 21.1977279095582 0.0645867893335038 0.157362522830505 0.874959147869863 0.976264275797625 0.761904761904762 0.803571428571429 "Uqcrc2_noRT" "non-targeting_noRT"
"11942" "Zfp451" 14.0243918742116 -0.0836687502125238 -0.157275190794721 0.875027971792223 0.976264275797625 0.428571428571429 0.678571428571429 "Uqcrc2_noRT" "non-targeting_noRT"
"11943" "Morc2a" 9.77667653699817 -0.0928444558411677 -0.157200545348808 0.875086798519069 NA 0.428571428571429 0.607142857142857 "Uqcrc2_noRT" "non-targeting_noRT"
"11944" "Ubxn1" 175.30297159326 -0.0283191244166027 -0.156934377747385 0.875296566012171 0.976264275797625 1 1 "Uqcrc2_noRT" "non-targeting_noRT"
"11945" "Coasy" 14.8284735536845 -0.0767803196954557 -0.15691263513537 0.875313701817893 0.976264275797625 0.571428571428571 0.678571428571429 "Uqcrc2_noRT" "non-targeting_noRT"
"11946" "Stk11ip" 2.05969771005119 -0.205050049112277 -0.156830116436526 0.875378737056352 NA 0.142857142857143 0.196428571428571 "Uqcrc2_noRT" "non-targeting_noRT"
"11947" "Gm10320" 1.45276746513585 -0.24808268934616 -0.156676685322144 0.875499662541673 NA 0.0952380952380952 0.160714285714286 "Uqcrc2_noRT" "non-targeting_noRT"
"11948" "Nsun7" 0.769634103154181 -0.346116756418729 -0.156639603030347 0.87552888908475 NA 0.0476190476190476 0.0892857142857143 "Uqcrc2_noRT" "non-targeting_noRT"
"11949" "Mtmr7" 0.769634103154181 -0.346116756418729 -0.156639603030347 0.87552888908475 NA 0.0476190476190476 0.0892857142857143 "Uqcrc2_noRT" "non-targeting_noRT"
"11950" "Rbm41" 1.14661602816721 0.288814743300689 0.156452145214996 0.875676637240781 NA 0.0952380952380952 0.0892857142857143 "Uqcrc2_noRT" "non-targeting_noRT"
"11951" "Kank4os" 2.73163970953808 -0.172905652583592 -0.15638791058431 0.87572726588557 NA 0.19047619047619 0.232142857142857 "Uqcrc2_noRT" "non-targeting_noRT"
"11952" "Tatdn1" 24.2873015742133 0.0587108249316784 0.156304233584095 0.875793219438535 0.976264275797625 0.80952380952381 0.946428571428571 "Uqcrc2_noRT" "non-targeting_noRT"
"11953" "Mllt10" 17.607690610155 0.0705251453796682 0.156268682871331 0.875821240491646 0.976264275797625 0.619047619047619 0.821428571428571 "Uqcrc2_noRT" "non-targeting_noRT"
"11954" "Sox2" 69.8166494229743 0.0460766168083915 0.156240516769967 0.87584344110846 0.976264275797625 0.904761904761905 0.928571428571429 "Uqcrc2_noRT" "non-targeting_noRT"
"11955" "Slc25a15" 2.05010880597792 -0.196178157771985 -0.156204755959735 0.875871628041376 NA 0.142857142857143 0.232142857142857 "Uqcrc2_noRT" "non-targeting_noRT"
"11956" "Mccc1" 2.83928541639506 0.175581675680943 0.156148587523012 0.875915900733033 NA 0.142857142857143 0.232142857142857 "Uqcrc2_noRT" "non-targeting_noRT"
"11957" "Pum2" 22.0228803063684 -0.0626268623440386 -0.156086541465814 0.87596480669289 0.976264275797625 0.714285714285714 0.803571428571429 "Uqcrc2_noRT" "non-targeting_noRT"
"11958" "Gm7072" 3.44600727590963 -0.16557983848337 -0.155993579252485 0.876038082280007 NA 0.238095238095238 0.285714285714286 "Uqcrc2_noRT" "non-targeting_noRT"
"11959" "Yipf1" 70.7477625784951 -0.0412019063614546 -0.155883514933131 0.876124839630569 0.976264275797625 0.952380952380952 0.928571428571429 "Uqcrc2_noRT" "non-targeting_noRT"
"11960" "Trpv2" 2.25108915422234 0.205827777061769 0.155855567179152 0.876146869469033 NA 0.142857142857143 0.178571428571429 "Uqcrc2_noRT" "non-targeting_noRT"
"11961" "Eif2ak3" 3.94179138491226 -0.165049970151981 -0.155722656127155 0.876251638020507 NA 0.142857142857143 0.285714285714286 "Uqcrc2_noRT" "non-targeting_noRT"
"11962" "Eepd1" 0.710359676720994 -0.315429776252774 -0.155306161621043 0.876579958284144 NA 0.0476190476190476 0.0714285714285714 "Uqcrc2_noRT" "non-targeting_noRT"
"11963" "9230116N13Rik" 1.05661129495762 0.283774150565223 0.155236832971812 0.876634611729562 NA 0.0476190476190476 0.0892857142857143 "Uqcrc2_noRT" "non-targeting_noRT"
"11964" "Ascl4" 1.05661129495762 0.283774150565223 0.155236832971812 0.876634611729562 NA 0.0952380952380952 0.0892857142857143 "Uqcrc2_noRT" "non-targeting_noRT"
"11965" "Prpf18" 6.71660763824519 -0.115314654749976 -0.155123900951389 0.876723640022928 NA 0.428571428571429 0.535714285714286 "Uqcrc2_noRT" "non-targeting_noRT"
"11966" "Mnat1" 22.9761508705822 -0.0625255139190202 -0.155062120175774 0.87677234464663 0.976264275797625 0.571428571428571 0.910714285714286 "Uqcrc2_noRT" "non-targeting_noRT"
"11967" "Gm43774" 0.778137369647324 -0.334524841198628 -0.155013354109724 0.876810789506381 NA 0.0476190476190476 0.0892857142857143 "Uqcrc2_noRT" "non-targeting_noRT"
"11968" "Tmem169" 1.88161911089694 0.223446544434032 0.154652265341042 0.877095463848385 NA 0.0952380952380952 0.178571428571429 "Uqcrc2_noRT" "non-targeting_noRT"
"11969" "Ambra1" 2.36600902371681 0.188345549652654 0.154617079033714 0.877123204799941 NA 0.19047619047619 0.196428571428571 "Uqcrc2_noRT" "non-targeting_noRT"
"11970" "Clic1" 250.909679596188 0.0253002309659317 0.154594855262309 0.877140726141311 0.976264275797625 1 1 "Uqcrc2_noRT" "non-targeting_noRT"
"11971" "Xxylt1" 1.82335049095926 0.223809215911276 0.154489237808623 0.877223996334773 NA 0.142857142857143 0.142857142857143 "Uqcrc2_noRT" "non-targeting_noRT"
"11972" "Zmynd19" 23.3015281388152 0.0609792542251099 0.154438665947924 0.877263868337836 0.976264275797625 0.761904761904762 0.857142857142857 "Uqcrc2_noRT" "non-targeting_noRT"
"11973" "Arhgap19" 3.57116142463492 0.15266113562783 0.154357170038732 0.877328122217997 NA 0.19047619047619 0.285714285714286 "Uqcrc2_noRT" "non-targeting_noRT"
"11974" "Higd1a" 98.5314715892368 0.0317010624178887 0.154272192389806 0.877395122069616 0.976264275797625 0.952380952380952 1 "Uqcrc2_noRT" "non-targeting_noRT"
"11975" "6430503K07Rik" 0.721473196862622 -0.346601133290061 -0.154264634159166 0.877401081330116 NA 0.0476190476190476 0.0714285714285714 "Uqcrc2_noRT" "non-targeting_noRT"
"11976" "Mtor" 4.18535162502552 0.138031179412951 0.154209048613201 0.877444907772753 NA 0.238095238095238 0.357142857142857 "Uqcrc2_noRT" "non-targeting_noRT"
"11977" "Gm4070" 1.43794513053771 -0.253939574559438 -0.153952150422428 0.877647464116923 NA 0.0952380952380952 0.160714285714286 "Uqcrc2_noRT" "non-targeting_noRT"
"11978" "Acsf3" 1.43794513053771 -0.253939574559438 -0.153952150422428 0.877647464116923 NA 0.0952380952380952 0.142857142857143 "Uqcrc2_noRT" "non-targeting_noRT"
"11979" "Gpr173" 1.84986808566567 0.210186488974969 0.153914891642479 0.877676842187674 NA 0.142857142857143 0.142857142857143 "Uqcrc2_noRT" "non-targeting_noRT"
"11980" "BC005561" 20.225164285293 0.0685958803679761 0.153836569836673 0.877738598477606 0.976264275797625 0.714285714285714 0.803571428571429 "Uqcrc2_noRT" "non-targeting_noRT"
"11981" "3300005D01Rik" 1.44376030102922 -0.237443091456879 -0.153780743034096 0.877782618042106 NA 0.0952380952380952 0.142857142857143 "Uqcrc2_noRT" "non-targeting_noRT"
"11982" "Tmem38b" 5.13727902813541 -0.134138121030124 -0.153698446561081 0.877847509692831 NA 0.333333333333333 0.339285714285714 "Uqcrc2_noRT" "non-targeting_noRT"
"11983" "Fdx2" 40.3073656204542 0.0461434963018593 0.153488671400714 0.878012923366107 0.976264275797625 0.904761904761905 0.946428571428571 "Uqcrc2_noRT" "non-targeting_noRT"
"11984" "Radil" 0.769130205540695 -0.310186663505652 -0.153395072723437 0.878086730300908 NA 0.0476190476190476 0.0714285714285714 "Uqcrc2_noRT" "non-targeting_noRT"
"11985" "Ppfia3" 0.769130205540695 -0.310186663505652 -0.153395072723437 0.878086730300908 NA 0.0476190476190476 0.0892857142857143 "Uqcrc2_noRT" "non-targeting_noRT"
"11986" "Syn3" 0.769130205540695 -0.310186663505652 -0.153395072723437 0.878086730300908 NA 0.0476190476190476 0.0714285714285714 "Uqcrc2_noRT" "non-targeting_noRT"
"11987" "Arhgap27" 0.769130205540695 -0.310186663505652 -0.153395072723437 0.878086730300908 NA 0.0476190476190476 0.0714285714285714 "Uqcrc2_noRT" "non-targeting_noRT"
"11988" "Kiz" 8.66473685884464 0.108473370957301 0.153393583573828 0.878087904573591 NA 0.428571428571429 0.464285714285714 "Uqcrc2_noRT" "non-targeting_noRT"
"11989" "Fbxo10" 1.44855475306585 -0.242379553231892 -0.15308865638204 0.878328361327465 NA 0.0952380952380952 0.160714285714286 "Uqcrc2_noRT" "non-targeting_noRT"
"11990" "Washc5" 12.2845907532328 -0.084595557471776 -0.153045341455275 0.878362519135484 NA 0.571428571428571 0.642857142857143 "Uqcrc2_noRT" "non-targeting_noRT"
"11991" "Rab1b" 21.1532026529467 -0.0629134702791082 -0.152977719005567 0.878415846116161 0.976264275797625 0.80952380952381 0.910714285714286 "Uqcrc2_noRT" "non-targeting_noRT"
"11992" "Eif4e2" 52.3848437950858 -0.0414892628125693 -0.152938610585302 0.878446687220078 0.976264275797625 0.952380952380952 0.964285714285714 "Uqcrc2_noRT" "non-targeting_noRT"
"11993" "Nup214" 10.9654061336281 -0.0898638473676236 -0.152872114394256 0.878499126886134 NA 0.428571428571429 0.589285714285714 "Uqcrc2_noRT" "non-targeting_noRT"
"11994" "C330007P06Rik" 4.07836947795126 -0.149799207060509 -0.152868506702487 0.878501971968875 NA 0.19047619047619 0.339285714285714 "Uqcrc2_noRT" "non-targeting_noRT"
"11995" "Agk" 6.40664021081753 -0.113027811680902 -0.152865980789815 0.878503963944459 NA 0.380952380952381 0.464285714285714 "Uqcrc2_noRT" "non-targeting_noRT"
"11996" "Slc4a11" 0.251089722605451 -0.516835369084289 -0.152849702666371 0.878516801154316 NA 0 0.0357142857142857 "Uqcrc2_noRT" "non-targeting_noRT"
"11997" "Bmp2" 0.251089722605451 -0.516835369084289 -0.152849702666371 0.878516801154316 NA 0 0.0357142857142857 "Uqcrc2_noRT" "non-targeting_noRT"
"11998" "Gm37933" 0.251089722605451 -0.516835369084289 -0.152849702666371 0.878516801154316 NA 0 0.0535714285714286 "Uqcrc2_noRT" "non-targeting_noRT"
"11999" "9130204L05Rik" 0.251089722605451 -0.516835369084289 -0.152849702666371 0.878516801154316 NA 0 0.0357142857142857 "Uqcrc2_noRT" "non-targeting_noRT"
"12000" "Gm43773" 0.251089722605451 -0.516835369084289 -0.152849702666371 0.878516801154316 NA 0 0.0535714285714286 "Uqcrc2_noRT" "non-targeting_noRT"
"12001" "Sgms2" 0.251089722605451 -0.516835369084289 -0.152849702666371 0.878516801154316 NA 0 0.0535714285714286 "Uqcrc2_noRT" "non-targeting_noRT"
"12002" "Zfp11" 0.251089722605451 -0.516835369084289 -0.152849702666371 0.878516801154316 NA 0 0.0357142857142857 "Uqcrc2_noRT" "non-targeting_noRT"
"12003" "Lnx2" 0.251089722605451 -0.516835369084289 -0.152849702666371 0.878516801154316 NA 0 0.0535714285714286 "Uqcrc2_noRT" "non-targeting_noRT"
"12004" "Gm44366" 0.251089722605451 -0.516835369084289 -0.152849702666371 0.878516801154316 NA 0 0.0535714285714286 "Uqcrc2_noRT" "non-targeting_noRT"
"12005" "Zfp764" 0.251089722605451 -0.516835369084289 -0.152849702666371 0.878516801154316 NA 0 0.0535714285714286 "Uqcrc2_noRT" "non-targeting_noRT"
"12006" "Coro2b" 0.251089722605451 -0.516835369084289 -0.152849702666371 0.878516801154316 NA 0 0.0535714285714286 "Uqcrc2_noRT" "non-targeting_noRT"
"12007" "Gm48855" 0.251089722605451 -0.516835369084289 -0.152849702666371 0.878516801154316 NA 0 0.0535714285714286 "Uqcrc2_noRT" "non-targeting_noRT"
"12008" "Gm19541" 0.251089722605451 -0.516835369084289 -0.152849702666371 0.878516801154316 NA 0 0.0535714285714286 "Uqcrc2_noRT" "non-targeting_noRT"
"12009" "Hyal3" 0.251089722605451 -0.516835369084289 -0.152849702666371 0.878516801154316 NA 0 0.0535714285714286 "Uqcrc2_noRT" "non-targeting_noRT"
"12010" "Matk" 0.251089722605451 -0.516835369084289 -0.152849702666371 0.878516801154316 NA 0 0.0535714285714286 "Uqcrc2_noRT" "non-targeting_noRT"
"12011" "Plxnc1" 0.251089722605451 -0.516835369084289 -0.152849702666371 0.878516801154316 NA 0 0.0535714285714286 "Uqcrc2_noRT" "non-targeting_noRT"
"12012" "Gm30262" 0.251089722605451 -0.516835369084289 -0.152849702666371 0.878516801154316 NA 0 0.0535714285714286 "Uqcrc2_noRT" "non-targeting_noRT"
"12013" "Gpr135" 0.251089722605451 -0.516835369084289 -0.152849702666371 0.878516801154316 NA 0 0.0535714285714286 "Uqcrc2_noRT" "non-targeting_noRT"
"12014" "Btbd6" 0.251089722605451 -0.516835369084289 -0.152849702666371 0.878516801154316 NA 0 0.0535714285714286 "Uqcrc2_noRT" "non-targeting_noRT"
"12015" "A830005F24Rik" 0.251089722605451 -0.516835369084289 -0.152849702666371 0.878516801154316 NA 0 0.0535714285714286 "Uqcrc2_noRT" "non-targeting_noRT"
"12016" "Gm8212" 0.251089722605451 -0.516835369084289 -0.152849702666371 0.878516801154316 NA 0 0.0535714285714286 "Uqcrc2_noRT" "non-targeting_noRT"
"12017" "B3gnt5" 0.251089722605451 -0.516835369084289 -0.152849702666371 0.878516801154316 NA 0 0.0535714285714286 "Uqcrc2_noRT" "non-targeting_noRT"
"12018" "Map3k13" 0.251089722605451 -0.516835369084289 -0.152849702666371 0.878516801154316 NA 0 0.0535714285714286 "Uqcrc2_noRT" "non-targeting_noRT"
"12019" "Ccdc78" 0.251089722605451 -0.516835369084289 -0.152849702666371 0.878516801154316 NA 0 0.0535714285714286 "Uqcrc2_noRT" "non-targeting_noRT"
"12020" "Cyp4f40" 0.251089722605451 -0.516835369084289 -0.152849702666371 0.878516801154316 NA 0 0.0357142857142857 "Uqcrc2_noRT" "non-targeting_noRT"
"12021" "Cul9" 0.251089722605451 -0.516835369084289 -0.152849702666371 0.878516801154316 NA 0 0.0535714285714286 "Uqcrc2_noRT" "non-targeting_noRT"
"12022" "Cdc42bpg" 0.251089722605451 -0.516835369084289 -0.152849702666371 0.878516801154316 NA 0 0.0535714285714286 "Uqcrc2_noRT" "non-targeting_noRT"
"12023" "AC132444.5" 0.251089722605451 -0.516835369084289 -0.152849702666371 0.878516801154316 NA 0 0.0535714285714286 "Uqcrc2_noRT" "non-targeting_noRT"
"12024" "Pomp" 249.773569172869 -0.0251930805058582 -0.152753760780557 0.878592463234633 0.976264275797625 1 1 "Uqcrc2_noRT" "non-targeting_noRT"
"12025" "Snrpb2" 52.4541561817786 0.0432239229217139 0.152739149225556 0.878603986355899 0.976264275797625 0.952380952380952 1 "Uqcrc2_noRT" "non-targeting_noRT"
"12026" "Gm14124" 3.97187503259677 -0.146025030760773 -0.152578282884887 0.878730852194931 NA 0.285714285714286 0.375 "Uqcrc2_noRT" "non-targeting_noRT"
"12027" "Ssc5d" 0.541054085604575 0.412863444308539 0.152553987474844 0.878750012829279 NA 0.0476190476190476 0.0535714285714286 "Uqcrc2_noRT" "non-targeting_noRT"
"12028" "Gm47509" 0.541054085604575 0.412863444308539 0.152553987474844 0.878750012829279 NA 0.0476190476190476 0.0535714285714286 "Uqcrc2_noRT" "non-targeting_noRT"
"12029" "Polr2e" 108.033623592616 0.031092139655137 0.152526595288845 0.878771615828703 0.976264275797625 0.952380952380952 1 "Uqcrc2_noRT" "non-targeting_noRT"
"12030" "Ifi206" 13.8220018408734 0.1024004095213 0.152458045246315 0.878825678595504 0.976264275797625 0.476190476190476 0.535714285714286 "Uqcrc2_noRT" "non-targeting_noRT"
"12031" "Mafk" 2.97867460803905 0.16077739681555 0.152272320744722 0.878972155163891 NA 0.238095238095238 0.25 "Uqcrc2_noRT" "non-targeting_noRT"
"12032" "Ccz1" 23.4922918086333 -0.0589059456998014 -0.152258885122682 0.878982751685333 0.976264275797625 0.666666666666667 0.839285714285714 "Uqcrc2_noRT" "non-targeting_noRT"
"12033" "Cfap61" 1.43104432246608 -0.245012595610147 -0.152073037798313 0.879129329567481 NA 0.0952380952380952 0.160714285714286 "Uqcrc2_noRT" "non-targeting_noRT"
"12034" "Trim6" 0.717260484792626 -0.335025654899016 -0.151960778005916 0.879217870931857 NA 0.0476190476190476 0.0892857142857143 "Uqcrc2_noRT" "non-targeting_noRT"
"12035" "Slc30a9" 13.1455980612884 0.0797882285159598 0.151942579813456 0.879232224323486 0.976264275797625 0.619047619047619 0.696428571428571 "Uqcrc2_noRT" "non-targeting_noRT"
"12036" "Arl8a" 13.6757076943558 -0.0783141773142907 -0.151858624364932 0.879298442701244 0.976264275797625 0.571428571428571 0.678571428571429 "Uqcrc2_noRT" "non-targeting_noRT"
"12037" "Samd1" 11.7503433922643 0.0826905670816031 0.151826921805125 0.879323447755185 NA 0.571428571428571 0.553571428571429 "Uqcrc2_noRT" "non-targeting_noRT"
"12038" "Srcap" 10.879110214875 -0.0874784601813633 -0.151751100061053 0.879383251830506 NA 0.428571428571429 0.607142857142857 "Uqcrc2_noRT" "non-targeting_noRT"
"12039" "Ss18l1" 0.264309598782077 -0.583611256875786 -0.151294851721492 0.879743130267116 NA 0 0.0535714285714286 "Uqcrc2_noRT" "non-targeting_noRT"
"12040" "Uckl1os" 0.264309598782077 -0.583611256875786 -0.151294851721492 0.879743130267116 NA 0 0.0535714285714286 "Uqcrc2_noRT" "non-targeting_noRT"
"12041" "Ddit4l" 0.264309598782077 -0.583611256875786 -0.151294851721492 0.879743130267116 NA 0 0.0178571428571429 "Uqcrc2_noRT" "non-targeting_noRT"
"12042" "Drc3" 0.264309598782077 -0.583611256875786 -0.151294851721492 0.879743130267116 NA 0 0.0178571428571429 "Uqcrc2_noRT" "non-targeting_noRT"
"12043" "Pfn4" 0.264309598782077 -0.583611256875786 -0.151294851721492 0.879743130267116 NA 0 0.0535714285714286 "Uqcrc2_noRT" "non-targeting_noRT"
"12044" "Ripk3" 0.264309598782077 -0.583611256875786 -0.151294851721492 0.879743130267116 NA 0 0.0357142857142857 "Uqcrc2_noRT" "non-targeting_noRT"
"12045" "1700001L05Rik" 0.264309598782077 -0.583611256875786 -0.151294851721492 0.879743130267116 NA 0 0.0535714285714286 "Uqcrc2_noRT" "non-targeting_noRT"
"12046" "Gm4356" 0.264309598782077 -0.583611256875786 -0.151294851721492 0.879743130267116 NA 0 0.0535714285714286 "Uqcrc2_noRT" "non-targeting_noRT"
"12047" "Ifit1bl1" 0.264309598782077 -0.583611256875786 -0.151294851721492 0.879743130267116 NA 0 0.0178571428571429 "Uqcrc2_noRT" "non-targeting_noRT"
"12048" "Rptor" 2.72263254543145 -0.1665885482946 -0.151288793638021 0.879747908914492 NA 0.142857142857143 0.232142857142857 "Uqcrc2_noRT" "non-targeting_noRT"
"12049" "Zfp58" 1.36857790241777 -0.240996773787804 -0.150983123962919 0.879989028407032 NA 0.0952380952380952 0.160714285714286 "Uqcrc2_noRT" "non-targeting_noRT"
"12050" "Ergic1" 20.6750323876112 0.0644936115657868 0.150815080701481 0.880121589660837 0.976916077794137 0.80952380952381 0.821428571428571 "Uqcrc2_noRT" "non-targeting_noRT"
"12051" "Vps35l" 5.32121306592697 -0.122208486079138 -0.150773473077144 0.88015441243531 NA 0.238095238095238 0.392857142857143 "Uqcrc2_noRT" "non-targeting_noRT"
"12052" "Prx" 0.708253320685996 -0.310355999985497 -0.150649196080834 0.880252451361815 NA 0.0476190476190476 0.0714285714285714 "Uqcrc2_noRT" "non-targeting_noRT"
"12053" "Pccb" 0.708253320685996 -0.310355999985497 -0.150649196080834 0.880252451361815 NA 0.0476190476190476 0.0892857142857143 "Uqcrc2_noRT" "non-targeting_noRT"
"12054" "Tent5d" 0.708253320685996 -0.310355999985497 -0.150649196080834 0.880252451361815 NA 0.0476190476190476 0.0714285714285714 "Uqcrc2_noRT" "non-targeting_noRT"
"12055" "Natd1" 1.351067471818 -0.244359702595785 -0.15062791745878 0.880269237703641 NA 0.0952380952380952 0.142857142857143 "Uqcrc2_noRT" "non-targeting_noRT"
"12056" "Foxl2" 1.76989123501759 0.220508511914891 0.150562686163437 0.880320697894639 NA 0.142857142857143 0.160714285714286 "Uqcrc2_noRT" "non-targeting_noRT"
"12057" "Gns" 8.7031025401814 0.0941499084531376 0.150526156828712 0.880349515671959 NA 0.523809523809524 0.553571428571429 "Uqcrc2_noRT" "non-targeting_noRT"
"12058" "Bloc1s6" 13.7964427343418 -0.0785864090145457 -0.15042985389951 0.88042548924584 0.97699028078867 0.571428571428571 0.678571428571429 "Uqcrc2_noRT" "non-targeting_noRT"
"12059" "Apmap" 7.86291166799045 -0.0995250520803299 -0.150428630173052 0.880426454653179 NA 0.523809523809524 0.607142857142857 "Uqcrc2_noRT" "non-targeting_noRT"
"12060" "Msrb3" 1.42893796643108 -0.24210039734135 -0.150272504566599 0.880549624817944 NA 0.0952380952380952 0.142857142857143 "Uqcrc2_noRT" "non-targeting_noRT"
"12061" "Cntrob" 1.42893796643108 -0.24210039734135 -0.150272504566599 0.880549624817944 NA 0.0952380952380952 0.142857142857143 "Uqcrc2_noRT" "non-targeting_noRT"
"12062" "Trappc5" 17.9253616491228 -0.0710103559558728 -0.15011005314412 0.880677788595044 0.97699028078867 0.619047619047619 0.767857142857143 "Uqcrc2_noRT" "non-targeting_noRT"
"12063" "Zc3h6" 1.06561845906425 0.267592605422183 0.149774617910762 0.880942435415326 NA 0.0952380952380952 0.0892857142857143 "Uqcrc2_noRT" "non-targeting_noRT"
"12064" "Slc22a15" 1.06561845906425 0.267592605422183 0.149774617910762 0.880942435415326 NA 0.0476190476190476 0.107142857142857 "Uqcrc2_noRT" "non-targeting_noRT"
"12065" "Armc8" 6.93460894116589 0.10935280058295 0.149640826549826 0.881047995891673 NA 0.285714285714286 0.410714285714286 "Uqcrc2_noRT" "non-targeting_noRT"
"12066" "Tmem248" 31.6966773435608 0.0514390029198525 0.149630058640646 0.881056491790899 0.97699028078867 0.761904761904762 0.964285714285714 "Uqcrc2_noRT" "non-targeting_noRT"
"12067" "Nif3l1" 11.2489140498275 -0.0866021390832575 -0.149319614332 0.881301438777303 NA 0.571428571428571 0.678571428571429 "Uqcrc2_noRT" "non-targeting_noRT"
"12068" "Klhl26" 0.764335753504061 -0.297897424809526 -0.149283864039746 0.881329647227536 NA 0.0476190476190476 0.0892857142857143 "Uqcrc2_noRT" "non-targeting_noRT"
"12069" "Tagap1" 0.764335753504061 -0.297897424809526 -0.149283864039746 0.881329647227536 NA 0.0476190476190476 0.0714285714285714 "Uqcrc2_noRT" "non-targeting_noRT"
"12070" "Rnf115" 14.617884497303 -0.074771785269549 -0.149192512589869 0.881401727960568 0.97699028078867 0.571428571428571 0.732142857142857 "Uqcrc2_noRT" "non-targeting_noRT"
"12071" "Ndufa10" 69.1394949920928 0.0364477276688985 0.149102379800391 0.88147284807415 0.97699028078867 0.952380952380952 0.982142857142857 "Uqcrc2_noRT" "non-targeting_noRT"
"12072" "Psen1" 5.36929969284671 0.119540972311402 0.149038554025423 0.881523210972003 NA 0.333333333333333 0.410714285714286 "Uqcrc2_noRT" "non-targeting_noRT"
"12073" "2210408I21Rik" 0.763315035049186 -0.329561784512891 -0.148980823897441 0.881568764400489 NA 0.0476190476190476 0.0892857142857143 "Uqcrc2_noRT" "non-targeting_noRT"
"12074" "Tab1" 0.763315035049186 -0.329561784512891 -0.148980823897441 0.881568764400489 NA 0.0476190476190476 0.0714285714285714 "Uqcrc2_noRT" "non-targeting_noRT"
"12075" "Mrpl36" 41.4296970065594 -0.044830416959104 -0.148934835757101 0.881605052794803 0.97699028078867 0.857142857142857 0.946428571428571 "Uqcrc2_noRT" "non-targeting_noRT"
"12076" "2810013P06Rik" 1.348961115783 -0.241398071320143 -0.148804081378302 0.881708230023965 NA 0.0952380952380952 0.142857142857143 "Uqcrc2_noRT" "non-targeting_noRT"
"12077" "Lypla1" 9.20183624576249 0.107343502919024 0.148758851177135 0.88174392127951 NA 0.476190476190476 0.625 "Uqcrc2_noRT" "non-targeting_noRT"
"12078" "Pkn3" 0.751619774940921 -0.29789138525494 -0.148721588172361 0.881773325782518 NA 0.0476190476190476 0.0892857142857143 "Uqcrc2_noRT" "non-targeting_noRT"
"12079" "Ccdc136" 0.751619774940921 -0.29789138525494 -0.148721588172361 0.881773325782518 NA 0.0476190476190476 0.0892857142857143 "Uqcrc2_noRT" "non-targeting_noRT"
"12080" "Gprc5b" 0.751619774940921 -0.29789138525494 -0.148721588172361 0.881773325782518 NA 0.0476190476190476 0.0892857142857143 "Uqcrc2_noRT" "non-targeting_noRT"
"12081" "Pcsk4" 0.775449273645689 -0.327541940520761 -0.148684266488254 0.881802776753147 NA 0.0476190476190476 0.0892857142857143 "Uqcrc2_noRT" "non-targeting_noRT"
"12082" "Ppp1r35" 13.9067089245466 -0.0753326007842524 -0.148390052183056 0.882034950367846 0.97699772911786 0.619047619047619 0.75 "Uqcrc2_noRT" "non-targeting_noRT"
"12083" "Chmp5" 98.6965922587074 -0.0328304282285375 -0.148327920587666 0.882083981629851 0.97699772911786 1 0.982142857142857 "Uqcrc2_noRT" "non-targeting_noRT"
"12084" "Traf3ip2" 2.04110164187129 -0.187710025038226 -0.148305920756924 0.882101342944806 NA 0.142857142857143 0.196428571428571 "Uqcrc2_noRT" "non-targeting_noRT"
"12085" "Fars2" 11.8016184498178 0.080080536951514 0.148212137655329 0.8821753531479 NA 0.476190476190476 0.607142857142857 "Uqcrc2_noRT" "non-targeting_noRT"
"12086" "Qrich1" 8.5258465033707 -0.095367559402831 -0.148140991405989 0.88223149985913 NA 0.523809523809524 0.589285714285714 "Uqcrc2_noRT" "non-targeting_noRT"
"12087" "Pitpna" 39.763844288232 -0.0458846240837901 -0.147994480124102 0.882347124495886 0.977027669564885 0.904761904761905 0.928571428571429 "Uqcrc2_noRT" "non-targeting_noRT"
"12088" "Ick" 7.72911662852481 0.100797851759912 0.1477842899895 0.882513007962652 NA 0.428571428571429 0.482142857142857 "Uqcrc2_noRT" "non-targeting_noRT"
"12089" "Map2k5" 4.00942631636019 -0.135759080710153 -0.147512454433894 0.882727550050298 NA 0.238095238095238 0.339285714285714 "Uqcrc2_noRT" "non-targeting_noRT"
"12090" "Zfp661" 0.595534060001127 0.386115054807409 0.147465312299486 0.88276475714037 NA 0.0476190476190476 0.0357142857142857 "Uqcrc2_noRT" "non-targeting_noRT"
"12091" "Stard10" 0.595534060001127 0.386115054807409 0.147465312299486 0.88276475714037 NA 0.0476190476190476 0.0357142857142857 "Uqcrc2_noRT" "non-targeting_noRT"
"12092" "Pxylp1" 0.595534060001127 0.386115054807409 0.147465312299486 0.88276475714037 NA 0.0476190476190476 0.0535714285714286 "Uqcrc2_noRT" "non-targeting_noRT"
"12093" "Vsir" 0.595534060001127 0.386115054807409 0.147465312299486 0.88276475714037 NA 0.0476190476190476 0.0535714285714286 "Uqcrc2_noRT" "non-targeting_noRT"
"12094" "Gm26658" 0.595534060001127 0.386115054807409 0.147465312299486 0.88276475714037 NA 0.0476190476190476 0.0357142857142857 "Uqcrc2_noRT" "non-targeting_noRT"
"12095" "Pgm2l1" 1.04760413085099 0.294986679000287 0.147450719541529 0.882776274576697 NA 0.0952380952380952 0.0892857142857143 "Uqcrc2_noRT" "non-targeting_noRT"
"12096" "Zc3h14" 24.5664886876987 0.0657867317497205 0.147278466971782 0.882912227994779 0.977234651485994 0.714285714285714 0.857142857142857 "Uqcrc2_noRT" "non-targeting_noRT"
"12097" "Trpm4" 4.19916260141535 -0.142869386454615 -0.147232222439324 0.882948727905655 NA 0.238095238095238 0.321428571428571 "Uqcrc2_noRT" "non-targeting_noRT"
"12098" "Slc25a45" 3.35012245308329 -0.155490550500959 -0.147101568422628 0.883051851924929 NA 0.238095238095238 0.232142857142857 "Uqcrc2_noRT" "non-targeting_noRT"
"12099" "Rps29" 1075.94960409329 0.0167670019380584 0.147049574947033 0.883092890450629 0.977234651485994 1 1 "Uqcrc2_noRT" "non-targeting_noRT"
"12100" "Gm36696" 0.715154128757628 -0.329869288447983 -0.146625698709039 0.883427468276346 NA 0.0476190476190476 0.0892857142857143 "Uqcrc2_noRT" "non-targeting_noRT"
"12101" "Tigd5" 0.715154128757628 -0.329869288447983 -0.146625698709039 0.883427468276346 NA 0.0476190476190476 0.0892857142857143 "Uqcrc2_noRT" "non-targeting_noRT"
"12102" "Snhg6" 114.885129682324 0.0329239244399313 0.146597601486298 0.883449646965858 0.977234651485994 1 1 "Uqcrc2_noRT" "non-targeting_noRT"
"12103" "Erp29" 63.5005142213356 -0.0380161685493012 -0.146560804626699 0.883478692897318 0.977234651485994 1 1 "Uqcrc2_noRT" "non-targeting_noRT"
"12104" "Pld1" 0.703458868649362 -0.297868003275524 -0.146493260136578 0.883532010154603 NA 0.0476190476190476 0.0892857142857143 "Uqcrc2_noRT" "non-targeting_noRT"
"12105" "Gpr17" 0.703458868649362 -0.297868003275524 -0.146493260136578 0.883532010154603 NA 0.0476190476190476 0.0892857142857143 "Uqcrc2_noRT" "non-targeting_noRT"
"12106" "Zup1" 8.04372083455135 0.100639095219866 0.146416093179229 0.883592923696494 NA 0.428571428571429 0.446428571428571 "Uqcrc2_noRT" "non-targeting_noRT"
"12107" "Gstm4" 1.80272789782898 0.20040483560718 0.146297710074068 0.883686373505943 NA 0.142857142857143 0.178571428571429 "Uqcrc2_noRT" "non-targeting_noRT"
"12108" "Arhgef10l" 0.749513418905923 -0.29273662447431 -0.14610371635984 0.883839512670339 NA 0.0476190476190476 0.0892857142857143 "Uqcrc2_noRT" "non-targeting_noRT"
"12109" "Gm21154" 0.749513418905923 -0.29273662447431 -0.14610371635984 0.883839512670339 NA 0.0476190476190476 0.0892857142857143 "Uqcrc2_noRT" "non-targeting_noRT"
"12110" "Frmd8os" 0.749513418905923 -0.29273662447431 -0.14610371635984 0.883839512670339 NA 0.0476190476190476 0.0892857142857143 "Uqcrc2_noRT" "non-targeting_noRT"
"12111" "Pi4k2a" 10.5738778724814 0.0844011871984833 0.145698998289635 0.884159012180091 NA 0.476190476190476 0.535714285714286 "Uqcrc2_noRT" "non-targeting_noRT"
"12112" "Letm2" 2.06703749661106 -0.192489206028428 -0.145681742580941 0.884172634897989 NA 0.142857142857143 0.178571428571429 "Uqcrc2_noRT" "non-targeting_noRT"
"12113" "R3hcc1l" 3.25111055576707 -0.155747275138555 -0.14555920995996 0.884269370671129 NA 0.238095238095238 0.285714285714286 "Uqcrc2_noRT" "non-targeting_noRT"
"12114" "Mrpl30" 150.051431575965 0.0278529879536311 0.14554114062675 0.884283636005496 0.977379042253586 1 1 "Uqcrc2_noRT" "non-targeting_noRT"
"12115" "Atf6b" 10.1414319593715 -0.0875846690588866 -0.145393260341128 0.884400385592461 NA 0.476190476190476 0.678571428571429 "Uqcrc2_noRT" "non-targeting_noRT"
"12116" "Rmnd5a" 8.79208655493611 0.0907483105445386 0.145369476255001 0.884419163057508 NA 0.523809523809524 0.589285714285714 "Uqcrc2_noRT" "non-targeting_noRT"
"12117" "Nop53" 28.752213497951 -0.0540032319853223 -0.145361285734207 0.88442562946427 0.977379042253586 0.80952380952381 0.910714285714286 "Uqcrc2_noRT" "non-targeting_noRT"
"12118" "Zfp653" 1.07251926713588 0.25551081455765 0.145284579829501 0.884486189061574 NA 0.0952380952380952 0.107142857142857 "Uqcrc2_noRT" "non-targeting_noRT"
"12119" "Srsf2" 94.5236784698584 0.0317171214380316 0.145023238265965 0.884692524263512 0.977379042253586 0.952380952380952 0.964285714285714 "Uqcrc2_noRT" "non-targeting_noRT"
"12120" "Icam1" 2.02627930727316 -0.191694882557063 -0.144873014700577 0.884811132779369 NA 0.142857142857143 0.196428571428571 "Uqcrc2_noRT" "non-targeting_noRT"
"12121" "Tesc" 34.5790556472043 -0.0641286253638194 -0.144681142626272 0.884962628490459 0.977379042253586 0.523809523809524 0.625 "Uqcrc2_noRT" "non-targeting_noRT"
"12122" "D430040D24Rik" 0.246295270568817 -0.492403804637497 -0.144543990649411 0.885070921638156 NA 0 0.0535714285714286 "Uqcrc2_noRT" "non-targeting_noRT"
"12123" "Hecw2" 0.246295270568817 -0.492403804637497 -0.144543990649411 0.885070921638156 NA 0 0.0535714285714286 "Uqcrc2_noRT" "non-targeting_noRT"
"12124" "Rgs2" 0.246295270568817 -0.492403804637497 -0.144543990649411 0.885070921638156 NA 0 0.0357142857142857 "Uqcrc2_noRT" "non-targeting_noRT"
"12125" "Dennd2c" 0.246295270568817 -0.492403804637497 -0.144543990649411 0.885070921638156 NA 0 0.0535714285714286 "Uqcrc2_noRT" "non-targeting_noRT"
"12126" "Egf" 0.246295270568817 -0.492403804637497 -0.144543990649411 0.885070921638156 NA 0 0.0357142857142857 "Uqcrc2_noRT" "non-targeting_noRT"
"12127" "4930548H24Rik" 0.246295270568817 -0.492403804637497 -0.144543990649411 0.885070921638156 NA 0 0.0535714285714286 "Uqcrc2_noRT" "non-targeting_noRT"
"12128" "Oas2" 0.246295270568817 -0.492403804637497 -0.144543990649411 0.885070921638156 NA 0 0.0357142857142857 "Uqcrc2_noRT" "non-targeting_noRT"
"12129" "Fam220a.1" 0.246295270568817 -0.492403804637497 -0.144543990649411 0.885070921638156 NA 0 0.0535714285714286 "Uqcrc2_noRT" "non-targeting_noRT"
"12130" "A430078I02Rik" 0.246295270568817 -0.492403804637497 -0.144543990649411 0.885070921638156 NA 0 0.0535714285714286 "Uqcrc2_noRT" "non-targeting_noRT"
"12131" "Zfp940" 0.246295270568817 -0.492403804637497 -0.144543990649411 0.885070921638156 NA 0 0.0535714285714286 "Uqcrc2_noRT" "non-targeting_noRT"
"12132" "1700028J19Rik" 0.246295270568817 -0.492403804637497 -0.144543990649411 0.885070921638156 NA 0 0.0535714285714286 "Uqcrc2_noRT" "non-targeting_noRT"
"12133" "Carmil2" 0.246295270568817 -0.492403804637497 -0.144543990649411 0.885070921638156 NA 0 0.0357142857142857 "Uqcrc2_noRT" "non-targeting_noRT"
"12134" "Ctrl" 0.246295270568817 -0.492403804637497 -0.144543990649411 0.885070921638156 NA 0 0.0535714285714286 "Uqcrc2_noRT" "non-targeting_noRT"
"12135" "1700057G04Rik" 0.246295270568817 -0.492403804637497 -0.144543990649411 0.885070921638156 NA 0 0.0535714285714286 "Uqcrc2_noRT" "non-targeting_noRT"
"12136" "Zkscan7" 0.246295270568817 -0.492403804637497 -0.144543990649411 0.885070921638156 NA 0 0.0535714285714286 "Uqcrc2_noRT" "non-targeting_noRT"
"12137" "Tspan8" 0.246295270568817 -0.492403804637497 -0.144543990649411 0.885070921638156 NA 0 0.0357142857142857 "Uqcrc2_noRT" "non-targeting_noRT"
"12138" "Lyz2" 0.246295270568817 -0.492403804637497 -0.144543990649411 0.885070921638156 NA 0 0.0535714285714286 "Uqcrc2_noRT" "non-targeting_noRT"
"12139" "Cd68" 0.246295270568817 -0.492403804637497 -0.144543990649411 0.885070921638156 NA 0 0.0535714285714286 "Uqcrc2_noRT" "non-targeting_noRT"
"12140" "Gm50218" 0.246295270568817 -0.492403804637497 -0.144543990649411 0.885070921638156 NA 0 0.0535714285714286 "Uqcrc2_noRT" "non-targeting_noRT"
"12141" "Mesd" 26.4867278188385 0.0533261623923045 0.144479675308727 0.885121704807871 0.977379042253586 0.761904761904762 0.892857142857143 "Uqcrc2_noRT" "non-targeting_noRT"
"12142" "Fosl1" 12.9457512044029 0.078190679498477 0.144145721255138 0.88538540135116 0.977379042253586 0.619047619047619 0.625 "Uqcrc2_noRT" "non-targeting_noRT"
"12143" "4930558J18Rik" 0.701352512614364 -0.292633594312116 -0.143867091940996 0.885605422131259 NA 0.0476190476190476 0.0535714285714286 "Uqcrc2_noRT" "non-targeting_noRT"
"12144" "Gm5532" 0.701352512614364 -0.292633594312116 -0.143867091940996 0.885605422131259 NA 0.0476190476190476 0.0892857142857143 "Uqcrc2_noRT" "non-targeting_noRT"
"12145" "Mb" 0.701352512614364 -0.292633594312116 -0.143867091940996 0.885605422131259 NA 0.0476190476190476 0.0892857142857143 "Uqcrc2_noRT" "non-targeting_noRT"
"12146" "Luc7l" 31.8000978300113 0.0540007305074962 0.143556698483492 0.885850535981991 0.977379042253586 0.857142857142857 0.910714285714286 "Uqcrc2_noRT" "non-targeting_noRT"
"12147" "Nagpa" 2.28711781064886 0.175023462231466 0.143527681572596 0.885873450834042 NA 0.19047619047619 0.178571428571429 "Uqcrc2_noRT" "non-targeting_noRT"
"12148" "Eml4" 10.589204104693 0.0806421043861191 0.143425057657265 0.885954494404025 NA 0.523809523809524 0.553571428571429 "Uqcrc2_noRT" "non-targeting_noRT"
"12149" "Tdrp" 0.547373153709569 0.385328246266697 0.143422848335625 0.885956239149962 NA 0.0476190476190476 0.0535714285714286 "Uqcrc2_noRT" "non-targeting_noRT"
"12150" "Dynlt1b" 0.547373153709569 0.385328246266697 0.143422848335625 0.885956239149962 NA 0.0476190476190476 0.0535714285714286 "Uqcrc2_noRT" "non-targeting_noRT"
"12151" "Parl" 21.8674254691084 -0.0578945257339034 -0.143418490346068 0.885959680743987 0.977379042253586 0.761904761904762 0.821428571428571 "Uqcrc2_noRT" "non-targeting_noRT"
"12152" "Dnajc1" 17.3731382389455 0.0642866334783203 0.143348304743694 0.886015108054588 0.977379042253586 0.571428571428571 0.767857142857143 "Uqcrc2_noRT" "non-targeting_noRT"
"12153" "Clip1" 2.03107375930979 -0.196428224713428 -0.14326165787661 0.886083536003277 NA 0.142857142857143 0.178571428571429 "Uqcrc2_noRT" "non-targeting_noRT"
"12154" "Wdr13" 3.49808538205847 0.149142298179808 0.143260569163239 0.886084395802292 NA 0.142857142857143 0.25 "Uqcrc2_noRT" "non-targeting_noRT"
"12155" "Clk1" 25.9062878241215 0.0539899637442904 0.143245033997873 0.886096664537241 0.977379042253586 0.761904761904762 0.785714285714286 "Uqcrc2_noRT" "non-targeting_noRT"
"12156" "Mprip" 16.0270571183557 0.0657249659131236 0.1431048345945 0.886207386789622 0.977379042253586 0.571428571428571 0.714285714285714 "Uqcrc2_noRT" "non-targeting_noRT"
"12157" "Zbed3" 9.06726131062877 0.0910078766246806 0.143088642696908 0.88622017445773 NA 0.476190476190476 0.375 "Uqcrc2_noRT" "non-targeting_noRT"
"12158" "Gm8251" 7.34329963453292 0.0960934154715986 0.143034864527366 0.886262646368264 NA 0.285714285714286 0.25 "Uqcrc2_noRT" "non-targeting_noRT"
"12159" "Foxo3" 3.0866936694619 0.150403569863435 0.142803362501648 0.886445481409544 NA 0.238095238095238 0.214285714285714 "Uqcrc2_noRT" "non-targeting_noRT"
"12160" "Eya4" 5.38731402105997 0.112831267026375 0.142627020606243 0.886584756289128 NA 0.380952380952381 0.375 "Uqcrc2_noRT" "non-targeting_noRT"
"12161" "Ppid" 108.089226659743 0.0289595052033142 0.142534541629131 0.886657797612287 0.977549540295434 0.952380952380952 0.982142857142857 "Uqcrc2_noRT" "non-targeting_noRT"
"12162" "Rxrb" 13.2131798771504 0.08082859359937 0.14231087762364 0.886834454874108 0.977549540295434 0.619047619047619 0.767857142857143 "Uqcrc2_noRT" "non-targeting_noRT"
"12163" "Atf6" 10.4540076517162 -0.0813893709056923 -0.142284930401874 0.886854949216013 NA 0.571428571428571 0.607142857142857 "Uqcrc2_noRT" "non-targeting_noRT"
"12164" "Pus7l" 4.43014962444387 0.138396953993219 0.14217628360506 0.886940764411867 NA 0.285714285714286 0.214285714285714 "Uqcrc2_noRT" "non-targeting_noRT"
"12165" "2210016F16Rik" 0.72357955289762 -0.355067543405891 -0.142026374422366 0.887059173078137 NA 0.0476190476190476 0.0714285714285714 "Uqcrc2_noRT" "non-targeting_noRT"
"12166" "Mast3" 6.49555930644699 -0.104015591378184 -0.142017766870221 0.887065971996174 NA 0.380952380952381 0.464285714285714 "Uqcrc2_noRT" "non-targeting_noRT"
"12167" "Tsga10" 0.257990530677083 -0.552077648288567 -0.14189919099262 0.887159633345929 NA 0 0.0357142857142857 "Uqcrc2_noRT" "non-targeting_noRT"
"12168" "Procr" 0.257990530677083 -0.552077648288567 -0.14189919099262 0.887159633345929 NA 0 0.0178571428571429 "Uqcrc2_noRT" "non-targeting_noRT"
"12169" "Gm9936" 0.257990530677083 -0.552077648288567 -0.14189919099262 0.887159633345929 NA 0 0.0357142857142857 "Uqcrc2_noRT" "non-targeting_noRT"
"12170" "Sipa1l2" 0.257990530677083 -0.552077648288567 -0.14189919099262 0.887159633345929 NA 0 0.0535714285714286 "Uqcrc2_noRT" "non-targeting_noRT"
"12171" "4930509E16Rik" 0.257990530677083 -0.552077648288567 -0.14189919099262 0.887159633345929 NA 0 0.0535714285714286 "Uqcrc2_noRT" "non-targeting_noRT"
"12172" "Pdlim4" 0.257990530677083 -0.552077648288567 -0.14189919099262 0.887159633345929 NA 0 0.0357142857142857 "Uqcrc2_noRT" "non-targeting_noRT"
"12173" "Hist1h4k" 0.257990530677083 -0.552077648288567 -0.14189919099262 0.887159633345929 NA 0 0.0535714285714286 "Uqcrc2_noRT" "non-targeting_noRT"
"12174" "Cep72" 0.257990530677083 -0.552077648288567 -0.14189919099262 0.887159633345929 NA 0 0.0535714285714286 "Uqcrc2_noRT" "non-targeting_noRT"
"12175" "Mmrn2" 0.257990530677083 -0.552077648288567 -0.14189919099262 0.887159633345929 NA 0 0.0535714285714286 "Uqcrc2_noRT" "non-targeting_noRT"
"12176" "Fam135b" 0.257990530677083 -0.552077648288567 -0.14189919099262 0.887159633345929 NA 0 0.0178571428571429 "Uqcrc2_noRT" "non-targeting_noRT"
"12177" "Gm29994" 0.257990530677083 -0.552077648288567 -0.14189919099262 0.887159633345929 NA 0 0.0535714285714286 "Uqcrc2_noRT" "non-targeting_noRT"
"12178" "Gm4297" 0.257990530677083 -0.552077648288567 -0.14189919099262 0.887159633345929 NA 0 0.0178571428571429 "Uqcrc2_noRT" "non-targeting_noRT"
"12179" "N4bp2" 5.12507987041366 -0.117620345159444 -0.141853931979833 0.887195383193159 NA 0.285714285714286 0.339285714285714 "Uqcrc2_noRT" "non-targeting_noRT"
"12180" "Lpp" 7.53506244453847 0.0961989646529238 0.141182216000598 0.887725994922642 NA 0.476190476190476 0.428571428571429 "Uqcrc2_noRT" "non-targeting_noRT"
"12181" "1700019D03Rik" 1.79480637130248 0.186392546452549 0.141067641299105 0.887816506480086 NA 0.142857142857143 0.142857142857143 "Uqcrc2_noRT" "non-targeting_noRT"
"12182" "Nkrf" 1.79480637130248 0.186392546452549 0.141067641299105 0.887816506480086 NA 0.142857142857143 0.142857142857143 "Uqcrc2_noRT" "non-targeting_noRT"
"12183" "Efhc1" 0.244188914533819 -0.481759103608769 -0.141019198049653 0.887854776048524 NA 0 0.0535714285714286 "Uqcrc2_noRT" "non-targeting_noRT"
"12184" "Pfkfb2" 0.244188914533819 -0.481759103608769 -0.141019198049653 0.887854776048524 NA 0 0.0535714285714286 "Uqcrc2_noRT" "non-targeting_noRT"
"12185" "B230369F24Rik" 0.244188914533819 -0.481759103608769 -0.141019198049653 0.887854776048524 NA 0 0.0535714285714286 "Uqcrc2_noRT" "non-targeting_noRT"
"12186" "2310005A03Rik" 0.244188914533819 -0.481759103608769 -0.141019198049653 0.887854776048524 NA 0 0.0535714285714286 "Uqcrc2_noRT" "non-targeting_noRT"
"12187" "Cnbd2" 0.244188914533819 -0.481759103608769 -0.141019198049653 0.887854776048524 NA 0 0.0357142857142857 "Uqcrc2_noRT" "non-targeting_noRT"
"12188" "Bpi" 0.244188914533819 -0.481759103608769 -0.141019198049653 0.887854776048524 NA 0 0.0535714285714286 "Uqcrc2_noRT" "non-targeting_noRT"
"12189" "Snai1" 0.244188914533819 -0.481759103608769 -0.141019198049653 0.887854776048524 NA 0 0.0357142857142857 "Uqcrc2_noRT" "non-targeting_noRT"
"12190" "1700013F07Rik" 0.244188914533819 -0.481759103608769 -0.141019198049653 0.887854776048524 NA 0 0.0535714285714286 "Uqcrc2_noRT" "non-targeting_noRT"
"12191" "Nupr1l" 0.244188914533819 -0.481759103608769 -0.141019198049653 0.887854776048524 NA 0 0.0535714285714286 "Uqcrc2_noRT" "non-targeting_noRT"
"12192" "B230303O12Rik" 0.244188914533819 -0.481759103608769 -0.141019198049653 0.887854776048524 NA 0 0.0535714285714286 "Uqcrc2_noRT" "non-targeting_noRT"
"12193" "Gm2788" 0.244188914533819 -0.481759103608769 -0.141019198049653 0.887854776048524 NA 0 0.0535714285714286 "Uqcrc2_noRT" "non-targeting_noRT"
"12194" "B230317F23Rik" 0.244188914533819 -0.481759103608769 -0.141019198049653 0.887854776048524 NA 0 0.0535714285714286 "Uqcrc2_noRT" "non-targeting_noRT"
"12195" "Klf1" 0.244188914533819 -0.481759103608769 -0.141019198049653 0.887854776048524 NA 0 0.0357142857142857 "Uqcrc2_noRT" "non-targeting_noRT"
"12196" "Kirrel3" 0.244188914533819 -0.481759103608769 -0.141019198049653 0.887854776048524 NA 0 0.0535714285714286 "Uqcrc2_noRT" "non-targeting_noRT"
"12197" "Man2c1os" 0.244188914533819 -0.481759103608769 -0.141019198049653 0.887854776048524 NA 0 0.0535714285714286 "Uqcrc2_noRT" "non-targeting_noRT"
"12198" "Gm9888" 0.244188914533819 -0.481759103608769 -0.141019198049653 0.887854776048524 NA 0 0.0535714285714286 "Uqcrc2_noRT" "non-targeting_noRT"
"12199" "Leap2" 0.244188914533819 -0.481759103608769 -0.141019198049653 0.887854776048524 NA 0 0.0535714285714286 "Uqcrc2_noRT" "non-targeting_noRT"
"12200" "Lrrc75a" 0.244188914533819 -0.481759103608769 -0.141019198049653 0.887854776048524 NA 0 0.0357142857142857 "Uqcrc2_noRT" "non-targeting_noRT"
"12201" "Scarf1" 0.244188914533819 -0.481759103608769 -0.141019198049653 0.887854776048524 NA 0 0.0535714285714286 "Uqcrc2_noRT" "non-targeting_noRT"
"12202" "Proca1" 0.244188914533819 -0.481759103608769 -0.141019198049653 0.887854776048524 NA 0 0.0357142857142857 "Uqcrc2_noRT" "non-targeting_noRT"
"12203" "Akap5" 0.244188914533819 -0.481759103608769 -0.141019198049653 0.887854776048524 NA 0 0.0357142857142857 "Uqcrc2_noRT" "non-targeting_noRT"
"12204" "Gm29361" 0.244188914533819 -0.481759103608769 -0.141019198049653 0.887854776048524 NA 0 0.0535714285714286 "Uqcrc2_noRT" "non-targeting_noRT"
"12205" "Mirg" 0.244188914533819 -0.481759103608769 -0.141019198049653 0.887854776048524 NA 0 0.0357142857142857 "Uqcrc2_noRT" "non-targeting_noRT"
"12206" "Platr25" 0.244188914533819 -0.481759103608769 -0.141019198049653 0.887854776048524 NA 0 0.0357142857142857 "Uqcrc2_noRT" "non-targeting_noRT"
"12207" "Gm17259" 0.244188914533819 -0.481759103608769 -0.141019198049653 0.887854776048524 NA 0 0.0535714285714286 "Uqcrc2_noRT" "non-targeting_noRT"
"12208" "Ppp1r3e" 0.244188914533819 -0.481759103608769 -0.141019198049653 0.887854776048524 NA 0 0.0535714285714286 "Uqcrc2_noRT" "non-targeting_noRT"
"12209" "Snn" 0.244188914533819 -0.481759103608769 -0.141019198049653 0.887854776048524 NA 0 0.0535714285714286 "Uqcrc2_noRT" "non-targeting_noRT"
"12210" "Pou5f1" 0.244188914533819 -0.481759103608769 -0.141019198049653 0.887854776048524 NA 0 0.0535714285714286 "Uqcrc2_noRT" "non-targeting_noRT"
"12211" "1700061G19Rik" 0.244188914533819 -0.481759103608769 -0.141019198049653 0.887854776048524 NA 0 0.0357142857142857 "Uqcrc2_noRT" "non-targeting_noRT"
"12212" "9130209A04Rik" 0.244188914533819 -0.481759103608769 -0.141019198049653 0.887854776048524 NA 0 0.0357142857142857 "Uqcrc2_noRT" "non-targeting_noRT"
"12213" "Slc27a6" 0.244188914533819 -0.481759103608769 -0.141019198049653 0.887854776048524 NA 0 0.0535714285714286 "Uqcrc2_noRT" "non-targeting_noRT"
"12214" "Gm35867" 0.244188914533819 -0.481759103608769 -0.141019198049653 0.887854776048524 NA 0 0.0535714285714286 "Uqcrc2_noRT" "non-targeting_noRT"
"12215" "Usp27x" 0.244188914533819 -0.481759103608769 -0.141019198049653 0.887854776048524 NA 0 0.0535714285714286 "Uqcrc2_noRT" "non-targeting_noRT"
"12216" "Nxf2" 0.244188914533819 -0.481759103608769 -0.141019198049653 0.887854776048524 NA 0 0.0535714285714286 "Uqcrc2_noRT" "non-targeting_noRT"
"12217" "Ncoa4" 2.72634135988796 -0.155375358286666 -0.140923291125193 0.887930542104754 NA 0.19047619047619 0.285714285714286 "Uqcrc2_noRT" "non-targeting_noRT"
"12218" "Rnf13" 12.7270787556566 -0.0754139756527812 -0.140725336654555 0.888086928519179 0.978669430149763 0.619047619047619 0.696428571428571 "Uqcrc2_noRT" "non-targeting_noRT"
"12219" "Ccdc167" 10.3157040976524 -0.0824026396994321 -0.14067978466387 0.888122915756906 NA 0.380952380952381 0.607142857142857 "Uqcrc2_noRT" "non-targeting_noRT"
"12220" "Tet3" 6.84990255760642 0.0983378446562394 0.140448297857368 0.888305799817038 NA 0.380952380952381 0.464285714285714 "Uqcrc2_noRT" "non-targeting_noRT"
"12221" "Cdk5" 20.8154018150365 -0.0583199635094099 -0.140081948642798 0.888595242851685 0.978877571220453 0.761904761904762 0.839285714285714 "Uqcrc2_noRT" "non-targeting_noRT"
"12222" "Tecpr1" 1.84136481917252 0.200095162784872 0.140002254408309 0.888658209172614 NA 0.0952380952380952 0.160714285714286 "Uqcrc2_noRT" "non-targeting_noRT"
"12223" "Zfp62" 5.45356353493661 -0.113330079066479 -0.139955162239781 0.888695416969826 NA 0.333333333333333 0.339285714285714 "Uqcrc2_noRT" "non-targeting_noRT"
"12224" "Mmgt1" 4.25203075714382 0.132346718871358 0.139954738018449 0.888695752150691 NA 0.285714285714286 0.285714285714286 "Uqcrc2_noRT" "non-targeting_noRT"
"12225" "Fancf" 3.00148338828895 0.144665127250468 0.139910952648254 0.888730347449299 NA 0.238095238095238 0.232142857142857 "Uqcrc2_noRT" "non-targeting_noRT"
"12226" "Nob1" 24.8925063581038 0.0552027588602332 0.139887445242431 0.888748920994501 0.978877571220453 0.857142857142857 0.839285714285714 "Uqcrc2_noRT" "non-targeting_noRT"
"12227" "Tmem161a" 9.21536186385115 -0.0890401247120565 -0.139731164169003 0.888872402508951 NA 0.476190476190476 0.571428571428571 "Uqcrc2_noRT" "non-targeting_noRT"
"12228" "Wbp11" 63.5595409398726 -0.0362305564288997 -0.139516896366057 0.889041705144924 0.978939482674214 0.857142857142857 0.964285714285714 "Uqcrc2_noRT" "non-targeting_noRT"
"12229" "Fkbp5" 1.07462562317088 0.249033560956538 0.139431658260064 0.889109057016908 NA 0.0952380952380952 0.107142857142857 "Uqcrc2_noRT" "non-targeting_noRT"
"12230" "Appbp2" 18.765592574522 -0.0617078296384806 -0.139053204944675 0.889408105926811 0.979082400192908 0.714285714285714 0.803571428571429 "Uqcrc2_noRT" "non-targeting_noRT"
"12231" "Inafm1" 1.45858263562736 -0.225708694707776 -0.138962337049669 0.889479910905545 NA 0.0952380952380952 0.142857142857143 "Uqcrc2_noRT" "non-targeting_noRT"
"12232" "Abitram" 7.43605054722225 0.0991237900433836 0.138729823790341 0.889663649998983 NA 0.428571428571429 0.517857142857143 "Uqcrc2_noRT" "non-targeting_noRT"
"12233" "Aup1" 31.2652260883321 -0.0472536840951211 -0.138434663819804 0.889896902976973 0.979267802037974 0.80952380952381 0.857142857142857 "Uqcrc2_noRT" "non-targeting_noRT"
"12234" "Rpusd3" 1.46127073162899 -0.228318612930899 -0.138418941044425 0.889909328317519 NA 0.0952380952380952 0.142857142857143 "Uqcrc2_noRT" "non-targeting_noRT"
"12235" "Clec1a" 0.767023849505696 -0.305319611236641 -0.13839341680557 0.889929499582302 NA 0.0476190476190476 0.0892857142857143 "Uqcrc2_noRT" "non-targeting_noRT"
"12236" "Dyrk1a" 3.02110017492372 0.143984181575008 0.138391681625517 0.889930870860894 NA 0.238095238095238 0.25 "Uqcrc2_noRT" "non-targeting_noRT"
"12237" "Bmpr2" 7.59812551651278 0.0953826174345286 0.138119581881103 0.890145909997213 NA 0.380952380952381 0.446428571428571 "Uqcrc2_noRT" "non-targeting_noRT"
"12238" "BC002059" 1.42574597281596 -0.213116059122721 -0.138100499137307 0.890160991302498 NA 0.0952380952380952 0.125 "Uqcrc2_noRT" "non-targeting_noRT"
"12239" "Abt1" 13.9805319661604 -0.0699981189402175 -0.137677358102655 0.890495414583981 0.979267802037974 0.571428571428571 0.75 "Uqcrc2_noRT" "non-targeting_noRT"
"12240" "Kat14" 4.701062944835 -0.118277866492309 -0.137371794972326 0.890736924019343 NA 0.285714285714286 0.339285714285714 "Uqcrc2_noRT" "non-targeting_noRT"
"12241" "Jmjd4" 3.01899381888872 0.145379219738533 0.13730193849916 0.890792138248435 NA 0.19047619047619 0.232142857142857 "Uqcrc2_noRT" "non-targeting_noRT"
"12242" "Whrn" 0.70556522468436 -0.303358933318547 -0.137267925593457 0.890819022081459 NA 0.0476190476190476 0.0892857142857143 "Uqcrc2_noRT" "non-targeting_noRT"
"12243" "Akr1b7" 0.70556522468436 -0.303358933318547 -0.137267925593457 0.890819022081459 NA 0.0476190476190476 0.0714285714285714 "Uqcrc2_noRT" "non-targeting_noRT"
"12244" "Tada3" 10.2899261308781 0.079343385075588 0.1370759441656 0.890970766737447 NA 0.619047619047619 0.660714285714286 "Uqcrc2_noRT" "non-targeting_noRT"
"12245" "Ccdc9" 10.6197765235039 -0.0795423999136152 -0.137033141102592 0.891004599388344 NA 0.380952380952381 0.571428571428571 "Uqcrc2_noRT" "non-targeting_noRT"
"12246" "Micos13" 107.814635663363 -0.0272295273392319 -0.136831079385926 0.891164316887287 0.979267802037974 1 1 "Uqcrc2_noRT" "non-targeting_noRT"
"12247" "Crispld2" 2.54463178863035 0.174391272368575 0.136791653457275 0.891195481201337 NA 0.142857142857143 0.196428571428571 "Uqcrc2_noRT" "non-targeting_noRT"
"12248" "Tomm70a" 30.5770356587318 0.0482701959035014 0.136687408766886 0.891277882461093 0.979267802037974 0.80952380952381 0.875 "Uqcrc2_noRT" "non-targeting_noRT"
"12249" "Wdr4" 11.7552027634262 0.0747665846891848 0.136621380298865 0.891330075932491 NA 0.571428571428571 0.660714285714286 "Uqcrc2_noRT" "non-targeting_noRT"
"12250" "Npdc1" 3.38135466874171 -0.139463049160728 -0.136601903593775 0.891345471758244 NA 0.19047619047619 0.25 "Uqcrc2_noRT" "non-targeting_noRT"
"12251" "Vps35" 42.1615331305202 0.0409311042741977 0.136575759762027 0.891366137837563 0.979267802037974 0.80952380952381 0.964285714285714 "Uqcrc2_noRT" "non-targeting_noRT"
"12252" "Smc3" 57.5091408358436 0.0362596895154615 0.136407909619327 0.891498821153974 0.979267802037974 0.952380952380952 0.964285714285714 "Uqcrc2_noRT" "non-targeting_noRT"
"12253" "Strada" 2.12900001904588 -0.177051636733846 -0.136339206450563 0.891553130976069 NA 0.142857142857143 0.232142857142857 "Uqcrc2_noRT" "non-targeting_noRT"
"12254" "4930550L24Rik" 64.9437824287005 -0.0332690340061063 -0.136167129232575 0.891689160166896 0.979267802037974 0.904761904761905 0.982142857142857 "Uqcrc2_noRT" "non-targeting_noRT"
"12255" "Brix1" 199.038512272594 -0.0258264917472904 -0.136058573288364 0.891774976637029 0.979267802037974 0.952380952380952 1 "Uqcrc2_noRT" "non-targeting_noRT"
"12256" "Ogfod3" 16.5060924178497 -0.0641378316074846 -0.135816231503157 0.891966559078853 0.979267802037974 0.666666666666667 0.785714285714286 "Uqcrc2_noRT" "non-targeting_noRT"
"12257" "Ankrd10" 12.4429878159661 0.0707431460484895 0.135790862512237 0.891986614809765 NA 0.619047619047619 0.75 "Uqcrc2_noRT" "non-targeting_noRT"
"12258" "Gm10010" 0.755328589397431 -0.275034270464502 -0.135758600449543 0.892012120033123 NA 0.0476190476190476 0.0714285714285714 "Uqcrc2_noRT" "non-targeting_noRT"
"12259" "Galnt4" 0.755328589397431 -0.275034270464502 -0.135758600449543 0.892012120033123 NA 0.0476190476190476 0.0892857142857143 "Uqcrc2_noRT" "non-targeting_noRT"
"12260" "Tbc1d25" 0.755328589397431 -0.275034270464502 -0.135758600449543 0.892012120033123 NA 0.0476190476190476 0.0892857142857143 "Uqcrc2_noRT" "non-targeting_noRT"
"12261" "Fam114a2" 26.8972965094369 -0.0502878241321837 -0.13565383478417 0.892094944760439 0.979267802037974 0.80952380952381 0.857142857142857 "Uqcrc2_noRT" "non-targeting_noRT"
"12262" "Stambpl1" 4.79432330685061 0.121422096748169 0.135624610799283 0.892118048613903 NA 0.333333333333333 0.375 "Uqcrc2_noRT" "non-targeting_noRT"
"12263" "Ccdc58" 25.114056429445 -0.0509705175658696 -0.135546624129099 0.892179703645037 0.979267802037974 0.761904761904762 0.857142857142857 "Uqcrc2_noRT" "non-targeting_noRT"
"12264" "Dnaaf4" 0.706146964650998 -0.305384959803916 -0.135485920470767 0.892227695450772 NA 0.0476190476190476 0.0714285714285714 "Uqcrc2_noRT" "non-targeting_noRT"
"12265" "Scara5" 0.706146964650998 -0.305384959803916 -0.135485920470767 0.892227695450772 NA 0.0476190476190476 0.0535714285714286 "Uqcrc2_noRT" "non-targeting_noRT"
"12266" "Sgsh" 0.742612610834291 -0.27494554424976 -0.135198384978393 0.89245502397151 NA 0.0476190476190476 0.0892857142857143 "Uqcrc2_noRT" "non-targeting_noRT"
"12267" "Sema4d" 0.742612610834291 -0.27494554424976 -0.135198384978393 0.89245502397151 NA 0.0476190476190476 0.0714285714285714 "Uqcrc2_noRT" "non-targeting_noRT"
"12268" "Tstd3" 6.13393452154482 0.0997381246922542 0.13517945473364 0.892469990728182 NA 0.380952380952381 0.5 "Uqcrc2_noRT" "non-targeting_noRT"
"12269" "March2" 8.56289388952063 -0.085782680670623 -0.135156721975344 0.892487963904148 NA 0.523809523809524 0.642857142857143 "Uqcrc2_noRT" "non-targeting_noRT"
"12270" "Afmid" 1.7772959407027 0.185590889481824 0.135086703377942 0.892543322978601 NA 0.142857142857143 0.160714285714286 "Uqcrc2_noRT" "non-targeting_noRT"
"12271" "Nom1" 16.9798386969154 0.0615358185965616 0.134656276211664 0.892883644766808 0.979699812080758 0.523809523809524 0.696428571428571 "Uqcrc2_noRT" "non-targeting_noRT"
"12272" "Fbxo11" 5.44186827482834 -0.108882565638146 -0.134521979931678 0.892989831580239 NA 0.238095238095238 0.357142857142857 "Uqcrc2_noRT" "non-targeting_noRT"
"12273" "Timm50" 36.8175689383561 -0.0441756894518156 -0.13444992198144 0.893046807918951 0.979699812080758 1 0.892857142857143 "Uqcrc2_noRT" "non-targeting_noRT"
"12274" "Fbxl5" 7.45917530335702 0.108967753471425 0.134178034701995 0.893261794602352 NA 0.285714285714286 0.517857142857143 "Uqcrc2_noRT" "non-targeting_noRT"
"12275" "Cbx6" 9.07183295557464 -0.0828091203947588 -0.134171082260239 0.893267292139337 NA 0.380952380952381 0.464285714285714 "Uqcrc2_noRT" "non-targeting_noRT"
"12276" "Lrba" 3.39254603123649 -0.135132117333128 -0.134162452029123 0.893274116369731 NA 0.238095238095238 0.285714285714286 "Uqcrc2_noRT" "non-targeting_noRT"
"12277" "Slc38a6" 5.47629803581468 0.106899157935082 0.133856904545312 0.893515728710224 NA 0.428571428571429 0.357142857142857 "Uqcrc2_noRT" "non-targeting_noRT"
"12278" "Dact3" 2.97976024561918 0.146101799843154 0.133843833454009 0.893526064924808 NA 0.19047619047619 0.214285714285714 "Uqcrc2_noRT" "non-targeting_noRT"
"12279" "Eno2" 1.07942007520751 0.238989415211313 0.133827450752027 0.89353901988419 NA 0.0952380952380952 0.107142857142857 "Uqcrc2_noRT" "non-targeting_noRT"
"12280" "Lgals7" 1.81384141797061 0.187672564193475 0.133689690323077 0.893647957907105 NA 0.0952380952380952 0.160714285714286 "Uqcrc2_noRT" "non-targeting_noRT"
"12281" "2610021A01Rik" 1.81384141797061 0.187672564193475 0.133689690323077 0.893647957907105 NA 0.0952380952380952 0.178571428571429 "Uqcrc2_noRT" "non-targeting_noRT"
"12282" "Fam3a" 5.46089396124991 0.105770266234622 0.13346768046522 0.893823522811192 NA 0.428571428571429 0.446428571428571 "Uqcrc2_noRT" "non-targeting_noRT"
"12283" "Apobec3" 30.0335738628512 -0.047056182174462 -0.133454007198304 0.893834335770551 0.980071801243245 0.761904761904762 0.839285714285714 "Uqcrc2_noRT" "non-targeting_noRT"
"12284" "Traf6" 1.44746911548573 -0.21220721034946 -0.133382182801929 0.893891135561987 NA 0.0952380952380952 0.160714285714286 "Uqcrc2_noRT" "non-targeting_noRT"
"12285" "Wwox" 4.10582796002792 -0.12479113775056 -0.133240107468063 0.894003492432883 NA 0.19047619047619 0.285714285714286 "Uqcrc2_noRT" "non-targeting_noRT"
"12286" "Cblb" 2.29881307075712 0.163343950596432 0.133212171714993 0.894025585003607 NA 0.142857142857143 0.160714285714286 "Uqcrc2_noRT" "non-targeting_noRT"
"12287" "Maea" 23.2463480994253 -0.0520813526307547 -0.133148990329878 0.894075551356265 0.980071801243245 0.761904761904762 0.857142857142857 "Uqcrc2_noRT" "non-targeting_noRT"
"12288" "Arrdc3" 0.694451704542732 -0.274599934664821 -0.132976785461506 0.894211739949934 NA 0.0476190476190476 0.0892857142857143 "Uqcrc2_noRT" "non-targeting_noRT"
"12289" "Ms4a4c" 0.694451704542732 -0.274599934664821 -0.132976785461506 0.894211739949934 NA 0.0476190476190476 0.0892857142857143 "Uqcrc2_noRT" "non-targeting_noRT"
"12290" "Gdi1" 17.7282158114669 -0.0652061364212577 -0.132525836507106 0.894568388674902 0.980071801243245 0.714285714285714 0.821428571428571 "Uqcrc2_noRT" "non-targeting_noRT"
"12291" "Asb1" 0.760123041434065 -0.286721171421273 -0.13245834417759 0.894621769175652 NA 0.0476190476190476 0.0892857142857143 "Uqcrc2_noRT" "non-targeting_noRT"
"12292" "Col20a1" 0.760123041434065 -0.286721171421273 -0.13245834417759 0.894621769175652 NA 0.0476190476190476 0.0892857142857143 "Uqcrc2_noRT" "non-targeting_noRT"
"12293" "Tmem161b" 5.64053744461832 0.103346999439547 0.132456497838772 0.89462322947409 NA 0.285714285714286 0.410714285714286 "Uqcrc2_noRT" "non-targeting_noRT"
"12294" "Apex2" 7.92894571526673 0.0852689579753118 0.13223846723583 0.894795675820148 NA 0.333333333333333 0.482142857142857 "Uqcrc2_noRT" "non-targeting_noRT"
"12295" "Uimc1" 4.9267386949855 0.112277771621249 0.132117388467834 0.894891442465374 NA 0.285714285714286 0.375 "Uqcrc2_noRT" "non-targeting_noRT"
"12296" "Vps33b" 1.42363961678096 -0.208130577799919 -0.132098529695933 0.894906358854494 NA 0.0952380952380952 0.160714285714286 "Uqcrc2_noRT" "non-targeting_noRT"
"12297" "Hpcal1" 1.35957073831114 -0.226912229150503 -0.132060324891071 0.89493657714688 NA 0.0952380952380952 0.125 "Uqcrc2_noRT" "non-targeting_noRT"
"12298" "Nphp3" 0.747407062870925 -0.286678014374011 -0.131853338575923 0.895100296716615 NA 0.0476190476190476 0.0714285714285714 "Uqcrc2_noRT" "non-targeting_noRT"
"12299" "Serpina12" 0.747407062870925 -0.286678014374011 -0.131853338575923 0.895100296716615 NA 0.0476190476190476 0.0357142857142857 "Uqcrc2_noRT" "non-targeting_noRT"
"12300" "Cox7a2l" 82.1010237320289 -0.0295128435252798 -0.131836460685207 0.895113646786669 0.980071801243245 0.952380952380952 0.982142857142857 "Uqcrc2_noRT" "non-targeting_noRT"
"12301" "Ccnd1" 314.178536358149 0.0260844560251438 0.13166891119656 0.895246176652605 0.980071801243245 1 0.982142857142857 "Uqcrc2_noRT" "non-targeting_noRT"
"12302" "Ppp1r21" 6.48139655416864 -0.10103893511442 -0.13149080507865 0.895387059905988 NA 0.333333333333333 0.446428571428571 "Uqcrc2_noRT" "non-targeting_noRT"
"12303" "Zfp446" 1.08152643124251 0.234773944749807 0.131476864964994 0.895398086778027 NA 0.0952380952380952 0.0892857142857143 "Uqcrc2_noRT" "non-targeting_noRT"
"12304" "Nudt3" 21.8715459175451 -0.0571257814128399 -0.131440060604994 0.895427199763185 0.980071801243245 0.666666666666667 0.857142857142857 "Uqcrc2_noRT" "non-targeting_noRT"
"12305" "Dnajc3" 25.8593629025215 0.0498576638184126 0.1314132566519 0.895448402315024 0.980071801243245 0.761904761904762 0.910714285714286 "Uqcrc2_noRT" "non-targeting_noRT"
"12306" "Rnf130" 33.1081226495356 0.0433390060259393 0.131324862354334 0.895518324794513 0.980071801243245 0.80952380952381 0.910714285714286 "Uqcrc2_noRT" "non-targeting_noRT"
"12307" "Mvk" 5.46147570121654 0.105119177848092 0.131318830650372 0.895523096078676 NA 0.380952380952381 0.375 "Uqcrc2_noRT" "non-targeting_noRT"
"12308" "Pcdhgc5" 1.07731371917252 0.239836225276276 0.131317162010604 0.89552441603048 NA 0.0952380952380952 0.0892857142857143 "Uqcrc2_noRT" "non-targeting_noRT"
"12309" "Pim2" 1.07731371917252 0.239836225276276 0.131317162010604 0.89552441603048 NA 0.0952380952380952 0.0892857142857143 "Uqcrc2_noRT" "non-targeting_noRT"
"12310" "Gna13" 17.9789098508433 0.0593285622589358 0.131284610325331 0.895550165597911 0.980071801243245 0.666666666666667 0.75 "Uqcrc2_noRT" "non-targeting_noRT"
"12311" "Klc3" 2.48423145647124 -0.16376384878104 -0.131000969979886 0.895774540085315 NA 0.142857142857143 0.232142857142857 "Uqcrc2_noRT" "non-targeting_noRT"
"12312" "Cdk2" 12.65560128759 0.0864039234976613 0.13089239033466 0.895860434524539 0.980071801243245 0.523809523809524 0.571428571428571 "Uqcrc2_noRT" "non-targeting_noRT"
"12313" "Zfp688" 3.82506622330829 -0.126873141202307 -0.130611584541096 0.896082578099592 NA 0.238095238095238 0.357142857142857 "Uqcrc2_noRT" "non-targeting_noRT"
"12314" "B4galt1" 8.64796783038073 0.0872458175629608 0.130461407167166 0.896201385755251 NA 0.571428571428571 0.464285714285714 "Uqcrc2_noRT" "non-targeting_noRT"
"12315" "Mppe1" 2.09724899381461 -0.181350825664939 -0.130361886491126 0.896280119392103 NA 0.142857142857143 0.178571428571429 "Uqcrc2_noRT" "non-targeting_noRT"
"12316" "Ears2" 3.73699036863217 0.122334970242394 0.130301141145676 0.896328177264358 NA 0.238095238095238 0.285714285714286 "Uqcrc2_noRT" "non-targeting_noRT"
"12317" "AU041133" 1.82074222604224 0.178686492164224 0.130270015689726 0.896352801902323 NA 0.142857142857143 0.160714285714286 "Uqcrc2_noRT" "non-targeting_noRT"
"12318" "Maip1" 19.2088384351016 -0.0589554886632392 -0.130209237657146 0.896400886210206 0.980071801243245 0.571428571428571 0.803571428571429 "Uqcrc2_noRT" "non-targeting_noRT"
"12319" "Lamtor1" 71.4087393761248 0.0346574151014746 0.13015667526275 0.89644247105424 0.980071801243245 0.904761904761905 0.982142857142857 "Uqcrc2_noRT" "non-targeting_noRT"
"12320" "Commd1" 79.9235027588104 0.0318264820223604 0.130128322167757 0.896464902780494 0.980071801243245 0.857142857142857 1 "Uqcrc2_noRT" "non-targeting_noRT"
"12321" "Alkbh4" 3.36813479256508 -0.131869839339577 -0.129874145961242 0.896665999550942 NA 0.238095238095238 0.321428571428571 "Uqcrc2_noRT" "non-targeting_noRT"
"12322" "Nsmaf" 5.37940185478003 -0.106588406986689 -0.129745677555409 0.896767642517525 NA 0.285714285714286 0.464285714285714 "Uqcrc2_noRT" "non-targeting_noRT"
"12323" "Atrip" 2.78190697186464 -0.150388154905792 -0.129560892109407 0.896913845955051 NA 0.19047619047619 0.25 "Uqcrc2_noRT" "non-targeting_noRT"
"12324" "Ssbp3" 4.57698507344326 -0.121691060417952 -0.129510032532469 0.896954086995077 NA 0.19047619047619 0.357142857142857 "Uqcrc2_noRT" "non-targeting_noRT"
"12325" "G0s2" 8.76127620254734 -0.0900820527115274 -0.129482114606573 0.896976176288232 NA 0.285714285714286 0.428571428571429 "Uqcrc2_noRT" "non-targeting_noRT"
"12326" "Stamos" 0.699246156579366 -0.286511292895632 -0.129468371533148 0.896987050147476 NA 0.0476190476190476 0.0892857142857143 "Uqcrc2_noRT" "non-targeting_noRT"
"12327" "A930004D18Rik" 0.699246156579366 -0.286511292895632 -0.129468371533148 0.896987050147476 NA 0.0476190476190476 0.0892857142857143 "Uqcrc2_noRT" "non-targeting_noRT"
"12328" "Eef1akmt4" 11.0799780047431 0.0729319152448304 0.129424858078589 0.897021479195409 NA 0.619047619047619 0.625 "Uqcrc2_noRT" "non-targeting_noRT"
"12329" "Rpap1" 3.83988855790643 -0.122174301138098 -0.129400983203142 0.897040369739134 NA 0.285714285714286 0.321428571428571 "Uqcrc2_noRT" "non-targeting_noRT"
"12330" "Smap2" 7.87983836989212 -0.0842540482101173 -0.129365907147498 0.897068123110726 NA 0.428571428571429 0.517857142857143 "Uqcrc2_noRT" "non-targeting_noRT"
"12331" "Cisd1" 93.7537036946669 -0.0281366122044471 -0.129363500899689 0.897070027020681 0.980474319020491 0.857142857142857 1 "Uqcrc2_noRT" "non-targeting_noRT"
"12332" "Nmnat2" 6.16205457467273 0.103310811374714 0.129352907217239 0.897078409130935 NA 0.285714285714286 0.446428571428571 "Uqcrc2_noRT" "non-targeting_noRT"
"12333" "Rnpc3" 8.99491018397895 -0.080030350449828 -0.129337633885364 0.897090493971735 NA 0.428571428571429 0.642857142857143 "Uqcrc2_noRT" "non-targeting_noRT"
"12334" "Fam160b1" 4.5251282759231 -0.111894468638139 -0.129129920343432 0.897254847191241 NA 0.238095238095238 0.392857142857143 "Uqcrc2_noRT" "non-targeting_noRT"
"12335" "Ptn" 0.757434945432429 -0.279188379027352 -0.128919904400009 0.89742102666648 NA 0.0476190476190476 0.0892857142857143 "Uqcrc2_noRT" "non-targeting_noRT"
"12336" "Enpp1" 1.42095152077932 -0.203739538888803 -0.128767903652912 0.897541303220318 NA 0.0952380952380952 0.125 "Uqcrc2_noRT" "non-targeting_noRT"
"12337" "Stt3b" 18.0171029467829 0.0558260845497857 0.128646138504079 0.897637656369396 0.980581602881122 0.761904761904762 0.75 "Uqcrc2_noRT" "non-targeting_noRT"
"12338" "Cep83" 19.1181703110385 0.0571080274937709 0.128354632033794 0.897868332494624 0.980581602881122 0.571428571428571 0.678571428571429 "Uqcrc2_noRT" "non-targeting_noRT"
"12339" "Casp12" 10.5206218647093 -0.0750640570331869 -0.128336219432578 0.897882903121612 NA 0.380952380952381 0.642857142857143 "Uqcrc2_noRT" "non-targeting_noRT"
"12340" "Kmt5b" 8.21189165037451 0.0910870832235923 0.127952116836939 0.898186866695181 NA 0.380952380952381 0.482142857142857 "Uqcrc2_noRT" "non-targeting_noRT"
"12341" "Cst3" 135.352067082498 -0.0266656449274384 -0.127898872092514 0.898229003655997 0.980581602881122 1 1 "Uqcrc2_noRT" "non-targeting_noRT"
"12342" "Rnf182" 1.90021517907684 0.20826975584286 0.127772133918287 0.898329303187792 NA 0.0476190476190476 0.107142857142857 "Uqcrc2_noRT" "non-targeting_noRT"
"12343" "Ctso" 2.09616335623448 -0.165108099173777 -0.127691249836949 0.898393315022887 NA 0.142857142857143 0.178571428571429 "Uqcrc2_noRT" "non-targeting_noRT"
"12344" "Ptrh1" 3.01528500443221 0.134638337664607 0.127678881790705 0.898403103179443 NA 0.19047619047619 0.232142857142857 "Uqcrc2_noRT" "non-targeting_noRT"
"12345" "Rttn" 1.82132396600888 0.178018845912773 0.127599208360475 0.898466157648567 NA 0.0952380952380952 0.160714285714286 "Uqcrc2_noRT" "non-targeting_noRT"
"12346" "Herc6" 63.4469517216656 -0.0385093618547165 -0.127525779210884 0.898524270889819 0.980581602881122 0.904761904761905 1 "Uqcrc2_noRT" "non-targeting_noRT"
"12347" "Vps45" 4.58338198390141 -0.113304220733331 -0.127482300309478 0.89855868118515 NA 0.238095238095238 0.410714285714286 "Uqcrc2_noRT" "non-targeting_noRT"
"12348" "Slc35e2" 3.77084774989844 0.128563598662401 0.127284676767104 0.898715087826168 NA 0.238095238095238 0.285714285714286 "Uqcrc2_noRT" "non-targeting_noRT"
"12349" "Fer" 6.814457629878 0.0925247630048273 0.127280248892334 0.898718592256467 NA 0.380952380952381 0.464285714285714 "Uqcrc2_noRT" "non-targeting_noRT"
"12350" "Pde12" 5.1148076024939 0.111823359503108 0.127177266271097 0.89880009814884 NA 0.238095238095238 0.375 "Uqcrc2_noRT" "non-targeting_noRT"
"12351" "Zfp442" 2.28399073615898 0.158097427081104 0.127129770844587 0.898837688900778 NA 0.142857142857143 0.178571428571429 "Uqcrc2_noRT" "non-targeting_noRT"
"12352" "Dcaf10" 8.54503723474514 -0.0856114447574325 -0.126927985499284 0.898997396551852 NA 0.380952380952381 0.607142857142857 "Uqcrc2_noRT" "non-targeting_noRT"
"12353" "Capn15" 4.79106767804458 -0.112938967333771 -0.126919875730022 0.899003815300743 NA 0.285714285714286 0.375 "Uqcrc2_noRT" "non-targeting_noRT"
"12354" "Phc3" 3.77622394190171 0.123295355190875 0.126749440927997 0.899138713169131 NA 0.19047619047619 0.321428571428571 "Uqcrc2_noRT" "non-targeting_noRT"
"12355" "Ppef2" 1.82553667807888 0.172734211786842 0.126551666160406 0.899295254067956 NA 0.142857142857143 0.0892857142857143 "Uqcrc2_noRT" "non-targeting_noRT"
"12356" "Plce1" 2.3543786827338 0.160708970798868 0.126370073879825 0.899438989801182 NA 0.142857142857143 0.196428571428571 "Uqcrc2_noRT" "non-targeting_noRT"
"12357" "Smim19" 13.3541605927194 0.0657568338927845 0.126179584513137 0.899589771389498 0.980581602881122 0.666666666666667 0.625 "Uqcrc2_noRT" "non-targeting_noRT"
"12358" "Med19" 35.2862546649356 0.0415873106742748 0.126147947059707 0.89961481432203 0.980581602881122 0.80952380952381 0.964285714285714 "Uqcrc2_noRT" "non-targeting_noRT"
"12359" "Gm6710" 3.0216040725372 0.13071577747061 0.126094521623196 0.899657103970373 NA 0.238095238095238 0.25 "Uqcrc2_noRT" "non-targeting_noRT"
"12360" "Tox" 0.69655806057773 -0.278875172430918 -0.12594669005989 0.899774123587652 NA 0.0476190476190476 0.0535714285714286 "Uqcrc2_noRT" "non-targeting_noRT"
"12361" "Gm12059" 0.69655806057773 -0.278875172430918 -0.12594669005989 0.899774123587652 NA 0.0476190476190476 0.0892857142857143 "Uqcrc2_noRT" "non-targeting_noRT"
"12362" "1700001L19Rik" 0.69655806057773 -0.278875172430918 -0.12594669005989 0.899774123587652 NA 0.0476190476190476 0.0714285714285714 "Uqcrc2_noRT" "non-targeting_noRT"
"12363" "Nup37" 85.4580878145512 -0.0316969374819267 -0.125925090805588 0.899791221177587 0.980581602881122 1 0.964285714285714 "Uqcrc2_noRT" "non-targeting_noRT"
"12364" "Lgalsl" 12.0008657965931 0.0701339860824825 0.125887067845326 0.899821319597374 NA 0.571428571428571 0.571428571428571 "Uqcrc2_noRT" "non-targeting_noRT"
"12365" "U2surp" 51.8560032888929 -0.0346032428460142 -0.125760722288757 0.8999213339284 0.980581602881122 0.904761904761905 0.982142857142857 "Uqcrc2_noRT" "non-targeting_noRT"
"12366" "Pkig" 12.3093179677891 -0.0787025267325145 -0.125630482559925 0.900024432524558 NA 0.523809523809524 0.589285714285714 "Uqcrc2_noRT" "non-targeting_noRT"
"12367" "Arl6ip6" 25.1694990388183 -0.0483585635279077 -0.12560977198112 0.900040827305719 0.980581602881122 0.761904761904762 0.785714285714286 "Uqcrc2_noRT" "non-targeting_noRT"
"12368" "Lmtk2" 2.82593499717081 -0.150764485391598 -0.125579738116644 0.900064602604775 NA 0.142857142857143 0.267857142857143 "Uqcrc2_noRT" "non-targeting_noRT"
"12369" "Asb3" 7.75453566242319 0.0871264889839252 0.125351857880998 0.900244999251721 NA 0.428571428571429 0.517857142857143 "Uqcrc2_noRT" "non-targeting_noRT"
"12370" "Hccs" 21.2976100088789 -0.0570370544197788 -0.125202451790527 0.900363276271903 0.980581602881122 0.619047619047619 0.821428571428571 "Uqcrc2_noRT" "non-targeting_noRT"
"12371" "Tmem184b" 6.04029881623187 0.0984109593347754 0.12510785359523 0.900438165880176 NA 0.380952380952381 0.410714285714286 "Uqcrc2_noRT" "non-targeting_noRT"
"12372" "Rab22a" 14.1027896334833 -0.0616131958373865 -0.124911293760532 0.900593777274327 0.980581602881122 0.666666666666667 0.732142857142857 "Uqcrc2_noRT" "non-targeting_noRT"
"12373" "Gm46620" 17.9836264605268 0.056409046980272 0.124775443622252 0.900701328587659 0.980581602881122 0.666666666666667 0.732142857142857 "Uqcrc2_noRT" "non-targeting_noRT"
"12374" "Rnf181" 19.7006959840004 -0.0561745359050582 -0.12476976156951 0.900705827056637 0.980581602881122 0.714285714285714 0.785714285714286 "Uqcrc2_noRT" "non-targeting_noRT"
"12375" "Nme6" 13.5394435884702 -0.0648958372003747 -0.124534189375805 0.900892331862802 0.980581602881122 0.523809523809524 0.660714285714286 "Uqcrc2_noRT" "non-targeting_noRT"
"12376" "Csnk1e" 28.6008385954295 0.0438295436235143 0.12425229720912 0.901115515834106 0.980581602881122 0.761904761904762 0.821428571428571 "Uqcrc2_noRT" "non-targeting_noRT"
"12377" "Slc39a11" 3.4290915085044 -0.130791229840073 -0.124232641916425 0.901131077914358 NA 0.19047619047619 0.303571428571429 "Uqcrc2_noRT" "non-targeting_noRT"
"12378" "Mtfr1" 18.8994656708685 -0.0532707326996555 -0.124204009771222 0.901153747486611 0.980581602881122 0.761904761904762 0.785714285714286 "Uqcrc2_noRT" "non-targeting_noRT"
"12379" "Ubp1" 14.5246408360244 0.0617734865093195 0.124149793346529 0.901196673696691 0.980581602881122 0.666666666666667 0.678571428571429 "Uqcrc2_noRT" "non-targeting_noRT"
"12380" "Pir" 12.3950930882379 -0.0654728999221589 -0.124011526208072 0.90130614891878 NA 0.428571428571429 0.625 "Uqcrc2_noRT" "non-targeting_noRT"
"12381" "Mbtd1" 10.9049791617581 -0.0696861799305942 -0.123982724020011 0.901328953748934 NA 0.380952380952381 0.589285714285714 "Uqcrc2_noRT" "non-targeting_noRT"
"12382" "Selenoi" 14.261893427518 0.0600435779822196 0.123796547833866 0.90147636521827 0.980628075518718 0.523809523809524 0.678571428571429 "Uqcrc2_noRT" "non-targeting_noRT"
"12383" "Apc" 9.79578743728799 -0.0764339637763976 -0.123700870222689 0.901552122615937 NA 0.380952380952381 0.553571428571429 "Uqcrc2_noRT" "non-targeting_noRT"
"12384" "Gm48027" 0.753222233362433 -0.268037872274028 -0.123677141038738 0.901570911489131 NA 0.0476190476190476 0.0892857142857143 "Uqcrc2_noRT" "non-targeting_noRT"
"12385" "Klf10" 6.82288305401799 0.0898961283992197 0.123474827020914 0.90173110686473 NA 0.285714285714286 0.446428571428571 "Uqcrc2_noRT" "non-targeting_noRT"
"12386" "Nbeal1" 10.3821751346854 0.0730414464564502 0.123473795548905 0.901731923610515 NA 0.476190476190476 0.607142857142857 "Uqcrc2_noRT" "non-targeting_noRT"
"12387" "Cyp2j6" 63.2351457460707 -0.0322103141771095 -0.123426770446917 0.901769159393422 0.980633426910345 1 0.964285714285714 "Uqcrc2_noRT" "non-targeting_noRT"
"12388" "Eef2kmt" 9.94077604250762 -0.0744714010619781 -0.123416755559152 0.901777089487856 NA 0.476190476190476 0.642857142857143 "Uqcrc2_noRT" "non-targeting_noRT"
"12389" "Snx5" 49.2758254389237 -0.0342213254707013 -0.123191761062046 0.901955249594194 0.980633426910345 0.761904761904762 0.964285714285714 "Uqcrc2_noRT" "non-targeting_noRT"
"12390" "1700066M21Rik" 0.740506254799293 -0.267933565773363 -0.123076100523999 0.902046836395343 NA 0.0476190476190476 0.0892857142857143 "Uqcrc2_noRT" "non-targeting_noRT"
"12391" "Mmab" 4.08570727577966 -0.114913953245873 -0.123065026175933 0.902055605782412 NA 0.238095238095238 0.375 "Uqcrc2_noRT" "non-targeting_noRT"
"12392" "Ctr9" 12.1330079559898 0.0726546785512349 0.12295307462286 0.902144256954102 NA 0.619047619047619 0.625 "Uqcrc2_noRT" "non-targeting_noRT"
"12393" "Cplane1" 13.3593161808911 0.0646137497503022 0.122815758779921 0.902252995033799 0.980699472931406 0.571428571428571 0.607142857142857 "Uqcrc2_noRT" "non-targeting_noRT"
"12394" "Acaca" 6.56384445996814 0.0908413792410724 0.122765504962481 0.90229279063528 NA 0.285714285714286 0.428571428571429 "Uqcrc2_noRT" "non-targeting_noRT"
"12395" "Spata24" 2.10887933479762 -0.158407401704263 -0.12265769942902 0.902378161814688 NA 0.0952380952380952 0.196428571428571 "Uqcrc2_noRT" "non-targeting_noRT"
"12396" "Hif1an" 6.06825763294069 -0.0996033437851776 -0.122594786784219 0.902427982846637 NA 0.380952380952381 0.482142857142857 "Uqcrc2_noRT" "non-targeting_noRT"
"12397" "Cfap300" 3.84991644046794 -0.119186732204793 -0.122408922977563 0.902575172141266 NA 0.19047619047619 0.375 "Uqcrc2_noRT" "non-targeting_noRT"
"12398" "Eloc" 73.6182380345523 0.0285760453361991 0.122400283336235 0.902582014128857 0.980799468084351 0.904761904761905 0.982142857142857 "Uqcrc2_noRT" "non-targeting_noRT"
"12399" "Unk" 2.45513095303425 0.144210079026647 0.122363533190976 0.902611117737064 NA 0.19047619047619 0.196428571428571 "Uqcrc2_noRT" "non-targeting_noRT"
"12400" "Mterf1a" 2.09347526023285 -0.160891573778774 -0.122292002416334 0.902667765606494 NA 0.142857142857143 0.196428571428571 "Uqcrc2_noRT" "non-targeting_noRT"
"12401" "Qsox2" 6.0361603835337 -0.101517703466457 -0.122138847742211 0.902789056130677 NA 0.333333333333333 0.410714285714286 "Uqcrc2_noRT" "non-targeting_noRT"
"12402" "Klhl15" 5.33225230669678 0.102164531009282 0.122043149661054 0.902864845178065 NA 0.285714285714286 0.428571428571429 "Uqcrc2_noRT" "non-targeting_noRT"
"12403" "Arf2" 6.46081572764625 0.0999533733031887 0.122012616183733 0.902889026655479 NA 0.238095238095238 0.446428571428571 "Uqcrc2_noRT" "non-targeting_noRT"
"12404" "Ddx28" 3.78101839393834 0.121581702560815 0.121932391117262 0.9029525626137 NA 0.238095238095238 0.267857142857143 "Uqcrc2_noRT" "non-targeting_noRT"
"12405" "Mapk1ip1l" 18.6505977208586 -0.0545706112765426 -0.121726801704874 0.9031153863847 0.981121414770252 0.666666666666667 0.785714285714286 "Uqcrc2_noRT" "non-targeting_noRT"
"12406" "Dctn1" 5.558015259447 0.100052945303445 0.121537358666212 0.903265426074269 NA 0.333333333333333 0.357142857142857 "Uqcrc2_noRT" "non-targeting_noRT"
"12407" "Ociad1" 68.489329741131 0.030043567657718 0.121396473283679 0.903377010134543 0.981148049327229 0.857142857142857 1 "Uqcrc2_noRT" "non-targeting_noRT"
"12408" "Cdc27" 10.03304480519 -0.075945318177466 -0.121080075650005 0.903627610384679 NA 0.428571428571429 0.571428571428571 "Uqcrc2_noRT" "non-targeting_noRT"
"12409" "Casp2" 3.67982229823398 0.112468018255981 0.120940415744845 0.903738229966597 NA 0.238095238095238 0.303571428571429 "Uqcrc2_noRT" "non-targeting_noRT"
"12410" "Zfp986" 0.692345348507734 -0.267530637305334 -0.120710801597574 0.903920103124756 NA 0.0476190476190476 0.0892857142857143 "Uqcrc2_noRT" "non-targeting_noRT"
"12411" "Ddx23" 19.34841065596 -0.0512808840625602 -0.120708872871168 0.903921630854959 0.981292113244965 0.619047619047619 0.75 "Uqcrc2_noRT" "non-targeting_noRT"
"12412" "Slc26a10" 2.67599426647679 -0.144336905681612 -0.120656555034543 0.903963071569721 NA 0.19047619047619 0.267857142857143 "Uqcrc2_noRT" "non-targeting_noRT"
"12413" "Znrd2" 82.2463988747588 -0.0297500878422909 -0.120630211752981 0.903983938059402 0.981292113244965 0.952380952380952 1 "Uqcrc2_noRT" "non-targeting_noRT"
"12414" "C87436" 5.17331861905837 -0.0980248459363218 -0.120256036321546 0.904280329235872 NA 0.333333333333333 0.446428571428571 "Uqcrc2_noRT" "non-targeting_noRT"
"12415" "Lactb" 4.3179198396825 0.113852662024821 0.120078292876099 0.904421127732346 NA 0.333333333333333 0.267857142857143 "Uqcrc2_noRT" "non-targeting_noRT"
"12416" "1110065P20Rik" 49.5955596317929 0.0336922524026009 0.119773451323554 0.904662613292241 0.981457347649326 1 0.982142857142857 "Uqcrc2_noRT" "non-targeting_noRT"
"12417" "Mis12" 5.95066942631962 -0.0914105034593174 -0.119752065893904 0.904679554465065 NA 0.333333333333333 0.375 "Uqcrc2_noRT" "non-targeting_noRT"
"12418" "Adprm" 4.34116759842063 0.11103623426054 0.119714521676079 0.90470929645937 NA 0.19047619047619 0.392857142857143 "Uqcrc2_noRT" "non-targeting_noRT"
"12419" "A430005L14Rik" 26.8565363313676 -0.0459831389953937 -0.119627124415955 0.904778531841027 0.981457347649326 0.761904761904762 0.875 "Uqcrc2_noRT" "non-targeting_noRT"
"12420" "Krit1" 18.1243299698946 0.0597203125351169 0.11953981332683 0.904847699681531 0.981457347649326 0.571428571428571 0.732142857142857 "Uqcrc2_noRT" "non-targeting_noRT"
"12421" "Rpgrip1" 12.4432993237088 0.0803506984371079 0.119150601057881 0.905156042396472 NA 0.428571428571429 0.571428571428571 "Uqcrc2_noRT" "non-targeting_noRT"
"12422" "Mapkapk2" 7.29041855557655 -0.0813883135312547 -0.118586362827106 0.905603069994643 NA 0.476190476190476 0.571428571428571 "Uqcrc2_noRT" "non-targeting_noRT"
"12423" "Slc5a1" 1.73495020490265 0.168818443368875 0.118500887698311 0.905670791771408 NA 0.142857142857143 0.160714285714286 "Uqcrc2_noRT" "non-targeting_noRT"
"12424" "Zfp143" 3.71215506343189 0.116927448082644 0.118422510217747 0.905732890698297 NA 0.19047619047619 0.303571428571429 "Uqcrc2_noRT" "non-targeting_noRT"
"12425" "Ctnnb1" 19.055598704129 0.052476462218612 0.118212020393011 0.905899665843845 0.982142855960336 0.619047619047619 0.714285714285714 "Uqcrc2_noRT" "non-targeting_noRT"
"12426" "Col4a3bp" 6.95805953359199 0.0855173583519432 0.118146486030255 0.905951590830176 NA 0.380952380952381 0.5 "Uqcrc2_noRT" "non-targeting_noRT"
"12427" "Fam151b" 1.41194435667269 -0.189466630939868 -0.118105417972406 0.905984130580052 NA 0.0952380952380952 0.125 "Uqcrc2_noRT" "non-targeting_noRT"
"12428" "Rab5a" 24.2113181915258 0.0458249144854487 0.118091973659594 0.905994783043485 0.982142855960336 0.666666666666667 0.892857142857143 "Uqcrc2_noRT" "non-targeting_noRT"
"12429" "Ctns" 2.53721415971733 0.13746481513869 0.117906985446956 0.906141358273915 NA 0.19047619047619 0.232142857142857 "Uqcrc2_noRT" "non-targeting_noRT"
"12430" "Usp15" 18.5560478181683 0.0534449380502412 0.117739085797938 0.906274396165395 0.982142855960336 0.666666666666667 0.839285714285714 "Uqcrc2_noRT" "non-targeting_noRT"
"12431" "Zfp119a" 2.10677297876263 -0.154622387678629 -0.117659938066417 0.906337111010582 NA 0.142857142857143 0.214285714285714 "Uqcrc2_noRT" "non-targeting_noRT"
"12432" "Rab14" 89.8027669859427 0.0255327691434604 0.117203032208144 0.906699164127253 0.982142855960336 0.952380952380952 1 "Uqcrc2_noRT" "non-targeting_noRT"
"12433" "Nat14" 1.42153326074596 -0.198124991916543 -0.11719411355941 0.906706231475529 NA 0.0952380952380952 0.125 "Uqcrc2_noRT" "non-targeting_noRT"
"12434" "Trmu" 4.14670178045408 0.108514074293887 0.11717013510838 0.906725232604092 NA 0.333333333333333 0.357142857142857 "Uqcrc2_noRT" "non-targeting_noRT"
"12435" "Nhej1" 1.83243748615051 0.164475023268316 0.117014749500616 0.906848365366919 NA 0.142857142857143 0.178571428571429 "Uqcrc2_noRT" "non-targeting_noRT"
"12436" "Sigirr" 1.83243748615051 0.164475023268316 0.117014749500616 0.906848365366919 NA 0.0952380952380952 0.142857142857143 "Uqcrc2_noRT" "non-targeting_noRT"
"12437" "Tmem185a" 3.89284391623462 -0.109487666100373 -0.116942350394711 0.906905737609436 NA 0.285714285714286 0.321428571428571 "Uqcrc2_noRT" "non-targeting_noRT"
"12438" "Htt" 18.0415611199082 -0.0520367270725269 -0.116830232347351 0.906994585850241 0.982142855960336 0.571428571428571 0.75 "Uqcrc2_noRT" "non-targeting_noRT"
"12439" "Lcorl" 10.9748632107194 -0.0647321390988123 -0.11676434276709 0.907046800764016 NA 0.523809523809524 0.607142857142857 "Uqcrc2_noRT" "non-targeting_noRT"
"12440" "Pcgf1" 3.2245328888511 -0.118797531187012 -0.116275534345515 0.90743417483826 NA 0.19047619047619 0.303571428571429 "Uqcrc2_noRT" "non-targeting_noRT"
"12441" "Mettl22" 4.90509538340034 0.0969795940878669 0.115901421192482 0.907730669339926 NA 0.285714285714286 0.357142857142857 "Uqcrc2_noRT" "non-targeting_noRT"
"12442" "Dph5" 13.762019394521 -0.0601691995424539 -0.115705555477891 0.907885903194113 0.982142855960336 0.619047619047619 0.767857142857143 "Uqcrc2_noRT" "non-targeting_noRT"
"12443" "Pcgf5" 34.124787173568 0.0470120833223656 0.115598954361688 0.90797039164993 0.982142855960336 0.80952380952381 0.839285714285714 "Uqcrc2_noRT" "non-targeting_noRT"
"12444" "Ddx21" 71.0083402856812 -0.02978302822383 -0.115518837339353 0.908033890389913 0.982142855960336 0.952380952380952 0.964285714285714 "Uqcrc2_noRT" "non-targeting_noRT"
"12445" "Dram2" 3.81497342162154 -0.109457104592258 -0.115489337818562 0.908057271117347 NA 0.238095238095238 0.339285714285714 "Uqcrc2_noRT" "non-targeting_noRT"
"12446" "Heg1" 1.8001047209526 0.157977769719194 0.115405661782255 0.908123591495741 NA 0.142857142857143 0.178571428571429 "Uqcrc2_noRT" "non-targeting_noRT"
"12447" "Pdcd6" 51.208284406395 0.0314429837282547 0.115339294161667 0.908176193937431 0.982142855960336 0.952380952380952 1 "Uqcrc2_noRT" "non-targeting_noRT"
"12448" "Hnrnpul1" 16.0947260610296 -0.0569822391737542 -0.11532922310387 0.908184176211942 0.982142855960336 0.523809523809524 0.767857142857143 "Uqcrc2_noRT" "non-targeting_noRT"
"12449" "Endov" 1.43156114330747 -0.187121788459526 -0.115297530150435 0.908209295962888 NA 0.0952380952380952 0.160714285714286 "Uqcrc2_noRT" "non-targeting_noRT"
"12450" "Gmps" 55.0157839350179 -0.0324796822640594 -0.115234466241526 0.908259280523069 0.982142855960336 0.904761904761905 0.928571428571429 "Uqcrc2_noRT" "non-targeting_noRT"
"12451" "Zcchc17" 35.5210798861098 0.0396296476348359 0.11514793482423 0.908327866060949 0.982142855960336 0.857142857142857 0.928571428571429 "Uqcrc2_noRT" "non-targeting_noRT"
"12452" "Zfp579" 5.33276357582537 -0.0955654062411589 -0.114881534650727 0.908539021394329 NA 0.19047619047619 0.464285714285714 "Uqcrc2_noRT" "non-targeting_noRT"
"12453" "Cdc14a" 8.53268396656695 0.0754699707946671 0.114873817038062 0.908545138660442 NA 0.333333333333333 0.517857142857143 "Uqcrc2_noRT" "non-targeting_noRT"
"12454" "Gm26930" 0.748427781325799 -0.254181113668433 -0.114831034867933 0.908579049494004 NA 0.0476190476190476 0.0714285714285714 "Uqcrc2_noRT" "non-targeting_noRT"
"12455" "9330179D12Rik" 0.748427781325799 -0.254181113668433 -0.114831034867933 0.908579049494004 NA 0.0476190476190476 0.0892857142857143 "Uqcrc2_noRT" "non-targeting_noRT"
"12456" "Klk10" 1.39712202207456 -0.192886297481736 -0.114757731735152 0.908637152832247 NA 0.0952380952380952 0.125 "Uqcrc2_noRT" "non-targeting_noRT"
"12457" "Brsk1" 1.83185574618387 0.165528110039374 0.114611588621967 0.90875299385177 NA 0.142857142857143 0.125 "Uqcrc2_noRT" "non-targeting_noRT"
"12458" "Ccm2" 12.5873747078163 -0.0646206216304875 -0.114518548668474 0.908826743415367 NA 0.571428571428571 0.660714285714286 "Uqcrc2_noRT" "non-targeting_noRT"
"12459" "Pura" 40.404905709209 -0.0382233472483873 -0.114276426381991 0.909018669086382 0.982633033615321 0.857142857142857 0.875 "Uqcrc2_noRT" "non-targeting_noRT"
"12460" "Evl" 5.89763423690681 -0.0865395221394697 -0.113908771311161 0.909310112327106 NA 0.428571428571429 0.410714285714286 "Uqcrc2_noRT" "non-targeting_noRT"
"12461" "Snapin" 7.8887806148735 -0.0760794079176901 -0.113731704534447 0.909450478994795 NA 0.428571428571429 0.535714285714286 "Uqcrc2_noRT" "non-targeting_noRT"
"12462" "Psma2" 250.698933261158 -0.0187363871182908 -0.113596368438269 0.90955776628331 0.982959006759033 1 1 "Uqcrc2_noRT" "non-targeting_noRT"
"12463" "Fam171a1" 8.29384033613718 -0.0742563844658814 -0.113535355868094 0.909606134356734 NA 0.380952380952381 0.553571428571429 "Uqcrc2_noRT" "non-targeting_noRT"
"12464" "Acer3" 3.93149574953753 -0.110605423651455 -0.113393033132453 0.909718962843534 NA 0.285714285714286 0.357142857142857 "Uqcrc2_noRT" "non-targeting_noRT"
"12465" "Mgrn1" 4.83201934082389 0.0959047951450021 0.113383374484677 0.909726619947666 NA 0.333333333333333 0.410714285714286 "Uqcrc2_noRT" "non-targeting_noRT"
"12466" "Ncor2" 5.89342152483681 -0.0851807717731551 -0.11333105769224 0.909768095374056 NA 0.380952380952381 0.410714285714286 "Uqcrc2_noRT" "non-targeting_noRT"
"12467" "Arfip2" 10.9713791920851 0.0644001259077766 0.113188823564367 0.909880856226624 NA 0.619047619047619 0.625 "Uqcrc2_noRT" "non-targeting_noRT"
"12468" "Tmem9b" 11.4477553147452 0.0638744721497849 0.113019449697374 0.910015135381129 NA 0.666666666666667 0.732142857142857 "Uqcrc2_noRT" "non-targeting_noRT"
"12469" "Pnrc2" 9.27523095347888 -0.0713743699292351 -0.112891788566777 0.910116346487425 NA 0.476190476190476 0.517857142857143 "Uqcrc2_noRT" "non-targeting_noRT"
"12470" "Tex261" 37.0395816939087 0.0373154282880993 0.112832215284784 0.910163577320211 0.983356888498965 0.857142857142857 0.928571428571429 "Uqcrc2_noRT" "non-targeting_noRT"
"12471" "Megf8" 2.46893256917751 0.131557943735695 0.112813929408398 0.910178074775029 NA 0.19047619047619 0.214285714285714 "Uqcrc2_noRT" "non-targeting_noRT"
"12472" "Zfp105" 3.21763208077946 -0.114114216481742 -0.11247661211773 0.910445512882841 NA 0.19047619047619 0.321428571428571 "Uqcrc2_noRT" "non-targeting_noRT"
"12473" "Stk10" 2.52449818115419 0.133054413145845 0.11227735342802 0.910603497596825 NA 0.142857142857143 0.214285714285714 "Uqcrc2_noRT" "non-targeting_noRT"
"12474" "Wdr92" 14.2321709159686 0.0557808972818039 0.112249605856278 0.910625497882411 0.983498777692714 0.714285714285714 0.767857142857143 "Uqcrc2_noRT" "non-targeting_noRT"
"12475" "4632404H12Rik" 0.746321425290801 -0.248464399184433 -0.112203707891653 0.91066188926514 NA 0.0476190476190476 0.0714285714285714 "Uqcrc2_noRT" "non-targeting_noRT"
"12476" "8030462N17Rik" 9.14157908997324 -0.0697397100543029 -0.112196041934958 0.910667967434506 NA 0.476190476190476 0.625 "Uqcrc2_noRT" "non-targeting_noRT"
"12477" "Ccpg1os" 3.62367494629066 0.113168158143745 0.112080186710207 0.910759827144109 NA 0.238095238095238 0.285714285714286 "Uqcrc2_noRT" "non-targeting_noRT"
"12478" "Man1b1" 4.5860051607778 -0.0962330884245562 -0.112058598429455 0.910776944270107 NA 0.333333333333333 0.392857142857143 "Uqcrc2_noRT" "non-targeting_noRT"
"12479" "Ago4" 0.6875508964711 -0.25351566190723 -0.112017091126786 0.910809855100261 NA 0.0476190476190476 0.0714285714285714 "Uqcrc2_noRT" "non-targeting_noRT"
"12480" "Wdcp" 6.08685925283338 0.0833213136567373 0.111623863280221 0.911121650105556 NA 0.380952380952381 0.446428571428571 "Uqcrc2_noRT" "non-targeting_noRT"
"12481" "Rb1cc1" 13.0231776590843 -0.058474042904111 -0.111572112696385 0.911162684775006 0.983498777692714 0.476190476190476 0.625 "Uqcrc2_noRT" "non-targeting_noRT"
"12482" "Snrpb" 219.6389858868 0.0175025073000521 0.111551915741969 0.91117869964119 0.983498777692714 1 1 "Uqcrc2_noRT" "non-targeting_noRT"
"12483" "Hnrnpul2" 32.8935982082619 0.0372213692009219 0.111467539295494 0.911245605044434 0.983498777692714 0.80952380952381 0.875 "Uqcrc2_noRT" "non-targeting_noRT"
"12484" "Gm34397" 1.72913503441114 0.154036742673362 0.111450815683244 0.911258865929123 NA 0.142857142857143 0.160714285714286 "Uqcrc2_noRT" "non-targeting_noRT"
"12485" "Cdkl2" 3.23197786268201 0.129112424290183 0.11091197393084 0.911686150364784 NA 0.0952380952380952 0.285714285714286 "Uqcrc2_noRT" "non-targeting_noRT"
"12486" "Spred2" 7.8755513784503 0.0736397003060874 0.11086006240153 0.911727315913196 NA 0.476190476190476 0.5 "Uqcrc2_noRT" "non-targeting_noRT"
"12487" "Lims2" 2.54990279336257 -0.131713677566676 -0.110791239549115 0.911781892410168 NA 0.142857142857143 0.178571428571429 "Uqcrc2_noRT" "non-targeting_noRT"
"12488" "Gm29340" 0.237288106462187 -0.442699381512041 -0.110680209335843 0.911869940206082 NA 0 0.0535714285714286 "Uqcrc2_noRT" "non-targeting_noRT"
"12489" "Fhdc1" 0.237288106462187 -0.442699381512041 -0.110680209335843 0.911869940206082 NA 0 0.0535714285714286 "Uqcrc2_noRT" "non-targeting_noRT"
"12490" "Ldlrap1" 0.237288106462187 -0.442699381512041 -0.110680209335843 0.911869940206082 NA 0 0.0535714285714286 "Uqcrc2_noRT" "non-targeting_noRT"
"12491" "Hba-a1" 0.237288106462187 -0.442699381512041 -0.110680209335843 0.911869940206082 NA 0 0.0357142857142857 "Uqcrc2_noRT" "non-targeting_noRT"
"12492" "Ece2" 0.237288106462187 -0.442699381512041 -0.110680209335843 0.911869940206082 NA 0 0.0535714285714286 "Uqcrc2_noRT" "non-targeting_noRT"
"12493" "Ubash3a" 0.237288106462187 -0.442699381512041 -0.110680209335843 0.911869940206082 NA 0 0.0178571428571429 "Uqcrc2_noRT" "non-targeting_noRT"
"12494" "Gm6225" 0.237288106462187 -0.442699381512041 -0.110680209335843 0.911869940206082 NA 0 0.0535714285714286 "Uqcrc2_noRT" "non-targeting_noRT"
"12495" "Spink10" 0.237288106462187 -0.442699381512041 -0.110680209335843 0.911869940206082 NA 0 0.0357142857142857 "Uqcrc2_noRT" "non-targeting_noRT"
"12496" "Tbc1d10c" 0.237288106462187 -0.442699381512041 -0.110680209335843 0.911869940206082 NA 0 0.0535714285714286 "Uqcrc2_noRT" "non-targeting_noRT"
"12497" "Ccdc120" 0.237288106462187 -0.442699381512041 -0.110680209335843 0.911869940206082 NA 0 0.0535714285714286 "Uqcrc2_noRT" "non-targeting_noRT"
"12498" "4930502E18Rik" 0.237288106462187 -0.442699381512041 -0.110680209335843 0.911869940206082 NA 0 0.0178571428571429 "Uqcrc2_noRT" "non-targeting_noRT"
"12499" "Tor1b" 11.4062977652111 -0.0620183121740391 -0.110653222561076 0.911891341085359 NA 0.523809523809524 0.607142857142857 "Uqcrc2_noRT" "non-targeting_noRT"
"12500" "Dcaf5" 4.34435959203575 0.0976670864834394 0.110609751616798 0.911925814269537 NA 0.238095238095238 0.321428571428571 "Uqcrc2_noRT" "non-targeting_noRT"
"12501" "2810468N07Rik" 4.33956513999911 0.101514846227149 0.110583261490725 0.911946821462817 NA 0.333333333333333 0.339285714285714 "Uqcrc2_noRT" "non-targeting_noRT"
"12502" "Ddx25" 6.82606013567375 0.0822211188445853 0.110077799210121 0.912347674809555 NA 0.333333333333333 0.428571428571429 "Uqcrc2_noRT" "non-targeting_noRT"
"12503" "Hus1" 5.22300414141829 -0.0872652667114796 -0.109877255638516 0.912506720680212 NA 0.238095238095238 0.446428571428571 "Uqcrc2_noRT" "non-targeting_noRT"
"12504" "Mrps34" 40.9775382346477 -0.0332042177845432 -0.109645474345842 0.912690544737465 0.984429672594762 0.904761904761905 0.928571428571429 "Uqcrc2_noRT" "non-targeting_noRT"
"12505" "Fan1" 2.0140801495514 -0.156739273941627 -0.109612087401145 0.912717024065615 NA 0.142857142857143 0.196428571428571 "Uqcrc2_noRT" "non-targeting_noRT"
"12506" "Ssbp4" 5.47272713592089 0.0880767481249876 0.10959178877628 0.912733123038887 NA 0.285714285714286 0.375 "Uqcrc2_noRT" "non-targeting_noRT"
"12507" "Chpf2" 6.35616812607153 -0.0811405122337271 -0.10957732578496 0.912744593754552 NA 0.428571428571429 0.410714285714286 "Uqcrc2_noRT" "non-targeting_noRT"
"12508" "Auh" 19.6000476170367 0.0468824817590665 0.10949378379485 0.912810851939871 0.984429672594762 0.714285714285714 0.785714285714286 "Uqcrc2_noRT" "non-targeting_noRT"
"12509" "Mpp1" 8.11976763790202 0.07026854036348 0.109471933559701 0.912828181731545 NA 0.428571428571429 0.392857142857143 "Uqcrc2_noRT" "non-targeting_noRT"
"12510" "Aldoc" 2.09507771865436 -0.143432491954073 -0.1094591032863 0.912838357658063 NA 0.0952380952380952 0.142857142857143 "Uqcrc2_noRT" "non-targeting_noRT"
"12511" "Hdc" 0.685444540436102 -0.247703074295993 -0.10939579625235 0.91288856784372 NA 0.0476190476190476 0.0892857142857143 "Uqcrc2_noRT" "non-targeting_noRT"
"12512" "Stxbp4" 2.49065571184728 0.130610791294385 0.109052904203569 0.913160529023364 NA 0.142857142857143 0.214285714285714 "Uqcrc2_noRT" "non-targeting_noRT"
"12513" "Ipo7" 40.3476359391432 -0.0340456932873244 -0.109000802320463 0.913201853968334 0.984429672594762 0.761904761904762 0.928571428571429 "Uqcrc2_noRT" "non-targeting_noRT"
"12514" "Fbrsl1" 2.54832767985896 0.12926163507056 0.108781490462621 0.913375805156101 NA 0.19047619047619 0.232142857142857 "Uqcrc2_noRT" "non-targeting_noRT"
"12515" "Galnt1" 15.5744631764896 -0.0514455874101718 -0.108552836759999 0.913557170416733 0.984429672594762 0.571428571428571 0.714285714285714 "Uqcrc2_noRT" "non-targeting_noRT"
"12516" "Klf13" 15.9156650228349 0.0529954244890802 0.10853999206797 0.913567358799631 0.984429672594762 0.714285714285714 0.732142857142857 "Uqcrc2_noRT" "non-targeting_noRT"
"12517" "Gstm5" 26.5799592620962 0.0405186851042708 0.108460237980434 0.913630619893182 0.984429672594762 0.904761904761905 0.839285714285714 "Uqcrc2_noRT" "non-targeting_noRT"
"12518" "Stard9" 1.24263876555627 0.19051366380088 0.108236643997933 0.913807977980663 NA 0.0952380952380952 0.0714285714285714 "Uqcrc2_noRT" "non-targeting_noRT"
"12519" "Tmed2" 91.8628446854333 0.0255895632948026 0.108100305165932 0.913916126086306 0.984429672594762 0.952380952380952 1 "Uqcrc2_noRT" "non-targeting_noRT"
"12520" "Stox2" 8.52737269368893 0.067966085074121 0.107984903972194 0.914007667066499 NA 0.476190476190476 0.410714285714286 "Uqcrc2_noRT" "non-targeting_noRT"
"12521" "Ogfrl1" 5.59825662794352 0.0833948741159696 0.107784616792047 0.914166545814849 NA 0.333333333333333 0.482142857142857 "Uqcrc2_noRT" "non-targeting_noRT"
"12522" "Ngfr" 1.08842723931414 0.207782830946909 0.107697566957905 0.914235599575182 NA 0.0476190476190476 0.0714285714285714 "Uqcrc2_noRT" "non-targeting_noRT"
"12523" "Bbs4" 1.25773283043056 -0.1862215849819 -0.107559836948834 0.914344857567838 NA 0.0952380952380952 0.142857142857143 "Uqcrc2_noRT" "non-targeting_noRT"
"12524" "Eif4enif1" 10.6916257412717 0.0616960463652241 0.107521578790775 0.914375207156537 NA 0.571428571428571 0.589285714285714 "Uqcrc2_noRT" "non-targeting_noRT"
"12525" "Inca1" 2.47583337724915 0.125720342443309 0.107418468305578 0.914457003687102 NA 0.19047619047619 0.178571428571429 "Uqcrc2_noRT" "non-targeting_noRT"
"12526" "Cdk2ap2" 28.7157493502298 -0.0408602106238458 -0.10733590910177 0.914522497742068 0.984429672594762 0.761904761904762 0.875 "Uqcrc2_noRT" "non-targeting_noRT"
"12527" "Marcks" 17.4975562469322 0.0507722528912861 0.107157145178583 0.914664312801126 0.984429672594762 0.523809523809524 0.535714285714286 "Uqcrc2_noRT" "non-targeting_noRT"
"12528" "Ifih1" 15.0527452014786 -0.054602449915168 -0.10714585962883 0.914673265822416 0.984429672594762 0.761904761904762 0.642857142857143 "Uqcrc2_noRT" "non-targeting_noRT"
"12529" "Dusp16" 9.76862803040538 -0.0645728369084124 -0.107002032571728 0.914787367255536 NA 0.476190476190476 0.625 "Uqcrc2_noRT" "non-targeting_noRT"
"12530" "Dtnb" 4.11125685272566 0.0982686930530764 0.106880202562886 0.914884019279671 NA 0.238095238095238 0.357142857142857 "Uqcrc2_noRT" "non-targeting_noRT"
"12531" "Adpgk" 7.68959818722347 -0.0712749641227516 -0.106869882610992 0.914892206517737 NA 0.428571428571429 0.553571428571429 "Uqcrc2_noRT" "non-targeting_noRT"
"12532" "2900093K20Rik" 2.46042930268437 0.121922263537601 0.106861811869749 0.914898609371698 NA 0.19047619047619 0.232142857142857 "Uqcrc2_noRT" "non-targeting_noRT"
"12533" "Ppp2r1b" 3.6809079358141 0.101270622843266 0.106769463524746 0.914971873539211 NA 0.285714285714286 0.357142857142857 "Uqcrc2_noRT" "non-targeting_noRT"
"12534" "Fas" 1.75565262911755 0.145421953522519 0.106731613584725 0.915001901837213 NA 0.142857142857143 0.160714285714286 "Uqcrc2_noRT" "non-targeting_noRT"
"12535" "Ech1" 37.0529796770061 0.0335429916660705 0.106699748128272 0.915027182431629 0.984429672594762 0.857142857142857 0.964285714285714 "Uqcrc2_noRT" "non-targeting_noRT"
"12536" "Nupl2" 2.48004608931914 0.121051606054969 0.106531381611367 0.915160758144964 NA 0.142857142857143 0.232142857142857 "Uqcrc2_noRT" "non-targeting_noRT"
"12537" "Eif2b3" 18.3844561902561 0.0502376760669067 0.106375498908851 0.915284431801767 0.984429672594762 0.714285714285714 0.821428571428571 "Uqcrc2_noRT" "non-targeting_noRT"
"12538" "Ppp4c" 36.8302235305862 -0.0395918445160139 -0.106369349307821 0.91528931079214 0.984429672594762 0.857142857142857 0.928571428571429 "Uqcrc2_noRT" "non-targeting_noRT"
"12539" "B3galt1" 1.08421452724415 0.21190403678227 0.106191065923481 0.915430759227459 NA 0.0952380952380952 0.0892857142857143 "Uqcrc2_noRT" "non-targeting_noRT"
"12540" "Bag3" 16.1604752402741 -0.0495604789119062 -0.106090185244628 0.915510798238328 0.984429672594762 0.571428571428571 0.642857142857143 "Uqcrc2_noRT" "non-targeting_noRT"
"12541" "Anapc4" 20.3056182240948 -0.0467507003287182 -0.10588120126981 0.915676609429008 0.984429672594762 0.857142857142857 0.767857142857143 "Uqcrc2_noRT" "non-targeting_noRT"
"12542" "Ndst1" 4.55469311403476 -0.0909506136092492 -0.105726062311899 0.915799701504933 NA 0.285714285714286 0.321428571428571 "Uqcrc2_noRT" "non-targeting_noRT"
"12543" "Map3k3" 4.35605485214401 0.0912297168896396 0.105609993309099 0.915891795583412 NA 0.285714285714286 0.321428571428571 "Uqcrc2_noRT" "non-targeting_noRT"
"12544" "Lrrcc1" 4.12666092729043 0.0987333198905323 0.105335741965247 0.916109402735086 NA 0.238095238095238 0.303571428571429 "Uqcrc2_noRT" "non-targeting_noRT"
"12545" "Zfp740" 11.1840020997433 0.057983043945734 0.105195738857651 0.916220491862409 NA 0.571428571428571 0.642857142857143 "Uqcrc2_noRT" "non-targeting_noRT"
"12546" "Zfp871" 9.47696712554915 0.0700390508335358 0.105105759816656 0.916291888949563 NA 0.380952380952381 0.607142857142857 "Uqcrc2_noRT" "non-targeting_noRT"
"12547" "Bet1l" 16.0201383256127 -0.0486587379318108 -0.105011539571032 0.916366652095878 0.984602298772952 0.761904761904762 0.892857142857143 "Uqcrc2_noRT" "non-targeting_noRT"
"12548" "Yme1l1" 25.1835657189296 0.0418568149041882 0.10496002381504 0.916407529822876 0.984602298772952 0.80952380952381 0.910714285714286 "Uqcrc2_noRT" "non-targeting_noRT"
"12549" "Ankrd27" 2.74587831543812 -0.122534330819555 -0.104709843102961 0.916606051235841 NA 0.142857142857143 0.232142857142857 "Uqcrc2_noRT" "non-targeting_noRT"
"12550" "Cep41" 4.1097322366573 0.0977690633041408 0.104705687479806 0.916609348816888 NA 0.285714285714286 0.285714285714286 "Uqcrc2_noRT" "non-targeting_noRT"
"12551" "Pdlim7" 4.84887018910388 0.0885526585371289 0.104426487977557 0.916830903226055 NA 0.333333333333333 0.339285714285714 "Uqcrc2_noRT" "non-targeting_noRT"
"12552" "Zc3h7b" 6.55795881863858 -0.0754592906463382 -0.104156952703399 0.917044794866152 NA 0.380952380952381 0.517857142857143 "Uqcrc2_noRT" "non-targeting_noRT"
"12553" "Bag2" 13.4276502580075 0.055989450354982 0.104032944523913 0.917143204459687 0.984602298772952 0.476190476190476 0.678571428571429 "Uqcrc2_noRT" "non-targeting_noRT"
"12554" "Traf3" 7.38265819913729 0.0695325779000867 0.103890518525421 0.917256231510942 NA 0.333333333333333 0.446428571428571 "Uqcrc2_noRT" "non-targeting_noRT"
"12555" "Cfap69" 1.25352011836057 -0.177636480882547 -0.103811690996486 0.917318788527696 NA 0.0952380952380952 0.0892857142857143 "Uqcrc2_noRT" "non-targeting_noRT"
"12556" "Csgalnact2" 1.75143991704755 0.147722978730606 0.103589519540975 0.917495105110206 NA 0.142857142857143 0.107142857142857 "Uqcrc2_noRT" "non-targeting_noRT"
"12557" "Akirin1" 13.9937627768335 -0.0554667858881051 -0.103426068377114 0.917624823512954 0.984602298772952 0.666666666666667 0.732142857142857 "Uqcrc2_noRT" "non-targeting_noRT"
"12558" "Polr3f" 9.3142290109575 -0.0692268841674432 -0.103278586229389 0.91774187043889 NA 0.428571428571429 0.571428571428571 "Uqcrc2_noRT" "non-targeting_noRT"
"12559" "GFP" 6.82874338475971 0.0798436658964873 0.103255824118649 0.917759935394972 NA 0.333333333333333 0.428571428571429 "Uqcrc2_noRT" "non-targeting_noRT"
"12560" "Mcfd2" 12.58252175782 0.054426770928827 0.103181653113146 0.917818800878784 NA 0.523809523809524 0.732142857142857 "Uqcrc2_noRT" "non-targeting_noRT"
"12561" "Eefsec" 5.76249603674715 0.083801376571199 0.103150593449006 0.917843451374913 NA 0.285714285714286 0.446428571428571 "Uqcrc2_noRT" "non-targeting_noRT"
"12562" "Prrg2" 7.29346778771327 -0.0796781081543454 -0.103083939694473 0.917896351380208 NA 0.285714285714286 0.339285714285714 "Uqcrc2_noRT" "non-targeting_noRT"
"12563" "Zfp7" 4.28609097209807 0.100259742789873 0.103028054443878 0.917940705201619 NA 0.238095238095238 0.285714285714286 "Uqcrc2_noRT" "non-targeting_noRT"
"12564" "Gm32857" 3.1875108588876 0.111368726688828 0.102968390359061 0.91798805840996 NA 0.238095238095238 0.25 "Uqcrc2_noRT" "non-targeting_noRT"
"12565" "Sun1" 7.94586148267197 0.0694164558644549 0.102824440499545 0.918102307361345 NA 0.476190476190476 0.5 "Uqcrc2_noRT" "non-targeting_noRT"
"12566" "Syt11" 11.4346156841348 -0.0691830727675339 -0.102661837951609 0.918231362460305 NA 0.333333333333333 0.482142857142857 "Uqcrc2_noRT" "non-targeting_noRT"
"12567" "Asb6" 5.98073816204476 -0.0810888849304425 -0.102645964535237 0.91824396105807 NA 0.380952380952381 0.392857142857143 "Uqcrc2_noRT" "non-targeting_noRT"
"12568" "Upf3a" 22.5201734193663 0.0412339757120048 0.102418175471274 0.918424757591669 0.984602298772952 0.714285714285714 0.821428571428571 "Uqcrc2_noRT" "non-targeting_noRT"
"12569" "Rusc2" 1.83933829422214 0.155713166864554 0.102363428314496 0.918468211124025 NA 0.142857142857143 0.160714285714286 "Uqcrc2_noRT" "non-targeting_noRT"
"12570" "3222401L13Rik" 7.3089497046312 -0.0739522891319348 -0.102268119362211 0.918543859663399 NA 0.333333333333333 0.482142857142857 "Uqcrc2_noRT" "non-targeting_noRT"
"12571" "Rbm26" 16.110128146863 -0.0481536948447126 -0.102160446594261 0.918629322486878 0.984602298772952 0.571428571428571 0.714285714285714 "Uqcrc2_noRT" "non-targeting_noRT"
"12572" "Hist1h2bc" 6.87909047817088 0.0742871194129823 0.102127333460786 0.91865560547645 NA 0.285714285714286 0.196428571428571 "Uqcrc2_noRT" "non-targeting_noRT"
"12573" "Rell1" 2.59377314523098 -0.119291972189438 -0.102053991870643 0.918713819439426 NA 0.142857142857143 0.196428571428571 "Uqcrc2_noRT" "non-targeting_noRT"
"12574" "Orc4" 11.6446387819617 -0.0558123109903354 -0.101987678953345 0.918766454856996 NA 0.523809523809524 0.660714285714286 "Uqcrc2_noRT" "non-targeting_noRT"
"12575" "Tubgcp5" 5.98502871646791 -0.077002585495804 -0.101775391089053 0.91893495926774 NA 0.238095238095238 0.446428571428571 "Uqcrc2_noRT" "non-targeting_noRT"
"12576" "Ccdc66" 2.51648439058454 -0.119613149912795 -0.101773776747601 0.918936240672209 NA 0.19047619047619 0.267857142857143 "Uqcrc2_noRT" "non-targeting_noRT"
"12577" "Cep76" 2.51648439058454 -0.119613149912795 -0.101773776747601 0.918936240672209 NA 0.19047619047619 0.25 "Uqcrc2_noRT" "non-targeting_noRT"
"12578" "Upf3b" 25.0443427014077 0.0413920932516254 0.101732617512986 0.918968911419725 0.984602298772952 0.761904761904762 0.767857142857143 "Uqcrc2_noRT" "non-targeting_noRT"
"12579" "Cdk6" 13.8268101307794 0.052762919072929 0.101716690764656 0.918981553547048 0.984602298772952 0.428571428571429 0.696428571428571 "Uqcrc2_noRT" "non-targeting_noRT"
"12580" "Eef1e1" 96.118957232826 0.0210316142393701 0.101633486100674 0.919047598996889 0.984602298772952 0.952380952380952 1 "Uqcrc2_noRT" "non-targeting_noRT"
"12581" "4921524J17Rik" 27.0766161099473 0.0411304563661351 0.101624957352209 0.919054368901706 0.984602298772952 0.80952380952381 0.892857142857143 "Uqcrc2_noRT" "non-targeting_noRT"
"12582" "Ptges3" 240.56165241494 -0.0167423061346413 -0.101439932958483 0.919201238029276 0.984602298772952 1 1 "Uqcrc2_noRT" "non-targeting_noRT"
"12583" "Pctp" 1.2516459296629 0.165897862637355 0.10137776683242 0.919250585031761 NA 0.0952380952380952 0.125 "Uqcrc2_noRT" "non-targeting_noRT"
"12584" "Itpr1" 4.12084575679893 0.0931430171310832 0.101249615720004 0.919352311400391 NA 0.285714285714286 0.303571428571429 "Uqcrc2_noRT" "non-targeting_noRT"
"12585" "2510017J16Rik" 1.25293837839393 -0.191455317152634 -0.101234569939193 0.919364254829643 NA 0.0952380952380952 0.107142857142857 "Uqcrc2_noRT" "non-targeting_noRT"
"12586" "Hes5" 7.13859398562276 -0.211958858509634 -0.100938248699711 0.919599480075249 NA 0.0952380952380952 0.142857142857143 "Uqcrc2_noRT" "non-targeting_noRT"
"12587" "Zfpl1" 27.6527482707767 0.0359007412980749 0.10088920032013 0.919638416259581 0.984602298772952 1 0.892857142857143 "Uqcrc2_noRT" "non-targeting_noRT"
"12588" "Pgrmc2" 20.5264488102457 -0.0427203579643123 -0.10079227457638 0.919715359604964 0.984602298772952 0.619047619047619 0.803571428571429 "Uqcrc2_noRT" "non-targeting_noRT"
"12589" "Btrc" 7.76790766032479 -0.0663982511681887 -0.100736920525054 0.919759302095527 NA 0.428571428571429 0.5 "Uqcrc2_noRT" "non-targeting_noRT"
"12590" "Btaf1" 8.80021290388205 0.0620769573582281 0.100427493240303 0.920004943648967 NA 0.428571428571429 0.517857142857143 "Uqcrc2_noRT" "non-targeting_noRT"
"12591" "Frat2" 4.99987480977152 0.0976581287898643 0.10035026669903 0.920066251804701 NA 0.142857142857143 0.339285714285714 "Uqcrc2_noRT" "non-targeting_noRT"
"12592" "Pkn1" 5.69726852525973 0.0831147071174748 0.100323316662066 0.920087646854562 NA 0.285714285714286 0.339285714285714 "Uqcrc2_noRT" "non-targeting_noRT"
"12593" "Slc35a2" 12.8927173747122 0.055724220897386 0.100227810948292 0.920163467235053 0.984602298772952 0.619047619047619 0.589285714285714 "Uqcrc2_noRT" "non-targeting_noRT"
"12594" "Prkar1a" 62.0854172348525 0.0284190570996942 0.0999009344481746 0.920422974481712 0.984602298772952 1 0.964285714285714 "Uqcrc2_noRT" "non-targeting_noRT"
"12595" "Ints6l" 5.0508185551087 0.0895449286959734 0.0998885158797183 0.920432833750219 NA 0.238095238095238 0.339285714285714 "Uqcrc2_noRT" "non-targeting_noRT"
"12596" "Kbtbd2" 8.43352123146011 0.0673777062816237 0.0998630633837434 0.920453040867289 NA 0.523809523809524 0.535714285714286 "Uqcrc2_noRT" "non-targeting_noRT"
"12597" "AA465934" 1.27126271629768 0.169317931554987 0.0998235772083184 0.92048438963392 NA 0.0476190476190476 0.125 "Uqcrc2_noRT" "non-targeting_noRT"
"12598" "Rpl13" 2758.73854280866 -0.0118843205892746 -0.0995558091913429 0.920696978612677 0.984602298772952 1 1 "Uqcrc2_noRT" "non-targeting_noRT"
"12599" "Rplp2" 2382.05839300455 0.011647244649781 0.0994874014841819 0.920751290431887 0.984602298772952 1 1 "Uqcrc2_noRT" "non-targeting_noRT"
"12600" "Mrpl16" 38.6496915683103 -0.0307029349480851 -0.0994571639107921 0.920775297458976 0.984602298772952 0.904761904761905 0.964285714285714 "Uqcrc2_noRT" "non-targeting_noRT"
"12601" "Nme1" 406.498497500561 -0.0139328401502051 -0.0994380285638758 0.920790489945284 0.984602298772952 1 1 "Uqcrc2_noRT" "non-targeting_noRT"
"12602" "Gm8797" 9.5942328895212 -0.0641284907402121 -0.099364920159115 0.920848534543912 NA 0.476190476190476 0.553571428571429 "Uqcrc2_noRT" "non-targeting_noRT"
"12603" "Phb" 53.3392402650255 -0.0266861826587704 -0.0993528606325172 0.920858109275379 0.984602298772952 0.904761904761905 0.946428571428571 "Uqcrc2_noRT" "non-targeting_noRT"
"12604" "Kif1c" 3.7116382425905 0.094522114806713 0.0992554991902664 0.920935410380271 NA 0.285714285714286 0.285714285714286 "Uqcrc2_noRT" "non-targeting_noRT"
"12605" "Erich3" 3.24999219089527 0.116490421076422 0.0991631512380137 0.92100873166423 NA 0.0952380952380952 0.25 "Uqcrc2_noRT" "non-targeting_noRT"
"12606" "Ctnnbip1" 15.0695285128926 -0.0535288712993625 -0.0990360409785228 0.921109654192581 0.984602298772952 0.523809523809524 0.714285714285714 "Uqcrc2_noRT" "non-targeting_noRT"
"12607" "Xlr3b" 15.6803109627522 -0.0472977142867102 -0.0990324757158522 0.921112484944825 0.984602298772952 0.476190476190476 0.785714285714286 "Uqcrc2_noRT" "non-targeting_noRT"
"12608" "Prnp" 21.8035213146611 0.0427259726038678 0.098623818414885 0.921436957854379 0.984602298772952 0.714285714285714 0.821428571428571 "Uqcrc2_noRT" "non-targeting_noRT"
"12609" "Zdhhc15" 1.91914304974246 -0.1307658817652 -0.0985885759068476 0.921464940933908 NA 0.142857142857143 0.160714285714286 "Uqcrc2_noRT" "non-targeting_noRT"
"12610" "Parp10" 10.0350748931217 0.0590790838092826 0.0983629467622914 0.921644096158332 NA 0.523809523809524 0.589285714285714 "Uqcrc2_noRT" "non-targeting_noRT"
"12611" "Zfp296" 1.27336907233267 0.163814044963041 0.0980937548202466 0.921857846542324 NA 0.0476190476190476 0.107142857142857 "Uqcrc2_noRT" "non-targeting_noRT"
"12612" "AC125149.3" 1.27336907233267 0.163814044963041 0.0980937548202466 0.921857846542324 NA 0.0952380952380952 0.125 "Uqcrc2_noRT" "non-targeting_noRT"
"12613" "Shld2" 5.06457990310616 -0.0825227143510774 -0.0980569742417655 0.921887052397413 NA 0.333333333333333 0.410714285714286 "Uqcrc2_noRT" "non-targeting_noRT"
"12614" "Usp24" 9.94448841994546 0.0579435702910883 0.0980295600068505 0.921908820915621 NA 0.571428571428571 0.482142857142857 "Uqcrc2_noRT" "non-targeting_noRT"
"12615" "Nqo2" 6.96865623289223 0.0684803570763145 0.0979594473182809 0.921964494788603 NA 0.428571428571429 0.446428571428571 "Uqcrc2_noRT" "non-targeting_noRT"
"12616" "Ciao1" 15.43621232353 0.0512382357897348 0.0979231316909531 0.921993331825166 0.984602298772952 0.619047619047619 0.696428571428571 "Uqcrc2_noRT" "non-targeting_noRT"
"12617" "Med25" 12.1331800507077 0.0571999875216552 0.0976927935683299 0.92217623808388 NA 0.428571428571429 0.642857142857143 "Uqcrc2_noRT" "non-targeting_noRT"
"12618" "Bloc1s4" 20.3426855836475 0.0420533943916306 0.0975617885177838 0.922280268048493 0.984602298772952 0.714285714285714 0.839285714285714 "Uqcrc2_noRT" "non-targeting_noRT"
"12619" "Ubtf" 26.7475285790777 0.0391712507314312 0.097338403083679 0.92245765953321 0.984602298772952 0.80952380952381 0.821428571428571 "Uqcrc2_noRT" "non-targeting_noRT"
"12620" "Mfsd1" 14.9891148870155 0.0473180593730933 0.0973351718131058 0.922460225529572 0.984602298772952 0.428571428571429 0.75 "Uqcrc2_noRT" "non-targeting_noRT"
"12621" "Nit1" 6.25908510728877 0.0704778816327391 0.097291915921325 0.922494575705305 NA 0.428571428571429 0.410714285714286 "Uqcrc2_noRT" "non-targeting_noRT"
"12622" "Mettl1" 24.2721512452533 -0.0372801017777672 -0.0972856597706016 0.922499543823764 0.984602298772952 0.619047619047619 0.839285714285714 "Uqcrc2_noRT" "non-targeting_noRT"
"12623" "Ranbp9" 4.79017750263733 0.0816626117948621 0.0972224393294309 0.92254974844893 NA 0.238095238095238 0.357142857142857 "Uqcrc2_noRT" "non-targeting_noRT"
"12624" "Csdc2" 2.47212456279264 0.112261613004502 0.0970613764759882 0.922677653097593 NA 0.142857142857143 0.196428571428571 "Uqcrc2_noRT" "non-targeting_noRT"
"12625" "Uchl3" 68.1580524240425 0.0255543470382696 0.0969858378191164 0.922737641208661 0.984602465013264 1 0.982142857142857 "Uqcrc2_noRT" "non-targeting_noRT"
"12626" "Rfesd" 3.97064949172246 -0.0899516353318348 -0.0969468222041531 0.922768625159711 NA 0.19047619047619 0.339285714285714 "Uqcrc2_noRT" "non-targeting_noRT"
"12627" "Cstf2" 11.5256858815679 0.0583133974408045 0.0965860522258168 0.923055133413972 NA 0.428571428571429 0.642857142857143 "Uqcrc2_noRT" "non-targeting_noRT"
"12628" "Nrde2" 3.14247702708591 0.100741048528915 0.0963324441912167 0.923256544164059 NA 0.19047619047619 0.232142857142857 "Uqcrc2_noRT" "non-targeting_noRT"
"12629" "Pdxk" 8.98826689943109 0.0652497761049376 0.0962567634359973 0.923316649355963 NA 0.380952380952381 0.535714285714286 "Uqcrc2_noRT" "non-targeting_noRT"
"12630" "Isg20l2" 7.18710674359061 0.0709103080858445 0.0959986967427821 0.923521607631961 NA 0.333333333333333 0.5 "Uqcrc2_noRT" "non-targeting_noRT"
"12631" "Ugp2" 15.8480450033463 0.0457150457630308 0.0956605398805867 0.923790181734217 0.985293165628983 0.619047619047619 0.785714285714286 "Uqcrc2_noRT" "non-targeting_noRT"
"12632" "Dnajc15" 21.8682393764123 -0.0385374283411895 -0.0955711734619551 0.923861160618766 0.985293165628983 0.761904761904762 0.803571428571429 "Uqcrc2_noRT" "non-targeting_noRT"
"12633" "Tbc1d14" 7.75621240021652 -0.0634162307953878 -0.0954602866593452 0.923949232816258 NA 0.285714285714286 0.535714285714286 "Uqcrc2_noRT" "non-targeting_noRT"
"12634" "Gm12216" 4.60764847236295 -0.0808562285494047 -0.0954542893349253 0.923953996236937 NA 0.285714285714286 0.321428571428571 "Uqcrc2_noRT" "non-targeting_noRT"
"12635" "Fbxl19" 2.47633727486263 0.1085284779959 0.0953368180904318 0.924047299218761 NA 0.19047619047619 0.214285714285714 "Uqcrc2_noRT" "non-targeting_noRT"
"12636" "Ap3m2" 3.26368663103602 -0.0955248341514186 -0.0953141210151893 0.92406532677063 NA 0.238095238095238 0.267857142857143 "Uqcrc2_noRT" "non-targeting_noRT"
"12637" "Rab3a" 8.15565353285014 0.068110730066883 0.0951685842522015 0.924180922834967 NA 0.333333333333333 0.464285714285714 "Uqcrc2_noRT" "non-targeting_noRT"
"12638" "Gna12" 9.03828956146178 -0.0593556736071645 -0.0951483018964744 0.924197032709593 NA 0.476190476190476 0.589285714285714 "Uqcrc2_noRT" "non-targeting_noRT"
"12639" "Dgat1" 3.94413189701606 -0.086401174820164 -0.0948857338193579 0.924405588152158 NA 0.285714285714286 0.339285714285714 "Uqcrc2_noRT" "non-targeting_noRT"
"12640" "Prr3" 6.83943283837247 0.06862906771876 0.0947664331583808 0.924500349302928 NA 0.380952380952381 0.464285714285714 "Uqcrc2_noRT" "non-targeting_noRT"
"12641" "Otx1" 1.91645495374082 -0.132266823462074 -0.094675316791877 0.924572724240066 NA 0.142857142857143 0.178571428571429 "Uqcrc2_noRT" "non-targeting_noRT"
"12642" "Lbr" 15.6020835239947 0.0468727161240577 0.0945898831116538 0.92464058591136 0.985645633204469 0.619047619047619 0.607142857142857 "Uqcrc2_noRT" "non-targeting_noRT"
"12643" "Trp53bp2" 1.25854673773454 0.153285873790795 0.0943236769230527 0.924852042295659 NA 0.0952380952380952 0.125 "Uqcrc2_noRT" "non-targeting_noRT"
"12644" "Supv3l1" 4.29888678174582 0.0831385107870272 0.0943062648589214 0.924865873459526 NA 0.333333333333333 0.428571428571429 "Uqcrc2_noRT" "non-targeting_noRT"
"12645" "Fem1b" 7.03180957976836 0.0740345984849874 0.0942034042766909 0.924947580580716 NA 0.380952380952381 0.482142857142857 "Uqcrc2_noRT" "non-targeting_noRT"
"12646" "Atp5f1" 252.362765781133 0.015296343490983 0.0941749679791324 0.924970169043013 0.985645633204469 1 1 "Uqcrc2_noRT" "non-targeting_noRT"
"12647" "Slc35f5" 4.64898840166749 -0.0814832277866452 -0.0939220647491641 0.925171066177495 NA 0.285714285714286 0.321428571428571 "Uqcrc2_noRT" "non-targeting_noRT"
"12648" "Cdc37" 74.7702036597908 0.023546770656201 0.0936286067926532 0.92540418449318 0.985645633204469 0.904761904761905 0.982142857142857 "Uqcrc2_noRT" "non-targeting_noRT"
"12649" "Surf1" 24.7428774564927 -0.036238268487819 -0.0935671922196855 0.925452972060655 0.985645633204469 0.714285714285714 0.892857142857143 "Uqcrc2_noRT" "non-targeting_noRT"
"12650" "B9d1" 30.41935614041 -0.0328666155014945 -0.093537761132103 0.925476352134882 0.985645633204469 0.761904761904762 0.910714285714286 "Uqcrc2_noRT" "non-targeting_noRT"
"12651" "Mccc2" 3.85565177987483 -0.0909955575493948 -0.0935335510273565 0.925479696649966 NA 0.238095238095238 0.375 "Uqcrc2_noRT" "non-targeting_noRT"
"12652" "Tep1" 1.9318590283056 -0.123848600696136 -0.0935095580067368 0.925498756775554 NA 0.142857142857143 0.196428571428571 "Uqcrc2_noRT" "non-targeting_noRT"
"12653" "Malsu1" 59.1093772096913 0.0296801415251149 0.0933559120867748 0.925620814555961 0.985645633204469 0.904761904761905 1 "Uqcrc2_noRT" "non-targeting_noRT"
"12654" "Pax3" 1.24240659821894 -0.161451123973824 -0.0932398666821362 0.925713003289992 NA 0.0952380952380952 0.125 "Uqcrc2_noRT" "non-targeting_noRT"
"12655" "Bbs5" 1.91224224167083 -0.123577622774243 -0.093220462437928 0.925728418497633 NA 0.0952380952380952 0.160714285714286 "Uqcrc2_noRT" "non-targeting_noRT"
"12656" "Zfp825" 2.40326123228618 0.107698500942572 0.0930060323559661 0.92589876887069 NA 0.19047619047619 0.196428571428571 "Uqcrc2_noRT" "non-targeting_noRT"
"12657" "Haus7" 8.41936783942833 -0.0623402018324886 -0.0929887115947383 0.925912529206605 NA 0.428571428571429 0.375 "Uqcrc2_noRT" "non-targeting_noRT"
"12658" "Renbp" 8.52782587933942 -0.0601621162161774 -0.0928794318663201 0.925999346096489 NA 0.428571428571429 0.535714285714286 "Uqcrc2_noRT" "non-targeting_noRT"
"12659" "Bms1" 13.4105241160602 -0.047579041771188 -0.092805554164286 0.926058038472256 0.985744870261045 0.476190476190476 0.607142857142857 "Uqcrc2_noRT" "non-targeting_noRT"
"12660" "Rnf24" 5.28177467023799 -0.0734576173105375 -0.0927039360913326 0.926138769931454 NA 0.238095238095238 0.357142857142857 "Uqcrc2_noRT" "non-targeting_noRT"
"12661" "Mcrip2" 17.4688474036628 -0.0421796104139892 -0.0925236441668345 0.926282006462764 0.985744870261045 0.571428571428571 0.678571428571429 "Uqcrc2_noRT" "non-targeting_noRT"
"12662" "Foxf1" 2.4980604175324 0.106281439992826 0.092472964773079 0.926322270152845 NA 0.19047619047619 0.232142857142857 "Uqcrc2_noRT" "non-targeting_noRT"
"12663" "Tbcc" 15.432887797726 -0.0437671326346315 -0.0923390527384517 0.926428661296569 0.985744870261045 0.714285714285714 0.785714285714286 "Uqcrc2_noRT" "non-targeting_noRT"
"12664" "Kdm4b" 1.27816352436931 0.157780387016081 0.0923131015144376 0.926449279314941 NA 0.0476190476190476 0.125 "Uqcrc2_noRT" "non-targeting_noRT"
"12665" "Gm26910" 1.27816352436931 0.157780387016081 0.0923131015144376 0.926449279314941 NA 0.0952380952380952 0.125 "Uqcrc2_noRT" "non-targeting_noRT"
"12666" "Hira" 4.3586651057925 0.0814121362917137 0.0923008040780014 0.926459049536873 NA 0.285714285714286 0.339285714285714 "Uqcrc2_noRT" "non-targeting_noRT"
"12667" "Erc1" 5.03439376208905 0.075235698137572 0.09219955266692 0.926539493452532 NA 0.285714285714286 0.392857142857143 "Uqcrc2_noRT" "non-targeting_noRT"
"12668" "Bbs2" 1.74773110259104 0.129618859202493 0.0920991735008934 0.926619245113641 NA 0.0952380952380952 0.160714285714286 "Uqcrc2_noRT" "non-targeting_noRT"
"12669" "BC005624" 22.0691819359217 -0.0389657981678551 -0.091875176345759 0.926797214433766 0.985750337726641 0.80952380952381 0.964285714285714 "Uqcrc2_noRT" "non-targeting_noRT"
"12670" "Bag5" 10.818802851966 0.0541450699418987 0.0918120110330356 0.926847400946779 NA 0.476190476190476 0.553571428571429 "Uqcrc2_noRT" "non-targeting_noRT"
"12671" "Slc39a1" 26.4117522313779 0.0362508824579521 0.0917329243518042 0.92691023781884 0.985750337726641 0.761904761904762 0.875 "Uqcrc2_noRT" "non-targeting_noRT"
"12672" "Uckl1" 6.17808753818582 0.0662734657318165 0.0914330103075487 0.927148533161082 NA 0.380952380952381 0.464285714285714 "Uqcrc2_noRT" "non-targeting_noRT"
"12673" "Dclre1b" 2.5932692476175 -0.102023832924225 -0.091403837302952 0.927171712788509 NA 0.19047619047619 0.267857142857143 "Uqcrc2_noRT" "non-targeting_noRT"
"12674" "Ago1" 4.61825809489109 -0.0772103995669802 -0.0913854943920854 0.927186287316195 NA 0.238095238095238 0.357142857142857 "Uqcrc2_noRT" "non-targeting_noRT"
"12675" "Abhd13" 3.92030239831129 -0.084083637382492 -0.0913844121214987 0.927187147244957 NA 0.238095238095238 0.321428571428571 "Uqcrc2_noRT" "non-targeting_noRT"
"12676" "Nudt14" 4.11234249030578 0.0858276302524612 0.0913606639844892 0.927206016582694 NA 0.238095238095238 0.303571428571429 "Uqcrc2_noRT" "non-targeting_noRT"
"12677" "4930532G15Rik" 1.23682359506477 0.168921157326748 0.0911770167793673 0.92735193682677 NA 0.0952380952380952 0.107142857142857 "Uqcrc2_noRT" "non-targeting_noRT"
"12678" "Gkap1" 15.9947192917144 -0.0430615287276533 -0.0910867230888458 0.927423682225525 0.985846372638156 0.666666666666667 0.714285714285714 "Uqcrc2_noRT" "non-targeting_noRT"
"12679" "Catsper2" 0.739420617219169 -0.224665461467697 -0.0910439740935516 0.927457649851426 NA 0.0476190476190476 0.0714285714285714 "Uqcrc2_noRT" "non-targeting_noRT"
"12680" "Brap" 3.93781282891106 -0.0832669331913712 -0.090874272291556 0.927592493325711 NA 0.19047619047619 0.285714285714286 "Uqcrc2_noRT" "non-targeting_noRT"
"12681" "Pik3ca" 7.80182797198485 -0.060483753756343 -0.0906950230722562 0.927734925347242 NA 0.428571428571429 0.482142857142857 "Uqcrc2_noRT" "non-targeting_noRT"
"12682" "Banp" 4.58650706965982 -0.0796647266423317 -0.0906816892190929 0.92774552056358 NA 0.238095238095238 0.392857142857143 "Uqcrc2_noRT" "non-targeting_noRT"
"12683" "Prex1" 6.19770432482059 0.0660356664688663 0.090436991224795 0.927939962369837 NA 0.333333333333333 0.446428571428571 "Uqcrc2_noRT" "non-targeting_noRT"
"12684" "Camkmt" 2.48113172689927 0.10461204494401 0.090363345653338 0.927998483422462 NA 0.19047619047619 0.160714285714286 "Uqcrc2_noRT" "non-targeting_noRT"
"12685" "Ralgps2" 10.7859823850483 -0.0571254109104838 -0.0902662728525079 0.92807562107226 NA 0.428571428571429 0.589285714285714 "Uqcrc2_noRT" "non-targeting_noRT"
"12686" "Czib" 11.929035053766 0.0518603093440545 0.0901290060685177 0.928184699506117 NA 0.428571428571429 0.678571428571429 "Uqcrc2_noRT" "non-targeting_noRT"
"12687" "Araf" 28.0211864466231 -0.0327016852921536 -0.0898404610601111 0.928413994899535 0.985846372638156 0.761904761904762 0.946428571428571 "Uqcrc2_noRT" "non-targeting_noRT"
"12688" "Osgep" 16.0490500025702 0.0426566024784412 0.0898166319020063 0.92843293126221 0.985846372638156 0.571428571428571 0.785714285714286 "Uqcrc2_noRT" "non-targeting_noRT"
"12689" "Spats2" 20.9842508268601 0.0375430696668966 0.0896486619873883 0.928566413384833 0.985846372638156 0.666666666666667 0.732142857142857 "Uqcrc2_noRT" "non-targeting_noRT"
"12690" "Gm4841" 5.43503309067908 0.0864366268497615 0.0896445946699735 0.928569645620513 NA 0.285714285714286 0.196428571428571 "Uqcrc2_noRT" "non-targeting_noRT"
"12691" "Ccdc92" 2.5911628915825 -0.100711402579151 -0.0896137633685243 0.928594146828138 NA 0.19047619047619 0.232142857142857 "Uqcrc2_noRT" "non-targeting_noRT"
"12692" "Med15" 2.5911628915825 -0.100711402579151 -0.0896137633685243 0.928594146828138 NA 0.19047619047619 0.232142857142857 "Uqcrc2_noRT" "non-targeting_noRT"
"12693" "Rbm3" 833.178916270326 0.013269543755701 0.089557133760789 0.928639149768285 0.985846372638156 1 1 "Uqcrc2_noRT" "non-targeting_noRT"
"12694" "Pcca" 6.59400039829301 -0.0671550090773949 -0.0892489204407877 0.928884087576291 NA 0.285714285714286 0.375 "Uqcrc2_noRT" "non-targeting_noRT"
"12695" "Pigb" 1.92917093230396 -0.124453477489588 -0.0892116150992163 0.928913734671432 NA 0.142857142857143 0.160714285714286 "Uqcrc2_noRT" "non-targeting_noRT"
"12696" "Miga1" 3.29812575226893 -0.0931170768306653 -0.0891507880353484 0.928962075031465 NA 0.238095238095238 0.321428571428571 "Uqcrc2_noRT" "non-targeting_noRT"
"12697" "Prpf8" 28.702808330292 0.0311136405751716 0.0889879213294627 0.929091509417637 0.985846372638156 0.714285714285714 0.839285714285714 "Uqcrc2_noRT" "non-targeting_noRT"
"12698" "Txndc5" 29.1814758269329 0.0320196109691375 0.0888828362968993 0.929175024208516 0.985846372638156 0.857142857142857 0.875 "Uqcrc2_noRT" "non-targeting_noRT"
"12699" "Faim2" 1.83437174705774 -0.145443143326614 -0.088662812107486 0.929349887736637 NA 0.0952380952380952 0.160714285714286 "Uqcrc2_noRT" "non-targeting_noRT"
"12700" "St3gal3" 2.41016204035781 0.101885925324652 0.0885322387689993 0.929453662097552 NA 0.19047619047619 0.196428571428571 "Uqcrc2_noRT" "non-targeting_noRT"
"12701" "Rbm48" 6.2580643888339 0.0645474098583419 0.0885001484810274 0.929479166332583 NA 0.380952380952381 0.428571428571429 "Uqcrc2_noRT" "non-targeting_noRT"
"12702" "Gtf2f1" 23.232640321575 0.0359770980332544 0.0884732434491073 0.929500549563845 0.985846372638156 0.80952380952381 0.821428571428571 "Uqcrc2_noRT" "non-targeting_noRT"
"12703" "Kirrel" 3.34155712564911 -0.0960204033267953 -0.0884613522149047 0.929510000340492 NA 0.19047619047619 0.267857142857143 "Uqcrc2_noRT" "non-targeting_noRT"
"12704" "Fbxw2" 19.5531885197227 -0.0379056385867624 -0.088269718930125 0.92966230578114 0.985846372638156 0.80952380952381 0.821428571428571 "Uqcrc2_noRT" "non-targeting_noRT"
"12705" "Acat2" 7.05775280602323 -0.0603130986445936 -0.0881546869319386 0.929753731633331 NA 0.380952380952381 0.410714285714286 "Uqcrc2_noRT" "non-targeting_noRT"
"12706" "Ankib1" 10.1423256977601 -0.054701561031984 -0.0880321498604888 0.929851123434465 NA 0.476190476190476 0.589285714285714 "Uqcrc2_noRT" "non-targeting_noRT"
"12707" "Klhdc4" 9.68226719252705 -0.0541108947048603 -0.0879812385559162 0.92989158777278 NA 0.523809523809524 0.625 "Uqcrc2_noRT" "non-targeting_noRT"
"12708" "Sema7a" 1.90592317356583 -0.118502963657149 -0.0878845842162334 0.929968409204047 NA 0.142857142857143 0.178571428571429 "Uqcrc2_noRT" "non-targeting_noRT"
"12709" "Bcl9" 7.57450084022745 0.0592181253053814 0.0877043070622876 0.930111696277491 NA 0.380952380952381 0.553571428571429 "Uqcrc2_noRT" "non-targeting_noRT"
"12710" "Cyp39a1" 3.70582307209899 0.0862915598675383 0.0875055438711453 0.930269678965284 NA 0.19047619047619 0.214285714285714 "Uqcrc2_noRT" "non-targeting_noRT"
"12711" "Lrrc8c" 6.86013526258736 0.0615762108147095 0.0874386069137956 0.930322882998539 NA 0.333333333333333 0.517857142857143 "Uqcrc2_noRT" "non-targeting_noRT"
"12712" "H2-D1" 535.068438295015 -0.01237838309199 -0.0874211872576394 0.930336728853218 0.985846372638156 1 1 "Uqcrc2_noRT" "non-targeting_noRT"
"12713" "Prorsd1" 3.93091202083943 -0.0798149950728179 -0.0873636995511253 0.930382422581549 NA 0.285714285714286 0.339285714285714 "Uqcrc2_noRT" "non-targeting_noRT"
"12714" "Tcf7l2" 10.9010655248821 -0.0484859619294592 -0.087343342844688 0.930398603031831 NA 0.523809523809524 0.625 "Uqcrc2_noRT" "non-targeting_noRT"
"12715" "Farsb" 22.9325380418277 -0.0352049037590969 -0.087230206107914 0.930488529858574 0.985846372638156 0.619047619047619 0.857142857142857 "Uqcrc2_noRT" "non-targeting_noRT"
"12716" "Mrps10" 54.4041433373388 0.0240080575869321 0.0872171499118447 0.930498907643721 0.985846372638156 1 0.910714285714286 "Uqcrc2_noRT" "non-targeting_noRT"
"12717" "Rcn3" 28.1466267477244 0.0358880123958365 0.0870753326954097 0.930611632554529 0.985846372638156 0.80952380952381 0.821428571428571 "Uqcrc2_noRT" "non-targeting_noRT"
"12718" "Armt1" 4.37036036590076 0.0755453479334905 0.0870738573445382 0.930612805260056 NA 0.238095238095238 0.321428571428571 "Uqcrc2_noRT" "non-targeting_noRT"
"12719" "Nfkbib" 18.1995615062192 0.0380073789268885 0.0870294283043643 0.930648120442414 0.985846372638156 0.857142857142857 0.785714285714286 "Uqcrc2_noRT" "non-targeting_noRT"
"12720" "Taf4" 1.77156060129581 0.123179248702782 0.0870110748468116 0.93066270904187 NA 0.142857142857143 0.142857142857143 "Uqcrc2_noRT" "non-targeting_noRT"
"12721" "Pak3" 17.4797745763257 0.0448014147467822 0.0869296202234977 0.930727455100131 0.985846372638156 0.476190476190476 0.696428571428571 "Uqcrc2_noRT" "non-targeting_noRT"
"12722" "Nr2f1" 4.36767226989913 0.0771054405910715 0.086843875389387 0.930795611825236 NA 0.238095238095238 0.321428571428571 "Uqcrc2_noRT" "non-targeting_noRT"
"12723" "9530034E10Rik" 1.92285186419897 -0.114212931254824 -0.0867641776886135 0.930858962269174 NA 0.142857142857143 0.196428571428571 "Uqcrc2_noRT" "non-targeting_noRT"
"12724" "Zfp566" 3.43053629348814 -0.0997998412789441 -0.0866691124211316 0.930934528722116 NA 0.238095238095238 0.303571428571429 "Uqcrc2_noRT" "non-targeting_noRT"
"12725" "Gpkow" 3.2933313002323 -0.0900571146966978 -0.086595073054545 0.930993382323042 NA 0.19047619047619 0.321428571428571 "Uqcrc2_noRT" "non-targeting_noRT"
"12726" "mt-Nd4l" 35.2220599712768 0.0306781768139985 0.0863971488343697 0.931150713357951 0.985846372638156 0.952380952380952 0.910714285714286 "Uqcrc2_noRT" "non-targeting_noRT"
"12727" "Ciz1" 5.35274435677944 -0.0701969302356823 -0.0863856546902217 0.931159850198122 NA 0.238095238095238 0.392857142857143 "Uqcrc2_noRT" "non-targeting_noRT"
"12728" "Kmt2d" 16.0666367012732 -0.0412503278126895 -0.0859527996598883 0.931503938714996 0.985846372638156 0.476190476190476 0.75 "Uqcrc2_noRT" "non-targeting_noRT"
"12729" "Oscp1" 1.2458307591714 0.146182138468061 0.0857449270181693 0.931669187020516 NA 0.0952380952380952 0.0892857142857143 "Uqcrc2_noRT" "non-targeting_noRT"
"12730" "Insr" 3.2912249441973 -0.0887797997057665 -0.0856386806698024 0.931753648666967 NA 0.142857142857143 0.321428571428571 "Uqcrc2_noRT" "non-targeting_noRT"
"12731" "Thoc3" 22.8343235204175 -0.0353300937777621 -0.0855411898762222 0.931831150669656 0.985846372638156 0.714285714285714 0.857142857142857 "Uqcrc2_noRT" "non-targeting_noRT"
"12732" "Ddx1" 33.0356794733704 0.0285600694105541 0.0854747739765786 0.931883949514894 0.985846372638156 0.904761904761905 0.928571428571429 "Uqcrc2_noRT" "non-targeting_noRT"
"12733" "4930556M19Rik" 1.26755390184117 0.136882472221198 0.0853907820820543 0.931950721230227 NA 0.0952380952380952 0.107142857142857 "Uqcrc2_noRT" "non-targeting_noRT"
"12734" "Hexdc" 2.24425525400742 0.114223180707549 0.0853835235286831 0.931956491643562 NA 0.142857142857143 0.178571428571429 "Uqcrc2_noRT" "non-targeting_noRT"
"12735" "Tut4" 34.0012868953409 -0.027676194027444 -0.0853508205301938 0.931982489956292 0.985846372638156 0.952380952380952 0.928571428571429 "Uqcrc2_noRT" "non-targeting_noRT"
"12736" "Nfat5" 20.2010975578075 -0.0388077330540682 -0.0853242321618397 0.932003627298324 0.985846372638156 0.761904761904762 0.785714285714286 "Uqcrc2_noRT" "non-targeting_noRT"
"12737" "Rad52" 2.39054525372304 0.101737973772788 0.0852719018275296 0.932045229245612 NA 0.19047619047619 0.214285714285714 "Uqcrc2_noRT" "non-targeting_noRT"
"12738" "Ppp1r9b" 8.73624366056062 -0.0568747041799984 -0.0852549772384922 0.93205868411743 NA 0.428571428571429 0.535714285714286 "Uqcrc2_noRT" "non-targeting_noRT"
"12739" "Rnf141" 3.97646466221397 -0.082211443561186 -0.0852216911454564 0.932085146270965 NA 0.238095238095238 0.339285714285714 "Uqcrc2_noRT" "non-targeting_noRT"
"12740" "Kdm3b" 3.92880566480443 -0.0786253016245663 -0.085177593804539 0.932120203387827 NA 0.238095238095238 0.303571428571429 "Uqcrc2_noRT" "non-targeting_noRT"
"12741" "4933412E12Rik" 6.05039360665009 0.06669850757569 0.0846404025978258 0.932547277670501 NA 0.380952380952381 0.428571428571429 "Uqcrc2_noRT" "non-targeting_noRT"
"12742" "Ube2j2" 36.5768553112193 -0.0286345544164536 -0.0842685084609611 0.93284294992707 0.986237450562548 0.80952380952381 0.946428571428571 "Uqcrc2_noRT" "non-targeting_noRT"
"12743" "Acsl5" 22.6402736037997 0.0365982726498086 0.0842531804323448 0.932855136585603 0.986237450562548 0.666666666666667 0.75 "Uqcrc2_noRT" "non-targeting_noRT"
"12744" "Sbf2" 6.33477140351371 0.0652481708345865 0.0837983296203493 0.93321677612004 NA 0.380952380952381 0.392857142857143 "Uqcrc2_noRT" "non-targeting_noRT"
"12745" "Junb" 72.2597537572656 0.0244036524243698 0.0835440411814226 0.933418959967638 0.986237450562548 0.904761904761905 0.946428571428571 "Uqcrc2_noRT" "non-targeting_noRT"
"12746" "Kif13b" 6.3915481346747 -0.0613296409921966 -0.083502294290274 0.933452153185458 NA 0.285714285714286 0.464285714285714 "Uqcrc2_noRT" "non-targeting_noRT"
"12747" "Pdxdc1" 6.83259694942608 0.0581773348949722 0.0834895803567686 0.933462262137581 NA 0.523809523809524 0.5 "Uqcrc2_noRT" "non-targeting_noRT"
"12748" "Kmt5a" 42.5511076480361 -0.0274829614825659 -0.0834416578224257 0.933500365831543 0.986237450562548 0.857142857142857 0.928571428571429 "Uqcrc2_noRT" "non-targeting_noRT"
"12749" "Zfp706" 268.371500078827 -0.0130720182517671 -0.0833603310405496 0.933565029930763 0.986237450562548 1 1 "Uqcrc2_noRT" "non-targeting_noRT"
"12750" "Fam135a" 5.90033525613635 -0.066159980950239 -0.0832688092435862 0.933637800758013 NA 0.285714285714286 0.428571428571429 "Uqcrc2_noRT" "non-targeting_noRT"
"12751" "Pigv" 1.26966025787616 0.133475048325088 0.0832641473188539 0.933641507563273 NA 0.0952380952380952 0.125 "Uqcrc2_noRT" "non-targeting_noRT"
"12752" "Lsm14a" 11.6446367932302 -0.0456761258242061 -0.0832100697029882 0.933684506044061 NA 0.571428571428571 0.660714285714286 "Uqcrc2_noRT" "non-targeting_noRT"
"12753" "Ndufaf5" 7.42980037570543 0.0561245964294934 0.0830536590571504 0.933808873195156 NA 0.571428571428571 0.517857142857143 "Uqcrc2_noRT" "non-targeting_noRT"
"12754" "Ppp2r3c" 11.1924875960929 0.0467453025233353 0.0826893942043074 0.93409851819008 NA 0.571428571428571 0.714285714285714 "Uqcrc2_noRT" "non-targeting_noRT"
"12755" "Zfp628" 1.91805741216234 -0.110290902316089 -0.0822263118240766 0.93446675047757 NA 0.0952380952380952 0.142857142857143 "Uqcrc2_noRT" "non-targeting_noRT"
"12756" "2810029C07Rik" 1.23071133811067 -0.138503906556889 -0.0822192443224263 0.93447237049856 NA 0.0952380952380952 0.107142857142857 "Uqcrc2_noRT" "non-targeting_noRT"
"12757" "1700096K18Rik" 2.90784967170746 0.0963231659844308 0.0820824557660926 0.934581144311402 NA 0.238095238095238 0.232142857142857 "Uqcrc2_noRT" "non-targeting_noRT"
"12758" "Kpna3" 12.4350115996038 -0.0466103950112787 -0.0820646920255687 0.934595270069441 NA 0.476190476190476 0.696428571428571 "Uqcrc2_noRT" "non-targeting_noRT"
"12759" "Zfx" 14.1962889984834 0.040967821139014 0.0816296321793661 0.934941236849705 0.987136820305661 0.619047619047619 0.696428571428571 "Uqcrc2_noRT" "non-targeting_noRT"
"12760" "Zfp12" 1.99382155074042 -0.10882234293516 -0.0815860960890187 0.934975858145662 NA 0.142857142857143 0.160714285714286 "Uqcrc2_noRT" "non-targeting_noRT"
"12761" "Utp18" 44.5088325646769 0.0248721518266863 0.0814346925852655 0.935096260026859 0.987136820305661 0.904761904761905 0.964285714285714 "Uqcrc2_noRT" "non-targeting_noRT"
"12762" "B3gat3" 17.6241574907129 -0.0378719088231225 -0.0813897141371835 0.935132028902415 0.987136820305661 0.619047619047619 0.767857142857143 "Uqcrc2_noRT" "non-targeting_noRT"
"12763" "Ranbp3" 9.8850056081115 -0.0484679745795719 -0.0813629865018553 0.935153283976626 NA 0.476190476190476 0.625 "Uqcrc2_noRT" "non-targeting_noRT"
"12764" "Mfn2" 2.50849794493278 -0.100553230521055 -0.0811586142491502 0.935315811942708 NA 0.19047619047619 0.214285714285714 "Uqcrc2_noRT" "non-targeting_noRT"
"12765" "Pakap.1" 1.28927704451094 0.137358596591441 0.0809708739431458 0.935465115653132 NA 0.0952380952380952 0.0892857142857143 "Uqcrc2_noRT" "non-targeting_noRT"
"12766" "P3h1" 12.753605296128 -0.0488430525171373 -0.0805362358120389 0.935810777810271 0.987572465189106 0.714285714285714 0.571428571428571 "Uqcrc2_noRT" "non-targeting_noRT"
"12767" "Creb3" 18.9350055561687 0.0370472879617569 0.0802705985690881 0.936022041679959 0.987572465189106 0.571428571428571 0.75 "Uqcrc2_noRT" "non-targeting_noRT"
"12768" "Zfp248" 1.32972323542689 -0.144663985421504 -0.0798747373120469 0.936336882322351 NA 0.0952380952380952 0.142857142857143 "Uqcrc2_noRT" "non-targeting_noRT"
"12769" "Tasor" 6.58136226208302 -0.0619890549186429 -0.079861707791448 0.93634724527063 NA 0.380952380952381 0.446428571428571 "Uqcrc2_noRT" "non-targeting_noRT"
"12770" "Slx4ip" 1.91384470009234 -0.105255729668443 -0.07958473055907 0.936567539940263 NA 0.142857142857143 0.178571428571429 "Uqcrc2_noRT" "non-targeting_noRT"
"12771" "Batf3" 1.30378738068712 -0.128771635115552 -0.0795241795352216 0.936615700025484 NA 0.0952380952380952 0.125 "Uqcrc2_noRT" "non-targeting_noRT"
"12772" "Atg4c" 1.67886777208459 0.117337315555078 0.0795137891015337 0.936623964222387 NA 0.0952380952380952 0.178571428571429 "Uqcrc2_noRT" "non-targeting_noRT"
"12773" "Chrnb1" 1.97209840807065 -0.106766200880118 -0.0795071823591976 0.936629219003668 NA 0.142857142857143 0.178571428571429 "Uqcrc2_noRT" "non-targeting_noRT"
"12774" "Secisbp2" 12.1308128231052 0.0455739995639768 0.0794403302344431 0.936682391096886 NA 0.476190476190476 0.660714285714286 "Uqcrc2_noRT" "non-targeting_noRT"
"12775" "Zfand3" 11.9312063289263 0.0440734274309972 0.0793303336485827 0.936769879562146 NA 0.571428571428571 0.678571428571429 "Uqcrc2_noRT" "non-targeting_noRT"
"12776" "Gm30025" 3.35740017870212 -0.0817901568856667 -0.0793111592291079 0.936785130482138 NA 0.19047619047619 0.303571428571429 "Uqcrc2_noRT" "non-targeting_noRT"
"12777" "Pml" 3.14988173277103 0.0825258093916505 0.079302413963051 0.936792086285979 NA 0.142857142857143 0.285714285714286 "Uqcrc2_noRT" "non-targeting_noRT"
"12778" "Pmepa1" 83.201199925339 0.0207623808257933 0.0792950056570776 0.936797978703181 0.987904924643194 1 1 "Uqcrc2_noRT" "non-targeting_noRT"
"12779" "Mbd6" 6.4747572470837 0.0616376603791141 0.078954114765963 0.93706912018376 NA 0.380952380952381 0.428571428571429 "Uqcrc2_noRT" "non-targeting_noRT"
"12780" "Fam149b" 3.31395389336258 -0.0796849855176479 -0.0788463182182086 0.937154862086955 NA 0.19047619047619 0.25 "Uqcrc2_noRT" "non-targeting_noRT"
"12781" "Dnajc24" 19.1108105510758 -0.0334162093070049 -0.0787911088118021 0.937198776202065 0.987904924643194 0.619047619047619 0.857142857142857 "Uqcrc2_noRT" "non-targeting_noRT"
"12782" "Blvra" 12.3228885005756 0.0440259404598451 0.0787823774760279 0.937205721211535 NA 0.571428571428571 0.642857142857143 "Uqcrc2_noRT" "non-targeting_noRT"
"12783" "Rplp0" 3245.2893231364 0.00860108155493195 0.0787324764582195 0.937245413172818 0.987904924643194 1 1 "Uqcrc2_noRT" "non-targeting_noRT"
"12784" "Iqsec2" 5.46749569412749 0.0615966630599406 0.0786769332279403 0.937289593211495 NA 0.380952380952381 0.392857142857143 "Uqcrc2_noRT" "non-targeting_noRT"
"12785" "Gstp1" 27.3735007063083 0.0288857087264232 0.078360462211169 0.937541323369813 0.987904924643194 0.80952380952381 0.839285714285714 "Uqcrc2_noRT" "non-targeting_noRT"
"12786" "Camk2g" 4.70346837606404 -0.0698254218587999 -0.0781569397242244 0.937703214315413 NA 0.285714285714286 0.357142857142857 "Uqcrc2_noRT" "non-targeting_noRT"
"12787" "Snip1" 9.81045765016116 0.046130446739756 0.0780036995094428 0.937825110178584 NA 0.476190476190476 0.625 "Uqcrc2_noRT" "non-targeting_noRT"
"12788" "Taf1d" 88.6053483544781 0.0183290086132501 0.0779206419843308 0.937891179402422 0.987904924643194 0.952380952380952 0.964285714285714 "Uqcrc2_noRT" "non-targeting_noRT"
"12789" "Acd" 14.8381696337603 -0.0372431936855476 -0.0777888832196409 0.937995989558358 0.987904924643194 0.761904761904762 0.767857142857143 "Uqcrc2_noRT" "non-targeting_noRT"
"12790" "Csta2" 23.5052528777617 -0.0322891228248755 -0.077773376176913 0.938008325017667 0.987904924643194 0.666666666666667 0.803571428571429 "Uqcrc2_noRT" "non-targeting_noRT"
"12791" "Zfyve21" 5.47170840619748 0.060335135153197 0.0775589269005423 0.938178915503818 NA 0.238095238095238 0.5 "Uqcrc2_noRT" "non-targeting_noRT"
"12792" "Smg8" 5.70270478947258 0.0591923099884431 0.0772833487813879 0.938398137033679 NA 0.380952380952381 0.410714285714286 "Uqcrc2_noRT" "non-targeting_noRT"
"12793" "Gm20045" 1.22649862604068 -0.143568737499928 -0.0772483796970142 0.938425955164835 NA 0.0952380952380952 0.107142857142857 "Uqcrc2_noRT" "non-targeting_noRT"
"12794" "Naip2" 1.98960883867043 -0.104775401945712 -0.0771840846290848 0.938477102500285 NA 0.142857142857143 0.178571428571429 "Uqcrc2_noRT" "non-targeting_noRT"
"12795" "Casd1" 4.62254864931424 -0.0688669642825404 -0.0771703660186555 0.938488015817668 NA 0.285714285714286 0.428571428571429 "Uqcrc2_noRT" "non-targeting_noRT"
"12796" "Caprin2" 3.27952968408904 -0.0811962917514815 -0.0770665040874234 0.938570639591113 NA 0.19047619047619 0.285714285714286 "Uqcrc2_noRT" "non-targeting_noRT"
"12797" "Dnajc12" 6.11241620129449 0.0567140750060832 0.0769858543307117 0.938634798176744 NA 0.428571428571429 0.357142857142857 "Uqcrc2_noRT" "non-targeting_noRT"
"12798" "Appl1" 9.3657253771397 0.047179431243641 0.076985052847775 0.938635435775355 NA 0.476190476190476 0.625 "Uqcrc2_noRT" "non-targeting_noRT"
"12799" "Ppp6c" 22.2085632657812 0.0318273135639017 0.076961717758349 0.938653999407543 0.988258084942418 0.761904761904762 0.785714285714286 "Uqcrc2_noRT" "non-targeting_noRT"
"12800" "Rtl8b" 3.23666513871613 -0.0791728173260327 -0.0767952593449128 0.938786422097654 NA 0.19047619047619 0.285714285714286 "Uqcrc2_noRT" "non-targeting_noRT"
"12801" "Aga" 23.5785709956247 0.0316411785453317 0.0767514196371752 0.938821298189619 0.988258084942418 0.761904761904762 0.928571428571429 "Uqcrc2_noRT" "non-targeting_noRT"
"12802" "2410006H16Rik" 851.992239743206 0.0110139242444332 0.07639880477671 0.939101820478419 0.98830196671915 1 1 "Uqcrc2_noRT" "non-targeting_noRT"
"12803" "Patz1" 5.58714509653335 0.0650532309938139 0.076290260657116 0.939188174132912 NA 0.285714285714286 0.339285714285714 "Uqcrc2_noRT" "non-targeting_noRT"
"12804" "Usp53" 2.5725668234026 -0.0867174658031108 -0.076181499297413 0.939274701332769 NA 0.19047619047619 0.196428571428571 "Uqcrc2_noRT" "non-targeting_noRT"
"12805" "Prmt5" 10.8698313204922 -0.0427835946867042 -0.076151429376128 0.939298624165839 NA 0.476190476190476 0.607142857142857 "Uqcrc2_noRT" "non-targeting_noRT"
"12806" "Zfp959" 2.42817636857107 0.0869568158974009 0.076130890562352 0.939314964333663 NA 0.19047619047619 0.232142857142857 "Uqcrc2_noRT" "non-targeting_noRT"
"12807" "Ankrd54" 11.7224950694126 0.04084098307984 0.0757712256106344 0.939601108931186 NA 0.523809523809524 0.678571428571429 "Uqcrc2_noRT" "non-targeting_noRT"
"12808" "Copb1" 29.9480393648255 -0.0258671882333008 -0.0752009181470911 0.94005485384917 0.989053390599509 0.714285714285714 0.821428571428571 "Uqcrc2_noRT" "non-targeting_noRT"
"12809" "Slc37a4" 5.04928101581243 0.0609634416525327 0.0749662852770515 0.940241536833791 NA 0.333333333333333 0.410714285714286 "Uqcrc2_noRT" "non-targeting_noRT"
"12810" "Cyren" 3.83192945717258 0.0746175587202318 0.07486948895442 0.940318552688524 NA 0.238095238095238 0.303571428571429 "Uqcrc2_noRT" "non-targeting_noRT"
"12811" "Pak1ip1" 68.4913710082918 -0.0184098107609671 -0.0745697478395502 0.940557044812021 0.989330211345232 1 0.982142857142857 "Uqcrc2_noRT" "non-targeting_noRT"
"12812" "Sirt3" 3.69461728791422 -0.0753698607919477 -0.074560544264203 0.940564367816561 NA 0.238095238095238 0.339285714285714 "Uqcrc2_noRT" "non-targeting_noRT"
"12813" "Hsd3b7" 2.66315329657883 -0.0830492876568245 -0.0743267287569571 0.940750409376892 NA 0.19047619047619 0.25 "Uqcrc2_noRT" "non-targeting_noRT"
"12814" "Taok3" 7.02804321770171 -0.0520891545635847 -0.0742836607695646 0.940784677925575 NA 0.285714285714286 0.428571428571429 "Uqcrc2_noRT" "non-targeting_noRT"
"12815" "1700048O20Rik" 6.97925293219247 0.054869516285989 0.0739772755153166 0.941028467216688 NA 0.428571428571429 0.5 "Uqcrc2_noRT" "non-targeting_noRT"
"12816" "Sertad2" 12.2036805560686 0.0433001333433661 0.0735271034392449 0.941386677016295 NA 0.523809523809524 0.589285714285714 "Uqcrc2_noRT" "non-targeting_noRT"
"12817" "Nxf3" 4.93486504393144 0.0616463328318855 0.0734860791508771 0.941419321351117 NA 0.285714285714286 0.339285714285714 "Uqcrc2_noRT" "non-targeting_noRT"
"12818" "Msln" 2.66584139258046 -0.0845245275038632 -0.0734847550956957 0.941420374945699 NA 0.142857142857143 0.196428571428571 "Uqcrc2_noRT" "non-targeting_noRT"
"12819" "Emilin1" 3.98328563920098 -0.0674815338962762 -0.0734082676280557 0.941481238732121 NA 0.285714285714286 0.267857142857143 "Uqcrc2_noRT" "non-targeting_noRT"
"12820" "Snrpd2" 260.238643274396 -0.0119280826142619 -0.0732581862607687 0.941600664783264 0.989575500912195 1 1 "Uqcrc2_noRT" "non-targeting_noRT"
"12821" "AI597479" 3.15888889687766 0.076650156134968 0.0732354529920494 0.941618754715129 NA 0.19047619047619 0.267857142857143 "Uqcrc2_noRT" "non-targeting_noRT"
"12822" "Cnot8" 20.1345653791583 0.0313334146003571 0.0731250427401874 0.94170661377719 0.989575500912195 0.714285714285714 0.803571428571429 "Uqcrc2_noRT" "non-targeting_noRT"
"12823" "Snhg10" 1.20348502337135 0.120705857909401 0.0730540713210206 0.941763089725536 NA 0.0952380952380952 0.0892857142857143 "Uqcrc2_noRT" "non-targeting_noRT"
"12824" "Hsd17b7" 9.86757301986488 -0.0441828069133725 -0.0729693650612405 0.941830495642025 NA 0.476190476190476 0.392857142857143 "Uqcrc2_noRT" "non-targeting_noRT"
"12825" "Smyd5" 1.88732710538594 -0.099314638892424 -0.0729067274924106 0.941880340428518 NA 0.142857142857143 0.160714285714286 "Uqcrc2_noRT" "non-targeting_noRT"
"12826" "A930015D03Rik" 2.66104694054383 -0.0814350401942919 -0.0726765421738251 0.942063515807972 NA 0.142857142857143 0.267857142857143 "Uqcrc2_noRT" "non-targeting_noRT"
"12827" "Lama4" 14.6477519735901 0.035820885489577 0.0726699341462007 0.942068774346618 0.989575500912195 0.571428571428571 0.625 "Uqcrc2_noRT" "non-targeting_noRT"
"12828" "Spry4" 3.32245715985572 -0.0732242213780674 -0.0726595012198626 0.942077076669706 NA 0.19047619047619 0.232142857142857 "Uqcrc2_noRT" "non-targeting_noRT"
"12829" "Bmt2" 3.7980720759063 0.0684196383439927 0.0724550766848834 0.942239755070531 NA 0.238095238095238 0.339285714285714 "Uqcrc2_noRT" "non-targeting_noRT"
"12830" "Ssr1" 45.8983758404763 -0.0222069876505951 -0.0724185217419568 0.942268845275451 0.989575500912195 0.761904761904762 0.928571428571429 "Uqcrc2_noRT" "non-targeting_noRT"
"12831" "Tmem143" 3.34359856255886 -0.0735721915859745 -0.0720260470105962 0.942581179163073 NA 0.238095238095238 0.285714285714286 "Uqcrc2_noRT" "non-targeting_noRT"
"12832" "Tepsin" 1.25905063534802 0.123106544292055 0.0716691937947539 0.942865172886959 NA 0.0476190476190476 0.107142857142857 "Uqcrc2_noRT" "non-targeting_noRT"
"12833" "Sppl2b" 12.761231234654 -0.0378204922900802 -0.0714500578301508 0.943039570990191 0.989575500912195 0.571428571428571 0.642857142857143 "Uqcrc2_noRT" "non-targeting_noRT"
"12834" "Fgfr1op2" 54.2061441940957 0.0194690665089424 0.0712485068154255 0.943199976622632 0.989575500912195 0.904761904761905 0.892857142857143 "Uqcrc2_noRT" "non-targeting_noRT"
"12835" "Tes" 23.3069870196774 0.0313331082082599 0.0712171381198471 0.943224941802015 0.989575500912195 0.666666666666667 0.660714285714286 "Uqcrc2_noRT" "non-targeting_noRT"
"12836" "Grwd1" 17.4441590519316 0.0360509507240891 0.0711508949859748 0.94327766243438 0.989575500912195 0.666666666666667 0.678571428571429 "Uqcrc2_noRT" "non-targeting_noRT"
"12837" "Faap24" 4.96138263863785 0.0584386248592065 0.0711351505941539 0.943290192890989 NA 0.285714285714286 0.392857142857143 "Uqcrc2_noRT" "non-targeting_noRT"
"12838" "Limk2" 1.99963672123193 -0.0945175826543821 -0.0708256411835331 0.943536524352282 NA 0.142857142857143 0.160714285714286 "Uqcrc2_noRT" "non-targeting_noRT"
"12839" "Matr3" 40.0502979924761 0.0217052041906453 0.0706794459777105 0.943652879652189 0.989575500912195 0.857142857142857 0.982142857142857 "Uqcrc2_noRT" "non-targeting_noRT"
"12840" "Zfp979" 1.21959781796905 -0.131940416595039 -0.0706742857897744 0.943656986616061 NA 0.0952380952380952 0.0892857142857143 "Uqcrc2_noRT" "non-targeting_noRT"
"12841" "Mettl7a1" 1.21959781796905 -0.131940416595039 -0.0706742857897744 0.943656986616061 NA 0.0952380952380952 0.107142857142857 "Uqcrc2_noRT" "non-targeting_noRT"
"12842" "Ift81" 2.62391972330928 -0.082043508158696 -0.0704173177692673 0.943861507876452 NA 0.142857142857143 0.214285714285714 "Uqcrc2_noRT" "non-targeting_noRT"
"12843" "Eif5a" 606.08142424351 -0.0105092676935622 -0.070322603684953 0.943936891902469 0.989575500912195 1 1 "Uqcrc2_noRT" "non-targeting_noRT"
"12844" "AW112010" 5.08898430613042 -0.0645513368521709 -0.0701508619838573 0.94407358437233 NA 0.19047619047619 0.196428571428571 "Uqcrc2_noRT" "non-targeting_noRT"
"12845" "Apobec1" 2.65625248850719 -0.0779888824891915 -0.0701323495099585 0.944088318899026 NA 0.142857142857143 0.178571428571429 "Uqcrc2_noRT" "non-targeting_noRT"
"12846" "Rab10os" 11.3313797257705 0.0382747696522128 0.0701171068967008 0.944100450878741 NA 0.476190476190476 0.625 "Uqcrc2_noRT" "non-targeting_noRT"
"12847" "Snhg17" 6.09356459873215 -0.0600326279829407 -0.0700168956544078 0.944180211852603 NA 0.238095238095238 0.410714285714286 "Uqcrc2_noRT" "non-targeting_noRT"
"12848" "Trmt44" 2.56566601533097 -0.0816146351125191 -0.0700098585594241 0.944185812897402 NA 0.19047619047619 0.25 "Uqcrc2_noRT" "non-targeting_noRT"
"12849" "Ikbkg" 2.56566601533097 -0.0816146351125191 -0.0700098585594241 0.944185812897402 NA 0.19047619047619 0.267857142857143 "Uqcrc2_noRT" "non-targeting_noRT"
"12850" "Uba2" 33.7328752476849 0.0237511470321387 0.0695958713450649 0.944515323163624 0.989575500912195 0.857142857142857 0.910714285714286 "Uqcrc2_noRT" "non-targeting_noRT"
"12851" "1810030O07Rik" 6.12563607747111 0.051896009470347 0.0695466873977067 0.944554471419155 NA 0.380952380952381 0.5 "Uqcrc2_noRT" "non-targeting_noRT"
"12852" "Slc35f6" 4.00827861783903 -0.0676569109954622 -0.0693507217657624 0.944710452758594 NA 0.285714285714286 0.285714285714286 "Uqcrc2_noRT" "non-targeting_noRT"
"12853" "Pip5k1a" 16.0841451431415 -0.0333109537310684 -0.0692609294256594 0.944781924823335 0.989575500912195 0.761904761904762 0.678571428571429 "Uqcrc2_noRT" "non-targeting_noRT"
"12854" "Impdh1" 5.06341443444142 -0.0589201658354447 -0.0691358247925626 0.944881505176818 NA 0.238095238095238 0.375 "Uqcrc2_noRT" "non-targeting_noRT"
"12855" "Os9" 19.7968390347378 0.0306321344205569 0.0690855863186599 0.944921494066117 0.989575500912195 0.619047619047619 0.803571428571429 "Uqcrc2_noRT" "non-targeting_noRT"
"12856" "Paox" 1.26173873134966 0.118050103343884 0.0687242401773591 0.945209122945962 NA 0.0952380952380952 0.0892857142857143 "Uqcrc2_noRT" "non-targeting_noRT"
"12857" "Slc12a6" 2.35030587395799 0.0855442555732761 0.0687025381854403 0.945226397800206 NA 0.19047619047619 0.196428571428571 "Uqcrc2_noRT" "non-targeting_noRT"
"12858" "Mov10" 10.9025300687409 -0.0398982480740657 -0.0686855134507856 0.945239949560895 NA 0.571428571428571 0.642857142857143 "Uqcrc2_noRT" "non-targeting_noRT"
"12859" "Ctdsp1" 9.10836907259598 0.0429924144140012 0.0686462116836506 0.945271233994036 NA 0.380952380952381 0.571428571428571 "Uqcrc2_noRT" "non-targeting_noRT"
"12860" "Uggt2" 2.41546039000793 0.0804861666367235 0.0684790172782451 0.945404322646991 NA 0.19047619047619 0.214285714285714 "Uqcrc2_noRT" "non-targeting_noRT"
"12861" "Haspin" 1.97311912652553 -0.0874612166669657 -0.0684589492433148 0.945420297134097 NA 0.142857142857143 0.160714285714286 "Uqcrc2_noRT" "non-targeting_noRT"
"12862" "Pold4" 20.6641186284456 -0.030335663317306 -0.0684304335141707 0.945442996163007 0.989575500912195 0.666666666666667 0.785714285714286 "Uqcrc2_noRT" "non-targeting_noRT"
"12863" "Tmsb4x" 7.0191739681578 -0.0565914166122956 -0.0684065473412627 0.945462010016687 NA 0.428571428571429 0.392857142857143 "Uqcrc2_noRT" "non-targeting_noRT"
"12864" "Ribc1" 1.95619043589239 -0.0899765021119577 -0.06826943482636 0.945571154820015 NA 0.142857142857143 0.196428571428571 "Uqcrc2_noRT" "non-targeting_noRT"
"12865" "Slc2a1" 62.2237036684907 0.0553472751129478 0.0682488222916036 0.94558756297337 0.989575500912195 0.571428571428571 0.857142857142857 "Uqcrc2_noRT" "non-targeting_noRT"
"12866" "Pde6d" 22.4255803404739 -0.0266374043993382 -0.0677018891843236 0.946022945412489 0.989575500912195 0.857142857142857 0.892857142857143 "Uqcrc2_noRT" "non-targeting_noRT"
"12867" "Zmym4" 14.9089965588233 -0.0333198918002157 -0.0676996054032881 0.946024763434986 0.989575500912195 0.571428571428571 0.75 "Uqcrc2_noRT" "non-targeting_noRT"
"12868" "Acbd5" 9.02601057265541 -0.0429926143308332 -0.0676654328985319 0.946051966769327 NA 0.333333333333333 0.625 "Uqcrc2_noRT" "non-targeting_noRT"
"12869" "Bicd1" 13.5157732616653 -0.0342172895955544 -0.0674907736444026 0.946191006844563 0.989575500912195 0.523809523809524 0.696428571428571 "Uqcrc2_noRT" "non-targeting_noRT"
"12870" "Coro7" 1.30960255117863 -0.107313780452264 -0.0673555450771909 0.946298658665888 NA 0.0952380952380952 0.107142857142857 "Uqcrc2_noRT" "non-targeting_noRT"
"12871" "Srpk1" 49.6144745792307 0.0183986820727291 0.067354672561135 0.946299353255614 0.989575500912195 0.761904761904762 0.982142857142857 "Uqcrc2_noRT" "non-targeting_noRT"
"12872" "Timm23" 97.781807913597 0.0155339994379335 0.0673422374452718 0.946309252566377 0.989575500912195 0.952380952380952 1 "Uqcrc2_noRT" "non-targeting_noRT"
"12873" "Trappc9" 3.07578497173971 0.0688279416747818 0.0672652574612242 0.946370534751973 NA 0.238095238095238 0.25 "Uqcrc2_noRT" "non-targeting_noRT"
"12874" "Skiv2l" 3.07578497173971 0.0688279416747818 0.0672652574612242 0.946370534751973 NA 0.238095238095238 0.232142857142857 "Uqcrc2_noRT" "non-targeting_noRT"
"12875" "Trim27" 25.6456194267322 0.0249642441433428 0.0670682076486673 0.946527403508986 0.989575500912195 0.80952380952381 0.803571428571429 "Uqcrc2_noRT" "non-targeting_noRT"
"12876" "Tpst2" 11.8407428583534 0.0374748805003737 0.0666769974131798 0.946838846955827 NA 0.619047619047619 0.696428571428571 "Uqcrc2_noRT" "non-targeting_noRT"
"12877" "C130026I21Rik" 45.135509313501 0.0199128521504613 0.0666680968518001 0.9468459328097 0.989575500912195 0.952380952380952 0.892857142857143 "Uqcrc2_noRT" "non-targeting_noRT"
"12878" "Slc25a25" 7.12771469733771 -0.0473481758798863 -0.0664726288317773 0.947001548528119 NA 0.380952380952381 0.482142857142857 "Uqcrc2_noRT" "non-targeting_noRT"
"12879" "Zfp647" 1.18597459277157 0.117841260668219 0.066098558953325 0.947299358132939 NA 0.0952380952380952 0.125 "Uqcrc2_noRT" "non-targeting_noRT"
"12880" "Jun" 169.812345983577 0.0348735371933308 0.065879516298866 0.947473748774436 0.989575500912195 0.952380952380952 0.964285714285714 "Uqcrc2_noRT" "non-targeting_noRT"
"12881" "Ankhd1" 7.84992395915116 -0.043150661511606 -0.0658429127306377 0.947502890922861 NA 0.476190476190476 0.482142857142857 "Uqcrc2_noRT" "non-targeting_noRT"
"12882" "Eno1b" 3.82822064271606 0.0642129603327671 0.0658288557273983 0.947514082508216 NA 0.285714285714286 0.267857142857143 "Uqcrc2_noRT" "non-targeting_noRT"
"12883" "Mrps11" 31.8554148642292 0.0224406907040418 0.0655677676395009 0.947721951568239 0.989575500912195 0.761904761904762 0.928571428571429 "Uqcrc2_noRT" "non-targeting_noRT"
"12884" "Dcun1d3" 1.29209212057886 -0.114027195032645 -0.0655432890613464 0.947741440725202 NA 0.0952380952380952 0.107142857142857 "Uqcrc2_noRT" "non-targeting_noRT"
"12885" "Gm4285" 1.95350233989075 -0.0871388019899896 -0.0652278150217067 0.947992615096268 NA 0.0952380952380952 0.214285714285714 "Uqcrc2_noRT" "non-targeting_noRT"
"12886" "Cep164" 15.509527904549 -0.0309010439757928 -0.0652204345677086 0.947998491333957 0.989575500912195 0.714285714285714 0.714285714285714 "Uqcrc2_noRT" "non-targeting_noRT"
"12887" "Fam214b" 2.35088761392463 0.0833155924674539 0.0651852571588721 0.948026499245458 NA 0.142857142857143 0.142857142857143 "Uqcrc2_noRT" "non-targeting_noRT"
"12888" "Xk" 1.28787940850886 -0.103346213692821 -0.0651787596308636 0.948031672521225 NA 0.0952380952380952 0.142857142857143 "Uqcrc2_noRT" "non-targeting_noRT"
"12889" "Ccdc181" 1.21249218747798 0.105327350288248 0.0650859501850524 0.948105566840646 NA 0.0952380952380952 0.107142857142857 "Uqcrc2_noRT" "non-targeting_noRT"
"12890" "Lhfpl3" 13.6864546959886 0.0374721224756941 0.0650283840217524 0.948151400896028 0.989575500912195 0.428571428571429 0.589285714285714 "Uqcrc2_noRT" "non-targeting_noRT"
"12891" "Atp1a1" 27.0256228477136 0.0235462241354344 0.0648100358479625 0.948325250800624 0.989575500912195 0.666666666666667 0.767857142857143 "Uqcrc2_noRT" "non-targeting_noRT"
"12892" "Cactin" 5.50723316501052 0.0522570929274539 0.0648018436697447 0.9483317735017 NA 0.333333333333333 0.392857142857143 "Uqcrc2_noRT" "non-targeting_noRT"
"12893" "0610030E20Rik" 5.0724994409012 -0.0540589010688207 -0.0645939658608655 0.948497289223469 NA 0.333333333333333 0.375 "Uqcrc2_noRT" "non-targeting_noRT"
"12894" "Lpin2" 2.65356439250556 -0.0745919191548549 -0.0645146904781001 0.94856041016956 NA 0.19047619047619 0.232142857142857 "Uqcrc2_noRT" "non-targeting_noRT"
"12895" "Gcat" 37.0256608836958 -0.0205025084392496 -0.064435559611985 0.948623416370001 0.989575500912195 0.857142857142857 0.910714285714286 "Uqcrc2_noRT" "non-targeting_noRT"
"12896" "Ccpg1" 5.65454388318102 0.0492632556644784 0.0643512483959916 0.948690547662843 NA 0.333333333333333 0.392857142857143 "Uqcrc2_noRT" "non-targeting_noRT"
"12897" "Sorbs1" 3.35900263712363 -0.0687662184668246 -0.0643018494300983 0.948729880872262 NA 0.19047619047619 0.25 "Uqcrc2_noRT" "non-targeting_noRT"
"12898" "D2hgdh" 1.1928754008432 0.106450930111878 0.0642626925171574 0.948761059084486 NA 0.0952380952380952 0.107142857142857 "Uqcrc2_noRT" "non-targeting_noRT"
"12899" "Rmdn2" 1.1928754008432 0.106450930111878 0.0642626925171574 0.948761059084486 NA 0.0952380952380952 0.107142857142857 "Uqcrc2_noRT" "non-targeting_noRT"
"12900" "Cbl" 9.12931302439478 -0.0402525181353124 -0.0642175255978262 0.948797022788109 NA 0.428571428571429 0.607142857142857 "Uqcrc2_noRT" "non-targeting_noRT"
"12901" "Rps6ka1" 3.01063045568976 0.0739739602002214 0.0641580511238717 0.948844378896787 NA 0.19047619047619 0.285714285714286 "Uqcrc2_noRT" "non-targeting_noRT"
"12902" "Mycbp" 20.1644346748378 -0.0271916128970627 -0.0641125274537445 0.948880626903511 0.989575500912195 0.666666666666667 0.857142857142857 "Uqcrc2_noRT" "non-targeting_noRT"
"12903" "Irak1bp1" 28.6176292025708 -0.0240141112775403 -0.0639383980138334 0.949019277620927 0.989575500912195 0.80952380952381 0.875 "Uqcrc2_noRT" "non-targeting_noRT"
"12904" "Smarcal1" 2.6499334204022 -0.0726184356286902 -0.0639346316804415 0.949022276584225 NA 0.142857142857143 0.25 "Uqcrc2_noRT" "non-targeting_noRT"
"12905" "Lyrm9" 8.99473071774595 0.0404563992595454 0.0637923011365786 0.949135608577129 NA 0.380952380952381 0.535714285714286 "Uqcrc2_noRT" "non-targeting_noRT"
"12906" "B4galnt4" 1.28556823005443 0.110897986949262 0.0637480118057733 0.94917087457051 NA 0.0952380952380952 0.107142857142857 "Uqcrc2_noRT" "non-targeting_noRT"
"12907" "Fip1l1" 43.128129079112 -0.0193086083426047 -0.0637450065844562 0.949173267523236 0.989575500912195 0.857142857142857 0.982142857142857 "Uqcrc2_noRT" "non-targeting_noRT"
"12908" "Nxf1" 12.3345262130737 -0.0338986679752302 -0.0637008130826621 0.949208457317423 NA 0.476190476190476 0.571428571428571 "Uqcrc2_noRT" "non-targeting_noRT"
"12909" "Gadd45b" 3.09808985437611 0.0664845436316881 0.0634996499707 0.949368637966045 NA 0.19047619047619 0.196428571428571 "Uqcrc2_noRT" "non-targeting_noRT"
"12910" "Tmem183a" 14.0459315727756 -0.0319716251945139 -0.0634567123946538 0.949402828241103 0.989575500912195 0.523809523809524 0.75 "Uqcrc2_noRT" "non-targeting_noRT"
"12911" "Hnrnpdl" 85.4697946330562 0.0137732977252506 0.0632814810814073 0.949542362159729 0.989575500912195 1 0.982142857142857 "Uqcrc2_noRT" "non-targeting_noRT"
"12912" "Ndufs3" 108.293973079328 0.0134004704071988 0.0632415257481954 0.949574178175349 0.989575500912195 0.952380952380952 1 "Uqcrc2_noRT" "non-targeting_noRT"
"12913" "Commd6" 36.1079072165106 0.0216113138955851 0.0631173012274334 0.949673097380488 0.989575500912195 0.857142857142857 0.946428571428571 "Uqcrc2_noRT" "non-targeting_noRT"
"12914" "Zfp637" 25.2183197419574 0.023596662330514 0.0630999080377243 0.949686947530073 0.989575500912195 0.714285714285714 0.892857142857143 "Uqcrc2_noRT" "non-targeting_noRT"
"12915" "Psen2" 12.7993743234277 -0.0354078194024341 -0.0628833758303525 0.949859372808166 0.989575500912195 0.571428571428571 0.625 "Uqcrc2_noRT" "non-targeting_noRT"
"12916" "Agpat4" 27.3000457574532 0.0232182828774238 0.0628603706663684 0.949877692030748 0.989575500912195 0.666666666666667 0.785714285714286 "Uqcrc2_noRT" "non-targeting_noRT"
"12917" "Fundc1" 5.65124471356338 -0.0510587191801926 -0.062712417515574 0.949995509111167 NA 0.333333333333333 0.446428571428571 "Uqcrc2_noRT" "non-targeting_noRT"
"12918" "Kansl3" 6.80513846734942 0.0436757258882921 0.0623648274917115 0.950272304010309 NA 0.333333333333333 0.464285714285714 "Uqcrc2_noRT" "non-targeting_noRT"
"12919" "Stip1" 77.6801954733728 -0.0141231138876107 -0.062360895397899 0.950275435272392 0.989576330535195 0.952380952380952 0.982142857142857 "Uqcrc2_noRT" "non-targeting_noRT"
"12920" "Gbp6" 26.1497140335837 0.025837470922094 0.0622177356248839 0.950389438865622 0.989576330535195 0.619047619047619 0.678571428571429 "Uqcrc2_noRT" "non-targeting_noRT"
"12921" "Ppp1r13b" 1.96621831845389 -0.080439895013959 -0.0622177260564144 0.950389446485393 NA 0.142857142857143 0.196428571428571 "Uqcrc2_noRT" "non-targeting_noRT"
"12922" "Trmt12" 3.32769059038059 -0.0635575541471514 -0.0620018956561476 0.950561322392554 NA 0.238095238095238 0.285714285714286 "Uqcrc2_noRT" "non-targeting_noRT"
"12923" "Mtr" 2.67318117914033 -0.0735712541758584 -0.0619890140126193 0.950571580724466 NA 0.142857142857143 0.214285714285714 "Uqcrc2_noRT" "non-targeting_noRT"
"12924" "Shq1" 5.83394227598419 -0.046480100976732 -0.0619399858650216 0.950610624498256 NA 0.285714285714286 0.410714285714286 "Uqcrc2_noRT" "non-targeting_noRT"
"12925" "Ccdc115" 12.1388969151739 -0.0350897657290935 -0.0616735159557922 0.950822831014439 NA 0.523809523809524 0.696428571428571 "Uqcrc2_noRT" "non-targeting_noRT"
"12926" "Hilpda" 11.7178385319386 0.0352048840147697 0.061498242352046 0.950962414158545 NA 0.571428571428571 0.642857142857143 "Uqcrc2_noRT" "non-targeting_noRT"
"12927" "Kdm5a" 17.197469748597 -0.0277285214387171 -0.0614236939470645 0.951021782942614 0.989576330535195 0.666666666666667 0.678571428571429 "Uqcrc2_noRT" "non-targeting_noRT"
"12928" "B3glct" 3.73006221564264 -0.0599544612685582 -0.061370262819104 0.951064334538035 NA 0.238095238095238 0.339285714285714 "Uqcrc2_noRT" "non-targeting_noRT"
"12929" "Llgl1" 6.51075656986086 -0.0444915480068484 -0.0612508584069855 0.951159426582062 NA 0.285714285714286 0.446428571428571 "Uqcrc2_noRT" "non-targeting_noRT"
"12930" "Plekhj1" 49.2075439871238 -0.0190013966592927 -0.0612117573777745 0.951190566259252 0.989576330535195 0.952380952380952 0.964285714285714 "Uqcrc2_noRT" "non-targeting_noRT"
"12931" "Gas8" 7.62759610184983 0.04364240463172 0.0611412557552939 0.951246713250083 NA 0.428571428571429 0.464285714285714 "Uqcrc2_noRT" "non-targeting_noRT"
"12932" "Adam10" 8.44424341236454 -0.0457893507762676 -0.0611078274910474 0.951273335366632 NA 0.333333333333333 0.607142857142857 "Uqcrc2_noRT" "non-targeting_noRT"
"12933" "Msantd3" 8.28247149614086 0.0394106927337726 0.0609996245699843 0.951359508050165 NA 0.380952380952381 0.517857142857143 "Uqcrc2_noRT" "non-targeting_noRT"
"12934" "Ammecr1" 42.2817667974922 0.0196468036927123 0.0608879715017812 0.951448429023216 0.989576330535195 0.857142857142857 0.946428571428571 "Uqcrc2_noRT" "non-targeting_noRT"
"12935" "G6pdx" 14.3952829205842 -0.0320434221400088 -0.0604866371598934 0.951768058364652 0.989576330535195 0.666666666666667 0.678571428571429 "Uqcrc2_noRT" "non-targeting_noRT"
"12936" "Snapc4" 1.99004781715866 -0.0837183934236103 -0.0604085414118596 0.951830256020042 NA 0.142857142857143 0.214285714285714 "Uqcrc2_noRT" "non-targeting_noRT"
"12937" "Cmtm5" 21.0687081423914 0.027762249799707 0.0604051513696674 0.951832955951863 0.989576330535195 0.619047619047619 0.75 "Uqcrc2_noRT" "non-targeting_noRT"
"12938" "Rpl35" 691.152323389179 0.00851716398787316 0.0603773742357412 0.951855078519701 0.989576330535195 1 1 "Uqcrc2_noRT" "non-targeting_noRT"
"12939" "1700037C18Rik" 1.30328348307364 -0.0985085046698214 -0.0603172600079314 0.95190295547541 NA 0.0952380952380952 0.0892857142857143 "Uqcrc2_noRT" "non-targeting_noRT"
"12940" "Itpa" 34.994758850221 0.0207387317889819 0.0601567635290951 0.952030781019964 0.989576330535195 0.952380952380952 0.910714285714286 "Uqcrc2_noRT" "non-targeting_noRT"
"12941" "B4galt2" 1.92627602515143 0.0807502506279398 0.0601464526383323 0.952038993050615 NA 0.142857142857143 0.178571428571429 "Uqcrc2_noRT" "non-targeting_noRT"
"12942" "Tada1" 4.90842728030965 0.0492634062057444 0.0601140696750802 0.952064784248904 NA 0.285714285714286 0.428571428571429 "Uqcrc2_noRT" "non-targeting_noRT"
"12943" "Spata7" 3.22649449467623 -0.0717628999324118 -0.0600308181035146 0.952131089646405 NA 0.238095238095238 0.285714285714286 "Uqcrc2_noRT" "non-targeting_noRT"
"12944" "Adamts13" 1.19766985287984 0.0981877262756602 0.0596877461842946 0.952404331462907 NA 0.0952380952380952 0.107142857142857 "Uqcrc2_noRT" "non-targeting_noRT"
"12945" "Ndufs5" 175.379083024585 -0.0101337548724938 -0.0596489134425743 0.952435260400646 0.989748143530355 1 1 "Uqcrc2_noRT" "non-targeting_noRT"
"12946" "Galnt10" 4.32668390195535 -0.0611822767807308 -0.0596001648708978 0.952474087055925 NA 0.285714285714286 0.285714285714286 "Uqcrc2_noRT" "non-targeting_noRT"
"12947" "Cops8" 24.3955691198437 0.0232749695211452 0.0590216955190423 0.952934827707531 0.989761152347583 0.80952380952381 0.875 "Uqcrc2_noRT" "non-targeting_noRT"
"12948" "Trim47" 8.15688392064013 0.0404203146556733 0.0590088722318328 0.952945041408761 NA 0.523809523809524 0.464285714285714 "Uqcrc2_noRT" "non-targeting_noRT"
"12949" "Zfp24" 20.3996635290579 -0.0257536551526993 -0.0588995516255187 0.953032115184349 0.989761152347583 0.80952380952381 0.803571428571429 "Uqcrc2_noRT" "non-targeting_noRT"
"12950" "Urod" 12.2612344135814 -0.0322412537911637 -0.0587370887005651 0.953161517809696 NA 0.619047619047619 0.625 "Uqcrc2_noRT" "non-targeting_noRT"
"12951" "Psmb3" 477.969003353636 -0.00879904393521258 -0.0587322854182118 0.953165343669676 0.989761152347583 1 1 "Uqcrc2_noRT" "non-targeting_noRT"
"12952" "Prdm10" 1.19977620891484 0.0951531183469938 0.0586496067626738 0.953231198172584 NA 0.0952380952380952 0.125 "Uqcrc2_noRT" "non-targeting_noRT"
"12953" "Cpped1" 1.19977620891484 0.0951531183469938 0.0586496067626738 0.953231198172584 NA 0.0952380952380952 0.125 "Uqcrc2_noRT" "non-targeting_noRT"
"12954" "Gba" 6.30364776876865 -0.0471517610171981 -0.0586366868185582 0.953241489085977 NA 0.380952380952381 0.428571428571429 "Uqcrc2_noRT" "non-targeting_noRT"
"12955" "Ccdc96" 1.21728663951461 0.0967251543773713 0.0585431605206735 0.953315984302453 NA 0.0952380952380952 0.107142857142857 "Uqcrc2_noRT" "non-targeting_noRT"
"12956" "Tax1bp1" 84.0262140744115 -0.0140295228637761 -0.0584298354003203 0.953406250149329 0.989762936055676 1 0.982142857142857 "Uqcrc2_noRT" "non-targeting_noRT"
"12957" "Pbx3" 7.99438488482073 0.0386084981988819 0.0583333910822504 0.953483070552224 NA 0.428571428571429 0.553571428571429 "Uqcrc2_noRT" "non-targeting_noRT"
"12958" "6330562C20Rik" 5.07477789206396 0.0512124266664708 0.0582001126592825 0.95358923098698 NA 0.285714285714286 0.375 "Uqcrc2_noRT" "non-targeting_noRT"
"12959" "Zfp943" 1.21939299554961 0.0936543202768654 0.0578712718666232 0.953851166487657 NA 0.0952380952380952 0.125 "Uqcrc2_noRT" "non-targeting_noRT"
"12960" "Gm39469" 1.28097860043723 -0.0935262428280247 -0.0577724336046311 0.95392989628952 NA 0.0952380952380952 0.125 "Uqcrc2_noRT" "non-targeting_noRT"
"12961" "Sulf2" 25.3494992663773 0.0240621420303513 0.0577068092616202 0.953982169730678 0.990074890571375 0.761904761904762 0.821428571428571 "Uqcrc2_noRT" "non-targeting_noRT"
"12962" "Ptp4a3" 4.94226974961656 0.0498475697937783 0.0576898576189267 0.953995672689611 NA 0.19047619047619 0.446428571428571 "Uqcrc2_noRT" "non-targeting_noRT"
"12963" "Gfra1" 1.9598992503489 -0.0742661945383043 -0.0574675600428791 0.954172746722209 NA 0.142857142857143 0.178571428571429 "Uqcrc2_noRT" "non-targeting_noRT"
"12964" "Zfp523" 2.47821146356029 -0.0733930748865523 -0.0574671559759488 0.954173068589053 NA 0.19047619047619 0.214285714285714 "Uqcrc2_noRT" "non-targeting_noRT"
"12965" "Galnt7" 6.26806492647751 -0.0426413476908323 -0.0574169721089614 0.954213043516837 NA 0.380952380952381 0.446428571428571 "Uqcrc2_noRT" "non-targeting_noRT"
"12966" "Snx24" 3.80278868558978 0.0573193995805372 0.0574034595037958 0.954223807262958 NA 0.285714285714286 0.267857142857143 "Uqcrc2_noRT" "non-targeting_noRT"
"12967" "Ercc6l2" 3.81796059281722 -0.0535237995398477 -0.0567208203013274 0.954767588511872 NA 0.238095238095238 0.339285714285714 "Uqcrc2_noRT" "non-targeting_noRT"
"12968" "Med28" 122.499917185354 0.0116170692297328 0.0562789159005052 0.955119614883662 0.990074890571375 1 1 "Uqcrc2_noRT" "non-targeting_noRT"
"12969" "Tpgs2" 10.7478727283634 -0.0317603835553558 -0.0561975835203734 0.955184406193931 NA 0.428571428571429 0.571428571428571 "Uqcrc2_noRT" "non-targeting_noRT"
"12970" "Cfap36" 35.3635799102187 -0.0184459876332179 -0.0560914487198898 0.955268956148025 0.990074890571375 0.761904761904762 0.892857142857143 "Uqcrc2_noRT" "non-targeting_noRT"
"12971" "Bnip2" 54.3131796567097 -0.016092231043467 -0.0560675207968881 0.955288017871093 0.990074890571375 0.857142857142857 0.982142857142857 "Uqcrc2_noRT" "non-targeting_noRT"
"12972" "Atr" 3.82567530819283 0.0535800026356138 0.0560240614643669 0.955322638984089 NA 0.285714285714286 0.285714285714286 "Uqcrc2_noRT" "non-targeting_noRT"
"12973" "Sos2" 5.63390637809137 0.0429078644842765 0.0556676028716482 0.955606608628691 NA 0.380952380952381 0.357142857142857 "Uqcrc2_noRT" "non-targeting_noRT"
"12974" "Zc3hc1" 13.4404153742838 0.0303506170055322 0.0554005104669722 0.955819389170012 0.990074890571375 0.619047619047619 0.642857142857143 "Uqcrc2_noRT" "non-targeting_noRT"
"12975" "U2af1l4" 15.6134018665557 0.0276266293558552 0.0553797281932845 0.955835945607718 0.990074890571375 0.619047619047619 0.660714285714286 "Uqcrc2_noRT" "non-targeting_noRT"
"12976" "Gm19412" 3.11341608658774 0.0564742483816027 0.0553729158254997 0.955841372763127 NA 0.19047619047619 0.196428571428571 "Uqcrc2_noRT" "non-targeting_noRT"
"12977" "Syvn1" 6.93797841228255 -0.0392835880979354 -0.0553025253689169 0.955897450293801 NA 0.380952380952381 0.428571428571429 "Uqcrc2_noRT" "non-targeting_noRT"
"12978" "Ica1" 9.79116706911059 -0.0335872341299358 -0.0552227244233203 0.955961025084697 NA 0.523809523809524 0.642857142857143 "Uqcrc2_noRT" "non-targeting_noRT"
"12979" "Klf9" 8.38733414942447 -0.037347475932399 -0.0552184290127768 0.955964447105068 NA 0.476190476190476 0.553571428571429 "Uqcrc2_noRT" "non-targeting_noRT"
"12980" "Ddah1" 3.39866027692205 -0.0578359953233221 -0.0552181992525117 0.955964630147969 NA 0.19047619047619 0.285714285714286 "Uqcrc2_noRT" "non-targeting_noRT"
"12981" "Chst12" 3.78585999495665 0.0563471202520518 0.0550999898278673 0.95605880425019 NA 0.238095238095238 0.303571428571429 "Uqcrc2_noRT" "non-targeting_noRT"
"12982" "Ctbs" 8.2035802830729 0.0350712983489127 0.0549810368772106 0.956153571317722 NA 0.333333333333333 0.517857142857143 "Uqcrc2_noRT" "non-targeting_noRT"
"12983" "Poll" 3.31447071420397 -0.055889721649456 -0.054922994435215 0.956199812615343 NA 0.19047619047619 0.267857142857143 "Uqcrc2_noRT" "non-targeting_noRT"
"12984" "Gnl3l" 20.3873593985928 0.0237879990239033 0.0546499618562101 0.956417334396821 0.990074890571375 0.619047619047619 0.839285714285714 "Uqcrc2_noRT" "non-targeting_noRT"
"12985" "Scnm1" 24.0357153250996 0.0218399115322605 0.0545334885685652 0.956510128256901 0.990074890571375 0.80952380952381 0.821428571428571 "Uqcrc2_noRT" "non-targeting_noRT"
"12986" "Pcf11" 13.1635201254585 0.0288386718790516 0.0542356892272128 0.956747386625559 0.990074890571375 0.619047619047619 0.642857142857143 "Uqcrc2_noRT" "non-targeting_noRT"
"12987" "Alg5" 44.328004601835 0.0174094757732036 0.0541843791660684 0.956788266020297 0.990074890571375 0.80952380952381 1 "Uqcrc2_noRT" "non-targeting_noRT"
"12988" "Eif4e" 44.5589939349353 -0.0160554796181929 -0.0541841848766353 0.956788420813438 0.990074890571375 0.952380952380952 0.946428571428571 "Uqcrc2_noRT" "non-targeting_noRT"
"12989" "Usp6nl" 6.17706880846241 0.040603555215256 0.0541116327266971 0.956846224251844 NA 0.380952380952381 0.482142857142857 "Uqcrc2_noRT" "non-targeting_noRT"
"12990" "Oc90" 3.79413109411246 -0.0526513298329354 -0.0541052186030069 0.956851334495943 NA 0.142857142857143 0.285714285714286 "Uqcrc2_noRT" "non-targeting_noRT"
"12991" "Anapc13" 58.4597321736231 0.0143139481753298 0.0540618141713731 0.956885915609468 0.990074890571375 0.857142857142857 0.964285714285714 "Uqcrc2_noRT" "non-targeting_noRT"
"12992" "Noct" 3.82988802026283 0.0505890367280442 0.0539033677078381 0.95701215352601 NA 0.238095238095238 0.357142857142857 "Uqcrc2_noRT" "non-targeting_noRT"
"12993" "Orai2" 1.27676588836723 -0.0871691743179824 -0.0538463227561894 0.957057602806069 NA 0.0952380952380952 0.125 "Uqcrc2_noRT" "non-targeting_noRT"
"12994" "Prrc2c" 93.7063894709236 -0.0115521654445302 -0.0536796075211895 0.957190430213272 0.990074890571375 1 0.982142857142857 "Uqcrc2_noRT" "non-targeting_noRT"
"12995" "Usp2" 2.03508164896035 -0.0712727285261625 -0.0536029895348066 0.957251474634195 NA 0.142857142857143 0.214285714285714 "Uqcrc2_noRT" "non-targeting_noRT"
"12996" "Zfp568" 2.35829231960975 0.0639126410897803 0.0533969192587173 0.957415659788344 NA 0.19047619047619 0.196428571428571 "Uqcrc2_noRT" "non-targeting_noRT"
"12997" "Iars" 22.3848350743638 -0.0210806405335407 -0.0533315208376153 0.957467765933611 0.990074890571375 0.761904761904762 0.803571428571429 "Uqcrc2_noRT" "non-targeting_noRT"
"12998" "Mettl9" 34.340667908608 0.0181292825792961 0.0533154915282927 0.957480537302096 0.990074890571375 0.80952380952381 1 "Uqcrc2_noRT" "non-targeting_noRT"
"12999" "Ebp" 43.7231320655109 0.0157065011364731 0.0532471714704798 0.957534971499914 0.990074890571375 0.857142857142857 0.946428571428571 "Uqcrc2_noRT" "non-targeting_noRT"
"13000" "Kbtbd4" 4.53132036396181 -0.0496658972568105 -0.0529654976100284 0.957759398027234 NA 0.285714285714286 0.285714285714286 "Uqcrc2_noRT" "non-targeting_noRT"
"13001" "Wtip" 11.3764155463037 0.0298695018848886 0.0527574709867219 0.957925147516129 NA 0.571428571428571 0.678571428571429 "Uqcrc2_noRT" "non-targeting_noRT"
"13002" "H60b" 1.93528318925806 0.0707953670821021 0.0526946283199137 0.957975219060975 NA 0.142857142857143 0.196428571428571 "Uqcrc2_noRT" "non-targeting_noRT"
"13003" "Six4" 1.93528318925806 0.0707953670821021 0.0526946283199137 0.957975219060975 NA 0.142857142857143 0.178571428571429 "Uqcrc2_noRT" "non-targeting_noRT"
"13004" "Rcan1" 1.97472158494704 -0.0691611015140059 -0.0526484759556006 0.958011992274682 NA 0.142857142857143 0.178571428571429 "Uqcrc2_noRT" "non-targeting_noRT"
"13005" "Arl13b" 11.5449181646126 -0.0289533338187809 -0.0524625722954828 0.958160117226637 NA 0.523809523809524 0.625 "Uqcrc2_noRT" "non-targeting_noRT"
"13006" "Megf9" 10.0831926730832 -0.0316331478966227 -0.0523729914549283 0.958231494270214 NA 0.428571428571429 0.589285714285714 "Uqcrc2_noRT" "non-targeting_noRT"
"13007" "Sf1" 30.0018080945897 0.0193657949953781 0.0523344826175637 0.95826217779772 0.990225376864097 0.80952380952381 0.964285714285714 "Uqcrc2_noRT" "non-targeting_noRT"
"13008" "Lrrk1" 2.37580275020952 0.0636920279773411 0.0522956843150709 0.958293092031217 NA 0.0952380952380952 0.178571428571429 "Uqcrc2_noRT" "non-targeting_noRT"
"13009" "Itch" 14.1688905886163 0.0261854762207428 0.0522053455316661 0.958365073625555 0.990225376864097 0.619047619047619 0.678571428571429 "Uqcrc2_noRT" "non-targeting_noRT"
"13010" "Gramd1b" 6.5090891923141 -0.0377929834933824 -0.0520860639337193 0.958460117262887 NA 0.333333333333333 0.410714285714286 "Uqcrc2_noRT" "non-targeting_noRT"
"13011" "Slc25a43" 1.20457066095147 0.0859742899401116 0.0519038034499371 0.958605343648188 NA 0.0952380952380952 0.107142857142857 "Uqcrc2_noRT" "non-targeting_noRT"
"13012" "Slc38a2" 106.763874343362 0.0106941235938144 0.0518797349592963 0.958624521686994 0.990225376864097 1 1 "Uqcrc2_noRT" "non-targeting_noRT"
"13013" "Abhd14a" 20.4158132433478 0.0228191100073002 0.0517757243006896 0.958707398802167 0.990225376864097 0.714285714285714 0.821428571428571 "Uqcrc2_noRT" "non-targeting_noRT"
"13014" "Atp6v1h" 18.8227355036713 0.0247432439819411 0.051562858867331 0.958877014280918 0.990225376864097 0.619047619047619 0.785714285714286 "Uqcrc2_noRT" "non-targeting_noRT"
"13015" "5330438D12Rik" 1.20667701698647 0.0834508618227736 0.0514359862879121 0.958978109801937 NA 0.0952380952380952 0.125 "Uqcrc2_noRT" "non-targeting_noRT"
"13016" "Ccdc71l" 1.20667701698647 0.0834508618227736 0.0514359862879121 0.958978109801937 NA 0.0952380952380952 0.107142857142857 "Uqcrc2_noRT" "non-targeting_noRT"
"13017" "Nsmce3" 15.4331219537947 -0.02405331775203 -0.0511069928444365 0.959240263792661 0.990353346201106 0.714285714285714 0.75 "Uqcrc2_noRT" "non-targeting_noRT"
"13018" "Smtn" 3.15023130540033 -0.054322099206863 -0.0509715783112752 0.959348168320211 NA 0.19047619047619 0.25 "Uqcrc2_noRT" "non-targeting_noRT"
"13019" "Dnajc17" 3.07177907082061 -0.0566473475173104 -0.0509069221714628 0.959399689568685 NA 0.238095238095238 0.214285714285714 "Uqcrc2_noRT" "non-targeting_noRT"
"13020" "Dtx2" 2.49754359669101 0.0704770032643341 0.0506461671643285 0.959607473928923 NA 0.142857142857143 0.214285714285714 "Uqcrc2_noRT" "non-targeting_noRT"
"13021" "Akap17b" 1.35884909505031 -0.0919751936127282 -0.0505826552818123 0.959658084210684 NA 0.0952380952380952 0.0535714285714286 "Uqcrc2_noRT" "non-targeting_noRT"
"13022" "Tmem250-ps" 2.74473260564842 -0.0636561295361998 -0.050466190347397 0.959750891252977 NA 0.142857142857143 0.232142857142857 "Uqcrc2_noRT" "non-targeting_noRT"
"13023" "Exoc7" 11.0887679134718 0.0300333878112687 0.0504386357844432 0.959772848649862 NA 0.571428571428571 0.696428571428571 "Uqcrc2_noRT" "non-targeting_noRT"
"13024" "Abcb9" 3.07628886935319 0.054750263160074 0.0503337265016463 0.959856447959875 NA 0.238095238095238 0.214285714285714 "Uqcrc2_noRT" "non-targeting_noRT"
"13025" "Ccdc126" 1.29580093503537 -0.0869588367739011 -0.0503269981108938 0.959861809643711 NA 0.0952380952380952 0.107142857142857 "Uqcrc2_noRT" "non-targeting_noRT"
"13026" "Art3" 1.29158822296537 -0.0800554427773794 -0.0502607291933592 0.959914617759267 NA 0.0952380952380952 0.0892857142857143 "Uqcrc2_noRT" "non-targeting_noRT"
"13027" "Rwdd2a" 1.29158822296537 -0.0800554427773794 -0.0502607291933592 0.959914617759267 NA 0.0952380952380952 0.107142857142857 "Uqcrc2_noRT" "non-targeting_noRT"
"13028" "Erbb2" 1.29158822296537 -0.0800554427773794 -0.0502607291933592 0.959914617759267 NA 0.0952380952380952 0.125 "Uqcrc2_noRT" "non-targeting_noRT"
"13029" "Zfp951" 1.88182393331638 0.0677460587872746 0.0498511220198561 0.960241027814648 NA 0.142857142857143 0.160714285714286 "Uqcrc2_noRT" "non-targeting_noRT"
"13030" "Eif4g3" 18.3772051043482 -0.0216727762647457 -0.0498375230890658 0.960251864721293 0.991150465506788 0.571428571428571 0.714285714285714 "Uqcrc2_noRT" "non-targeting_noRT"
"13031" "Mast2" 7.16207398748601 -0.0350261608484547 -0.0498116998242349 0.960272443146864 NA 0.428571428571429 0.428571428571429 "Uqcrc2_noRT" "non-targeting_noRT"
"13032" "Clk3" 5.71633431048808 -0.0386539147694665 -0.0494276149474719 0.96057852150681 NA 0.285714285714286 0.428571428571429 "Uqcrc2_noRT" "non-targeting_noRT"
"13033" "Rab13" 11.3345443744678 -0.0282626612947968 -0.0494248238399225 0.960580745769888 NA 0.523809523809524 0.660714285714286 "Uqcrc2_noRT" "non-targeting_noRT"
"13034" "Tmem14a" 4.365975558703 -0.0457369447894289 -0.0492042947562007 0.960756488693794 NA 0.19047619047619 0.339285714285714 "Uqcrc2_noRT" "non-targeting_noRT"
"13035" "D830050J10Rik" 1.22629380362124 0.0812523260930477 0.0491790351809513 0.960776618548846 NA 0.0952380952380952 0.125 "Uqcrc2_noRT" "non-targeting_noRT"
"13036" "Xpo7" 11.3600637487215 0.0268032959950917 0.0490931000305407 0.960845102156841 NA 0.619047619047619 0.660714285714286 "Uqcrc2_noRT" "non-targeting_noRT"
"13037" "Alkbh7" 10.6976328109547 0.0272592634027932 0.0489854475180208 0.960930893215097 NA 0.619047619047619 0.589285714285714 "Uqcrc2_noRT" "non-targeting_noRT"
"13038" "Surf6" 7.1376627488146 -0.0340015915731286 -0.048968388035289 0.960944488397558 NA 0.428571428571429 0.482142857142857 "Uqcrc2_noRT" "non-targeting_noRT"
"13039" "Zfp407" 3.89590408286778 -0.0484352232259055 -0.0487289868872697 0.961135275114017 NA 0.238095238095238 0.303571428571429 "Uqcrc2_noRT" "non-targeting_noRT"
"13040" "Tnfsf10" 4.46268920079269 0.0451380738064647 0.0486783694725983 0.961175614096297 NA 0.285714285714286 0.303571428571429 "Uqcrc2_noRT" "non-targeting_noRT"
"13041" "Ranbp10" 4.45925012788086 -0.0425040542173413 -0.0484703070848409 0.961341428131124 NA 0.238095238095238 0.339285714285714 "Uqcrc2_noRT" "non-targeting_noRT"
"13042" "Ifi213" 32.2516270835554 0.0163634942919255 0.0479388013952262 0.961765015882869 0.991870204245492 0.80952380952381 0.892857142857143 "Uqcrc2_noRT" "non-targeting_noRT"
"13043" "Rnf7" 84.1453088512157 0.0112853142485086 0.0477894602845826 0.961884036434563 0.991870204245492 0.904761904761905 1 "Uqcrc2_noRT" "non-targeting_noRT"
"13044" "Gm9732" 26.5018757752002 -0.0194092536239259 -0.0477552100712911 0.961911332985134 0.991870204245492 0.761904761904762 0.785714285714286 "Uqcrc2_noRT" "non-targeting_noRT"
"13045" "Ddr1" 20.8570170375985 -0.0200383599557703 -0.0477056692805309 0.96195081581679 0.991870204245492 0.714285714285714 0.714285714285714 "Uqcrc2_noRT" "non-targeting_noRT"
"13046" "Ndor1" 1.28948186693037 -0.0768849472267975 -0.0476097929479492 0.962027227237907 NA 0.0952380952380952 0.107142857142857 "Uqcrc2_noRT" "non-targeting_noRT"
"13047" "Kifc5b" 1.34984193094368 -0.0798450927200735 -0.0476095799736746 0.962027396974314 NA 0.0952380952380952 0.125 "Uqcrc2_noRT" "non-targeting_noRT"
"13048" "Rgs12" 3.36851171011229 -0.0504000391518061 -0.0474745903642573 0.962134981446832 NA 0.238095238095238 0.285714285714286 "Uqcrc2_noRT" "non-targeting_noRT"
"13049" "Ctnnd1" 14.503254342756 0.0232758094728213 0.0474028611715261 0.962192148700527 0.991870204245492 0.761904761904762 0.642857142857143 "Uqcrc2_noRT" "non-targeting_noRT"
"13050" "Dnajc14" 2.71189594283702 -0.0567840099420585 -0.0472140202097271 0.962342653472395 NA 0.0952380952380952 0.25 "Uqcrc2_noRT" "non-targeting_noRT"
"13051" "Tut7" 8.90480581562098 0.029365300891158 0.0472040950663352 0.962350563771336 NA 0.428571428571429 0.553571428571429 "Uqcrc2_noRT" "non-targeting_noRT"
"13052" "Oip5os1" 36.8384530324731 -0.0147104557771475 -0.0470080412784503 0.962506818602016 0.991870204245492 0.952380952380952 0.946428571428571 "Uqcrc2_noRT" "non-targeting_noRT"
"13053" "Mettl17" 1.22208109155124 0.0858927670962395 0.0469986019473314 0.96251434178346 NA 0.0952380952380952 0.125 "Uqcrc2_noRT" "non-targeting_noRT"
"13054" "Rangrf" 17.5000449028882 -0.0223873953828988 -0.0468571852897963 0.962627051776195 0.991870204245492 0.666666666666667 0.75 "Uqcrc2_noRT" "non-targeting_noRT"
"13055" "Map3k1" 4.523049264806 0.0409197004883828 0.0467002865906481 0.962752101930342 NA 0.142857142857143 0.375 "Uqcrc2_noRT" "non-targeting_noRT"
"13056" "Lefty1" 3.7456206151916 0.0454857423499473 0.0466205530872288 0.962815650844832 NA 0.238095238095238 0.339285714285714 "Uqcrc2_noRT" "non-targeting_noRT"
"13057" "Ccdc180" 2.04569127148849 -0.0617313406544204 -0.0463220630034927 0.963053554448348 NA 0.142857142857143 0.142857142857143 "Uqcrc2_noRT" "non-targeting_noRT"
"13058" "Hspbap1" 5.6736438489744 0.0353293224713574 0.0462559698564837 0.963106232683553 NA 0.333333333333333 0.446428571428571 "Uqcrc2_noRT" "non-targeting_noRT"
"13059" "Ep300" 20.7182450071513 0.020442376982015 0.0460448324011344 0.963274516692964 0.992011524227484 0.761904761904762 0.714285714285714 "Uqcrc2_noRT" "non-targeting_noRT"
"13060" "Bcl2l2" 2.62654290018567 -0.0532325022109102 -0.0458425384174529 0.963435753677874 NA 0.142857142857143 0.196428571428571 "Uqcrc2_noRT" "non-targeting_noRT"
"13061" "Tceal9" 40.7035940808629 -0.0145765474782413 -0.0458347465450347 0.963441964164469 0.992011524227484 0.857142857142857 0.946428571428571 "Uqcrc2_noRT" "non-targeting_noRT"
"13062" "Actr3" 41.2079345719446 -0.0137309052105255 -0.0457827578873046 0.963483401611952 0.992011524227484 0.857142857142857 0.875 "Uqcrc2_noRT" "non-targeting_noRT"
"13063" "Mgme1" 8.17082345134612 0.0291155109026432 0.0457559938270048 0.963504733886937 NA 0.380952380952381 0.517857142857143 "Uqcrc2_noRT" "non-targeting_noRT"
"13064" "Ctdp1" 3.16084092792848 -0.0505653961445859 -0.0456518556009451 0.963587737433448 NA 0.142857142857143 0.267857142857143 "Uqcrc2_noRT" "non-targeting_noRT"
"13065" "Ttll3" 1.93606975164413 -0.0679218641013611 -0.0455816162379294 0.963643722057608 NA 0.142857142857143 0.160714285714286 "Uqcrc2_noRT" "non-targeting_noRT"
"13066" "Rtkn" 7.85044077999254 -0.0311474620763653 -0.0454518329019378 0.96374716696491 NA 0.428571428571429 0.553571428571429 "Uqcrc2_noRT" "non-targeting_noRT"
"13067" "Rabac1" 64.5871219165992 0.012970576477632 0.0453801855227333 0.963804274376936 0.992095046609891 1 1 "Uqcrc2_noRT" "non-targeting_noRT"
"13068" "Tnni1" 3.26891807282943 -0.0488553916035858 -0.0453774060126689 0.963806489822866 NA 0.19047619047619 0.214285714285714 "Uqcrc2_noRT" "non-targeting_noRT"
"13069" "Nfs1" 11.1852296293491 0.0259906822495199 0.0452898186134103 0.963876302682089 NA 0.571428571428571 0.714285714285714 "Uqcrc2_noRT" "non-targeting_noRT"
"13070" "Hs1bp3" 2.38270355828115 0.0560531625912713 0.0452806961467688 0.963883573897815 NA 0.142857142857143 0.214285714285714 "Uqcrc2_noRT" "non-targeting_noRT"
"13071" "Cyp4f17" 1.2257120636546 0.0802817381082281 0.0451757774749948 0.963967201308529 NA 0.0952380952380952 0.0892857142857143 "Uqcrc2_noRT" "non-targeting_noRT"
"13072" "P2ry10" 9.13630609650956 0.0294911862963688 0.0449540075595786 0.964143968515208 NA 0.523809523809524 0.535714285714286 "Uqcrc2_noRT" "non-targeting_noRT"
"13073" "Zswim9" 1.34773557490869 -0.0760651932786313 -0.04482066190756 0.964250255820469 NA 0.0476190476190476 0.125 "Uqcrc2_noRT" "non-targeting_noRT"
"13074" "Dvl3" 2.02128003281709 -0.0580082266606059 -0.0442816288387135 0.964679915371903 NA 0.142857142857143 0.196428571428571 "Uqcrc2_noRT" "non-targeting_noRT"
"13075" "Psmg1" 15.1093255657158 -0.0235704795068009 -0.0441921168062521 0.964751265793568 0.992248303983979 0.619047619047619 0.714285714285714 "Uqcrc2_noRT" "non-targeting_noRT"
"13076" "D3Ertd751e" 1.34504747890705 -0.0727879372371587 -0.044089632106004 0.964832957130414 NA 0.0476190476190476 0.142857142857143 "Uqcrc2_noRT" "non-targeting_noRT"
"13077" "Aasdhppt" 38.7438943161583 0.0147850248952332 0.0440110230692413 0.964895617243844 0.992248303983979 0.80952380952381 0.964285714285714 "Uqcrc2_noRT" "non-targeting_noRT"
"13078" "Hgs" 10.1536584620112 -0.025297525205622 -0.0438818751515291 0.964998562916369 NA 0.476190476190476 0.607142857142857 "Uqcrc2_noRT" "non-targeting_noRT"
"13079" "Tmem132a" 8.17561790338275 0.0278906281717967 0.0436342313776315 0.96519596497964 NA 0.380952380952381 0.464285714285714 "Uqcrc2_noRT" "non-targeting_noRT"
"13080" "Csnk1a1" 52.9253204977799 -0.0131999438851942 -0.0434061496522283 0.965377775609694 0.992248303983979 1 0.982142857142857 "Uqcrc2_noRT" "non-targeting_noRT"
"13081" "1300002E11Rik" 8.19071196825704 -0.0288689283603573 -0.0433619840399298 0.965412981522384 NA 0.380952380952381 0.446428571428571 "Uqcrc2_noRT" "non-targeting_noRT"
"13082" "Cep70" 3.35681645000402 -0.0447182386861912 -0.0430730341691258 0.965643314958878 NA 0.19047619047619 0.25 "Uqcrc2_noRT" "non-targeting_noRT"
"13083" "Isca1" 3.81266224316711 -0.0399995396963228 -0.0430109883319612 0.965692774538407 NA 0.19047619047619 0.339285714285714 "Uqcrc2_noRT" "non-targeting_noRT"
"13084" "Dsel" 2.03879046341686 -0.0560840556866085 -0.0428480757601085 0.965822640241298 NA 0.142857142857143 0.142857142857143 "Uqcrc2_noRT" "non-targeting_noRT"
"13085" "Zc3h7a" 7.75506470169536 -0.0291565662539268 -0.0428237400330033 0.965842039536035 NA 0.380952380952381 0.464285714285714 "Uqcrc2_noRT" "non-targeting_noRT"
"13086" "Pced1a" 1.2114714690231 0.0726213513759096 0.0427834051502482 0.965874192648154 NA 0.0952380952380952 0.125 "Uqcrc2_noRT" "non-targeting_noRT"
"13087" "2210016L21Rik" 16.8084861167665 -0.0209489877436924 -0.0427587641204202 0.965893835370336 0.992248303983979 0.571428571428571 0.803571428571429 "Uqcrc2_noRT" "non-targeting_noRT"
"13088" "Zmym2" 3.79304545653233 -0.0396071455867323 -0.042719029336329 0.96592551019904 NA 0.238095238095238 0.357142857142857 "Uqcrc2_noRT" "non-targeting_noRT"
"13089" "Srp14" 140.854191043127 0.0081259778998189 0.0427069929695548 0.965935105073814 0.992248303983979 1 1 "Uqcrc2_noRT" "non-targeting_noRT"
"13090" "Jagn1" 35.3939224863379 -0.0149742084111589 -0.0426874123206036 0.965950713936938 0.992248303983979 0.857142857142857 0.910714285714286 "Uqcrc2_noRT" "non-targeting_noRT"
"13091" "Birc6" 40.0627019726172 0.0131412639668888 0.0426716558865729 0.965963274307548 0.992248303983979 0.952380952380952 0.928571428571429 "Uqcrc2_noRT" "non-targeting_noRT"
"13092" "Arhgef7" 6.30316028157662 0.0322317467823204 0.0426468793856209 0.965983025115559 NA 0.380952380952381 0.410714285714286 "Uqcrc2_noRT" "non-targeting_noRT"
"13093" "Misp" 1.2135778250581 0.0704677123343165 0.0425436884134712 0.966065284940761 NA 0.0952380952380952 0.107142857142857 "Uqcrc2_noRT" "non-targeting_noRT"
"13094" "Gm15726" 1.71489642851111 0.0650049412810705 0.0424464949056506 0.966142764151189 NA 0.142857142857143 0.125 "Uqcrc2_noRT" "non-targeting_noRT"
"13095" "Acss1" 1.28737551089538 -0.0733360793693189 -0.042440145596703 0.966147825605774 NA 0.0952380952380952 0.125 "Uqcrc2_noRT" "non-targeting_noRT"
"13096" "Inpp5f" 14.8602499351022 -0.0208959692230166 -0.0422761804646039 0.966278533541425 0.992248303983979 0.666666666666667 0.678571428571429 "Uqcrc2_noRT" "non-targeting_noRT"
"13097" "Stx6" 2.58979260049832 0.0501919884396465 0.0422663940390506 0.966286335006095 NA 0.19047619047619 0.178571428571429 "Uqcrc2_noRT" "non-targeting_noRT"
"13098" "Azin1" 45.6041156164681 0.0130091436791266 0.0422473767769098 0.966301495044683 0.992248303983979 0.952380952380952 0.892857142857143 "Uqcrc2_noRT" "non-targeting_noRT"
"13099" "Glo1" 31.623522753834 0.0143486951456512 0.0421852073712071 0.966351054870816 0.992248303983979 0.904761904761905 0.964285714285714 "Uqcrc2_noRT" "non-targeting_noRT"
"13100" "Cmbl" 11.3317135169877 -0.0242139593116785 -0.0419730467328805 0.966520184766755 NA 0.476190476190476 0.446428571428571 "Uqcrc2_noRT" "non-targeting_noRT"
"13101" "Smim15" 19.2873195884393 0.0180246690045173 0.0417850662041617 0.966670040058241 0.992329602024559 0.571428571428571 0.785714285714286 "Uqcrc2_noRT" "non-targeting_noRT"
"13102" "2700097O09Rik" 4.46448355840573 -0.0357302923510273 -0.0417347655630158 0.966710139183714 NA 0.285714285714286 0.375 "Uqcrc2_noRT" "non-targeting_noRT"
"13103" "Zfp61" 3.11239536813286 0.0437629777663738 0.0416386267432516 0.966786780242055 NA 0.19047619047619 0.267857142857143 "Uqcrc2_noRT" "non-targeting_noRT"
"13104" "Gm14419" 1.28679377092874 -0.0720837858842085 -0.0415359914064805 0.966868600607684 NA 0.0952380952380952 0.107142857142857 "Uqcrc2_noRT" "non-targeting_noRT"
"13105" "Ddx20" 4.54177231305218 -0.0362497942187668 -0.0414463124957164 0.966940092462322 NA 0.285714285714286 0.321428571428571 "Uqcrc2_noRT" "non-targeting_noRT"
"13106" "Hist1h2bn" 1.89141283738965 0.057546316026315 0.0413259889792749 0.967036014554822 NA 0.142857142857143 0.142857142857143 "Uqcrc2_noRT" "non-targeting_noRT"
"13107" "Adarb1" 3.75462777929823 0.0403452968970993 0.0413019386114299 0.967055187602326 NA 0.285714285714286 0.267857142857143 "Uqcrc2_noRT" "non-targeting_noRT"
"13108" "Clcn7" 2.64194697475044 -0.0488181838175039 -0.0412789361730748 0.967073525254152 NA 0.19047619047619 0.25 "Uqcrc2_noRT" "non-targeting_noRT"
"13109" "8430429K09Rik" 3.05624801618955 0.0435655151057207 0.0412069883958741 0.967130882472206 NA 0.238095238095238 0.267857142857143 "Uqcrc2_noRT" "non-targeting_noRT"
"13110" "Elmod3" 1.35776345747019 -0.0648814022726912 -0.0410946439342459 0.967220444519748 NA 0.0952380952380952 0.107142857142857 "Uqcrc2_noRT" "non-targeting_noRT"
"13111" "Ppp1r1b" 1.23261287172623 0.0695567842799378 0.0410856066368837 0.96722764915507 NA 0.0952380952380952 0.0714285714285714 "Uqcrc2_noRT" "non-targeting_noRT"
"13112" "Tm9sf1" 16.3047273660613 0.0205398476236207 0.0410776338087891 0.967234005185714 0.992449846786481 0.619047619047619 0.75 "Uqcrc2_noRT" "non-targeting_noRT"
"13113" "Map1lc3b" 85.1607014608837 -0.0090944543449329 -0.0410364321704336 0.967266851640859 0.992449846786481 1 1 "Uqcrc2_noRT" "non-targeting_noRT"
"13114" "Mlxip" 1.2156841810931 0.0673938652909769 0.0409694999375363 0.967320210962241 NA 0.0952380952380952 0.125 "Uqcrc2_noRT" "non-targeting_noRT"
"13115" "Usb1" 9.65075032336458 -0.0244671574529876 -0.0409302793345872 0.96735147824885 NA 0.619047619047619 0.571428571428571 "Uqcrc2_noRT" "non-targeting_noRT"
"13116" "Trim30d" 4.61442428909976 -0.040836577647298 -0.0409300255680715 0.967351680555704 NA 0.238095238095238 0.303571428571429 "Uqcrc2_noRT" "non-targeting_noRT"
"13117" "Aox1" 1.28258105885874 -0.0659781828125771 -0.0404040829441857 0.967770975190268 NA 0.0952380952380952 0.125 "Uqcrc2_noRT" "non-targeting_noRT"
"13118" "Fntb" 3.04142568159141 0.0417779469994562 0.0403848747640577 0.967786288601982 NA 0.238095238095238 0.285714285714286 "Uqcrc2_noRT" "non-targeting_noRT"
"13119" "Pgm3" 8.10441604950396 -0.0274082304167763 -0.0403735758483371 0.967795296485799 NA 0.428571428571429 0.517857142857143 "Uqcrc2_noRT" "non-targeting_noRT"
"13120" "2900097C17Rik" 18.3911849032 0.0187140186583124 0.040322235317109 0.967836226972977 0.99265360864459 0.714285714285714 0.732142857142857 "Uqcrc2_noRT" "non-targeting_noRT"
"13121" "Ccnyl1" 1.34083476683705 -0.0663068730353872 -0.0401656832476105 0.967961036341986 NA 0.0952380952380952 0.142857142857143 "Uqcrc2_noRT" "non-targeting_noRT"
"13122" "Gorasp2" 19.6175436259464 0.0177510780472051 0.0401134380552157 0.968002688406273 0.99265360864459 0.761904761904762 0.75 "Uqcrc2_noRT" "non-targeting_noRT"
"13123" "Hmgn3" 51.8333284005541 -0.0111013086444901 -0.0398846297944755 0.968185104999895 0.99265360864459 0.904761904761905 0.910714285714286 "Uqcrc2_noRT" "non-targeting_noRT"
"13124" "Cd74" 806.572540389576 -0.00763997892977689 -0.0395522208169761 0.968450119869689 0.992679364880053 0.952380952380952 1 "Uqcrc2_noRT" "non-targeting_noRT"
"13125" "Pdhx" 3.73406811656173 0.0406793094530647 0.0394694110979631 0.968516140912961 NA 0.238095238095238 0.321428571428571 "Uqcrc2_noRT" "non-targeting_noRT"
"13126" "Ube4a" 4.48141224903887 -0.0347915379462289 -0.0393208408585965 0.96863459086163 NA 0.285714285714286 0.321428571428571 "Uqcrc2_noRT" "non-targeting_noRT"
"13127" "Mrps27" 7.11190097793406 0.0279662212574162 0.0388650152131844 0.968998009298863 NA 0.428571428571429 0.464285714285714 "Uqcrc2_noRT" "non-targeting_noRT"
"13128" "Armh3" 1.89562554945964 0.0514546480538839 0.038692487955323 0.969135562669366 NA 0.0952380952380952 0.196428571428571 "Uqcrc2_noRT" "non-targeting_noRT"
"13129" "Cul3" 17.1567974779244 -0.0188568354488107 -0.0385809461120275 0.969224493781191 0.993051858274393 0.666666666666667 0.678571428571429 "Uqcrc2_noRT" "non-targeting_noRT"
"13130" "Strn" 3.36945458621401 -0.0444098107865739 -0.03829515701809 0.969452352095439 NA 0.238095238095238 0.267857142857143 "Uqcrc2_noRT" "non-targeting_noRT"
"13131" "Ywhab" 83.3090896537802 -0.00840625319787865 -0.0382865500762185 0.969459214408903 0.993051858274393 1 0.982142857142857 "Uqcrc2_noRT" "non-targeting_noRT"
"13132" "Ankrd52" 2.7129166612919 -0.0443672530887888 -0.0381353406623255 0.969579774020329 NA 0.142857142857143 0.285714285714286 "Uqcrc2_noRT" "non-targeting_noRT"
"13133" "Clcc1" 11.9510130260211 0.0210009871401273 0.0380702184536497 0.96963169632054 NA 0.523809523809524 0.625 "Uqcrc2_noRT" "non-targeting_noRT"
"13134" "Nr3c1" 9.51637283913519 0.0233056519506381 0.0380569438104225 0.969642280283429 NA 0.571428571428571 0.589285714285714 "Uqcrc2_noRT" "non-targeting_noRT"
"13135" "Twist1" 8.6525901872896 0.0241848227152592 0.0379199910291438 0.969751473974653 NA 0.428571428571429 0.5 "Uqcrc2_noRT" "non-targeting_noRT"
"13136" "Afp" 1.13570733044502 0.0683327860990597 0.0379005814798896 0.969766949429755 NA 0.0476190476190476 0.0892857142857143 "Uqcrc2_noRT" "non-targeting_noRT"
"13137" "Timm17a" 123.149053955328 -0.00736268883324869 -0.0378116498278613 0.969837855796202 0.993051858274393 0.952380952380952 1 "Uqcrc2_noRT" "non-targeting_noRT"
"13138" "2610001J05Rik" 10.9896459823787 0.0233622680933782 0.0377202481438852 0.969910731799801 NA 0.476190476190476 0.642857142857143 "Uqcrc2_noRT" "non-targeting_noRT"
"13139" "Col22a1" 2.39171072238778 0.0469549234830856 0.0375560282935546 0.970041667506268 NA 0.0952380952380952 0.142857142857143 "Uqcrc2_noRT" "non-targeting_noRT"
"13140" "Klhl8" 0.660324581731773 0.0949916204700216 0.0374429541366272 0.97013182421825 NA 0.0476190476190476 0.0714285714285714 "Uqcrc2_noRT" "non-targeting_noRT"
"13141" "Gm2381" 0.660324581731773 0.0949916204700216 0.0374429541366272 0.97013182421825 NA 0.0476190476190476 0.0714285714285714 "Uqcrc2_noRT" "non-targeting_noRT"
"13142" "Gm48768" 0.660324581731773 0.0949916204700216 0.0374429541366272 0.97013182421825 NA 0.0476190476190476 0.0714285714285714 "Uqcrc2_noRT" "non-targeting_noRT"
"13143" "Fam71a" 0.647608603168633 0.0952248485375307 0.0373170706473815 0.970232194564211 NA 0.0476190476190476 0.0357142857142857 "Uqcrc2_noRT" "non-targeting_noRT"
"13144" "Lgals4" 0.647608603168633 0.0952248485375307 0.0373170706473815 0.970232194564211 NA 0.0476190476190476 0.0714285714285714 "Uqcrc2_noRT" "non-targeting_noRT"
"13145" "Nell2" 0.647608603168633 0.0952248485375307 0.0373170706473815 0.970232194564211 NA 0.0476190476190476 0.0178571428571429 "Uqcrc2_noRT" "non-targeting_noRT"
"13146" "Dguok" 27.672257881409 0.013426860182474 0.0372281198570869 0.970303117744435 0.993051858274393 0.857142857142857 0.910714285714286 "Uqcrc2_noRT" "non-targeting_noRT"
"13147" "Isoc1" 36.2095264161497 -0.0121943546779427 -0.0372021823438311 0.970323798559719 0.993051858274393 0.80952380952381 0.946428571428571 "Uqcrc2_noRT" "non-targeting_noRT"
"13148" "Gm10941" 1.35355074540019 -0.0587275138414472 -0.0371995737237297 0.970325878497706 NA 0.0952380952380952 0.107142857142857 "Uqcrc2_noRT" "non-targeting_noRT"
"13149" "Slc29a2" 1.35355074540019 -0.0587275138414472 -0.0371995737237297 0.970325878497706 NA 0.0952380952380952 0.142857142857143 "Uqcrc2_noRT" "non-targeting_noRT"
"13150" "Met" 4.36897565312659 0.0331663644289888 0.0371466211422877 0.970368099363586 NA 0.285714285714286 0.321428571428571 "Uqcrc2_noRT" "non-targeting_noRT"
"13151" "Xrcc6" 16.5920770429779 -0.017378479781077 -0.0370134216136973 0.970474304173791 0.993051858274393 0.80952380952381 0.732142857142857 "Uqcrc2_noRT" "non-targeting_noRT"
"13152" "Dgcr8" 1.89773190549464 0.0492049763653136 0.0369949199287317 0.970489056279022 NA 0.142857142857143 0.178571428571429 "Uqcrc2_noRT" "non-targeting_noRT"
"13153" "Pigs" 8.57951414471315 0.0235419310346871 0.0369379950620823 0.970534444728556 NA 0.476190476190476 0.553571428571429 "Uqcrc2_noRT" "non-targeting_noRT"
"13154" "D16Ertd472e" 4.55085731951196 -0.0318781896113177 -0.03691164925001 0.970555451319727 NA 0.333333333333333 0.339285714285714 "Uqcrc2_noRT" "non-targeting_noRT"
"13155" "St7" 4.4554763942991 -0.0317268448591017 -0.0369082488227426 0.970558162620652 NA 0.285714285714286 0.357142857142857 "Uqcrc2_noRT" "non-targeting_noRT"
"13156" "Mob4" 41.5909712063016 -0.0111721189907958 -0.0368524501416475 0.970602653259317 0.993051858274393 0.904761904761905 0.892857142857143 "Uqcrc2_noRT" "non-targeting_noRT"
"13157" "Dennd2d" 0.599447696877075 0.0961264678951388 0.0368011994513685 0.970643517673953 NA 0.0476190476190476 0.0714285714285714 "Uqcrc2_noRT" "non-targeting_noRT"
"13158" "Dusp3" 7.0207327647912 0.025999973307841 0.0366885484628227 0.970733339499877 NA 0.333333333333333 0.482142857142857 "Uqcrc2_noRT" "non-targeting_noRT"
"13159" "Mrpl33" 250.34691305342 0.00541948049256058 0.0364402944402335 0.970931285184487 0.993051858274393 1 1 "Uqcrc2_noRT" "non-targeting_noRT"
"13160" "Tmub2" 5.52238531336292 -0.0305747985880813 -0.0364034022228547 0.97096070139762 NA 0.285714285714286 0.517857142857143 "Uqcrc2_noRT" "non-targeting_noRT"
"13161" "Ptprz1" 28.3463989912434 0.0128748159714787 0.0363875098677573 0.970973373266842 0.993051858274393 0.761904761904762 0.732142857142857 "Uqcrc2_noRT" "non-targeting_noRT"
"13162" "Ift88" 2.4511899712404 -0.0432290021266781 -0.0361631472042359 0.971152271027248 NA 0.19047619047619 0.196428571428571 "Uqcrc2_noRT" "non-targeting_noRT"
"13163" "Zmym5" 5.36477697108622 0.0302682629016544 0.0361620486301546 0.971153146989596 NA 0.285714285714286 0.357142857142857 "Uqcrc2_noRT" "non-targeting_noRT"
"13164" "Gm26724" 1.37738024410496 -0.0603149028564629 -0.0361333719359508 0.97117601273743 NA 0.0952380952380952 0.125 "Uqcrc2_noRT" "non-targeting_noRT"
"13165" "Zfp318" 2.39592343445778 0.0443295130767837 0.0358840005033451 0.971374853400165 NA 0.142857142857143 0.214285714285714 "Uqcrc2_noRT" "non-targeting_noRT"
"13166" "Tsacc" 3.1268407851838 -0.0371396599271745 -0.0358182898154457 0.971427249260368 NA 0.142857142857143 0.285714285714286 "Uqcrc2_noRT" "non-targeting_noRT"
"13167" "Pex10" 1.88080321486151 0.0464463543966388 0.0355284472997827 0.971658363024633 NA 0.142857142857143 0.178571428571429 "Uqcrc2_noRT" "non-targeting_noRT"
"13168" "Plch1" 5.13766688017905 -0.0324565774581529 -0.0354743563267417 0.971701494188159 NA 0.285714285714286 0.25 "Uqcrc2_noRT" "non-targeting_noRT"
"13169" "Neto2" 8.83971621869628 0.0223159898507971 0.0354325839237692 0.971734802803369 NA 0.380952380952381 0.464285714285714 "Uqcrc2_noRT" "non-targeting_noRT"
"13170" "Tlk1" 18.3258795493594 0.0153903020890739 0.0353547231350822 0.971796887825071 0.993648510457165 0.761904761904762 0.767857142857143 "Uqcrc2_noRT" "non-targeting_noRT"
"13171" "G730013B05Rik" 9.47692201048767 -0.0209320886886887 -0.0353040286110856 0.971837310967836 NA 0.523809523809524 0.625 "Uqcrc2_noRT" "non-targeting_noRT"
"13172" "Tubgcp6" 3.66520478605528 0.0357036447209425 0.0350593699792956 0.972032399539322 NA 0.285714285714286 0.357142857142857 "Uqcrc2_noRT" "non-targeting_noRT"
"13173" "Anapc7" 5.6410139973139 -0.0270490151135285 -0.0350179546975327 0.972065423874878 NA 0.428571428571429 0.446428571428571 "Uqcrc2_noRT" "non-targeting_noRT"
"13174" "Dap3" 37.2883586638098 -0.0111632095011078 -0.0349193533480617 0.972144048283336 0.993716724901926 0.80952380952381 0.964285714285714 "Uqcrc2_noRT" "non-targeting_noRT"
"13175" "Col16a1" 26.2561428550158 -0.0134904069496932 -0.0346687365440215 0.972343890557733 0.993716724901926 0.571428571428571 0.839285714285714 "Uqcrc2_noRT" "non-targeting_noRT"
"13176" "Zfp930" 4.45047711984303 0.0303330886563527 0.0345751960010272 0.972418480394677 NA 0.238095238095238 0.357142857142857 "Uqcrc2_noRT" "non-targeting_noRT"
"13177" "Fam102b" 7.55050608204206 -0.0243557632583132 -0.0344766054270306 0.972497097420278 NA 0.428571428571429 0.482142857142857 "Uqcrc2_noRT" "non-targeting_noRT"
"13178" "Rasa1" 7.70995103880906 -0.0224761282715386 -0.0344193103419444 0.972542785168075 NA 0.476190476190476 0.5 "Uqcrc2_noRT" "non-targeting_noRT"
"13179" "Slc9a1" 1.90042000149628 0.0466330415212663 0.0342676111415427 0.97266375225808 NA 0.142857142857143 0.196428571428571 "Uqcrc2_noRT" "non-targeting_noRT"
"13180" "Morn2" 4.45278829829747 -0.0305380362824994 -0.0342613719964901 0.972668727454155 NA 0.333333333333333 0.321428571428571 "Uqcrc2_noRT" "non-targeting_noRT"
"13181" "Gm26788" 0.158192070974791 0.138528128184645 0.0342453974928145 0.972681465788904 NA 0 0.0357142857142857 "Uqcrc2_noRT" "non-targeting_noRT"
"13182" "Kcnj13" 0.158192070974791 0.138528128184645 0.0342453974928145 0.972681465788904 NA 0 0.0178571428571429 "Uqcrc2_noRT" "non-targeting_noRT"
"13183" "Nectin4" 0.158192070974791 0.138528128184645 0.0342453974928145 0.972681465788904 NA 0 0.0178571428571429 "Uqcrc2_noRT" "non-targeting_noRT"
"13184" "Ucma" 0.158192070974791 0.138528128184645 0.0342453974928145 0.972681465788904 NA 0 0.0178571428571429 "Uqcrc2_noRT" "non-targeting_noRT"
"13185" "Gm13524" 0.158192070974791 0.138528128184645 0.0342453974928145 0.972681465788904 NA 0 0.0178571428571429 "Uqcrc2_noRT" "non-targeting_noRT"
"13186" "Gm14002" 0.158192070974791 0.138528128184645 0.0342453974928145 0.972681465788904 NA 0 0.0178571428571429 "Uqcrc2_noRT" "non-targeting_noRT"
"13187" "Zhx3" 0.158192070974791 0.138528128184645 0.0342453974928145 0.972681465788904 NA 0 0.0178571428571429 "Uqcrc2_noRT" "non-targeting_noRT"
"13188" "5031425F14Rik" 0.158192070974791 0.138528128184645 0.0342453974928145 0.972681465788904 NA 0 0.0357142857142857 "Uqcrc2_noRT" "non-targeting_noRT"
"13189" "Gm14406" 0.158192070974791 0.138528128184645 0.0342453974928145 0.972681465788904 NA 0 0.0357142857142857 "Uqcrc2_noRT" "non-targeting_noRT"
"13190" "Ppm1j" 0.158192070974791 0.138528128184645 0.0342453974928145 0.972681465788904 NA 0 0.0178571428571429 "Uqcrc2_noRT" "non-targeting_noRT"
"13191" "Sdr16c5" 0.158192070974791 0.138528128184645 0.0342453974928145 0.972681465788904 NA 0 0.0178571428571429 "Uqcrc2_noRT" "non-targeting_noRT"
"13192" "Gm12971" 0.158192070974791 0.138528128184645 0.0342453974928145 0.972681465788904 NA 0 0.0357142857142857 "Uqcrc2_noRT" "non-targeting_noRT"
"13193" "Map3k6" 0.158192070974791 0.138528128184645 0.0342453974928145 0.972681465788904 NA 0 0.0357142857142857 "Uqcrc2_noRT" "non-targeting_noRT"
"13194" "Gm13203" 0.158192070974791 0.138528128184645 0.0342453974928145 0.972681465788904 NA 0 0.0357142857142857 "Uqcrc2_noRT" "non-targeting_noRT"
"13195" "Rbp7" 0.158192070974791 0.138528128184645 0.0342453974928145 0.972681465788904 NA 0 0.0357142857142857 "Uqcrc2_noRT" "non-targeting_noRT"
"13196" "Otof" 0.158192070974791 0.138528128184645 0.0342453974928145 0.972681465788904 NA 0 0.0357142857142857 "Uqcrc2_noRT" "non-targeting_noRT"
"13197" "Btc" 0.158192070974791 0.138528128184645 0.0342453974928145 0.972681465788904 NA 0 0.0178571428571429 "Uqcrc2_noRT" "non-targeting_noRT"
"13198" "Tmem116" 0.158192070974791 0.138528128184645 0.0342453974928145 0.972681465788904 NA 0 0.0357142857142857 "Uqcrc2_noRT" "non-targeting_noRT"
"13199" "Tctn1" 0.158192070974791 0.138528128184645 0.0342453974928145 0.972681465788904 NA 0 0.0357142857142857 "Uqcrc2_noRT" "non-targeting_noRT"
"13200" "Gm15903" 0.158192070974791 0.138528128184645 0.0342453974928145 0.972681465788904 NA 0 0.0357142857142857 "Uqcrc2_noRT" "non-targeting_noRT"
"13201" "Lat2" 0.158192070974791 0.138528128184645 0.0342453974928145 0.972681465788904 NA 0 0.0357142857142857 "Uqcrc2_noRT" "non-targeting_noRT"
"13202" "9130604C24Rik" 0.158192070974791 0.138528128184645 0.0342453974928145 0.972681465788904 NA 0 0.0357142857142857 "Uqcrc2_noRT" "non-targeting_noRT"
"13203" "Nyap1" 0.158192070974791 0.138528128184645 0.0342453974928145 0.972681465788904 NA 0 0.0357142857142857 "Uqcrc2_noRT" "non-targeting_noRT"
"13204" "Spdye4b" 0.158192070974791 0.138528128184645 0.0342453974928145 0.972681465788904 NA 0 0.0357142857142857 "Uqcrc2_noRT" "non-targeting_noRT"
"13205" "N4bp2l1" 0.158192070974791 0.138528128184645 0.0342453974928145 0.972681465788904 NA 0 0.0357142857142857 "Uqcrc2_noRT" "non-targeting_noRT"
"13206" "Gm26982" 0.158192070974791 0.138528128184645 0.0342453974928145 0.972681465788904 NA 0 0.0357142857142857 "Uqcrc2_noRT" "non-targeting_noRT"
"13207" "Plekhg6" 0.158192070974791 0.138528128184645 0.0342453974928145 0.972681465788904 NA 0 0.0357142857142857 "Uqcrc2_noRT" "non-targeting_noRT"
"13208" "Spx" 0.158192070974791 0.138528128184645 0.0342453974928145 0.972681465788904 NA 0 0.0357142857142857 "Uqcrc2_noRT" "non-targeting_noRT"
"13209" "Gipr" 0.158192070974791 0.138528128184645 0.0342453974928145 0.972681465788904 NA 0 0.0178571428571429 "Uqcrc2_noRT" "non-targeting_noRT"
"13210" "B230322F03Rik" 0.158192070974791 0.138528128184645 0.0342453974928145 0.972681465788904 NA 0 0.0357142857142857 "Uqcrc2_noRT" "non-targeting_noRT"
"13211" "Gm44997" 0.158192070974791 0.138528128184645 0.0342453974928145 0.972681465788904 NA 0 0.0357142857142857 "Uqcrc2_noRT" "non-targeting_noRT"
"13212" "Cdiptos" 0.158192070974791 0.138528128184645 0.0342453974928145 0.972681465788904 NA 0 0.0357142857142857 "Uqcrc2_noRT" "non-targeting_noRT"
"13213" "Brsk2" 0.158192070974791 0.138528128184645 0.0342453974928145 0.972681465788904 NA 0 0.0357142857142857 "Uqcrc2_noRT" "non-targeting_noRT"
"13214" "Star" 0.158192070974791 0.138528128184645 0.0342453974928145 0.972681465788904 NA 0 0.0357142857142857 "Uqcrc2_noRT" "non-targeting_noRT"
"13215" "2310008N11Rik" 0.158192070974791 0.138528128184645 0.0342453974928145 0.972681465788904 NA 0 0.0357142857142857 "Uqcrc2_noRT" "non-targeting_noRT"
"13216" "Gm10643" 0.158192070974791 0.138528128184645 0.0342453974928145 0.972681465788904 NA 0 0.0357142857142857 "Uqcrc2_noRT" "non-targeting_noRT"
"13217" "Gm40617" 0.158192070974791 0.138528128184645 0.0342453974928145 0.972681465788904 NA 0 0.0357142857142857 "Uqcrc2_noRT" "non-targeting_noRT"
"13218" "Gng7" 0.158192070974791 0.138528128184645 0.0342453974928145 0.972681465788904 NA 0 0.0357142857142857 "Uqcrc2_noRT" "non-targeting_noRT"
"13219" "Gm45605" 0.158192070974791 0.138528128184645 0.0342453974928145 0.972681465788904 NA 0 0.0357142857142857 "Uqcrc2_noRT" "non-targeting_noRT"
"13220" "Rab11fip4os1" 0.158192070974791 0.138528128184645 0.0342453974928145 0.972681465788904 NA 0 0.0357142857142857 "Uqcrc2_noRT" "non-targeting_noRT"
"13221" "Gm11491" 0.158192070974791 0.138528128184645 0.0342453974928145 0.972681465788904 NA 0 0.0357142857142857 "Uqcrc2_noRT" "non-targeting_noRT"
"13222" "Grb7" 0.158192070974791 0.138528128184645 0.0342453974928145 0.972681465788904 NA 0 0.0178571428571429 "Uqcrc2_noRT" "non-targeting_noRT"
"13223" "Milr1" 0.158192070974791 0.138528128184645 0.0342453974928145 0.972681465788904 NA 0 0.0357142857142857 "Uqcrc2_noRT" "non-targeting_noRT"
"13224" "Gm16045" 0.158192070974791 0.138528128184645 0.0342453974928145 0.972681465788904 NA 0 0.0357142857142857 "Uqcrc2_noRT" "non-targeting_noRT"
"13225" "Gm36757" 0.158192070974791 0.138528128184645 0.0342453974928145 0.972681465788904 NA 0 0.0357142857142857 "Uqcrc2_noRT" "non-targeting_noRT"
"13226" "2610307P16Rik" 0.158192070974791 0.138528128184645 0.0342453974928145 0.972681465788904 NA 0 0.0357142857142857 "Uqcrc2_noRT" "non-targeting_noRT"
"13227" "Rnf144b" 0.158192070974791 0.138528128184645 0.0342453974928145 0.972681465788904 NA 0 0.0357142857142857 "Uqcrc2_noRT" "non-targeting_noRT"
"13228" "Kif27" 0.158192070974791 0.138528128184645 0.0342453974928145 0.972681465788904 NA 0 0.0357142857142857 "Uqcrc2_noRT" "non-targeting_noRT"
"13229" "Gm17210" 0.158192070974791 0.138528128184645 0.0342453974928145 0.972681465788904 NA 0 0.0357142857142857 "Uqcrc2_noRT" "non-targeting_noRT"
"13230" "Cdh24" 0.158192070974791 0.138528128184645 0.0342453974928145 0.972681465788904 NA 0 0.0357142857142857 "Uqcrc2_noRT" "non-targeting_noRT"
"13231" "Gm31107" 0.158192070974791 0.138528128184645 0.0342453974928145 0.972681465788904 NA 0 0.0357142857142857 "Uqcrc2_noRT" "non-targeting_noRT"
"13232" "A330035P11Rik" 0.158192070974791 0.138528128184645 0.0342453974928145 0.972681465788904 NA 0 0.0357142857142857 "Uqcrc2_noRT" "non-targeting_noRT"
"13233" "Itgbl1" 0.158192070974791 0.138528128184645 0.0342453974928145 0.972681465788904 NA 0 0.0178571428571429 "Uqcrc2_noRT" "non-targeting_noRT"
"13234" "Gm17058" 0.158192070974791 0.138528128184645 0.0342453974928145 0.972681465788904 NA 0 0.0357142857142857 "Uqcrc2_noRT" "non-targeting_noRT"
"13235" "Gm6712" 0.158192070974791 0.138528128184645 0.0342453974928145 0.972681465788904 NA 0 0.0357142857142857 "Uqcrc2_noRT" "non-targeting_noRT"
"13236" "Rpl3l" 0.158192070974791 0.138528128184645 0.0342453974928145 0.972681465788904 NA 0 0.0357142857142857 "Uqcrc2_noRT" "non-targeting_noRT"
"13237" "Pcdhb16" 0.158192070974791 0.138528128184645 0.0342453974928145 0.972681465788904 NA 0 0.0357142857142857 "Uqcrc2_noRT" "non-targeting_noRT"
"13238" "Gm30889" 0.158192070974791 0.138528128184645 0.0342453974928145 0.972681465788904 NA 0 0.0357142857142857 "Uqcrc2_noRT" "non-targeting_noRT"
"13239" "Mpeg1" 0.158192070974791 0.138528128184645 0.0342453974928145 0.972681465788904 NA 0 0.0357142857142857 "Uqcrc2_noRT" "non-targeting_noRT"
"13240" "Prkg1" 0.158192070974791 0.138528128184645 0.0342453974928145 0.972681465788904 NA 0 0.0357142857142857 "Uqcrc2_noRT" "non-targeting_noRT"
"13241" "Rhox4f" 0.158192070974791 0.138528128184645 0.0342453974928145 0.972681465788904 NA 0 0.0357142857142857 "Uqcrc2_noRT" "non-targeting_noRT"
"13242" "Drp2" 0.158192070974791 0.138528128184645 0.0342453974928145 0.972681465788904 NA 0 0.0357142857142857 "Uqcrc2_noRT" "non-targeting_noRT"
"13243" "BC065397" 0.158192070974791 0.138528128184645 0.0342453974928145 0.972681465788904 NA 0 0.0357142857142857 "Uqcrc2_noRT" "non-targeting_noRT"
"13244" "Bmx" 0.158192070974791 0.138528128184645 0.0342453974928145 0.972681465788904 NA 0 0.0178571428571429 "Uqcrc2_noRT" "non-targeting_noRT"
"13245" "Pex11b" 4.36162493207028 -0.0328941209486804 -0.0342143451822542 0.972706227437411 NA 0.285714285714286 0.357142857142857 "Uqcrc2_noRT" "non-targeting_noRT"
"13246" "9430018G01Rik" 1.33393395876542 -0.0558570118790225 -0.0341013957461884 0.972796295489317 NA 0.0952380952380952 0.125 "Uqcrc2_noRT" "non-targeting_noRT"
"13247" "Alkbh8" 6.28217655231126 0.0263674397809949 0.0340871518309471 0.972807653885843 NA 0.428571428571429 0.428571428571429 "Uqcrc2_noRT" "non-targeting_noRT"
"13248" "Cyp4f16" 1.95809196950795 0.0470584885021657 0.0338526296511552 0.972994667578152 NA 0.142857142857143 0.178571428571429 "Uqcrc2_noRT" "non-targeting_noRT"
"13249" "Apbb2" 6.2716939098494 -0.0250564702196305 -0.0338322555222114 0.973010914474537 NA 0.333333333333333 0.392857142857143 "Uqcrc2_noRT" "non-targeting_noRT"
"13250" "Riok3" 16.4688110901587 0.0160663339218253 0.0338182639598966 0.97302207174148 0.994015580461182 0.619047619047619 0.785714285714286 "Uqcrc2_noRT" "non-targeting_noRT"
"13251" "Uba7" 1.86329278426173 0.0451444270382668 0.033689012450791 0.973125140794555 NA 0.142857142857143 0.178571428571429 "Uqcrc2_noRT" "non-targeting_noRT"
"13252" "Polr2m" 32.423301446335 0.0119830887779938 0.0336712971360455 0.973139267556041 0.994015580461182 0.761904761904762 0.946428571428571 "Uqcrc2_noRT" "non-targeting_noRT"
"13253" "Yipf2" 4.4335484292099 0.0287937507477049 0.0335161388008183 0.973262996160165 NA 0.238095238095238 0.339285714285714 "Uqcrc2_noRT" "non-targeting_noRT"
"13254" "Scmh1" 3.77111749144313 0.0311271146104536 0.0331926205364596 0.97352098284041 NA 0.285714285714286 0.303571428571429 "Uqcrc2_noRT" "non-targeting_noRT"
"13255" "Vps18" 2.053612798015 -0.0458028436002008 -0.033157060486173 0.973549340046673 NA 0.0952380952380952 0.214285714285714 "Uqcrc2_noRT" "non-targeting_noRT"
"13256" "Narf" 3.34301483386076 -0.0346511491094418 -0.0329128450854628 0.973744089449128 NA 0.142857142857143 0.285714285714286 "Uqcrc2_noRT" "non-targeting_noRT"
"13257" "Pcyox1l" 4.44857558622747 -0.0286060436363082 -0.0329103105204937 0.973746110644438 NA 0.285714285714286 0.357142857142857 "Uqcrc2_noRT" "non-targeting_noRT"
"13258" "Plekha1" 10.1587629237383 0.0191864249302962 0.032854119365563 0.973790920467767 NA 0.428571428571429 0.625 "Uqcrc2_noRT" "non-targeting_noRT"
"13259" "Cacybp" 186.189247684448 -0.00594622909049178 -0.0325461148234524 0.974036541179667 0.994015580461182 1 1 "Uqcrc2_noRT" "non-targeting_noRT"
"13260" "Mdm2" 14.5195719597732 -0.016223346356777 -0.032510909609941 0.974064616019005 0.994015580461182 0.619047619047619 0.625 "Uqcrc2_noRT" "non-targeting_noRT"
"13261" "Msantd4" 10.0735436968004 -0.0197941134025033 -0.0324903350988453 0.974081023435966 NA 0.380952380952381 0.607142857142857 "Uqcrc2_noRT" "non-targeting_noRT"
"13262" "Ran" 532.789516243223 -0.00404748605082999 -0.0323247242373289 0.974213092414519 0.994015580461182 0.952380952380952 1 "Uqcrc2_noRT" "non-targeting_noRT"
"13263" "Mrpl14" 49.0042404824376 -0.00952677057704508 -0.0321963068080842 0.974315501394108 0.994015580461182 0.952380952380952 0.982142857142857 "Uqcrc2_noRT" "non-targeting_noRT"
"13264" "Lmbrd1" 15.634413595664 -0.0160985953428031 -0.0321933826353982 0.974317833337495 0.994015580461182 0.619047619047619 0.821428571428571 "Uqcrc2_noRT" "non-targeting_noRT"
"13265" "Lncpint" 5.14290031070392 -0.0270732145791351 -0.0319695707214186 0.974496317534319 NA 0.333333333333333 0.321428571428571 "Uqcrc2_noRT" "non-targeting_noRT"
"13266" "Sec31a" 22.8934184802078 -0.0125616116810872 -0.0317375839211203 0.974681322338762 0.994141314231648 0.761904761904762 0.839285714285714 "Uqcrc2_noRT" "non-targeting_noRT"
"13267" "Steap2" 4.39759960386799 0.0289568561296389 0.0316099016965602 0.97478314692501 NA 0.19047619047619 0.321428571428571 "Uqcrc2_noRT" "non-targeting_noRT"
"13268" "Bcl3" 2.03247139531187 -0.0438996089848314 -0.0314360952571919 0.974921755514626 NA 0.142857142857143 0.125 "Uqcrc2_noRT" "non-targeting_noRT"
"13269" "2310068J16Rik" 1.34664993732856 -0.0489819722591439 -0.0312513579804193 0.975069082148588 NA 0.0952380952380952 0.107142857142857 "Uqcrc2_noRT" "non-targeting_noRT"
"13270" "Snx7" 5.58472475334494 0.025132936531388 0.0312131162720905 0.975099579739135 NA 0.333333333333333 0.375 "Uqcrc2_noRT" "non-targeting_noRT"
"13271" "Chac2" 3.84810717089552 -0.0289286093759093 -0.0311309426584421 0.975165112949855 NA 0.19047619047619 0.339285714285714 "Uqcrc2_noRT" "non-targeting_noRT"
"13272" "Pstpip2" 1.14471449455165 0.0546120850977236 0.0311177855533052 0.975175605717369 NA 0.0952380952380952 0.0892857142857143 "Uqcrc2_noRT" "non-targeting_noRT"
"13273" "Med26" 3.86714221756366 -0.0287704680069017 -0.0310931905045143 0.975195220235748 NA 0.238095238095238 0.25 "Uqcrc2_noRT" "non-targeting_noRT"
"13274" "Ttc27" 3.88675900419843 -0.028948834476865 -0.0308883691681377 0.975358565557898 NA 0.238095238095238 0.375 "Uqcrc2_noRT" "non-targeting_noRT"
"13275" "Gpatch2l" 1.23951367979787 0.0548240621969131 0.030856486487035 0.975383992136895 NA 0.0952380952380952 0.125 "Uqcrc2_noRT" "non-targeting_noRT"
"13276" "Knop1" 31.3632958143437 -0.0106290867367394 -0.0305915021304281 0.975595319297129 0.99438468761966 0.80952380952381 0.910714285714286 "Uqcrc2_noRT" "non-targeting_noRT"
"13277" "Zfp326" 44.8720190495854 -0.00999760219238779 -0.0305754592397148 0.975608113686928 0.99438468761966 0.857142857142857 0.910714285714286 "Uqcrc2_noRT" "non-targeting_noRT"
"13278" "Proser1" 8.37565181254411 -0.0197488661051386 -0.0305054772971564 0.975663925164103 NA 0.476190476190476 0.482142857142857 "Uqcrc2_noRT" "non-targeting_noRT"
"13279" "Wipf2" 6.90052138129374 0.0235738119132424 0.0304188035205036 0.975733048753517 NA 0.428571428571429 0.482142857142857 "Uqcrc2_noRT" "non-targeting_noRT"
"13280" "Svip" 2.70122140118363 -0.0352006588263194 -0.0302984290408109 0.97582904944282 NA 0.19047619047619 0.285714285714286 "Uqcrc2_noRT" "non-targeting_noRT"
"13281" "Klf3" 15.8730577860481 -0.0140165794631288 -0.0302884003157694 0.975837047536964 0.99438468761966 0.619047619047619 0.732142857142857 "Uqcrc2_noRT" "non-targeting_noRT"
"13282" "Ptpa" 14.3528915342646 0.0148122238651627 0.0301920498314678 0.975913888958116 0.99438468761966 0.619047619047619 0.696428571428571 "Uqcrc2_noRT" "non-targeting_noRT"
"13283" "Hbp1" 12.6397245442413 -0.0156215709414834 -0.029931780642682 0.976121459910841 0.99438468761966 0.523809523809524 0.678571428571429 "Uqcrc2_noRT" "non-targeting_noRT"
"13284" "Rdh13" 1.90405097359964 0.0448035442945099 0.0296632573988065 0.976335615366124 NA 0.142857142857143 0.178571428571429 "Uqcrc2_noRT" "non-targeting_noRT"
"13285" "Slc37a1" 2.53051817406514 0.0338805449239301 0.0294799345133101 0.976481821924617 NA 0.19047619047619 0.196428571428571 "Uqcrc2_noRT" "non-targeting_noRT"
"13286" "Gm43560" 0.667225389803405 0.0668900693963337 0.029392021709204 0.976551935811078 NA 0.0476190476190476 0.0714285714285714 "Uqcrc2_noRT" "non-targeting_noRT"
"13287" "Mlip" 0.667225389803405 0.0668900693963337 0.029392021709204 0.976551935811078 NA 0.0476190476190476 0.0714285714285714 "Uqcrc2_noRT" "non-targeting_noRT"
"13288" "Commd5" 0.667225389803405 0.0668900693963337 0.029392021709204 0.976551935811078 NA 0.0476190476190476 0.0535714285714286 "Uqcrc2_noRT" "non-targeting_noRT"
"13289" "Zfp169" 0.606348504948707 0.0677537412708551 0.0290192407485785 0.976849245157547 NA 0.0476190476190476 0.0714285714285714 "Uqcrc2_noRT" "non-targeting_noRT"
"13290" "Phrf1" 9.01986359967818 0.0182163680885173 0.0286171926316069 0.977169899962728 NA 0.380952380952381 0.482142857142857 "Uqcrc2_noRT" "non-targeting_noRT"
"13291" "Acvr2b" 2.59087823807845 0.0354885842403054 0.0284440067967013 0.97730802603796 NA 0.142857142857143 0.196428571428571 "Uqcrc2_noRT" "non-targeting_noRT"
"13292" "Cggbp1" 52.8731310283212 -0.00793423308427491 -0.0284100533799581 0.977335106001148 0.994896032400167 0.952380952380952 0.982142857142857 "Uqcrc2_noRT" "non-targeting_noRT"
"13293" "Uqcc1" 7.3723332301132 0.0195849704672098 0.0283980700159191 0.977344663486078 NA 0.428571428571429 0.517857142857143 "Uqcrc2_noRT" "non-targeting_noRT"
"13294" "Ppox" 4.4621723799513 0.0243786104588504 0.0283815208114535 0.977357862520661 NA 0.333333333333333 0.375 "Uqcrc2_noRT" "non-targeting_noRT"
"13295" "Anapc1" 10.7175213278657 -0.0160016239091979 -0.0283254942155212 0.977402547311404 NA 0.619047619047619 0.660714285714286 "Uqcrc2_noRT" "non-targeting_noRT"
"13296" "H2-Eb1" 271.460129333645 -0.00477696092556227 -0.0282918038298123 0.977429417581206 0.994896032400167 1 0.982142857142857 "Uqcrc2_noRT" "non-targeting_noRT"
"13297" "Ppip5k2" 6.70663245637815 0.020221840582442 0.0278965648270545 0.977744648249598 NA 0.428571428571429 0.464285714285714 "Uqcrc2_noRT" "non-targeting_noRT"
"13298" "Rhou" 5.14843281642284 0.0237620923379728 0.0278730161939189 0.977763430036987 NA 0.238095238095238 0.375 "Uqcrc2_noRT" "non-targeting_noRT"
"13299" "AC168977.2" 2.04671198994337 -0.0384035668722528 -0.0278173104415959 0.977807859569081 NA 0.0952380952380952 0.178571428571429 "Uqcrc2_noRT" "non-targeting_noRT"
"13300" "Ppme1" 8.29298686589439 -0.0181146391946036 -0.0277907244673821 0.977829063909705 NA 0.428571428571429 0.535714285714286 "Uqcrc2_noRT" "non-targeting_noRT"
"13301" "Hdhd3" 1.32913950672879 -0.0465527867736537 -0.0277665224247494 0.977848366896831 NA 0.0952380952380952 0.142857142857143 "Uqcrc2_noRT" "non-targeting_noRT"
"13302" "Qrsl1" 3.2952308451164 0.0292981050130057 0.0275587786651973 0.978014059027102 NA 0.19047619047619 0.285714285714286 "Uqcrc2_noRT" "non-targeting_noRT"
"13303" "Gm16062" 3.31637224781953 0.0296722112318081 0.0275494967329268 0.978021462126692 NA 0.142857142857143 0.285714285714286 "Uqcrc2_noRT" "non-targeting_noRT"
"13304" "Acadm" 19.6296798532744 0.0121071852974759 0.0275214549182487 0.978043827777227 0.994896032400167 0.571428571428571 0.75 "Uqcrc2_noRT" "non-targeting_noRT"
"13305" "Mllt6" 3.78564075084721 -0.0261074609064674 -0.0274303378191577 0.978116501267101 NA 0.285714285714286 0.267857142857143 "Uqcrc2_noRT" "non-targeting_noRT"
"13306" "Ccdc146" 1.34454358129356 -0.0438771600398542 -0.0274187576069044 0.978125737465717 NA 0.0952380952380952 0.125 "Uqcrc2_noRT" "non-targeting_noRT"
"13307" "Tfeb" 1.34454358129356 -0.0438771600398542 -0.0274187576069044 0.978125737465717 NA 0.0952380952380952 0.125 "Uqcrc2_noRT" "non-targeting_noRT"
"13308" "Naf1" 23.4552595489705 0.0113465670201613 0.0274091756592717 0.97813337988152 0.994896032400167 0.714285714285714 0.821428571428571 "Uqcrc2_noRT" "non-targeting_noRT"
"13309" "Tbp" 4.86737200450916 -0.0242304023029019 -0.0271264191820055 0.978358903050926 NA 0.333333333333333 0.321428571428571 "Uqcrc2_noRT" "non-targeting_noRT"
"13310" "Zbtb1" 16.1280428399278 0.0132587580946105 0.0271069647855435 0.978374419707638 0.994896032400167 0.571428571428571 0.678571428571429 "Uqcrc2_noRT" "non-targeting_noRT"
"13311" "Btbd2" 12.1494593887203 -0.0142811953778854 -0.0266333674715444 0.978752159299277 NA 0.523809523809524 0.625 "Uqcrc2_noRT" "non-targeting_noRT"
"13312" "Zswim3" 0.669331745838403 0.0600585856231342 0.0264035284645652 0.978935479824608 NA 0.0476190476190476 0.0714285714285714 "Uqcrc2_noRT" "non-targeting_noRT"
"13313" "Gimap9" 0.669331745838403 0.0600585856231342 0.0264035284645652 0.978935479824608 NA 0.0476190476190476 0.0714285714285714 "Uqcrc2_noRT" "non-targeting_noRT"
"13314" "Apoc1" 0.669331745838403 0.0600585856231342 0.0264035284645652 0.978935479824608 NA 0.0476190476190476 0.0535714285714286 "Uqcrc2_noRT" "non-targeting_noRT"
"13315" "Per3" 0.656615767275263 0.0602054722812092 0.0263340333567739 0.978990909624285 NA 0.0476190476190476 0.0714285714285714 "Uqcrc2_noRT" "non-targeting_noRT"
"13316" "Angpt2" 0.656615767275263 0.0602054722812092 0.0263340333567739 0.978990909624285 NA 0.0476190476190476 0.0535714285714286 "Uqcrc2_noRT" "non-targeting_noRT"
"13317" "Xrcc3" 0.656615767275263 0.0602054722812092 0.0263340333567739 0.978990909624285 NA 0.0476190476190476 0.0714285714285714 "Uqcrc2_noRT" "non-targeting_noRT"
"13318" "Gm41442" 0.656615767275263 0.0602054722812092 0.0263340333567739 0.978990909624285 NA 0.0476190476190476 0.0714285714285714 "Uqcrc2_noRT" "non-targeting_noRT"
"13319" "Frs2" 3.11151455297218 -0.0272398587643499 -0.0263212811701168 0.979001080871447 NA 0.238095238095238 0.285714285714286 "Uqcrc2_noRT" "non-targeting_noRT"
"13320" "Tsr3" 23.8683588314719 0.0121060501971616 0.026284541808309 0.979030384502494 0.994896032400167 0.857142857142857 0.892857142857143 "Uqcrc2_noRT" "non-targeting_noRT"
"13321" "Vgll4" 20.3502404223262 -0.0121378014149224 -0.0262182195389732 0.979083283786711 0.994896032400167 0.666666666666667 0.839285714285714 "Uqcrc2_noRT" "non-targeting_noRT"
"13322" "Prtg" 2.5543476727699 0.0297554616479252 0.0261214949970057 0.979160432382794 NA 0.19047619047619 0.25 "Uqcrc2_noRT" "non-targeting_noRT"
"13323" "Lurap1" 0.608454860983705 0.0607753821064971 0.0260463189075207 0.979220393822464 NA 0.0476190476190476 0.0714285714285714 "Uqcrc2_noRT" "non-targeting_noRT"
"13324" "Tm6sf1" 0.608454860983705 0.0607753821064971 0.0260463189075207 0.979220393822464 NA 0.0476190476190476 0.0357142857142857 "Uqcrc2_noRT" "non-targeting_noRT"
"13325" "Gpt" 0.608454860983705 0.0607753821064971 0.0260463189075207 0.979220393822464 NA 0.0476190476190476 0.0535714285714286 "Uqcrc2_noRT" "non-targeting_noRT"
"13326" "Gm4221" 0.608454860983705 0.0607753821064971 0.0260463189075207 0.979220393822464 NA 0.0476190476190476 0.0714285714285714 "Uqcrc2_noRT" "non-targeting_noRT"
"13327" "Tsc22d3" 5.30961205859331 -0.0222387921607117 -0.0257766157218811 0.979435513601355 NA 0.333333333333333 0.321428571428571 "Uqcrc2_noRT" "non-targeting_noRT"
"13328" "Eef1akmt2" 13.4875262284711 -0.013073341371446 -0.02552389328253 0.979637090610097 0.994896032400167 0.619047619047619 0.696428571428571 "Uqcrc2_noRT" "non-targeting_noRT"
"13329" "Lrp6" 29.4065349517546 0.00965062917746865 0.0254553409423146 0.979691769698001 0.994896032400167 0.904761904761905 0.875 "Uqcrc2_noRT" "non-targeting_noRT"
"13330" "Glce" 8.45275065673048 0.0195052074211961 0.0253799186264833 0.979751928563194 NA 0.238095238095238 0.464285714285714 "Uqcrc2_noRT" "non-targeting_noRT"
"13331" "Fam174a" 18.5807703504645 0.0111022538614363 0.0253404749209227 0.979783389968215 0.994896032400167 0.571428571428571 0.821428571428571 "Uqcrc2_noRT" "non-targeting_noRT"
"13332" "Hmgb3" 47.8431986314389 0.00705892683361825 0.02517387963509 0.979916271383581 0.994896032400167 0.80952380952381 0.910714285714286 "Uqcrc2_noRT" "non-targeting_noRT"
"13333" "Sdf4" 49.9492677370843 0.00706964620179533 0.025044939843953 0.980019118025519 0.994896032400167 0.952380952380952 0.964285714285714 "Uqcrc2_noRT" "non-targeting_noRT"
"13334" "Sh3kbp1" 52.0320471983266 -0.00706282236690524 -0.0248475899854853 0.980176531442336 0.994896032400167 0.857142857142857 0.875 "Uqcrc2_noRT" "non-targeting_noRT"
"13335" "Larp4" 72.0769500152003 -0.00589787416009552 -0.0248029398643395 0.980212146108394 0.994896032400167 0.952380952380952 0.964285714285714 "Uqcrc2_noRT" "non-targeting_noRT"
"13336" "Slc30a1" 1.92808330599238 -0.0359886205068538 -0.0247532775383777 0.980251758749478 NA 0.142857142857143 0.160714285714286 "Uqcrc2_noRT" "non-targeting_noRT"
"13337" "Nans" 41.4931625663852 0.00753337892272049 0.0246971029401508 0.980296565895925 0.994896032400167 0.952380952380952 0.946428571428571 "Uqcrc2_noRT" "non-targeting_noRT"
"13338" "Alkbh1" 15.3731770863331 0.0127926410016432 0.0242844982824979 0.980625678064219 0.994896032400167 0.619047619047619 0.678571428571429 "Uqcrc2_noRT" "non-targeting_noRT"
"13339" "Hdac2" 30.7898906575297 0.00870352984873169 0.0241778958150906 0.980710709560242 0.994896032400167 0.761904761904762 0.910714285714286 "Uqcrc2_noRT" "non-targeting_noRT"
"13340" "Prkaca" 9.42317810104194 0.014339730889775 0.0240941282357645 0.980777526953489 NA 0.428571428571429 0.625 "Uqcrc2_noRT" "non-targeting_noRT"
"13341" "Cln5" 4.43324935401585 -0.0214941129278011 -0.0240470020973845 0.980815117280363 NA 0.285714285714286 0.339285714285714 "Uqcrc2_noRT" "non-targeting_noRT"
"13342" "Gm15247" 1.32492679465879 -0.0399228888932233 -0.0238125652783474 0.981002117249341 NA 0.0952380952380952 0.0892857142857143 "Uqcrc2_noRT" "non-targeting_noRT"
"13343" "Fam210b" 23.3388486601521 -0.0109406913681654 -0.023726828262586 0.981070506167938 0.995017096696796 0.619047619047619 0.696428571428571 "Uqcrc2_noRT" "non-targeting_noRT"
"13344" "Vps39" 2.51046439767359 -0.0279400381683876 -0.0237252881997157 0.981071734614515 NA 0.142857142857143 0.214285714285714 "Uqcrc2_noRT" "non-targeting_noRT"
"13345" "Hist2h2aa1" 1.22679770123473 0.0421242148084264 0.0236459589453272 0.981135012449595 NA 0.0952380952380952 0.0714285714285714 "Uqcrc2_noRT" "non-targeting_noRT"
"13346" "Lasp1" 5.53852744160998 0.0197575565517055 0.0236395173482627 0.981140150664162 NA 0.333333333333333 0.357142857142857 "Uqcrc2_noRT" "non-targeting_noRT"
"13347" "Setd1a" 7.01237225977646 0.0166264683249 0.0235729656867829 0.981193236414141 NA 0.428571428571429 0.446428571428571 "Uqcrc2_noRT" "non-targeting_noRT"
"13348" "D330050I16Rik" 2.02019439523696 -0.0322110853039117 -0.0235299793699954 0.981227525021848 NA 0.0952380952380952 0.178571428571429 "Uqcrc2_noRT" "non-targeting_noRT"
"13349" "Rnf31" 3.18248423951363 -0.0239327368923922 -0.0233983022762966 0.98133255922374 NA 0.238095238095238 0.267857142857143 "Uqcrc2_noRT" "non-targeting_noRT"
"13350" "Mcub" 16.5838073035442 -0.0111839668479141 -0.0231499860955683 0.981530633215833 0.995069343769004 0.714285714285714 0.767857142857143 "Uqcrc2_noRT" "non-targeting_noRT"
"13351" "Macrod2" 6.97647058341622 -0.0165785665666359 -0.0230335667155795 0.981623497679286 NA 0.238095238095238 0.5 "Uqcrc2_noRT" "non-targeting_noRT"
"13352" "Mkks" 2.53952533817177 0.0260813020326492 0.0230082554457633 0.981643687799975 NA 0.19047619047619 0.25 "Uqcrc2_noRT" "non-targeting_noRT"
"13353" "Nol10" 6.993981014016 -0.0160318708363544 -0.0229985670730209 0.981651415958031 NA 0.380952380952381 0.517857142857143 "Uqcrc2_noRT" "non-targeting_noRT"
"13354" "Zfp438" 1.89612944707313 0.0301300748754123 0.0228338147897316 0.981782834749137 NA 0.142857142857143 0.178571428571429 "Uqcrc2_noRT" "non-targeting_noRT"
"13355" "Mosmo" 29.2995535094775 0.00826283482839328 0.0228008902951055 0.981809097857479 0.995069343769004 0.761904761904762 0.892857142857143 "Uqcrc2_noRT" "non-targeting_noRT"
"13356" "Rmc1" 4.92228896866249 0.0207089050830738 0.0227482753232573 0.981851067645288 NA 0.333333333333333 0.357142857142857 "Uqcrc2_noRT" "non-targeting_noRT"
"13357" "Tkfc" 4.30228558651185 -0.021522424025342 -0.0226103756326207 0.981961067386379 NA 0.285714285714286 0.357142857142857 "Uqcrc2_noRT" "non-targeting_noRT"
"13358" "Atp5c1" 226.619332317537 0.00359222811696718 0.0225033219379797 0.98204646214879 0.995069343769004 0.952380952380952 1 "Uqcrc2_noRT" "non-targeting_noRT"
"13359" "Ap1s3" 1.15372165865828 0.0391711807937461 0.022491182555177 0.98205614552409 NA 0.0952380952380952 0.0892857142857143 "Uqcrc2_noRT" "non-targeting_noRT"
"13360" "Lrrfip2" 14.4273959514033 -0.0113203476816393 -0.0224563821024913 0.982083905256794 0.995069343769004 0.714285714285714 0.642857142857143 "Uqcrc2_noRT" "non-targeting_noRT"
"13361" "Mrpl48" 30.2822043841265 -0.00814459627585394 -0.0217208520038063 0.982670630202252 0.995176760679124 0.80952380952381 0.910714285714286 "Uqcrc2_noRT" "non-targeting_noRT"
"13362" "H2-T22" 110.496845923555 -0.00476344564202356 -0.0217204956253832 0.982670914484026 0.995176760679124 1 1 "Uqcrc2_noRT" "non-targeting_noRT"
"13363" "Deaf1" 4.85343048507171 0.019329125568085 0.0216334676504076 0.982740336449282 NA 0.238095238095238 0.410714285714286 "Uqcrc2_noRT" "non-targeting_noRT"
"13364" "Rtel1" 3.94872152663325 -0.0206658492360566 -0.0215980010129658 0.982768628121447 NA 0.19047619047619 0.303571428571429 "Uqcrc2_noRT" "non-targeting_noRT"
"13365" "Zfp692" 1.87651266043836 0.0300723207558153 0.021520642638237 0.982830336831371 NA 0.142857142857143 0.178571428571429 "Uqcrc2_noRT" "non-targeting_noRT"
"13366" "Pkhd1" 0.165092879046423 0.085337820955301 0.0214805221580665 0.982862340944862 NA 0 0.0357142857142857 "Uqcrc2_noRT" "non-targeting_noRT"
"13367" "Gm28151" 0.165092879046423 0.085337820955301 0.0214805221580665 0.982862340944862 NA 0 0.0357142857142857 "Uqcrc2_noRT" "non-targeting_noRT"
"13368" "Cxcr2" 0.165092879046423 0.085337820955301 0.0214805221580665 0.982862340944862 NA 0 0.0357142857142857 "Uqcrc2_noRT" "non-targeting_noRT"
"13369" "Gm10138" 0.165092879046423 0.085337820955301 0.0214805221580665 0.982862340944862 NA 0 0.0357142857142857 "Uqcrc2_noRT" "non-targeting_noRT"
"13370" "Fcgr2b" 0.165092879046423 0.085337820955301 0.0214805221580665 0.982862340944862 NA 0 0.0357142857142857 "Uqcrc2_noRT" "non-targeting_noRT"
"13371" "1700047M11Rik" 0.165092879046423 0.085337820955301 0.0214805221580665 0.982862340944862 NA 0 0.0357142857142857 "Uqcrc2_noRT" "non-targeting_noRT"
"13372" "Noxa1" 0.165092879046423 0.085337820955301 0.0214805221580665 0.982862340944862 NA 0 0.0357142857142857 "Uqcrc2_noRT" "non-targeting_noRT"
"13373" "Pde1a" 0.165092879046423 0.085337820955301 0.0214805221580665 0.982862340944862 NA 0 0.0357142857142857 "Uqcrc2_noRT" "non-targeting_noRT"
"13374" "Slc1a2" 0.165092879046423 0.085337820955301 0.0214805221580665 0.982862340944862 NA 0 0.0357142857142857 "Uqcrc2_noRT" "non-targeting_noRT"
"13375" "Duoxa1" 0.165092879046423 0.085337820955301 0.0214805221580665 0.982862340944862 NA 0 0.0357142857142857 "Uqcrc2_noRT" "non-targeting_noRT"
"13376" "Dusp15" 0.165092879046423 0.085337820955301 0.0214805221580665 0.982862340944862 NA 0 0.0357142857142857 "Uqcrc2_noRT" "non-targeting_noRT"
"13377" "Tspyl3" 0.165092879046423 0.085337820955301 0.0214805221580665 0.982862340944862 NA 0 0.0357142857142857 "Uqcrc2_noRT" "non-targeting_noRT"
"13378" "Snhg11" 0.165092879046423 0.085337820955301 0.0214805221580665 0.982862340944862 NA 0 0.0357142857142857 "Uqcrc2_noRT" "non-targeting_noRT"
"13379" "Zfp971" 0.165092879046423 0.085337820955301 0.0214805221580665 0.982862340944862 NA 0 0.0357142857142857 "Uqcrc2_noRT" "non-targeting_noRT"
"13380" "Gm42937" 0.165092879046423 0.085337820955301 0.0214805221580665 0.982862340944862 NA 0 0.0357142857142857 "Uqcrc2_noRT" "non-targeting_noRT"
"13381" "Gm43063" 0.165092879046423 0.085337820955301 0.0214805221580665 0.982862340944862 NA 0 0.0357142857142857 "Uqcrc2_noRT" "non-targeting_noRT"
"13382" "Chil3" 0.165092879046423 0.085337820955301 0.0214805221580665 0.982862340944862 NA 0 0.0357142857142857 "Uqcrc2_noRT" "non-targeting_noRT"
"13383" "Rrh" 0.165092879046423 0.085337820955301 0.0214805221580665 0.982862340944862 NA 0 0.0357142857142857 "Uqcrc2_noRT" "non-targeting_noRT"
"13384" "Gm43646" 0.165092879046423 0.085337820955301 0.0214805221580665 0.982862340944862 NA 0 0.0357142857142857 "Uqcrc2_noRT" "non-targeting_noRT"
"13385" "Cer1" 0.165092879046423 0.085337820955301 0.0214805221580665 0.982862340944862 NA 0 0.0357142857142857 "Uqcrc2_noRT" "non-targeting_noRT"
"13386" "C530005A16Rik" 0.165092879046423 0.085337820955301 0.0214805221580665 0.982862340944862 NA 0 0.0357142857142857 "Uqcrc2_noRT" "non-targeting_noRT"
"13387" "Zswim5" 0.165092879046423 0.085337820955301 0.0214805221580665 0.982862340944862 NA 0 0.0357142857142857 "Uqcrc2_noRT" "non-targeting_noRT"
"13388" "Zbtb8a" 0.165092879046423 0.085337820955301 0.0214805221580665 0.982862340944862 NA 0 0.0357142857142857 "Uqcrc2_noRT" "non-targeting_noRT"
"13389" "Alpl" 0.165092879046423 0.085337820955301 0.0214805221580665 0.982862340944862 NA 0 0.0357142857142857 "Uqcrc2_noRT" "non-targeting_noRT"
"13390" "Padi4" 0.165092879046423 0.085337820955301 0.0214805221580665 0.982862340944862 NA 0 0.0357142857142857 "Uqcrc2_noRT" "non-targeting_noRT"
"13391" "Padi2" 0.165092879046423 0.085337820955301 0.0214805221580665 0.982862340944862 NA 0 0.0357142857142857 "Uqcrc2_noRT" "non-targeting_noRT"
"13392" "Rnf223" 0.165092879046423 0.085337820955301 0.0214805221580665 0.982862340944862 NA 0 0.0357142857142857 "Uqcrc2_noRT" "non-targeting_noRT"
"13393" "Gm9970" 0.165092879046423 0.085337820955301 0.0214805221580665 0.982862340944862 NA 0 0.0357142857142857 "Uqcrc2_noRT" "non-targeting_noRT"
"13394" "Gm42918" 0.165092879046423 0.085337820955301 0.0214805221580665 0.982862340944862 NA 0 0.0357142857142857 "Uqcrc2_noRT" "non-targeting_noRT"
"13395" "Adam1a" 0.165092879046423 0.085337820955301 0.0214805221580665 0.982862340944862 NA 0 0.0357142857142857 "Uqcrc2_noRT" "non-targeting_noRT"
"13396" "Klrg2" 0.165092879046423 0.085337820955301 0.0214805221580665 0.982862340944862 NA 0 0.0357142857142857 "Uqcrc2_noRT" "non-targeting_noRT"
"13397" "Tmem139" 0.165092879046423 0.085337820955301 0.0214805221580665 0.982862340944862 NA 0 0.0357142857142857 "Uqcrc2_noRT" "non-targeting_noRT"
"13398" "Slco1a5" 0.165092879046423 0.085337820955301 0.0214805221580665 0.982862340944862 NA 0 0.0357142857142857 "Uqcrc2_noRT" "non-targeting_noRT"
"13399" "Tmem150b" 0.165092879046423 0.085337820955301 0.0214805221580665 0.982862340944862 NA 0 0.0357142857142857 "Uqcrc2_noRT" "non-targeting_noRT"
"13400" "Upk1a" 0.165092879046423 0.085337820955301 0.0214805221580665 0.982862340944862 NA 0 0.0357142857142857 "Uqcrc2_noRT" "non-targeting_noRT"
"13401" "Gm12784" 0.165092879046423 0.085337820955301 0.0214805221580665 0.982862340944862 NA 0 0.0357142857142857 "Uqcrc2_noRT" "non-targeting_noRT"
"13402" "Cebpa" 0.165092879046423 0.085337820955301 0.0214805221580665 0.982862340944862 NA 0 0.0357142857142857 "Uqcrc2_noRT" "non-targeting_noRT"
"13403" "Napsa" 0.165092879046423 0.085337820955301 0.0214805221580665 0.982862340944862 NA 0 0.0357142857142857 "Uqcrc2_noRT" "non-targeting_noRT"
"13404" "Mkrn3" 0.165092879046423 0.085337820955301 0.0214805221580665 0.982862340944862 NA 0 0.0357142857142857 "Uqcrc2_noRT" "non-targeting_noRT"
"13405" "Synm" 0.165092879046423 0.085337820955301 0.0214805221580665 0.982862340944862 NA 0 0.0357142857142857 "Uqcrc2_noRT" "non-targeting_noRT"
"13406" "Cpeb1" 0.165092879046423 0.085337820955301 0.0214805221580665 0.982862340944862 NA 0 0.0357142857142857 "Uqcrc2_noRT" "non-targeting_noRT"
"13407" "Pdzd9" 0.165092879046423 0.085337820955301 0.0214805221580665 0.982862340944862 NA 0 0.0357142857142857 "Uqcrc2_noRT" "non-targeting_noRT"
"13408" "Shcbp1" 0.165092879046423 0.085337820955301 0.0214805221580665 0.982862340944862 NA 0 0.0357142857142857 "Uqcrc2_noRT" "non-targeting_noRT"
"13409" "Tex15" 0.165092879046423 0.085337820955301 0.0214805221580665 0.982862340944862 NA 0 0.0357142857142857 "Uqcrc2_noRT" "non-targeting_noRT"
"13410" "Gm26586" 0.165092879046423 0.085337820955301 0.0214805221580665 0.982862340944862 NA 0 0.0357142857142857 "Uqcrc2_noRT" "non-targeting_noRT"
"13411" "Ptger1" 0.165092879046423 0.085337820955301 0.0214805221580665 0.982862340944862 NA 0 0.0357142857142857 "Uqcrc2_noRT" "non-targeting_noRT"
"13412" "Ces1a" 0.165092879046423 0.085337820955301 0.0214805221580665 0.982862340944862 NA 0 0.0357142857142857 "Uqcrc2_noRT" "non-targeting_noRT"
"13413" "Elmo3" 0.165092879046423 0.085337820955301 0.0214805221580665 0.982862340944862 NA 0 0.0357142857142857 "Uqcrc2_noRT" "non-targeting_noRT"
"13414" "Tbc1d2b" 0.165092879046423 0.085337820955301 0.0214805221580665 0.982862340944862 NA 0 0.0357142857142857 "Uqcrc2_noRT" "non-targeting_noRT"
"13415" "Gm21781" 0.165092879046423 0.085337820955301 0.0214805221580665 0.982862340944862 NA 0 0.0357142857142857 "Uqcrc2_noRT" "non-targeting_noRT"
"13416" "Pald1" 0.165092879046423 0.085337820955301 0.0214805221580665 0.982862340944862 NA 0 0.0357142857142857 "Uqcrc2_noRT" "non-targeting_noRT"
"13417" "Tet1" 0.165092879046423 0.085337820955301 0.0214805221580665 0.982862340944862 NA 0 0.0357142857142857 "Uqcrc2_noRT" "non-targeting_noRT"
"13418" "Pcbp3" 0.165092879046423 0.085337820955301 0.0214805221580665 0.982862340944862 NA 0 0.0357142857142857 "Uqcrc2_noRT" "non-targeting_noRT"
"13419" "Nxph4" 0.165092879046423 0.085337820955301 0.0214805221580665 0.982862340944862 NA 0 0.0357142857142857 "Uqcrc2_noRT" "non-targeting_noRT"
"13420" "Osbp2" 0.165092879046423 0.085337820955301 0.0214805221580665 0.982862340944862 NA 0 0.0357142857142857 "Uqcrc2_noRT" "non-targeting_noRT"
"13421" "Ccl2" 0.165092879046423 0.085337820955301 0.0214805221580665 0.982862340944862 NA 0 0.0357142857142857 "Uqcrc2_noRT" "non-targeting_noRT"
"13422" "Krt24" 0.165092879046423 0.085337820955301 0.0214805221580665 0.982862340944862 NA 0 0.0357142857142857 "Uqcrc2_noRT" "non-targeting_noRT"
"13423" "Slc16a6" 0.165092879046423 0.085337820955301 0.0214805221580665 0.982862340944862 NA 0 0.0357142857142857 "Uqcrc2_noRT" "non-targeting_noRT"
"13424" "Npb" 0.165092879046423 0.085337820955301 0.0214805221580665 0.982862340944862 NA 0 0.0357142857142857 "Uqcrc2_noRT" "non-targeting_noRT"
"13425" "Gm17056" 0.165092879046423 0.085337820955301 0.0214805221580665 0.982862340944862 NA 0 0.0357142857142857 "Uqcrc2_noRT" "non-targeting_noRT"
"13426" "Dock4" 0.165092879046423 0.085337820955301 0.0214805221580665 0.982862340944862 NA 0 0.0357142857142857 "Uqcrc2_noRT" "non-targeting_noRT"
"13427" "Egln3" 0.165092879046423 0.085337820955301 0.0214805221580665 0.982862340944862 NA 0 0.0357142857142857 "Uqcrc2_noRT" "non-targeting_noRT"
"13428" "Gm47689" 0.165092879046423 0.085337820955301 0.0214805221580665 0.982862340944862 NA 0 0.0357142857142857 "Uqcrc2_noRT" "non-targeting_noRT"
"13429" "Plek2" 0.165092879046423 0.085337820955301 0.0214805221580665 0.982862340944862 NA 0 0.0357142857142857 "Uqcrc2_noRT" "non-targeting_noRT"
"13430" "Prox2" 0.165092879046423 0.085337820955301 0.0214805221580665 0.982862340944862 NA 0 0.0357142857142857 "Uqcrc2_noRT" "non-targeting_noRT"
"13431" "Tmem179" 0.165092879046423 0.085337820955301 0.0214805221580665 0.982862340944862 NA 0 0.0357142857142857 "Uqcrc2_noRT" "non-targeting_noRT"
"13432" "Cmah" 0.165092879046423 0.085337820955301 0.0214805221580665 0.982862340944862 NA 0 0.0357142857142857 "Uqcrc2_noRT" "non-targeting_noRT"
"13433" "Dok3" 0.165092879046423 0.085337820955301 0.0214805221580665 0.982862340944862 NA 0 0.0357142857142857 "Uqcrc2_noRT" "non-targeting_noRT"
"13434" "Adcy2" 0.165092879046423 0.085337820955301 0.0214805221580665 0.982862340944862 NA 0 0.0357142857142857 "Uqcrc2_noRT" "non-targeting_noRT"
"13435" "Slc6a19" 0.165092879046423 0.085337820955301 0.0214805221580665 0.982862340944862 NA 0 0.0357142857142857 "Uqcrc2_noRT" "non-targeting_noRT"
"13436" "Pou5f2" 0.165092879046423 0.085337820955301 0.0214805221580665 0.982862340944862 NA 0 0.0357142857142857 "Uqcrc2_noRT" "non-targeting_noRT"
"13437" "Dnah1" 0.165092879046423 0.085337820955301 0.0214805221580665 0.982862340944862 NA 0 0.0357142857142857 "Uqcrc2_noRT" "non-targeting_noRT"
"13438" "2610035F20Rik" 0.165092879046423 0.085337820955301 0.0214805221580665 0.982862340944862 NA 0 0.0357142857142857 "Uqcrc2_noRT" "non-targeting_noRT"
"13439" "Rims2" 0.165092879046423 0.085337820955301 0.0214805221580665 0.982862340944862 NA 0 0.0357142857142857 "Uqcrc2_noRT" "non-targeting_noRT"
"13440" "Angpt1" 0.165092879046423 0.085337820955301 0.0214805221580665 0.982862340944862 NA 0 0.0357142857142857 "Uqcrc2_noRT" "non-targeting_noRT"
"13441" "Gm30159" 0.165092879046423 0.085337820955301 0.0214805221580665 0.982862340944862 NA 0 0.0357142857142857 "Uqcrc2_noRT" "non-targeting_noRT"
"13442" "Apol11b" 0.165092879046423 0.085337820955301 0.0214805221580665 0.982862340944862 NA 0 0.0357142857142857 "Uqcrc2_noRT" "non-targeting_noRT"
"13443" "Il2rb" 0.165092879046423 0.085337820955301 0.0214805221580665 0.982862340944862 NA 0 0.0357142857142857 "Uqcrc2_noRT" "non-targeting_noRT"
"13444" "Parvg" 0.165092879046423 0.085337820955301 0.0214805221580665 0.982862340944862 NA 0 0.0357142857142857 "Uqcrc2_noRT" "non-targeting_noRT"
"13445" "Mapk8ip2" 0.165092879046423 0.085337820955301 0.0214805221580665 0.982862340944862 NA 0 0.0357142857142857 "Uqcrc2_noRT" "non-targeting_noRT"
"13446" "Abcd2" 0.165092879046423 0.085337820955301 0.0214805221580665 0.982862340944862 NA 0 0.0357142857142857 "Uqcrc2_noRT" "non-targeting_noRT"
"13447" "6330415G19Rik" 0.165092879046423 0.085337820955301 0.0214805221580665 0.982862340944862 NA 0 0.0357142857142857 "Uqcrc2_noRT" "non-targeting_noRT"
"13448" "Rhbdl1" 0.165092879046423 0.085337820955301 0.0214805221580665 0.982862340944862 NA 0 0.0357142857142857 "Uqcrc2_noRT" "non-targeting_noRT"
"13449" "1700022N22Rik" 0.165092879046423 0.085337820955301 0.0214805221580665 0.982862340944862 NA 0 0.0357142857142857 "Uqcrc2_noRT" "non-targeting_noRT"
"13450" "Ly6g6d" 0.165092879046423 0.085337820955301 0.0214805221580665 0.982862340944862 NA 0 0.0357142857142857 "Uqcrc2_noRT" "non-targeting_noRT"
"13451" "Gm11131" 0.165092879046423 0.085337820955301 0.0214805221580665 0.982862340944862 NA 0 0.0357142857142857 "Uqcrc2_noRT" "non-targeting_noRT"
"13452" "Mtcl1" 0.165092879046423 0.085337820955301 0.0214805221580665 0.982862340944862 NA 0 0.0357142857142857 "Uqcrc2_noRT" "non-targeting_noRT"
"13453" "Garem1" 0.165092879046423 0.085337820955301 0.0214805221580665 0.982862340944862 NA 0 0.0357142857142857 "Uqcrc2_noRT" "non-targeting_noRT"
"13454" "E230025N22Rik" 0.165092879046423 0.085337820955301 0.0214805221580665 0.982862340944862 NA 0 0.0357142857142857 "Uqcrc2_noRT" "non-targeting_noRT"
"13455" "Pcdhb14" 0.165092879046423 0.085337820955301 0.0214805221580665 0.982862340944862 NA 0 0.0357142857142857 "Uqcrc2_noRT" "non-targeting_noRT"
"13456" "Pcdhga5" 0.165092879046423 0.085337820955301 0.0214805221580665 0.982862340944862 NA 0 0.0357142857142857 "Uqcrc2_noRT" "non-targeting_noRT"
"13457" "Pcdhgb4" 0.165092879046423 0.085337820955301 0.0214805221580665 0.982862340944862 NA 0 0.0357142857142857 "Uqcrc2_noRT" "non-targeting_noRT"
"13458" "Carns1" 0.165092879046423 0.085337820955301 0.0214805221580665 0.982862340944862 NA 0 0.0357142857142857 "Uqcrc2_noRT" "non-targeting_noRT"
"13459" "A930001C03Rik" 0.165092879046423 0.085337820955301 0.0214805221580665 0.982862340944862 NA 0 0.0357142857142857 "Uqcrc2_noRT" "non-targeting_noRT"
"13460" "Rps6ka4" 0.165092879046423 0.085337820955301 0.0214805221580665 0.982862340944862 NA 0 0.0357142857142857 "Uqcrc2_noRT" "non-targeting_noRT"
"13461" "Gm36913" 0.165092879046423 0.085337820955301 0.0214805221580665 0.982862340944862 NA 0 0.0357142857142857 "Uqcrc2_noRT" "non-targeting_noRT"
"13462" "Ms4a15" 0.165092879046423 0.085337820955301 0.0214805221580665 0.982862340944862 NA 0 0.0357142857142857 "Uqcrc2_noRT" "non-targeting_noRT"
"13463" "2410080I02Rik" 0.165092879046423 0.085337820955301 0.0214805221580665 0.982862340944862 NA 0 0.0357142857142857 "Uqcrc2_noRT" "non-targeting_noRT"
"13464" "Pdzd7" 0.165092879046423 0.085337820955301 0.0214805221580665 0.982862340944862 NA 0 0.0357142857142857 "Uqcrc2_noRT" "non-targeting_noRT"
"13465" "Gm5934" 0.165092879046423 0.085337820955301 0.0214805221580665 0.982862340944862 NA 0 0.0357142857142857 "Uqcrc2_noRT" "non-targeting_noRT"
"13466" "Akap14" 0.165092879046423 0.085337820955301 0.0214805221580665 0.982862340944862 NA 0 0.0357142857142857 "Uqcrc2_noRT" "non-targeting_noRT"
"13467" "B230119M05Rik" 0.165092879046423 0.085337820955301 0.0214805221580665 0.982862340944862 NA 0 0.0357142857142857 "Uqcrc2_noRT" "non-targeting_noRT"
"13468" "Pfkfb1" 0.165092879046423 0.085337820955301 0.0214805221580665 0.982862340944862 NA 0 0.0357142857142857 "Uqcrc2_noRT" "non-targeting_noRT"
"13469" "Tcp11l2" 9.27470390293817 0.0136571569478129 0.020975664774416 0.983265068101323 NA 0.428571428571429 0.446428571428571 "Uqcrc2_noRT" "non-targeting_noRT"
"13470" "Sf3a2" 19.0245310427442 -0.00908998160730208 -0.0208722700454546 0.983347547102051 0.995271749104649 0.761904761904762 0.803571428571429 "Uqcrc2_noRT" "non-targeting_noRT"
"13471" "Celf4" 7.52109556891458 0.0146150314223374 0.020850754810444 0.983364710040803 NA 0.523809523809524 0.428571428571429 "Uqcrc2_noRT" "non-targeting_noRT"
"13472" "Vmn1r139" 1.33764277322193 -0.0332551113049287 -0.0207832320425478 0.983418573742692 NA 0.0952380952380952 0.107142857142857 "Uqcrc2_noRT" "non-targeting_noRT"
"13473" "Fmn2" 1.89881754307476 0.0271198639823754 0.0207175676043814 0.983470955105716 NA 0.142857142857143 0.142857142857143 "Uqcrc2_noRT" "non-targeting_noRT"
"13474" "Sgtb" 1.89881754307476 0.0271198639823754 0.0207175676043814 0.983470955105716 NA 0.142857142857143 0.178571428571429 "Uqcrc2_noRT" "non-targeting_noRT"
"13475" "Zfp638" 20.608886272228 0.00881006482848427 0.0205617883845707 0.983595222468433 0.995271749104649 0.714285714285714 0.767857142857143 "Uqcrc2_noRT" "non-targeting_noRT"
"13476" "Chfr" 5.19316757303048 -0.0168944014169887 -0.0205237204524057 0.983625589875496 NA 0.333333333333333 0.410714285714286 "Uqcrc2_noRT" "non-targeting_noRT"
"13477" "Lpar6" 4.36053929449016 -0.0184483780631893 -0.0204091699829706 0.983716968786249 NA 0.285714285714286 0.321428571428571 "Uqcrc2_noRT" "non-targeting_noRT"
"13478" "Yaf2" 55.9053705698424 0.00578273380729124 0.020395445131825 0.983727917354147 0.995271749104649 0.857142857142857 0.928571428571429 "Uqcrc2_noRT" "non-targeting_noRT"
"13479" "9930021J03Rik" 9.45238379174998 0.012100672943065 0.0203193932032475 0.98378858544129 NA 0.571428571428571 0.571428571428571 "Uqcrc2_noRT" "non-targeting_noRT"
"13480" "Cd82" 7.68800816176049 0.0163761360011361 0.0202999136746496 0.983804124651257 NA 0.238095238095238 0.5 "Uqcrc2_noRT" "non-targeting_noRT"
"13481" "Itih5" 11.6214634827931 0.0134626341545713 0.0200056191155278 0.984038890057514 NA 0.476190476190476 0.5 "Uqcrc2_noRT" "non-targeting_noRT"
"13482" "Taok2" 2.52528673227173 -0.0229441350941875 -0.0199937775435883 0.984048336375545 NA 0.19047619047619 0.232142857142857 "Uqcrc2_noRT" "non-targeting_noRT"
"13483" "Gss" 5.73466063712329 0.0158059568719968 0.0198574132239534 0.984157117763896 NA 0.333333333333333 0.392857142857143 "Uqcrc2_noRT" "non-targeting_noRT"
"13484" "Arid5a" 6.48033826150641 0.0150065701173896 0.019722786731454 0.984264513131003 NA 0.380952380952381 0.357142857142857 "Uqcrc2_noRT" "non-targeting_noRT"
"13485" "Mitf" 0.674126197875037 0.0437421356477108 0.0195229267621729 0.984423947615951 NA 0.0476190476190476 0.0357142857142857 "Uqcrc2_noRT" "non-targeting_noRT"
"13486" "Gm36371" 0.674126197875037 0.0437421356477108 0.0195229267621729 0.984423947615951 NA 0.0476190476190476 0.0714285714285714 "Uqcrc2_noRT" "non-targeting_noRT"
"13487" "Zfp697" 0.661410219311897 0.0438316841912354 0.0194637023052217 0.98447119291856 NA 0.0476190476190476 0.0714285714285714 "Uqcrc2_noRT" "non-targeting_noRT"
"13488" "Lipe" 0.661410219311897 0.0438316841912354 0.0194637023052217 0.98447119291856 NA 0.0476190476190476 0.0714285714285714 "Uqcrc2_noRT" "non-targeting_noRT"
"13489" "Slc25a29" 0.661410219311897 0.0438316841912354 0.0194637023052217 0.98447119291856 NA 0.0476190476190476 0.0714285714285714 "Uqcrc2_noRT" "non-targeting_noRT"
"13490" "Mroh2b" 0.661410219311897 0.0438316841912354 0.0194637023052217 0.98447119291856 NA 0.0476190476190476 0.0357142857142857 "Uqcrc2_noRT" "non-targeting_noRT"
"13491" "Lncppara" 0.661410219311897 0.0438316841912354 0.0194637023052217 0.98447119291856 NA 0.0476190476190476 0.0357142857142857 "Uqcrc2_noRT" "non-targeting_noRT"
"13492" "Nuak2" 0.613249313020338 0.0441791520335214 0.0192212133699586 0.984664634906022 NA 0.0476190476190476 0.0535714285714286 "Uqcrc2_noRT" "non-targeting_noRT"
"13493" "Lrrc61" 0.613249313020338 0.0441791520335214 0.0192212133699586 0.984664634906022 NA 0.0476190476190476 0.0714285714285714 "Uqcrc2_noRT" "non-targeting_noRT"
"13494" "Mindy4" 0.613249313020338 0.0441791520335214 0.0192212133699586 0.984664634906022 NA 0.0476190476190476 0.0714285714285714 "Uqcrc2_noRT" "non-targeting_noRT"
"13495" "Hist1h4f" 0.613249313020338 0.0441791520335214 0.0192212133699586 0.984664634906022 NA 0.0476190476190476 0.0714285714285714 "Uqcrc2_noRT" "non-targeting_noRT"
"13496" "Pramef8" 2.04191753790673 -0.0278638900002735 -0.019183341651047 0.984694846595378 NA 0.142857142857143 0.178571428571429 "Uqcrc2_noRT" "non-targeting_noRT"
"13497" "Map2" 13.146658342682 0.0107414730171743 0.019168783955736 0.984706459820296 0.995271749104649 0.571428571428571 0.660714285714286 "Uqcrc2_noRT" "non-targeting_noRT"
"13498" "Sncaip" 3.09981929286391 -0.0200456091403623 -0.0191165121911955 0.984748159013337 NA 0.238095238095238 0.303571428571429 "Uqcrc2_noRT" "non-targeting_noRT"
"13499" "Tmem43" 5.96219615428145 0.0167136662726175 0.0187787699149217 0.98501758999086 NA 0.380952380952381 0.428571428571429 "Uqcrc2_noRT" "non-targeting_noRT"
"13500" "Tex30" 27.1374865736364 -0.00736034660305579 -0.0186839042510626 0.985093268561805 0.995271749104649 0.904761904761905 0.821428571428571 "Uqcrc2_noRT" "non-targeting_noRT"
"13501" "Nelfa" 17.2035929400475 0.00866856957871672 0.0185511235283412 0.985199193891282 0.995271749104649 0.619047619047619 0.785714285714286 "Uqcrc2_noRT" "non-targeting_noRT"
"13502" "Fkbpl" 3.64297973450349 0.0177334848907369 0.018368606176077 0.985344796858102 NA 0.238095238095238 0.285714285714286 "Uqcrc2_noRT" "non-targeting_noRT"
"13503" "Txndc9" 77.5454268188354 0.0045222868846974 0.0183239850365861 0.985380393385224 0.995271749104649 0.952380952380952 0.982142857142857 "Uqcrc2_noRT" "non-targeting_noRT"
"13504" "Pigyl" 18.7081522835783 -0.00805628209590648 -0.0182278543353111 0.985457081779175 0.995271749104649 0.761904761904762 0.857142857142857 "Uqcrc2_noRT" "non-targeting_noRT"
"13505" "Trp53bp1" 1.82363514446332 0.0250306371598632 0.0179230224517033 0.985700262702345 NA 0.142857142857143 0.160714285714286 "Uqcrc2_noRT" "non-targeting_noRT"
"13506" "Vhl" 3.95874742046329 0.0174184056613049 0.0178718794354922 0.985741062390393 NA 0.19047619047619 0.321428571428571 "Uqcrc2_noRT" "non-targeting_noRT"
"13507" "Zfp952" 1.82574150049831 0.0239747033710376 0.0176701390368218 0.98590200252435 NA 0.142857142857143 0.196428571428571 "Uqcrc2_noRT" "non-targeting_noRT"
"13508" "Tmem198" 0.167199235081421 0.0697246973696519 0.0176301873050838 0.985933874429393 NA 0 0.0357142857142857 "Uqcrc2_noRT" "non-targeting_noRT"
"13509" "Barhl1" 0.167199235081421 0.0697246973696519 0.0176301873050838 0.985933874429393 NA 0 0.0357142857142857 "Uqcrc2_noRT" "non-targeting_noRT"
"13510" "Napb" 0.167199235081421 0.0697246973696519 0.0176301873050838 0.985933874429393 NA 0 0.0357142857142857 "Uqcrc2_noRT" "non-targeting_noRT"
"13511" "Zfp335os" 0.167199235081421 0.0697246973696519 0.0176301873050838 0.985933874429393 NA 0 0.0357142857142857 "Uqcrc2_noRT" "non-targeting_noRT"
"13512" "Gm14444" 0.167199235081421 0.0697246973696519 0.0176301873050838 0.985933874429393 NA 0 0.0357142857142857 "Uqcrc2_noRT" "non-targeting_noRT"
"13513" "Gm14391" 0.167199235081421 0.0697246973696519 0.0176301873050838 0.985933874429393 NA 0 0.0357142857142857 "Uqcrc2_noRT" "non-targeting_noRT"
"13514" "Gm43549" 0.167199235081421 0.0697246973696519 0.0176301873050838 0.985933874429393 NA 0 0.0357142857142857 "Uqcrc2_noRT" "non-targeting_noRT"
"13515" "Gm37035" 0.167199235081421 0.0697246973696519 0.0176301873050838 0.985933874429393 NA 0 0.0357142857142857 "Uqcrc2_noRT" "non-targeting_noRT"
"13516" "Gm42699" 0.167199235081421 0.0697246973696519 0.0176301873050838 0.985933874429393 NA 0 0.0357142857142857 "Uqcrc2_noRT" "non-targeting_noRT"
"13517" "Gstm2" 0.167199235081421 0.0697246973696519 0.0176301873050838 0.985933874429393 NA 0 0.0357142857142857 "Uqcrc2_noRT" "non-targeting_noRT"
"13518" "Gipc2" 0.167199235081421 0.0697246973696519 0.0176301873050838 0.985933874429393 NA 0 0.0357142857142857 "Uqcrc2_noRT" "non-targeting_noRT"
"13519" "Gm38139" 0.167199235081421 0.0697246973696519 0.0176301873050838 0.985933874429393 NA 0 0.0357142857142857 "Uqcrc2_noRT" "non-targeting_noRT"
"13520" "Gm11837" 0.167199235081421 0.0697246973696519 0.0176301873050838 0.985933874429393 NA 0 0.0357142857142857 "Uqcrc2_noRT" "non-targeting_noRT"
"13521" "Tnfrsf14" 0.167199235081421 0.0697246973696519 0.0176301873050838 0.985933874429393 NA 0 0.0357142857142857 "Uqcrc2_noRT" "non-targeting_noRT"
"13522" "1700109H08Rik" 0.167199235081421 0.0697246973696519 0.0176301873050838 0.985933874429393 NA 0 0.0357142857142857 "Uqcrc2_noRT" "non-targeting_noRT"
"13523" "Gm43113" 0.167199235081421 0.0697246973696519 0.0176301873050838 0.985933874429393 NA 0 0.0357142857142857 "Uqcrc2_noRT" "non-targeting_noRT"
"13524" "Cpeb2" 0.167199235081421 0.0697246973696519 0.0176301873050838 0.985933874429393 NA 0 0.0357142857142857 "Uqcrc2_noRT" "non-targeting_noRT"
"13525" "Gm42726" 0.167199235081421 0.0697246973696519 0.0176301873050838 0.985933874429393 NA 0 0.0357142857142857 "Uqcrc2_noRT" "non-targeting_noRT"
"13526" "Spp1" 0.167199235081421 0.0697246973696519 0.0176301873050838 0.985933874429393 NA 0 0.0357142857142857 "Uqcrc2_noRT" "non-targeting_noRT"
"13527" "Acacb" 0.167199235081421 0.0697246973696519 0.0176301873050838 0.985933874429393 NA 0 0.0357142857142857 "Uqcrc2_noRT" "non-targeting_noRT"
"13528" "Gm43156" 0.167199235081421 0.0697246973696519 0.0176301873050838 0.985933874429393 NA 0 0.0357142857142857 "Uqcrc2_noRT" "non-targeting_noRT"
"13529" "Tspan33" 0.167199235081421 0.0697246973696519 0.0176301873050838 0.985933874429393 NA 0 0.0357142857142857 "Uqcrc2_noRT" "non-targeting_noRT"
"13530" "Setmar" 0.167199235081421 0.0697246973696519 0.0176301873050838 0.985933874429393 NA 0 0.0357142857142857 "Uqcrc2_noRT" "non-targeting_noRT"
"13531" "Gpr162" 0.167199235081421 0.0697246973696519 0.0176301873050838 0.985933874429393 NA 0 0.0357142857142857 "Uqcrc2_noRT" "non-targeting_noRT"
"13532" "Lag3" 0.167199235081421 0.0697246973696519 0.0176301873050838 0.985933874429393 NA 0 0.0357142857142857 "Uqcrc2_noRT" "non-targeting_noRT"
"13533" "Vmn1r66" 0.167199235081421 0.0697246973696519 0.0176301873050838 0.985933874429393 NA 0 0.0357142857142857 "Uqcrc2_noRT" "non-targeting_noRT"
"13534" "2200002J24Rik" 0.167199235081421 0.0697246973696519 0.0176301873050838 0.985933874429393 NA 0 0.0357142857142857 "Uqcrc2_noRT" "non-targeting_noRT"
"13535" "Cfap161" 0.167199235081421 0.0697246973696519 0.0176301873050838 0.985933874429393 NA 0 0.0357142857142857 "Uqcrc2_noRT" "non-targeting_noRT"
"13536" "Mfsd13b" 0.167199235081421 0.0697246973696519 0.0176301873050838 0.985933874429393 NA 0 0.0357142857142857 "Uqcrc2_noRT" "non-targeting_noRT"
"13537" "Zg16" 0.167199235081421 0.0697246973696519 0.0176301873050838 0.985933874429393 NA 0 0.0357142857142857 "Uqcrc2_noRT" "non-targeting_noRT"
"13538" "Mrgprf" 0.167199235081421 0.0697246973696519 0.0176301873050838 0.985933874429393 NA 0 0.0357142857142857 "Uqcrc2_noRT" "non-targeting_noRT"
"13539" "Gm16675" 0.167199235081421 0.0697246973696519 0.0176301873050838 0.985933874429393 NA 0 0.0357142857142857 "Uqcrc2_noRT" "non-targeting_noRT"
"13540" "Arrdc2" 0.167199235081421 0.0697246973696519 0.0176301873050838 0.985933874429393 NA 0 0.0357142857142857 "Uqcrc2_noRT" "non-targeting_noRT"
"13541" "Mc1r" 0.167199235081421 0.0697246973696519 0.0176301873050838 0.985933874429393 NA 0 0.0357142857142857 "Uqcrc2_noRT" "non-targeting_noRT"
"13542" "Exoc8" 0.167199235081421 0.0697246973696519 0.0176301873050838 0.985933874429393 NA 0 0.0357142857142857 "Uqcrc2_noRT" "non-targeting_noRT"
"13543" "St14" 0.167199235081421 0.0697246973696519 0.0176301873050838 0.985933874429393 NA 0 0.0357142857142857 "Uqcrc2_noRT" "non-targeting_noRT"
"13544" "Arid3b" 0.167199235081421 0.0697246973696519 0.0176301873050838 0.985933874429393 NA 0 0.0357142857142857 "Uqcrc2_noRT" "non-targeting_noRT"
"13545" "Ppfia2" 0.167199235081421 0.0697246973696519 0.0176301873050838 0.985933874429393 NA 0 0.0357142857142857 "Uqcrc2_noRT" "non-targeting_noRT"
"13546" "Irak3" 0.167199235081421 0.0697246973696519 0.0176301873050838 0.985933874429393 NA 0 0.0357142857142857 "Uqcrc2_noRT" "non-targeting_noRT"
"13547" "1700006J14Rik" 0.167199235081421 0.0697246973696519 0.0176301873050838 0.985933874429393 NA 0 0.0357142857142857 "Uqcrc2_noRT" "non-targeting_noRT"
"13548" "Gm36208" 0.167199235081421 0.0697246973696519 0.0176301873050838 0.985933874429393 NA 0 0.0357142857142857 "Uqcrc2_noRT" "non-targeting_noRT"
"13549" "Plek" 0.167199235081421 0.0697246973696519 0.0176301873050838 0.985933874429393 NA 0 0.0357142857142857 "Uqcrc2_noRT" "non-targeting_noRT"
"13550" "Gm12279" 0.167199235081421 0.0697246973696519 0.0176301873050838 0.985933874429393 NA 0 0.0357142857142857 "Uqcrc2_noRT" "non-targeting_noRT"
"13551" "Lrrc75aos2" 0.167199235081421 0.0697246973696519 0.0176301873050838 0.985933874429393 NA 0 0.0357142857142857 "Uqcrc2_noRT" "non-targeting_noRT"
"13552" "Cep112it" 0.167199235081421 0.0697246973696519 0.0176301873050838 0.985933874429393 NA 0 0.0357142857142857 "Uqcrc2_noRT" "non-targeting_noRT"
"13553" "Evpl" 0.167199235081421 0.0697246973696519 0.0176301873050838 0.985933874429393 NA 0 0.0357142857142857 "Uqcrc2_noRT" "non-targeting_noRT"
"13554" "Scin" 0.167199235081421 0.0697246973696519 0.0176301873050838 0.985933874429393 NA 0 0.0357142857142857 "Uqcrc2_noRT" "non-targeting_noRT"
"13555" "Pgf" 0.167199235081421 0.0697246973696519 0.0176301873050838 0.985933874429393 NA 0 0.0357142857142857 "Uqcrc2_noRT" "non-targeting_noRT"
"13556" "Dnah11" 0.167199235081421 0.0697246973696519 0.0176301873050838 0.985933874429393 NA 0 0.0357142857142857 "Uqcrc2_noRT" "non-targeting_noRT"
"13557" "Hist1h2br" 0.167199235081421 0.0697246973696519 0.0176301873050838 0.985933874429393 NA 0 0.0357142857142857 "Uqcrc2_noRT" "non-targeting_noRT"
"13558" "5033430I15Rik" 0.167199235081421 0.0697246973696519 0.0176301873050838 0.985933874429393 NA 0 0.0357142857142857 "Uqcrc2_noRT" "non-targeting_noRT"
"13559" "Rslcan18" 0.167199235081421 0.0697246973696519 0.0176301873050838 0.985933874429393 NA 0 0.0357142857142857 "Uqcrc2_noRT" "non-targeting_noRT"
"13560" "Zfp759" 0.167199235081421 0.0697246973696519 0.0176301873050838 0.985933874429393 NA 0 0.0357142857142857 "Uqcrc2_noRT" "non-targeting_noRT"
"13561" "Ahrr" 0.167199235081421 0.0697246973696519 0.0176301873050838 0.985933874429393 NA 0 0.0357142857142857 "Uqcrc2_noRT" "non-targeting_noRT"
"13562" "1810062O18Rik" 0.167199235081421 0.0697246973696519 0.0176301873050838 0.985933874429393 NA 0 0.0357142857142857 "Uqcrc2_noRT" "non-targeting_noRT"
"13563" "Gm30108" 0.167199235081421 0.0697246973696519 0.0176301873050838 0.985933874429393 NA 0 0.0357142857142857 "Uqcrc2_noRT" "non-targeting_noRT"
"13564" "Npy4r" 0.167199235081421 0.0697246973696519 0.0176301873050838 0.985933874429393 NA 0 0.0357142857142857 "Uqcrc2_noRT" "non-targeting_noRT"
"13565" "Gm5624" 0.167199235081421 0.0697246973696519 0.0176301873050838 0.985933874429393 NA 0 0.0357142857142857 "Uqcrc2_noRT" "non-targeting_noRT"
"13566" "Klhl1" 0.167199235081421 0.0697246973696519 0.0176301873050838 0.985933874429393 NA 0 0.0357142857142857 "Uqcrc2_noRT" "non-targeting_noRT"
"13567" "A4galt" 0.167199235081421 0.0697246973696519 0.0176301873050838 0.985933874429393 NA 0 0.0357142857142857 "Uqcrc2_noRT" "non-targeting_noRT"
"13568" "Fbln1" 0.167199235081421 0.0697246973696519 0.0176301873050838 0.985933874429393 NA 0 0.0357142857142857 "Uqcrc2_noRT" "non-targeting_noRT"
"13569" "I730030J21Rik" 0.167199235081421 0.0697246973696519 0.0176301873050838 0.985933874429393 NA 0 0.0357142857142857 "Uqcrc2_noRT" "non-targeting_noRT"
"13570" "Phldb2" 0.167199235081421 0.0697246973696519 0.0176301873050838 0.985933874429393 NA 0 0.0357142857142857 "Uqcrc2_noRT" "non-targeting_noRT"
"13571" "Vgll3" 0.167199235081421 0.0697246973696519 0.0176301873050838 0.985933874429393 NA 0 0.0357142857142857 "Uqcrc2_noRT" "non-targeting_noRT"
"13572" "Lix1" 0.167199235081421 0.0697246973696519 0.0176301873050838 0.985933874429393 NA 0 0.0357142857142857 "Uqcrc2_noRT" "non-targeting_noRT"
"13573" "Cbs" 0.167199235081421 0.0697246973696519 0.0176301873050838 0.985933874429393 NA 0 0.0357142857142857 "Uqcrc2_noRT" "non-targeting_noRT"
"13574" "Pcdhgb1" 0.167199235081421 0.0697246973696519 0.0176301873050838 0.985933874429393 NA 0 0.0357142857142857 "Uqcrc2_noRT" "non-targeting_noRT"
"13575" "1500015L24Rik" 0.167199235081421 0.0697246973696519 0.0176301873050838 0.985933874429393 NA 0 0.0357142857142857 "Uqcrc2_noRT" "non-targeting_noRT"
"13576" "BC037704" 0.167199235081421 0.0697246973696519 0.0176301873050838 0.985933874429393 NA 0 0.0357142857142857 "Uqcrc2_noRT" "non-targeting_noRT"
"13577" "Gsto2" 0.167199235081421 0.0697246973696519 0.0176301873050838 0.985933874429393 NA 0 0.0357142857142857 "Uqcrc2_noRT" "non-targeting_noRT"
"13578" "2010308F09Rik" 0.167199235081421 0.0697246973696519 0.0176301873050838 0.985933874429393 NA 0 0.0357142857142857 "Uqcrc2_noRT" "non-targeting_noRT"
"13579" "Gab3" 0.167199235081421 0.0697246973696519 0.0176301873050838 0.985933874429393 NA 0 0.0357142857142857 "Uqcrc2_noRT" "non-targeting_noRT"
"13580" "Gm15246" 0.167199235081421 0.0697246973696519 0.0176301873050838 0.985933874429393 NA 0 0.0357142857142857 "Uqcrc2_noRT" "non-targeting_noRT"
"13581" "Rnd2" 4.46267627756478 0.0155729947306827 0.0176265287200492 0.985936793104369 NA 0.285714285714286 0.339285714285714 "Uqcrc2_noRT" "non-targeting_noRT"
"13582" "Rrnad1" 3.90258714529208 -0.0167960963902169 -0.0175597607820762 0.98599005796735 NA 0.238095238095238 0.339285714285714 "Uqcrc2_noRT" "non-targeting_noRT"
"13583" "Pisd" 7.87092061164442 -0.013640103772429 -0.0175114905787171 0.986028566096308 NA 0.476190476190476 0.553571428571429 "Uqcrc2_noRT" "non-targeting_noRT"
"13584" "Nudt1" 11.803982114439 -0.00969071678178688 -0.0174571227346085 0.986071938729686 NA 0.523809523809524 0.607142857142857 "Uqcrc2_noRT" "non-targeting_noRT"
"13585" "Mapk14" 6.44429867058346 -0.0126683559010945 -0.0174201557755446 0.986101429611062 NA 0.333333333333333 0.428571428571429 "Uqcrc2_noRT" "non-targeting_noRT"
"13586" "Rbm42" 31.1207565072131 0.00607770127502303 0.0173478713531748 0.986159095521554 0.995271749104649 0.904761904761905 0.946428571428571 "Uqcrc2_noRT" "non-targeting_noRT"
"13587" "Trim44" 28.48115339302 0.00646680394570742 0.0173349515271872 0.98616940250134 0.995271749104649 0.761904761904762 0.839285714285714 "Uqcrc2_noRT" "non-targeting_noRT"
"13588" "Itfg1" 18.68538861798 0.00759002072602778 0.017330840866902 0.986172681841074 0.995271749104649 0.761904761904762 0.821428571428571 "Uqcrc2_noRT" "non-targeting_noRT"
"13589" "Pcdh18" 8.10478004382326 -0.0122191933258008 -0.0173218180006942 0.98617987996619 NA 0.428571428571429 0.446428571428571 "Uqcrc2_noRT" "non-targeting_noRT"
"13590" "Gm20721" 0.676232553910035 0.0361351771860593 0.0172977835237052 0.986199053831566 NA 0.0476190476190476 0.0714285714285714 "Uqcrc2_noRT" "non-targeting_noRT"
"13591" "Mutyh" 0.676232553910035 0.0361351771860593 0.0172977835237052 0.986199053831566 NA 0.0476190476190476 0.0535714285714286 "Uqcrc2_noRT" "non-targeting_noRT"
"13592" "Itgb2" 0.676232553910035 0.0361351771860593 0.0172977835237052 0.986199053831566 NA 0.0476190476190476 0.0714285714285714 "Uqcrc2_noRT" "non-targeting_noRT"
"13593" "Rab26" 0.676232553910035 0.0361351771860593 0.0172977835237052 0.986199053831566 NA 0.0476190476190476 0.0714285714285714 "Uqcrc2_noRT" "non-targeting_noRT"
"13594" "Igip" 0.676232553910035 0.0361351771860593 0.0172977835237052 0.986199053831566 NA 0.0476190476190476 0.0714285714285714 "Uqcrc2_noRT" "non-targeting_noRT"
"13595" "Zfp936" 0.663516575346895 0.036197777220498 0.0172531357424495 0.986234672291491 NA 0.0476190476190476 0.0535714285714286 "Uqcrc2_noRT" "non-targeting_noRT"
"13596" "Siae" 0.663516575346895 0.036197777220498 0.0172531357424495 0.986234672291491 NA 0.0476190476190476 0.0714285714285714 "Uqcrc2_noRT" "non-targeting_noRT"
"13597" "Utp11" 74.1626323032228 0.00419921237716576 0.0172384312145781 0.986246403062658 0.995271749104649 1 1 "Uqcrc2_noRT" "non-targeting_noRT"
"13598" "Hmga1b" 2.01176897109697 -0.0234313292229794 -0.0171272095088256 0.986335132044906 NA 0.142857142857143 0.178571428571429 "Uqcrc2_noRT" "non-targeting_noRT"
"13599" "Mvd" 9.46748879112071 -0.0114690674177492 -0.0170781548541922 0.986374266272636 NA 0.476190476190476 0.482142857142857 "Uqcrc2_noRT" "non-targeting_noRT"
"13600" "Gm4673" 0.615355669055337 0.0364427456339177 0.0170695562732142 0.986381125947716 NA 0.0476190476190476 0.0714285714285714 "Uqcrc2_noRT" "non-targeting_noRT"
"13601" "Fam83e" 0.615355669055337 0.0364427456339177 0.0170695562732142 0.986381125947716 NA 0.0476190476190476 0.0714285714285714 "Uqcrc2_noRT" "non-targeting_noRT"
"13602" "Dock6" 0.615355669055337 0.0364427456339177 0.0170695562732142 0.986381125947716 NA 0.0476190476190476 0.0714285714285714 "Uqcrc2_noRT" "non-targeting_noRT"
"13603" "Mief2" 0.615355669055337 0.0364427456339177 0.0170695562732142 0.986381125947716 NA 0.0476190476190476 0.0714285714285714 "Uqcrc2_noRT" "non-targeting_noRT"
"13604" "B4galt4" 0.615355669055337 0.0364427456339177 0.0170695562732142 0.986381125947716 NA 0.0476190476190476 0.0535714285714286 "Uqcrc2_noRT" "non-targeting_noRT"
"13605" "Ogfod1" 4.48287480416619 0.0150244957731218 0.0170423863195385 0.986402801281297 NA 0.19047619047619 0.357142857142857 "Uqcrc2_noRT" "non-targeting_noRT"
"13606" "Wwp1" 8.94302065916711 0.0118255840112612 0.0169318166435918 0.986491010390784 NA 0.380952380952381 0.517857142857143 "Uqcrc2_noRT" "non-targeting_noRT"
"13607" "Dzip1l" 1.16062246672991 0.0289648350645509 0.0168939039399857 0.986521256025534 NA 0.0952380952380952 0.107142857142857 "Uqcrc2_noRT" "non-targeting_noRT"
"13608" "AW554918" 1.16062246672991 0.0289648350645509 0.0168939039399857 0.986521256025534 NA 0.0476190476190476 0.125 "Uqcrc2_noRT" "non-targeting_noRT"
"13609" "Rtca" 16.3563620612879 -0.00774474137971511 -0.0168914439146761 0.986523218561711 0.995271749104649 0.571428571428571 0.714285714285714 "Uqcrc2_noRT" "non-targeting_noRT"
"13610" "2610306M01Rik" 5.65844459682906 -0.0129905785279324 -0.0167838858274283 0.986609025334603 NA 0.380952380952381 0.410714285714286 "Uqcrc2_noRT" "non-targeting_noRT"
"13611" "Uso1" 14.8633947797356 -0.00832534793870738 -0.0166238430560404 0.986736703177305 0.995271749104649 0.761904761904762 0.678571428571429 "Uqcrc2_noRT" "non-targeting_noRT"
"13612" "Ube2i" 175.682303683703 0.00292473048981626 0.0165516866568393 0.986794267734076 0.995271749104649 1 1 "Uqcrc2_noRT" "non-targeting_noRT"
"13613" "Mocs3" 1.88341346850999 0.022553830487098 0.0165176304114131 0.98682143697228 NA 0.142857142857143 0.178571428571429 "Uqcrc2_noRT" "non-targeting_noRT"
"13614" "Arid4b" 38.4696787082488 0.0051516717419271 0.0163004536084838 0.986994695662863 0.995271749104649 0.857142857142857 0.857142857142857 "Uqcrc2_noRT" "non-targeting_noRT"
"13615" "Plin3" 26.5320060359984 0.00644563274225683 0.0162056819122173 0.987070302549186 0.995271749104649 0.761904761904762 0.910714285714286 "Uqcrc2_noRT" "non-targeting_noRT"
"13616" "Nr1d1" 4.65190866500646 0.0148339914923581 0.0162052519313974 0.987070645579198 NA 0.19047619047619 0.267857142857143 "Uqcrc2_noRT" "non-targeting_noRT"
"13617" "Ccl5" 7.70022422017307 -0.0116113302997014 -0.0160461692207579 0.987197558715548 NA 0.333333333333333 0.214285714285714 "Uqcrc2_noRT" "non-targeting_noRT"
"13618" "D1Ertd622e" 3.07330169815751 -0.0181751697964349 -0.015988347360812 0.987243687967201 NA 0.238095238095238 0.25 "Uqcrc2_noRT" "non-targeting_noRT"
"13619" "Ppp1r2" 24.5285573021802 0.00622715007199401 0.0158955606296098 0.987317711660441 0.995271749104649 0.761904761904762 0.803571428571429 "Uqcrc2_noRT" "non-targeting_noRT"
"13620" "Polr2i" 55.8659873990374 -0.00455952317395573 -0.0158219231173812 0.987376458506659 0.995271749104649 0.904761904761905 0.982142857142857 "Uqcrc2_noRT" "non-targeting_noRT"
"13621" "Irgm2" 24.025791925012 0.00619562942181274 0.0154594435787954 0.987665639958987 0.995271749104649 0.761904761904762 0.767857142857143 "Uqcrc2_noRT" "non-targeting_noRT"
"13622" "Smurf2" 5.13258976336983 0.0123800326063502 0.0154117757254936 0.987703668872563 NA 0.380952380952381 0.375 "Uqcrc2_noRT" "non-targeting_noRT"
"13623" "Dppa4" 6.93711201881186 0.010729946594593 0.015392875741778 0.987718747089147 NA 0.428571428571429 0.517857142857143 "Uqcrc2_noRT" "non-targeting_noRT"
"13624" "Necap2" 5.86611537901287 -0.0128612510096537 -0.015343604267505 0.987758055395507 NA 0.333333333333333 0.428571428571429 "Uqcrc2_noRT" "non-targeting_noRT"
"13625" "Sox8" 1.3328483211853 -0.0244562666484068 -0.0151154085853413 0.987940108093071 NA 0.0952380952380952 0.107142857142857 "Uqcrc2_noRT" "non-targeting_noRT"
"13626" "Apoa2" 3.820503938609 -0.0141081397885801 -0.0149461214678106 0.988075164413243 NA 0.238095238095238 0.285714285714286 "Uqcrc2_noRT" "non-targeting_noRT"
"13627" "Snrnp40" 48.6407782135924 0.00422589002694923 0.0149152385042327 0.988099802706672 0.995271749104649 0.857142857142857 0.946428571428571 "Uqcrc2_noRT" "non-targeting_noRT"
"13628" "Mta3" 2.6109989223267 0.0191618007045471 0.0148832635605956 0.988125312188979 NA 0.142857142857143 0.214285714285714 "Uqcrc2_noRT" "non-targeting_noRT"
"13629" "Clasrp" 3.16868262337037 -0.0149756821749825 -0.0148253916900491 0.988171482166978 NA 0.238095238095238 0.25 "Uqcrc2_noRT" "non-targeting_noRT"
"13630" "Cct2" 180.260447096249 0.00252837270419523 0.0147801154892744 0.988207603390859 0.995271749104649 0.952380952380952 0.982142857142857 "Uqcrc2_noRT" "non-targeting_noRT"
"13631" "Socs6" 6.32546715294449 0.0114671511110527 0.0147544761031479 0.98822805843073 NA 0.380952380952381 0.535714285714286 "Uqcrc2_noRT" "non-targeting_noRT"
"13632" "Rilpl2" 5.16185552628744 -0.0120812037788683 -0.0146832899740603 0.988284850591843 NA 0.285714285714286 0.446428571428571 "Uqcrc2_noRT" "non-targeting_noRT"
"13633" "Pgd" 20.0654069965193 -0.00681760241908636 -0.0146684759739338 0.988296669181006 0.995271749104649 0.619047619047619 0.75 "Uqcrc2_noRT" "non-targeting_noRT"
"13634" "4930579G24Rik" 3.20791619663991 -0.0155796952749131 -0.014661619272513 0.988302139448949 NA 0.238095238095238 0.285714285714286 "Uqcrc2_noRT" "non-targeting_noRT"
"13635" "Dgka" 3.1877176700385 -0.0148945563754933 -0.0145907869417582 0.988358649427257 NA 0.19047619047619 0.25 "Uqcrc2_noRT" "non-targeting_noRT"
"13636" "Ccdc28b" 1.35457146385507 -0.0238954488682057 -0.014321732002208 0.988573301778319 NA 0.0952380952380952 0.142857142857143 "Uqcrc2_noRT" "non-targeting_noRT"
"13637" "Mrpl9" 37.0208808533492 -0.00451080524315417 -0.0141938292984842 0.988675342998619 0.995410844118804 0.904761904761905 0.982142857142857 "Uqcrc2_noRT" "non-targeting_noRT"
"13638" "Med18" 3.74678608385634 0.0132409658398247 0.0139036736230307 0.98890683088627 NA 0.285714285714286 0.25 "Uqcrc2_noRT" "non-targeting_noRT"
"13639" "Gm9993" 1.35246510782007 -0.0225403021652147 -0.0137217919007437 0.989051937660939 NA 0.0952380952380952 0.142857142857143 "Uqcrc2_noRT" "non-targeting_noRT"
"13640" "Nrd1" 21.6699800208003 0.00542461077309981 0.0135923401885438 0.989155215551491 0.995427382070289 0.714285714285714 0.75 "Uqcrc2_noRT" "non-targeting_noRT"
"13641" "1110019D14Rik" 0.678338909945033 0.0303815027150742 0.0135729438062656 0.989170690197935 NA 0.0476190476190476 0.0714285714285714 "Uqcrc2_noRT" "non-targeting_noRT"
"13642" "Frmd4b" 0.678338909945033 0.0303815027150742 0.0135729438062656 0.989170690197935 NA 0.0476190476190476 0.0535714285714286 "Uqcrc2_noRT" "non-targeting_noRT"
"13643" "Zscan22" 0.678338909945033 0.0303815027150742 0.0135729438062656 0.989170690197935 NA 0.0476190476190476 0.0535714285714286 "Uqcrc2_noRT" "non-targeting_noRT"
"13644" "Snx18" 3.83590801317377 -0.0124616673342455 -0.0134424003547837 0.989274839300502 NA 0.238095238095238 0.285714285714286 "Uqcrc2_noRT" "non-targeting_noRT"
"13645" "Zfp213" 2.5162795681651 -0.0151504261379246 -0.0133793842321429 0.98932511437059 NA 0.19047619047619 0.25 "Uqcrc2_noRT" "non-targeting_noRT"
"13646" "Gm28535" 0.617462025090335 0.0305314077532374 0.0132991270032971 0.989389144677469 NA 0.0476190476190476 0.0714285714285714 "Uqcrc2_noRT" "non-targeting_noRT"
"13647" "Qars" 21.0610083389752 0.00545511037320218 0.0132882311880824 0.989397837512065 0.995427382070289 0.761904761904762 0.785714285714286 "Uqcrc2_noRT" "non-targeting_noRT"
"13648" "Mfsd10" 24.0496165768011 0.00506244748596446 0.0132686723023667 0.989413441869284 0.995427382070289 0.80952380952381 0.857142857142857 "Uqcrc2_noRT" "non-targeting_noRT"
"13649" "Tgif2" 2.47756281573694 0.0155292742066934 0.0131507514705501 0.989507520871747 NA 0.19047619047619 0.196428571428571 "Uqcrc2_noRT" "non-targeting_noRT"
"13650" "Ccl27a" 8.78239246359179 0.00833679707336307 0.0129843422100921 0.989640284915358 NA 0.380952380952381 0.535714285714286 "Uqcrc2_noRT" "non-targeting_noRT"
"13651" "Cand1" 12.6919602480401 -0.0069136522050178 -0.0128068658126754 0.989781878818796 0.995556007426392 0.571428571428571 0.589285714285714 "Uqcrc2_noRT" "non-targeting_noRT"
"13652" "Paf1" 8.09402567108525 0.00847596433909683 0.0125950865115767 0.989950840624556 NA 0.380952380952381 0.553571428571429 "Uqcrc2_noRT" "non-targeting_noRT"
"13653" "Gm527" 0.683637259595153 -0.0311957867083847 -0.0123542814391548 0.990142960324341 NA 0.0476190476190476 0.0714285714285714 "Uqcrc2_noRT" "non-targeting_noRT"
"13654" "Zfp934" 0.683637259595153 -0.0311957867083847 -0.0123542814391548 0.990142960324341 NA 0.0476190476190476 0.0714285714285714 "Uqcrc2_noRT" "non-targeting_noRT"
"13655" "Cd24a" 0.635476353303594 -0.0317785327901153 -0.0123121442557058 0.990176578375562 NA 0.0476190476190476 0.0357142857142857 "Uqcrc2_noRT" "non-targeting_noRT"
"13656" "Aagab" 2.53581652371526 0.0143564094020932 0.012201366713171 0.990264959427483 NA 0.19047619047619 0.232142857142857 "Uqcrc2_noRT" "non-targeting_noRT"
"13657" "Psmd13" 50.4914300034599 0.00347027177239104 0.0121980950630804 0.990267569632328 0.995802479499046 0.904761904761905 0.964285714285714 "Uqcrc2_noRT" "non-targeting_noRT"
"13658" "Snupn" 2.49455642549533 -0.013996709738465 -0.0120830460803087 0.990359358674566 NA 0.0952380952380952 0.214285714285714 "Uqcrc2_noRT" "non-targeting_noRT"
"13659" "Trp53rkb" 5.01723290411857 -0.00985197490366508 -0.0120490326588882 0.99038649548289 NA 0.285714285714286 0.428571428571429 "Uqcrc2_noRT" "non-targeting_noRT"
"13660" "Emc1" 6.22332818113841 0.0085554192049088 0.0117340019290936 0.99063783586591 NA 0.380952380952381 0.482142857142857 "Uqcrc2_noRT" "non-targeting_noRT"
"13661" "Ddhd2" 13.9627839858496 0.00587392370824102 0.0116051469243786 0.990740640284545 0.996036144192772 0.761904761904762 0.660714285714286 "Uqcrc2_noRT" "non-targeting_noRT"
"13662" "Sgpl1" 10.1439425778716 0.00653151588157878 0.0113916867861627 0.990910945574142 NA 0.428571428571429 0.625 "Uqcrc2_noRT" "non-targeting_noRT"
"13663" "Camkk2" 2.47966917177194 0.0135896937853579 0.0111937540959215 0.991068862941937 NA 0.19047619047619 0.178571428571429 "Uqcrc2_noRT" "non-targeting_noRT"
"13664" "Dph2" 4.31863054844688 0.0102598547707633 0.0109668241195653 0.991249915751544 NA 0.285714285714286 0.321428571428571 "Uqcrc2_noRT" "non-targeting_noRT"
"13665" "Safb" 17.9591576742452 0.00476083290076239 0.0105861110459099 0.991553663195326 0.996611381661952 0.476190476190476 0.714285714285714 "Uqcrc2_noRT" "non-targeting_noRT"
"13666" "Rabgap1" 10.8890384622881 0.00591596893272589 0.0105649206959746 0.991570569702926 NA 0.380952380952381 0.571428571428571 "Uqcrc2_noRT" "non-targeting_noRT"
"13667" "Impa1" 23.4694087490116 -0.00381849728228935 -0.00991442624702483 0.992089561962361 0.996732848607489 0.761904761904762 0.839285714285714 "Uqcrc2_noRT" "non-targeting_noRT"
"13668" "Zfp955b" 3.23696421391018 -0.0101674528266598 -0.00990268075778181 0.992098933046852 NA 0.238095238095238 0.25 "Uqcrc2_noRT" "non-targeting_noRT"
"13669" "Cdca4" 11.4348740767014 0.00566796879382113 0.00985886991325343 0.992133887336964 NA 0.523809523809524 0.642857142857143 "Uqcrc2_noRT" "non-targeting_noRT"
"13670" "Odr4" 15.9650221363514 0.00472627020356007 0.00981665799041747 0.9921675659487 0.996732848607489 0.761904761904762 0.714285714285714 "Uqcrc2_noRT" "non-targeting_noRT"
"13671" "Agpat2" 6.40666755573542 -0.00688166025600098 -0.00953625519283837 0.992391284536904 NA 0.428571428571429 0.5 "Uqcrc2_noRT" "non-targeting_noRT"
"13672" "Tbccd1" 1.16541691876654 0.0166126170535176 0.0094688188882159 0.992445088493934 NA 0.0476190476190476 0.107142857142857 "Uqcrc2_noRT" "non-targeting_noRT"
"13673" "Bdh2" 0.633369997268596 -0.0218201505351588 -0.00941547073975494 0.992487652260524 NA 0.0476190476190476 0.0714285714285714 "Uqcrc2_noRT" "non-targeting_noRT"
"13674" "Stard8" 0.633369997268596 -0.0218201505351588 -0.00941547073975494 0.992487652260524 NA 0.0476190476190476 0.0535714285714286 "Uqcrc2_noRT" "non-targeting_noRT"
"13675" "Tcaim" 0.681027005946669 0.0212955504576663 0.00938727570443798 0.992510147649735 NA 0.0476190476190476 0.0714285714285714 "Uqcrc2_noRT" "non-targeting_noRT"
"13676" "Herc3" 2.50139231444171 0.0116523658663082 0.00934339625422741 0.992545156850238 NA 0.19047619047619 0.178571428571429 "Uqcrc2_noRT" "non-targeting_noRT"
"13677" "Rpgr" 0.668311027383529 0.0212948077771184 0.00934045771916289 0.992547501359691 NA 0.0476190476190476 0.0714285714285714 "Uqcrc2_noRT" "non-targeting_noRT"
"13678" "Prpf31" 31.0563006461524 -0.00319102464363577 -0.00923636975114604 0.992630547959815 0.996732848607489 0.80952380952381 0.839285714285714 "Uqcrc2_noRT" "non-targeting_noRT"
"13679" "Ormdl1" 11.4846975136241 0.00511898262880961 0.00923633583227029 0.992630575022008 NA 0.523809523809524 0.642857142857143 "Uqcrc2_noRT" "non-targeting_noRT"
"13680" "Arhgap26" 0.62015012109197 0.0212921236971253 0.00915498953679351 0.992695477231099 NA 0.0476190476190476 0.0714285714285714 "Uqcrc2_noRT" "non-targeting_noRT"
"13681" "Greb1" 12.5037615022812 0.00527075903289521 0.0091037359381424 0.992736369982 NA 0.428571428571429 0.464285714285714 "Uqcrc2_noRT" "non-targeting_noRT"
"13682" "Eif2b1" 13.4280272207435 0.005157966409855 0.00897878594603701 0.99283606157681 0.996732848607489 0.619047619047619 0.714285714285714 "Uqcrc2_noRT" "non-targeting_noRT"
"13683" "Enox2" 1.81723823400517 0.0120922855785142 0.00889631124849189 0.992901864236416 NA 0.142857142857143 0.178571428571429 "Uqcrc2_noRT" "non-targeting_noRT"
"13684" "Ptprs" 11.5181909005711 -0.00515586358844754 -0.00884890532369912 0.992939687203094 NA 0.476190476190476 0.607142857142857 "Uqcrc2_noRT" "non-targeting_noRT"
"13685" "Polr3h" 46.798894584847 -0.00261197493696003 -0.00870394779641667 0.9930553421217 0.996732848607489 0.666666666666667 0.928571428571429 "Uqcrc2_noRT" "non-targeting_noRT"
"13686" "Taf5" 13.7402908690676 0.00459723789154829 0.00862321864294683 0.99311975224956 0.996732848607489 0.523809523809524 0.678571428571429 "Uqcrc2_noRT" "non-targeting_noRT"
"13687" "Mospd2" 5.09024402756978 0.00695186888529063 0.00849950779870566 0.993218455604728 NA 0.333333333333333 0.446428571428571 "Uqcrc2_noRT" "non-targeting_noRT"
"13688" "Nsf" 9.47040010869471 -0.00526472320966337 -0.00839739748109042 0.993299924943072 NA 0.476190476190476 0.553571428571429 "Uqcrc2_noRT" "non-targeting_noRT"
"13689" "Zfand2b" 6.84079020622874 -0.00590138927136236 -0.00838931529891312 0.993306373364304 NA 0.380952380952381 0.482142857142857 "Uqcrc2_noRT" "non-targeting_noRT"
"13690" "AA986860" 0.171993687118055 0.0338206189713537 0.00838050842176558 0.993313399988595 NA 0 0.0357142857142857 "Uqcrc2_noRT" "non-targeting_noRT"
"13691" "Tgfb2" 0.171993687118055 0.0338206189713537 0.00838050842176558 0.993313399988595 NA 0 0.0357142857142857 "Uqcrc2_noRT" "non-targeting_noRT"
"13692" "Dlx2" 0.171993687118055 0.0338206189713537 0.00838050842176558 0.993313399988595 NA 0 0.0357142857142857 "Uqcrc2_noRT" "non-targeting_noRT"
"13693" "Ypel4" 0.171993687118055 0.0338206189713537 0.00838050842176558 0.993313399988595 NA 0 0.0357142857142857 "Uqcrc2_noRT" "non-targeting_noRT"
"13694" "Nfatc2" 0.171993687118055 0.0338206189713537 0.00838050842176558 0.993313399988595 NA 0 0.0357142857142857 "Uqcrc2_noRT" "non-targeting_noRT"
"13695" "Gm15952" 0.171993687118055 0.0338206189713537 0.00838050842176558 0.993313399988595 NA 0 0.0357142857142857 "Uqcrc2_noRT" "non-targeting_noRT"
"13696" "Chrnb2" 0.171993687118055 0.0338206189713537 0.00838050842176558 0.993313399988595 NA 0 0.0357142857142857 "Uqcrc2_noRT" "non-targeting_noRT"
"13697" "Gm43221" 0.171993687118055 0.0338206189713537 0.00838050842176558 0.993313399988595 NA 0 0.0178571428571429 "Uqcrc2_noRT" "non-targeting_noRT"
"13698" "Gm42997" 0.171993687118055 0.0338206189713537 0.00838050842176558 0.993313399988595 NA 0 0.0357142857142857 "Uqcrc2_noRT" "non-targeting_noRT"
"13699" "Zfp980" 0.171993687118055 0.0338206189713537 0.00838050842176558 0.993313399988595 NA 0 0.0178571428571429 "Uqcrc2_noRT" "non-targeting_noRT"
"13700" "Morn1" 0.171993687118055 0.0338206189713537 0.00838050842176558 0.993313399988595 NA 0 0.0357142857142857 "Uqcrc2_noRT" "non-targeting_noRT"
"13701" "2310074N15Rik" 0.171993687118055 0.0338206189713537 0.00838050842176558 0.993313399988595 NA 0 0.0357142857142857 "Uqcrc2_noRT" "non-targeting_noRT"
"13702" "Gbx1" 0.171993687118055 0.0338206189713537 0.00838050842176558 0.993313399988595 NA 0 0.0357142857142857 "Uqcrc2_noRT" "non-targeting_noRT"
"13703" "Gm3716" 0.171993687118055 0.0338206189713537 0.00838050842176558 0.993313399988595 NA 0 0.0178571428571429 "Uqcrc2_noRT" "non-targeting_noRT"
"13704" "4930515G01Rik" 0.171993687118055 0.0338206189713537 0.00838050842176558 0.993313399988595 NA 0 0.0357142857142857 "Uqcrc2_noRT" "non-targeting_noRT"
"13705" "Gm26826" 0.171993687118055 0.0338206189713537 0.00838050842176558 0.993313399988595 NA 0 0.0357142857142857 "Uqcrc2_noRT" "non-targeting_noRT"
"13706" "Klrd1" 0.171993687118055 0.0338206189713537 0.00838050842176558 0.993313399988595 NA 0 0.0178571428571429 "Uqcrc2_noRT" "non-targeting_noRT"
"13707" "Klra2" 0.171993687118055 0.0338206189713537 0.00838050842176558 0.993313399988595 NA 0 0.0178571428571429 "Uqcrc2_noRT" "non-targeting_noRT"
"13708" "Tmem86b" 0.171993687118055 0.0338206189713537 0.00838050842176558 0.993313399988595 NA 0 0.0357142857142857 "Uqcrc2_noRT" "non-targeting_noRT"
"13709" "Vmn2r54" 0.171993687118055 0.0338206189713537 0.00838050842176558 0.993313399988595 NA 0 0.0178571428571429 "Uqcrc2_noRT" "non-targeting_noRT"
"13710" "Fam189a1" 0.171993687118055 0.0338206189713537 0.00838050842176558 0.993313399988595 NA 0 0.0357142857142857 "Uqcrc2_noRT" "non-targeting_noRT"
"13711" "Kctd21" 0.171993687118055 0.0338206189713537 0.00838050842176558 0.993313399988595 NA 0 0.0357142857142857 "Uqcrc2_noRT" "non-targeting_noRT"
"13712" "Gm15056" 0.171993687118055 0.0338206189713537 0.00838050842176558 0.993313399988595 NA 0 0.0357142857142857 "Uqcrc2_noRT" "non-targeting_noRT"
"13713" "Elavl3" 0.171993687118055 0.0338206189713537 0.00838050842176558 0.993313399988595 NA 0 0.0357142857142857 "Uqcrc2_noRT" "non-targeting_noRT"
"13714" "Nt5e" 0.171993687118055 0.0338206189713537 0.00838050842176558 0.993313399988595 NA 0 0.0178571428571429 "Uqcrc2_noRT" "non-targeting_noRT"
"13715" "Gm28959" 0.171993687118055 0.0338206189713537 0.00838050842176558 0.993313399988595 NA 0 0.0357142857142857 "Uqcrc2_noRT" "non-targeting_noRT"
"13716" "Enpp3" 0.171993687118055 0.0338206189713537 0.00838050842176558 0.993313399988595 NA 0 0.0178571428571429 "Uqcrc2_noRT" "non-targeting_noRT"
"13717" "C1qtnf2" 0.171993687118055 0.0338206189713537 0.00838050842176558 0.993313399988595 NA 0 0.0178571428571429 "Uqcrc2_noRT" "non-targeting_noRT"
"13718" "Arhgef15" 0.171993687118055 0.0338206189713537 0.00838050842176558 0.993313399988595 NA 0 0.0178571428571429 "Uqcrc2_noRT" "non-targeting_noRT"
"13719" "Atp2a3" 0.171993687118055 0.0338206189713537 0.00838050842176558 0.993313399988595 NA 0 0.0178571428571429 "Uqcrc2_noRT" "non-targeting_noRT"
"13720" "Mmp28" 0.171993687118055 0.0338206189713537 0.00838050842176558 0.993313399988595 NA 0 0.0357142857142857 "Uqcrc2_noRT" "non-targeting_noRT"
"13721" "Mpp2" 0.171993687118055 0.0338206189713537 0.00838050842176558 0.993313399988595 NA 0 0.0357142857142857 "Uqcrc2_noRT" "non-targeting_noRT"
"13722" "Gm4787" 0.171993687118055 0.0338206189713537 0.00838050842176558 0.993313399988595 NA 0 0.0357142857142857 "Uqcrc2_noRT" "non-targeting_noRT"
"13723" "A230087F16Rik" 0.171993687118055 0.0338206189713537 0.00838050842176558 0.993313399988595 NA 0 0.0357142857142857 "Uqcrc2_noRT" "non-targeting_noRT"
"13724" "Gm47450" 0.171993687118055 0.0338206189713537 0.00838050842176558 0.993313399988595 NA 0 0.0357142857142857 "Uqcrc2_noRT" "non-targeting_noRT"
"13725" "Gm31517" 0.171993687118055 0.0338206189713537 0.00838050842176558 0.993313399988595 NA 0 0.0357142857142857 "Uqcrc2_noRT" "non-targeting_noRT"
"13726" "Gm8229" 0.171993687118055 0.0338206189713537 0.00838050842176558 0.993313399988595 NA 0 0.0178571428571429 "Uqcrc2_noRT" "non-targeting_noRT"
"13727" "Gm49035" 0.171993687118055 0.0338206189713537 0.00838050842176558 0.993313399988595 NA 0 0.0178571428571429 "Uqcrc2_noRT" "non-targeting_noRT"
"13728" "Gm15640" 0.171993687118055 0.0338206189713537 0.00838050842176558 0.993313399988595 NA 0 0.0357142857142857 "Uqcrc2_noRT" "non-targeting_noRT"
"13729" "4930542D17Rik" 0.171993687118055 0.0338206189713537 0.00838050842176558 0.993313399988595 NA 0 0.0357142857142857 "Uqcrc2_noRT" "non-targeting_noRT"
"13730" "Tmem241" 0.171993687118055 0.0338206189713537 0.00838050842176558 0.993313399988595 NA 0 0.0357142857142857 "Uqcrc2_noRT" "non-targeting_noRT"
"13731" "Gm15956" 0.171993687118055 0.0338206189713537 0.00838050842176558 0.993313399988595 NA 0 0.0178571428571429 "Uqcrc2_noRT" "non-targeting_noRT"
"13732" "Gstp3" 0.171993687118055 0.0338206189713537 0.00838050842176558 0.993313399988595 NA 0 0.0357142857142857 "Uqcrc2_noRT" "non-targeting_noRT"
"13733" "Tmem255a" 0.171993687118055 0.0338206189713537 0.00838050842176558 0.993313399988595 NA 0 0.0178571428571429 "Uqcrc2_noRT" "non-targeting_noRT"
"13734" "Tmem109" 27.90784190516 0.00323534206333977 0.00830431509907096 0.993374191348945 0.996746460669723 0.80952380952381 0.875 "Uqcrc2_noRT" "non-targeting_noRT"
"13735" "Elac2" 6.93340320435535 0.00564050009153449 0.00782009116213513 0.993760533592267 NA 0.380952380952381 0.464285714285714 "Uqcrc2_noRT" "non-targeting_noRT"
"13736" "Trim5" 1.89300237258326 0.0108231378603797 0.00773742194245788 0.993826492090709 NA 0.142857142857143 0.107142857142857 "Uqcrc2_noRT" "non-targeting_noRT"
"13737" "Acbd4" 3.19622093653164 -0.00791464835273251 -0.00757513833217874 0.99395597188266 NA 0.19047619047619 0.285714285714286 "Uqcrc2_noRT" "non-targeting_noRT"
"13738" "Saxo2" 0.683133361981667 0.0151147171419218 0.00724477022145887 0.994219560259808 NA 0.0476190476190476 0.0714285714285714 "Uqcrc2_noRT" "non-targeting_noRT"
"13739" "Zfp827" 0.683133361981667 0.0151147171419218 0.00724477022145887 0.994219560259808 NA 0.0476190476190476 0.0714285714285714 "Uqcrc2_noRT" "non-targeting_noRT"
"13740" "Gstt1" 0.683133361981667 0.0151147171419218 0.00724477022145887 0.994219560259808 NA 0.0476190476190476 0.0714285714285714 "Uqcrc2_noRT" "non-targeting_noRT"
"13741" "Eid3" 0.683133361981667 0.0151147171419218 0.00724477022145887 0.994219560259808 NA 0.0476190476190476 0.0714285714285714 "Uqcrc2_noRT" "non-targeting_noRT"
"13742" "Plcxd2" 0.683133361981667 0.0151147171419218 0.00724477022145887 0.994219560259808 NA 0.0476190476190476 0.0714285714285714 "Uqcrc2_noRT" "non-targeting_noRT"
"13743" "Gm9929" 0.670417383418527 0.0150840550138399 0.00719893674618358 0.994256129128455 NA 0.0476190476190476 0.0535714285714286 "Uqcrc2_noRT" "non-targeting_noRT"
"13744" "Traf3ip3" 0.670417383418527 0.0150840550138399 0.00719893674618358 0.994256129128455 NA 0.0476190476190476 0.0714285714285714 "Uqcrc2_noRT" "non-targeting_noRT"
"13745" "9330160F10Rik" 0.670417383418527 0.0150840550138399 0.00719893674618358 0.994256129128455 NA 0.0476190476190476 0.0714285714285714 "Uqcrc2_noRT" "non-targeting_noRT"
"13746" "6720489N17Rik" 0.670417383418527 0.0150840550138399 0.00719893674618358 0.994256129128455 NA 0.0476190476190476 0.0714285714285714 "Uqcrc2_noRT" "non-targeting_noRT"
"13747" "Det1" 1.83583430218507 -0.00988271446949165 -0.00719656593915514 0.99425802070978 NA 0.142857142857143 0.178571428571429 "Uqcrc2_noRT" "non-targeting_noRT"
"13748" "Klf15" 0.622256477126968 0.0149661392002176 0.00702117230947899 0.994397961042723 NA 0.0476190476190476 0.0714285714285714 "Uqcrc2_noRT" "non-targeting_noRT"
"13749" "Dcp1b" 0.622256477126968 0.0149661392002176 0.00702117230947899 0.994397961042723 NA 0.0476190476190476 0.0714285714285714 "Uqcrc2_noRT" "non-targeting_noRT"
"13750" "2510046G10Rik" 0.622256477126968 0.0149661392002176 0.00702117230947899 0.994397961042723 NA 0.0476190476190476 0.0714285714285714 "Uqcrc2_noRT" "non-targeting_noRT"
"13751" "Zfp217" 1.91261915921803 0.0100790736088842 0.00697100200393818 0.994437990175291 NA 0.142857142857143 0.142857142857143 "Uqcrc2_noRT" "non-targeting_noRT"
"13752" "Nifk" 22.7881442385426 0.00319201540552765 0.0069058000019545 0.994490012593767 0.99751267800754 0.761904761904762 0.839285714285714 "Uqcrc2_noRT" "non-targeting_noRT"
"13753" "Ndufs4" 70.2444995606332 0.00161889734489125 0.00674295703956626 0.994619939453627 0.99751267800754 1 1 "Uqcrc2_noRT" "non-targeting_noRT"
"13754" "Fzd5" 0.631263641233598 -0.0147401290044831 -0.00644440374819416 0.994858145336255 NA 0.0476190476190476 0.0714285714285714 "Uqcrc2_noRT" "non-targeting_noRT"
"13755" "Gm14488" 0.631263641233598 -0.0147401290044831 -0.00644440374819416 0.994858145336255 NA 0.0476190476190476 0.0714285714285714 "Uqcrc2_noRT" "non-targeting_noRT"
"13756" "Rpusd2" 0.631263641233598 -0.0147401290044831 -0.00644440374819416 0.994858145336255 NA 0.0476190476190476 0.0714285714285714 "Uqcrc2_noRT" "non-targeting_noRT"
"13757" "Spata1" 0.631263641233598 -0.0147401290044831 -0.00644440374819416 0.994858145336255 NA 0.0476190476190476 0.0714285714285714 "Uqcrc2_noRT" "non-targeting_noRT"
"13758" "Ikzf4" 0.631263641233598 -0.0147401290044831 -0.00644440374819416 0.994858145336255 NA 0.0476190476190476 0.0714285714285714 "Uqcrc2_noRT" "non-targeting_noRT"
"13759" "Eme2" 0.631263641233598 -0.0147401290044831 -0.00644440374819416 0.994858145336255 NA 0.0476190476190476 0.0714285714285714 "Uqcrc2_noRT" "non-targeting_noRT"
"13760" "Gm3550" 0.631263641233598 -0.0147401290044831 -0.00644440374819416 0.994858145336255 NA 0.0476190476190476 0.0535714285714286 "Uqcrc2_noRT" "non-targeting_noRT"
"13761" "Gpd1l" 1.81781997397181 0.00897985207373669 0.00639470994088754 0.994897794440877 NA 0.142857142857143 0.142857142857143 "Uqcrc2_noRT" "non-targeting_noRT"
"13762" "Gm45336" 0.679424547525157 -0.0142069885193487 -0.00633491795653464 0.994945500575727 NA 0.0476190476190476 0.0535714285714286 "Uqcrc2_noRT" "non-targeting_noRT"
"13763" "Aldh3b1" 0.679424547525157 -0.0142069885193487 -0.00633491795653464 0.994945500575727 NA 0.0476190476190476 0.0535714285714286 "Uqcrc2_noRT" "non-targeting_noRT"
"13764" "Slc2a6" 0.692140526088297 -0.0140692889060583 -0.00630439794416351 0.994969851536122 NA 0.0476190476190476 0.0535714285714286 "Uqcrc2_noRT" "non-targeting_noRT"
"13765" "Gm16845" 0.692140526088297 -0.0140692889060583 -0.00630439794416351 0.994969851536122 NA 0.0476190476190476 0.0714285714285714 "Uqcrc2_noRT" "non-targeting_noRT"
"13766" "Glyctk" 0.692140526088297 -0.0140692889060583 -0.00630439794416351 0.994969851536122 NA 0.0476190476190476 0.0535714285714286 "Uqcrc2_noRT" "non-targeting_noRT"
"13767" "Taco1os" 0.692140526088297 -0.0140692889060583 -0.00630439794416351 0.994969851536122 NA 0.0476190476190476 0.0714285714285714 "Uqcrc2_noRT" "non-targeting_noRT"
"13768" "Gm45871" 0.692140526088297 -0.0140692889060583 -0.00630439794416351 0.994969851536122 NA 0.0476190476190476 0.0714285714285714 "Uqcrc2_noRT" "non-targeting_noRT"
"13769" "Agrn" 3.17602240993023 -0.00692451125681277 -0.00625561697821562 0.995008772348212 NA 0.238095238095238 0.285714285714286 "Uqcrc2_noRT" "non-targeting_noRT"
"13770" "Smim26" 40.1988172294437 0.00206762348647778 0.00622149619487633 0.995035996264663 0.997688139700309 0.952380952380952 0.964285714285714 "Uqcrc2_noRT" "non-targeting_noRT"
"13771" "Msl2" 3.22955950822507 0.00605098459432856 0.00600476841965328 0.995208916778989 NA 0.19047619047619 0.214285714285714 "Uqcrc2_noRT" "non-targeting_noRT"
"13772" "Snx14" 4.33620589817191 -0.00514112280914426 -0.00586254505831326 0.99532239260543 NA 0.238095238095238 0.357142857142857 "Uqcrc2_noRT" "non-targeting_noRT"
"13773" "Ccdc157" 1.83954311664158 0.0077840942483735 0.00568044742425163 0.99546768307616 NA 0.142857142857143 0.178571428571429 "Uqcrc2_noRT" "non-targeting_noRT"
"13774" "C130036L24Rik" 1.16962963083654 0.00914564802838253 0.00521325728794498 0.995840441339914 NA 0.0476190476190476 0.107142857142857 "Uqcrc2_noRT" "non-targeting_noRT"
"13775" "Cav1" 16.8822708797858 0.00263973599769487 0.00521046439470186 0.995842669716047 0.998255079284158 0.476190476190476 0.589285714285714 "Uqcrc2_noRT" "non-targeting_noRT"
"13776" "Wdr55" 12.1223729772752 -0.00272770875475473 -0.00500880172106873 0.996003571149108 NA 0.571428571428571 0.642857142857143 "Uqcrc2_noRT" "non-targeting_noRT"
"13777" "Ptp4a1.1" 0.174100043153053 0.0189672071492109 0.00486527376386793 0.996118088494452 NA 0 0.0357142857142857 "Uqcrc2_noRT" "non-targeting_noRT"
"13778" "Des" 0.174100043153053 0.0189672071492109 0.00486527376386793 0.996118088494452 NA 0 0.0357142857142857 "Uqcrc2_noRT" "non-targeting_noRT"
"13779" "Shcbp1l" 0.174100043153053 0.0189672071492109 0.00486527376386793 0.996118088494452 NA 0 0.0357142857142857 "Uqcrc2_noRT" "non-targeting_noRT"
"13780" "Gm37422" 0.174100043153053 0.0189672071492109 0.00486527376386793 0.996118088494452 NA 0 0.0357142857142857 "Uqcrc2_noRT" "non-targeting_noRT"
"13781" "A230020J21Rik" 0.174100043153053 0.0189672071492109 0.00486527376386793 0.996118088494452 NA 0 0.0357142857142857 "Uqcrc2_noRT" "non-targeting_noRT"
"13782" "Eng" 0.174100043153053 0.0189672071492109 0.00486527376386793 0.996118088494452 NA 0 0.0357142857142857 "Uqcrc2_noRT" "non-targeting_noRT"
"13783" "E030042O20Rik" 0.174100043153053 0.0189672071492109 0.00486527376386793 0.996118088494452 NA 0 0.0357142857142857 "Uqcrc2_noRT" "non-targeting_noRT"
"13784" "Gm16253" 0.174100043153053 0.0189672071492109 0.00486527376386793 0.996118088494452 NA 0 0.0357142857142857 "Uqcrc2_noRT" "non-targeting_noRT"
"13785" "Phtf1os" 0.174100043153053 0.0189672071492109 0.00486527376386793 0.996118088494452 NA 0 0.0357142857142857 "Uqcrc2_noRT" "non-targeting_noRT"
"13786" "Cyp2u1" 0.174100043153053 0.0189672071492109 0.00486527376386793 0.996118088494452 NA 0 0.0357142857142857 "Uqcrc2_noRT" "non-targeting_noRT"
"13787" "Gm12689" 0.174100043153053 0.0189672071492109 0.00486527376386793 0.996118088494452 NA 0 0.0357142857142857 "Uqcrc2_noRT" "non-targeting_noRT"
"13788" "Gm12802" 0.174100043153053 0.0189672071492109 0.00486527376386793 0.996118088494452 NA 0 0.0357142857142857 "Uqcrc2_noRT" "non-targeting_noRT"
"13789" "9130410C08Rik" 0.174100043153053 0.0189672071492109 0.00486527376386793 0.996118088494452 NA 0 0.0357142857142857 "Uqcrc2_noRT" "non-targeting_noRT"
"13790" "Trnp1" 0.174100043153053 0.0189672071492109 0.00486527376386793 0.996118088494452 NA 0 0.0357142857142857 "Uqcrc2_noRT" "non-targeting_noRT"
"13791" "Asap3" 0.174100043153053 0.0189672071492109 0.00486527376386793 0.996118088494452 NA 0 0.0357142857142857 "Uqcrc2_noRT" "non-targeting_noRT"
"13792" "Kif17" 0.174100043153053 0.0189672071492109 0.00486527376386793 0.996118088494452 NA 0 0.0357142857142857 "Uqcrc2_noRT" "non-targeting_noRT"
"13793" "Gm19409" 0.174100043153053 0.0189672071492109 0.00486527376386793 0.996118088494452 NA 0 0.0357142857142857 "Uqcrc2_noRT" "non-targeting_noRT"
"13794" "Gm10874" 0.174100043153053 0.0189672071492109 0.00486527376386793 0.996118088494452 NA 0 0.0357142857142857 "Uqcrc2_noRT" "non-targeting_noRT"
"13795" "6530409C15Rik" 0.174100043153053 0.0189672071492109 0.00486527376386793 0.996118088494452 NA 0 0.0357142857142857 "Uqcrc2_noRT" "non-targeting_noRT"
"13796" "Fam13a" 0.174100043153053 0.0189672071492109 0.00486527376386793 0.996118088494452 NA 0 0.0357142857142857 "Uqcrc2_noRT" "non-targeting_noRT"
"13797" "Txnrd3" 0.174100043153053 0.0189672071492109 0.00486527376386793 0.996118088494452 NA 0 0.0357142857142857 "Uqcrc2_noRT" "non-targeting_noRT"
"13798" "Cpne9" 0.174100043153053 0.0189672071492109 0.00486527376386793 0.996118088494452 NA 0 0.0357142857142857 "Uqcrc2_noRT" "non-targeting_noRT"
"13799" "1700126G02Rik" 0.174100043153053 0.0189672071492109 0.00486527376386793 0.996118088494452 NA 0 0.0357142857142857 "Uqcrc2_noRT" "non-targeting_noRT"
"13800" "Gm21814" 0.174100043153053 0.0189672071492109 0.00486527376386793 0.996118088494452 NA 0 0.0357142857142857 "Uqcrc2_noRT" "non-targeting_noRT"
"13801" "Ccdc106" 0.174100043153053 0.0189672071492109 0.00486527376386793 0.996118088494452 NA 0 0.0357142857142857 "Uqcrc2_noRT" "non-targeting_noRT"
"13802" "Cyp2s1" 0.174100043153053 0.0189672071492109 0.00486527376386793 0.996118088494452 NA 0 0.0357142857142857 "Uqcrc2_noRT" "non-targeting_noRT"
"13803" "Klk9" 0.174100043153053 0.0189672071492109 0.00486527376386793 0.996118088494452 NA 0 0.0357142857142857 "Uqcrc2_noRT" "non-targeting_noRT"
"13804" "Klk7" 0.174100043153053 0.0189672071492109 0.00486527376386793 0.996118088494452 NA 0 0.0357142857142857 "Uqcrc2_noRT" "non-targeting_noRT"
"13805" "Agbl1" 0.174100043153053 0.0189672071492109 0.00486527376386793 0.996118088494452 NA 0 0.0357142857142857 "Uqcrc2_noRT" "non-targeting_noRT"
"13806" "Gm26646" 0.174100043153053 0.0189672071492109 0.00486527376386793 0.996118088494452 NA 0 0.0357142857142857 "Uqcrc2_noRT" "non-targeting_noRT"
"13807" "Ankrd42" 0.174100043153053 0.0189672071492109 0.00486527376386793 0.996118088494452 NA 0 0.0357142857142857 "Uqcrc2_noRT" "non-targeting_noRT"
"13808" "Ampd3" 0.174100043153053 0.0189672071492109 0.00486527376386793 0.996118088494452 NA 0 0.0357142857142857 "Uqcrc2_noRT" "non-targeting_noRT"
"13809" "B230311B06Rik" 0.174100043153053 0.0189672071492109 0.00486527376386793 0.996118088494452 NA 0 0.0357142857142857 "Uqcrc2_noRT" "non-targeting_noRT"
"13810" "Htra1" 0.174100043153053 0.0189672071492109 0.00486527376386793 0.996118088494452 NA 0 0.0357142857142857 "Uqcrc2_noRT" "non-targeting_noRT"
"13811" "Slc25a42" 0.174100043153053 0.0189672071492109 0.00486527376386793 0.996118088494452 NA 0 0.0357142857142857 "Uqcrc2_noRT" "non-targeting_noRT"
"13812" "Hsh2d" 0.174100043153053 0.0189672071492109 0.00486527376386793 0.996118088494452 NA 0 0.0357142857142857 "Uqcrc2_noRT" "non-targeting_noRT"
"13813" "Gm45406" 0.174100043153053 0.0189672071492109 0.00486527376386793 0.996118088494452 NA 0 0.0357142857142857 "Uqcrc2_noRT" "non-targeting_noRT"
"13814" "Gm31805" 0.174100043153053 0.0189672071492109 0.00486527376386793 0.996118088494452 NA 0 0.0357142857142857 "Uqcrc2_noRT" "non-targeting_noRT"
"13815" "Zfpm1" 0.174100043153053 0.0189672071492109 0.00486527376386793 0.996118088494452 NA 0 0.0357142857142857 "Uqcrc2_noRT" "non-targeting_noRT"
"13816" "Cnn1" 0.174100043153053 0.0189672071492109 0.00486527376386793 0.996118088494452 NA 0 0.0357142857142857 "Uqcrc2_noRT" "non-targeting_noRT"
"13817" "Nlrx1" 0.174100043153053 0.0189672071492109 0.00486527376386793 0.996118088494452 NA 0 0.0357142857142857 "Uqcrc2_noRT" "non-targeting_noRT"
"13818" "Nr1h4" 0.174100043153053 0.0189672071492109 0.00486527376386793 0.996118088494452 NA 0 0.0357142857142857 "Uqcrc2_noRT" "non-targeting_noRT"
"13819" "Bbs10" 0.174100043153053 0.0189672071492109 0.00486527376386793 0.996118088494452 NA 0 0.0357142857142857 "Uqcrc2_noRT" "non-targeting_noRT"
"13820" "4930471E19Rik" 0.174100043153053 0.0189672071492109 0.00486527376386793 0.996118088494452 NA 0 0.0357142857142857 "Uqcrc2_noRT" "non-targeting_noRT"
"13821" "Selenok-ps1" 0.174100043153053 0.0189672071492109 0.00486527376386793 0.996118088494452 NA 0 0.0357142857142857 "Uqcrc2_noRT" "non-targeting_noRT"
"13822" "2810021J22Rik" 0.174100043153053 0.0189672071492109 0.00486527376386793 0.996118088494452 NA 0 0.0357142857142857 "Uqcrc2_noRT" "non-targeting_noRT"
"13823" "Rilp" 0.174100043153053 0.0189672071492109 0.00486527376386793 0.996118088494452 NA 0 0.0357142857142857 "Uqcrc2_noRT" "non-targeting_noRT"
"13824" "Rskr" 0.174100043153053 0.0189672071492109 0.00486527376386793 0.996118088494452 NA 0 0.0357142857142857 "Uqcrc2_noRT" "non-targeting_noRT"
"13825" "4930502E09Rik" 0.174100043153053 0.0189672071492109 0.00486527376386793 0.996118088494452 NA 0 0.0357142857142857 "Uqcrc2_noRT" "non-targeting_noRT"
"13826" "Appbp2os" 0.174100043153053 0.0189672071492109 0.00486527376386793 0.996118088494452 NA 0 0.0357142857142857 "Uqcrc2_noRT" "non-targeting_noRT"
"13827" "Gm11635" 0.174100043153053 0.0189672071492109 0.00486527376386793 0.996118088494452 NA 0 0.0357142857142857 "Uqcrc2_noRT" "non-targeting_noRT"
"13828" "Myl4" 0.174100043153053 0.0189672071492109 0.00486527376386793 0.996118088494452 NA 0 0.0357142857142857 "Uqcrc2_noRT" "non-targeting_noRT"
"13829" "Sap30bpos" 0.174100043153053 0.0189672071492109 0.00486527376386793 0.996118088494452 NA 0 0.0357142857142857 "Uqcrc2_noRT" "non-targeting_noRT"
"13830" "Rhbdf2" 0.174100043153053 0.0189672071492109 0.00486527376386793 0.996118088494452 NA 0 0.0357142857142857 "Uqcrc2_noRT" "non-targeting_noRT"
"13831" "Plekhh1" 0.174100043153053 0.0189672071492109 0.00486527376386793 0.996118088494452 NA 0 0.0357142857142857 "Uqcrc2_noRT" "non-targeting_noRT"
"13832" "Fam161b" 0.174100043153053 0.0189672071492109 0.00486527376386793 0.996118088494452 NA 0 0.0357142857142857 "Uqcrc2_noRT" "non-targeting_noRT"
"13833" "Sv2c" 0.174100043153053 0.0189672071492109 0.00486527376386793 0.996118088494452 NA 0 0.0357142857142857 "Uqcrc2_noRT" "non-targeting_noRT"
"13834" "Naip5" 0.174100043153053 0.0189672071492109 0.00486527376386793 0.996118088494452 NA 0 0.0357142857142857 "Uqcrc2_noRT" "non-targeting_noRT"
"13835" "Fst" 0.174100043153053 0.0189672071492109 0.00486527376386793 0.996118088494452 NA 0 0.0357142857142857 "Uqcrc2_noRT" "non-targeting_noRT"
"13836" "Gm20667" 0.174100043153053 0.0189672071492109 0.00486527376386793 0.996118088494452 NA 0 0.0357142857142857 "Uqcrc2_noRT" "non-targeting_noRT"
"13837" "Klf12" 0.174100043153053 0.0189672071492109 0.00486527376386793 0.996118088494452 NA 0 0.0357142857142857 "Uqcrc2_noRT" "non-targeting_noRT"
"13838" "Gm28221" 0.174100043153053 0.0189672071492109 0.00486527376386793 0.996118088494452 NA 0 0.0357142857142857 "Uqcrc2_noRT" "non-targeting_noRT"
"13839" "Card10" 0.174100043153053 0.0189672071492109 0.00486527376386793 0.996118088494452 NA 0 0.0357142857142857 "Uqcrc2_noRT" "non-targeting_noRT"
"13840" "Tmem191c" 0.174100043153053 0.0189672071492109 0.00486527376386793 0.996118088494452 NA 0 0.0357142857142857 "Uqcrc2_noRT" "non-targeting_noRT"
"13841" "Gm4737" 0.174100043153053 0.0189672071492109 0.00486527376386793 0.996118088494452 NA 0 0.0357142857142857 "Uqcrc2_noRT" "non-targeting_noRT"
"13842" "1700010I14Rik" 0.174100043153053 0.0189672071492109 0.00486527376386793 0.996118088494452 NA 0 0.0357142857142857 "Uqcrc2_noRT" "non-targeting_noRT"
"13843" "9030025P20Rik" 0.174100043153053 0.0189672071492109 0.00486527376386793 0.996118088494452 NA 0 0.0357142857142857 "Uqcrc2_noRT" "non-targeting_noRT"
"13844" "AC166172.1" 0.174100043153053 0.0189672071492109 0.00486527376386793 0.996118088494452 NA 0 0.0357142857142857 "Uqcrc2_noRT" "non-targeting_noRT"
"13845" "Zfp799" 0.174100043153053 0.0189672071492109 0.00486527376386793 0.996118088494452 NA 0 0.0357142857142857 "Uqcrc2_noRT" "non-targeting_noRT"
"13846" "Nlrc4" 0.174100043153053 0.0189672071492109 0.00486527376386793 0.996118088494452 NA 0 0.0357142857142857 "Uqcrc2_noRT" "non-targeting_noRT"
"13847" "4930545E07Rik" 0.174100043153053 0.0189672071492109 0.00486527376386793 0.996118088494452 NA 0 0.0357142857142857 "Uqcrc2_noRT" "non-targeting_noRT"
"13848" "Gm31265" 0.174100043153053 0.0189672071492109 0.00486527376386793 0.996118088494452 NA 0 0.0357142857142857 "Uqcrc2_noRT" "non-targeting_noRT"
"13849" "Zbtb3" 0.174100043153053 0.0189672071492109 0.00486527376386793 0.996118088494452 NA 0 0.0357142857142857 "Uqcrc2_noRT" "non-targeting_noRT"
"13850" "Prrg1" 0.174100043153053 0.0189672071492109 0.00486527376386793 0.996118088494452 NA 0 0.0357142857142857 "Uqcrc2_noRT" "non-targeting_noRT"
"13851" "Slc7a3" 0.174100043153053 0.0189672071492109 0.00486527376386793 0.996118088494452 NA 0 0.0357142857142857 "Uqcrc2_noRT" "non-targeting_noRT"
"13852" "Reps1" 5.59278618316563 -0.00359218800161472 -0.00441885427011382 0.996474275875484 NA 0.333333333333333 0.339285714285714 "Uqcrc2_noRT" "non-targeting_noRT"
"13853" "Mtx1" 25.2532680979888 -0.00188398747235067 -0.00440540056203606 0.996485010276962 0.998305974263045 0.714285714285714 0.821428571428571 "Uqcrc2_noRT" "non-targeting_noRT"
"13854" "Tmem237" 5.76646166952044 0.00349558840565835 0.00438026777901686 0.996505063143021 NA 0.333333333333333 0.446428571428571 "Uqcrc2_noRT" "non-targeting_noRT"
"13855" "Yap1" 10.0846532394791 0.00259421111672194 0.00431166908642158 0.996559796463835 NA 0.476190476190476 0.607142857142857 "Uqcrc2_noRT" "non-targeting_noRT"
"13856" "Car9" 0.685239718016665 0.00892771893911016 0.00428091941857817 0.996584330922625 NA 0.0476190476190476 0.0714285714285714 "Uqcrc2_noRT" "non-targeting_noRT"
"13857" "E130307A14Rik" 0.685239718016665 0.00892771893911016 0.00428091941857817 0.996584330922625 NA 0.0476190476190476 0.0714285714285714 "Uqcrc2_noRT" "non-targeting_noRT"
"13858" "Dhrs11" 0.685239718016665 0.00892771893911016 0.00428091941857817 0.996584330922625 NA 0.0476190476190476 0.0714285714285714 "Uqcrc2_noRT" "non-targeting_noRT"
"13859" "Tmem186" 0.685239718016665 0.00892771893911016 0.00428091941857817 0.996584330922625 NA 0.0476190476190476 0.0714285714285714 "Uqcrc2_noRT" "non-targeting_noRT"
"13860" "Trpm6" 0.685239718016665 0.00892771893911016 0.00428091941857817 0.996584330922625 NA 0.0476190476190476 0.0714285714285714 "Uqcrc2_noRT" "non-targeting_noRT"
"13861" "Rad51c" 5.13636349695159 0.00358949791672421 0.0042623454145353 0.996599150698475 NA 0.380952380952381 0.357142857142857 "Uqcrc2_noRT" "non-targeting_noRT"
"13862" "Pusl1" 15.092751129972 0.00212147928879532 0.00424263395465737 0.996614878025778 0.998305974263045 0.523809523809524 0.642857142857143 "Uqcrc2_noRT" "non-targeting_noRT"
"13863" "Bccip" 61.5462313709315 -0.00117032488416144 -0.00423972192364924 0.996617201469463 0.998305974263045 0.952380952380952 0.964285714285714 "Uqcrc2_noRT" "non-targeting_noRT"
"13864" "Lexm" 0.672523739453525 0.0088681382455692 0.00423410502626693 0.996621683064938 NA 0.0476190476190476 0.0714285714285714 "Uqcrc2_noRT" "non-targeting_noRT"
"13865" "Mxd1" 0.672523739453525 0.0088681382455692 0.00423410502626693 0.996621683064938 NA 0.0476190476190476 0.0714285714285714 "Uqcrc2_noRT" "non-targeting_noRT"
"13866" "Il34" 0.672523739453525 0.0088681382455692 0.00423410502626693 0.996621683064938 NA 0.0476190476190476 0.0714285714285714 "Uqcrc2_noRT" "non-targeting_noRT"
"13867" "Sipa1" 0.672523739453525 0.0088681382455692 0.00423410502626693 0.996621683064938 NA 0.0476190476190476 0.0714285714285714 "Uqcrc2_noRT" "non-targeting_noRT"
"13868" "Sqor" 0.624362833161967 0.00863887274221182 0.0040547704487307 0.996764770126518 NA 0.0476190476190476 0.0714285714285714 "Uqcrc2_noRT" "non-targeting_noRT"
"13869" "Hcrtr1" 0.624362833161967 0.00863887274221182 0.0040547704487307 0.996764770126518 NA 0.0476190476190476 0.0714285714285714 "Uqcrc2_noRT" "non-targeting_noRT"
"13870" "2900089D17Rik" 0.624362833161967 0.00863887274221182 0.0040547704487307 0.996764770126518 NA 0.0476190476190476 0.0714285714285714 "Uqcrc2_noRT" "non-targeting_noRT"
"13871" "Lhfpl4" 0.624362833161967 0.00863887274221182 0.0040547704487307 0.996764770126518 NA 0.0476190476190476 0.0714285714285714 "Uqcrc2_noRT" "non-targeting_noRT"
"13872" "Gm26579" 0.624362833161967 0.00863887274221182 0.0040547704487307 0.996764770126518 NA 0.0476190476190476 0.0714285714285714 "Uqcrc2_noRT" "non-targeting_noRT"
"13873" "Armc7" 0.624362833161967 0.00863887274221182 0.0040547704487307 0.996764770126518 NA 0.0476190476190476 0.0714285714285714 "Uqcrc2_noRT" "non-targeting_noRT"
"13874" "Gm5141" 0.624362833161967 0.00863887274221182 0.0040547704487307 0.996764770126518 NA 0.0476190476190476 0.0714285714285714 "Uqcrc2_noRT" "non-targeting_noRT"
"13875" "Gm16973" 0.624362833161967 0.00863887274221182 0.0040547704487307 0.996764770126518 NA 0.0476190476190476 0.0714285714285714 "Uqcrc2_noRT" "non-targeting_noRT"
"13876" "A230072E10Rik" 0.624362833161967 0.00863887274221182 0.0040547704487307 0.996764770126518 NA 0.0476190476190476 0.0714285714285714 "Uqcrc2_noRT" "non-targeting_noRT"
"13877" "Map4k1" 4.39279222860346 0.00351683536548166 0.0039714042455528 0.996831286197288 NA 0.238095238095238 0.339285714285714 "Uqcrc2_noRT" "non-targeting_noRT"
"13878" "Atxn2" 12.4682743180854 -0.00206760111503676 -0.00364717146641211 0.997089984647786 NA 0.333333333333333 0.642857142857143 "Uqcrc2_noRT" "non-targeting_noRT"
"13879" "Gm4544" 0.6291572851986 -0.00834556048068657 -0.00359709922623527 0.997129936253064 NA 0.0476190476190476 0.0714285714285714 "Uqcrc2_noRT" "non-targeting_noRT"
"13880" "Mob3b" 0.677318191490159 -0.00793378147697441 -0.00348721072830929 0.997217614038882 NA 0.0476190476190476 0.0535714285714286 "Uqcrc2_noRT" "non-targeting_noRT"
"13881" "Lpin1" 0.677318191490159 -0.00793378147697441 -0.00348721072830929 0.997217614038882 NA 0.0476190476190476 0.0714285714285714 "Uqcrc2_noRT" "non-targeting_noRT"
"13882" "Hacl1" 0.677318191490159 -0.00793378147697441 -0.00348721072830929 0.997217614038882 NA 0.0476190476190476 0.0714285714285714 "Uqcrc2_noRT" "non-targeting_noRT"
"13883" "Tspyl5" 1.84375582871157 0.00466217707443505 0.00347900503344352 0.997224161196411 NA 0.142857142857143 0.196428571428571 "Uqcrc2_noRT" "non-targeting_noRT"
"13884" "Gm15834" 0.690034170053299 -0.00782742088897643 -0.00345729274636718 0.997241484990862 NA 0.0476190476190476 0.0714285714285714 "Uqcrc2_noRT" "non-targeting_noRT"
"13885" "1700123M08Rik" 0.690034170053299 -0.00782742088897643 -0.00345729274636718 0.997241484990862 NA 0.0476190476190476 0.0714285714285714 "Uqcrc2_noRT" "non-targeting_noRT"
"13886" "D130040H23Rik" 0.690034170053299 -0.00782742088897643 -0.00345729274636718 0.997241484990862 NA 0.0476190476190476 0.0714285714285714 "Uqcrc2_noRT" "non-targeting_noRT"
"13887" "Zgpat" 2.51098121851498 0.00383819389487252 0.00330846847386145 0.99736022890061 NA 0.19047619047619 0.25 "Uqcrc2_noRT" "non-targeting_noRT"
"13888" "Spg11" 3.92903982087323 0.00312468212742752 0.00313521704643052 0.997498462822067 NA 0.19047619047619 0.285714285714286 "Uqcrc2_noRT" "non-targeting_noRT"
"13889" "Iqcg" 1.97835056831893 -0.00420861818302454 -0.00295279055279208 0.997644017430268 NA 0.0952380952380952 0.107142857142857 "Uqcrc2_noRT" "non-targeting_noRT"
"13890" "Trappc12" 4.3075819474305 -0.00251220410729189 -0.00276512153755989 0.997793755027891 NA 0.285714285714286 0.303571428571429 "Uqcrc2_noRT" "non-targeting_noRT"
"13891" "Gm11423" 2.02927940169674 -0.00418373311149289 -0.00262215513776422 0.997907825297075 NA 0.142857142857143 0.196428571428571 "Uqcrc2_noRT" "non-targeting_noRT"
"13892" "Ltbp3" 8.09621185820487 -0.00173360684148602 -0.002597524489359 0.997927477644231 NA 0.380952380952381 0.446428571428571 "Uqcrc2_noRT" "non-targeting_noRT"
"13893" "Fbf1" 4.42352253537986 -0.00227086091400106 -0.00253341814439382 0.997978626938796 NA 0.285714285714286 0.321428571428571 "Uqcrc2_noRT" "non-targeting_noRT"
"13894" "Ppp1r12a" 21.3244773907424 -0.00105462487127581 -0.00250612137468349 0.998000406540765 0.999197566459272 0.666666666666667 0.75 "Uqcrc2_noRT" "non-targeting_noRT"
"13895" "Zmiz1" 14.5406662134946 -0.0012501797316595 -0.00241415544579692 0.998073784513465 0.999197566459272 0.428571428571429 0.571428571428571 "Uqcrc2_noRT" "non-targeting_noRT"
"13896" "Tmem107" 20.7379609386651 -0.000932884543230461 -0.00221624776086372 0.998231691576276 0.999197566459272 0.761904761904762 0.821428571428571 "Uqcrc2_noRT" "non-targeting_noRT"
"13897" "Abhd17b" 31.2104670121443 -0.000546013640529268 -0.0016232743055237 0.998704815062481 0.999429389293481 0.904761904761905 0.892857142857143 "Uqcrc2_noRT" "non-targeting_noRT"
"13898" "Mcts2" 10.0713555209493 0.00094436286165211 0.00152137721993387 0.998786117073331 NA 0.428571428571429 0.517857142857143 "Uqcrc2_noRT" "non-targeting_noRT"
"13899" "Noc4l" 22.0395169719824 0.000499287325801054 0.00125853063331049 0.998995838103466 0.999440475076567 0.619047619047619 0.785714285714286 "Uqcrc2_noRT" "non-targeting_noRT"
"13900" "Ptpru" 0.627050929163602 -0.00303539023430072 -0.00117286516145807 0.999064189210321 NA 0.0476190476190476 0.0714285714285714 "Uqcrc2_noRT" "non-targeting_noRT"
"13901" "Adam19" 0.627050929163602 -0.00303539023430072 -0.00117286516145807 0.999064189210321 NA 0.0476190476190476 0.0535714285714286 "Uqcrc2_noRT" "non-targeting_noRT"
"13902" "Gm49774" 0.627050929163602 -0.00303539023430072 -0.00117286516145807 0.999064189210321 NA 0.0476190476190476 0.0535714285714286 "Uqcrc2_noRT" "non-targeting_noRT"
"13903" "Pcdhgc4" 0.627050929163602 -0.00303539023430072 -0.00117286516145807 0.999064189210321 NA 0.0476190476190476 0.0714285714285714 "Uqcrc2_noRT" "non-targeting_noRT"
"13904" "Hist1h4c" 0.675211835455161 -0.00277178035733133 -0.00109510760112412 0.999126230727291 NA 0.0476190476190476 0.0535714285714286 "Uqcrc2_noRT" "non-targeting_noRT"
"13905" "Bdnf" 0.687927814018301 -0.00270400528644757 -0.00107423311716938 0.999142886145956 NA 0.0476190476190476 0.0714285714285714 "Uqcrc2_noRT" "non-targeting_noRT"
"13906" "Clec2f" 0.687927814018301 -0.00270400528644757 -0.00107423311716938 0.999142886145956 NA 0.0476190476190476 0.0535714285714286 "Uqcrc2_noRT" "non-targeting_noRT"
"13907" "Leng9" 0.687927814018301 -0.00270400528644757 -0.00107423311716938 0.999142886145956 NA 0.0476190476190476 0.0535714285714286 "Uqcrc2_noRT" "non-targeting_noRT"
"13908" "2010300C02Rik" 0.176206399188051 0.0033738668665002 0.0008365691667349 0.999332514455675 NA 0 0.0357142857142857 "Uqcrc2_noRT" "non-targeting_noRT"
"13909" "Gm13986" 0.176206399188051 0.0033738668665002 0.0008365691667349 0.999332514455675 NA 0 0.0357142857142857 "Uqcrc2_noRT" "non-targeting_noRT"
"13910" "Spata5l1" 0.176206399188051 0.0033738668665002 0.0008365691667349 0.999332514455675 NA 0 0.0357142857142857 "Uqcrc2_noRT" "non-targeting_noRT"
"13911" "4921508D12Rik" 0.176206399188051 0.0033738668665002 0.0008365691667349 0.999332514455675 NA 0 0.0357142857142857 "Uqcrc2_noRT" "non-targeting_noRT"
"13912" "Ankef1" 0.176206399188051 0.0033738668665002 0.0008365691667349 0.999332514455675 NA 0 0.0357142857142857 "Uqcrc2_noRT" "non-targeting_noRT"
"13913" "Bpifb4" 0.176206399188051 0.0033738668665002 0.0008365691667349 0.999332514455675 NA 0 0.0178571428571429 "Uqcrc2_noRT" "non-targeting_noRT"
"13914" "Bpifb1" 0.176206399188051 0.0033738668665002 0.0008365691667349 0.999332514455675 NA 0 0.0357142857142857 "Uqcrc2_noRT" "non-targeting_noRT"
"13915" "Necab3" 0.176206399188051 0.0033738668665002 0.0008365691667349 0.999332514455675 NA 0 0.0357142857142857 "Uqcrc2_noRT" "non-targeting_noRT"
"13916" "Gnasas1" 0.176206399188051 0.0033738668665002 0.0008365691667349 0.999332514455675 NA 0 0.0178571428571429 "Uqcrc2_noRT" "non-targeting_noRT"
"13917" "Nup210l" 0.176206399188051 0.0033738668665002 0.0008365691667349 0.999332514455675 NA 0 0.0357142857142857 "Uqcrc2_noRT" "non-targeting_noRT"
"13918" "Gm42717" 0.176206399188051 0.0033738668665002 0.0008365691667349 0.999332514455675 NA 0 0.0178571428571429 "Uqcrc2_noRT" "non-targeting_noRT"
"13919" "Ccl19" 0.176206399188051 0.0033738668665002 0.0008365691667349 0.999332514455675 NA 0 0.0178571428571429 "Uqcrc2_noRT" "non-targeting_noRT"
"13920" "4933421A08Rik" 0.176206399188051 0.0033738668665002 0.0008365691667349 0.999332514455675 NA 0 0.0357142857142857 "Uqcrc2_noRT" "non-targeting_noRT"
"13921" "Gm13091" 0.176206399188051 0.0033738668665002 0.0008365691667349 0.999332514455675 NA 0 0.0178571428571429 "Uqcrc2_noRT" "non-targeting_noRT"
"13922" "Gm10482" 0.176206399188051 0.0033738668665002 0.0008365691667349 0.999332514455675 NA 0 0.0357142857142857 "Uqcrc2_noRT" "non-targeting_noRT"
"13923" "Magi2" 0.176206399188051 0.0033738668665002 0.0008365691667349 0.999332514455675 NA 0 0.0357142857142857 "Uqcrc2_noRT" "non-targeting_noRT"
"13924" "Gm43660" 0.176206399188051 0.0033738668665002 0.0008365691667349 0.999332514455675 NA 0 0.0357142857142857 "Uqcrc2_noRT" "non-targeting_noRT"
"13925" "Poln" 0.176206399188051 0.0033738668665002 0.0008365691667349 0.999332514455675 NA 0 0.0357142857142857 "Uqcrc2_noRT" "non-targeting_noRT"
"13926" "Bicdl1" 0.176206399188051 0.0033738668665002 0.0008365691667349 0.999332514455675 NA 0 0.0357142857142857 "Uqcrc2_noRT" "non-targeting_noRT"
"13927" "Tmem40" 0.176206399188051 0.0033738668665002 0.0008365691667349 0.999332514455675 NA 0 0.0357142857142857 "Uqcrc2_noRT" "non-targeting_noRT"
"13928" "Sbk2" 0.176206399188051 0.0033738668665002 0.0008365691667349 0.999332514455675 NA 0 0.0357142857142857 "Uqcrc2_noRT" "non-targeting_noRT"
"13929" "Apoc2" 0.176206399188051 0.0033738668665002 0.0008365691667349 0.999332514455675 NA 0 0.0178571428571429 "Uqcrc2_noRT" "non-targeting_noRT"
"13930" "Fcgrt" 0.176206399188051 0.0033738668665002 0.0008365691667349 0.999332514455675 NA 0 0.0178571428571429 "Uqcrc2_noRT" "non-targeting_noRT"
"13931" "Kcnj14" 0.176206399188051 0.0033738668665002 0.0008365691667349 0.999332514455675 NA 0 0.0357142857142857 "Uqcrc2_noRT" "non-targeting_noRT"
"13932" "Bc1" 0.176206399188051 0.0033738668665002 0.0008365691667349 0.999332514455675 NA 0 0.0357142857142857 "Uqcrc2_noRT" "non-targeting_noRT"
"13933" "Gm5608" 0.176206399188051 0.0033738668665002 0.0008365691667349 0.999332514455675 NA 0 0.0178571428571429 "Uqcrc2_noRT" "non-targeting_noRT"
"13934" "Gm19410" 0.176206399188051 0.0033738668665002 0.0008365691667349 0.999332514455675 NA 0 0.0178571428571429 "Uqcrc2_noRT" "non-targeting_noRT"
"13935" "Slc9a5" 0.176206399188051 0.0033738668665002 0.0008365691667349 0.999332514455675 NA 0 0.0357142857142857 "Uqcrc2_noRT" "non-targeting_noRT"
"13936" "Gm17344" 0.176206399188051 0.0033738668665002 0.0008365691667349 0.999332514455675 NA 0 0.0357142857142857 "Uqcrc2_noRT" "non-targeting_noRT"
"13937" "1700030J22Rik" 0.176206399188051 0.0033738668665002 0.0008365691667349 0.999332514455675 NA 0 0.0357142857142857 "Uqcrc2_noRT" "non-targeting_noRT"
"13938" "Zglp1" 0.176206399188051 0.0033738668665002 0.0008365691667349 0.999332514455675 NA 0 0.0357142857142857 "Uqcrc2_noRT" "non-targeting_noRT"
"13939" "Lctl" 0.176206399188051 0.0033738668665002 0.0008365691667349 0.999332514455675 NA 0 0.0357142857142857 "Uqcrc2_noRT" "non-targeting_noRT"
"13940" "Pls1" 0.176206399188051 0.0033738668665002 0.0008365691667349 0.999332514455675 NA 0 0.0178571428571429 "Uqcrc2_noRT" "non-targeting_noRT"
"13941" "1700019L13Rik" 0.176206399188051 0.0033738668665002 0.0008365691667349 0.999332514455675 NA 0 0.0357142857142857 "Uqcrc2_noRT" "non-targeting_noRT"
"13942" "A530083I20Rik" 0.176206399188051 0.0033738668665002 0.0008365691667349 0.999332514455675 NA 0 0.0357142857142857 "Uqcrc2_noRT" "non-targeting_noRT"
"13943" "Gpr75" 0.176206399188051 0.0033738668665002 0.0008365691667349 0.999332514455675 NA 0 0.0357142857142857 "Uqcrc2_noRT" "non-targeting_noRT"
"13944" "Samd15" 0.176206399188051 0.0033738668665002 0.0008365691667349 0.999332514455675 NA 0 0.0357142857142857 "Uqcrc2_noRT" "non-targeting_noRT"
"13945" "Mok" 0.176206399188051 0.0033738668665002 0.0008365691667349 0.999332514455675 NA 0 0.0357142857142857 "Uqcrc2_noRT" "non-targeting_noRT"
"13946" "Ripor2" 0.176206399188051 0.0033738668665002 0.0008365691667349 0.999332514455675 NA 0 0.0357142857142857 "Uqcrc2_noRT" "non-targeting_noRT"
"13947" "Gm20712" 0.176206399188051 0.0033738668665002 0.0008365691667349 0.999332514455675 NA 0 0.0357142857142857 "Uqcrc2_noRT" "non-targeting_noRT"
"13948" "Lynx1" 0.176206399188051 0.0033738668665002 0.0008365691667349 0.999332514455675 NA 0 0.0357142857142857 "Uqcrc2_noRT" "non-targeting_noRT"
"13949" "Ly6i" 0.176206399188051 0.0033738668665002 0.0008365691667349 0.999332514455675 NA 0 0.0357142857142857 "Uqcrc2_noRT" "non-targeting_noRT"
"13950" "Smpd5" 0.176206399188051 0.0033738668665002 0.0008365691667349 0.999332514455675 NA 0 0.0357142857142857 "Uqcrc2_noRT" "non-targeting_noRT"
"13951" "Gm17638" 0.176206399188051 0.0033738668665002 0.0008365691667349 0.999332514455675 NA 0 0.0357142857142857 "Uqcrc2_noRT" "non-targeting_noRT"
"13952" "Fam227a" 0.176206399188051 0.0033738668665002 0.0008365691667349 0.999332514455675 NA 0 0.0357142857142857 "Uqcrc2_noRT" "non-targeting_noRT"
"13953" "Meltf" 0.176206399188051 0.0033738668665002 0.0008365691667349 0.999332514455675 NA 0 0.0357142857142857 "Uqcrc2_noRT" "non-targeting_noRT"
"13954" "Gm20513" 0.176206399188051 0.0033738668665002 0.0008365691667349 0.999332514455675 NA 0 0.0357142857142857 "Uqcrc2_noRT" "non-targeting_noRT"
"13955" "2300002M23Rik" 0.176206399188051 0.0033738668665002 0.0008365691667349 0.999332514455675 NA 0 0.0357142857142857 "Uqcrc2_noRT" "non-targeting_noRT"
"13956" "Gm49980" 0.176206399188051 0.0033738668665002 0.0008365691667349 0.999332514455675 NA 0 0.0357142857142857 "Uqcrc2_noRT" "non-targeting_noRT"
"13957" "Peli3" 0.176206399188051 0.0033738668665002 0.0008365691667349 0.999332514455675 NA 0 0.0357142857142857 "Uqcrc2_noRT" "non-targeting_noRT"
"13958" "Ms4a6d" 0.176206399188051 0.0033738668665002 0.0008365691667349 0.999332514455675 NA 0 0.0178571428571429 "Uqcrc2_noRT" "non-targeting_noRT"
"13959" "Gm36043" 0.176206399188051 0.0033738668665002 0.0008365691667349 0.999332514455675 NA 0 0.0178571428571429 "Uqcrc2_noRT" "non-targeting_noRT"
"13960" "4930505N22Rik" 0.176206399188051 0.0033738668665002 0.0008365691667349 0.999332514455675 NA 0 0.0357142857142857 "Uqcrc2_noRT" "non-targeting_noRT"
"13961" "Gm30541" 0.176206399188051 0.0033738668665002 0.0008365691667349 0.999332514455675 NA 0 0.0357142857142857 "Uqcrc2_noRT" "non-targeting_noRT"
"13962" "Ppp1r3f" 0.176206399188051 0.0033738668665002 0.0008365691667349 0.999332514455675 NA 0 0.0357142857142857 "Uqcrc2_noRT" "non-targeting_noRT"
"13963" "Gm14698" 0.176206399188051 0.0033738668665002 0.0008365691667349 0.999332514455675 NA 0 0.0357142857142857 "Uqcrc2_noRT" "non-targeting_noRT"
"13964" "Efnb1" 0.176206399188051 0.0033738668665002 0.0008365691667349 0.999332514455675 NA 0 0.0357142857142857 "Uqcrc2_noRT" "non-targeting_noRT"
"13965" "Trip4" 3.16549062975524 -0.00078608185471654 -0.000768553421446963 0.999386783151244 NA 0.142857142857143 0.285714285714286 "Uqcrc2_noRT" "non-targeting_noRT"
"13966" "Lpgat1" 18.3356732758521 -0.000312678062227575 -0.000720095516572932 0.999425446954678 0.999440475076567 0.619047619047619 0.75 "Uqcrc2_noRT" "non-targeting_noRT"
"13967" "Psmd9" 14.0682528658335 -0.000347012658621533 -0.000701260554194891 0.999440475076567 0.999440475076567 0.666666666666667 0.714285714285714 "Uqcrc2_noRT" "non-targeting_noRT"
"13968" "Cask" 6.18635863734163 -0.000532084223521046 -0.000690410974382576 0.999449131786695 NA 0.380952380952381 0.357142857142857 "Uqcrc2_noRT" "non-targeting_noRT"
"13969" "Fhod1" 0.687346074051663 0.00122826063763557 0.000542199691158898 0.999567387258749 NA 0.0476190476190476 0.0714285714285714 "Uqcrc2_noRT" "non-targeting_noRT"
"13970" "Amt" 0.687346074051663 0.00122826063763557 0.000542199691158898 0.999567387258749 NA 0.0476190476190476 0.0714285714285714 "Uqcrc2_noRT" "non-targeting_noRT"
"13971" "Cramp1l" 2.49615888391684 0.000597037169351003 0.000523395409835605 0.999582390902364 NA 0.19047619047619 0.232142857142857 "Uqcrc2_noRT" "non-targeting_noRT"
"13972" "Dclre1c" 1.82893349411344 -0.000556011918904574 -0.000412134141598107 0.999671164540748 NA 0.142857142857143 0.160714285714286 "Uqcrc2_noRT" "non-targeting_noRT"
"13973" "Kcnab2" 1.82893349411344 -0.000556011918904574 -0.000412134141598107 0.999671164540748 NA 0.142857142857143 0.178571428571429 "Uqcrc2_noRT" "non-targeting_noRT"
"13974" "Tbc1d24" 0.626469189196964 0.000842792229893161 0.000363004205959976 0.999710364554919 NA 0.0476190476190476 0.0714285714285714 "Uqcrc2_noRT" "non-targeting_noRT"
"13975" "Cln6" 5.06960652248013 -0.000164772762475581 -0.000205188996253007 0.999836282868992 NA 0.238095238095238 0.428571428571429 "Uqcrc2_noRT" "non-targeting_noRT"
"13976" "Dcbld1" 3.65307253619024 -2.34504726268234e-05 -2.3916859945608e-05 0.999980917106708 NA 0.238095238095238 0.303571428571429 "Uqcrc2_noRT" "non-targeting_noRT"
"13977" "Xkr4" 0 NA NA NA NA 0 0 "Uqcrc2_noRT" "non-targeting_noRT"
"13978" "Gm1992" 0 NA NA NA NA 0 0 "Uqcrc2_noRT" "non-targeting_noRT"
"13979" "Gm19938" 0 NA NA NA NA 0 0 "Uqcrc2_noRT" "non-targeting_noRT"
"13980" "Gm37381" 0 NA NA NA NA 0 0 "Uqcrc2_noRT" "non-targeting_noRT"
"13981" "Rp1" 0 NA NA NA NA 0 0 "Uqcrc2_noRT" "non-targeting_noRT"
"13982" "Sox17" 0 NA NA NA NA 0 0 "Uqcrc2_noRT" "non-targeting_noRT"
"13983" "Gm37587" 0 NA NA NA NA 0 0 "Uqcrc2_noRT" "non-targeting_noRT"
"13984" "Gm37323" 0 NA NA NA NA 0 0 "Uqcrc2_noRT" "non-targeting_noRT"
"13985" "Rgs20" 0 NA NA NA NA 0 0 "Uqcrc2_noRT" "non-targeting_noRT"
"13986" "Gm16041" 0 NA NA NA NA 0 0 "Uqcrc2_noRT" "non-targeting_noRT"
"13987" "Oprk1" 0 NA NA NA NA 0 0 "Uqcrc2_noRT" "non-targeting_noRT"
"13988" "Npbwr1" 0 NA NA NA NA 0 0 "Uqcrc2_noRT" "non-targeting_noRT"
"13989" "Alkal1" 0 NA NA NA NA 0 0 "Uqcrc2_noRT" "non-targeting_noRT"
"13990" "St18" 0 NA NA NA NA 0 0 "Uqcrc2_noRT" "non-targeting_noRT"
"13991" "Gm30414" 0 NA NA NA NA 0 0 "Uqcrc2_noRT" "non-targeting_noRT"
"13992" "Sntg1" 0 NA NA NA NA 0 0 "Uqcrc2_noRT" "non-targeting_noRT"
"13993" "Vxn" 0 NA NA NA NA 0 0 "Uqcrc2_noRT" "non-targeting_noRT"
"13994" "Gm29520" 0 NA NA NA NA 0 0 "Uqcrc2_noRT" "non-targeting_noRT"
"13995" "1700034P13Rik" 0 NA NA NA NA 0 0 "Uqcrc2_noRT" "non-targeting_noRT"
"13996" "Mcmdc2" 0 NA NA NA NA 0 0 "Uqcrc2_noRT" "non-targeting_noRT"
"13997" "Tcf24" 0 NA NA NA NA 0 0 "Uqcrc2_noRT" "non-targeting_noRT"
"13998" "Ppp1r42" 0 NA NA NA NA 0 0 "Uqcrc2_noRT" "non-targeting_noRT"
"13999" "Gm15818" 0 NA NA NA NA 0 0 "Uqcrc2_noRT" "non-targeting_noRT"
"14000" "Cpa6" 0 NA NA NA NA 0 0 "Uqcrc2_noRT" "non-targeting_noRT"
"14001" "Prex2" 0 NA NA NA NA 0 0 "Uqcrc2_noRT" "non-targeting_noRT"
"14002" "A830018L16Rik" 0 NA NA NA NA 0 0 "Uqcrc2_noRT" "non-targeting_noRT"
"14003" "Gm17644" 0 NA NA NA NA 0 0 "Uqcrc2_noRT" "non-targeting_noRT"
"14004" "Gm29663" 0 NA NA NA NA 0 0 "Uqcrc2_noRT" "non-targeting_noRT"
"14005" "Sulf1" 0 NA NA NA NA 0 0 "Uqcrc2_noRT" "non-targeting_noRT"
"14006" "Slco5a1" 0 NA NA NA NA 0 0 "Uqcrc2_noRT" "non-targeting_noRT"
"14007" "Gm29283" 0 NA NA NA NA 0 0 "Uqcrc2_noRT" "non-targeting_noRT"
"14008" "Prdm14" 0 NA NA NA NA 0 0 "Uqcrc2_noRT" "non-targeting_noRT"
"14009" "Gm29570" 0 NA NA NA NA 0 0 "Uqcrc2_noRT" "non-targeting_noRT"
"14010" "Xkr9" 0 NA NA NA NA 0 0 "Uqcrc2_noRT" "non-targeting_noRT"
"14011" "Eya1" 0 NA NA NA NA 0 0 "Uqcrc2_noRT" "non-targeting_noRT"
"14012" "Gm9947" 0 NA NA NA NA 0 0 "Uqcrc2_noRT" "non-targeting_noRT"
"14013" "Msc" 0 NA NA NA NA 0 0 "Uqcrc2_noRT" "non-targeting_noRT"
"14014" "Trpa1" 0 NA NA NA NA 0 0 "Uqcrc2_noRT" "non-targeting_noRT"
"14015" "Kcnb2" 0 NA NA NA NA 0 0 "Uqcrc2_noRT" "non-targeting_noRT"
"14016" "Sbspon" 0 NA NA NA NA 0 0 "Uqcrc2_noRT" "non-targeting_noRT"
"14017" "4930444P10Rik" 0 NA NA NA NA 0 0 "Uqcrc2_noRT" "non-targeting_noRT"
"14018" "Gm28095" 0 NA NA NA NA 0 0 "Uqcrc2_noRT" "non-targeting_noRT"
"14019" "Gm7568" 0 NA NA NA NA 0 0 "Uqcrc2_noRT" "non-targeting_noRT"
"14020" "D030040B21Rik" 0 NA NA NA NA 0 0 "Uqcrc2_noRT" "non-targeting_noRT"
"14021" "Gm28376" 0 NA NA NA NA 0 0 "Uqcrc2_noRT" "non-targeting_noRT"
"14022" "Jph1" 0 NA NA NA NA 0 0 "Uqcrc2_noRT" "non-targeting_noRT"
"14023" "Gm28783" 0 NA NA NA NA 0 0 "Uqcrc2_noRT" "non-targeting_noRT"
"14024" "Gdap1" 0 NA NA NA NA 0 0 "Uqcrc2_noRT" "non-targeting_noRT"
"14025" "Gm28784" 0 NA NA NA NA 0 0 "Uqcrc2_noRT" "non-targeting_noRT"
"14026" "Pi15" 0 NA NA NA NA 0 0 "Uqcrc2_noRT" "non-targeting_noRT"
"14027" "Gm28154" 0 NA NA NA NA 0 0 "Uqcrc2_noRT" "non-targeting_noRT"
"14028" "Gm16070" 0 NA NA NA NA 0 0 "Uqcrc2_noRT" "non-targeting_noRT"
"14029" "Crispld1" 0 NA NA NA NA 0 0 "Uqcrc2_noRT" "non-targeting_noRT"
"14030" "Gm28153" 0 NA NA NA NA 0 0 "Uqcrc2_noRT" "non-targeting_noRT"
"14031" "Gm28756" 0 NA NA NA NA 0 0 "Uqcrc2_noRT" "non-targeting_noRT"
"14032" "Crisp4" 0 NA NA NA NA 0 0 "Uqcrc2_noRT" "non-targeting_noRT"
"14033" "Defb18" 0 NA NA NA NA 0 0 "Uqcrc2_noRT" "non-targeting_noRT"
"14034" "Defb41" 0 NA NA NA NA 0 0 "Uqcrc2_noRT" "non-targeting_noRT"
"14035" "Gm15825" 0 NA NA NA NA 0 0 "Uqcrc2_noRT" "non-targeting_noRT"
"14036" "Tfap2d" 0 NA NA NA NA 0 0 "Uqcrc2_noRT" "non-targeting_noRT"
"14037" "Tfap2b" 0 NA NA NA NA 0 0 "Uqcrc2_noRT" "non-targeting_noRT"
"14038" "Gm28340" 0 NA NA NA NA 0 0 "Uqcrc2_noRT" "non-targeting_noRT"
"14039" "4930486I03Rik" 0 NA NA NA NA 0 0 "Uqcrc2_noRT" "non-targeting_noRT"
"14040" "Gm28653" 0 NA NA NA NA 0 0 "Uqcrc2_noRT" "non-targeting_noRT"
"14041" "Il17a" 0 NA NA NA NA 0 0 "Uqcrc2_noRT" "non-targeting_noRT"
"14042" "Il17f" 0 NA NA NA NA 0 0 "Uqcrc2_noRT" "non-targeting_noRT"
"14043" "Gm28065" 0 NA NA NA NA 0 0 "Uqcrc2_noRT" "non-targeting_noRT"
"14044" "Gm28287" 0 NA NA NA NA 0 0 "Uqcrc2_noRT" "non-targeting_noRT"
"14045" "Gm28836" 0 NA NA NA NA 0 0 "Uqcrc2_noRT" "non-targeting_noRT"
"14046" "Khdc1a" 0 NA NA NA NA 0 0 "Uqcrc2_noRT" "non-targeting_noRT"
"14047" "Khdc1c" 0 NA NA NA NA 0 0 "Uqcrc2_noRT" "non-targeting_noRT"
"14048" "Khdc1b" 0 NA NA NA NA 0 0 "Uqcrc2_noRT" "non-targeting_noRT"
"14049" "Kcnq5" 0 NA NA NA NA 0 0 "Uqcrc2_noRT" "non-targeting_noRT"
"14050" "Rims1" 0 NA NA NA NA 0 0 "Uqcrc2_noRT" "non-targeting_noRT"
"14051" "Gm29506" 0 NA NA NA NA 0 0 "Uqcrc2_noRT" "non-targeting_noRT"
"14052" "4933415F23Rik" 0 NA NA NA NA 0 0 "Uqcrc2_noRT" "non-targeting_noRT"
"14053" "Gm27028" 0 NA NA NA NA 0 0 "Uqcrc2_noRT" "non-targeting_noRT"
"14054" "Gm29107" 0 NA NA NA NA 0 0 "Uqcrc2_noRT" "non-targeting_noRT"
"14055" "Gm28822" 0 NA NA NA NA 0 0 "Uqcrc2_noRT" "non-targeting_noRT"
"14056" "Col19a1" 0 NA NA NA NA 0 0 "Uqcrc2_noRT" "non-targeting_noRT"
"14057" "Gm28237" 0 NA NA NA NA 0 0 "Uqcrc2_noRT" "non-targeting_noRT"
"14058" "Gm29414" 0 NA NA NA NA 0 0 "Uqcrc2_noRT" "non-targeting_noRT"
"14059" "4931408C20Rik" 0 NA NA NA NA 0 0 "Uqcrc2_noRT" "non-targeting_noRT"
"14060" "Gm5524" 0 NA NA NA NA 0 0 "Uqcrc2_noRT" "non-targeting_noRT"
"14061" "Gm597" 0 NA NA NA NA 0 0 "Uqcrc2_noRT" "non-targeting_noRT"
"14062" "Gm9898" 0 NA NA NA NA 0 0 "Uqcrc2_noRT" "non-targeting_noRT"
"14063" "Gm5698" 0 NA NA NA NA 0 0 "Uqcrc2_noRT" "non-targeting_noRT"
"14064" "4931428L18Rik" 0 NA NA NA NA 0 0 "Uqcrc2_noRT" "non-targeting_noRT"
"14065" "Gm28644" 0 NA NA NA NA 0 0 "Uqcrc2_noRT" "non-targeting_noRT"
"14066" "Gm29128" 0 NA NA NA NA 0 0 "Uqcrc2_noRT" "non-targeting_noRT"
"14067" "Lgsn" 0 NA NA NA NA 0 0 "Uqcrc2_noRT" "non-targeting_noRT"
"14068" "Pih1d3" 0 NA NA NA NA 0 0 "Uqcrc2_noRT" "non-targeting_noRT"
"14069" "Gm37724" 0 NA NA NA NA 0 0 "Uqcrc2_noRT" "non-targeting_noRT"
"14070" "Gm37591" 0 NA NA NA NA 0 0 "Uqcrc2_noRT" "non-targeting_noRT"
"14071" "Gm37958" 0 NA NA NA NA 0 0 "Uqcrc2_noRT" "non-targeting_noRT"
"14072" "Gm37233" 0 NA NA NA NA 0 0 "Uqcrc2_noRT" "non-targeting_noRT"
"14073" "Gm28306" 0 NA NA NA NA 0 0 "Uqcrc2_noRT" "non-targeting_noRT"
"14074" "4930568A12Rik" 0 NA NA NA NA 0 0 "Uqcrc2_noRT" "non-targeting_noRT"
"14075" "Prss39" 0 NA NA NA NA 0 0 "Uqcrc2_noRT" "non-targeting_noRT"
"14076" "Cfc1" 0 NA NA NA NA 0 0 "Uqcrc2_noRT" "non-targeting_noRT"
"14077" "Prss40" 0 NA NA NA NA 0 0 "Uqcrc2_noRT" "non-targeting_noRT"
"14078" "1700101I19Rik" 0 NA NA NA NA 0 0 "Uqcrc2_noRT" "non-targeting_noRT"
"14079" "Amer3" 0 NA NA NA NA 0 0 "Uqcrc2_noRT" "non-targeting_noRT"
"14080" "Arhgef4.1" 0 NA NA NA NA 0 0 "Uqcrc2_noRT" "non-targeting_noRT"
"14081" "Gm38336" 0 NA NA NA NA 0 0 "Uqcrc2_noRT" "non-targeting_noRT"
"14082" "Gm37068" 0 NA NA NA NA 0 0 "Uqcrc2_noRT" "non-targeting_noRT"
"14083" "Gm28415" 0 NA NA NA NA 0 0 "Uqcrc2_noRT" "non-targeting_noRT"
"14084" "1110002O04Rik" 0 NA NA NA NA 0 0 "Uqcrc2_noRT" "non-targeting_noRT"
"14085" "Gm37146" 0 NA NA NA NA 0 0 "Uqcrc2_noRT" "non-targeting_noRT"
"14086" "Gm33222" 0 NA NA NA NA 0 0 "Uqcrc2_noRT" "non-targeting_noRT"
"14087" "4930535G08Rik" 0 NA NA NA NA 0 0 "Uqcrc2_noRT" "non-targeting_noRT"
"14088" "Gm37335" 0 NA NA NA NA 0 0 "Uqcrc2_noRT" "non-targeting_noRT"
"14089" "Gm33280" 0 NA NA NA NA 0 0 "Uqcrc2_noRT" "non-targeting_noRT"
"14090" "Fer1l5" 0 NA NA NA NA 0 0 "Uqcrc2_noRT" "non-targeting_noRT"
"14091" "Gm38033" 0 NA NA NA NA 0 0 "Uqcrc2_noRT" "non-targeting_noRT"
"14092" "4933424G06Rik" 0 NA NA NA NA 0 0 "Uqcrc2_noRT" "non-targeting_noRT"
"14093" "Gm33533" 0 NA NA NA NA 0 0 "Uqcrc2_noRT" "non-targeting_noRT"
"14094" "Zap70" 0 NA NA NA NA 0 0 "Uqcrc2_noRT" "non-targeting_noRT"
"14095" "Gm38115" 0 NA NA NA NA 0 0 "Uqcrc2_noRT" "non-targeting_noRT"
"14096" "Vwa3b" 0 NA NA NA NA 0 0 "Uqcrc2_noRT" "non-targeting_noRT"
"14097" "Gm37020" 0 NA NA NA NA 0 0 "Uqcrc2_noRT" "non-targeting_noRT"
"14098" "Cnga3" 0 NA NA NA NA 0 0 "Uqcrc2_noRT" "non-targeting_noRT"
"14099" "4930439A04Rik" 0 NA NA NA NA 0 0 "Uqcrc2_noRT" "non-targeting_noRT"
"14100" "4930556I23Rik" 0 NA NA NA NA 0 0 "Uqcrc2_noRT" "non-targeting_noRT"
"14101" "Gm26805" 0 NA NA NA NA 0 0 "Uqcrc2_noRT" "non-targeting_noRT"
"14102" "Lyg2" 0 NA NA NA NA 0 0 "Uqcrc2_noRT" "non-targeting_noRT"
"14103" "Gm15457" 0 NA NA NA NA 0 0 "Uqcrc2_noRT" "non-targeting_noRT"
"14104" "Gm37062" 0 NA NA NA NA 0 0 "Uqcrc2_noRT" "non-targeting_noRT"
"14105" "Gm5099" 0 NA NA NA NA 0 0 "Uqcrc2_noRT" "non-targeting_noRT"
"14106" "Aff3" 0 NA NA NA NA 0 0 "Uqcrc2_noRT" "non-targeting_noRT"
"14107" "Gm16150" 0 NA NA NA NA 0 0 "Uqcrc2_noRT" "non-targeting_noRT"
"14108" "Gm16151" 0 NA NA NA NA 0 0 "Uqcrc2_noRT" "non-targeting_noRT"
"14109" "Gm16152" 0 NA NA NA NA 0 0 "Uqcrc2_noRT" "non-targeting_noRT"
"14110" "Lonrf2" 0 NA NA NA NA 0 0 "Uqcrc2_noRT" "non-targeting_noRT"
"14111" "Chst10" 0 NA NA NA NA 0 0 "Uqcrc2_noRT" "non-targeting_noRT"
"14112" "Gm37707" 0 NA NA NA NA 0 0 "Uqcrc2_noRT" "non-targeting_noRT"
"14113" "Nms" 0 NA NA NA NA 0 0 "Uqcrc2_noRT" "non-targeting_noRT"
"14114" "Gm37821" 0 NA NA NA NA 0 0 "Uqcrc2_noRT" "non-targeting_noRT"
"14115" "Npas2" 0 NA NA NA NA 0 0 "Uqcrc2_noRT" "non-targeting_noRT"
"14116" "Tbc1d8" 0 NA NA NA NA 0 0 "Uqcrc2_noRT" "non-targeting_noRT"
"14117" "Gm15832" 0 NA NA NA NA 0 0 "Uqcrc2_noRT" "non-targeting_noRT"
"14118" "Rfx8" 0 NA NA NA NA 0 0 "Uqcrc2_noRT" "non-targeting_noRT"
"14119" "Gm3646" 0 NA NA NA NA 0 0 "Uqcrc2_noRT" "non-targeting_noRT"
"14120" "1700066B17Rik" 0 NA NA NA NA 0 0 "Uqcrc2_noRT" "non-targeting_noRT"
"14121" "Il1r2" 0 NA NA NA NA 0 0 "Uqcrc2_noRT" "non-targeting_noRT"
"14122" "Gm16894" 0 NA NA NA NA 0 0 "Uqcrc2_noRT" "non-targeting_noRT"
"14123" "Il1r1" 0 NA NA NA NA 0 0 "Uqcrc2_noRT" "non-targeting_noRT"
"14124" "Il1rl2" 0 NA NA NA NA 0 0 "Uqcrc2_noRT" "non-targeting_noRT"
"14125" "Il1rl1" 0 NA NA NA NA 0 0 "Uqcrc2_noRT" "non-targeting_noRT"
"14126" "Il18r1" 0 NA NA NA NA 0 0 "Uqcrc2_noRT" "non-targeting_noRT"
"14127" "Il18rap" 0 NA NA NA NA 0 0 "Uqcrc2_noRT" "non-targeting_noRT"
"14128" "Gm35801" 0 NA NA NA NA 0 0 "Uqcrc2_noRT" "non-targeting_noRT"
"14129" "Slc9a4" 0 NA NA NA NA 0 0 "Uqcrc2_noRT" "non-targeting_noRT"
"14130" "Slc9a2" 0 NA NA NA NA 0 0 "Uqcrc2_noRT" "non-targeting_noRT"
"14131" "Gm37623" 0 NA NA NA NA 0 0 "Uqcrc2_noRT" "non-targeting_noRT"
"14132" "Gm37915" 0 NA NA NA NA 0 0 "Uqcrc2_noRT" "non-targeting_noRT"
"14133" "Tmem182" 0 NA NA NA NA 0 0 "Uqcrc2_noRT" "non-targeting_noRT"
"14134" "4930448I06Rik" 0 NA NA NA NA 0 0 "Uqcrc2_noRT" "non-targeting_noRT"
"14135" "Gm28634" 0 NA NA NA NA 0 0 "Uqcrc2_noRT" "non-targeting_noRT"
"14136" "Gm29260" 0 NA NA NA NA 0 0 "Uqcrc2_noRT" "non-targeting_noRT"
"14137" "Gm9915" 0 NA NA NA NA 0 0 "Uqcrc2_noRT" "non-targeting_noRT"
"14138" "Gm29664" 0 NA NA NA NA 0 0 "Uqcrc2_noRT" "non-targeting_noRT"
"14139" "Gm28175" 0 NA NA NA NA 0 0 "Uqcrc2_noRT" "non-targeting_noRT"
"14140" "Gm28140" 0 NA NA NA NA 0 0 "Uqcrc2_noRT" "non-targeting_noRT"
"14141" "Gm20646" 0 NA NA NA NA 0 0 "Uqcrc2_noRT" "non-targeting_noRT"
"14142" "Pantr2" 0 NA NA NA NA 0 0 "Uqcrc2_noRT" "non-targeting_noRT"
"14143" "Dalir" 0 NA NA NA NA 0 0 "Uqcrc2_noRT" "non-targeting_noRT"
"14144" "Gpr45" 0 NA NA NA NA 0 0 "Uqcrc2_noRT" "non-targeting_noRT"
"14145" "Gm28782" 0 NA NA NA NA 0 0 "Uqcrc2_noRT" "non-targeting_noRT"
"14146" "8430432A02Rik" 0 NA NA NA NA 0 0 "Uqcrc2_noRT" "non-targeting_noRT"
"14147" "Gm29040" 0 NA NA NA NA 0 0 "Uqcrc2_noRT" "non-targeting_noRT"
"14148" "Ecrg4" 0 NA NA NA NA 0 0 "Uqcrc2_noRT" "non-targeting_noRT"
"14149" "Gm29155" 0 NA NA NA NA 0 0 "Uqcrc2_noRT" "non-targeting_noRT"
"14150" "Gm29157" 0 NA NA NA NA 0 0 "Uqcrc2_noRT" "non-targeting_noRT"
"14151" "Gm29156" 0 NA NA NA NA 0 0 "Uqcrc2_noRT" "non-targeting_noRT"
"14152" "Mettl21e" 0 NA NA NA NA 0 0 "Uqcrc2_noRT" "non-targeting_noRT"
"14153" "Gm28893" 0 NA NA NA NA 0 0 "Uqcrc2_noRT" "non-targeting_noRT"
"14154" "Gulp1" 0 NA NA NA NA 0 0 "Uqcrc2_noRT" "non-targeting_noRT"
"14155" "4930521E06Rik" 0 NA NA NA NA 0 0 "Uqcrc2_noRT" "non-targeting_noRT"
"14156" "Gm5269" 0 NA NA NA NA 0 0 "Uqcrc2_noRT" "non-targeting_noRT"
"14157" "Slc40a1" 0 NA NA NA NA 0 0 "Uqcrc2_noRT" "non-targeting_noRT"
"14158" "Dnah7b" 0 NA NA NA NA 0 0 "Uqcrc2_noRT" "non-targeting_noRT"
"14159" "Dnah7c" 0 NA NA NA NA 0 0 "Uqcrc2_noRT" "non-targeting_noRT"
"14160" "Gm28826" 0 NA NA NA NA 0 0 "Uqcrc2_noRT" "non-targeting_noRT"
"14161" "C230029F24Rik" 0 NA NA NA NA 0 0 "Uqcrc2_noRT" "non-targeting_noRT"
"14162" "4933411E06Rik" 0 NA NA NA NA 0 0 "Uqcrc2_noRT" "non-targeting_noRT"
"14163" "Gm29665" 0 NA NA NA NA 0 0 "Uqcrc2_noRT" "non-targeting_noRT"
"14164" "Tmeff2" 0 NA NA NA NA 0 0 "Uqcrc2_noRT" "non-targeting_noRT"
"14165" "Gm28322" 0 NA NA NA NA 0 0 "Uqcrc2_noRT" "non-targeting_noRT"
"14166" "Gm28319" 0 NA NA NA NA 0 0 "Uqcrc2_noRT" "non-targeting_noRT"
"14167" "Gm28320" 0 NA NA NA NA 0 0 "Uqcrc2_noRT" "non-targeting_noRT"
"14168" "Gm29325" 0 NA NA NA NA 0 0 "Uqcrc2_noRT" "non-targeting_noRT"
"14169" "9330175M20Rik" 0 NA NA NA NA 0 0 "Uqcrc2_noRT" "non-targeting_noRT"
"14170" "1700072G22Rik" 0 NA NA NA NA 0 0 "Uqcrc2_noRT" "non-targeting_noRT"
"14171" "Gm17767" 0 NA NA NA NA 0 0 "Uqcrc2_noRT" "non-targeting_noRT"
"14172" "Gm28055" 0 NA NA NA NA 0 0 "Uqcrc2_noRT" "non-targeting_noRT"
"14173" "Gm29453" 0 NA NA NA NA 0 0 "Uqcrc2_noRT" "non-targeting_noRT"
"14174" "Gm28323" 0 NA NA NA NA 0 0 "Uqcrc2_noRT" "non-targeting_noRT"
"14175" "Gm31812" 0 NA NA NA NA 0 0 "Uqcrc2_noRT" "non-targeting_noRT"
"14176" "Gm553" 0 NA NA NA NA 0 0 "Uqcrc2_noRT" "non-targeting_noRT"
"14177" "Gm28178" 0 NA NA NA NA 0 0 "Uqcrc2_noRT" "non-targeting_noRT"
"14178" "Gm29670" 0 NA NA NA NA 0 0 "Uqcrc2_noRT" "non-targeting_noRT"
"14179" "1700019A02Rik" 0 NA NA NA NA 0 0 "Uqcrc2_noRT" "non-targeting_noRT"
"14180" "Gm28777" 0 NA NA NA NA 0 0 "Uqcrc2_noRT" "non-targeting_noRT"
"14181" "Asdurf" 0 NA NA NA NA 0 0 "Uqcrc2_noRT" "non-targeting_noRT"
"14182" "Ccdc150" 0 NA NA NA NA 0 0 "Uqcrc2_noRT" "non-targeting_noRT"
"14183" "Gm34066" 0 NA NA NA NA 0 0 "Uqcrc2_noRT" "non-targeting_noRT"
"14184" "4930444A19Rik" 0 NA NA NA NA 0 0 "Uqcrc2_noRT" "non-targeting_noRT"
"14185" "Rftn2" 0 NA NA NA NA 0 0 "Uqcrc2_noRT" "non-targeting_noRT"
"14186" "Gm10561" 0 NA NA NA NA 0 0 "Uqcrc2_noRT" "non-targeting_noRT"
"14187" "Boll" 0 NA NA NA NA 0 0 "Uqcrc2_noRT" "non-targeting_noRT"
"14188" "Plcl1" 0 NA NA NA NA 0 0 "Uqcrc2_noRT" "non-targeting_noRT"
"14189" "9130227L01Rik" 0 NA NA NA NA 0 0 "Uqcrc2_noRT" "non-targeting_noRT"
"14190" "1700003I22Rik" 0 NA NA NA NA 0 0 "Uqcrc2_noRT" "non-targeting_noRT"
"14191" "Gm28240" 0 NA NA NA NA 0 0 "Uqcrc2_noRT" "non-targeting_noRT"
"14192" "Hsfy2" 0 NA NA NA NA 0 0 "Uqcrc2_noRT" "non-targeting_noRT"
"14193" "1700126A01Rik" 0 NA NA NA NA 0 0 "Uqcrc2_noRT" "non-targeting_noRT"
"14194" "BC055402" 0 NA NA NA NA 0 0 "Uqcrc2_noRT" "non-targeting_noRT"
"14195" "Gm17234" 0 NA NA NA NA 0 0 "Uqcrc2_noRT" "non-targeting_noRT"
"14196" "Aox3" 0 NA NA NA NA 0 0 "Uqcrc2_noRT" "non-targeting_noRT"
"14197" "Aox4" 0 NA NA NA NA 0 0 "Uqcrc2_noRT" "non-targeting_noRT"
"14198" "Gm15759" 0 NA NA NA NA 0 0 "Uqcrc2_noRT" "non-targeting_noRT"
"14199" "Aox2" 0 NA NA NA NA 0 0 "Uqcrc2_noRT" "non-targeting_noRT"
"14200" "Flacc1" 0 NA NA NA NA 0 0 "Uqcrc2_noRT" "non-targeting_noRT"
"14201" "C2cd6" 0 NA NA NA NA 0 0 "Uqcrc2_noRT" "non-targeting_noRT"
"14202" "AC169382.1" 0 NA NA NA NA 0 0 "Uqcrc2_noRT" "non-targeting_noRT"
"14203" "Gm29018" 0 NA NA NA NA 0 0 "Uqcrc2_noRT" "non-targeting_noRT"
"14204" "Mpp4" 0 NA NA NA NA 0 0 "Uqcrc2_noRT" "non-targeting_noRT"
"14205" "Gm29017" 0 NA NA NA NA 0 0 "Uqcrc2_noRT" "non-targeting_noRT"
"14206" "Cdk15" 0 NA NA NA NA 0 0 "Uqcrc2_noRT" "non-targeting_noRT"
"14207" "Gm29016" 0 NA NA NA NA 0 0 "Uqcrc2_noRT" "non-targeting_noRT"
"14208" "Gm26813" 0 NA NA NA NA 0 0 "Uqcrc2_noRT" "non-targeting_noRT"
"14209" "Gm973" 0 NA NA NA NA 0 0 "Uqcrc2_noRT" "non-targeting_noRT"
"14210" "Gm28411" 0 NA NA NA NA 0 0 "Uqcrc2_noRT" "non-targeting_noRT"
"14211" "1700122D07Rik" 0 NA NA NA NA 0 0 "Uqcrc2_noRT" "non-targeting_noRT"
"14212" "Cd28" 0 NA NA NA NA 0 0 "Uqcrc2_noRT" "non-targeting_noRT"
"14213" "Gm11579" 0 NA NA NA NA 0 0 "Uqcrc2_noRT" "non-targeting_noRT"
"14214" "2310016D23Rik" 0 NA NA NA NA 0 0 "Uqcrc2_noRT" "non-targeting_noRT"
"14215" "Ctla4" 0 NA NA NA NA 0 0 "Uqcrc2_noRT" "non-targeting_noRT"
"14216" "Icos" 0 NA NA NA NA 0 0 "Uqcrc2_noRT" "non-targeting_noRT"
"14217" "Gm28083" 0 NA NA NA NA 0 0 "Uqcrc2_noRT" "non-targeting_noRT"
"14218" "Gm11587" 0 NA NA NA NA 0 0 "Uqcrc2_noRT" "non-targeting_noRT"
"14219" "Gm11588" 0 NA NA NA NA 0 0 "Uqcrc2_noRT" "non-targeting_noRT"
"14220" "Gm28449" 0 NA NA NA NA 0 0 "Uqcrc2_noRT" "non-targeting_noRT"
"14221" "4930587A21Rik" 0 NA NA NA NA 0 0 "Uqcrc2_noRT" "non-targeting_noRT"
"14222" "Pard3bos1" 0 NA NA NA NA 0 0 "Uqcrc2_noRT" "non-targeting_noRT"
"14223" "Pard3bos2" 0 NA NA NA NA 0 0 "Uqcrc2_noRT" "non-targeting_noRT"
"14224" "Pard3bos3" 0 NA NA NA NA 0 0 "Uqcrc2_noRT" "non-targeting_noRT"
"14225" "Gm29083" 0 NA NA NA NA 0 0 "Uqcrc2_noRT" "non-targeting_noRT"
"14226" "Gm4208" 0 NA NA NA NA 0 0 "Uqcrc2_noRT" "non-targeting_noRT"
"14227" "Gpr1" 0 NA NA NA NA 0 0 "Uqcrc2_noRT" "non-targeting_noRT"
"14228" "Platr12" 0 NA NA NA NA 0 0 "Uqcrc2_noRT" "non-targeting_noRT"
"14229" "Gm11608" 0 NA NA NA NA 0 0 "Uqcrc2_noRT" "non-targeting_noRT"
"14230" "Zdbf2" 0 NA NA NA NA 0 0 "Uqcrc2_noRT" "non-targeting_noRT"
"14231" "Adam23" 0 NA NA NA NA 0 0 "Uqcrc2_noRT" "non-targeting_noRT"
"14232" "Gm39653" 0 NA NA NA NA 0 0 "Uqcrc2_noRT" "non-targeting_noRT"
"14233" "Dytn" 0 NA NA NA NA 0 0 "Uqcrc2_noRT" "non-targeting_noRT"
"14234" "Mdh1b" 0 NA NA NA NA 0 0 "Uqcrc2_noRT" "non-targeting_noRT"
"14235" "4933402D24Rik" 0 NA NA NA NA 0 0 "Uqcrc2_noRT" "non-targeting_noRT"
"14236" "Gm13749" 0 NA NA NA NA 0 0 "Uqcrc2_noRT" "non-targeting_noRT"
"14237" "Gm13748" 0 NA NA NA NA 0 0 "Uqcrc2_noRT" "non-targeting_noRT"
"14238" "Gm28981" 0 NA NA NA NA 0 0 "Uqcrc2_noRT" "non-targeting_noRT"
"14239" "Gm28982" 0 NA NA NA NA 0 0 "Uqcrc2_noRT" "non-targeting_noRT"
"14240" "Gm29152" 0 NA NA NA NA 0 0 "Uqcrc2_noRT" "non-targeting_noRT"
"14241" "Akr1cl" 0 NA NA NA NA 0 0 "Uqcrc2_noRT" "non-targeting_noRT"
"14242" "Cryge" 0 NA NA NA NA 0 0 "Uqcrc2_noRT" "non-targeting_noRT"
"14243" "Crygd" 0 NA NA NA NA 0 0 "Uqcrc2_noRT" "non-targeting_noRT"
"14244" "Crygc" 0 NA NA NA NA 0 0 "Uqcrc2_noRT" "non-targeting_noRT"
"14245" "Crygb" 0 NA NA NA NA 0 0 "Uqcrc2_noRT" "non-targeting_noRT"
"14246" "Cryga" 0 NA NA NA NA 0 0 "Uqcrc2_noRT" "non-targeting_noRT"
"14247" "D630023F18Rik" 0 NA NA NA NA 0 0 "Uqcrc2_noRT" "non-targeting_noRT"
"14248" "Pth2r" 0 NA NA NA NA 0 0 "Uqcrc2_noRT" "non-targeting_noRT"
"14249" "Crygf" 0 NA NA NA NA 0 0 "Uqcrc2_noRT" "non-targeting_noRT"
"14250" "Gm10558" 0 NA NA NA NA 0 0 "Uqcrc2_noRT" "non-targeting_noRT"
"14251" "Myl1" 0 NA NA NA NA 0 0 "Uqcrc2_noRT" "non-targeting_noRT"
"14252" "Cps1" 0 NA NA NA NA 0 0 "Uqcrc2_noRT" "non-targeting_noRT"
"14253" "Gm15668" 0 NA NA NA NA 0 0 "Uqcrc2_noRT" "non-targeting_noRT"
"14254" "Gm15669" 0 NA NA NA NA 0 0 "Uqcrc2_noRT" "non-targeting_noRT"
"14255" "Gm15671" 0 NA NA NA NA 0 0 "Uqcrc2_noRT" "non-targeting_noRT"
"14256" "Erbb4" 0 NA NA NA NA 0 0 "Uqcrc2_noRT" "non-targeting_noRT"
"14257" "Gm16076" 0 NA NA NA NA 0 0 "Uqcrc2_noRT" "non-targeting_noRT"
"14258" "Gm28497" 0 NA NA NA NA 0 0 "Uqcrc2_noRT" "non-targeting_noRT"
"14259" "Gm29113" 0 NA NA NA NA 0 0 "Uqcrc2_noRT" "non-targeting_noRT"
"14260" "Gm29114" 0 NA NA NA NA 0 0 "Uqcrc2_noRT" "non-targeting_noRT"
"14261" "Gm29112" 0 NA NA NA NA 0 0 "Uqcrc2_noRT" "non-targeting_noRT"
"14262" "Gm28112" 0 NA NA NA NA 0 0 "Uqcrc2_noRT" "non-targeting_noRT"
"14263" "Spag16" 0 NA NA NA NA 0 0 "Uqcrc2_noRT" "non-targeting_noRT"
"14264" "Vwc2l" 0 NA NA NA NA 0 0 "Uqcrc2_noRT" "non-targeting_noRT"
"14265" "Abca12" 0 NA NA NA NA 0 0 "Uqcrc2_noRT" "non-targeting_noRT"
"14266" "Gm8883" 0 NA NA NA NA 0 0 "Uqcrc2_noRT" "non-targeting_noRT"
"14267" "Gm28818" 0 NA NA NA NA 0 0 "Uqcrc2_noRT" "non-targeting_noRT"
"14268" "4933417E11Rik" 0 NA NA NA NA 0 0 "Uqcrc2_noRT" "non-targeting_noRT"
"14269" "4930556G22Rik" 0 NA NA NA NA 0 0 "Uqcrc2_noRT" "non-targeting_noRT"
"14270" "Gm4319" 0 NA NA NA NA 0 0 "Uqcrc2_noRT" "non-targeting_noRT"
"14271" "Mreg" 0 NA NA NA NA 0 0 "Uqcrc2_noRT" "non-targeting_noRT"
"14272" "March4" 0 NA NA NA NA 0 0 "Uqcrc2_noRT" "non-targeting_noRT"
"14273" "Gm39662" 0 NA NA NA NA 0 0 "Uqcrc2_noRT" "non-targeting_noRT"
"14274" "Ankar" 0 NA NA NA NA 0 0 "Uqcrc2_noRT" "non-targeting_noRT"
"14275" "Igfbp5" 0 NA NA NA NA 0 0 "Uqcrc2_noRT" "non-targeting_noRT"
"14276" "1700027A15Rik" 0 NA NA NA NA 0 0 "Uqcrc2_noRT" "non-targeting_noRT"
"14277" "Tnp1" 0 NA NA NA NA 0 0 "Uqcrc2_noRT" "non-targeting_noRT"
"14278" "Gm29185" 0 NA NA NA NA 0 0 "Uqcrc2_noRT" "non-targeting_noRT"
"14279" "Pinc" 0 NA NA NA NA 0 0 "Uqcrc2_noRT" "non-targeting_noRT"
"14280" "D530049I02Rik" 0 NA NA NA NA 0 0 "Uqcrc2_noRT" "non-targeting_noRT"
"14281" "C530043A13Rik" 0 NA NA NA NA 0 0 "Uqcrc2_noRT" "non-targeting_noRT"
"14282" "Gm29186" 0 NA NA NA NA 0 0 "Uqcrc2_noRT" "non-targeting_noRT"
"14283" "6030407O03Rik" 0 NA NA NA NA 0 0 "Uqcrc2_noRT" "non-targeting_noRT"
"14284" "Gm29183" 0 NA NA NA NA 0 0 "Uqcrc2_noRT" "non-targeting_noRT"
"14285" "Tns1" 0 NA NA NA NA 0 0 "Uqcrc2_noRT" "non-targeting_noRT"
"14286" "Rufy4" 0 NA NA NA NA 0 0 "Uqcrc2_noRT" "non-targeting_noRT"
"14287" "Cxcr1" 0 NA NA NA NA 0 0 "Uqcrc2_noRT" "non-targeting_noRT"
"14288" "Gpbar1" 0 NA NA NA NA 0 0 "Uqcrc2_noRT" "non-targeting_noRT"
"14289" "Gm28364" 0 NA NA NA NA 0 0 "Uqcrc2_noRT" "non-targeting_noRT"
"14290" "Catip" 0 NA NA NA NA 0 0 "Uqcrc2_noRT" "non-targeting_noRT"
"14291" "Plcd4" 0 NA NA NA NA 0 0 "Uqcrc2_noRT" "non-targeting_noRT"
"14292" "Stk36" 0 NA NA NA NA 0 0 "Uqcrc2_noRT" "non-targeting_noRT"
"14293" "Prkag3" 0 NA NA NA NA 0 0 "Uqcrc2_noRT" "non-targeting_noRT"
"14294" "Gm29539" 0 NA NA NA NA 0 0 "Uqcrc2_noRT" "non-targeting_noRT"
"14295" "Gm16582" 0 NA NA NA NA 0 0 "Uqcrc2_noRT" "non-targeting_noRT"
"14296" "Cdk5r2" 0 NA NA NA NA 0 0 "Uqcrc2_noRT" "non-targeting_noRT"
"14297" "Fev" 0 NA NA NA NA 0 0 "Uqcrc2_noRT" "non-targeting_noRT"
"14298" "Cryba2" 0 NA NA NA NA 0 0 "Uqcrc2_noRT" "non-targeting_noRT"
"14299" "Cfap65" 0 NA NA NA NA 0 0 "Uqcrc2_noRT" "non-targeting_noRT"
"14300" "Gm15841" 0 NA NA NA NA 0 0 "Uqcrc2_noRT" "non-targeting_noRT"
"14301" "Ihh" 0 NA NA NA NA 0 0 "Uqcrc2_noRT" "non-targeting_noRT"
"14302" "Slc23a3" 0 NA NA NA NA 0 0 "Uqcrc2_noRT" "non-targeting_noRT"
"14303" "Glb1l" 0 NA NA NA NA 0 0 "Uqcrc2_noRT" "non-targeting_noRT"
"14304" "A630095N17Rik" 0 NA NA NA NA 0 0 "Uqcrc2_noRT" "non-targeting_noRT"
"14305" "Gm28294" 0 NA NA NA NA 0 0 "Uqcrc2_noRT" "non-targeting_noRT"
"14306" "Resp18" 0 NA NA NA NA 0 0 "Uqcrc2_noRT" "non-targeting_noRT"
"14307" "Gm28902" 0 NA NA NA NA 0 0 "Uqcrc2_noRT" "non-targeting_noRT"
"14308" "Gm15179" 0 NA NA NA NA 0 0 "Uqcrc2_noRT" "non-targeting_noRT"
"14309" "Gm15178" 0 NA NA NA NA 0 0 "Uqcrc2_noRT" "non-targeting_noRT"
"14310" "Asic4" 0 NA NA NA NA 0 0 "Uqcrc2_noRT" "non-targeting_noRT"
"14311" "Inha" 0 NA NA NA NA 0 0 "Uqcrc2_noRT" "non-targeting_noRT"
"14312" "Gm29065" 0 NA NA NA NA 0 0 "Uqcrc2_noRT" "non-targeting_noRT"
"14313" "Gm29069" 0 NA NA NA NA 0 0 "Uqcrc2_noRT" "non-targeting_noRT"
"14314" "Gm17751" 0 NA NA NA NA 0 0 "Uqcrc2_noRT" "non-targeting_noRT"
"14315" "Gm816" 0 NA NA NA NA 0 0 "Uqcrc2_noRT" "non-targeting_noRT"
"14316" "Epha4" 0 NA NA NA NA 0 0 "Uqcrc2_noRT" "non-targeting_noRT"
"14317" "Gm28386" 0 NA NA NA NA 0 0 "Uqcrc2_noRT" "non-targeting_noRT"
"14318" "Gm28387" 0 NA NA NA NA 0 0 "Uqcrc2_noRT" "non-targeting_noRT"
"14319" "Sgpp2" 0 NA NA NA NA 0 0 "Uqcrc2_noRT" "non-targeting_noRT"
"14320" "Gm28410" 0 NA NA NA NA 0 0 "Uqcrc2_noRT" "non-targeting_noRT"
"14321" "BC035947" 0 NA NA NA NA 0 0 "Uqcrc2_noRT" "non-targeting_noRT"
"14322" "Mogat1" 0 NA NA NA NA 0 0 "Uqcrc2_noRT" "non-targeting_noRT"
"14323" "5730419F03Rik" 0 NA NA NA NA 0 0 "Uqcrc2_noRT" "non-targeting_noRT"
"14324" "Gm29611" 0 NA NA NA NA 0 0 "Uqcrc2_noRT" "non-targeting_noRT"
"14325" "Gm29536" 0 NA NA NA NA 0 0 "Uqcrc2_noRT" "non-targeting_noRT"
"14326" "Kcne4" 0 NA NA NA NA 0 0 "Uqcrc2_noRT" "non-targeting_noRT"
"14327" "Gm29187" 0 NA NA NA NA 0 0 "Uqcrc2_noRT" "non-targeting_noRT"
"14328" "Scg2" 0 NA NA NA NA 0 0 "Uqcrc2_noRT" "non-targeting_noRT"
"14329" "9830004L10Rik" 0 NA NA NA NA 0 0 "Uqcrc2_noRT" "non-targeting_noRT"
"14330" "Fam124b" 0 NA NA NA NA 0 0 "Uqcrc2_noRT" "non-targeting_noRT"
"14331" "2310015K22Rik" 0 NA NA NA NA 0 0 "Uqcrc2_noRT" "non-targeting_noRT"
"14332" "Gm29125" 0 NA NA NA NA 0 0 "Uqcrc2_noRT" "non-targeting_noRT"
"14333" "1700016L21Rik" 0 NA NA NA NA 0 0 "Uqcrc2_noRT" "non-targeting_noRT"
"14334" "Gm45261" 0 NA NA NA NA 0 0 "Uqcrc2_noRT" "non-targeting_noRT"
"14335" "Nyap2" 0 NA NA NA NA 0 0 "Uqcrc2_noRT" "non-targeting_noRT"
"14336" "Gm9747" 0 NA NA NA NA 0 0 "Uqcrc2_noRT" "non-targeting_noRT"
"14337" "Gm28940" 0 NA NA NA NA 0 0 "Uqcrc2_noRT" "non-targeting_noRT"
"14338" "Gm28941" 0 NA NA NA NA 0 0 "Uqcrc2_noRT" "non-targeting_noRT"
"14339" "Tm4sf20" 0 NA NA NA NA 0 0 "Uqcrc2_noRT" "non-targeting_noRT"
"14340" "Gm47791" 0 NA NA NA NA 0 0 "Uqcrc2_noRT" "non-targeting_noRT"
"14341" "Gm28942" 0 NA NA NA NA 0 0 "Uqcrc2_noRT" "non-targeting_noRT"
"14342" "A030014E15Rik" 0 NA NA NA NA 0 0 "Uqcrc2_noRT" "non-targeting_noRT"
"14343" "Gm6217" 0 NA NA NA NA 0 0 "Uqcrc2_noRT" "non-targeting_noRT"
"14344" "A030003K21Rik" 0 NA NA NA NA 0 0 "Uqcrc2_noRT" "non-targeting_noRT"
"14345" "Gm7544" 0 NA NA NA NA 0 0 "Uqcrc2_noRT" "non-targeting_noRT"
"14346" "Gm47955" 0 NA NA NA NA 0 0 "Uqcrc2_noRT" "non-targeting_noRT"
"14347" "Gm47959" 0 NA NA NA NA 0 0 "Uqcrc2_noRT" "non-targeting_noRT"
"14348" "Slc19a3" 0 NA NA NA NA 0 0 "Uqcrc2_noRT" "non-targeting_noRT"
"14349" "Krtap28-10" 0 NA NA NA NA 0 0 "Uqcrc2_noRT" "non-targeting_noRT"
"14350" "Gm47969" 0 NA NA NA NA 0 0 "Uqcrc2_noRT" "non-targeting_noRT"
"14351" "A030005K14Rik" 0 NA NA NA NA 0 0 "Uqcrc2_noRT" "non-targeting_noRT"
"14352" "Krtap28-13" 0 NA NA NA NA 0 0 "Uqcrc2_noRT" "non-targeting_noRT"
"14353" "Ccl20" 0 NA NA NA NA 0 0 "Uqcrc2_noRT" "non-targeting_noRT"
"14354" "Daw1" 0 NA NA NA NA 0 0 "Uqcrc2_noRT" "non-targeting_noRT"
"14355" "Sphkap" 0 NA NA NA NA 0 0 "Uqcrc2_noRT" "non-targeting_noRT"
"14356" "4933436I20Rik" 0 NA NA NA NA 0 0 "Uqcrc2_noRT" "non-targeting_noRT"
"14357" "Slc16a14" 0 NA NA NA NA 0 0 "Uqcrc2_noRT" "non-targeting_noRT"
"14358" "Gm16025" 0 NA NA NA NA 0 0 "Uqcrc2_noRT" "non-targeting_noRT"
"14359" "Gm16092" 0 NA NA NA NA 0 0 "Uqcrc2_noRT" "non-targeting_noRT"
"14360" "G530012D18Rik" 0 NA NA NA NA 0 0 "Uqcrc2_noRT" "non-targeting_noRT"
"14361" "9930111H07Rik" 0 NA NA NA NA 0 0 "Uqcrc2_noRT" "non-targeting_noRT"
"14362" "4933407L21Rik" 0 NA NA NA NA 0 0 "Uqcrc2_noRT" "non-targeting_noRT"
"14363" "Gm28884" 0 NA NA NA NA 0 0 "Uqcrc2_noRT" "non-targeting_noRT"
"14364" "Gpr55" 0 NA NA NA NA 0 0 "Uqcrc2_noRT" "non-targeting_noRT"
"14365" "Gm28100" 0 NA NA NA NA 0 0 "Uqcrc2_noRT" "non-targeting_noRT"
"14366" "Spata3" 0 NA NA NA NA 0 0 "Uqcrc2_noRT" "non-targeting_noRT"
"14367" "Htr2b" 0 NA NA NA NA 0 0 "Uqcrc2_noRT" "non-targeting_noRT"
"14368" "Gm16341" 0 NA NA NA NA 0 0 "Uqcrc2_noRT" "non-targeting_noRT"
"14369" "Gm28626" 0 NA NA NA NA 0 0 "Uqcrc2_noRT" "non-targeting_noRT"
"14370" "Nmur1" 0 NA NA NA NA 0 0 "Uqcrc2_noRT" "non-targeting_noRT"
"14371" "Tex44" 0 NA NA NA NA 0 0 "Uqcrc2_noRT" "non-targeting_noRT"
"14372" "Gm29055" 0 NA NA NA NA 0 0 "Uqcrc2_noRT" "non-targeting_noRT"
"14373" "Gm28375" 0 NA NA NA NA 0 0 "Uqcrc2_noRT" "non-targeting_noRT"
"14374" "Gm29371" 0 NA NA NA NA 0 0 "Uqcrc2_noRT" "non-targeting_noRT"
"14375" "Alppl2" 0 NA NA NA NA 0 0 "Uqcrc2_noRT" "non-targeting_noRT"
"14376" "Alpi" 0 NA NA NA NA 0 0 "Uqcrc2_noRT" "non-targeting_noRT"
"14377" "Akp3" 0 NA NA NA NA 0 0 "Uqcrc2_noRT" "non-targeting_noRT"
"14378" "Gm29374" 0 NA NA NA NA 0 0 "Uqcrc2_noRT" "non-targeting_noRT"
"14379" "Ecel1" 0 NA NA NA NA 0 0 "Uqcrc2_noRT" "non-targeting_noRT"
"14380" "Chrnd" 0 NA NA NA NA 0 0 "Uqcrc2_noRT" "non-targeting_noRT"
"14381" "Chrng" 0 NA NA NA NA 0 0 "Uqcrc2_noRT" "non-targeting_noRT"
"14382" "Efhd1" 0 NA NA NA NA 0 0 "Uqcrc2_noRT" "non-targeting_noRT"
"14383" "Efhd1os" 0 NA NA NA NA 0 0 "Uqcrc2_noRT" "non-targeting_noRT"
"14384" "Neu2" 0 NA NA NA NA 0 0 "Uqcrc2_noRT" "non-targeting_noRT"
"14385" "Inpp5d" 0 NA NA NA NA 0 0 "Uqcrc2_noRT" "non-targeting_noRT"
"14386" "Gm19582" 0 NA NA NA NA 0 0 "Uqcrc2_noRT" "non-targeting_noRT"
"14387" "Ugt1a10" 0 NA NA NA NA 0 0 "Uqcrc2_noRT" "non-targeting_noRT"
"14388" "Gm20528" 0 NA NA NA NA 0 0 "Uqcrc2_noRT" "non-targeting_noRT"
"14389" "Ugt1a9" 0 NA NA NA NA 0 0 "Uqcrc2_noRT" "non-targeting_noRT"
"14390" "Ugt1a8" 0 NA NA NA NA 0 0 "Uqcrc2_noRT" "non-targeting_noRT"
"14391" "Ugt1a7c" 0 NA NA NA NA 0 0 "Uqcrc2_noRT" "non-targeting_noRT"
"14392" "Ugt1a6b" 0 NA NA NA NA 0 0 "Uqcrc2_noRT" "non-targeting_noRT"
"14393" "Ugt1a6a" 0 NA NA NA NA 0 0 "Uqcrc2_noRT" "non-targeting_noRT"
"14394" "Ugt1a5" 0 NA NA NA NA 0 0 "Uqcrc2_noRT" "non-targeting_noRT"
"14395" "Ugt1a2" 0 NA NA NA NA 0 0 "Uqcrc2_noRT" "non-targeting_noRT"
"14396" "Dnajb3" 0 NA NA NA NA 0 0 "Uqcrc2_noRT" "non-targeting_noRT"
"14397" "Ugt1a1" 0 NA NA NA NA 0 0 "Uqcrc2_noRT" "non-targeting_noRT"
"14398" "Trpm8" 0 NA NA NA NA 0 0 "Uqcrc2_noRT" "non-targeting_noRT"
"14399" "4930453O03Rik" 0 NA NA NA NA 0 0 "Uqcrc2_noRT" "non-targeting_noRT"
"14400" "Spp2" 0 NA NA NA NA 0 0 "Uqcrc2_noRT" "non-targeting_noRT"
"14401" "Gm28888" 0 NA NA NA NA 0 0 "Uqcrc2_noRT" "non-targeting_noRT"
"14402" "Gm19589" 0 NA NA NA NA 0 0 "Uqcrc2_noRT" "non-targeting_noRT"
"14403" "Gm29336" 0 NA NA NA NA 0 0 "Uqcrc2_noRT" "non-targeting_noRT"
"14404" "Gm29337" 0 NA NA NA NA 0 0 "Uqcrc2_noRT" "non-targeting_noRT"
"14405" "1700067G17Rik" 0 NA NA NA NA 0 0 "Uqcrc2_noRT" "non-targeting_noRT"
"14406" "Gm28342" 0 NA NA NA NA 0 0 "Uqcrc2_noRT" "non-targeting_noRT"
"14407" "C030007H22Rik" 0 NA NA NA NA 0 0 "Uqcrc2_noRT" "non-targeting_noRT"
"14408" "Gm28499" 0 NA NA NA NA 0 0 "Uqcrc2_noRT" "non-targeting_noRT"
"14409" "4933400F21Rik" 0 NA NA NA NA 0 0 "Uqcrc2_noRT" "non-targeting_noRT"
"14410" "Gbx2" 0 NA NA NA NA 0 0 "Uqcrc2_noRT" "non-targeting_noRT"
"14411" "D130058E05Rik" 0 NA NA NA NA 0 0 "Uqcrc2_noRT" "non-targeting_noRT"
"14412" "Asb18" 0 NA NA NA NA 0 0 "Uqcrc2_noRT" "non-targeting_noRT"
"14413" "Iqca" 0 NA NA NA NA 0 0 "Uqcrc2_noRT" "non-targeting_noRT"
"14414" "4930434B07Rik" 0 NA NA NA NA 0 0 "Uqcrc2_noRT" "non-targeting_noRT"
"14415" "Gm28721" 0 NA NA NA NA 0 0 "Uqcrc2_noRT" "non-targeting_noRT"
"14416" "Gm28723" 0 NA NA NA NA 0 0 "Uqcrc2_noRT" "non-targeting_noRT"
"14417" "Gm28722" 0 NA NA NA NA 0 0 "Uqcrc2_noRT" "non-targeting_noRT"
"14418" "Gm9991" 0 NA NA NA NA 0 0 "Uqcrc2_noRT" "non-targeting_noRT"
"14419" "Mlph" 0 NA NA NA NA 0 0 "Uqcrc2_noRT" "non-targeting_noRT"
"14420" "Prlh" 0 NA NA NA NA 0 0 "Uqcrc2_noRT" "non-targeting_noRT"
"14421" "Rbm44" 0 NA NA NA NA 0 0 "Uqcrc2_noRT" "non-targeting_noRT"
"14422" "Espnl" 0 NA NA NA NA 0 0 "Uqcrc2_noRT" "non-targeting_noRT"
"14423" "Klhl30" 0 NA NA NA NA 0 0 "Uqcrc2_noRT" "non-targeting_noRT"
"14424" "1700020N18Rik" 0 NA NA NA NA 0 0 "Uqcrc2_noRT" "non-targeting_noRT"
"14425" "Per2" 0 NA NA NA NA 0 0 "Uqcrc2_noRT" "non-targeting_noRT"
"14426" "Gm28382" 0 NA NA NA NA 0 0 "Uqcrc2_noRT" "non-targeting_noRT"
"14427" "Gm28380" 0 NA NA NA NA 0 0 "Uqcrc2_noRT" "non-targeting_noRT"
"14428" "Gm29100" 0 NA NA NA NA 0 0 "Uqcrc2_noRT" "non-targeting_noRT"
"14429" "Twist2" 0 NA NA NA NA 0 0 "Uqcrc2_noRT" "non-targeting_noRT"
"14430" "Gm29101" 0 NA NA NA NA 0 0 "Uqcrc2_noRT" "non-targeting_noRT"
"14431" "Gm29099" 0 NA NA NA NA 0 0 "Uqcrc2_noRT" "non-targeting_noRT"
"14432" "Olfr1416" 0 NA NA NA NA 0 0 "Uqcrc2_noRT" "non-targeting_noRT"
"14433" "Olfr1415" 0 NA NA NA NA 0 0 "Uqcrc2_noRT" "non-targeting_noRT"
"14434" "Olfr1414" 0 NA NA NA NA 0 0 "Uqcrc2_noRT" "non-targeting_noRT"
"14435" "Olfr1413" 0 NA NA NA NA 0 0 "Uqcrc2_noRT" "non-targeting_noRT"
"14436" "1700054K02Rik" 0 NA NA NA NA 0 0 "Uqcrc2_noRT" "non-targeting_noRT"
"14437" "Olfr1412" 0 NA NA NA NA 0 0 "Uqcrc2_noRT" "non-targeting_noRT"
"14438" "Olfr1411" 0 NA NA NA NA 0 0 "Uqcrc2_noRT" "non-targeting_noRT"
"14439" "Olfr1410" 0 NA NA NA NA 0 0 "Uqcrc2_noRT" "non-targeting_noRT"
"14440" "Olfr12" 0 NA NA NA NA 0 0 "Uqcrc2_noRT" "non-targeting_noRT"
"14441" "Gm29483" 0 NA NA NA NA 0 0 "Uqcrc2_noRT" "non-targeting_noRT"
"14442" "Gm29482" 0 NA NA NA NA 0 0 "Uqcrc2_noRT" "non-targeting_noRT"
"14443" "Gm29481" 0 NA NA NA NA 0 0 "Uqcrc2_noRT" "non-targeting_noRT"
"14444" "Gm29480" 0 NA NA NA NA 0 0 "Uqcrc2_noRT" "non-targeting_noRT"
"14445" "Ankmy1" 0 NA NA NA NA 0 0 "Uqcrc2_noRT" "non-targeting_noRT"
"14446" "5033417F24Rik" 0 NA NA NA NA 0 0 "Uqcrc2_noRT" "non-targeting_noRT"
"14447" "Gpr35" 0 NA NA NA NA 0 0 "Uqcrc2_noRT" "non-targeting_noRT"
"14448" "Aqp12" 0 NA NA NA NA 0 0 "Uqcrc2_noRT" "non-targeting_noRT"
"14449" "Kif1a" 0 NA NA NA NA 0 0 "Uqcrc2_noRT" "non-targeting_noRT"
"14450" "Gm28086" 0 NA NA NA NA 0 0 "Uqcrc2_noRT" "non-targeting_noRT"
"14451" "Agxt" 0 NA NA NA NA 0 0 "Uqcrc2_noRT" "non-targeting_noRT"
"14452" "Mab21l4" 0 NA NA NA NA 0 0 "Uqcrc2_noRT" "non-targeting_noRT"
"14453" "Crocc2" 0 NA NA NA NA 0 0 "Uqcrc2_noRT" "non-targeting_noRT"
"14454" "Sned1" 0 NA NA NA NA 0 0 "Uqcrc2_noRT" "non-targeting_noRT"
"14455" "Ano7" 0 NA NA NA NA 0 0 "Uqcrc2_noRT" "non-targeting_noRT"
"14456" "Sept2.1" 0 NA NA NA NA 0 0 "Uqcrc2_noRT" "non-targeting_noRT"
"14457" "Gm28536" 0 NA NA NA NA 0 0 "Uqcrc2_noRT" "non-targeting_noRT"
"14458" "Gm10550" 0 NA NA NA NA 0 0 "Uqcrc2_noRT" "non-targeting_noRT"
"14459" "Gal3st2b" 0 NA NA NA NA 0 0 "Uqcrc2_noRT" "non-targeting_noRT"
"14460" "Gal3st2c" 0 NA NA NA NA 0 0 "Uqcrc2_noRT" "non-targeting_noRT"
"14461" "Neu4" 0 NA NA NA NA 0 0 "Uqcrc2_noRT" "non-targeting_noRT"
"14462" "Pdcd1" 0 NA NA NA NA 0 0 "Uqcrc2_noRT" "non-targeting_noRT"
"14463" "4930440C22Rik" 0 NA NA NA NA 0 0 "Uqcrc2_noRT" "non-targeting_noRT"
"14464" "St8sia4" 0 NA NA NA NA 0 0 "Uqcrc2_noRT" "non-targeting_noRT"
"14465" "4930598F16Rik" 0 NA NA NA NA 0 0 "Uqcrc2_noRT" "non-targeting_noRT"
"14466" "1700063A18Rik" 0 NA NA NA NA 0 0 "Uqcrc2_noRT" "non-targeting_noRT"
"14467" "Gm29601" 0 NA NA NA NA 0 0 "Uqcrc2_noRT" "non-targeting_noRT"
"14468" "4930533P14Rik" 0 NA NA NA NA 0 0 "Uqcrc2_noRT" "non-targeting_noRT"
"14469" "Slco4c1" 0 NA NA NA NA 0 0 "Uqcrc2_noRT" "non-targeting_noRT"
"14470" "Panct2" 0 NA NA NA NA 0 0 "Uqcrc2_noRT" "non-targeting_noRT"
"14471" "Gm28901" 0 NA NA NA NA 0 0 "Uqcrc2_noRT" "non-targeting_noRT"
"14472" "Slco6c1" 0 NA NA NA NA 0 0 "Uqcrc2_noRT" "non-targeting_noRT"
"14473" "1810006J02Rik" 0 NA NA NA NA 0 0 "Uqcrc2_noRT" "non-targeting_noRT"
"14474" "Gm29461" 0 NA NA NA NA 0 0 "Uqcrc2_noRT" "non-targeting_noRT"
"14475" "Slco6d1" 0 NA NA NA NA 0 0 "Uqcrc2_noRT" "non-targeting_noRT"
"14476" "Cntnap5b" 0 NA NA NA NA 0 0 "Uqcrc2_noRT" "non-targeting_noRT"
"14477" "Gm20268" 0 NA NA NA NA 0 0 "Uqcrc2_noRT" "non-targeting_noRT"
"14478" "Cdh20" 0 NA NA NA NA 0 0 "Uqcrc2_noRT" "non-targeting_noRT"
"14479" "Gm15699" 0 NA NA NA NA 0 0 "Uqcrc2_noRT" "non-targeting_noRT"
"14480" "Gm29012" 0 NA NA NA NA 0 0 "Uqcrc2_noRT" "non-targeting_noRT"
"14481" "Rnf152" 0 NA NA NA NA 0 0 "Uqcrc2_noRT" "non-targeting_noRT"
"14482" "Gm17634" 0 NA NA NA NA 0 0 "Uqcrc2_noRT" "non-targeting_noRT"
"14483" "Gm28403" 0 NA NA NA NA 0 0 "Uqcrc2_noRT" "non-targeting_noRT"
"14484" "Gm28404" 0 NA NA NA NA 0 0 "Uqcrc2_noRT" "non-targeting_noRT"
"14485" "Tnfrsf11a" 0 NA NA NA NA 0 0 "Uqcrc2_noRT" "non-targeting_noRT"
"14486" "Gm20753" 0 NA NA NA NA 0 0 "Uqcrc2_noRT" "non-targeting_noRT"
"14487" "A530053M12Rik" 0 NA NA NA NA 0 0 "Uqcrc2_noRT" "non-targeting_noRT"
"14488" "D630008O14Rik" 0 NA NA NA NA 0 0 "Uqcrc2_noRT" "non-targeting_noRT"
"14489" "Serpinb5" 0 NA NA NA NA 0 0 "Uqcrc2_noRT" "non-targeting_noRT"
"14490" "Serpinb12" 0 NA NA NA NA 0 0 "Uqcrc2_noRT" "non-targeting_noRT"
"14491" "Serpinb13" 0 NA NA NA NA 0 0 "Uqcrc2_noRT" "non-targeting_noRT"
"14492" "Serpinb3a" 0 NA NA NA NA 0 0 "Uqcrc2_noRT" "non-targeting_noRT"
"14493" "Serpinb3d" 0 NA NA NA NA 0 0 "Uqcrc2_noRT" "non-targeting_noRT"
"14494" "Serpinb3b" 0 NA NA NA NA 0 0 "Uqcrc2_noRT" "non-targeting_noRT"
"14495" "Serpinb3c" 0 NA NA NA NA 0 0 "Uqcrc2_noRT" "non-targeting_noRT"
"14496" "Serpinb11" 0 NA NA NA NA 0 0 "Uqcrc2_noRT" "non-targeting_noRT"
"14497" "Gm15391" 0 NA NA NA NA 0 0 "Uqcrc2_noRT" "non-targeting_noRT"
"14498" "Serpinb7" 0 NA NA NA NA 0 0 "Uqcrc2_noRT" "non-targeting_noRT"
"14499" "Serpinb2" 0 NA NA NA NA 0 0 "Uqcrc2_noRT" "non-targeting_noRT"
"14500" "D830032E09Rik" 0 NA NA NA NA 0 0 "Uqcrc2_noRT" "non-targeting_noRT"
"14501" "Cdh7" 0 NA NA NA NA 0 0 "Uqcrc2_noRT" "non-targeting_noRT"
"14502" "Gm29088" 0 NA NA NA NA 0 0 "Uqcrc2_noRT" "non-targeting_noRT"
"14503" "Gm28189" 0 NA NA NA NA 0 0 "Uqcrc2_noRT" "non-targeting_noRT"
"14504" "9330185C12Rik" 0 NA NA NA NA 0 0 "Uqcrc2_noRT" "non-targeting_noRT"
"14505" "Cntnap5a" 0 NA NA NA NA 0 0 "Uqcrc2_noRT" "non-targeting_noRT"
"14506" "Gm19965" 0 NA NA NA NA 0 0 "Uqcrc2_noRT" "non-targeting_noRT"
"14507" "Zfp813-ps" 0 NA NA NA NA 0 0 "Uqcrc2_noRT" "non-targeting_noRT"
"14508" "Gm28363" 0 NA NA NA NA 0 0 "Uqcrc2_noRT" "non-targeting_noRT"
"14509" "B020011L13Rik" 0 NA NA NA NA 0 0 "Uqcrc2_noRT" "non-targeting_noRT"
"14510" "Gm28360" 0 NA NA NA NA 0 0 "Uqcrc2_noRT" "non-targeting_noRT"
"14511" "Gm28168" 0 NA NA NA NA 0 0 "Uqcrc2_noRT" "non-targeting_noRT"
"14512" "Gm7145" 0 NA NA NA NA 0 0 "Uqcrc2_noRT" "non-targeting_noRT"
"14513" "Gm29106" 0 NA NA NA NA 0 0 "Uqcrc2_noRT" "non-targeting_noRT"
"14514" "Gm28867" 0 NA NA NA NA 0 0 "Uqcrc2_noRT" "non-targeting_noRT"
"14515" "Gli2" 0 NA NA NA NA 0 0 "Uqcrc2_noRT" "non-targeting_noRT"
"14516" "Gm26831" 0 NA NA NA NA 0 0 "Uqcrc2_noRT" "non-targeting_noRT"
"14517" "Gm29456" 0 NA NA NA NA 0 0 "Uqcrc2_noRT" "non-targeting_noRT"
"14518" "Gm29455" 0 NA NA NA NA 0 0 "Uqcrc2_noRT" "non-targeting_noRT"
"14519" "Inhbb" 0 NA NA NA NA 0 0 "Uqcrc2_noRT" "non-targeting_noRT"
"14520" "Gm27184" 0 NA NA NA NA 0 0 "Uqcrc2_noRT" "non-targeting_noRT"
"14521" "3830432H09Rik" 0 NA NA NA NA 0 0 "Uqcrc2_noRT" "non-targeting_noRT"
"14522" "Gm28209" 0 NA NA NA NA 0 0 "Uqcrc2_noRT" "non-targeting_noRT"
"14523" "Cfap221" 0 NA NA NA NA 0 0 "Uqcrc2_noRT" "non-targeting_noRT"
"14524" "Sctr" 0 NA NA NA NA 0 0 "Uqcrc2_noRT" "non-targeting_noRT"
"14525" "C1ql2" 0 NA NA NA NA 0 0 "Uqcrc2_noRT" "non-targeting_noRT"
"14526" "1700012E03Rik" 0 NA NA NA NA 0 0 "Uqcrc2_noRT" "non-targeting_noRT"
"14527" "Marco" 0 NA NA NA NA 0 0 "Uqcrc2_noRT" "non-targeting_noRT"
"14528" "En1" 0 NA NA NA NA 0 0 "Uqcrc2_noRT" "non-targeting_noRT"
"14529" "2610027F03Rik" 0 NA NA NA NA 0 0 "Uqcrc2_noRT" "non-targeting_noRT"
"14530" "Gm29346" 0 NA NA NA NA 0 0 "Uqcrc2_noRT" "non-targeting_noRT"
"14531" "Gm29345" 0 NA NA NA NA 0 0 "Uqcrc2_noRT" "non-targeting_noRT"
"14532" "Gm29348" 0 NA NA NA NA 0 0 "Uqcrc2_noRT" "non-targeting_noRT"
"14533" "Gm29347" 0 NA NA NA NA 0 0 "Uqcrc2_noRT" "non-targeting_noRT"
"14534" "Celrr" 0 NA NA NA NA 0 0 "Uqcrc2_noRT" "non-targeting_noRT"
"14535" "Gm29359" 0 NA NA NA NA 0 0 "Uqcrc2_noRT" "non-targeting_noRT"
"14536" "2210011K15Rik" 0 NA NA NA NA 0 0 "Uqcrc2_noRT" "non-targeting_noRT"
"14537" "Gm15392" 0 NA NA NA NA 0 0 "Uqcrc2_noRT" "non-targeting_noRT"
"14538" "Htr5b" 0 NA NA NA NA 0 0 "Uqcrc2_noRT" "non-targeting_noRT"
"14539" "Gm28590" 0 NA NA NA NA 0 0 "Uqcrc2_noRT" "non-targeting_noRT"
"14540" "Dpp10" 0 NA NA NA NA 0 0 "Uqcrc2_noRT" "non-targeting_noRT"
"14541" "1700121L03Rik" 0 NA NA NA NA 0 0 "Uqcrc2_noRT" "non-targeting_noRT"
"14542" "Gm28706" 0 NA NA NA NA 0 0 "Uqcrc2_noRT" "non-targeting_noRT"
"14543" "Lypd1" 0 NA NA NA NA 0 0 "Uqcrc2_noRT" "non-targeting_noRT"
"14544" "Nckap5" 0 NA NA NA NA 0 0 "Uqcrc2_noRT" "non-targeting_noRT"
"14545" "4930599A14Rik" 0 NA NA NA NA 0 0 "Uqcrc2_noRT" "non-targeting_noRT"
"14546" "Tmem163" 0 NA NA NA NA 0 0 "Uqcrc2_noRT" "non-targeting_noRT"
"14547" "Acmsd" 0 NA NA NA NA 0 0 "Uqcrc2_noRT" "non-targeting_noRT"
"14548" "Map3k19" 0 NA NA NA NA 0 0 "Uqcrc2_noRT" "non-targeting_noRT"
"14549" "Gm28800" 0 NA NA NA NA 0 0 "Uqcrc2_noRT" "non-targeting_noRT"
"14550" "Lct" 0 NA NA NA NA 0 0 "Uqcrc2_noRT" "non-targeting_noRT"
"14551" "Cxcr4" 0 NA NA NA NA 0 0 "Uqcrc2_noRT" "non-targeting_noRT"
"14552" "Gm26686" 0 NA NA NA NA 0 0 "Uqcrc2_noRT" "non-targeting_noRT"
"14553" "Thsd7b" 0 NA NA NA NA 0 0 "Uqcrc2_noRT" "non-targeting_noRT"
"14554" "Gm16081" 0 NA NA NA NA 0 0 "Uqcrc2_noRT" "non-targeting_noRT"
"14555" "Cd55b" 0 NA NA NA NA 0 0 "Uqcrc2_noRT" "non-targeting_noRT"
"14556" "Gm15674" 0 NA NA NA NA 0 0 "Uqcrc2_noRT" "non-targeting_noRT"
"14557" "Gm15675" 0 NA NA NA NA 0 0 "Uqcrc2_noRT" "non-targeting_noRT"
"14558" "Cd55" 0 NA NA NA NA 0 0 "Uqcrc2_noRT" "non-targeting_noRT"
"14559" "Gm16083" 0 NA NA NA NA 0 0 "Uqcrc2_noRT" "non-targeting_noRT"
"14560" "Zp3r" 0 NA NA NA NA 0 0 "Uqcrc2_noRT" "non-targeting_noRT"
"14561" "C4bp" 0 NA NA NA NA 0 0 "Uqcrc2_noRT" "non-targeting_noRT"
"14562" "Gm28857" 0 NA NA NA NA 0 0 "Uqcrc2_noRT" "non-targeting_noRT"
"14563" "Gm28856" 0 NA NA NA NA 0 0 "Uqcrc2_noRT" "non-targeting_noRT"
"14564" "Fcamr" 0 NA NA NA NA 0 0 "Uqcrc2_noRT" "non-targeting_noRT"
"14565" "Gm15848" 0 NA NA NA NA 0 0 "Uqcrc2_noRT" "non-targeting_noRT"
"14566" "Pigr" 0 NA NA NA NA 0 0 "Uqcrc2_noRT" "non-targeting_noRT"
"14567" "Fcmr" 0 NA NA NA NA 0 0 "Uqcrc2_noRT" "non-targeting_noRT"
"14568" "Il24" 0 NA NA NA NA 0 0 "Uqcrc2_noRT" "non-targeting_noRT"
"14569" "Il20" 0 NA NA NA NA 0 0 "Uqcrc2_noRT" "non-targeting_noRT"
"14570" "Il19" 0 NA NA NA NA 0 0 "Uqcrc2_noRT" "non-targeting_noRT"
"14571" "Il10" 0 NA NA NA NA 0 0 "Uqcrc2_noRT" "non-targeting_noRT"
"14572" "Gm28914" 0 NA NA NA NA 0 0 "Uqcrc2_noRT" "non-targeting_noRT"
"14573" "Gm28913" 0 NA NA NA NA 0 0 "Uqcrc2_noRT" "non-targeting_noRT"
"14574" "Avpr1b" 0 NA NA NA NA 0 0 "Uqcrc2_noRT" "non-targeting_noRT"
"14575" "Ctse" 0 NA NA NA NA 0 0 "Uqcrc2_noRT" "non-targeting_noRT"
"14576" "Slc26a9" 0 NA NA NA NA 0 0 "Uqcrc2_noRT" "non-targeting_noRT"
"14577" "Pm20d1" 0 NA NA NA NA 0 0 "Uqcrc2_noRT" "non-targeting_noRT"
"14578" "Rab29" 0 NA NA NA NA 0 0 "Uqcrc2_noRT" "non-targeting_noRT"
"14579" "Slc45a3" 0 NA NA NA NA 0 0 "Uqcrc2_noRT" "non-targeting_noRT"
"14580" "Gm29629" 0 NA NA NA NA 0 0 "Uqcrc2_noRT" "non-targeting_noRT"
"14581" "Lemd1" 0 NA NA NA NA 0 0 "Uqcrc2_noRT" "non-targeting_noRT"
"14582" "Gm29695" 0 NA NA NA NA 0 0 "Uqcrc2_noRT" "non-targeting_noRT"
"14583" "Gm10188" 0 NA NA NA NA 0 0 "Uqcrc2_noRT" "non-targeting_noRT"
"14584" "Gm29630" 0 NA NA NA NA 0 0 "Uqcrc2_noRT" "non-targeting_noRT"
"14585" "Klhdc8a" 0 NA NA NA NA 0 0 "Uqcrc2_noRT" "non-targeting_noRT"
"14586" "F730311O21Rik" 0 NA NA NA NA 0 0 "Uqcrc2_noRT" "non-targeting_noRT"
"14587" "Gm15849" 0 NA NA NA NA 0 0 "Uqcrc2_noRT" "non-targeting_noRT"
"14588" "Cntn2" 0 NA NA NA NA 0 0 "Uqcrc2_noRT" "non-targeting_noRT"
"14589" "Nfasc" 0 NA NA NA NA 0 0 "Uqcrc2_noRT" "non-targeting_noRT"
"14590" "Gm10538" 0 NA NA NA NA 0 0 "Uqcrc2_noRT" "non-targeting_noRT"
"14591" "Lrrn2" 0 NA NA NA NA 0 0 "Uqcrc2_noRT" "non-targeting_noRT"
"14592" "Pik3c2b" 0 NA NA NA NA 0 0 "Uqcrc2_noRT" "non-targeting_noRT"
"14593" "Gm28609" 0 NA NA NA NA 0 0 "Uqcrc2_noRT" "non-targeting_noRT"
"14594" "Gm19461" 0 NA NA NA NA 0 0 "Uqcrc2_noRT" "non-targeting_noRT"
"14595" "Gm28040" 0 NA NA NA NA 0 0 "Uqcrc2_noRT" "non-targeting_noRT"
"14596" "Kiss1" 0 NA NA NA NA 0 0 "Uqcrc2_noRT" "non-targeting_noRT"
"14597" "Ren1" 0 NA NA NA NA 0 0 "Uqcrc2_noRT" "non-targeting_noRT"
"14598" "Sox13" 0 NA NA NA NA 0 0 "Uqcrc2_noRT" "non-targeting_noRT"
"14599" "Zc3h11a.1" 0 NA NA NA NA 0 0 "Uqcrc2_noRT" "non-targeting_noRT"
"14600" "Zbed6" 0 NA NA NA NA 0 0 "Uqcrc2_noRT" "non-targeting_noRT"
"14601" "Lax1" 0 NA NA NA NA 0 0 "Uqcrc2_noRT" "non-targeting_noRT"
"14602" "Atp2b4" 0 NA NA NA NA 0 0 "Uqcrc2_noRT" "non-targeting_noRT"
"14603" "Gm28441" 0 NA NA NA NA 0 0 "Uqcrc2_noRT" "non-targeting_noRT"
"14604" "Optc" 0 NA NA NA NA 0 0 "Uqcrc2_noRT" "non-targeting_noRT"
"14605" "Gm15851" 0 NA NA NA NA 0 0 "Uqcrc2_noRT" "non-targeting_noRT"
"14606" "Prelp" 0 NA NA NA NA 0 0 "Uqcrc2_noRT" "non-targeting_noRT"
"14607" "Gm1627" 0 NA NA NA NA 0 0 "Uqcrc2_noRT" "non-targeting_noRT"
"14608" "Fmod" 0 NA NA NA NA 0 0 "Uqcrc2_noRT" "non-targeting_noRT"
"14609" "Chil1" 0 NA NA NA NA 0 0 "Uqcrc2_noRT" "non-targeting_noRT"
"14610" "Mybph" 0 NA NA NA NA 0 0 "Uqcrc2_noRT" "non-targeting_noRT"
"14611" "Adora1" 0 NA NA NA NA 0 0 "Uqcrc2_noRT" "non-targeting_noRT"
"14612" "Myog" 0 NA NA NA NA 0 0 "Uqcrc2_noRT" "non-targeting_noRT"
"14613" "Ppfia4" 0 NA NA NA NA 0 0 "Uqcrc2_noRT" "non-targeting_noRT"
"14614" "4933406M09Rik" 0 NA NA NA NA 0 0 "Uqcrc2_noRT" "non-targeting_noRT"
"14615" "Platr1" 0 NA NA NA NA 0 0 "Uqcrc2_noRT" "non-targeting_noRT"
"14616" "Mgat4e" 0 NA NA NA NA 0 0 "Uqcrc2_noRT" "non-targeting_noRT"
"14617" "Gm26783" 0 NA NA NA NA 0 0 "Uqcrc2_noRT" "non-targeting_noRT"
"14618" "Syt2" 0 NA NA NA NA 0 0 "Uqcrc2_noRT" "non-targeting_noRT"
"14619" "Gm28892" 0 NA NA NA NA 0 0 "Uqcrc2_noRT" "non-targeting_noRT"
"14620" "Gm10535" 0 NA NA NA NA 0 0 "Uqcrc2_noRT" "non-targeting_noRT"
"14621" "Ptpn7" 0 NA NA NA NA 0 0 "Uqcrc2_noRT" "non-targeting_noRT"
"14622" "Gm15445" 0 NA NA NA NA 0 0 "Uqcrc2_noRT" "non-targeting_noRT"
"14623" "Gm26642" 0 NA NA NA NA 0 0 "Uqcrc2_noRT" "non-targeting_noRT"
"14624" "Gm28277" 0 NA NA NA NA 0 0 "Uqcrc2_noRT" "non-targeting_noRT"
"14625" "Gm4793" 0 NA NA NA NA 0 0 "Uqcrc2_noRT" "non-targeting_noRT"
"14626" "Lad1" 0 NA NA NA NA 0 0 "Uqcrc2_noRT" "non-targeting_noRT"
"14627" "Pkp1" 0 NA NA NA NA 0 0 "Uqcrc2_noRT" "non-targeting_noRT"
"14628" "Igfn1" 0 NA NA NA NA 0 0 "Uqcrc2_noRT" "non-targeting_noRT"
"14629" "Ascl5" 0 NA NA NA NA 0 0 "Uqcrc2_noRT" "non-targeting_noRT"
"14630" "Cacna1s" 0 NA NA NA NA 0 0 "Uqcrc2_noRT" "non-targeting_noRT"
"14631" "Gm37759" 0 NA NA NA NA 0 0 "Uqcrc2_noRT" "non-targeting_noRT"
"14632" "Gm15850" 0 NA NA NA NA 0 0 "Uqcrc2_noRT" "non-targeting_noRT"
"14633" "Mroh3" 0 NA NA NA NA 0 0 "Uqcrc2_noRT" "non-targeting_noRT"
"14634" "Gm26568" 0 NA NA NA NA 0 0 "Uqcrc2_noRT" "non-targeting_noRT"
"14635" "A430034D21Rik" 0 NA NA NA NA 0 0 "Uqcrc2_noRT" "non-targeting_noRT"
"14636" "Gm37552" 0 NA NA NA NA 0 0 "Uqcrc2_noRT" "non-targeting_noRT"
"14637" "Gpr25" 0 NA NA NA NA 0 0 "Uqcrc2_noRT" "non-targeting_noRT"
"14638" "Gm37799" 0 NA NA NA NA 0 0 "Uqcrc2_noRT" "non-targeting_noRT"
"14639" "Gm33994" 0 NA NA NA NA 0 0 "Uqcrc2_noRT" "non-targeting_noRT"
"14640" "4933409D19Rik" 0 NA NA NA NA 0 0 "Uqcrc2_noRT" "non-targeting_noRT"
"14641" "Platr23" 0 NA NA NA NA 0 0 "Uqcrc2_noRT" "non-targeting_noRT"
"14642" "Nr5a2" 0 NA NA NA NA 0 0 "Uqcrc2_noRT" "non-targeting_noRT"
"14643" "Gm26979" 0 NA NA NA NA 0 0 "Uqcrc2_noRT" "non-targeting_noRT"
"14644" "Gm26936" 0 NA NA NA NA 0 0 "Uqcrc2_noRT" "non-targeting_noRT"
"14645" "A430106G13Rik" 0 NA NA NA NA 0 0 "Uqcrc2_noRT" "non-targeting_noRT"
"14646" "Ptprc" 0 NA NA NA NA 0 0 "Uqcrc2_noRT" "non-targeting_noRT"
"14647" "Gm28556" 0 NA NA NA NA 0 0 "Uqcrc2_noRT" "non-targeting_noRT"
"14648" "Atp6v1g3" 0 NA NA NA NA 0 0 "Uqcrc2_noRT" "non-targeting_noRT"
"14649" "Gm28501" 0 NA NA NA NA 0 0 "Uqcrc2_noRT" "non-targeting_noRT"
"14650" "Gm5833" 0 NA NA NA NA 0 0 "Uqcrc2_noRT" "non-targeting_noRT"
"14651" "1700019P21Rik" 0 NA NA NA NA 0 0 "Uqcrc2_noRT" "non-targeting_noRT"
"14652" "4930596I21Rik" 0 NA NA NA NA 0 0 "Uqcrc2_noRT" "non-targeting_noRT"
"14653" "Crb1" 0 NA NA NA NA 0 0 "Uqcrc2_noRT" "non-targeting_noRT"
"14654" "4933436E23Rik" 0 NA NA NA NA 0 0 "Uqcrc2_noRT" "non-targeting_noRT"
"14655" "Gm34816" 0 NA NA NA NA 0 0 "Uqcrc2_noRT" "non-targeting_noRT"
"14656" "F13b" 0 NA NA NA NA 0 0 "Uqcrc2_noRT" "non-targeting_noRT"
"14657" "Cfhr1" 0 NA NA NA NA 0 0 "Uqcrc2_noRT" "non-targeting_noRT"
"14658" "Gm4788" 0 NA NA NA NA 0 0 "Uqcrc2_noRT" "non-targeting_noRT"
"14659" "Cfhr2" 0 NA NA NA NA 0 0 "Uqcrc2_noRT" "non-targeting_noRT"
"14660" "Cfh" 0 NA NA NA NA 0 0 "Uqcrc2_noRT" "non-targeting_noRT"
"14661" "4930590L20Rik" 0 NA NA NA NA 0 0 "Uqcrc2_noRT" "non-targeting_noRT"
"14662" "Rgs13" 0 NA NA NA NA 0 0 "Uqcrc2_noRT" "non-targeting_noRT"
"14663" "Rgs1" 0 NA NA NA NA 0 0 "Uqcrc2_noRT" "non-targeting_noRT"
"14664" "Rgs21" 0 NA NA NA NA 0 0 "Uqcrc2_noRT" "non-targeting_noRT"
"14665" "Rgs18" 0 NA NA NA NA 0 0 "Uqcrc2_noRT" "non-targeting_noRT"
"14666" "A230059L01Rik" 0 NA NA NA NA 0 0 "Uqcrc2_noRT" "non-targeting_noRT"
"14667" "Gm15584" 0 NA NA NA NA 0 0 "Uqcrc2_noRT" "non-targeting_noRT"
"14668" "Gm29515" 0 NA NA NA NA 0 0 "Uqcrc2_noRT" "non-targeting_noRT"
"14669" "Gm29020" 0 NA NA NA NA 0 0 "Uqcrc2_noRT" "non-targeting_noRT"
"14670" "Gm29398" 0 NA NA NA NA 0 0 "Uqcrc2_noRT" "non-targeting_noRT"
"14671" "Pla2g4a" 0 NA NA NA NA 0 0 "Uqcrc2_noRT" "non-targeting_noRT"
"14672" "Ptgs2os" 0 NA NA NA NA 0 0 "Uqcrc2_noRT" "non-targeting_noRT"
"14673" "Ptgs2os2" 0 NA NA NA NA 0 0 "Uqcrc2_noRT" "non-targeting_noRT"
"14674" "Pdc" 0 NA NA NA NA 0 0 "Uqcrc2_noRT" "non-targeting_noRT"
"14675" "2310030A07Rik" 0 NA NA NA NA 0 0 "Uqcrc2_noRT" "non-targeting_noRT"
"14676" "Prg4" 0 NA NA NA NA 0 0 "Uqcrc2_noRT" "non-targeting_noRT"
"14677" "Gm20631" 0 NA NA NA NA 0 0 "Uqcrc2_noRT" "non-targeting_noRT"
"14678" "Gm29188" 0 NA NA NA NA 0 0 "Uqcrc2_noRT" "non-targeting_noRT"
"14679" "C730036E19Rik" 0 NA NA NA NA 0 0 "Uqcrc2_noRT" "non-targeting_noRT"
"14680" "Gm47985" 0 NA NA NA NA 0 0 "Uqcrc2_noRT" "non-targeting_noRT"
"14681" "Gm8947" 0 NA NA NA NA 0 0 "Uqcrc2_noRT" "non-targeting_noRT"
"14682" "Gm47995" 0 NA NA NA NA 0 0 "Uqcrc2_noRT" "non-targeting_noRT"
"14683" "3110040M04Rik" 0 NA NA NA NA 0 0 "Uqcrc2_noRT" "non-targeting_noRT"
"14684" "Gm47996" 0 NA NA NA NA 0 0 "Uqcrc2_noRT" "non-targeting_noRT"
"14685" "Gm28181" 0 NA NA NA NA 0 0 "Uqcrc2_noRT" "non-targeting_noRT"
"14686" "Fam129a" 0 NA NA NA NA 0 0 "Uqcrc2_noRT" "non-targeting_noRT"
"14687" "Gm28610" 0 NA NA NA NA 0 0 "Uqcrc2_noRT" "non-targeting_noRT"
"14688" "Gm15479" 0 NA NA NA NA 0 0 "Uqcrc2_noRT" "non-targeting_noRT"
"14689" "Apobec4" 0 NA NA NA NA 0 0 "Uqcrc2_noRT" "non-targeting_noRT"
"14690" "Gm28960" 0 NA NA NA NA 0 0 "Uqcrc2_noRT" "non-targeting_noRT"
"14691" "Lamc2" 0 NA NA NA NA 0 0 "Uqcrc2_noRT" "non-targeting_noRT"
"14692" "Rgs8" 0 NA NA NA NA 0 0 "Uqcrc2_noRT" "non-targeting_noRT"
"14693" "Gm29529" 0 NA NA NA NA 0 0 "Uqcrc2_noRT" "non-targeting_noRT"
"14694" "C230024C17Rik" 0 NA NA NA NA 0 0 "Uqcrc2_noRT" "non-targeting_noRT"
"14695" "Rgs16" 0 NA NA NA NA 0 0 "Uqcrc2_noRT" "non-targeting_noRT"
"14696" "Gm28513" 0 NA NA NA NA 0 0 "Uqcrc2_noRT" "non-targeting_noRT"
"14697" "Gm28512" 0 NA NA NA NA 0 0 "Uqcrc2_noRT" "non-targeting_noRT"
"14698" "Rgsl1" 0 NA NA NA NA 0 0 "Uqcrc2_noRT" "non-targeting_noRT"
"14699" "Teddm2" 0 NA NA NA NA 0 0 "Uqcrc2_noRT" "non-targeting_noRT"
"14700" "Teddm1b" 0 NA NA NA NA 0 0 "Uqcrc2_noRT" "non-targeting_noRT"
"14701" "Teddm1a" 0 NA NA NA NA 0 0 "Uqcrc2_noRT" "non-targeting_noRT"
"14702" "Gm29290" 0 NA NA NA NA 0 0 "Uqcrc2_noRT" "non-targeting_noRT"
"14703" "Gm29291" 0 NA NA NA NA 0 0 "Uqcrc2_noRT" "non-targeting_noRT"
"14704" "Gm28286" 0 NA NA NA NA 0 0 "Uqcrc2_noRT" "non-targeting_noRT"
"14705" "A830008E24Rik" 0 NA NA NA NA 0 0 "Uqcrc2_noRT" "non-targeting_noRT"
"14706" "Zfp648" 0 NA NA NA NA 0 0 "Uqcrc2_noRT" "non-targeting_noRT"
"14707" "4930452N14Rik" 0 NA NA NA NA 0 0 "Uqcrc2_noRT" "non-targeting_noRT"
"14708" "4930532M18Rik" 0 NA NA NA NA 0 0 "Uqcrc2_noRT" "non-targeting_noRT"
"14709" "Cacna1e" 0 NA NA NA NA 0 0 "Uqcrc2_noRT" "non-targeting_noRT"
"14710" "Gm29282" 0 NA NA NA NA 0 0 "Uqcrc2_noRT" "non-targeting_noRT"
"14711" "Gm9530" 0 NA NA NA NA 0 0 "Uqcrc2_noRT" "non-targeting_noRT"
"14712" "Mr1" 0 NA NA NA NA 0 0 "Uqcrc2_noRT" "non-targeting_noRT"
"14713" "BC034090" 0 NA NA NA NA 0 0 "Uqcrc2_noRT" "non-targeting_noRT"
"14714" "Gm37622" 0 NA NA NA NA 0 0 "Uqcrc2_noRT" "non-targeting_noRT"
"14715" "Lhx4" 0 NA NA NA NA 0 0 "Uqcrc2_noRT" "non-targeting_noRT"
"14716" "Gm37571" 0 NA NA NA NA 0 0 "Uqcrc2_noRT" "non-targeting_noRT"
"14717" "Fam163a" 0 NA NA NA NA 0 0 "Uqcrc2_noRT" "non-targeting_noRT"
"14718" "Tdrd5" 0 NA NA NA NA 0 0 "Uqcrc2_noRT" "non-targeting_noRT"
"14719" "4930518J20Rik" 0 NA NA NA NA 0 0 "Uqcrc2_noRT" "non-targeting_noRT"
"14720" "Nphs2" 0 NA NA NA NA 0 0 "Uqcrc2_noRT" "non-targeting_noRT"
"14721" "Angptl1" 0 NA NA NA NA 0 0 "Uqcrc2_noRT" "non-targeting_noRT"
"14722" "4930439D14Rik" 0 NA NA NA NA 0 0 "Uqcrc2_noRT" "non-targeting_noRT"
"14723" "Gm28694" 0 NA NA NA NA 0 0 "Uqcrc2_noRT" "non-targeting_noRT"
"14724" "Tex35" 0 NA NA NA NA 0 0 "Uqcrc2_noRT" "non-targeting_noRT"
"14725" "Brinp2" 0 NA NA NA NA 0 0 "Uqcrc2_noRT" "non-targeting_noRT"
"14726" "Astn1" 0 NA NA NA NA 0 0 "Uqcrc2_noRT" "non-targeting_noRT"
"14727" "Gm37679" 0 NA NA NA NA 0 0 "Uqcrc2_noRT" "non-targeting_noRT"
"14728" "Pappa2" 0 NA NA NA NA 0 0 "Uqcrc2_noRT" "non-targeting_noRT"
"14729" "1600012P17Rik" 0 NA NA NA NA 0 0 "Uqcrc2_noRT" "non-targeting_noRT"
"14730" "4930562F17Rik" 0 NA NA NA NA 0 0 "Uqcrc2_noRT" "non-targeting_noRT"
"14731" "Tnr" 0 NA NA NA NA 0 0 "Uqcrc2_noRT" "non-targeting_noRT"
"14732" "Gm10530" 0 NA NA NA NA 0 0 "Uqcrc2_noRT" "non-targeting_noRT"
"14733" "Gm38039" 0 NA NA NA NA 0 0 "Uqcrc2_noRT" "non-targeting_noRT"
"14734" "Gm37294" 0 NA NA NA NA 0 0 "Uqcrc2_noRT" "non-targeting_noRT"
"14735" "4930562F07Rik" 0 NA NA NA NA 0 0 "Uqcrc2_noRT" "non-targeting_noRT"
"14736" "Tnn" 0 NA NA NA NA 0 0 "Uqcrc2_noRT" "non-targeting_noRT"
"14737" "Gm36975" 0 NA NA NA NA 0 0 "Uqcrc2_noRT" "non-targeting_noRT"
"14738" "Gpr52" 0 NA NA NA NA 0 0 "Uqcrc2_noRT" "non-targeting_noRT"
"14739" "Gm37328" 0 NA NA NA NA 0 0 "Uqcrc2_noRT" "non-targeting_noRT"
"14740" "Gm38060" 0 NA NA NA NA 0 0 "Uqcrc2_noRT" "non-targeting_noRT"
"14741" "Gm37362" 0 NA NA NA NA 0 0 "Uqcrc2_noRT" "non-targeting_noRT"
"14742" "Gm37634" 0 NA NA NA NA 0 0 "Uqcrc2_noRT" "non-targeting_noRT"
"14743" "Ankrd45" 0 NA NA NA NA 0 0 "Uqcrc2_noRT" "non-targeting_noRT"
"14744" "Tex50" 0 NA NA NA NA 0 0 "Uqcrc2_noRT" "non-targeting_noRT"
"14745" "Tnfsf4" 0 NA NA NA NA 0 0 "Uqcrc2_noRT" "non-targeting_noRT"
"14746" "Tnfsf18" 0 NA NA NA NA 0 0 "Uqcrc2_noRT" "non-targeting_noRT"
"14747" "Fasl" 0 NA NA NA NA 0 0 "Uqcrc2_noRT" "non-targeting_noRT"
"14748" "Gm31925" 0 NA NA NA NA 0 0 "Uqcrc2_noRT" "non-targeting_noRT"
"14749" "4930558K02Rik" 0 NA NA NA NA 0 0 "Uqcrc2_noRT" "non-targeting_noRT"
"14750" "Gm38304" 0 NA NA NA NA 0 0 "Uqcrc2_noRT" "non-targeting_noRT"
"14751" "Dnm3" 0 NA NA NA NA 0 0 "Uqcrc2_noRT" "non-targeting_noRT"
"14752" "2810442N19Rik" 0 NA NA NA NA 0 0 "Uqcrc2_noRT" "non-targeting_noRT"
"14753" "Dnm3os" 0 NA NA NA NA 0 0 "Uqcrc2_noRT" "non-targeting_noRT"
"14754" "Myoc" 0 NA NA NA NA 0 0 "Uqcrc2_noRT" "non-targeting_noRT"
"14755" "Myocos" 0 NA NA NA NA 0 0 "Uqcrc2_noRT" "non-targeting_noRT"
"14756" "Fmo4" 0 NA NA NA NA 0 0 "Uqcrc2_noRT" "non-targeting_noRT"
"14757" "Fmo1" 0 NA NA NA NA 0 0 "Uqcrc2_noRT" "non-targeting_noRT"
"14758" "Fmo2" 0 NA NA NA NA 0 0 "Uqcrc2_noRT" "non-targeting_noRT"
"14759" "Fmo6" 0 NA NA NA NA 0 0 "Uqcrc2_noRT" "non-targeting_noRT"
"14760" "Fmo3" 0 NA NA NA NA 0 0 "Uqcrc2_noRT" "non-targeting_noRT"
"14761" "Gm37273" 0 NA NA NA NA 0 0 "Uqcrc2_noRT" "non-targeting_noRT"
"14762" "Mroh9" 0 NA NA NA NA 0 0 "Uqcrc2_noRT" "non-targeting_noRT"
"14763" "Gm20471" 0 NA NA NA NA 0 0 "Uqcrc2_noRT" "non-targeting_noRT"
"14764" "Gm29500" 0 NA NA NA NA 0 0 "Uqcrc2_noRT" "non-targeting_noRT"
"14765" "Mettl11b" 0 NA NA NA NA 0 0 "Uqcrc2_noRT" "non-targeting_noRT"
"14766" "Sele" 0 NA NA NA NA 0 0 "Uqcrc2_noRT" "non-targeting_noRT"
"14767" "Sell" 0 NA NA NA NA 0 0 "Uqcrc2_noRT" "non-targeting_noRT"
"14768" "Selp" 0 NA NA NA NA 0 0 "Uqcrc2_noRT" "non-targeting_noRT"
"14769" "Gm16587" 0 NA NA NA NA 0 0 "Uqcrc2_noRT" "non-targeting_noRT"
"14770" "Gm16548" 0 NA NA NA NA 0 0 "Uqcrc2_noRT" "non-targeting_noRT"
"14771" "F5" 0 NA NA NA NA 0 0 "Uqcrc2_noRT" "non-targeting_noRT"
"14772" "Atp1b1" 0 NA NA NA NA 0 0 "Uqcrc2_noRT" "non-targeting_noRT"
"14773" "Gm32391" 0 NA NA NA NA 0 0 "Uqcrc2_noRT" "non-targeting_noRT"
"14774" "Gm26685" 0 NA NA NA NA 0 0 "Uqcrc2_noRT" "non-targeting_noRT"
"14775" "Gm37754" 0 NA NA NA NA 0 0 "Uqcrc2_noRT" "non-targeting_noRT"
"14776" "Gm37853" 0 NA NA NA NA 0 0 "Uqcrc2_noRT" "non-targeting_noRT"
"14777" "Gm37184" 0 NA NA NA NA 0 0 "Uqcrc2_noRT" "non-targeting_noRT"
"14778" "Gm36945" 0 NA NA NA NA 0 0 "Uqcrc2_noRT" "non-targeting_noRT"
"14779" "Dpt" 0 NA NA NA NA 0 0 "Uqcrc2_noRT" "non-targeting_noRT"
"14780" "Gm32569" 0 NA NA NA NA 0 0 "Uqcrc2_noRT" "non-targeting_noRT"
"14781" "Gm20743" 0 NA NA NA NA 0 0 "Uqcrc2_noRT" "non-targeting_noRT"
"14782" "Xcl1" 0 NA NA NA NA 0 0 "Uqcrc2_noRT" "non-targeting_noRT"
"14783" "1700029M03Rik" 0 NA NA NA NA 0 0 "Uqcrc2_noRT" "non-targeting_noRT"
"14784" "4930568G15Rik" 0 NA NA NA NA 0 0 "Uqcrc2_noRT" "non-targeting_noRT"
"14785" "Tbx19" 0 NA NA NA NA 0 0 "Uqcrc2_noRT" "non-targeting_noRT"
"14786" "Adcy10" 0 NA NA NA NA 0 0 "Uqcrc2_noRT" "non-targeting_noRT"
"14787" "Gm38325" 0 NA NA NA NA 0 0 "Uqcrc2_noRT" "non-targeting_noRT"
"14788" "Rcsd1" 0 NA NA NA NA 0 0 "Uqcrc2_noRT" "non-targeting_noRT"
"14789" "Gm37073" 0 NA NA NA NA 0 0 "Uqcrc2_noRT" "non-targeting_noRT"
"14790" "Gm36972" 0 NA NA NA NA 0 0 "Uqcrc2_noRT" "non-targeting_noRT"
"14791" "Gm16565" 0 NA NA NA NA 0 0 "Uqcrc2_noRT" "non-targeting_noRT"
"14792" "Cd247" 0 NA NA NA NA 0 0 "Uqcrc2_noRT" "non-targeting_noRT"
"14793" "Gm37469" 0 NA NA NA NA 0 0 "Uqcrc2_noRT" "non-targeting_noRT"
"14794" "Gm26665" 0 NA NA NA NA 0 0 "Uqcrc2_noRT" "non-targeting_noRT"
"14795" "Gm37923" 0 NA NA NA NA 0 0 "Uqcrc2_noRT" "non-targeting_noRT"
"14796" "Dusp27" 0 NA NA NA NA 0 0 "Uqcrc2_noRT" "non-targeting_noRT"
"14797" "Gpa33" 0 NA NA NA NA 0 0 "Uqcrc2_noRT" "non-targeting_noRT"
"14798" "Mael" 0 NA NA NA NA 0 0 "Uqcrc2_noRT" "non-targeting_noRT"
"14799" "Ildr2" 0 NA NA NA NA 0 0 "Uqcrc2_noRT" "non-targeting_noRT"
"14800" "5330438I03Rik" 0 NA NA NA NA 0 0 "Uqcrc2_noRT" "non-targeting_noRT"
"14801" "Gm4846" 0 NA NA NA NA 0 0 "Uqcrc2_noRT" "non-targeting_noRT"
"14802" "Gm4847" 0 NA NA NA NA 0 0 "Uqcrc2_noRT" "non-targeting_noRT"
"14803" "Fmo9" 0 NA NA NA NA 0 0 "Uqcrc2_noRT" "non-targeting_noRT"
"14804" "Gm16701" 0 NA NA NA NA 0 0 "Uqcrc2_noRT" "non-targeting_noRT"
"14805" "Gm16701.1" 0 NA NA NA NA 0 0 "Uqcrc2_noRT" "non-targeting_noRT"
"14806" "Fam78b" 0 NA NA NA NA 0 0 "Uqcrc2_noRT" "non-targeting_noRT"
"14807" "Gm37982" 0 NA NA NA NA 0 0 "Uqcrc2_noRT" "non-targeting_noRT"
"14808" "Gm2453" 0 NA NA NA NA 0 0 "Uqcrc2_noRT" "non-targeting_noRT"
"14809" "Lrrc52" 0 NA NA NA NA 0 0 "Uqcrc2_noRT" "non-targeting_noRT"
"14810" "Rxrg" 0 NA NA NA NA 0 0 "Uqcrc2_noRT" "non-targeting_noRT"
"14811" "Lmx1a" 0 NA NA NA NA 0 0 "Uqcrc2_noRT" "non-targeting_noRT"
"14812" "Gm20711" 0 NA NA NA NA 0 0 "Uqcrc2_noRT" "non-targeting_noRT"
"14813" "Gm37839" 0 NA NA NA NA 0 0 "Uqcrc2_noRT" "non-targeting_noRT"
"14814" "Rgs4" 0 NA NA NA NA 0 0 "Uqcrc2_noRT" "non-targeting_noRT"
"14815" "Ccdc190" 0 NA NA NA NA 0 0 "Uqcrc2_noRT" "non-targeting_noRT"
"14816" "Gm37748" 0 NA NA NA NA 0 0 "Uqcrc2_noRT" "non-targeting_noRT"
"14817" "Gm37502" 0 NA NA NA NA 0 0 "Uqcrc2_noRT" "non-targeting_noRT"
"14818" "4930500M09Rik" 0 NA NA NA NA 0 0 "Uqcrc2_noRT" "non-targeting_noRT"
"14819" "Sh2d1b2" 0 NA NA NA NA 0 0 "Uqcrc2_noRT" "non-targeting_noRT"
"14820" "Sh2d1b1" 0 NA NA NA NA 0 0 "Uqcrc2_noRT" "non-targeting_noRT"
"14821" "Gm7694" 0 NA NA NA NA 0 0 "Uqcrc2_noRT" "non-targeting_noRT"
"14822" "Nos1ap" 0 NA NA NA NA 0 0 "Uqcrc2_noRT" "non-targeting_noRT"
"14823" "Spata46" 0 NA NA NA NA 0 0 "Uqcrc2_noRT" "non-targeting_noRT"
"14824" "Fcrlb" 0 NA NA NA NA 0 0 "Uqcrc2_noRT" "non-targeting_noRT"
"14825" "Fcrla" 0 NA NA NA NA 0 0 "Uqcrc2_noRT" "non-targeting_noRT"
"14826" "Gm38204" 0 NA NA NA NA 0 0 "Uqcrc2_noRT" "non-targeting_noRT"
"14827" "Gm10522" 0 NA NA NA NA 0 0 "Uqcrc2_noRT" "non-targeting_noRT"
"14828" "Fcgr4" 0 NA NA NA NA 0 0 "Uqcrc2_noRT" "non-targeting_noRT"
"14829" "Fcgr3" 0 NA NA NA NA 0 0 "Uqcrc2_noRT" "non-targeting_noRT"
"14830" "Pcp4l1" 0 NA NA NA NA 0 0 "Uqcrc2_noRT" "non-targeting_noRT"
"14831" "Nr1i3" 0 NA NA NA NA 0 0 "Uqcrc2_noRT" "non-targeting_noRT"
"14832" "Fcer1g" 0 NA NA NA NA 0 0 "Uqcrc2_noRT" "non-targeting_noRT"
"14833" "Tstd1" 0 NA NA NA NA 0 0 "Uqcrc2_noRT" "non-targeting_noRT"
"14834" "F11r" 0 NA NA NA NA 0 0 "Uqcrc2_noRT" "non-targeting_noRT"
"14835" "Itln1" 0 NA NA NA NA 0 0 "Uqcrc2_noRT" "non-targeting_noRT"
"14836" "Cd244a" 0 NA NA NA NA 0 0 "Uqcrc2_noRT" "non-targeting_noRT"
"14837" "Ly9" 0 NA NA NA NA 0 0 "Uqcrc2_noRT" "non-targeting_noRT"
"14838" "Slamf7" 0 NA NA NA NA 0 0 "Uqcrc2_noRT" "non-targeting_noRT"
"14839" "Gm37787" 0 NA NA NA NA 0 0 "Uqcrc2_noRT" "non-targeting_noRT"
"14840" "A630035G10Rik" 0 NA NA NA NA 0 0 "Uqcrc2_noRT" "non-targeting_noRT"
"14841" "Cd84" 0 NA NA NA NA 0 0 "Uqcrc2_noRT" "non-targeting_noRT"
"14842" "Gm10521" 0 NA NA NA NA 0 0 "Uqcrc2_noRT" "non-targeting_noRT"
"14843" "Gm37065" 0 NA NA NA NA 0 0 "Uqcrc2_noRT" "non-targeting_noRT"
"14844" "Slamf6" 0 NA NA NA NA 0 0 "Uqcrc2_noRT" "non-targeting_noRT"
"14845" "Nhlh1" 0 NA NA NA NA 0 0 "Uqcrc2_noRT" "non-targeting_noRT"
"14846" "Gm17224" 0 NA NA NA NA 0 0 "Uqcrc2_noRT" "non-targeting_noRT"
"14847" "Atp1a4" 0 NA NA NA NA 0 0 "Uqcrc2_noRT" "non-targeting_noRT"
"14848" "Gm37950" 0 NA NA NA NA 0 0 "Uqcrc2_noRT" "non-targeting_noRT"
"14849" "Kcnj9" 0 NA NA NA NA 0 0 "Uqcrc2_noRT" "non-targeting_noRT"
"14850" "Gm36937" 0 NA NA NA NA 0 0 "Uqcrc2_noRT" "non-targeting_noRT"
"14851" "Kcnj10" 0 NA NA NA NA 0 0 "Uqcrc2_noRT" "non-targeting_noRT"
"14852" "Slamf9" 0 NA NA NA NA 0 0 "Uqcrc2_noRT" "non-targeting_noRT"
"14853" "Igsf9" 0 NA NA NA NA 0 0 "Uqcrc2_noRT" "non-targeting_noRT"
"14854" "Cfap45" 0 NA NA NA NA 0 0 "Uqcrc2_noRT" "non-targeting_noRT"
"14855" "4933439K11Rik" 0 NA NA NA NA 0 0 "Uqcrc2_noRT" "non-targeting_noRT"
"14856" "Vsig8" 0 NA NA NA NA 0 0 "Uqcrc2_noRT" "non-targeting_noRT"
"14857" "Fcrl6" 0 NA NA NA NA 0 0 "Uqcrc2_noRT" "non-targeting_noRT"
"14858" "Dusp23" 0 NA NA NA NA 0 0 "Uqcrc2_noRT" "non-targeting_noRT"
"14859" "Crp" 0 NA NA NA NA 0 0 "Uqcrc2_noRT" "non-targeting_noRT"
"14860" "Apcs" 0 NA NA NA NA 0 0 "Uqcrc2_noRT" "non-targeting_noRT"
"14861" "Olfr16" 0 NA NA NA NA 0 0 "Uqcrc2_noRT" "non-targeting_noRT"
"14862" "Olfr1408" 0 NA NA NA NA 0 0 "Uqcrc2_noRT" "non-targeting_noRT"
"14863" "Olfr1406" 0 NA NA NA NA 0 0 "Uqcrc2_noRT" "non-targeting_noRT"
"14864" "Olfr218" 0 NA NA NA NA 0 0 "Uqcrc2_noRT" "non-targeting_noRT"
"14865" "Olfr1404" 0 NA NA NA NA 0 0 "Uqcrc2_noRT" "non-targeting_noRT"
"14866" "Fcer1a" 0 NA NA NA NA 0 0 "Uqcrc2_noRT" "non-targeting_noRT"
"14867" "Olfr418" 0 NA NA NA NA 0 0 "Uqcrc2_noRT" "non-targeting_noRT"
"14868" "Mptx2" 0 NA NA NA NA 0 0 "Uqcrc2_noRT" "non-targeting_noRT"
"14869" "Ackr1" 0 NA NA NA NA 0 0 "Uqcrc2_noRT" "non-targeting_noRT"
"14870" "Cadm3" 0 NA NA NA NA 0 0 "Uqcrc2_noRT" "non-targeting_noRT"
"14871" "Ifi202b" 0 NA NA NA NA 0 0 "Uqcrc2_noRT" "non-targeting_noRT"
"14872" "Olfr433" 0 NA NA NA NA 0 0 "Uqcrc2_noRT" "non-targeting_noRT"
"14873" "Olfr432" 0 NA NA NA NA 0 0 "Uqcrc2_noRT" "non-targeting_noRT"
"14874" "Olfr430" 0 NA NA NA NA 0 0 "Uqcrc2_noRT" "non-targeting_noRT"
"14875" "Olfr429" 0 NA NA NA NA 0 0 "Uqcrc2_noRT" "non-targeting_noRT"
"14876" "Olfr427" 0 NA NA NA NA 0 0 "Uqcrc2_noRT" "non-targeting_noRT"
"14877" "Olfr231" 0 NA NA NA NA 0 0 "Uqcrc2_noRT" "non-targeting_noRT"
"14878" "Olfr424" 0 NA NA NA NA 0 0 "Uqcrc2_noRT" "non-targeting_noRT"
"14879" "Olfr420" 0 NA NA NA NA 0 0 "Uqcrc2_noRT" "non-targeting_noRT"
"14880" "Olfr419" 0 NA NA NA NA 0 0 "Uqcrc2_noRT" "non-targeting_noRT"
"14881" "Mptx1" 0 NA NA NA NA 0 0 "Uqcrc2_noRT" "non-targeting_noRT"
"14882" "Olfr417" 0 NA NA NA NA 0 0 "Uqcrc2_noRT" "non-targeting_noRT"
"14883" "Olfr248" 0 NA NA NA NA 0 0 "Uqcrc2_noRT" "non-targeting_noRT"
"14884" "Olfr414" 0 NA NA NA NA 0 0 "Uqcrc2_noRT" "non-targeting_noRT"
"14885" "Olfr220" 0 NA NA NA NA 0 0 "Uqcrc2_noRT" "non-targeting_noRT"
"14886" "Grem2" 0 NA NA NA NA 0 0 "Uqcrc2_noRT" "non-targeting_noRT"
"14887" "Rgs7" 0 NA NA NA NA 0 0 "Uqcrc2_noRT" "non-targeting_noRT"
"14888" "Gm36307" 0 NA NA NA NA 0 0 "Uqcrc2_noRT" "non-targeting_noRT"
"14889" "Wdr64" 0 NA NA NA NA 0 0 "Uqcrc2_noRT" "non-targeting_noRT"
"14890" "Gm38100" 0 NA NA NA NA 0 0 "Uqcrc2_noRT" "non-targeting_noRT"
"14891" "Pld5" 0 NA NA NA NA 0 0 "Uqcrc2_noRT" "non-targeting_noRT"
"14892" "Gm38101" 0 NA NA NA NA 0 0 "Uqcrc2_noRT" "non-targeting_noRT"
"14893" "Gm36536" 0 NA NA NA NA 0 0 "Uqcrc2_noRT" "non-targeting_noRT"
"14894" "Gm36992" 0 NA NA NA NA 0 0 "Uqcrc2_noRT" "non-targeting_noRT"
"14895" "Gm15423" 0 NA NA NA NA 0 0 "Uqcrc2_noRT" "non-targeting_noRT"
"14896" "Gm26801" 0 NA NA NA NA 0 0 "Uqcrc2_noRT" "non-targeting_noRT"
"14897" "Gm29856" 0 NA NA NA NA 0 0 "Uqcrc2_noRT" "non-targeting_noRT"
"14898" "Gm37306" 0 NA NA NA NA 0 0 "Uqcrc2_noRT" "non-targeting_noRT"
"14899" "Gm37280" 0 NA NA NA NA 0 0 "Uqcrc2_noRT" "non-targeting_noRT"
"14900" "2310043L19Rik" 0 NA NA NA NA 0 0 "Uqcrc2_noRT" "non-targeting_noRT"
"14901" "Catspere1" 0 NA NA NA NA 0 0 "Uqcrc2_noRT" "non-targeting_noRT"
"14902" "Catspere2" 0 NA NA NA NA 0 0 "Uqcrc2_noRT" "non-targeting_noRT"
"14903" "4930527J03Rik" 0 NA NA NA NA 0 0 "Uqcrc2_noRT" "non-targeting_noRT"
"14904" "Kif26b" 0 NA NA NA NA 0 0 "Uqcrc2_noRT" "non-targeting_noRT"
"14905" "Gm16564" 0 NA NA NA NA 0 0 "Uqcrc2_noRT" "non-targeting_noRT"
"14906" "Kif28" 0 NA NA NA NA 0 0 "Uqcrc2_noRT" "non-targeting_noRT"
"14907" "Gm10518" 0 NA NA NA NA 0 0 "Uqcrc2_noRT" "non-targeting_noRT"
"14908" "Gm37336" 0 NA NA NA NA 0 0 "Uqcrc2_noRT" "non-targeting_noRT"
"14909" "Gm31728" 0 NA NA NA NA 0 0 "Uqcrc2_noRT" "non-targeting_noRT"
"14910" "Stum" 0 NA NA NA NA 0 0 "Uqcrc2_noRT" "non-targeting_noRT"
"14911" "Gm37267" 0 NA NA NA NA 0 0 "Uqcrc2_noRT" "non-targeting_noRT"
"14912" "Mixl1" 0 NA NA NA NA 0 0 "Uqcrc2_noRT" "non-targeting_noRT"
"14913" "Gm37768" 0 NA NA NA NA 0 0 "Uqcrc2_noRT" "non-targeting_noRT"
"14914" "Gm38293" 0 NA NA NA NA 0 0 "Uqcrc2_noRT" "non-targeting_noRT"
"14915" "Lefty2" 0 NA NA NA NA 0 0 "Uqcrc2_noRT" "non-targeting_noRT"
"14916" "2210411M09Rik" 0 NA NA NA NA 0 0 "Uqcrc2_noRT" "non-targeting_noRT"
"14917" "Ephx1" 0 NA NA NA NA 0 0 "Uqcrc2_noRT" "non-targeting_noRT"
"14918" "9130409I23Rik" 0 NA NA NA NA 0 0 "Uqcrc2_noRT" "non-targeting_noRT"
"14919" "Gm37406" 0 NA NA NA NA 0 0 "Uqcrc2_noRT" "non-targeting_noRT"
"14920" "A430110L20Rik" 0 NA NA NA NA 0 0 "Uqcrc2_noRT" "non-targeting_noRT"
"14921" "Cnih3" 0 NA NA NA NA 0 0 "Uqcrc2_noRT" "non-targeting_noRT"
"14922" "Ccdc121" 0 NA NA NA NA 0 0 "Uqcrc2_noRT" "non-targeting_noRT"
"14923" "Dnah14" 0 NA NA NA NA 0 0 "Uqcrc2_noRT" "non-targeting_noRT"
"14924" "Gm5533" 0 NA NA NA NA 0 0 "Uqcrc2_noRT" "non-targeting_noRT"
"14925" "Vmn1r1" 0 NA NA NA NA 0 0 "Uqcrc2_noRT" "non-targeting_noRT"
"14926" "Gm37885" 0 NA NA NA NA 0 0 "Uqcrc2_noRT" "non-targeting_noRT"
"14927" "Capn8" 0 NA NA NA NA 0 0 "Uqcrc2_noRT" "non-targeting_noRT"
"14928" "Gm37218" 0 NA NA NA NA 0 0 "Uqcrc2_noRT" "non-targeting_noRT"
"14929" "Ccdc185" 0 NA NA NA NA 0 0 "Uqcrc2_noRT" "non-targeting_noRT"
"14930" "Susd4" 0 NA NA NA NA 0 0 "Uqcrc2_noRT" "non-targeting_noRT"
"14931" "Tlr5" 0 NA NA NA NA 0 0 "Uqcrc2_noRT" "non-targeting_noRT"
"14932" "Gm38079" 0 NA NA NA NA 0 0 "Uqcrc2_noRT" "non-targeting_noRT"
"14933" "Gm37214" 0 NA NA NA NA 0 0 "Uqcrc2_noRT" "non-targeting_noRT"
"14934" "Gm33973" 0 NA NA NA NA 0 0 "Uqcrc2_noRT" "non-targeting_noRT"
"14935" "Gm34068" 0 NA NA NA NA 0 0 "Uqcrc2_noRT" "non-targeting_noRT"
"14936" "Gm38108" 0 NA NA NA NA 0 0 "Uqcrc2_noRT" "non-targeting_noRT"
"14937" "Gm37223" 0 NA NA NA NA 0 0 "Uqcrc2_noRT" "non-targeting_noRT"
"14938" "Gm37712" 0 NA NA NA NA 0 0 "Uqcrc2_noRT" "non-targeting_noRT"
"14939" "1700112H15Rik" 0 NA NA NA NA 0 0 "Uqcrc2_noRT" "non-targeting_noRT"
"14940" "Gm37800" 0 NA NA NA NA 0 0 "Uqcrc2_noRT" "non-targeting_noRT"
"14941" "4930488B22Rik" 0 NA NA NA NA 0 0 "Uqcrc2_noRT" "non-targeting_noRT"
"14942" "Gm34342" 0 NA NA NA NA 0 0 "Uqcrc2_noRT" "non-targeting_noRT"
"14943" "Marc1" 0 NA NA NA NA 0 0 "Uqcrc2_noRT" "non-targeting_noRT"
"14944" "C130074G19Rik" 0 NA NA NA NA 0 0 "Uqcrc2_noRT" "non-targeting_noRT"
"14945" "Mark1" 0 NA NA NA NA 0 0 "Uqcrc2_noRT" "non-targeting_noRT"
"14946" "Gm38251" 0 NA NA NA NA 0 0 "Uqcrc2_noRT" "non-targeting_noRT"
"14947" "Gm34732" 0 NA NA NA NA 0 0 "Uqcrc2_noRT" "non-targeting_noRT"
"14948" "4930433J02Rik" 0 NA NA NA NA 0 0 "Uqcrc2_noRT" "non-targeting_noRT"
"14949" "Gm37662" 0 NA NA NA NA 0 0 "Uqcrc2_noRT" "non-targeting_noRT"
"14950" "Gm34882" 0 NA NA NA NA 0 0 "Uqcrc2_noRT" "non-targeting_noRT"
"14951" "2010103J01Rik" 0 NA NA NA NA 0 0 "Uqcrc2_noRT" "non-targeting_noRT"
"14952" "9630028B13Rik" 0 NA NA NA NA 0 0 "Uqcrc2_noRT" "non-targeting_noRT"
"14953" "Gm2061" 0 NA NA NA NA 0 0 "Uqcrc2_noRT" "non-targeting_noRT"
"14954" "Slc30a10" 0 NA NA NA NA 0 0 "Uqcrc2_noRT" "non-targeting_noRT"
"14955" "Gm38093" 0 NA NA NA NA 0 0 "Uqcrc2_noRT" "non-targeting_noRT"
"14956" "Gm37134" 0 NA NA NA NA 0 0 "Uqcrc2_noRT" "non-targeting_noRT"
"14957" "A730004F24Rik" 0 NA NA NA NA 0 0 "Uqcrc2_noRT" "non-targeting_noRT"
"14958" "Gm29491" 0 NA NA NA NA 0 0 "Uqcrc2_noRT" "non-targeting_noRT"
"14959" "1700023G09Rik" 0 NA NA NA NA 0 0 "Uqcrc2_noRT" "non-targeting_noRT"
"14960" "Gm37912" 0 NA NA NA NA 0 0 "Uqcrc2_noRT" "non-targeting_noRT"
"14961" "D1Pas1" 0 NA NA NA NA 0 0 "Uqcrc2_noRT" "non-targeting_noRT"
"14962" "Spata17" 0 NA NA NA NA 0 0 "Uqcrc2_noRT" "non-targeting_noRT"
"14963" "Gm15509" 0 NA NA NA NA 0 0 "Uqcrc2_noRT" "non-targeting_noRT"
"14964" "1700007P06Rik" 0 NA NA NA NA 0 0 "Uqcrc2_noRT" "non-targeting_noRT"
"14965" "Gm38155" 0 NA NA NA NA 0 0 "Uqcrc2_noRT" "non-targeting_noRT"
"14966" "Gm37896" 0 NA NA NA NA 0 0 "Uqcrc2_noRT" "non-targeting_noRT"
"14967" "Esrrg" 0 NA NA NA NA 0 0 "Uqcrc2_noRT" "non-targeting_noRT"
"14968" "Gm36388" 0 NA NA NA NA 0 0 "Uqcrc2_noRT" "non-targeting_noRT"
"14969" "9330162B11Rik" 0 NA NA NA NA 0 0 "Uqcrc2_noRT" "non-targeting_noRT"
"14970" "Gm38064" 0 NA NA NA NA 0 0 "Uqcrc2_noRT" "non-targeting_noRT"
"14971" "Ush2a" 0 NA NA NA NA 0 0 "Uqcrc2_noRT" "non-targeting_noRT"
"14972" "2900042K21Rik" 0 NA NA NA NA 0 0 "Uqcrc2_noRT" "non-targeting_noRT"
"14973" "A430027H14Rik" 0 NA NA NA NA 0 0 "Uqcrc2_noRT" "non-targeting_noRT"
"14974" "Gm26574" 0 NA NA NA NA 0 0 "Uqcrc2_noRT" "non-targeting_noRT"
"14975" "Gm28172" 0 NA NA NA NA 0 0 "Uqcrc2_noRT" "non-targeting_noRT"
"14976" "Prox1os" 0 NA NA NA NA 0 0 "Uqcrc2_noRT" "non-targeting_noRT"
"14977" "Gm29678" 0 NA NA NA NA 0 0 "Uqcrc2_noRT" "non-targeting_noRT"
"14978" "Gm30725" 0 NA NA NA NA 0 0 "Uqcrc2_noRT" "non-targeting_noRT"
"14979" "Gm30932" 0 NA NA NA NA 0 0 "Uqcrc2_noRT" "non-targeting_noRT"
"14980" "Gm31373" 0 NA NA NA NA 0 0 "Uqcrc2_noRT" "non-targeting_noRT"
"14981" "Gm38188" 0 NA NA NA NA 0 0 "Uqcrc2_noRT" "non-targeting_noRT"
"14982" "Gm38161" 0 NA NA NA NA 0 0 "Uqcrc2_noRT" "non-targeting_noRT"
"14983" "Gm37168" 0 NA NA NA NA 0 0 "Uqcrc2_noRT" "non-targeting_noRT"
"14984" "Gm32200" 0 NA NA NA NA 0 0 "Uqcrc2_noRT" "non-targeting_noRT"
"14985" "Gm37432" 0 NA NA NA NA 0 0 "Uqcrc2_noRT" "non-targeting_noRT"
"14986" "1700034H15Rik" 0 NA NA NA NA 0 0 "Uqcrc2_noRT" "non-targeting_noRT"
"14987" "Kcnh1" 0 NA NA NA NA 0 0 "Uqcrc2_noRT" "non-targeting_noRT"
"14988" "1700065J18Rik" 0 NA NA NA NA 0 0 "Uqcrc2_noRT" "non-targeting_noRT"
"14989" "Gm31406" 0 NA NA NA NA 0 0 "Uqcrc2_noRT" "non-targeting_noRT"
"14990" "Gm15872" 0 NA NA NA NA 0 0 "Uqcrc2_noRT" "non-targeting_noRT"
"14991" "4930570N18Rik" 0 NA NA NA NA 0 0 "Uqcrc2_noRT" "non-targeting_noRT"
"14992" "Lamb3" 0 NA NA NA NA 0 0 "Uqcrc2_noRT" "non-targeting_noRT"
"14993" "Gm37650" 0 NA NA NA NA 0 0 "Uqcrc2_noRT" "non-targeting_noRT"
"14994" "Camk1g" 0 NA NA NA NA 0 0 "Uqcrc2_noRT" "non-targeting_noRT"
"14995" "Mir205hg" 0 NA NA NA NA 0 0 "Uqcrc2_noRT" "non-targeting_noRT"
"14996" "4930503O07Rik" 0 NA NA NA NA 0 0 "Uqcrc2_noRT" "non-targeting_noRT"
"14997" "Gm37027" 0 NA NA NA NA 0 0 "Uqcrc2_noRT" "non-targeting_noRT"
"14998" "Acbd7" 0 NA NA NA NA 0 0 "Uqcrc2_noRT" "non-targeting_noRT"
"14999" "Olah" 0 NA NA NA NA 0 0 "Uqcrc2_noRT" "non-targeting_noRT"
"15000" "Gm37525" 0 NA NA NA NA 0 0 "Uqcrc2_noRT" "non-targeting_noRT"
"15001" "Gm13184" 0 NA NA NA NA 0 0 "Uqcrc2_noRT" "non-targeting_noRT"
"15002" "Gm13185" 0 NA NA NA NA 0 0 "Uqcrc2_noRT" "non-targeting_noRT"
"15003" "Gm13180" 0 NA NA NA NA 0 0 "Uqcrc2_noRT" "non-targeting_noRT"
"15004" "Gm13191" 0 NA NA NA NA 0 0 "Uqcrc2_noRT" "non-targeting_noRT"
"15005" "Gm10862" 0 NA NA NA NA 0 0 "Uqcrc2_noRT" "non-targeting_noRT"
"15006" "Gm38085" 0 NA NA NA NA 0 0 "Uqcrc2_noRT" "non-targeting_noRT"
"15007" "1700080N15Rik" 0 NA NA NA NA 0 0 "Uqcrc2_noRT" "non-targeting_noRT"
"15008" "Gm13189" 0 NA NA NA NA 0 0 "Uqcrc2_noRT" "non-targeting_noRT"
"15009" "Gm37814" 0 NA NA NA NA 0 0 "Uqcrc2_noRT" "non-targeting_noRT"
"15010" "Gm37107" 0 NA NA NA NA 0 0 "Uqcrc2_noRT" "non-targeting_noRT"
"15011" "Gm38348" 0 NA NA NA NA 0 0 "Uqcrc2_noRT" "non-targeting_noRT"
"15012" "Gm13175" 0 NA NA NA NA 0 0 "Uqcrc2_noRT" "non-targeting_noRT"
"15013" "Gm13179" 0 NA NA NA NA 0 0 "Uqcrc2_noRT" "non-targeting_noRT"
"15014" "Bend7" 0 NA NA NA NA 0 0 "Uqcrc2_noRT" "non-targeting_noRT"
"15015" "4930551O13Rik" 0 NA NA NA NA 0 0 "Uqcrc2_noRT" "non-targeting_noRT"
"15016" "Ccdc3" 0 NA NA NA NA 0 0 "Uqcrc2_noRT" "non-targeting_noRT"
"15017" "Gm13199" 0 NA NA NA NA 0 0 "Uqcrc2_noRT" "non-targeting_noRT"
"15018" "Gm13267" 0 NA NA NA NA 0 0 "Uqcrc2_noRT" "non-targeting_noRT"
"15019" "Proser2" 0 NA NA NA NA 0 0 "Uqcrc2_noRT" "non-targeting_noRT"
"15020" "Gm10857" 0 NA NA NA NA 0 0 "Uqcrc2_noRT" "non-targeting_noRT"
"15021" "A230108P19Rik" 0 NA NA NA NA 0 0 "Uqcrc2_noRT" "non-targeting_noRT"
"15022" "Gm13383" 0 NA NA NA NA 0 0 "Uqcrc2_noRT" "non-targeting_noRT"
"15023" "AL845275.1" 0 NA NA NA NA 0 0 "Uqcrc2_noRT" "non-targeting_noRT"
"15024" "Gm13388" 0 NA NA NA NA 0 0 "Uqcrc2_noRT" "non-targeting_noRT"
"15025" "Gm13391" 0 NA NA NA NA 0 0 "Uqcrc2_noRT" "non-targeting_noRT"
"15026" "Gm13389" 0 NA NA NA NA 0 0 "Uqcrc2_noRT" "non-targeting_noRT"
"15027" "Gm10855" 0 NA NA NA NA 0 0 "Uqcrc2_noRT" "non-targeting_noRT"
"15028" "Gm28641" 0 NA NA NA NA 0 0 "Uqcrc2_noRT" "non-targeting_noRT"
"15029" "Gm13211" 0 NA NA NA NA 0 0 "Uqcrc2_noRT" "non-targeting_noRT"
"15030" "1700061F12Rik" 0 NA NA NA NA 0 0 "Uqcrc2_noRT" "non-targeting_noRT"
"15031" "Gm13219" 0 NA NA NA NA 0 0 "Uqcrc2_noRT" "non-targeting_noRT"
"15032" "Gm13218" 0 NA NA NA NA 0 0 "Uqcrc2_noRT" "non-targeting_noRT"
"15033" "Gm13256" 0 NA NA NA NA 0 0 "Uqcrc2_noRT" "non-targeting_noRT"
"15034" "4930412O13Rik" 0 NA NA NA NA 0 0 "Uqcrc2_noRT" "non-targeting_noRT"
"15035" "9230102O04Rik" 0 NA NA NA NA 0 0 "Uqcrc2_noRT" "non-targeting_noRT"
"15036" "Gm13262" 0 NA NA NA NA 0 0 "Uqcrc2_noRT" "non-targeting_noRT"
"15037" "Gm13264" 0 NA NA NA NA 0 0 "Uqcrc2_noRT" "non-targeting_noRT"
"15038" "Gm38171" 0 NA NA NA NA 0 0 "Uqcrc2_noRT" "non-targeting_noRT"
"15039" "8030442B05Rik" 0 NA NA NA NA 0 0 "Uqcrc2_noRT" "non-targeting_noRT"
"15040" "Gm13293" 0 NA NA NA NA 0 0 "Uqcrc2_noRT" "non-targeting_noRT"
"15041" "Gm13291" 0 NA NA NA NA 0 0 "Uqcrc2_noRT" "non-targeting_noRT"
"15042" "Gm10851" 0 NA NA NA NA 0 0 "Uqcrc2_noRT" "non-targeting_noRT"
"15043" "Gm17490" 0 NA NA NA NA 0 0 "Uqcrc2_noRT" "non-targeting_noRT"
"15044" "Il2ra" 0 NA NA NA NA 0 0 "Uqcrc2_noRT" "non-targeting_noRT"
"15045" "Gm37565" 0 NA NA NA NA 0 0 "Uqcrc2_noRT" "non-targeting_noRT"
"15046" "C1ql3" 0 NA NA NA NA 0 0 "Uqcrc2_noRT" "non-targeting_noRT"
"15047" "Gm13270" 0 NA NA NA NA 0 0 "Uqcrc2_noRT" "non-targeting_noRT"
"15048" "St8sia6" 0 NA NA NA NA 0 0 "Uqcrc2_noRT" "non-targeting_noRT"
"15049" "Gm37126" 0 NA NA NA NA 0 0 "Uqcrc2_noRT" "non-targeting_noRT"
"15050" "Tmem236" 0 NA NA NA NA 0 0 "Uqcrc2_noRT" "non-targeting_noRT"
"15051" "Mrc1" 0 NA NA NA NA 0 0 "Uqcrc2_noRT" "non-targeting_noRT"
"15052" "Gm13266" 0 NA NA NA NA 0 0 "Uqcrc2_noRT" "non-targeting_noRT"
"15053" "Cacnb2" 0 NA NA NA NA 0 0 "Uqcrc2_noRT" "non-targeting_noRT"
"15054" "Gm10848" 0 NA NA NA NA 0 0 "Uqcrc2_noRT" "non-targeting_noRT"
"15055" "Gm13269" 0 NA NA NA NA 0 0 "Uqcrc2_noRT" "non-targeting_noRT"
"15056" "Malrd1" 0 NA NA NA NA 0 0 "Uqcrc2_noRT" "non-targeting_noRT"
"15057" "Plxdc2" 0 NA NA NA NA 0 0 "Uqcrc2_noRT" "non-targeting_noRT"
"15058" "Gm13322" 0 NA NA NA NA 0 0 "Uqcrc2_noRT" "non-targeting_noRT"
"15059" "Gm13324" 0 NA NA NA NA 0 0 "Uqcrc2_noRT" "non-targeting_noRT"
"15060" "H2al2a" 0 NA NA NA NA 0 0 "Uqcrc2_noRT" "non-targeting_noRT"
"15061" "Gm13330" 0 NA NA NA NA 0 0 "Uqcrc2_noRT" "non-targeting_noRT"
"15062" "Skida1" 0 NA NA NA NA 0 0 "Uqcrc2_noRT" "non-targeting_noRT"
"15063" "1810059C17Rik" 0 NA NA NA NA 0 0 "Uqcrc2_noRT" "non-targeting_noRT"
"15064" "Spag6" 0 NA NA NA NA 0 0 "Uqcrc2_noRT" "non-targeting_noRT"
"15065" "Gm20539" 0 NA NA NA NA 0 0 "Uqcrc2_noRT" "non-targeting_noRT"
"15066" "Carlr" 0 NA NA NA NA 0 0 "Uqcrc2_noRT" "non-targeting_noRT"
"15067" "4930426L09Rik" 0 NA NA NA NA 0 0 "Uqcrc2_noRT" "non-targeting_noRT"
"15068" "Armc3" 0 NA NA NA NA 0 0 "Uqcrc2_noRT" "non-targeting_noRT"
"15069" "4930447M23Rik" 0 NA NA NA NA 0 0 "Uqcrc2_noRT" "non-targeting_noRT"
"15070" "Gm33940" 0 NA NA NA NA 0 0 "Uqcrc2_noRT" "non-targeting_noRT"
"15071" "Gm13344" 0 NA NA NA NA 0 0 "Uqcrc2_noRT" "non-targeting_noRT"
"15072" "Ptf1aos" 0 NA NA NA NA 0 0 "Uqcrc2_noRT" "non-targeting_noRT"
"15073" "Ptf1a" 0 NA NA NA NA 0 0 "Uqcrc2_noRT" "non-targeting_noRT"
"15074" "1810010K12Rik" 0 NA NA NA NA 0 0 "Uqcrc2_noRT" "non-targeting_noRT"
"15075" "4921504E06Rik" 0 NA NA NA NA 0 0 "Uqcrc2_noRT" "non-targeting_noRT"
"15076" "Gm13348" 0 NA NA NA NA 0 0 "Uqcrc2_noRT" "non-targeting_noRT"
"15077" "Gm13346" 0 NA NA NA NA 0 0 "Uqcrc2_noRT" "non-targeting_noRT"
"15078" "Gm13335" 0 NA NA NA NA 0 0 "Uqcrc2_noRT" "non-targeting_noRT"
"15079" "Gm13362" 0 NA NA NA NA 0 0 "Uqcrc2_noRT" "non-targeting_noRT"
"15080" "Gm13380" 0 NA NA NA NA 0 0 "Uqcrc2_noRT" "non-targeting_noRT"
"15081" "Gm13375" 0 NA NA NA NA 0 0 "Uqcrc2_noRT" "non-targeting_noRT"
"15082" "Gm13376" 0 NA NA NA NA 0 0 "Uqcrc2_noRT" "non-targeting_noRT"
"15083" "Gm13327" 0 NA NA NA NA 0 0 "Uqcrc2_noRT" "non-targeting_noRT"
"15084" "Gpr158" 0 NA NA NA NA 0 0 "Uqcrc2_noRT" "non-targeting_noRT"
"15085" "Myo3a" 0 NA NA NA NA 0 0 "Uqcrc2_noRT" "non-targeting_noRT"
"15086" "Gad2" 0 NA NA NA NA 0 0 "Uqcrc2_noRT" "non-targeting_noRT"
"15087" "1700092C17Rik" 0 NA NA NA NA 0 0 "Uqcrc2_noRT" "non-targeting_noRT"
"15088" "4931423N10Rik" 0 NA NA NA NA 0 0 "Uqcrc2_noRT" "non-targeting_noRT"
"15089" "Nxph2" 0 NA NA NA NA 0 0 "Uqcrc2_noRT" "non-targeting_noRT"
"15090" "Hnmt" 0 NA NA NA NA 0 0 "Uqcrc2_noRT" "non-targeting_noRT"
"15091" "Tbpl2" 0 NA NA NA NA 0 0 "Uqcrc2_noRT" "non-targeting_noRT"
"15092" "Il1f8" 0 NA NA NA NA 0 0 "Uqcrc2_noRT" "non-targeting_noRT"
"15093" "Il1f9" 0 NA NA NA NA 0 0 "Uqcrc2_noRT" "non-targeting_noRT"
"15094" "Il1f6" 0 NA NA NA NA 0 0 "Uqcrc2_noRT" "non-targeting_noRT"
"15095" "Il1f5" 0 NA NA NA NA 0 0 "Uqcrc2_noRT" "non-targeting_noRT"
"15096" "Il1f10" 0 NA NA NA NA 0 0 "Uqcrc2_noRT" "non-targeting_noRT"
"15097" "Gm13411" 0 NA NA NA NA 0 0 "Uqcrc2_noRT" "non-targeting_noRT"
"15098" "Il1rn" 0 NA NA NA NA 0 0 "Uqcrc2_noRT" "non-targeting_noRT"
"15099" "Psd4" 0 NA NA NA NA 0 0 "Uqcrc2_noRT" "non-targeting_noRT"
"15100" "Pax8" 0 NA NA NA NA 0 0 "Uqcrc2_noRT" "non-targeting_noRT"
"15101" "Gm13415" 0 NA NA NA NA 0 0 "Uqcrc2_noRT" "non-targeting_noRT"
"15102" "Gm13417" 0 NA NA NA NA 0 0 "Uqcrc2_noRT" "non-targeting_noRT"
"15103" "Entpd8" 0 NA NA NA NA 0 0 "Uqcrc2_noRT" "non-targeting_noRT"
"15104" "Gm13387" 0 NA NA NA NA 0 0 "Uqcrc2_noRT" "non-targeting_noRT"
"15105" "Gm38287" 0 NA NA NA NA 0 0 "Uqcrc2_noRT" "non-targeting_noRT"
"15106" "Tor4a" 0 NA NA NA NA 0 0 "Uqcrc2_noRT" "non-targeting_noRT"
"15107" "Stpg3" 0 NA NA NA NA 0 0 "Uqcrc2_noRT" "non-targeting_noRT"
"15108" "Fam166a" 0 NA NA NA NA 0 0 "Uqcrc2_noRT" "non-targeting_noRT"
"15109" "Slc34a3" 0 NA NA NA NA 0 0 "Uqcrc2_noRT" "non-targeting_noRT"
"15110" "Rnf224" 0 NA NA NA NA 0 0 "Uqcrc2_noRT" "non-targeting_noRT"
"15111" "Cysrt1" 0 NA NA NA NA 0 0 "Uqcrc2_noRT" "non-targeting_noRT"
"15112" "Rnf208" 0 NA NA NA NA 0 0 "Uqcrc2_noRT" "non-targeting_noRT"
"15113" "Tmem210" 0 NA NA NA NA 0 0 "Uqcrc2_noRT" "non-targeting_noRT"
"15114" "Lrrc26" 0 NA NA NA NA 0 0 "Uqcrc2_noRT" "non-targeting_noRT"
"15115" "Grin1os" 0 NA NA NA NA 0 0 "Uqcrc2_noRT" "non-targeting_noRT"
"15116" "Fut7" 0 NA NA NA NA 0 0 "Uqcrc2_noRT" "non-targeting_noRT"
"15117" "Lcn12" 0 NA NA NA NA 0 0 "Uqcrc2_noRT" "non-targeting_noRT"
"15118" "Mamdc4" 0 NA NA NA NA 0 0 "Uqcrc2_noRT" "non-targeting_noRT"
"15119" "Ajm1" 0 NA NA NA NA 0 0 "Uqcrc2_noRT" "non-targeting_noRT"
"15120" "Fcnaos" 0 NA NA NA NA 0 0 "Uqcrc2_noRT" "non-targeting_noRT"
"15121" "Ccdc183" 0 NA NA NA NA 0 0 "Uqcrc2_noRT" "non-targeting_noRT"
"15122" "Fcna" 0 NA NA NA NA 0 0 "Uqcrc2_noRT" "non-targeting_noRT"
"15123" "Lcn8" 0 NA NA NA NA 0 0 "Uqcrc2_noRT" "non-targeting_noRT"
"15124" "Lcn5" 0 NA NA NA NA 0 0 "Uqcrc2_noRT" "non-targeting_noRT"
"15125" "Lcn6" 0 NA NA NA NA 0 0 "Uqcrc2_noRT" "non-targeting_noRT"
"15126" "Lcn10" 0 NA NA NA NA 0 0 "Uqcrc2_noRT" "non-targeting_noRT"
"15127" "Obp2a" 0 NA NA NA NA 0 0 "Uqcrc2_noRT" "non-targeting_noRT"
"15128" "A230005M16Rik" 0 NA NA NA NA 0 0 "Uqcrc2_noRT" "non-targeting_noRT"
"15129" "Bmyc" 0 NA NA NA NA 0 0 "Uqcrc2_noRT" "non-targeting_noRT"
"15130" "Obp2b" 0 NA NA NA NA 0 0 "Uqcrc2_noRT" "non-targeting_noRT"
"15131" "Lcn3" 0 NA NA NA NA 0 0 "Uqcrc2_noRT" "non-targeting_noRT"
"15132" "Lcn11" 0 NA NA NA NA 0 0 "Uqcrc2_noRT" "non-targeting_noRT"
"15133" "Gm13539" 0 NA NA NA NA 0 0 "Uqcrc2_noRT" "non-targeting_noRT"
"15134" "Gm13538" 0 NA NA NA NA 0 0 "Uqcrc2_noRT" "non-targeting_noRT"
"15135" "Glt6d1" 0 NA NA NA NA 0 0 "Uqcrc2_noRT" "non-targeting_noRT"
"15136" "Lcn9" 0 NA NA NA NA 0 0 "Uqcrc2_noRT" "non-targeting_noRT"
"15137" "Sohlh1" 0 NA NA NA NA 0 0 "Uqcrc2_noRT" "non-targeting_noRT"
"15138" "Kcnt1" 0 NA NA NA NA 0 0 "Uqcrc2_noRT" "non-targeting_noRT"
"15139" "Gm13554" 0 NA NA NA NA 0 0 "Uqcrc2_noRT" "non-targeting_noRT"
"15140" "1810012K08Rik" 0 NA NA NA NA 0 0 "Uqcrc2_noRT" "non-targeting_noRT"
"15141" "Gm13553" 0 NA NA NA NA 0 0 "Uqcrc2_noRT" "non-targeting_noRT"
"15142" "Lhx3" 0 NA NA NA NA 0 0 "Uqcrc2_noRT" "non-targeting_noRT"
"15143" "Gm27196" 0 NA NA NA NA 0 0 "Uqcrc2_noRT" "non-targeting_noRT"
"15144" "Gm13562" 0 NA NA NA NA 0 0 "Uqcrc2_noRT" "non-targeting_noRT"
"15145" "Gm13568" 0 NA NA NA NA 0 0 "Uqcrc2_noRT" "non-targeting_noRT"
"15146" "Snhg7os" 0 NA NA NA NA 0 0 "Uqcrc2_noRT" "non-targeting_noRT"
"15147" "Lcn4" 0 NA NA NA NA 0 0 "Uqcrc2_noRT" "non-targeting_noRT"
"15148" "Abo" 0 NA NA NA NA 0 0 "Uqcrc2_noRT" "non-targeting_noRT"
"15149" "Stkld1" 0 NA NA NA NA 0 0 "Uqcrc2_noRT" "non-targeting_noRT"
"15150" "Gm13398" 0 NA NA NA NA 0 0 "Uqcrc2_noRT" "non-targeting_noRT"
"15151" "Mymk" 0 NA NA NA NA 0 0 "Uqcrc2_noRT" "non-targeting_noRT"
"15152" "Adamtsl2" 0 NA NA NA NA 0 0 "Uqcrc2_noRT" "non-targeting_noRT"
"15153" "Fam163b" 0 NA NA NA NA 0 0 "Uqcrc2_noRT" "non-targeting_noRT"
"15154" "Dbhos" 0 NA NA NA NA 0 0 "Uqcrc2_noRT" "non-targeting_noRT"
"15155" "Dbh" 0 NA NA NA NA 0 0 "Uqcrc2_noRT" "non-targeting_noRT"
"15156" "Sardhos" 0 NA NA NA NA 0 0 "Uqcrc2_noRT" "non-targeting_noRT"
"15157" "AA645442" 0 NA NA NA NA 0 0 "Uqcrc2_noRT" "non-targeting_noRT"
"15158" "2810430I11Rik" 0 NA NA NA NA 0 0 "Uqcrc2_noRT" "non-targeting_noRT"
"15159" "Col5a1" 0 NA NA NA NA 0 0 "Uqcrc2_noRT" "non-targeting_noRT"
"15160" "Gm13372" 0 NA NA NA NA 0 0 "Uqcrc2_noRT" "non-targeting_noRT"
"15161" "Fcnb" 0 NA NA NA NA 0 0 "Uqcrc2_noRT" "non-targeting_noRT"
"15162" "Gm13371" 0 NA NA NA NA 0 0 "Uqcrc2_noRT" "non-targeting_noRT"
"15163" "F730016J06Rik" 0 NA NA NA NA 0 0 "Uqcrc2_noRT" "non-targeting_noRT"
"15164" "Gm13373" 0 NA NA NA NA 0 0 "Uqcrc2_noRT" "non-targeting_noRT"
"15165" "1700007K13Rik" 0 NA NA NA NA 0 0 "Uqcrc2_noRT" "non-targeting_noRT"
"15166" "Gbgt1" 0 NA NA NA NA 0 0 "Uqcrc2_noRT" "non-targeting_noRT"
"15167" "Gm10134" 0 NA NA NA NA 0 0 "Uqcrc2_noRT" "non-targeting_noRT"
"15168" "Cel" 0 NA NA NA NA 0 0 "Uqcrc2_noRT" "non-targeting_noRT"
"15169" "Gm13381" 0 NA NA NA NA 0 0 "Uqcrc2_noRT" "non-targeting_noRT"
"15170" "Gfi1b" 0 NA NA NA NA 0 0 "Uqcrc2_noRT" "non-targeting_noRT"
"15171" "Spaca9" 0 NA NA NA NA 0 0 "Uqcrc2_noRT" "non-targeting_noRT"
"15172" "Ak8" 0 NA NA NA NA 0 0 "Uqcrc2_noRT" "non-targeting_noRT"
"15173" "Gm13393" 0 NA NA NA NA 0 0 "Uqcrc2_noRT" "non-targeting_noRT"
"15174" "Gm13402" 0 NA NA NA NA 0 0 "Uqcrc2_noRT" "non-targeting_noRT"
"15175" "Gm13420" 0 NA NA NA NA 0 0 "Uqcrc2_noRT" "non-targeting_noRT"
"15176" "Gm14471" 0 NA NA NA NA 0 0 "Uqcrc2_noRT" "non-targeting_noRT"
"15177" "Gm16323" 0 NA NA NA NA 0 0 "Uqcrc2_noRT" "non-targeting_noRT"
"15178" "Gm14487" 0 NA NA NA NA 0 0 "Uqcrc2_noRT" "non-targeting_noRT"
"15179" "Cstad" 0 NA NA NA NA 0 0 "Uqcrc2_noRT" "non-targeting_noRT"
"15180" "9330198N18Rik" 0 NA NA NA NA 0 0 "Uqcrc2_noRT" "non-targeting_noRT"
"15181" "Gm14486" 0 NA NA NA NA 0 0 "Uqcrc2_noRT" "non-targeting_noRT"
"15182" "4930527E20Rik" 0 NA NA NA NA 0 0 "Uqcrc2_noRT" "non-targeting_noRT"
"15183" "Prrx2" 0 NA NA NA NA 0 0 "Uqcrc2_noRT" "non-targeting_noRT"
"15184" "Ptges" 0 NA NA NA NA 0 0 "Uqcrc2_noRT" "non-targeting_noRT"
"15185" "Gm13405" 0 NA NA NA NA 0 0 "Uqcrc2_noRT" "non-targeting_noRT"
"15186" "Hmcn2" 0 NA NA NA NA 0 0 "Uqcrc2_noRT" "non-targeting_noRT"
"15187" "Ass1" 0 NA NA NA NA 0 0 "Uqcrc2_noRT" "non-targeting_noRT"
"15188" "Gm13425" 0 NA NA NA NA 0 0 "Uqcrc2_noRT" "non-targeting_noRT"
"15189" "Prdm12" 0 NA NA NA NA 0 0 "Uqcrc2_noRT" "non-targeting_noRT"
"15190" "Gm13427" 0 NA NA NA NA 0 0 "Uqcrc2_noRT" "non-targeting_noRT"
"15191" "Qrfp" 0 NA NA NA NA 0 0 "Uqcrc2_noRT" "non-targeting_noRT"
"15192" "Fibcd1" 0 NA NA NA NA 0 0 "Uqcrc2_noRT" "non-targeting_noRT"
"15193" "Gm13441" 0 NA NA NA NA 0 0 "Uqcrc2_noRT" "non-targeting_noRT"
"15194" "Lamc3" 0 NA NA NA NA 0 0 "Uqcrc2_noRT" "non-targeting_noRT"
"15195" "Gm13442" 0 NA NA NA NA 0 0 "Uqcrc2_noRT" "non-targeting_noRT"
"15196" "Gm13609" 0 NA NA NA NA 0 0 "Uqcrc2_noRT" "non-targeting_noRT"
"15197" "Fam78a" 0 NA NA NA NA 0 0 "Uqcrc2_noRT" "non-targeting_noRT"
"15198" "Gm16534" 0 NA NA NA NA 0 0 "Uqcrc2_noRT" "non-targeting_noRT"
"15199" "Gm13412" 0 NA NA NA NA 0 0 "Uqcrc2_noRT" "non-targeting_noRT"
"15200" "9430097D07Rik" 0 NA NA NA NA 0 0 "Uqcrc2_noRT" "non-targeting_noRT"
"15201" "Pip5kl1" 0 NA NA NA NA 0 0 "Uqcrc2_noRT" "non-targeting_noRT"
"15202" "Ak1" 0 NA NA NA NA 0 0 "Uqcrc2_noRT" "non-targeting_noRT"
"15203" "6330409D20Rik" 0 NA NA NA NA 0 0 "Uqcrc2_noRT" "non-targeting_noRT"
"15204" "Cfap157" 0 NA NA NA NA 0 0 "Uqcrc2_noRT" "non-targeting_noRT"
"15205" "Gm13528" 0 NA NA NA NA 0 0 "Uqcrc2_noRT" "non-targeting_noRT"
"15206" "Gm13536" 0 NA NA NA NA 0 0 "Uqcrc2_noRT" "non-targeting_noRT"
"15207" "Gm13530" 0 NA NA NA NA 0 0 "Uqcrc2_noRT" "non-targeting_noRT"
"15208" "Lmx1b" 0 NA NA NA NA 0 0 "Uqcrc2_noRT" "non-targeting_noRT"
"15209" "C130021I20Rik" 0 NA NA NA NA 0 0 "Uqcrc2_noRT" "non-targeting_noRT"
"15210" "9430024E24Rik" 0 NA NA NA NA 0 0 "Uqcrc2_noRT" "non-targeting_noRT"
"15211" "Nron" 0 NA NA NA NA 0 0 "Uqcrc2_noRT" "non-targeting_noRT"
"15212" "Gm13403" 0 NA NA NA NA 0 0 "Uqcrc2_noRT" "non-targeting_noRT"
"15213" "Gm13404" 0 NA NA NA NA 0 0 "Uqcrc2_noRT" "non-targeting_noRT"
"15214" "Gm38389" 0 NA NA NA NA 0 0 "Uqcrc2_noRT" "non-targeting_noRT"
"15215" "C79798" 0 NA NA NA NA 0 0 "Uqcrc2_noRT" "non-targeting_noRT"
"15216" "Gm34653" 0 NA NA NA NA 0 0 "Uqcrc2_noRT" "non-targeting_noRT"
"15217" "Cutal" 0 NA NA NA NA 0 0 "Uqcrc2_noRT" "non-targeting_noRT"
"15218" "Gm13448" 0 NA NA NA NA 0 0 "Uqcrc2_noRT" "non-targeting_noRT"
"15219" "Gm13449" 0 NA NA NA NA 0 0 "Uqcrc2_noRT" "non-targeting_noRT"
"15220" "AI182371" 0 NA NA NA NA 0 0 "Uqcrc2_noRT" "non-targeting_noRT"
"15221" "Gm13605" 0 NA NA NA NA 0 0 "Uqcrc2_noRT" "non-targeting_noRT"
"15222" "4930568D16Rik" 0 NA NA NA NA 0 0 "Uqcrc2_noRT" "non-targeting_noRT"
"15223" "4930402F06Rik" 0 NA NA NA NA 0 0 "Uqcrc2_noRT" "non-targeting_noRT"
"15224" "Gm35202" 0 NA NA NA NA 0 0 "Uqcrc2_noRT" "non-targeting_noRT"
"15225" "Gm13446" 0 NA NA NA NA 0 0 "Uqcrc2_noRT" "non-targeting_noRT"
"15226" "9030204H09Rik" 0 NA NA NA NA 0 0 "Uqcrc2_noRT" "non-targeting_noRT"
"15227" "Morn5" 0 NA NA NA NA 0 0 "Uqcrc2_noRT" "non-targeting_noRT"
"15228" "Gm13429" 0 NA NA NA NA 0 0 "Uqcrc2_noRT" "non-targeting_noRT"
"15229" "Gm13431" 0 NA NA NA NA 0 0 "Uqcrc2_noRT" "non-targeting_noRT"
"15230" "Ptgs1" 0 NA NA NA NA 0 0 "Uqcrc2_noRT" "non-targeting_noRT"
"15231" "Olfr338" 0 NA NA NA NA 0 0 "Uqcrc2_noRT" "non-targeting_noRT"
"15232" "Olfr339" 0 NA NA NA NA 0 0 "Uqcrc2_noRT" "non-targeting_noRT"
"15233" "Olfr340" 0 NA NA NA NA 0 0 "Uqcrc2_noRT" "non-targeting_noRT"
"15234" "Olfr341" 0 NA NA NA NA 0 0 "Uqcrc2_noRT" "non-targeting_noRT"
"15235" "Olfr342" 0 NA NA NA NA 0 0 "Uqcrc2_noRT" "non-targeting_noRT"
"15236" "Olfr344" 0 NA NA NA NA 0 0 "Uqcrc2_noRT" "non-targeting_noRT"
"15237" "Olfr345" 0 NA NA NA NA 0 0 "Uqcrc2_noRT" "non-targeting_noRT"
"15238" "Olfr346" 0 NA NA NA NA 0 0 "Uqcrc2_noRT" "non-targeting_noRT"
"15239" "Olfr347" 0 NA NA NA NA 0 0 "Uqcrc2_noRT" "non-targeting_noRT"
"15240" "Olfr348" 0 NA NA NA NA 0 0 "Uqcrc2_noRT" "non-targeting_noRT"
"15241" "Olfr50" 0 NA NA NA NA 0 0 "Uqcrc2_noRT" "non-targeting_noRT"
"15242" "Olfr3" 0 NA NA NA NA 0 0 "Uqcrc2_noRT" "non-targeting_noRT"
"15243" "Olfr350" 0 NA NA NA NA 0 0 "Uqcrc2_noRT" "non-targeting_noRT"
"15244" "Olfr351" 0 NA NA NA NA 0 0 "Uqcrc2_noRT" "non-targeting_noRT"
"15245" "Olfr352" 0 NA NA NA NA 0 0 "Uqcrc2_noRT" "non-targeting_noRT"
"15246" "Olfr353" 0 NA NA NA NA 0 0 "Uqcrc2_noRT" "non-targeting_noRT"
"15247" "Olfr354" 0 NA NA NA NA 0 0 "Uqcrc2_noRT" "non-targeting_noRT"
"15248" "Olfr355" 0 NA NA NA NA 0 0 "Uqcrc2_noRT" "non-targeting_noRT"
"15249" "Olfr356" 0 NA NA NA NA 0 0 "Uqcrc2_noRT" "non-targeting_noRT"
"15250" "Olfr357" 0 NA NA NA NA 0 0 "Uqcrc2_noRT" "non-targeting_noRT"
"15251" "Olfr358" 0 NA NA NA NA 0 0 "Uqcrc2_noRT" "non-targeting_noRT"
"15252" "Olfr360" 0 NA NA NA NA 0 0 "Uqcrc2_noRT" "non-targeting_noRT"
"15253" "Olfr361" 0 NA NA NA NA 0 0 "Uqcrc2_noRT" "non-targeting_noRT"
"15254" "Olfr362" 0 NA NA NA NA 0 0 "Uqcrc2_noRT" "non-targeting_noRT"
"15255" "Olfr364-ps1" 0 NA NA NA NA 0 0 "Uqcrc2_noRT" "non-targeting_noRT"
"15256" "Olfr365" 0 NA NA NA NA 0 0 "Uqcrc2_noRT" "non-targeting_noRT"
"15257" "Olfr366" 0 NA NA NA NA 0 0 "Uqcrc2_noRT" "non-targeting_noRT"
"15258" "Olfr368" 0 NA NA NA NA 0 0 "Uqcrc2_noRT" "non-targeting_noRT"
"15259" "Gpr21" 0 NA NA NA NA 0 0 "Uqcrc2_noRT" "non-targeting_noRT"
"15260" "Gm13556" 0 NA NA NA NA 0 0 "Uqcrc2_noRT" "non-targeting_noRT"
"15261" "Lhx2" 0 NA NA NA NA 0 0 "Uqcrc2_noRT" "non-targeting_noRT"
"15262" "Gm27197" 0 NA NA NA NA 0 0 "Uqcrc2_noRT" "non-targeting_noRT"
"15263" "Gm13584" 0 NA NA NA NA 0 0 "Uqcrc2_noRT" "non-targeting_noRT"
"15264" "Gm13589" 0 NA NA NA NA 0 0 "Uqcrc2_noRT" "non-targeting_noRT"
"15265" "Gm13587" 0 NA NA NA NA 0 0 "Uqcrc2_noRT" "non-targeting_noRT"
"15266" "Nr5a1" 0 NA NA NA NA 0 0 "Uqcrc2_noRT" "non-targeting_noRT"
"15267" "Nr5a1os" 0 NA NA NA NA 0 0 "Uqcrc2_noRT" "non-targeting_noRT"
"15268" "Wdr38" 0 NA NA NA NA 0 0 "Uqcrc2_noRT" "non-targeting_noRT"
"15269" "Lrp1b" 0 NA NA NA NA 0 0 "Uqcrc2_noRT" "non-targeting_noRT"
"15270" "Kynu" 0 NA NA NA NA 0 0 "Uqcrc2_noRT" "non-targeting_noRT"
"15271" "Arhgap15" 0 NA NA NA NA 0 0 "Uqcrc2_noRT" "non-targeting_noRT"
"15272" "Arhgap15os" 0 NA NA NA NA 0 0 "Uqcrc2_noRT" "non-targeting_noRT"
"15273" "Gm28643" 0 NA NA NA NA 0 0 "Uqcrc2_noRT" "non-targeting_noRT"
"15274" "Gm13479" 0 NA NA NA NA 0 0 "Uqcrc2_noRT" "non-targeting_noRT"
"15275" "Gm13465" 0 NA NA NA NA 0 0 "Uqcrc2_noRT" "non-targeting_noRT"
"15276" "Gm13467" 0 NA NA NA NA 0 0 "Uqcrc2_noRT" "non-targeting_noRT"
"15277" "Gm13481" 0 NA NA NA NA 0 0 "Uqcrc2_noRT" "non-targeting_noRT"
"15278" "Lypd6b" 0 NA NA NA NA 0 0 "Uqcrc2_noRT" "non-targeting_noRT"
"15279" "Gm13480" 0 NA NA NA NA 0 0 "Uqcrc2_noRT" "non-targeting_noRT"
"15280" "Gm13483" 0 NA NA NA NA 0 0 "Uqcrc2_noRT" "non-targeting_noRT"
"15281" "Gm48908" 0 NA NA NA NA 0 0 "Uqcrc2_noRT" "non-targeting_noRT"
"15282" "Gm13485" 0 NA NA NA NA 0 0 "Uqcrc2_noRT" "non-targeting_noRT"
"15283" "Gm28639" 0 NA NA NA NA 0 0 "Uqcrc2_noRT" "non-targeting_noRT"
"15284" "Gm13497" 0 NA NA NA NA 0 0 "Uqcrc2_noRT" "non-targeting_noRT"
"15285" "Gm13499" 0 NA NA NA NA 0 0 "Uqcrc2_noRT" "non-targeting_noRT"
"15286" "1700057H21Rik" 0 NA NA NA NA 0 0 "Uqcrc2_noRT" "non-targeting_noRT"
"15287" "Tas2r134" 0 NA NA NA NA 0 0 "Uqcrc2_noRT" "non-targeting_noRT"
"15288" "Gm13490" 0 NA NA NA NA 0 0 "Uqcrc2_noRT" "non-targeting_noRT"
"15289" "Gm13522" 0 NA NA NA NA 0 0 "Uqcrc2_noRT" "non-targeting_noRT"
"15290" "Cacnb4" 0 NA NA NA NA 0 0 "Uqcrc2_noRT" "non-targeting_noRT"
"15291" "Rprm" 0 NA NA NA NA 0 0 "Uqcrc2_noRT" "non-targeting_noRT"
"15292" "Galnt13" 0 NA NA NA NA 0 0 "Uqcrc2_noRT" "non-targeting_noRT"
"15293" "Gm14033" 0 NA NA NA NA 0 0 "Uqcrc2_noRT" "non-targeting_noRT"
"15294" "Kcnj3" 0 NA NA NA NA 0 0 "Uqcrc2_noRT" "non-targeting_noRT"
"15295" "BB557941" 0 NA NA NA NA 0 0 "Uqcrc2_noRT" "non-targeting_noRT"
"15296" "4930555B11Rik" 0 NA NA NA NA 0 0 "Uqcrc2_noRT" "non-targeting_noRT"
"15297" "A930012O16Rik" 0 NA NA NA NA 0 0 "Uqcrc2_noRT" "non-targeting_noRT"
"15298" "Gm33594" 0 NA NA NA NA 0 0 "Uqcrc2_noRT" "non-targeting_noRT"
"15299" "Galnt5" 0 NA NA NA NA 0 0 "Uqcrc2_noRT" "non-targeting_noRT"
"15300" "Ermn" 0 NA NA NA NA 0 0 "Uqcrc2_noRT" "non-targeting_noRT"
"15301" "Cytip" 0 NA NA NA NA 0 0 "Uqcrc2_noRT" "non-targeting_noRT"
"15302" "Gm13546" 0 NA NA NA NA 0 0 "Uqcrc2_noRT" "non-targeting_noRT"
"15303" "Acvr1c" 0 NA NA NA NA 0 0 "Uqcrc2_noRT" "non-targeting_noRT"
"15304" "Gm13544" 0 NA NA NA NA 0 0 "Uqcrc2_noRT" "non-targeting_noRT"
"15305" "Gm13558" 0 NA NA NA NA 0 0 "Uqcrc2_noRT" "non-targeting_noRT"
"15306" "Gm11099" 0 NA NA NA NA 0 0 "Uqcrc2_noRT" "non-targeting_noRT"
"15307" "5330411J11Rik" 0 NA NA NA NA 0 0 "Uqcrc2_noRT" "non-targeting_noRT"
"15308" "Dapl1" 0 NA NA NA NA 0 0 "Uqcrc2_noRT" "non-targeting_noRT"
"15309" "Gm13572" 0 NA NA NA NA 0 0 "Uqcrc2_noRT" "non-targeting_noRT"
"15310" "Gm13620" 0 NA NA NA NA 0 0 "Uqcrc2_noRT" "non-targeting_noRT"
"15311" "Gm13571" 0 NA NA NA NA 0 0 "Uqcrc2_noRT" "non-targeting_noRT"
"15312" "Gm13580" 0 NA NA NA NA 0 0 "Uqcrc2_noRT" "non-targeting_noRT"
"15313" "Gm13583" 0 NA NA NA NA 0 0 "Uqcrc2_noRT" "non-targeting_noRT"
"15314" "Gm13582" 0 NA NA NA NA 0 0 "Uqcrc2_noRT" "non-targeting_noRT"
"15315" "Tbr1" 0 NA NA NA NA 0 0 "Uqcrc2_noRT" "non-targeting_noRT"
"15316" "Slc4a10" 0 NA NA NA NA 0 0 "Uqcrc2_noRT" "non-targeting_noRT"
"15317" "Dpp4" 0 NA NA NA NA 0 0 "Uqcrc2_noRT" "non-targeting_noRT"
"15318" "Gm13561" 0 NA NA NA NA 0 0 "Uqcrc2_noRT" "non-targeting_noRT"
"15319" "Gm13565" 0 NA NA NA NA 0 0 "Uqcrc2_noRT" "non-targeting_noRT"
"15320" "Gm13564" 0 NA NA NA NA 0 0 "Uqcrc2_noRT" "non-targeting_noRT"
"15321" "Gcg" 0 NA NA NA NA 0 0 "Uqcrc2_noRT" "non-targeting_noRT"
"15322" "Gm13569" 0 NA NA NA NA 0 0 "Uqcrc2_noRT" "non-targeting_noRT"
"15323" "Gm13575" 0 NA NA NA NA 0 0 "Uqcrc2_noRT" "non-targeting_noRT"
"15324" "Slc38a11" 0 NA NA NA NA 0 0 "Uqcrc2_noRT" "non-targeting_noRT"
"15325" "Scn3a" 0 NA NA NA NA 0 0 "Uqcrc2_noRT" "non-targeting_noRT"
"15326" "Gm13595" 0 NA NA NA NA 0 0 "Uqcrc2_noRT" "non-targeting_noRT"
"15327" "Csrnp3" 0 NA NA NA NA 0 0 "Uqcrc2_noRT" "non-targeting_noRT"
"15328" "Gm13619" 0 NA NA NA NA 0 0 "Uqcrc2_noRT" "non-targeting_noRT"
"15329" "Gm13617" 0 NA NA NA NA 0 0 "Uqcrc2_noRT" "non-targeting_noRT"
"15330" "Gm28638" 0 NA NA NA NA 0 0 "Uqcrc2_noRT" "non-targeting_noRT"
"15331" "Gm13618" 0 NA NA NA NA 0 0 "Uqcrc2_noRT" "non-targeting_noRT"
"15332" "Scn1a" 0 NA NA NA NA 0 0 "Uqcrc2_noRT" "non-targeting_noRT"
"15333" "Gm13630" 0 NA NA NA NA 0 0 "Uqcrc2_noRT" "non-targeting_noRT"
"15334" "Gm13629" 0 NA NA NA NA 0 0 "Uqcrc2_noRT" "non-targeting_noRT"
"15335" "Scn9a" 0 NA NA NA NA 0 0 "Uqcrc2_noRT" "non-targeting_noRT"
"15336" "Scn7a" 0 NA NA NA NA 0 0 "Uqcrc2_noRT" "non-targeting_noRT"
"15337" "Gm13598" 0 NA NA NA NA 0 0 "Uqcrc2_noRT" "non-targeting_noRT"
"15338" "Xirp2" 0 NA NA NA NA 0 0 "Uqcrc2_noRT" "non-targeting_noRT"
"15339" "Gm13599" 0 NA NA NA NA 0 0 "Uqcrc2_noRT" "non-targeting_noRT"
"15340" "Gm21830" 0 NA NA NA NA 0 0 "Uqcrc2_noRT" "non-targeting_noRT"
"15341" "Gm13601" 0 NA NA NA NA 0 0 "Uqcrc2_noRT" "non-targeting_noRT"
"15342" "Gm26743" 0 NA NA NA NA 0 0 "Uqcrc2_noRT" "non-targeting_noRT"
"15343" "Gm13596" 0 NA NA NA NA 0 0 "Uqcrc2_noRT" "non-targeting_noRT"
"15344" "Gm49462" 0 NA NA NA NA 0 0 "Uqcrc2_noRT" "non-targeting_noRT"
"15345" "Gm36002" 0 NA NA NA NA 0 0 "Uqcrc2_noRT" "non-targeting_noRT"
"15346" "4933409G03Rik" 0 NA NA NA NA 0 0 "Uqcrc2_noRT" "non-targeting_noRT"
"15347" "4932414N04Rik" 0 NA NA NA NA 0 0 "Uqcrc2_noRT" "non-targeting_noRT"
"15348" "Gm36231" 0 NA NA NA NA 0 0 "Uqcrc2_noRT" "non-targeting_noRT"
"15349" "Nostrin" 0 NA NA NA NA 0 0 "Uqcrc2_noRT" "non-targeting_noRT"
"15350" "G6pc2" 0 NA NA NA NA 0 0 "Uqcrc2_noRT" "non-targeting_noRT"
"15351" "Abcb11" 0 NA NA NA NA 0 0 "Uqcrc2_noRT" "non-targeting_noRT"
"15352" "Gm13613" 0 NA NA NA NA 0 0 "Uqcrc2_noRT" "non-targeting_noRT"
"15353" "Dhrs9" 0 NA NA NA NA 0 0 "Uqcrc2_noRT" "non-targeting_noRT"
"15354" "Lrp2" 0 NA NA NA NA 0 0 "Uqcrc2_noRT" "non-targeting_noRT"
"15355" "Klhl41" 0 NA NA NA NA 0 0 "Uqcrc2_noRT" "non-targeting_noRT"
"15356" "Gm13631" 0 NA NA NA NA 0 0 "Uqcrc2_noRT" "non-targeting_noRT"
"15357" "Myo3b" 0 NA NA NA NA 0 0 "Uqcrc2_noRT" "non-targeting_noRT"
"15358" "Sp5" 0 NA NA NA NA 0 0 "Uqcrc2_noRT" "non-targeting_noRT"
"15359" "Gad1os" 0 NA NA NA NA 0 0 "Uqcrc2_noRT" "non-targeting_noRT"
"15360" "Erich2os" 0 NA NA NA NA 0 0 "Uqcrc2_noRT" "non-targeting_noRT"
"15361" "Erich2" 0 NA NA NA NA 0 0 "Uqcrc2_noRT" "non-targeting_noRT"
"15362" "Gad1" 0 NA NA NA NA 0 0 "Uqcrc2_noRT" "non-targeting_noRT"
"15363" "Gm26558" 0 NA NA NA NA 0 0 "Uqcrc2_noRT" "non-targeting_noRT"
"15364" "Gm13632" 0 NA NA NA NA 0 0 "Uqcrc2_noRT" "non-targeting_noRT"
"15365" "Gm13647" 0 NA NA NA NA 0 0 "Uqcrc2_noRT" "non-targeting_noRT"
"15366" "Gm13662" 0 NA NA NA NA 0 0 "Uqcrc2_noRT" "non-targeting_noRT"
"15367" "Gm13746" 0 NA NA NA NA 0 0 "Uqcrc2_noRT" "non-targeting_noRT"
"15368" "Rapgef4" 0 NA NA NA NA 0 0 "Uqcrc2_noRT" "non-targeting_noRT"
"15369" "Rapgef4os1" 0 NA NA NA NA 0 0 "Uqcrc2_noRT" "non-targeting_noRT"
"15370" "Rapgef4os2" 0 NA NA NA NA 0 0 "Uqcrc2_noRT" "non-targeting_noRT"
"15371" "Rapgef4os3" 0 NA NA NA NA 0 0 "Uqcrc2_noRT" "non-targeting_noRT"
"15372" "8430437L04Rik" 0 NA NA NA NA 0 0 "Uqcrc2_noRT" "non-targeting_noRT"
"15373" "6430710C18Rik" 0 NA NA NA NA 0 0 "Uqcrc2_noRT" "non-targeting_noRT"
"15374" "Gm11084" 0 NA NA NA NA 0 0 "Uqcrc2_noRT" "non-targeting_noRT"
"15375" "Sp9" 0 NA NA NA NA 0 0 "Uqcrc2_noRT" "non-targeting_noRT"
"15376" "Gm13703" 0 NA NA NA NA 0 0 "Uqcrc2_noRT" "non-targeting_noRT"
"15377" "Gm13709" 0 NA NA NA NA 0 0 "Uqcrc2_noRT" "non-targeting_noRT"
"15378" "D230022J07Rik" 0 NA NA NA NA 0 0 "Uqcrc2_noRT" "non-targeting_noRT"
"15379" "Gm13707" 0 NA NA NA NA 0 0 "Uqcrc2_noRT" "non-targeting_noRT"
"15380" "Gm13708" 0 NA NA NA NA 0 0 "Uqcrc2_noRT" "non-targeting_noRT"
"15381" "Chn1os3" 0 NA NA NA NA 0 0 "Uqcrc2_noRT" "non-targeting_noRT"
"15382" "Chn1os1" 0 NA NA NA NA 0 0 "Uqcrc2_noRT" "non-targeting_noRT"
"15383" "A630050E04Rik" 0 NA NA NA NA 0 0 "Uqcrc2_noRT" "non-targeting_noRT"
"15384" "Gm28640" 0 NA NA NA NA 0 0 "Uqcrc2_noRT" "non-targeting_noRT"
"15385" "Gm13667" 0 NA NA NA NA 0 0 "Uqcrc2_noRT" "non-targeting_noRT"
"15386" "4930441J16Rik" 0 NA NA NA NA 0 0 "Uqcrc2_noRT" "non-targeting_noRT"
"15387" "4930445N08Rik" 0 NA NA NA NA 0 0 "Uqcrc2_noRT" "non-targeting_noRT"
"15388" "Evx2" 0 NA NA NA NA 0 0 "Uqcrc2_noRT" "non-targeting_noRT"
"15389" "Hoxd13" 0 NA NA NA NA 0 0 "Uqcrc2_noRT" "non-targeting_noRT"
"15390" "Hoxd12" 0 NA NA NA NA 0 0 "Uqcrc2_noRT" "non-targeting_noRT"
"15391" "Hoxd11" 0 NA NA NA NA 0 0 "Uqcrc2_noRT" "non-targeting_noRT"
"15392" "Hoxd10" 0 NA NA NA NA 0 0 "Uqcrc2_noRT" "non-targeting_noRT"
"15393" "Gm14396" 0 NA NA NA NA 0 0 "Uqcrc2_noRT" "non-targeting_noRT"
"15394" "Gm28793" 0 NA NA NA NA 0 0 "Uqcrc2_noRT" "non-targeting_noRT"
"15395" "Hoxd9" 0 NA NA NA NA 0 0 "Uqcrc2_noRT" "non-targeting_noRT"
"15396" "Gm14424" 0 NA NA NA NA 0 0 "Uqcrc2_noRT" "non-targeting_noRT"
"15397" "Gm14426" 0 NA NA NA NA 0 0 "Uqcrc2_noRT" "non-targeting_noRT"
"15398" "Hoxd1" 0 NA NA NA NA 0 0 "Uqcrc2_noRT" "non-targeting_noRT"
"15399" "Gm13652" 0 NA NA NA NA 0 0 "Uqcrc2_noRT" "non-targeting_noRT"
"15400" "2600014E21Rik" 0 NA NA NA NA 0 0 "Uqcrc2_noRT" "non-targeting_noRT"
"15401" "A330043C09Rik" 0 NA NA NA NA 0 0 "Uqcrc2_noRT" "non-targeting_noRT"
"15402" "Gm13658" 0 NA NA NA NA 0 0 "Uqcrc2_noRT" "non-targeting_noRT"
"15403" "Gm13660" 0 NA NA NA NA 0 0 "Uqcrc2_noRT" "non-targeting_noRT"
"15404" "Gm13656" 0 NA NA NA NA 0 0 "Uqcrc2_noRT" "non-targeting_noRT"
"15405" "Gm13657" 0 NA NA NA NA 0 0 "Uqcrc2_noRT" "non-targeting_noRT"
"15406" "Ttc30a2" 0 NA NA NA NA 0 0 "Uqcrc2_noRT" "non-targeting_noRT"
"15407" "Pjvk" 0 NA NA NA NA 0 0 "Uqcrc2_noRT" "non-targeting_noRT"
"15408" "Ttn" 0 NA NA NA NA 0 0 "Uqcrc2_noRT" "non-targeting_noRT"
"15409" "Gm13938" 0 NA NA NA NA 0 0 "Uqcrc2_noRT" "non-targeting_noRT"
"15410" "Gm13943" 0 NA NA NA NA 0 0 "Uqcrc2_noRT" "non-targeting_noRT"
"15411" "Gm13944" 0 NA NA NA NA 0 0 "Uqcrc2_noRT" "non-targeting_noRT"
"15412" "Gm13661" 0 NA NA NA NA 0 0 "Uqcrc2_noRT" "non-targeting_noRT"
"15413" "Gm13727" 0 NA NA NA NA 0 0 "Uqcrc2_noRT" "non-targeting_noRT"
"15414" "4930440I19Rik" 0 NA NA NA NA 0 0 "Uqcrc2_noRT" "non-targeting_noRT"
"15415" "Gm14461" 0 NA NA NA NA 0 0 "Uqcrc2_noRT" "non-targeting_noRT"
"15416" "Neurod1" 0 NA NA NA NA 0 0 "Uqcrc2_noRT" "non-targeting_noRT"
"15417" "Ppp1r1c" 0 NA NA NA NA 0 0 "Uqcrc2_noRT" "non-targeting_noRT"
"15418" "Prdx6b" 0 NA NA NA NA 0 0 "Uqcrc2_noRT" "non-targeting_noRT"
"15419" "Gm13752" 0 NA NA NA NA 0 0 "Uqcrc2_noRT" "non-targeting_noRT"
"15420" "Frzb" 0 NA NA NA NA 0 0 "Uqcrc2_noRT" "non-targeting_noRT"
"15421" "Zfp804a" 0 NA NA NA NA 0 0 "Uqcrc2_noRT" "non-targeting_noRT"
"15422" "A130030D18Rik" 0 NA NA NA NA 0 0 "Uqcrc2_noRT" "non-targeting_noRT"
"15423" "Fsip2" 0 NA NA NA NA 0 0 "Uqcrc2_noRT" "non-targeting_noRT"
"15424" "Gm28675" 0 NA NA NA NA 0 0 "Uqcrc2_noRT" "non-targeting_noRT"
"15425" "Gm13686" 0 NA NA NA NA 0 0 "Uqcrc2_noRT" "non-targeting_noRT"
"15426" "Gm13684" 0 NA NA NA NA 0 0 "Uqcrc2_noRT" "non-targeting_noRT"
"15427" "Zswim2" 0 NA NA NA NA 0 0 "Uqcrc2_noRT" "non-targeting_noRT"
"15428" "Gm13698" 0 NA NA NA NA 0 0 "Uqcrc2_noRT" "non-targeting_noRT"
"15429" "Gm13693" 0 NA NA NA NA 0 0 "Uqcrc2_noRT" "non-targeting_noRT"
"15430" "Gm13695" 0 NA NA NA NA 0 0 "Uqcrc2_noRT" "non-targeting_noRT"
"15431" "Gm13696" 0 NA NA NA NA 0 0 "Uqcrc2_noRT" "non-targeting_noRT"
"15432" "Gm13694" 0 NA NA NA NA 0 0 "Uqcrc2_noRT" "non-targeting_noRT"
"15433" "Gm13697" 0 NA NA NA NA 0 0 "Uqcrc2_noRT" "non-targeting_noRT"
"15434" "Gm13691" 0 NA NA NA NA 0 0 "Uqcrc2_noRT" "non-targeting_noRT"
"15435" "Smtnl1" 0 NA NA NA NA 0 0 "Uqcrc2_noRT" "non-targeting_noRT"
"15436" "Rtn4rl2" 0 NA NA NA NA 0 0 "Uqcrc2_noRT" "non-targeting_noRT"
"15437" "Slc43a3" 0 NA NA NA NA 0 0 "Uqcrc2_noRT" "non-targeting_noRT"
"15438" "Prg2" 0 NA NA NA NA 0 0 "Uqcrc2_noRT" "non-targeting_noRT"
"15439" "Prg3" 0 NA NA NA NA 0 0 "Uqcrc2_noRT" "non-targeting_noRT"
"15440" "P2rx3" 0 NA NA NA NA 0 0 "Uqcrc2_noRT" "non-targeting_noRT"
"15441" "4930443O20Rik" 0 NA NA NA NA 0 0 "Uqcrc2_noRT" "non-targeting_noRT"
"15442" "Aplnr" 0 NA NA NA NA 0 0 "Uqcrc2_noRT" "non-targeting_noRT"
"15443" "Lrrc55" 0 NA NA NA NA 0 0 "Uqcrc2_noRT" "non-targeting_noRT"
"15444" "Gm13716" 0 NA NA NA NA 0 0 "Uqcrc2_noRT" "non-targeting_noRT"
"15445" "Gm13715" 0 NA NA NA NA 0 0 "Uqcrc2_noRT" "non-targeting_noRT"
"15446" "Olfr987" 0 NA NA NA NA 0 0 "Uqcrc2_noRT" "non-targeting_noRT"
"15447" "Olfr988" 0 NA NA NA NA 0 0 "Uqcrc2_noRT" "non-targeting_noRT"
"15448" "Olfr992" 0 NA NA NA NA 0 0 "Uqcrc2_noRT" "non-targeting_noRT"
"15449" "Olfr993" 0 NA NA NA NA 0 0 "Uqcrc2_noRT" "non-targeting_noRT"
"15450" "Olfr994" 0 NA NA NA NA 0 0 "Uqcrc2_noRT" "non-targeting_noRT"
"15451" "Olfr995" 0 NA NA NA NA 0 0 "Uqcrc2_noRT" "non-targeting_noRT"
"15452" "4833423E24Rik" 0 NA NA NA NA 0 0 "Uqcrc2_noRT" "non-targeting_noRT"
"15453" "Olfr996" 0 NA NA NA NA 0 0 "Uqcrc2_noRT" "non-targeting_noRT"
"15454" "Olfr998" 0 NA NA NA NA 0 0 "Uqcrc2_noRT" "non-targeting_noRT"
"15455" "Olfr1000" 0 NA NA NA NA 0 0 "Uqcrc2_noRT" "non-targeting_noRT"
"15456" "Olfr1002" 0 NA NA NA NA 0 0 "Uqcrc2_noRT" "non-targeting_noRT"
"15457" "Olfr154" 0 NA NA NA NA 0 0 "Uqcrc2_noRT" "non-targeting_noRT"
"15458" "Olfr1006" 0 NA NA NA NA 0 0 "Uqcrc2_noRT" "non-targeting_noRT"
"15459" "Olfr1008" 0 NA NA NA NA 0 0 "Uqcrc2_noRT" "non-targeting_noRT"
"15460" "Olfr1009" 0 NA NA NA NA 0 0 "Uqcrc2_noRT" "non-targeting_noRT"
"15461" "Olfr1012" 0 NA NA NA NA 0 0 "Uqcrc2_noRT" "non-targeting_noRT"
"15462" "Olfr1013" 0 NA NA NA NA 0 0 "Uqcrc2_noRT" "non-targeting_noRT"
"15463" "Olfr1014" 0 NA NA NA NA 0 0 "Uqcrc2_noRT" "non-targeting_noRT"
"15464" "Olfr1015" 0 NA NA NA NA 0 0 "Uqcrc2_noRT" "non-targeting_noRT"
"15465" "Olfr1016" 0 NA NA NA NA 0 0 "Uqcrc2_noRT" "non-targeting_noRT"
"15466" "Olfr1018" 0 NA NA NA NA 0 0 "Uqcrc2_noRT" "non-targeting_noRT"
"15467" "Olfr1019" 0 NA NA NA NA 0 0 "Uqcrc2_noRT" "non-targeting_noRT"
"15468" "Olfr1020" 0 NA NA NA NA 0 0 "Uqcrc2_noRT" "non-targeting_noRT"
"15469" "Olfr1022" 0 NA NA NA NA 0 0 "Uqcrc2_noRT" "non-targeting_noRT"
"15470" "Olfr1023" 0 NA NA NA NA 0 0 "Uqcrc2_noRT" "non-targeting_noRT"
"15471" "Olfr1024" 0 NA NA NA NA 0 0 "Uqcrc2_noRT" "non-targeting_noRT"
"15472" "Olfr1025-ps1" 0 NA NA NA NA 0 0 "Uqcrc2_noRT" "non-targeting_noRT"
"15473" "Olfr1026" 0 NA NA NA NA 0 0 "Uqcrc2_noRT" "non-targeting_noRT"
"15474" "Olfr1028" 0 NA NA NA NA 0 0 "Uqcrc2_noRT" "non-targeting_noRT"
"15475" "Olfr1029" 0 NA NA NA NA 0 0 "Uqcrc2_noRT" "non-targeting_noRT"
"15476" "Olfr1030" 0 NA NA NA NA 0 0 "Uqcrc2_noRT" "non-targeting_noRT"
"15477" "Olfr1031" 0 NA NA NA NA 0 0 "Uqcrc2_noRT" "non-targeting_noRT"
"15478" "Olfr1032" 0 NA NA NA NA 0 0 "Uqcrc2_noRT" "non-targeting_noRT"
"15479" "Olfr1033" 0 NA NA NA NA 0 0 "Uqcrc2_noRT" "non-targeting_noRT"
"15480" "Olfr1034" 0 NA NA NA NA 0 0 "Uqcrc2_noRT" "non-targeting_noRT"
"15481" "Olfr1036" 0 NA NA NA NA 0 0 "Uqcrc2_noRT" "non-targeting_noRT"
"15482" "Olfr1037" 0 NA NA NA NA 0 0 "Uqcrc2_noRT" "non-targeting_noRT"
"15483" "Olfr1039" 0 NA NA NA NA 0 0 "Uqcrc2_noRT" "non-targeting_noRT"
"15484" "Olfr1040" 0 NA NA NA NA 0 0 "Uqcrc2_noRT" "non-targeting_noRT"
"15485" "Olfr1042" 0 NA NA NA NA 0 0 "Uqcrc2_noRT" "non-targeting_noRT"
"15486" "Olfr1043" 0 NA NA NA NA 0 0 "Uqcrc2_noRT" "non-targeting_noRT"
"15487" "Olfr1044" 0 NA NA NA NA 0 0 "Uqcrc2_noRT" "non-targeting_noRT"
"15488" "Olfr52" 0 NA NA NA NA 0 0 "Uqcrc2_noRT" "non-targeting_noRT"
"15489" "Olfr1045" 0 NA NA NA NA 0 0 "Uqcrc2_noRT" "non-targeting_noRT"
"15490" "Olfr1046" 0 NA NA NA NA 0 0 "Uqcrc2_noRT" "non-targeting_noRT"
"15491" "Olfr1047" 0 NA NA NA NA 0 0 "Uqcrc2_noRT" "non-targeting_noRT"
"15492" "Olfr1048" 0 NA NA NA NA 0 0 "Uqcrc2_noRT" "non-targeting_noRT"
"15493" "Olfr1049" 0 NA NA NA NA 0 0 "Uqcrc2_noRT" "non-targeting_noRT"
"15494" "Olfr1051" 0 NA NA NA NA 0 0 "Uqcrc2_noRT" "non-targeting_noRT"
"15495" "Olfr1052" 0 NA NA NA NA 0 0 "Uqcrc2_noRT" "non-targeting_noRT"
"15496" "Olfr1053" 0 NA NA NA NA 0 0 "Uqcrc2_noRT" "non-targeting_noRT"
"15497" "Olfr1054" 0 NA NA NA NA 0 0 "Uqcrc2_noRT" "non-targeting_noRT"
"15498" "Olfr1055" 0 NA NA NA NA 0 0 "Uqcrc2_noRT" "non-targeting_noRT"
"15499" "Olfr1056" 0 NA NA NA NA 0 0 "Uqcrc2_noRT" "non-targeting_noRT"
"15500" "Olfr1057" 0 NA NA NA NA 0 0 "Uqcrc2_noRT" "non-targeting_noRT"
"15501" "Olfr1058" 0 NA NA NA NA 0 0 "Uqcrc2_noRT" "non-targeting_noRT"
"15502" "Olfr1061" 0 NA NA NA NA 0 0 "Uqcrc2_noRT" "non-targeting_noRT"
"15503" "Olfr1062" 0 NA NA NA NA 0 0 "Uqcrc2_noRT" "non-targeting_noRT"
"15504" "Olfr1065" 0 NA NA NA NA 0 0 "Uqcrc2_noRT" "non-targeting_noRT"
"15505" "Olfr1066" 0 NA NA NA NA 0 0 "Uqcrc2_noRT" "non-targeting_noRT"
"15506" "Olfr228" 0 NA NA NA NA 0 0 "Uqcrc2_noRT" "non-targeting_noRT"
"15507" "Olfr1076" 0 NA NA NA NA 0 0 "Uqcrc2_noRT" "non-targeting_noRT"
"15508" "Olfr1079" 0 NA NA NA NA 0 0 "Uqcrc2_noRT" "non-targeting_noRT"
"15509" "Olfr1080" 0 NA NA NA NA 0 0 "Uqcrc2_noRT" "non-targeting_noRT"
"15510" "Olfr1082" 0 NA NA NA NA 0 0 "Uqcrc2_noRT" "non-targeting_noRT"
"15511" "Olfr1084" 0 NA NA NA NA 0 0 "Uqcrc2_noRT" "non-targeting_noRT"
"15512" "Olfr1085" 0 NA NA NA NA 0 0 "Uqcrc2_noRT" "non-targeting_noRT"
"15513" "Olfr1086" 0 NA NA NA NA 0 0 "Uqcrc2_noRT" "non-targeting_noRT"
"15514" "Olfr1087" 0 NA NA NA NA 0 0 "Uqcrc2_noRT" "non-targeting_noRT"
"15515" "Olfr1089" 0 NA NA NA NA 0 0 "Uqcrc2_noRT" "non-targeting_noRT"
"15516" "Olfr1090" 0 NA NA NA NA 0 0 "Uqcrc2_noRT" "non-targeting_noRT"
"15517" "Olfr1093" 0 NA NA NA NA 0 0 "Uqcrc2_noRT" "non-targeting_noRT"
"15518" "Olfr141" 0 NA NA NA NA 0 0 "Uqcrc2_noRT" "non-targeting_noRT"
"15519" "Olfr1094" 0 NA NA NA NA 0 0 "Uqcrc2_noRT" "non-targeting_noRT"
"15520" "Olfr1095" 0 NA NA NA NA 0 0 "Uqcrc2_noRT" "non-targeting_noRT"
"15521" "Gm13723" 0 NA NA NA NA 0 0 "Uqcrc2_noRT" "non-targeting_noRT"
"15522" "Olfr1097" 0 NA NA NA NA 0 0 "Uqcrc2_noRT" "non-targeting_noRT"
"15523" "Olfr1098" 0 NA NA NA NA 0 0 "Uqcrc2_noRT" "non-targeting_noRT"
"15524" "Olfr1099" 0 NA NA NA NA 0 0 "Uqcrc2_noRT" "non-targeting_noRT"
"15525" "Olfr1100" 0 NA NA NA NA 0 0 "Uqcrc2_noRT" "non-targeting_noRT"
"15526" "Olfr1101" 0 NA NA NA NA 0 0 "Uqcrc2_noRT" "non-targeting_noRT"
"15527" "Olfr1102" 0 NA NA NA NA 0 0 "Uqcrc2_noRT" "non-targeting_noRT"
"15528" "Olfr1104" 0 NA NA NA NA 0 0 "Uqcrc2_noRT" "non-targeting_noRT"
"15529" "Olfr1105" 0 NA NA NA NA 0 0 "Uqcrc2_noRT" "non-targeting_noRT"
"15530" "Olfr1106" 0 NA NA NA NA 0 0 "Uqcrc2_noRT" "non-targeting_noRT"
"15531" "Olfr1107" 0 NA NA NA NA 0 0 "Uqcrc2_noRT" "non-targeting_noRT"
"15532" "Olfr1109" 0 NA NA NA NA 0 0 "Uqcrc2_noRT" "non-targeting_noRT"
"15533" "Olfr259" 0 NA NA NA NA 0 0 "Uqcrc2_noRT" "non-targeting_noRT"
"15534" "Olfr1110" 0 NA NA NA NA 0 0 "Uqcrc2_noRT" "non-targeting_noRT"
"15535" "Olfr1111" 0 NA NA NA NA 0 0 "Uqcrc2_noRT" "non-targeting_noRT"
"15536" "Olfr1112" 0 NA NA NA NA 0 0 "Uqcrc2_noRT" "non-targeting_noRT"
"15537" "Olfr1113" 0 NA NA NA NA 0 0 "Uqcrc2_noRT" "non-targeting_noRT"
"15538" "Olfr1115" 0 NA NA NA NA 0 0 "Uqcrc2_noRT" "non-targeting_noRT"
"15539" "Olfr1116" 0 NA NA NA NA 0 0 "Uqcrc2_noRT" "non-targeting_noRT"
"15540" "Olfr1118" 0 NA NA NA NA 0 0 "Uqcrc2_noRT" "non-targeting_noRT"
"15541" "Olfr1120" 0 NA NA NA NA 0 0 "Uqcrc2_noRT" "non-targeting_noRT"
"15542" "Olfr1121" 0 NA NA NA NA 0 0 "Uqcrc2_noRT" "non-targeting_noRT"
"15543" "Olfr1122" 0 NA NA NA NA 0 0 "Uqcrc2_noRT" "non-targeting_noRT"
"15544" "Olfr1123" 0 NA NA NA NA 0 0 "Uqcrc2_noRT" "non-targeting_noRT"
"15545" "Olfr1124" 0 NA NA NA NA 0 0 "Uqcrc2_noRT" "non-targeting_noRT"
"15546" "Olfr1126" 0 NA NA NA NA 0 0 "Uqcrc2_noRT" "non-targeting_noRT"
"15547" "Pramel7" 0 NA NA NA NA 0 0 "Uqcrc2_noRT" "non-targeting_noRT"
"15548" "Pramel6" 0 NA NA NA NA 0 0 "Uqcrc2_noRT" "non-targeting_noRT"
"15549" "Olfr153" 0 NA NA NA NA 0 0 "Uqcrc2_noRT" "non-targeting_noRT"
"15550" "Olfr1128" 0 NA NA NA NA 0 0 "Uqcrc2_noRT" "non-targeting_noRT"
"15551" "Olfr1129" 0 NA NA NA NA 0 0 "Uqcrc2_noRT" "non-targeting_noRT"
"15552" "Olfr1130" 0 NA NA NA NA 0 0 "Uqcrc2_noRT" "non-targeting_noRT"
"15553" "Olfr1131" 0 NA NA NA NA 0 0 "Uqcrc2_noRT" "non-targeting_noRT"
"15554" "Olfr1132" 0 NA NA NA NA 0 0 "Uqcrc2_noRT" "non-targeting_noRT"
"15555" "Olfr1133" 0 NA NA NA NA 0 0 "Uqcrc2_noRT" "non-targeting_noRT"
"15556" "Olfr1134" 0 NA NA NA NA 0 0 "Uqcrc2_noRT" "non-targeting_noRT"
"15557" "Olfr1135" 0 NA NA NA NA 0 0 "Uqcrc2_noRT" "non-targeting_noRT"
"15558" "Olfr1136" 0 NA NA NA NA 0 0 "Uqcrc2_noRT" "non-targeting_noRT"
"15559" "Olfr1137" 0 NA NA NA NA 0 0 "Uqcrc2_noRT" "non-targeting_noRT"
"15560" "Olfr1138" 0 NA NA NA NA 0 0 "Uqcrc2_noRT" "non-targeting_noRT"
"15561" "Olfr1140" 0 NA NA NA NA 0 0 "Uqcrc2_noRT" "non-targeting_noRT"
"15562" "Olfr1141" 0 NA NA NA NA 0 0 "Uqcrc2_noRT" "non-targeting_noRT"
"15563" "Olfr152" 0 NA NA NA NA 0 0 "Uqcrc2_noRT" "non-targeting_noRT"
"15564" "Olfr1143" 0 NA NA NA NA 0 0 "Uqcrc2_noRT" "non-targeting_noRT"
"15565" "Olfr1145" 0 NA NA NA NA 0 0 "Uqcrc2_noRT" "non-targeting_noRT"
"15566" "Olfr1148" 0 NA NA NA NA 0 0 "Uqcrc2_noRT" "non-targeting_noRT"
"15567" "Olfr1150-ps1" 0 NA NA NA NA 0 0 "Uqcrc2_noRT" "non-targeting_noRT"
"15568" "Olfr1151" 0 NA NA NA NA 0 0 "Uqcrc2_noRT" "non-targeting_noRT"
"15569" "Olfr1152" 0 NA NA NA NA 0 0 "Uqcrc2_noRT" "non-targeting_noRT"
"15570" "Olfr1153" 0 NA NA NA NA 0 0 "Uqcrc2_noRT" "non-targeting_noRT"
"15571" "Olfr1154" 0 NA NA NA NA 0 0 "Uqcrc2_noRT" "non-targeting_noRT"
"15572" "Olfr1155" 0 NA NA NA NA 0 0 "Uqcrc2_noRT" "non-targeting_noRT"
"15573" "Olfr1156" 0 NA NA NA NA 0 0 "Uqcrc2_noRT" "non-targeting_noRT"
"15574" "Olfr1157" 0 NA NA NA NA 0 0 "Uqcrc2_noRT" "non-targeting_noRT"
"15575" "Olfr74" 0 NA NA NA NA 0 0 "Uqcrc2_noRT" "non-targeting_noRT"
"15576" "Olfr1158" 0 NA NA NA NA 0 0 "Uqcrc2_noRT" "non-targeting_noRT"
"15577" "Olfr1160" 0 NA NA NA NA 0 0 "Uqcrc2_noRT" "non-targeting_noRT"
"15578" "Olfr1161" 0 NA NA NA NA 0 0 "Uqcrc2_noRT" "non-targeting_noRT"
"15579" "Olfr73" 0 NA NA NA NA 0 0 "Uqcrc2_noRT" "non-targeting_noRT"
"15580" "Olfr1162" 0 NA NA NA NA 0 0 "Uqcrc2_noRT" "non-targeting_noRT"
"15581" "Olfr1163" 0 NA NA NA NA 0 0 "Uqcrc2_noRT" "non-targeting_noRT"
"15582" "Olfr1164" 0 NA NA NA NA 0 0 "Uqcrc2_noRT" "non-targeting_noRT"
"15583" "Olfr1166" 0 NA NA NA NA 0 0 "Uqcrc2_noRT" "non-targeting_noRT"
"15584" "Olfr1167" 0 NA NA NA NA 0 0 "Uqcrc2_noRT" "non-targeting_noRT"
"15585" "Olfr1168" 0 NA NA NA NA 0 0 "Uqcrc2_noRT" "non-targeting_noRT"
"15586" "Olfr1170" 0 NA NA NA NA 0 0 "Uqcrc2_noRT" "non-targeting_noRT"
"15587" "Olfr1173" 0 NA NA NA NA 0 0 "Uqcrc2_noRT" "non-targeting_noRT"
"15588" "Olfr1174-ps" 0 NA NA NA NA 0 0 "Uqcrc2_noRT" "non-targeting_noRT"
"15589" "Olfr1175-ps" 0 NA NA NA NA 0 0 "Uqcrc2_noRT" "non-targeting_noRT"
"15590" "Olfr1176" 0 NA NA NA NA 0 0 "Uqcrc2_noRT" "non-targeting_noRT"
"15591" "Olfr1177-ps" 0 NA NA NA NA 0 0 "Uqcrc2_noRT" "non-targeting_noRT"
"15592" "Olfr1178" 0 NA NA NA NA 0 0 "Uqcrc2_noRT" "non-targeting_noRT"
"15593" "Olfr1179" 0 NA NA NA NA 0 0 "Uqcrc2_noRT" "non-targeting_noRT"
"15594" "Olfr1180" 0 NA NA NA NA 0 0 "Uqcrc2_noRT" "non-targeting_noRT"
"15595" "Olfr1181" 0 NA NA NA NA 0 0 "Uqcrc2_noRT" "non-targeting_noRT"
"15596" "Gm13757" 0 NA NA NA NA 0 0 "Uqcrc2_noRT" "non-targeting_noRT"
"15597" "Olfr1183" 0 NA NA NA NA 0 0 "Uqcrc2_noRT" "non-targeting_noRT"
"15598" "Olfr1184" 0 NA NA NA NA 0 0 "Uqcrc2_noRT" "non-targeting_noRT"
"15599" "Olfr1185-ps1" 0 NA NA NA NA 0 0 "Uqcrc2_noRT" "non-targeting_noRT"
"15600" "Olfr1186" 0 NA NA NA NA 0 0 "Uqcrc2_noRT" "non-targeting_noRT"
"15601" "Olfr1188" 0 NA NA NA NA 0 0 "Uqcrc2_noRT" "non-targeting_noRT"
"15602" "Olfr1189" 0 NA NA NA NA 0 0 "Uqcrc2_noRT" "non-targeting_noRT"
"15603" "Olfr1192-ps1" 0 NA NA NA NA 0 0 "Uqcrc2_noRT" "non-targeting_noRT"
"15604" "Olfr1193" 0 NA NA NA NA 0 0 "Uqcrc2_noRT" "non-targeting_noRT"
"15605" "Olfr1195" 0 NA NA NA NA 0 0 "Uqcrc2_noRT" "non-targeting_noRT"
"15606" "Olfr1196" 0 NA NA NA NA 0 0 "Uqcrc2_noRT" "non-targeting_noRT"
"15607" "Olfr1197" 0 NA NA NA NA 0 0 "Uqcrc2_noRT" "non-targeting_noRT"
"15608" "Olfr1198" 0 NA NA NA NA 0 0 "Uqcrc2_noRT" "non-targeting_noRT"
"15609" "Olfr1199" 0 NA NA NA NA 0 0 "Uqcrc2_noRT" "non-targeting_noRT"
"15610" "Olfr1200" 0 NA NA NA NA 0 0 "Uqcrc2_noRT" "non-targeting_noRT"
"15611" "Olfr1201" 0 NA NA NA NA 0 0 "Uqcrc2_noRT" "non-targeting_noRT"
"15612" "Olfr1202" 0 NA NA NA NA 0 0 "Uqcrc2_noRT" "non-targeting_noRT"
"15613" "Olfr1205" 0 NA NA NA NA 0 0 "Uqcrc2_noRT" "non-targeting_noRT"
"15614" "Olfr1204" 0 NA NA NA NA 0 0 "Uqcrc2_noRT" "non-targeting_noRT"
"15615" "Olfr1206" 0 NA NA NA NA 0 0 "Uqcrc2_noRT" "non-targeting_noRT"
"15616" "Olfr1208" 0 NA NA NA NA 0 0 "Uqcrc2_noRT" "non-targeting_noRT"
"15617" "Olfr1209" 0 NA NA NA NA 0 0 "Uqcrc2_noRT" "non-targeting_noRT"
"15618" "Olfr1211" 0 NA NA NA NA 0 0 "Uqcrc2_noRT" "non-targeting_noRT"
"15619" "Olfr1212" 0 NA NA NA NA 0 0 "Uqcrc2_noRT" "non-targeting_noRT"
"15620" "Gm13762" 0 NA NA NA NA 0 0 "Uqcrc2_noRT" "non-targeting_noRT"
"15621" "Olfr1214" 0 NA NA NA NA 0 0 "Uqcrc2_noRT" "non-targeting_noRT"
"15622" "Olfr1215" 0 NA NA NA NA 0 0 "Uqcrc2_noRT" "non-targeting_noRT"
"15623" "Olfr1216" 0 NA NA NA NA 0 0 "Uqcrc2_noRT" "non-targeting_noRT"
"15624" "Olfr1217" 0 NA NA NA NA 0 0 "Uqcrc2_noRT" "non-targeting_noRT"
"15625" "Olfr1218" 0 NA NA NA NA 0 0 "Uqcrc2_noRT" "non-targeting_noRT"
"15626" "Olfr1219" 0 NA NA NA NA 0 0 "Uqcrc2_noRT" "non-targeting_noRT"
"15627" "Olfr1220" 0 NA NA NA NA 0 0 "Uqcrc2_noRT" "non-targeting_noRT"
"15628" "Olfr1221" 0 NA NA NA NA 0 0 "Uqcrc2_noRT" "non-targeting_noRT"
"15629" "Olfr1222" 0 NA NA NA NA 0 0 "Uqcrc2_noRT" "non-targeting_noRT"
"15630" "Olfr1223" 0 NA NA NA NA 0 0 "Uqcrc2_noRT" "non-targeting_noRT"
"15631" "Olfr1224-ps1" 0 NA NA NA NA 0 0 "Uqcrc2_noRT" "non-targeting_noRT"
"15632" "Olfr1225" 0 NA NA NA NA 0 0 "Uqcrc2_noRT" "non-targeting_noRT"
"15633" "Olfr1226" 0 NA NA NA NA 0 0 "Uqcrc2_noRT" "non-targeting_noRT"
"15634" "Olfr1228" 0 NA NA NA NA 0 0 "Uqcrc2_noRT" "non-targeting_noRT"
"15635" "Olfr1229" 0 NA NA NA NA 0 0 "Uqcrc2_noRT" "non-targeting_noRT"
"15636" "Olfr1230" 0 NA NA NA NA 0 0 "Uqcrc2_noRT" "non-targeting_noRT"
"15637" "Olfr1231" 0 NA NA NA NA 0 0 "Uqcrc2_noRT" "non-targeting_noRT"
"15638" "Olfr1232" 0 NA NA NA NA 0 0 "Uqcrc2_noRT" "non-targeting_noRT"
"15639" "Olfr1233" 0 NA NA NA NA 0 0 "Uqcrc2_noRT" "non-targeting_noRT"
"15640" "Olfr1234" 0 NA NA NA NA 0 0 "Uqcrc2_noRT" "non-targeting_noRT"
"15641" "Olfr1238" 0 NA NA NA NA 0 0 "Uqcrc2_noRT" "non-targeting_noRT"
"15642" "Olfr1239" 0 NA NA NA NA 0 0 "Uqcrc2_noRT" "non-targeting_noRT"
"15643" "Olfr1240" 0 NA NA NA NA 0 0 "Uqcrc2_noRT" "non-targeting_noRT"
"15644" "Olfr1241" 0 NA NA NA NA 0 0 "Uqcrc2_noRT" "non-targeting_noRT"
"15645" "Olfr1242" 0 NA NA NA NA 0 0 "Uqcrc2_noRT" "non-targeting_noRT"
"15646" "Olfr1243" 0 NA NA NA NA 0 0 "Uqcrc2_noRT" "non-targeting_noRT"
"15647" "Olfr1245" 0 NA NA NA NA 0 0 "Uqcrc2_noRT" "non-targeting_noRT"
"15648" "Olfr1246" 0 NA NA NA NA 0 0 "Uqcrc2_noRT" "non-targeting_noRT"
"15649" "Olfr1247" 0 NA NA NA NA 0 0 "Uqcrc2_noRT" "non-targeting_noRT"
"15650" "Olfr1248" 0 NA NA NA NA 0 0 "Uqcrc2_noRT" "non-targeting_noRT"
"15651" "Olfr1249" 0 NA NA NA NA 0 0 "Uqcrc2_noRT" "non-targeting_noRT"
"15652" "Olfr1250" 0 NA NA NA NA 0 0 "Uqcrc2_noRT" "non-targeting_noRT"
"15653" "Olfr1251" 0 NA NA NA NA 0 0 "Uqcrc2_noRT" "non-targeting_noRT"
"15654" "Olfr1252" 0 NA NA NA NA 0 0 "Uqcrc2_noRT" "non-targeting_noRT"
"15655" "Olfr1253" 0 NA NA NA NA 0 0 "Uqcrc2_noRT" "non-targeting_noRT"
"15656" "Olfr1254" 0 NA NA NA NA 0 0 "Uqcrc2_noRT" "non-targeting_noRT"
"15657" "Olfr1255" 0 NA NA NA NA 0 0 "Uqcrc2_noRT" "non-targeting_noRT"
"15658" "Olfr1256" 0 NA NA NA NA 0 0 "Uqcrc2_noRT" "non-targeting_noRT"
"15659" "Olfr48" 0 NA NA NA NA 0 0 "Uqcrc2_noRT" "non-targeting_noRT"
"15660" "Olfr1257" 0 NA NA NA NA 0 0 "Uqcrc2_noRT" "non-targeting_noRT"
"15661" "Olfr1258" 0 NA NA NA NA 0 0 "Uqcrc2_noRT" "non-targeting_noRT"
"15662" "Olfr1259" 0 NA NA NA NA 0 0 "Uqcrc2_noRT" "non-targeting_noRT"
"15663" "Olfr1260" 0 NA NA NA NA 0 0 "Uqcrc2_noRT" "non-targeting_noRT"
"15664" "Olfr1261" 0 NA NA NA NA 0 0 "Uqcrc2_noRT" "non-targeting_noRT"
"15665" "Olfr1262" 0 NA NA NA NA 0 0 "Uqcrc2_noRT" "non-targeting_noRT"
"15666" "Olfr1263" 0 NA NA NA NA 0 0 "Uqcrc2_noRT" "non-targeting_noRT"
"15667" "Olfr1264" 0 NA NA NA NA 0 0 "Uqcrc2_noRT" "non-targeting_noRT"
"15668" "Olfr1265" 0 NA NA NA NA 0 0 "Uqcrc2_noRT" "non-targeting_noRT"
"15669" "Olfr140" 0 NA NA NA NA 0 0 "Uqcrc2_noRT" "non-targeting_noRT"
"15670" "Olfr1269" 0 NA NA NA NA 0 0 "Uqcrc2_noRT" "non-targeting_noRT"
"15671" "Olfr32" 0 NA NA NA NA 0 0 "Uqcrc2_noRT" "non-targeting_noRT"
"15672" "Olfr1270" 0 NA NA NA NA 0 0 "Uqcrc2_noRT" "non-targeting_noRT"
"15673" "Olfr1506" 0 NA NA NA NA 0 0 "Uqcrc2_noRT" "non-targeting_noRT"
"15674" "Olfr142" 0 NA NA NA NA 0 0 "Uqcrc2_noRT" "non-targeting_noRT"
"15675" "Olfr1271" 0 NA NA NA NA 0 0 "Uqcrc2_noRT" "non-targeting_noRT"
"15676" "Olfr1272" 0 NA NA NA NA 0 0 "Uqcrc2_noRT" "non-targeting_noRT"
"15677" "Olfr1565" 0 NA NA NA NA 0 0 "Uqcrc2_noRT" "non-targeting_noRT"
"15678" "Olfr1274-ps" 0 NA NA NA NA 0 0 "Uqcrc2_noRT" "non-targeting_noRT"
"15679" "Agbl2" 0 NA NA NA NA 0 0 "Uqcrc2_noRT" "non-targeting_noRT"
"15680" "Spi1" 0 NA NA NA NA 0 0 "Uqcrc2_noRT" "non-targeting_noRT"
"15681" "Mybpc3" 0 NA NA NA NA 0 0 "Uqcrc2_noRT" "non-targeting_noRT"
"15682" "Gm13783" 0 NA NA NA NA 0 0 "Uqcrc2_noRT" "non-targeting_noRT"
"15683" "F2" 0 NA NA NA NA 0 0 "Uqcrc2_noRT" "non-targeting_noRT"
"15684" "Chrm4" 0 NA NA NA NA 0 0 "Uqcrc2_noRT" "non-targeting_noRT"
"15685" "Gm9821" 0 NA NA NA NA 0 0 "Uqcrc2_noRT" "non-targeting_noRT"
"15686" "Gm13780" 0 NA NA NA NA 0 0 "Uqcrc2_noRT" "non-targeting_noRT"
"15687" "2900072N19Rik" 0 NA NA NA NA 0 0 "Uqcrc2_noRT" "non-targeting_noRT"
"15688" "1700029I15Rik" 0 NA NA NA NA 0 0 "Uqcrc2_noRT" "non-targeting_noRT"
"15689" "D930015M05Rik" 0 NA NA NA NA 0 0 "Uqcrc2_noRT" "non-targeting_noRT"
"15690" "Gm13814" 0 NA NA NA NA 0 0 "Uqcrc2_noRT" "non-targeting_noRT"
"15691" "Gm13817" 0 NA NA NA NA 0 0 "Uqcrc2_noRT" "non-targeting_noRT"
"15692" "Gm13816" 0 NA NA NA NA 0 0 "Uqcrc2_noRT" "non-targeting_noRT"
"15693" "Gm13791" 0 NA NA NA NA 0 0 "Uqcrc2_noRT" "non-targeting_noRT"
"15694" "Syt13" 0 NA NA NA NA 0 0 "Uqcrc2_noRT" "non-targeting_noRT"
"15695" "Prdm11" 0 NA NA NA NA 0 0 "Uqcrc2_noRT" "non-targeting_noRT"
"15696" "4631405J19Rik" 0 NA NA NA NA 0 0 "Uqcrc2_noRT" "non-targeting_noRT"
"15697" "Gm13802" 0 NA NA NA NA 0 0 "Uqcrc2_noRT" "non-targeting_noRT"
"15698" "Trp53i11" 0 NA NA NA NA 0 0 "Uqcrc2_noRT" "non-targeting_noRT"
"15699" "Tspan18" 0 NA NA NA NA 0 0 "Uqcrc2_noRT" "non-targeting_noRT"
"15700" "Gm13807" 0 NA NA NA NA 0 0 "Uqcrc2_noRT" "non-targeting_noRT"
"15701" "Gm10804" 0 NA NA NA NA 0 0 "Uqcrc2_noRT" "non-targeting_noRT"
"15702" "Alx4" 0 NA NA NA NA 0 0 "Uqcrc2_noRT" "non-targeting_noRT"
"15703" "Accsl" 0 NA NA NA NA 0 0 "Uqcrc2_noRT" "non-targeting_noRT"
"15704" "Alkbh3os1" 0 NA NA NA NA 0 0 "Uqcrc2_noRT" "non-targeting_noRT"
"15705" "Mir670hg" 0 NA NA NA NA 0 0 "Uqcrc2_noRT" "non-targeting_noRT"
"15706" "Gm13793" 0 NA NA NA NA 0 0 "Uqcrc2_noRT" "non-targeting_noRT"
"15707" "Gm13794" 0 NA NA NA NA 0 0 "Uqcrc2_noRT" "non-targeting_noRT"
"15708" "Gm13799" 0 NA NA NA NA 0 0 "Uqcrc2_noRT" "non-targeting_noRT"
"15709" "Lrrc4c" 0 NA NA NA NA 0 0 "Uqcrc2_noRT" "non-targeting_noRT"
"15710" "4930445B16Rik" 0 NA NA NA NA 0 0 "Uqcrc2_noRT" "non-targeting_noRT"
"15711" "Gm10801" 0 NA NA NA NA 0 0 "Uqcrc2_noRT" "non-targeting_noRT"
"15712" "Gm29235" 0 NA NA NA NA 0 0 "Uqcrc2_noRT" "non-targeting_noRT"
"15713" "Rag2" 0 NA NA NA NA 0 0 "Uqcrc2_noRT" "non-targeting_noRT"
"15714" "Rag1" 0 NA NA NA NA 0 0 "Uqcrc2_noRT" "non-targeting_noRT"
"15715" "Gm13905" 0 NA NA NA NA 0 0 "Uqcrc2_noRT" "non-targeting_noRT"
"15716" "Gm13919" 0 NA NA NA NA 0 0 "Uqcrc2_noRT" "non-targeting_noRT"
"15717" "Gm13920" 0 NA NA NA NA 0 0 "Uqcrc2_noRT" "non-targeting_noRT"
"15718" "Pamr1" 0 NA NA NA NA 0 0 "Uqcrc2_noRT" "non-targeting_noRT"
"15719" "Gm13872" 0 NA NA NA NA 0 0 "Uqcrc2_noRT" "non-targeting_noRT"
"15720" "Gm13874" 0 NA NA NA NA 0 0 "Uqcrc2_noRT" "non-targeting_noRT"
"15721" "Gm13869" 0 NA NA NA NA 0 0 "Uqcrc2_noRT" "non-targeting_noRT"
"15722" "Ehf" 0 NA NA NA NA 0 0 "Uqcrc2_noRT" "non-targeting_noRT"
"15723" "A930006I01Rik" 0 NA NA NA NA 0 0 "Uqcrc2_noRT" "non-targeting_noRT"
"15724" "BC016548" 0 NA NA NA NA 0 0 "Uqcrc2_noRT" "non-targeting_noRT"
"15725" "Elf5" 0 NA NA NA NA 0 0 "Uqcrc2_noRT" "non-targeting_noRT"
"15726" "4930547E08Rik" 0 NA NA NA NA 0 0 "Uqcrc2_noRT" "non-targeting_noRT"
"15727" "Gm13881" 0 NA NA NA NA 0 0 "Uqcrc2_noRT" "non-targeting_noRT"
"15728" "Lmo2" 0 NA NA NA NA 0 0 "Uqcrc2_noRT" "non-targeting_noRT"
"15729" "4931422A03Rik" 0 NA NA NA NA 0 0 "Uqcrc2_noRT" "non-targeting_noRT"
"15730" "Gm10799" 0 NA NA NA NA 0 0 "Uqcrc2_noRT" "non-targeting_noRT"
"15731" "A930018P22Rik" 0 NA NA NA NA 0 0 "Uqcrc2_noRT" "non-targeting_noRT"
"15732" "D430041D05Rik" 0 NA NA NA NA 0 0 "Uqcrc2_noRT" "non-targeting_noRT"
"15733" "Gm13883" 0 NA NA NA NA 0 0 "Uqcrc2_noRT" "non-targeting_noRT"
"15734" "Pin1rt1" 0 NA NA NA NA 0 0 "Uqcrc2_noRT" "non-targeting_noRT"
"15735" "Wt1os" 0 NA NA NA NA 0 0 "Uqcrc2_noRT" "non-targeting_noRT"
"15736" "Gm11060" 0 NA NA NA NA 0 0 "Uqcrc2_noRT" "non-targeting_noRT"
"15737" "Wt1" 0 NA NA NA NA 0 0 "Uqcrc2_noRT" "non-targeting_noRT"
"15738" "Them7" 0 NA NA NA NA 0 0 "Uqcrc2_noRT" "non-targeting_noRT"
"15739" "4930527A07Rik" 0 NA NA NA NA 0 0 "Uqcrc2_noRT" "non-targeting_noRT"
"15740" "Pax6os1" 0 NA NA NA NA 0 0 "Uqcrc2_noRT" "non-targeting_noRT"
"15741" "Paupar" 0 NA NA NA NA 0 0 "Uqcrc2_noRT" "non-targeting_noRT"
"15742" "Gm13954" 0 NA NA NA NA 0 0 "Uqcrc2_noRT" "non-targeting_noRT"
"15743" "Gm29053" 0 NA NA NA NA 0 0 "Uqcrc2_noRT" "non-targeting_noRT"
"15744" "Gm14015" 0 NA NA NA NA 0 0 "Uqcrc2_noRT" "non-targeting_noRT"
"15745" "Gm14014" 0 NA NA NA NA 0 0 "Uqcrc2_noRT" "non-targeting_noRT"
"15746" "BB218582" 0 NA NA NA NA 0 0 "Uqcrc2_noRT" "non-targeting_noRT"
"15747" "Fshb" 0 NA NA NA NA 0 0 "Uqcrc2_noRT" "non-targeting_noRT"
"15748" "Gm13912" 0 NA NA NA NA 0 0 "Uqcrc2_noRT" "non-targeting_noRT"
"15749" "Gm13923" 0 NA NA NA NA 0 0 "Uqcrc2_noRT" "non-targeting_noRT"
"15750" "Gm45346" 0 NA NA NA NA 0 0 "Uqcrc2_noRT" "non-targeting_noRT"
"15751" "Gm20638" 0 NA NA NA NA 0 0 "Uqcrc2_noRT" "non-targeting_noRT"
"15752" "Platr8" 0 NA NA NA NA 0 0 "Uqcrc2_noRT" "non-targeting_noRT"
"15753" "Ccdc34os" 0 NA NA NA NA 0 0 "Uqcrc2_noRT" "non-targeting_noRT"
"15754" "Gm13936" 0 NA NA NA NA 0 0 "Uqcrc2_noRT" "non-targeting_noRT"
"15755" "Bbox1" 0 NA NA NA NA 0 0 "Uqcrc2_noRT" "non-targeting_noRT"
"15756" "Fibin" 0 NA NA NA NA 0 0 "Uqcrc2_noRT" "non-targeting_noRT"
"15757" "Slc5a12" 0 NA NA NA NA 0 0 "Uqcrc2_noRT" "non-targeting_noRT"
"15758" "Ano3" 0 NA NA NA NA 0 0 "Uqcrc2_noRT" "non-targeting_noRT"
"15759" "Muc15" 0 NA NA NA NA 0 0 "Uqcrc2_noRT" "non-targeting_noRT"
"15760" "Gm13942" 0 NA NA NA NA 0 0 "Uqcrc2_noRT" "non-targeting_noRT"
"15761" "Gm13941" 0 NA NA NA NA 0 0 "Uqcrc2_noRT" "non-targeting_noRT"
"15762" "Gm15130" 0 NA NA NA NA 0 0 "Uqcrc2_noRT" "non-targeting_noRT"
"15763" "4930430A15Rik" 0 NA NA NA NA 0 0 "Uqcrc2_noRT" "non-targeting_noRT"
"15764" "Olfr1275" 0 NA NA NA NA 0 0 "Uqcrc2_noRT" "non-targeting_noRT"
"15765" "Gm13962" 0 NA NA NA NA 0 0 "Uqcrc2_noRT" "non-targeting_noRT"
"15766" "Olfr1276" 0 NA NA NA NA 0 0 "Uqcrc2_noRT" "non-targeting_noRT"
"15767" "Olfr1277" 0 NA NA NA NA 0 0 "Uqcrc2_noRT" "non-targeting_noRT"
"15768" "Olfr1278" 0 NA NA NA NA 0 0 "Uqcrc2_noRT" "non-targeting_noRT"
"15769" "Olfr1279" 0 NA NA NA NA 0 0 "Uqcrc2_noRT" "non-targeting_noRT"
"15770" "Olfr1280" 0 NA NA NA NA 0 0 "Uqcrc2_noRT" "non-targeting_noRT"
"15771" "Olfr1281" 0 NA NA NA NA 0 0 "Uqcrc2_noRT" "non-targeting_noRT"
"15772" "Olfr1282" 0 NA NA NA NA 0 0 "Uqcrc2_noRT" "non-targeting_noRT"
"15773" "Olfr1283" 0 NA NA NA NA 0 0 "Uqcrc2_noRT" "non-targeting_noRT"
"15774" "Olfr1284" 0 NA NA NA NA 0 0 "Uqcrc2_noRT" "non-targeting_noRT"
"15775" "Olfr1286" 0 NA NA NA NA 0 0 "Uqcrc2_noRT" "non-targeting_noRT"
"15776" "Olfr1287" 0 NA NA NA NA 0 0 "Uqcrc2_noRT" "non-targeting_noRT"
"15777" "Olfr1288" 0 NA NA NA NA 0 0 "Uqcrc2_noRT" "non-targeting_noRT"
"15778" "Olfr1289" 0 NA NA NA NA 0 0 "Uqcrc2_noRT" "non-targeting_noRT"
"15779" "Olfr1290" 0 NA NA NA NA 0 0 "Uqcrc2_noRT" "non-targeting_noRT"
"15780" "Olfr1291-ps1" 0 NA NA NA NA 0 0 "Uqcrc2_noRT" "non-targeting_noRT"
"15781" "Olfr1293-ps" 0 NA NA NA NA 0 0 "Uqcrc2_noRT" "non-targeting_noRT"
"15782" "Olfr1294" 0 NA NA NA NA 0 0 "Uqcrc2_noRT" "non-targeting_noRT"
"15783" "Olfr1295" 0 NA NA NA NA 0 0 "Uqcrc2_noRT" "non-targeting_noRT"
"15784" "Olfr1297" 0 NA NA NA NA 0 0 "Uqcrc2_noRT" "non-targeting_noRT"
"15785" "Olfr1298" 0 NA NA NA NA 0 0 "Uqcrc2_noRT" "non-targeting_noRT"
"15786" "Olfr1299" 0 NA NA NA NA 0 0 "Uqcrc2_noRT" "non-targeting_noRT"
"15787" "Olfr1301" 0 NA NA NA NA 0 0 "Uqcrc2_noRT" "non-targeting_noRT"
"15788" "Olfr1302" 0 NA NA NA NA 0 0 "Uqcrc2_noRT" "non-targeting_noRT"
"15789" "Olfr1303" 0 NA NA NA NA 0 0 "Uqcrc2_noRT" "non-targeting_noRT"
"15790" "Olfr1305" 0 NA NA NA NA 0 0 "Uqcrc2_noRT" "non-targeting_noRT"
"15791" "Olfr1306" 0 NA NA NA NA 0 0 "Uqcrc2_noRT" "non-targeting_noRT"
"15792" "Olfr1307" 0 NA NA NA NA 0 0 "Uqcrc2_noRT" "non-targeting_noRT"
"15793" "Olfr1308" 0 NA NA NA NA 0 0 "Uqcrc2_noRT" "non-targeting_noRT"
"15794" "Olfr1309" 0 NA NA NA NA 0 0 "Uqcrc2_noRT" "non-targeting_noRT"
"15795" "Olfr1310" 0 NA NA NA NA 0 0 "Uqcrc2_noRT" "non-targeting_noRT"
"15796" "Olfr1311" 0 NA NA NA NA 0 0 "Uqcrc2_noRT" "non-targeting_noRT"
"15797" "Olfr1312" 0 NA NA NA NA 0 0 "Uqcrc2_noRT" "non-targeting_noRT"
"15798" "Olfr1313" 0 NA NA NA NA 0 0 "Uqcrc2_noRT" "non-targeting_noRT"
"15799" "Olfr1314" 0 NA NA NA NA 0 0 "Uqcrc2_noRT" "non-targeting_noRT"
"15800" "Olfr1315-ps1" 0 NA NA NA NA 0 0 "Uqcrc2_noRT" "non-targeting_noRT"
"15801" "Olfr1316" 0 NA NA NA NA 0 0 "Uqcrc2_noRT" "non-targeting_noRT"
"15802" "Olfr1317" 0 NA NA NA NA 0 0 "Uqcrc2_noRT" "non-targeting_noRT"
"15803" "Olfr1318" 0 NA NA NA NA 0 0 "Uqcrc2_noRT" "non-targeting_noRT"
"15804" "Nutm1" 0 NA NA NA NA 0 0 "Uqcrc2_noRT" "non-targeting_noRT"
"15805" "Chrm5" 0 NA NA NA NA 0 0 "Uqcrc2_noRT" "non-targeting_noRT"
"15806" "Ryr3" 0 NA NA NA NA 0 0 "Uqcrc2_noRT" "non-targeting_noRT"
"15807" "Tmco5b" 0 NA NA NA NA 0 0 "Uqcrc2_noRT" "non-targeting_noRT"
"15808" "Fmn1" 0 NA NA NA NA 0 0 "Uqcrc2_noRT" "non-targeting_noRT"
"15809" "Gm13963" 0 NA NA NA NA 0 0 "Uqcrc2_noRT" "non-targeting_noRT"
"15810" "Gm13966" 0 NA NA NA NA 0 0 "Uqcrc2_noRT" "non-targeting_noRT"
"15811" "Gm13964" 0 NA NA NA NA 0 0 "Uqcrc2_noRT" "non-targeting_noRT"
"15812" "4930533B01Rik" 0 NA NA NA NA 0 0 "Uqcrc2_noRT" "non-targeting_noRT"
"15813" "Grem1" 0 NA NA NA NA 0 0 "Uqcrc2_noRT" "non-targeting_noRT"
"15814" "Scg5" 0 NA NA NA NA 0 0 "Uqcrc2_noRT" "non-targeting_noRT"
"15815" "Gjd2" 0 NA NA NA NA 0 0 "Uqcrc2_noRT" "non-targeting_noRT"
"15816" "A530058N18Rik" 0 NA NA NA NA 0 0 "Uqcrc2_noRT" "non-targeting_noRT"
"15817" "Actc1" 0 NA NA NA NA 0 0 "Uqcrc2_noRT" "non-targeting_noRT"
"15818" "C130080G10Rik" 0 NA NA NA NA 0 0 "Uqcrc2_noRT" "non-targeting_noRT"
"15819" "Gm29234" 0 NA NA NA NA 0 0 "Uqcrc2_noRT" "non-targeting_noRT"
"15820" "Gm13972" 0 NA NA NA NA 0 0 "Uqcrc2_noRT" "non-targeting_noRT"
"15821" "Gm13974" 0 NA NA NA NA 0 0 "Uqcrc2_noRT" "non-targeting_noRT"
"15822" "Gm28494" 0 NA NA NA NA 0 0 "Uqcrc2_noRT" "non-targeting_noRT"
"15823" "Gm28492" 0 NA NA NA NA 0 0 "Uqcrc2_noRT" "non-targeting_noRT"
"15824" "Gm28493" 0 NA NA NA NA 0 0 "Uqcrc2_noRT" "non-targeting_noRT"
"15825" "4930528P14Rik" 0 NA NA NA NA 0 0 "Uqcrc2_noRT" "non-targeting_noRT"
"15826" "Gm13976" 0 NA NA NA NA 0 0 "Uqcrc2_noRT" "non-targeting_noRT"
"15827" "3110099E03Rik" 0 NA NA NA NA 0 0 "Uqcrc2_noRT" "non-targeting_noRT"
"15828" "Gm13977" 0 NA NA NA NA 0 0 "Uqcrc2_noRT" "non-targeting_noRT"
"15829" "G630016G05Rik" 0 NA NA NA NA 0 0 "Uqcrc2_noRT" "non-targeting_noRT"
"15830" "Gm13990" 0 NA NA NA NA 0 0 "Uqcrc2_noRT" "non-targeting_noRT"
"15831" "Tmco5" 0 NA NA NA NA 0 0 "Uqcrc2_noRT" "non-targeting_noRT"
"15832" "Rasgrp1" 0 NA NA NA NA 0 0 "Uqcrc2_noRT" "non-targeting_noRT"
"15833" "Gm13982" 0 NA NA NA NA 0 0 "Uqcrc2_noRT" "non-targeting_noRT"
"15834" "Gm13985" 0 NA NA NA NA 0 0 "Uqcrc2_noRT" "non-targeting_noRT"
"15835" "4930412B13Rik" 0 NA NA NA NA 0 0 "Uqcrc2_noRT" "non-targeting_noRT"
"15836" "Gm29233" 0 NA NA NA NA 0 0 "Uqcrc2_noRT" "non-targeting_noRT"
"15837" "A930104D05Rik" 0 NA NA NA NA 0 0 "Uqcrc2_noRT" "non-targeting_noRT"
"15838" "1700054M17Rik" 0 NA NA NA NA 0 0 "Uqcrc2_noRT" "non-targeting_noRT"
"15839" "Bmf" 0 NA NA NA NA 0 0 "Uqcrc2_noRT" "non-targeting_noRT"
"15840" "Pak6" 0 NA NA NA NA 0 0 "Uqcrc2_noRT" "non-targeting_noRT"
"15841" "Ankrd63" 0 NA NA NA NA 0 0 "Uqcrc2_noRT" "non-targeting_noRT"
"15842" "Plcb2" 0 NA NA NA NA 0 0 "Uqcrc2_noRT" "non-targeting_noRT"
"15843" "Phgr1" 0 NA NA NA NA 0 0 "Uqcrc2_noRT" "non-targeting_noRT"
"15844" "Disp2" 0 NA NA NA NA 0 0 "Uqcrc2_noRT" "non-targeting_noRT"
"15845" "Gm14091" 0 NA NA NA NA 0 0 "Uqcrc2_noRT" "non-targeting_noRT"
"15846" "Gm14089" 0 NA NA NA NA 0 0 "Uqcrc2_noRT" "non-targeting_noRT"
"15847" "Gm14137" 0 NA NA NA NA 0 0 "Uqcrc2_noRT" "non-targeting_noRT"
"15848" "Ppp1r14d" 0 NA NA NA NA 0 0 "Uqcrc2_noRT" "non-targeting_noRT"
"15849" "Spint1" 0 NA NA NA NA 0 0 "Uqcrc2_noRT" "non-targeting_noRT"
"15850" "Gm14207" 0 NA NA NA NA 0 0 "Uqcrc2_noRT" "non-targeting_noRT"
"15851" "Dll4" 0 NA NA NA NA 0 0 "Uqcrc2_noRT" "non-targeting_noRT"
"15852" "Gm13999" 0 NA NA NA NA 0 0 "Uqcrc2_noRT" "non-targeting_noRT"
"15853" "Pla2g4b" 0 NA NA NA NA 0 0 "Uqcrc2_noRT" "non-targeting_noRT"
"15854" "Sptbn5" 0 NA NA NA NA 0 0 "Uqcrc2_noRT" "non-targeting_noRT"
"15855" "Pla2g4e" 0 NA NA NA NA 0 0 "Uqcrc2_noRT" "non-targeting_noRT"
"15856" "Gm13997" 0 NA NA NA NA 0 0 "Uqcrc2_noRT" "non-targeting_noRT"
"15857" "Pla2g4d" 0 NA NA NA NA 0 0 "Uqcrc2_noRT" "non-targeting_noRT"
"15858" "Pla2g4f" 0 NA NA NA NA 0 0 "Uqcrc2_noRT" "non-targeting_noRT"
"15859" "Capn3" 0 NA NA NA NA 0 0 "Uqcrc2_noRT" "non-targeting_noRT"
"15860" "AV039307" 0 NA NA NA NA 0 0 "Uqcrc2_noRT" "non-targeting_noRT"
"15861" "Tgm5" 0 NA NA NA NA 0 0 "Uqcrc2_noRT" "non-targeting_noRT"
"15862" "Tgm7" 0 NA NA NA NA 0 0 "Uqcrc2_noRT" "non-targeting_noRT"
"15863" "Lcmt2" 0 NA NA NA NA 0 0 "Uqcrc2_noRT" "non-targeting_noRT"
"15864" "Adal" 0 NA NA NA NA 0 0 "Uqcrc2_noRT" "non-targeting_noRT"
"15865" "Gm14978" 0 NA NA NA NA 0 0 "Uqcrc2_noRT" "non-targeting_noRT"
"15866" "Serinc4" 0 NA NA NA NA 0 0 "Uqcrc2_noRT" "non-targeting_noRT"
"15867" "Frmd5" 0 NA NA NA NA 0 0 "Uqcrc2_noRT" "non-targeting_noRT"
"15868" "Gm14019" 0 NA NA NA NA 0 0 "Uqcrc2_noRT" "non-targeting_noRT"
"15869" "Mageb3" 0 NA NA NA NA 0 0 "Uqcrc2_noRT" "non-targeting_noRT"
"15870" "Patl2" 0 NA NA NA NA 0 0 "Uqcrc2_noRT" "non-targeting_noRT"
"15871" "Trim69" 0 NA NA NA NA 0 0 "Uqcrc2_noRT" "non-targeting_noRT"
"15872" "Terb2" 0 NA NA NA NA 0 0 "Uqcrc2_noRT" "non-targeting_noRT"
"15873" "Duox2" 0 NA NA NA NA 0 0 "Uqcrc2_noRT" "non-targeting_noRT"
"15874" "Duoxa2" 0 NA NA NA NA 0 0 "Uqcrc2_noRT" "non-targeting_noRT"
"15875" "Duox1" 0 NA NA NA NA 0 0 "Uqcrc2_noRT" "non-targeting_noRT"
"15876" "Slc28a2" 0 NA NA NA NA 0 0 "Uqcrc2_noRT" "non-targeting_noRT"
"15877" "Gm14085" 0 NA NA NA NA 0 0 "Uqcrc2_noRT" "non-targeting_noRT"
"15878" "4930517E11Rik" 0 NA NA NA NA 0 0 "Uqcrc2_noRT" "non-targeting_noRT"
"15879" "4930583P06Rik" 0 NA NA NA NA 0 0 "Uqcrc2_noRT" "non-targeting_noRT"
"15880" "Gm13994" 0 NA NA NA NA 0 0 "Uqcrc2_noRT" "non-targeting_noRT"
"15881" "Gm14004" 0 NA NA NA NA 0 0 "Uqcrc2_noRT" "non-targeting_noRT"
"15882" "Ctxn2" 0 NA NA NA NA 0 0 "Uqcrc2_noRT" "non-targeting_noRT"
"15883" "Slc12a1" 0 NA NA NA NA 0 0 "Uqcrc2_noRT" "non-targeting_noRT"
"15884" "A530010F05Rik" 0 NA NA NA NA 0 0 "Uqcrc2_noRT" "non-targeting_noRT"
"15885" "Gm14003" 0 NA NA NA NA 0 0 "Uqcrc2_noRT" "non-targeting_noRT"
"15886" "Gm9913" 0 NA NA NA NA 0 0 "Uqcrc2_noRT" "non-targeting_noRT"
"15887" "Fam227b" 0 NA NA NA NA 0 0 "Uqcrc2_noRT" "non-targeting_noRT"
"15888" "Gm17555" 0 NA NA NA NA 0 0 "Uqcrc2_noRT" "non-targeting_noRT"
"15889" "Atp8b4" 0 NA NA NA NA 0 0 "Uqcrc2_noRT" "non-targeting_noRT"
"15890" "Slc27a2" 0 NA NA NA NA 0 0 "Uqcrc2_noRT" "non-targeting_noRT"
"15891" "Astl" 0 NA NA NA NA 0 0 "Uqcrc2_noRT" "non-targeting_noRT"
"15892" "Adra2b" 0 NA NA NA NA 0 0 "Uqcrc2_noRT" "non-targeting_noRT"
"15893" "Prom2" 0 NA NA NA NA 0 0 "Uqcrc2_noRT" "non-targeting_noRT"
"15894" "Gm14244" 0 NA NA NA NA 0 0 "Uqcrc2_noRT" "non-targeting_noRT"
"15895" "Mall" 0 NA NA NA NA 0 0 "Uqcrc2_noRT" "non-targeting_noRT"
"15896" "Acoxl" 0 NA NA NA NA 0 0 "Uqcrc2_noRT" "non-targeting_noRT"
"15897" "Gm14009" 0 NA NA NA NA 0 0 "Uqcrc2_noRT" "non-targeting_noRT"
"15898" "Gm14012" 0 NA NA NA NA 0 0 "Uqcrc2_noRT" "non-targeting_noRT"
"15899" "Gm29010" 0 NA NA NA NA 0 0 "Uqcrc2_noRT" "non-targeting_noRT"
"15900" "Spdye4c" 0 NA NA NA NA 0 0 "Uqcrc2_noRT" "non-targeting_noRT"
"15901" "Mertk" 0 NA NA NA NA 0 0 "Uqcrc2_noRT" "non-targeting_noRT"
"15902" "Gm14011" 0 NA NA NA NA 0 0 "Uqcrc2_noRT" "non-targeting_noRT"
"15903" "Fbln7" 0 NA NA NA NA 0 0 "Uqcrc2_noRT" "non-targeting_noRT"
"15904" "4933427J07Rik" 0 NA NA NA NA 0 0 "Uqcrc2_noRT" "non-targeting_noRT"
"15905" "Gm14027" 0 NA NA NA NA 0 0 "Uqcrc2_noRT" "non-targeting_noRT"
"15906" "Vinac1" 0 NA NA NA NA 0 0 "Uqcrc2_noRT" "non-targeting_noRT"
"15907" "Gm14022" 0 NA NA NA NA 0 0 "Uqcrc2_noRT" "non-targeting_noRT"
"15908" "AI847159" 0 NA NA NA NA 0 0 "Uqcrc2_noRT" "non-targeting_noRT"
"15909" "Gm14029" 0 NA NA NA NA 0 0 "Uqcrc2_noRT" "non-targeting_noRT"
"15910" "9830144P21Rik" 0 NA NA NA NA 0 0 "Uqcrc2_noRT" "non-targeting_noRT"
"15911" "A730036I17Rik" 0 NA NA NA NA 0 0 "Uqcrc2_noRT" "non-targeting_noRT"
"15912" "Gm14024" 0 NA NA NA NA 0 0 "Uqcrc2_noRT" "non-targeting_noRT"
"15913" "Il1a" 0 NA NA NA NA 0 0 "Uqcrc2_noRT" "non-targeting_noRT"
"15914" "Il1b" 0 NA NA NA NA 0 0 "Uqcrc2_noRT" "non-targeting_noRT"
"15915" "Il1bos" 0 NA NA NA NA 0 0 "Uqcrc2_noRT" "non-targeting_noRT"
"15916" "F830045P16Rik" 0 NA NA NA NA 0 0 "Uqcrc2_noRT" "non-targeting_noRT"
"15917" "Gm14040" 0 NA NA NA NA 0 0 "Uqcrc2_noRT" "non-targeting_noRT"
"15918" "Gm14041" 0 NA NA NA NA 0 0 "Uqcrc2_noRT" "non-targeting_noRT"
"15919" "Sirpa" 0 NA NA NA NA 0 0 "Uqcrc2_noRT" "non-targeting_noRT"
"15920" "Pdyn" 0 NA NA NA NA 0 0 "Uqcrc2_noRT" "non-targeting_noRT"
"15921" "Gm28196" 0 NA NA NA NA 0 0 "Uqcrc2_noRT" "non-targeting_noRT"
"15922" "Tgm3" 0 NA NA NA NA 0 0 "Uqcrc2_noRT" "non-targeting_noRT"
"15923" "Tgm6" 0 NA NA NA NA 0 0 "Uqcrc2_noRT" "non-targeting_noRT"
"15924" "Tmc2" 0 NA NA NA NA 0 0 "Uqcrc2_noRT" "non-targeting_noRT"
"15925" "1700020A23Rik" 0 NA NA NA NA 0 0 "Uqcrc2_noRT" "non-targeting_noRT"
"15926" "Tmem239" 0 NA NA NA NA 0 0 "Uqcrc2_noRT" "non-targeting_noRT"
"15927" "4930473A02Rik" 0 NA NA NA NA 0 0 "Uqcrc2_noRT" "non-targeting_noRT"
"15928" "Avp" 0 NA NA NA NA 0 0 "Uqcrc2_noRT" "non-targeting_noRT"
"15929" "Gfra4" 0 NA NA NA NA 0 0 "Uqcrc2_noRT" "non-targeting_noRT"
"15930" "Adam33" 0 NA NA NA NA 0 0 "Uqcrc2_noRT" "non-targeting_noRT"
"15931" "Siglec1" 0 NA NA NA NA 0 0 "Uqcrc2_noRT" "non-targeting_noRT"
"15932" "Gm11037" 0 NA NA NA NA 0 0 "Uqcrc2_noRT" "non-targeting_noRT"
"15933" "Gm14232" 0 NA NA NA NA 0 0 "Uqcrc2_noRT" "non-targeting_noRT"
"15934" "Gm14233" 0 NA NA NA NA 0 0 "Uqcrc2_noRT" "non-targeting_noRT"
"15935" "Adra1d" 0 NA NA NA NA 0 0 "Uqcrc2_noRT" "non-targeting_noRT"
"15936" "Gm14285" 0 NA NA NA NA 0 0 "Uqcrc2_noRT" "non-targeting_noRT"
"15937" "Gm14280" 0 NA NA NA NA 0 0 "Uqcrc2_noRT" "non-targeting_noRT"
"15938" "5330413P13Rik" 0 NA NA NA NA 0 0 "Uqcrc2_noRT" "non-targeting_noRT"
"15939" "Erv3" 0 NA NA NA NA 0 0 "Uqcrc2_noRT" "non-targeting_noRT"
"15940" "Prnd" 0 NA NA NA NA 0 0 "Uqcrc2_noRT" "non-targeting_noRT"
"15941" "Rassf2" 0 NA NA NA NA 0 0 "Uqcrc2_noRT" "non-targeting_noRT"
"15942" "Gm14051" 0 NA NA NA NA 0 0 "Uqcrc2_noRT" "non-targeting_noRT"
"15943" "Prokr2" 0 NA NA NA NA 0 0 "Uqcrc2_noRT" "non-targeting_noRT"
"15944" "Gm14095" 0 NA NA NA NA 0 0 "Uqcrc2_noRT" "non-targeting_noRT"
"15945" "1700026D11Rik" 0 NA NA NA NA 0 0 "Uqcrc2_noRT" "non-targeting_noRT"
"15946" "AU019990" 0 NA NA NA NA 0 0 "Uqcrc2_noRT" "non-targeting_noRT"
"15947" "Gm14097" 0 NA NA NA NA 0 0 "Uqcrc2_noRT" "non-targeting_noRT"
"15948" "Chgb" 0 NA NA NA NA 0 0 "Uqcrc2_noRT" "non-targeting_noRT"
"15949" "Gm14104" 0 NA NA NA NA 0 0 "Uqcrc2_noRT" "non-targeting_noRT"
"15950" "Lrrn4" 0 NA NA NA NA 0 0 "Uqcrc2_noRT" "non-targeting_noRT"
"15951" "Fermt1" 0 NA NA NA NA 0 0 "Uqcrc2_noRT" "non-targeting_noRT"
"15952" "Gm14102" 0 NA NA NA NA 0 0 "Uqcrc2_noRT" "non-targeting_noRT"
"15953" "A430048G15Rik" 0 NA NA NA NA 0 0 "Uqcrc2_noRT" "non-targeting_noRT"
"15954" "Gm14100" 0 NA NA NA NA 0 0 "Uqcrc2_noRT" "non-targeting_noRT"
"15955" "4930545L23Rik" 0 NA NA NA NA 0 0 "Uqcrc2_noRT" "non-targeting_noRT"
"15956" "9630028H03Rik" 0 NA NA NA NA 0 0 "Uqcrc2_noRT" "non-targeting_noRT"
"15957" "Gm14209" 0 NA NA NA NA 0 0 "Uqcrc2_noRT" "non-targeting_noRT"
"15958" "Gm14211" 0 NA NA NA NA 0 0 "Uqcrc2_noRT" "non-targeting_noRT"
"15959" "Gm14210" 0 NA NA NA NA 0 0 "Uqcrc2_noRT" "non-targeting_noRT"
"15960" "Lamp5" 0 NA NA NA NA 0 0 "Uqcrc2_noRT" "non-targeting_noRT"
"15961" "Pak7" 0 NA NA NA NA 0 0 "Uqcrc2_noRT" "non-targeting_noRT"
"15962" "Gm14218" 0 NA NA NA NA 0 0 "Uqcrc2_noRT" "non-targeting_noRT"
"15963" "Snap25" 0 NA NA NA NA 0 0 "Uqcrc2_noRT" "non-targeting_noRT"
"15964" "AL731706.1" 0 NA NA NA NA 0 0 "Uqcrc2_noRT" "non-targeting_noRT"
"15965" "AL731706.2" 0 NA NA NA NA 0 0 "Uqcrc2_noRT" "non-targeting_noRT"
"15966" "Gm28214" 0 NA NA NA NA 0 0 "Uqcrc2_noRT" "non-targeting_noRT"
"15967" "Gm14055" 0 NA NA NA NA 0 0 "Uqcrc2_noRT" "non-targeting_noRT"
"15968" "Gm14064" 0 NA NA NA NA 0 0 "Uqcrc2_noRT" "non-targeting_noRT"
"15969" "Gm14062" 0 NA NA NA NA 0 0 "Uqcrc2_noRT" "non-targeting_noRT"
"15970" "Gm14061" 0 NA NA NA NA 0 0 "Uqcrc2_noRT" "non-targeting_noRT"
"15971" "Gm14066" 0 NA NA NA NA 0 0 "Uqcrc2_noRT" "non-targeting_noRT"
"15972" "Sptlc3" 0 NA NA NA NA 0 0 "Uqcrc2_noRT" "non-targeting_noRT"
"15973" "Ism1" 0 NA NA NA NA 0 0 "Uqcrc2_noRT" "non-targeting_noRT"
"15974" "Gm17374" 0 NA NA NA NA 0 0 "Uqcrc2_noRT" "non-targeting_noRT"
"15975" "Sel1l2" 0 NA NA NA NA 0 0 "Uqcrc2_noRT" "non-targeting_noRT"
"15976" "Flrt3" 0 NA NA NA NA 0 0 "Uqcrc2_noRT" "non-targeting_noRT"
"15977" "Macrod2os2" 0 NA NA NA NA 0 0 "Uqcrc2_noRT" "non-targeting_noRT"
"15978" "Macrod2os1" 0 NA NA NA NA 0 0 "Uqcrc2_noRT" "non-targeting_noRT"
"15979" "Kif16bos" 0 NA NA NA NA 0 0 "Uqcrc2_noRT" "non-targeting_noRT"
"15980" "Otor" 0 NA NA NA NA 0 0 "Uqcrc2_noRT" "non-targeting_noRT"
"15981" "Pcsk2os1" 0 NA NA NA NA 0 0 "Uqcrc2_noRT" "non-targeting_noRT"
"15982" "Pcsk2" 0 NA NA NA NA 0 0 "Uqcrc2_noRT" "non-targeting_noRT"
"15983" "Pcsk2os2" 0 NA NA NA NA 0 0 "Uqcrc2_noRT" "non-targeting_noRT"
"15984" "Bfsp1" 0 NA NA NA NA 0 0 "Uqcrc2_noRT" "non-targeting_noRT"
"15985" "Banf2" 0 NA NA NA NA 0 0 "Uqcrc2_noRT" "non-targeting_noRT"
"15986" "Banf2os" 0 NA NA NA NA 0 0 "Uqcrc2_noRT" "non-targeting_noRT"
"15987" "Gm5535" 0 NA NA NA NA 0 0 "Uqcrc2_noRT" "non-targeting_noRT"
"15988" "4930444E06Rik" 0 NA NA NA NA 0 0 "Uqcrc2_noRT" "non-targeting_noRT"
"15989" "Ovol2" 0 NA NA NA NA 0 0 "Uqcrc2_noRT" "non-targeting_noRT"
"15990" "1700108N11Rik" 0 NA NA NA NA 0 0 "Uqcrc2_noRT" "non-targeting_noRT"
"15991" "Pet117" 0 NA NA NA NA 0 0 "Uqcrc2_noRT" "non-targeting_noRT"
"15992" "Scp2d1" 0 NA NA NA NA 0 0 "Uqcrc2_noRT" "non-targeting_noRT"
"15993" "Slc24a3" 0 NA NA NA NA 0 0 "Uqcrc2_noRT" "non-targeting_noRT"
"15994" "Gm14093" 0 NA NA NA NA 0 0 "Uqcrc2_noRT" "non-targeting_noRT"
"15995" "Gm14092" 0 NA NA NA NA 0 0 "Uqcrc2_noRT" "non-targeting_noRT"
"15996" "Insm1" 0 NA NA NA NA 0 0 "Uqcrc2_noRT" "non-targeting_noRT"
"15997" "A930019D19Rik" 0 NA NA NA NA 0 0 "Uqcrc2_noRT" "non-targeting_noRT"
"15998" "4933406D12Rik" 0 NA NA NA NA 0 0 "Uqcrc2_noRT" "non-targeting_noRT"
"15999" "Gm14114" 0 NA NA NA NA 0 0 "Uqcrc2_noRT" "non-targeting_noRT"
"16000" "Nkx2-4" 0 NA NA NA NA 0 0 "Uqcrc2_noRT" "non-targeting_noRT"
"16001" "Gm14110" 0 NA NA NA NA 0 0 "Uqcrc2_noRT" "non-targeting_noRT"
"16002" "AI646519" 0 NA NA NA NA 0 0 "Uqcrc2_noRT" "non-targeting_noRT"
"16003" "Pax1" 0 NA NA NA NA 0 0 "Uqcrc2_noRT" "non-targeting_noRT"
"16004" "A530006G24Rik" 0 NA NA NA NA 0 0 "Uqcrc2_noRT" "non-targeting_noRT"
"16005" "9030622O22Rik" 0 NA NA NA NA 0 0 "Uqcrc2_noRT" "non-targeting_noRT"
"16006" "Foxa2" 0 NA NA NA NA 0 0 "Uqcrc2_noRT" "non-targeting_noRT"
"16007" "Sstr4" 0 NA NA NA NA 0 0 "Uqcrc2_noRT" "non-targeting_noRT"
"16008" "Thbd" 0 NA NA NA NA 0 0 "Uqcrc2_noRT" "non-targeting_noRT"
"16009" "Gm14120" 0 NA NA NA NA 0 0 "Uqcrc2_noRT" "non-targeting_noRT"
"16010" "Cstl1" 0 NA NA NA NA 0 0 "Uqcrc2_noRT" "non-targeting_noRT"
"16011" "Cst11" 0 NA NA NA NA 0 0 "Uqcrc2_noRT" "non-targeting_noRT"
"16012" "Cstdc1" 0 NA NA NA NA 0 0 "Uqcrc2_noRT" "non-targeting_noRT"
"16013" "Cst12" 0 NA NA NA NA 0 0 "Uqcrc2_noRT" "non-targeting_noRT"
"16014" "Cst8" 0 NA NA NA NA 0 0 "Uqcrc2_noRT" "non-targeting_noRT"
"16015" "Cst13" 0 NA NA NA NA 0 0 "Uqcrc2_noRT" "non-targeting_noRT"
"16016" "Cst9" 0 NA NA NA NA 0 0 "Uqcrc2_noRT" "non-targeting_noRT"
"16017" "Cstdc2" 0 NA NA NA NA 0 0 "Uqcrc2_noRT" "non-targeting_noRT"
"16018" "Gm1330" 0 NA NA NA NA 0 0 "Uqcrc2_noRT" "non-targeting_noRT"
"16019" "Gm14135" 0 NA NA NA NA 0 0 "Uqcrc2_noRT" "non-targeting_noRT"
"16020" "Cst10" 0 NA NA NA NA 0 0 "Uqcrc2_noRT" "non-targeting_noRT"
"16021" "Gm14133" 0 NA NA NA NA 0 0 "Uqcrc2_noRT" "non-targeting_noRT"
"16022" "C530025M09Rik" 0 NA NA NA NA 0 0 "Uqcrc2_noRT" "non-targeting_noRT"
"16023" "Syndig1" 0 NA NA NA NA 0 0 "Uqcrc2_noRT" "non-targeting_noRT"
"16024" "Gm10770" 0 NA NA NA NA 0 0 "Uqcrc2_noRT" "non-targeting_noRT"
"16025" "Gm21994" 0 NA NA NA NA 0 0 "Uqcrc2_noRT" "non-targeting_noRT"
"16026" "Cst7" 0 NA NA NA NA 0 0 "Uqcrc2_noRT" "non-targeting_noRT"
"16027" "Gm14123" 0 NA NA NA NA 0 0 "Uqcrc2_noRT" "non-targeting_noRT"
"16028" "E130215H24Rik" 0 NA NA NA NA 0 0 "Uqcrc2_noRT" "non-targeting_noRT"
"16029" "Vsx1" 0 NA NA NA NA 0 0 "Uqcrc2_noRT" "non-targeting_noRT"
"16030" "Platr15" 0 NA NA NA NA 0 0 "Uqcrc2_noRT" "non-targeting_noRT"
"16031" "Gm28450" 0 NA NA NA NA 0 0 "Uqcrc2_noRT" "non-targeting_noRT"
"16032" "Gm14151" 0 NA NA NA NA 0 0 "Uqcrc2_noRT" "non-targeting_noRT"
"16033" "Gm14147" 0 NA NA NA NA 0 0 "Uqcrc2_noRT" "non-targeting_noRT"
"16034" "Gm14145" 0 NA NA NA NA 0 0 "Uqcrc2_noRT" "non-targeting_noRT"
"16035" "Gm14144" 0 NA NA NA NA 0 0 "Uqcrc2_noRT" "non-targeting_noRT"
"16036" "4930442J19Rik" 0 NA NA NA NA 0 0 "Uqcrc2_noRT" "non-targeting_noRT"
"16037" "Gm14152" 0 NA NA NA NA 0 0 "Uqcrc2_noRT" "non-targeting_noRT"
"16038" "Gm14146" 0 NA NA NA NA 0 0 "Uqcrc2_noRT" "non-targeting_noRT"
"16039" "4921509C19Rik" 0 NA NA NA NA 0 0 "Uqcrc2_noRT" "non-targeting_noRT"
"16040" "Sdcbp2" 0 NA NA NA NA 0 0 "Uqcrc2_noRT" "non-targeting_noRT"
"16041" "Rad21l" 0 NA NA NA NA 0 0 "Uqcrc2_noRT" "non-targeting_noRT"
"16042" "Tmem74bos" 0 NA NA NA NA 0 0 "Uqcrc2_noRT" "non-targeting_noRT"
"16043" "Tmem74b" 0 NA NA NA NA 0 0 "Uqcrc2_noRT" "non-targeting_noRT"
"16044" "4930556L07Rik" 0 NA NA NA NA 0 0 "Uqcrc2_noRT" "non-targeting_noRT"
"16045" "Gm14155" 0 NA NA NA NA 0 0 "Uqcrc2_noRT" "non-targeting_noRT"
"16046" "Rspo4" 0 NA NA NA NA 0 0 "Uqcrc2_noRT" "non-targeting_noRT"
"16047" "Rspo4os" 0 NA NA NA NA 0 0 "Uqcrc2_noRT" "non-targeting_noRT"
"16048" "Angpt4" 0 NA NA NA NA 0 0 "Uqcrc2_noRT" "non-targeting_noRT"
"16049" "Gm14154" 0 NA NA NA NA 0 0 "Uqcrc2_noRT" "non-targeting_noRT"
"16050" "Slc52a3" 0 NA NA NA NA 0 0 "Uqcrc2_noRT" "non-targeting_noRT"
"16051" "AA387200" 0 NA NA NA NA 0 0 "Uqcrc2_noRT" "non-targeting_noRT"
"16052" "Scrt2" 0 NA NA NA NA 0 0 "Uqcrc2_noRT" "non-targeting_noRT"
"16053" "Gm14164" 0 NA NA NA NA 0 0 "Uqcrc2_noRT" "non-targeting_noRT"
"16054" "Nrsn2" 0 NA NA NA NA 0 0 "Uqcrc2_noRT" "non-targeting_noRT"
"16055" "Zcchc3" 0 NA NA NA NA 0 0 "Uqcrc2_noRT" "non-targeting_noRT"
"16056" "6820408C15Rik" 0 NA NA NA NA 0 0 "Uqcrc2_noRT" "non-targeting_noRT"
"16057" "Defb23" 0 NA NA NA NA 0 0 "Uqcrc2_noRT" "non-targeting_noRT"
"16058" "Defb20" 0 NA NA NA NA 0 0 "Uqcrc2_noRT" "non-targeting_noRT"
"16059" "Defb22" 0 NA NA NA NA 0 0 "Uqcrc2_noRT" "non-targeting_noRT"
"16060" "Defb26" 0 NA NA NA NA 0 0 "Uqcrc2_noRT" "non-targeting_noRT"
"16061" "Defb28" 0 NA NA NA NA 0 0 "Uqcrc2_noRT" "non-targeting_noRT"
"16062" "Defb29" 0 NA NA NA NA 0 0 "Uqcrc2_noRT" "non-targeting_noRT"
"16063" "Gm14161" 0 NA NA NA NA 0 0 "Uqcrc2_noRT" "non-targeting_noRT"
"16064" "Gm17416" 0 NA NA NA NA 0 0 "Uqcrc2_noRT" "non-targeting_noRT"
"16065" "Defb21" 0 NA NA NA NA 0 0 "Uqcrc2_noRT" "non-targeting_noRT"
"16066" "Defb19" 0 NA NA NA NA 0 0 "Uqcrc2_noRT" "non-targeting_noRT"
"16067" "Defb45" 0 NA NA NA NA 0 0 "Uqcrc2_noRT" "non-targeting_noRT"
"16068" "Defb36" 0 NA NA NA NA 0 0 "Uqcrc2_noRT" "non-targeting_noRT"
"16069" "Defb25" 0 NA NA NA NA 0 0 "Uqcrc2_noRT" "non-targeting_noRT"
"16070" "Rem1" 0 NA NA NA NA 0 0 "Uqcrc2_noRT" "non-targeting_noRT"
"16071" "1700030C14Rik" 0 NA NA NA NA 0 0 "Uqcrc2_noRT" "non-targeting_noRT"
"16072" "Cox4i2" 0 NA NA NA NA 0 0 "Uqcrc2_noRT" "non-targeting_noRT"
"16073" "Mylk2" 0 NA NA NA NA 0 0 "Uqcrc2_noRT" "non-targeting_noRT"
"16074" "Foxs1" 0 NA NA NA NA 0 0 "Uqcrc2_noRT" "non-targeting_noRT"
"16075" "Ttll9" 0 NA NA NA NA 0 0 "Uqcrc2_noRT" "non-targeting_noRT"
"16076" "Gm14199" 0 NA NA NA NA 0 0 "Uqcrc2_noRT" "non-targeting_noRT"
"16077" "Xkr7" 0 NA NA NA NA 0 0 "Uqcrc2_noRT" "non-targeting_noRT"
"16078" "Ccm2l" 0 NA NA NA NA 0 0 "Uqcrc2_noRT" "non-targeting_noRT"
"16079" "Hck" 0 NA NA NA NA 0 0 "Uqcrc2_noRT" "non-targeting_noRT"
"16080" "4930404H24Rik" 0 NA NA NA NA 0 0 "Uqcrc2_noRT" "non-targeting_noRT"
"16081" "Dnmt3bos" 0 NA NA NA NA 0 0 "Uqcrc2_noRT" "non-targeting_noRT"
"16082" "Dnmt3c" 0 NA NA NA NA 0 0 "Uqcrc2_noRT" "non-targeting_noRT"
"16083" "Efcab8" 0 NA NA NA NA 0 0 "Uqcrc2_noRT" "non-targeting_noRT"
"16084" "Sun5" 0 NA NA NA NA 0 0 "Uqcrc2_noRT" "non-targeting_noRT"
"16085" "Bpifb2" 0 NA NA NA NA 0 0 "Uqcrc2_noRT" "non-targeting_noRT"
"16086" "Bpifb6" 0 NA NA NA NA 0 0 "Uqcrc2_noRT" "non-targeting_noRT"
"16087" "Bpifb3" 0 NA NA NA NA 0 0 "Uqcrc2_noRT" "non-targeting_noRT"
"16088" "Bpifa6" 0 NA NA NA NA 0 0 "Uqcrc2_noRT" "non-targeting_noRT"
"16089" "Bpifa2" 0 NA NA NA NA 0 0 "Uqcrc2_noRT" "non-targeting_noRT"
"16090" "Bpifa5" 0 NA NA NA NA 0 0 "Uqcrc2_noRT" "non-targeting_noRT"
"16091" "Bpifb5" 0 NA NA NA NA 0 0 "Uqcrc2_noRT" "non-targeting_noRT"
"16092" "Bpifb9a" 0 NA NA NA NA 0 0 "Uqcrc2_noRT" "non-targeting_noRT"
"16093" "Bpifb9b" 0 NA NA NA NA 0 0 "Uqcrc2_noRT" "non-targeting_noRT"
"16094" "Gm14198" 0 NA NA NA NA 0 0 "Uqcrc2_noRT" "non-targeting_noRT"
"16095" "Gm14216" 0 NA NA NA NA 0 0 "Uqcrc2_noRT" "non-targeting_noRT"
"16096" "Gm14214" 0 NA NA NA NA 0 0 "Uqcrc2_noRT" "non-targeting_noRT"
"16097" "a" 0 NA NA NA NA 0 0 "Uqcrc2_noRT" "non-targeting_noRT"
"16098" "Gm14226" 0 NA NA NA NA 0 0 "Uqcrc2_noRT" "non-targeting_noRT"
"16099" "Gm45609" 0 NA NA NA NA 0 0 "Uqcrc2_noRT" "non-targeting_noRT"
"16100" "Acss2os" 0 NA NA NA NA 0 0 "Uqcrc2_noRT" "non-targeting_noRT"
"16101" "Gssos2" 0 NA NA NA NA 0 0 "Uqcrc2_noRT" "non-targeting_noRT"
"16102" "Gssos1" 0 NA NA NA NA 0 0 "Uqcrc2_noRT" "non-targeting_noRT"
"16103" "Gm14257" 0 NA NA NA NA 0 0 "Uqcrc2_noRT" "non-targeting_noRT"
"16104" "Myh7b" 0 NA NA NA NA 0 0 "Uqcrc2_noRT" "non-targeting_noRT"
"16105" "Gm17581" 0 NA NA NA NA 0 0 "Uqcrc2_noRT" "non-targeting_noRT"
"16106" "Mmp24" 0 NA NA NA NA 0 0 "Uqcrc2_noRT" "non-targeting_noRT"
"16107" "Gm16098" 0 NA NA NA NA 0 0 "Uqcrc2_noRT" "non-targeting_noRT"
"16108" "Fam83c" 0 NA NA NA NA 0 0 "Uqcrc2_noRT" "non-targeting_noRT"
"16109" "Gm15557" 0 NA NA NA NA 0 0 "Uqcrc2_noRT" "non-targeting_noRT"
"16110" "Gdf5" 0 NA NA NA NA 0 0 "Uqcrc2_noRT" "non-targeting_noRT"
"16111" "6430550D23Rik" 0 NA NA NA NA 0 0 "Uqcrc2_noRT" "non-targeting_noRT"
"16112" "Fer1l4" 0 NA NA NA NA 0 0 "Uqcrc2_noRT" "non-targeting_noRT"
"16113" "Gm14252" 0 NA NA NA NA 0 0 "Uqcrc2_noRT" "non-targeting_noRT"
"16114" "Gm14170" 0 NA NA NA NA 0 0 "Uqcrc2_noRT" "non-targeting_noRT"
"16115" "Gm14225" 0 NA NA NA NA 0 0 "Uqcrc2_noRT" "non-targeting_noRT"
"16116" "Gm14224" 0 NA NA NA NA 0 0 "Uqcrc2_noRT" "non-targeting_noRT"
"16117" "Gm14169" 0 NA NA NA NA 0 0 "Uqcrc2_noRT" "non-targeting_noRT"
"16118" "Gm14174" 0 NA NA NA NA 0 0 "Uqcrc2_noRT" "non-targeting_noRT"
"16119" "Myl9" 0 NA NA NA NA 0 0 "Uqcrc2_noRT" "non-targeting_noRT"
"16120" "Gm14230" 0 NA NA NA NA 0 0 "Uqcrc2_noRT" "non-targeting_noRT"
"16121" "Sla2" 0 NA NA NA NA 0 0 "Uqcrc2_noRT" "non-targeting_noRT"
"16122" "Tldc2" 0 NA NA NA NA 0 0 "Uqcrc2_noRT" "non-targeting_noRT"
"16123" "Mroh8" 0 NA NA NA NA 0 0 "Uqcrc2_noRT" "non-targeting_noRT"
"16124" "Ghrh" 0 NA NA NA NA 0 0 "Uqcrc2_noRT" "non-targeting_noRT"
"16125" "Gm14286" 0 NA NA NA NA 0 0 "Uqcrc2_noRT" "non-targeting_noRT"
"16126" "Platr27" 0 NA NA NA NA 0 0 "Uqcrc2_noRT" "non-targeting_noRT"
"16127" "Vstm2l" 0 NA NA NA NA 0 0 "Uqcrc2_noRT" "non-targeting_noRT"
"16128" "2010009K17Rik" 0 NA NA NA NA 0 0 "Uqcrc2_noRT" "non-targeting_noRT"
"16129" "Gm20412" 0 NA NA NA NA 0 0 "Uqcrc2_noRT" "non-targeting_noRT"
"16130" "1700060C20Rik" 0 NA NA NA NA 0 0 "Uqcrc2_noRT" "non-targeting_noRT"
"16131" "Gm23925" 0 NA NA NA NA 0 0 "Uqcrc2_noRT" "non-targeting_noRT"
"16132" "Adig" 0 NA NA NA NA 0 0 "Uqcrc2_noRT" "non-targeting_noRT"
"16133" "Arhgap40" 0 NA NA NA NA 0 0 "Uqcrc2_noRT" "non-targeting_noRT"
"16134" "Gm14204" 0 NA NA NA NA 0 0 "Uqcrc2_noRT" "non-targeting_noRT"
"16135" "Slc32a1" 0 NA NA NA NA 0 0 "Uqcrc2_noRT" "non-targeting_noRT"
"16136" "Gm14205" 0 NA NA NA NA 0 0 "Uqcrc2_noRT" "non-targeting_noRT"
"16137" "Gm14223" 0 NA NA NA NA 0 0 "Uqcrc2_noRT" "non-targeting_noRT"
"16138" "4933416E03Rik" 0 NA NA NA NA 0 0 "Uqcrc2_noRT" "non-targeting_noRT"
"16139" "9130015L21Rik" 0 NA NA NA NA 0 0 "Uqcrc2_noRT" "non-targeting_noRT"
"16140" "Gm826" 0 NA NA NA NA 0 0 "Uqcrc2_noRT" "non-targeting_noRT"
"16141" "Mafb" 0 NA NA NA NA 0 0 "Uqcrc2_noRT" "non-targeting_noRT"
"16142" "Gm14221" 0 NA NA NA NA 0 0 "Uqcrc2_noRT" "non-targeting_noRT"
"16143" "Gm14222" 0 NA NA NA NA 0 0 "Uqcrc2_noRT" "non-targeting_noRT"
"16144" "Gm27206" 0 NA NA NA NA 0 0 "Uqcrc2_noRT" "non-targeting_noRT"
"16145" "Gm16751" 0 NA NA NA NA 0 0 "Uqcrc2_noRT" "non-targeting_noRT"
"16146" "Lpin3" 0 NA NA NA NA 0 0 "Uqcrc2_noRT" "non-targeting_noRT"
"16147" "Emilin3" 0 NA NA NA NA 0 0 "Uqcrc2_noRT" "non-targeting_noRT"
"16148" "Gm14228" 0 NA NA NA NA 0 0 "Uqcrc2_noRT" "non-targeting_noRT"
"16149" "Gm45447" 0 NA NA NA NA 0 0 "Uqcrc2_noRT" "non-targeting_noRT"
"16150" "Gm14243" 0 NA NA NA NA 0 0 "Uqcrc2_noRT" "non-targeting_noRT"
"16151" "Gm14242" 0 NA NA NA NA 0 0 "Uqcrc2_noRT" "non-targeting_noRT"
"16152" "Gm14241" 0 NA NA NA NA 0 0 "Uqcrc2_noRT" "non-targeting_noRT"
"16153" "Gm29229" 0 NA NA NA NA 0 0 "Uqcrc2_noRT" "non-targeting_noRT"
"16154" "Ptprt" 0 NA NA NA NA 0 0 "Uqcrc2_noRT" "non-targeting_noRT"
"16155" "Ptprtos" 0 NA NA NA NA 0 0 "Uqcrc2_noRT" "non-targeting_noRT"
"16156" "9430021M05Rik" 0 NA NA NA NA 0 0 "Uqcrc2_noRT" "non-targeting_noRT"
"16157" "Gm14246" 0 NA NA NA NA 0 0 "Uqcrc2_noRT" "non-targeting_noRT"
"16158" "Gm14255" 0 NA NA NA NA 0 0 "Uqcrc2_noRT" "non-targeting_noRT"
"16159" "L3mbtl1" 0 NA NA NA NA 0 0 "Uqcrc2_noRT" "non-targeting_noRT"
"16160" "Gtsf1l" 0 NA NA NA NA 0 0 "Uqcrc2_noRT" "non-targeting_noRT"
"16161" "Gm11454" 0 NA NA NA NA 0 0 "Uqcrc2_noRT" "non-targeting_noRT"
"16162" "Gm14254" 0 NA NA NA NA 0 0 "Uqcrc2_noRT" "non-targeting_noRT"
"16163" "Jph2" 0 NA NA NA NA 0 0 "Uqcrc2_noRT" "non-targeting_noRT"
"16164" "2310001K24Rik" 0 NA NA NA NA 0 0 "Uqcrc2_noRT" "non-targeting_noRT"
"16165" "R3hdml" 0 NA NA NA NA 0 0 "Uqcrc2_noRT" "non-targeting_noRT"
"16166" "Hnf4aos" 0 NA NA NA NA 0 0 "Uqcrc2_noRT" "non-targeting_noRT"
"16167" "Hnf4a" 0 NA NA NA NA 0 0 "Uqcrc2_noRT" "non-targeting_noRT"
"16168" "0610039K10Rik" 0 NA NA NA NA 0 0 "Uqcrc2_noRT" "non-targeting_noRT"
"16169" "Gm16316" 0 NA NA NA NA 0 0 "Uqcrc2_noRT" "non-targeting_noRT"
"16170" "Kcnk15" 0 NA NA NA NA 0 0 "Uqcrc2_noRT" "non-targeting_noRT"
"16171" "Rims4" 0 NA NA NA NA 0 0 "Uqcrc2_noRT" "non-targeting_noRT"
"16172" "Pabpc1l" 0 NA NA NA NA 0 0 "Uqcrc2_noRT" "non-targeting_noRT"
"16173" "Gm11455" 0 NA NA NA NA 0 0 "Uqcrc2_noRT" "non-targeting_noRT"
"16174" "Kcns1" 0 NA NA NA NA 0 0 "Uqcrc2_noRT" "non-targeting_noRT"
"16175" "Wfdc5" 0 NA NA NA NA 0 0 "Uqcrc2_noRT" "non-targeting_noRT"
"16176" "A730032A03Rik" 0 NA NA NA NA 0 0 "Uqcrc2_noRT" "non-targeting_noRT"
"16177" "Wfdc15a" 0 NA NA NA NA 0 0 "Uqcrc2_noRT" "non-targeting_noRT"
"16178" "Wfdc15b" 0 NA NA NA NA 0 0 "Uqcrc2_noRT" "non-targeting_noRT"
"16179" "Svs2" 0 NA NA NA NA 0 0 "Uqcrc2_noRT" "non-targeting_noRT"
"16180" "Svs3b" 0 NA NA NA NA 0 0 "Uqcrc2_noRT" "non-targeting_noRT"
"16181" "Svs4" 0 NA NA NA NA 0 0 "Uqcrc2_noRT" "non-targeting_noRT"
"16182" "Svs3a" 0 NA NA NA NA 0 0 "Uqcrc2_noRT" "non-targeting_noRT"
"16183" "Svs6" 0 NA NA NA NA 0 0 "Uqcrc2_noRT" "non-targeting_noRT"
"16184" "Svs5" 0 NA NA NA NA 0 0 "Uqcrc2_noRT" "non-targeting_noRT"
"16185" "Rbpjl" 0 NA NA NA NA 0 0 "Uqcrc2_noRT" "non-targeting_noRT"
"16186" "Gm14302" 0 NA NA NA NA 0 0 "Uqcrc2_noRT" "non-targeting_noRT"
"16187" "Trp53tg5" 0 NA NA NA NA 0 0 "Uqcrc2_noRT" "non-targeting_noRT"
"16188" "Gm14317" 0 NA NA NA NA 0 0 "Uqcrc2_noRT" "non-targeting_noRT"
"16189" "Spint3" 0 NA NA NA NA 0 0 "Uqcrc2_noRT" "non-targeting_noRT"
"16190" "Wfdc6a" 0 NA NA NA NA 0 0 "Uqcrc2_noRT" "non-targeting_noRT"
"16191" "Eppin" 0 NA NA NA NA 0 0 "Uqcrc2_noRT" "non-targeting_noRT"
"16192" "Wfdc8" 0 NA NA NA NA 0 0 "Uqcrc2_noRT" "non-targeting_noRT"
"16193" "Wfdc6b" 0 NA NA NA NA 0 0 "Uqcrc2_noRT" "non-targeting_noRT"
"16194" "Wfdc16" 0 NA NA NA NA 0 0 "Uqcrc2_noRT" "non-targeting_noRT"
"16195" "Wfdc9" 0 NA NA NA NA 0 0 "Uqcrc2_noRT" "non-targeting_noRT"
"16196" "Wfdc10" 0 NA NA NA NA 0 0 "Uqcrc2_noRT" "non-targeting_noRT"
"16197" "Wfdc11" 0 NA NA NA NA 0 0 "Uqcrc2_noRT" "non-targeting_noRT"
"16198" "Spint5" 0 NA NA NA NA 0 0 "Uqcrc2_noRT" "non-targeting_noRT"
"16199" "Gm11457" 0 NA NA NA NA 0 0 "Uqcrc2_noRT" "non-targeting_noRT"
"16200" "Tnnc2" 0 NA NA NA NA 0 0 "Uqcrc2_noRT" "non-targeting_noRT"
"16201" "Spata25" 0 NA NA NA NA 0 0 "Uqcrc2_noRT" "non-targeting_noRT"
"16202" "1700025C18Rik" 0 NA NA NA NA 0 0 "Uqcrc2_noRT" "non-targeting_noRT"
"16203" "Cdh22" 0 NA NA NA NA 0 0 "Uqcrc2_noRT" "non-targeting_noRT"
"16204" "Gm14397" 0 NA NA NA NA 0 0 "Uqcrc2_noRT" "non-targeting_noRT"
"16205" "Zfp663" 0 NA NA NA NA 0 0 "Uqcrc2_noRT" "non-targeting_noRT"
"16206" "Slc13a3" 0 NA NA NA NA 0 0 "Uqcrc2_noRT" "non-targeting_noRT"
"16207" "Gm14437" 0 NA NA NA NA 0 0 "Uqcrc2_noRT" "non-targeting_noRT"
"16208" "Eya2" 0 NA NA NA NA 0 0 "Uqcrc2_noRT" "non-targeting_noRT"
"16209" "Gm28163" 0 NA NA NA NA 0 0 "Uqcrc2_noRT" "non-targeting_noRT"
"16210" "BC046401" 0 NA NA NA NA 0 0 "Uqcrc2_noRT" "non-targeting_noRT"
"16211" "Gm11465" 0 NA NA NA NA 0 0 "Uqcrc2_noRT" "non-targeting_noRT"
"16212" "Platr29" 0 NA NA NA NA 0 0 "Uqcrc2_noRT" "non-targeting_noRT"
"16213" "Gm11464" 0 NA NA NA NA 0 0 "Uqcrc2_noRT" "non-targeting_noRT"
"16214" "Gm11466" 0 NA NA NA NA 0 0 "Uqcrc2_noRT" "non-targeting_noRT"
"16215" "Gm11467" 0 NA NA NA NA 0 0 "Uqcrc2_noRT" "non-targeting_noRT"
"16216" "Gm11468" 0 NA NA NA NA 0 0 "Uqcrc2_noRT" "non-targeting_noRT"
"16217" "Gm14268" 0 NA NA NA NA 0 0 "Uqcrc2_noRT" "non-targeting_noRT"
"16218" "Gm17096" 0 NA NA NA NA 0 0 "Uqcrc2_noRT" "non-targeting_noRT"
"16219" "1110018N20Rik" 0 NA NA NA NA 0 0 "Uqcrc2_noRT" "non-targeting_noRT"
"16220" "Gm14291" 0 NA NA NA NA 0 0 "Uqcrc2_noRT" "non-targeting_noRT"
"16221" "Gm11476" 0 NA NA NA NA 0 0 "Uqcrc2_noRT" "non-targeting_noRT"
"16222" "Gm14320" 0 NA NA NA NA 0 0 "Uqcrc2_noRT" "non-targeting_noRT"
"16223" "A530013C23Rik" 0 NA NA NA NA 0 0 "Uqcrc2_noRT" "non-targeting_noRT"
"16224" "Gm14321" 0 NA NA NA NA 0 0 "Uqcrc2_noRT" "non-targeting_noRT"
"16225" "9230111E07Rik" 0 NA NA NA NA 0 0 "Uqcrc2_noRT" "non-targeting_noRT"
"16226" "1200007C13Rik" 0 NA NA NA NA 0 0 "Uqcrc2_noRT" "non-targeting_noRT"
"16227" "Gm14319" 0 NA NA NA NA 0 0 "Uqcrc2_noRT" "non-targeting_noRT"
"16228" "Ripor3" 0 NA NA NA NA 0 0 "Uqcrc2_noRT" "non-targeting_noRT"
"16229" "Gm14236" 0 NA NA NA NA 0 0 "Uqcrc2_noRT" "non-targeting_noRT"
"16230" "Gm14235" 0 NA NA NA NA 0 0 "Uqcrc2_noRT" "non-targeting_noRT"
"16231" "E130018N17Rik" 0 NA NA NA NA 0 0 "Uqcrc2_noRT" "non-targeting_noRT"
"16232" "Kcng1" 0 NA NA NA NA 0 0 "Uqcrc2_noRT" "non-targeting_noRT"
"16233" "Gm14262" 0 NA NA NA NA 0 0 "Uqcrc2_noRT" "non-targeting_noRT"
"16234" "Sall4" 0 NA NA NA NA 0 0 "Uqcrc2_noRT" "non-targeting_noRT"
"16235" "Gm14261" 0 NA NA NA NA 0 0 "Uqcrc2_noRT" "non-targeting_noRT"
"16236" "1700017J07Rik" 0 NA NA NA NA 0 0 "Uqcrc2_noRT" "non-targeting_noRT"
"16237" "Gm14260" 0 NA NA NA NA 0 0 "Uqcrc2_noRT" "non-targeting_noRT"
"16238" "Gm14258" 0 NA NA NA NA 0 0 "Uqcrc2_noRT" "non-targeting_noRT"
"16239" "9430093N23Rik" 0 NA NA NA NA 0 0 "Uqcrc2_noRT" "non-targeting_noRT"
"16240" "Gm14250" 0 NA NA NA NA 0 0 "Uqcrc2_noRT" "non-targeting_noRT"
"16241" "4930529I22Rik" 0 NA NA NA NA 0 0 "Uqcrc2_noRT" "non-targeting_noRT"
"16242" "Gm14249" 0 NA NA NA NA 0 0 "Uqcrc2_noRT" "non-targeting_noRT"
"16243" "Gm11011" 0 NA NA NA NA 0 0 "Uqcrc2_noRT" "non-targeting_noRT"
"16244" "Bcas1os2" 0 NA NA NA NA 0 0 "Uqcrc2_noRT" "non-targeting_noRT"
"16245" "Bcas1os1" 0 NA NA NA NA 0 0 "Uqcrc2_noRT" "non-targeting_noRT"
"16246" "Cyp24a1" 0 NA NA NA NA 0 0 "Uqcrc2_noRT" "non-targeting_noRT"
"16247" "Gm16796" 0 NA NA NA NA 0 0 "Uqcrc2_noRT" "non-targeting_noRT"
"16248" "Gm14637" 0 NA NA NA NA 0 0 "Uqcrc2_noRT" "non-targeting_noRT"
"16249" "4930470P17Rik" 0 NA NA NA NA 0 0 "Uqcrc2_noRT" "non-targeting_noRT"
"16250" "Gm14264" 0 NA NA NA NA 0 0 "Uqcrc2_noRT" "non-targeting_noRT"
"16251" "Dok5" 0 NA NA NA NA 0 0 "Uqcrc2_noRT" "non-targeting_noRT"
"16252" "Gm14266" 0 NA NA NA NA 0 0 "Uqcrc2_noRT" "non-targeting_noRT"
"16253" "Gm14640" 0 NA NA NA NA 0 0 "Uqcrc2_noRT" "non-targeting_noRT"
"16254" "1700007M16Rik" 0 NA NA NA NA 0 0 "Uqcrc2_noRT" "non-targeting_noRT"
"16255" "1700028P15Rik" 0 NA NA NA NA 0 0 "Uqcrc2_noRT" "non-targeting_noRT"
"16256" "Gm14272" 0 NA NA NA NA 0 0 "Uqcrc2_noRT" "non-targeting_noRT"
"16257" "Gm14641" 0 NA NA NA NA 0 0 "Uqcrc2_noRT" "non-targeting_noRT"
"16258" "Cbln4" 0 NA NA NA NA 0 0 "Uqcrc2_noRT" "non-targeting_noRT"
"16259" "Gm14271" 0 NA NA NA NA 0 0 "Uqcrc2_noRT" "non-targeting_noRT"
"16260" "Mc3r" 0 NA NA NA NA 0 0 "Uqcrc2_noRT" "non-targeting_noRT"
"16261" "Gm14275" 0 NA NA NA NA 0 0 "Uqcrc2_noRT" "non-targeting_noRT"
"16262" "Gm14455" 0 NA NA NA NA 0 0 "Uqcrc2_noRT" "non-targeting_noRT"
"16263" "Gcnt7" 0 NA NA NA NA 0 0 "Uqcrc2_noRT" "non-targeting_noRT"
"16264" "Fam209" 0 NA NA NA NA 0 0 "Uqcrc2_noRT" "non-targeting_noRT"
"16265" "Tfap2c" 0 NA NA NA NA 0 0 "Uqcrc2_noRT" "non-targeting_noRT"
"16266" "Bmp7" 0 NA NA NA NA 0 0 "Uqcrc2_noRT" "non-targeting_noRT"
"16267" "Spo11" 0 NA NA NA NA 0 0 "Uqcrc2_noRT" "non-targeting_noRT"
"16268" "Gm20490" 0 NA NA NA NA 0 0 "Uqcrc2_noRT" "non-targeting_noRT"
"16269" "Gm14453" 0 NA NA NA NA 0 0 "Uqcrc2_noRT" "non-targeting_noRT"
"16270" "Ctcfl" 0 NA NA NA NA 0 0 "Uqcrc2_noRT" "non-targeting_noRT"
"16271" "Ctcflos" 0 NA NA NA NA 0 0 "Uqcrc2_noRT" "non-targeting_noRT"
"16272" "Pck1" 0 NA NA NA NA 0 0 "Uqcrc2_noRT" "non-targeting_noRT"
"16273" "Pmepa1os" 0 NA NA NA NA 0 0 "Uqcrc2_noRT" "non-targeting_noRT"
"16274" "Gm14642" 0 NA NA NA NA 0 0 "Uqcrc2_noRT" "non-targeting_noRT"
"16275" "1700021F07Rik" 0 NA NA NA NA 0 0 "Uqcrc2_noRT" "non-targeting_noRT"
"16276" "Ankrd60" 0 NA NA NA NA 0 0 "Uqcrc2_noRT" "non-targeting_noRT"
"16277" "Gm10714" 0 NA NA NA NA 0 0 "Uqcrc2_noRT" "non-targeting_noRT"
"16278" "Tubb1" 0 NA NA NA NA 0 0 "Uqcrc2_noRT" "non-targeting_noRT"
"16279" "Zfp831" 0 NA NA NA NA 0 0 "Uqcrc2_noRT" "non-targeting_noRT"
"16280" "Edn3" 0 NA NA NA NA 0 0 "Uqcrc2_noRT" "non-targeting_noRT"
"16281" "Gm14617" 0 NA NA NA NA 0 0 "Uqcrc2_noRT" "non-targeting_noRT"
"16282" "Gm14618" 0 NA NA NA NA 0 0 "Uqcrc2_noRT" "non-targeting_noRT"
"16283" "Gm14616" 0 NA NA NA NA 0 0 "Uqcrc2_noRT" "non-targeting_noRT"
"16284" "Gm14440" 0 NA NA NA NA 0 0 "Uqcrc2_noRT" "non-targeting_noRT"
"16285" "Zfp968" 0 NA NA NA NA 0 0 "Uqcrc2_noRT" "non-targeting_noRT"
"16286" "Zfp965" 0 NA NA NA NA 0 0 "Uqcrc2_noRT" "non-targeting_noRT"
"16287" "Gm11007" 0 NA NA NA NA 0 0 "Uqcrc2_noRT" "non-targeting_noRT"
"16288" "Zfp969" 0 NA NA NA NA 0 0 "Uqcrc2_noRT" "non-targeting_noRT"
"16289" "Gm2007" 0 NA NA NA NA 0 0 "Uqcrc2_noRT" "non-targeting_noRT"
"16290" "Gm14288" 0 NA NA NA NA 0 0 "Uqcrc2_noRT" "non-targeting_noRT"
"16291" "Zfp966" 0 NA NA NA NA 0 0 "Uqcrc2_noRT" "non-targeting_noRT"
"16292" "Gm2026" 0 NA NA NA NA 0 0 "Uqcrc2_noRT" "non-targeting_noRT"
"16293" "Gm11008" 0 NA NA NA NA 0 0 "Uqcrc2_noRT" "non-targeting_noRT"
"16294" "Gm2004" 0 NA NA NA NA 0 0 "Uqcrc2_noRT" "non-targeting_noRT"
"16295" "2210418O10Rik" 0 NA NA NA NA 0 0 "Uqcrc2_noRT" "non-targeting_noRT"
"16296" "Gm11009" 0 NA NA NA NA 0 0 "Uqcrc2_noRT" "non-targeting_noRT"
"16297" "Gm14435" 0 NA NA NA NA 0 0 "Uqcrc2_noRT" "non-targeting_noRT"
"16298" "Gm14434" 0 NA NA NA NA 0 0 "Uqcrc2_noRT" "non-targeting_noRT"
"16299" "Zfp967" 0 NA NA NA NA 0 0 "Uqcrc2_noRT" "non-targeting_noRT"
"16300" "Gm14408" 0 NA NA NA NA 0 0 "Uqcrc2_noRT" "non-targeting_noRT"
"16301" "Gm14410" 0 NA NA NA NA 0 0 "Uqcrc2_noRT" "non-targeting_noRT"
"16302" "Gm14412" 0 NA NA NA NA 0 0 "Uqcrc2_noRT" "non-targeting_noRT"
"16303" "Phactr3" 0 NA NA NA NA 0 0 "Uqcrc2_noRT" "non-targeting_noRT"
"16304" "Sycp2" 0 NA NA NA NA 0 0 "Uqcrc2_noRT" "non-targeting_noRT"
"16305" "Ppp1r3d" 0 NA NA NA NA 0 0 "Uqcrc2_noRT" "non-targeting_noRT"
"16306" "Fam217b" 0 NA NA NA NA 0 0 "Uqcrc2_noRT" "non-targeting_noRT"
"16307" "4930591A17Rik" 0 NA NA NA NA 0 0 "Uqcrc2_noRT" "non-targeting_noRT"
"16308" "Cdh4" 0 NA NA NA NA 0 0 "Uqcrc2_noRT" "non-targeting_noRT"
"16309" "Hrh3" 0 NA NA NA NA 0 0 "Uqcrc2_noRT" "non-targeting_noRT"
"16310" "Gm17180" 0 NA NA NA NA 0 0 "Uqcrc2_noRT" "non-targeting_noRT"
"16311" "Lama5" 0 NA NA NA NA 0 0 "Uqcrc2_noRT" "non-targeting_noRT"
"16312" "Rbbp8nl" 0 NA NA NA NA 0 0 "Uqcrc2_noRT" "non-targeting_noRT"
"16313" "Gata5" 0 NA NA NA NA 0 0 "Uqcrc2_noRT" "non-targeting_noRT"
"16314" "Gata5os" 0 NA NA NA NA 0 0 "Uqcrc2_noRT" "non-targeting_noRT"
"16315" "Slco4a1" 0 NA NA NA NA 0 0 "Uqcrc2_noRT" "non-targeting_noRT"
"16316" "Ntsr1" 0 NA NA NA NA 0 0 "Uqcrc2_noRT" "non-targeting_noRT"
"16317" "Tcfl5" 0 NA NA NA NA 0 0 "Uqcrc2_noRT" "non-targeting_noRT"
"16318" "Gm14343" 0 NA NA NA NA 0 0 "Uqcrc2_noRT" "non-targeting_noRT"
"16319" "Bhlhe23" 0 NA NA NA NA 0 0 "Uqcrc2_noRT" "non-targeting_noRT"
"16320" "Gm14340" 0 NA NA NA NA 0 0 "Uqcrc2_noRT" "non-targeting_noRT"
"16321" "Gm14342" 0 NA NA NA NA 0 0 "Uqcrc2_noRT" "non-targeting_noRT"
"16322" "Gm14344" 0 NA NA NA NA 0 0 "Uqcrc2_noRT" "non-targeting_noRT"
"16323" "Gm14339" 0 NA NA NA NA 0 0 "Uqcrc2_noRT" "non-targeting_noRT"
"16324" "Gm27032" 0 NA NA NA NA 0 0 "Uqcrc2_noRT" "non-targeting_noRT"
"16325" "Birc7" 0 NA NA NA NA 0 0 "Uqcrc2_noRT" "non-targeting_noRT"
"16326" "Chrna4" 0 NA NA NA NA 0 0 "Uqcrc2_noRT" "non-targeting_noRT"
"16327" "Kcnq2" 0 NA NA NA NA 0 0 "Uqcrc2_noRT" "non-targeting_noRT"
"16328" "Eef1a2" 0 NA NA NA NA 0 0 "Uqcrc2_noRT" "non-targeting_noRT"
"16329" "Srms" 0 NA NA NA NA 0 0 "Uqcrc2_noRT" "non-targeting_noRT"
"16330" "Fndc11" 0 NA NA NA NA 0 0 "Uqcrc2_noRT" "non-targeting_noRT"
"16331" "Stmn3" 0 NA NA NA NA 0 0 "Uqcrc2_noRT" "non-targeting_noRT"
"16332" "Lime1" 0 NA NA NA NA 0 0 "Uqcrc2_noRT" "non-targeting_noRT"
"16333" "Abhd16b" 0 NA NA NA NA 0 0 "Uqcrc2_noRT" "non-targeting_noRT"
"16334" "Gm29797" 0 NA NA NA NA 0 0 "Uqcrc2_noRT" "non-targeting_noRT"
"16335" "Sox18" 0 NA NA NA NA 0 0 "Uqcrc2_noRT" "non-targeting_noRT"
"16336" "Lkaaear1" 0 NA NA NA NA 0 0 "Uqcrc2_noRT" "non-targeting_noRT"
"16337" "Gm14496" 0 NA NA NA NA 0 0 "Uqcrc2_noRT" "non-targeting_noRT"
"16338" "Hnf4g" 0 NA NA NA NA 0 0 "Uqcrc2_noRT" "non-targeting_noRT"
"16339" "1110015O18Rik" 0 NA NA NA NA 0 0 "Uqcrc2_noRT" "non-targeting_noRT"
"16340" "Gm17308" 0 NA NA NA NA 0 0 "Uqcrc2_noRT" "non-targeting_noRT"
"16341" "4930555M17Rik" 0 NA NA NA NA 0 0 "Uqcrc2_noRT" "non-targeting_noRT"
"16342" "Gm37350" 0 NA NA NA NA 0 0 "Uqcrc2_noRT" "non-targeting_noRT"
"16343" "1700008P02Rik" 0 NA NA NA NA 0 0 "Uqcrc2_noRT" "non-targeting_noRT"
"16344" "1700010I02Rik" 0 NA NA NA NA 0 0 "Uqcrc2_noRT" "non-targeting_noRT"
"16345" "Stmn2" 0 NA NA NA NA 0 0 "Uqcrc2_noRT" "non-targeting_noRT"
"16346" "Gm32496" 0 NA NA NA NA 0 0 "Uqcrc2_noRT" "non-targeting_noRT"
"16347" "C230057A21Rik" 0 NA NA NA NA 0 0 "Uqcrc2_noRT" "non-targeting_noRT"
"16348" "4930539M17Rik" 0 NA NA NA NA 0 0 "Uqcrc2_noRT" "non-targeting_noRT"
"16349" "C030034L19Rik" 0 NA NA NA NA 0 0 "Uqcrc2_noRT" "non-targeting_noRT"
"16350" "Gm16337" 0 NA NA NA NA 0 0 "Uqcrc2_noRT" "non-targeting_noRT"
"16351" "Gm38335" 0 NA NA NA NA 0 0 "Uqcrc2_noRT" "non-targeting_noRT"
"16352" "Pmp2" 0 NA NA NA NA 0 0 "Uqcrc2_noRT" "non-targeting_noRT"
"16353" "Fabp9" 0 NA NA NA NA 0 0 "Uqcrc2_noRT" "non-targeting_noRT"
"16354" "Fabp4" 0 NA NA NA NA 0 0 "Uqcrc2_noRT" "non-targeting_noRT"
"16355" "Fabp12" 0 NA NA NA NA 0 0 "Uqcrc2_noRT" "non-targeting_noRT"
"16356" "Slc10a5" 0 NA NA NA NA 0 0 "Uqcrc2_noRT" "non-targeting_noRT"
"16357" "Gm10745" 0 NA NA NA NA 0 0 "Uqcrc2_noRT" "non-targeting_noRT"
"16358" "Gm2464" 0 NA NA NA NA 0 0 "Uqcrc2_noRT" "non-targeting_noRT"
"16359" "Ralyl" 0 NA NA NA NA 0 0 "Uqcrc2_noRT" "non-targeting_noRT"
"16360" "Slc7a12" 0 NA NA NA NA 0 0 "Uqcrc2_noRT" "non-targeting_noRT"
"16361" "Car1" 0 NA NA NA NA 0 0 "Uqcrc2_noRT" "non-targeting_noRT"
"16362" "Car2" 0 NA NA NA NA 0 0 "Uqcrc2_noRT" "non-targeting_noRT"
"16363" "A930001A20Rik" 0 NA NA NA NA 0 0 "Uqcrc2_noRT" "non-targeting_noRT"
"16364" "Gm33819" 0 NA NA NA NA 0 0 "Uqcrc2_noRT" "non-targeting_noRT"
"16365" "Gm9733" 0 NA NA NA NA 0 0 "Uqcrc2_noRT" "non-targeting_noRT"
"16366" "Sirpb1a" 0 NA NA NA NA 0 0 "Uqcrc2_noRT" "non-targeting_noRT"
"16367" "Sirpb1b" 0 NA NA NA NA 0 0 "Uqcrc2_noRT" "non-targeting_noRT"
"16368" "Gm37468" 0 NA NA NA NA 0 0 "Uqcrc2_noRT" "non-targeting_noRT"
"16369" "Sirpb1c" 0 NA NA NA NA 0 0 "Uqcrc2_noRT" "non-targeting_noRT"
"16370" "Gm5150" 0 NA NA NA NA 0 0 "Uqcrc2_noRT" "non-targeting_noRT"
"16371" "Gm30340" 0 NA NA NA NA 0 0 "Uqcrc2_noRT" "non-targeting_noRT"
"16372" "Mir124-2hg" 0 NA NA NA NA 0 0 "Uqcrc2_noRT" "non-targeting_noRT"
"16373" "Cypt12" 0 NA NA NA NA 0 0 "Uqcrc2_noRT" "non-targeting_noRT"
"16374" "Gm30667" 0 NA NA NA NA 0 0 "Uqcrc2_noRT" "non-targeting_noRT"
"16375" "4930433B08Rik" 0 NA NA NA NA 0 0 "Uqcrc2_noRT" "non-targeting_noRT"
"16376" "Gm16093" 0 NA NA NA NA 0 0 "Uqcrc2_noRT" "non-targeting_noRT"
"16377" "Dnajc5b" 0 NA NA NA NA 0 0 "Uqcrc2_noRT" "non-targeting_noRT"
"16378" "1700064H15Rik" 0 NA NA NA NA 0 0 "Uqcrc2_noRT" "non-targeting_noRT"
"16379" "Trim55" 0 NA NA NA NA 0 0 "Uqcrc2_noRT" "non-targeting_noRT"
"16380" "BC002189" 0 NA NA NA NA 0 0 "Uqcrc2_noRT" "non-targeting_noRT"
"16381" "Crh" 0 NA NA NA NA 0 0 "Uqcrc2_noRT" "non-targeting_noRT"
"16382" "Cpa3" 0 NA NA NA NA 0 0 "Uqcrc2_noRT" "non-targeting_noRT"
"16383" "Cpb1" 0 NA NA NA NA 0 0 "Uqcrc2_noRT" "non-targeting_noRT"
"16384" "Gm43525" 0 NA NA NA NA 0 0 "Uqcrc2_noRT" "non-targeting_noRT"
"16385" "Agtr1b" 0 NA NA NA NA 0 0 "Uqcrc2_noRT" "non-targeting_noRT"
"16386" "Gm31466" 0 NA NA NA NA 0 0 "Uqcrc2_noRT" "non-targeting_noRT"
"16387" "Gm29137" 0 NA NA NA NA 0 0 "Uqcrc2_noRT" "non-targeting_noRT"
"16388" "Gm31693" 0 NA NA NA NA 0 0 "Uqcrc2_noRT" "non-targeting_noRT"
"16389" "Gm43674" 0 NA NA NA NA 0 0 "Uqcrc2_noRT" "non-targeting_noRT"
"16390" "Gm38324" 0 NA NA NA NA 0 0 "Uqcrc2_noRT" "non-targeting_noRT"
"16391" "Gm37021" 0 NA NA NA NA 0 0 "Uqcrc2_noRT" "non-targeting_noRT"
"16392" "4930412E21Rik" 0 NA NA NA NA 0 0 "Uqcrc2_noRT" "non-targeting_noRT"
"16393" "Naaladl2" 0 NA NA NA NA 0 0 "Uqcrc2_noRT" "non-targeting_noRT"
"16394" "Nlgn1" 0 NA NA NA NA 0 0 "Uqcrc2_noRT" "non-targeting_noRT"
"16395" "Gm37573" 0 NA NA NA NA 0 0 "Uqcrc2_noRT" "non-targeting_noRT"
"16396" "A830092H15Rik" 0 NA NA NA NA 0 0 "Uqcrc2_noRT" "non-targeting_noRT"
"16397" "Spata16" 0 NA NA NA NA 0 0 "Uqcrc2_noRT" "non-targeting_noRT"
"16398" "Ghsr" 0 NA NA NA NA 0 0 "Uqcrc2_noRT" "non-targeting_noRT"
"16399" "Tmem212" 0 NA NA NA NA 0 0 "Uqcrc2_noRT" "non-targeting_noRT"
"16400" "Gm42196" 0 NA NA NA NA 0 0 "Uqcrc2_noRT" "non-targeting_noRT"
"16401" "Slc2a2" 0 NA NA NA NA 0 0 "Uqcrc2_noRT" "non-targeting_noRT"
"16402" "Gm33051" 0 NA NA NA NA 0 0 "Uqcrc2_noRT" "non-targeting_noRT"
"16403" "Gm37867" 0 NA NA NA NA 0 0 "Uqcrc2_noRT" "non-targeting_noRT"
"16404" "Gm1527" 0 NA NA NA NA 0 0 "Uqcrc2_noRT" "non-targeting_noRT"
"16405" "Egfem1" 0 NA NA NA NA 0 0 "Uqcrc2_noRT" "non-targeting_noRT"
"16406" "Gm33206" 0 NA NA NA NA 0 0 "Uqcrc2_noRT" "non-targeting_noRT"
"16407" "Mannr" 0 NA NA NA NA 0 0 "Uqcrc2_noRT" "non-targeting_noRT"
"16408" "Mecom" 0 NA NA NA NA 0 0 "Uqcrc2_noRT" "non-targeting_noRT"
"16409" "Mecomos" 0 NA NA NA NA 0 0 "Uqcrc2_noRT" "non-targeting_noRT"
"16410" "Gm38258" 0 NA NA NA NA 0 0 "Uqcrc2_noRT" "non-targeting_noRT"
"16411" "Actrt3" 0 NA NA NA NA 0 0 "Uqcrc2_noRT" "non-targeting_noRT"
"16412" "Lrrc34" 0 NA NA NA NA 0 0 "Uqcrc2_noRT" "non-targeting_noRT"
"16413" "Lrriq4" 0 NA NA NA NA 0 0 "Uqcrc2_noRT" "non-targeting_noRT"
"16414" "Lrrc31" 0 NA NA NA NA 0 0 "Uqcrc2_noRT" "non-targeting_noRT"
"16415" "Gm15462" 0 NA NA NA NA 0 0 "Uqcrc2_noRT" "non-targeting_noRT"
"16416" "Samd7" 0 NA NA NA NA 0 0 "Uqcrc2_noRT" "non-targeting_noRT"
"16417" "Gpr160" 0 NA NA NA NA 0 0 "Uqcrc2_noRT" "non-targeting_noRT"
"16418" "Gm15496" 0 NA NA NA NA 0 0 "Uqcrc2_noRT" "non-targeting_noRT"
"16419" "Gm38025" 0 NA NA NA NA 0 0 "Uqcrc2_noRT" "non-targeting_noRT"
"16420" "Kcnmb2" 0 NA NA NA NA 0 0 "Uqcrc2_noRT" "non-targeting_noRT"
"16421" "Kcnmb3" 0 NA NA NA NA 0 0 "Uqcrc2_noRT" "non-targeting_noRT"
"16422" "Gm37592" 0 NA NA NA NA 0 0 "Uqcrc2_noRT" "non-targeting_noRT"
"16423" "Gm37640" 0 NA NA NA NA 0 0 "Uqcrc2_noRT" "non-targeting_noRT"
"16424" "Usp13" 0 NA NA NA NA 0 0 "Uqcrc2_noRT" "non-targeting_noRT"
"16425" "Gm37459" 0 NA NA NA NA 0 0 "Uqcrc2_noRT" "non-targeting_noRT"
"16426" "Pex5l" 0 NA NA NA NA 0 0 "Uqcrc2_noRT" "non-targeting_noRT"
"16427" "4930419G24Rik" 0 NA NA NA NA 0 0 "Uqcrc2_noRT" "non-targeting_noRT"
"16428" "Gm43666" 0 NA NA NA NA 0 0 "Uqcrc2_noRT" "non-targeting_noRT"
"16429" "Gm43140" 0 NA NA NA NA 0 0 "Uqcrc2_noRT" "non-targeting_noRT"
"16430" "4930431L21Rik" 0 NA NA NA NA 0 0 "Uqcrc2_noRT" "non-targeting_noRT"
"16431" "Gm38505" 0 NA NA NA NA 0 0 "Uqcrc2_noRT" "non-targeting_noRT"
"16432" "Gm34599" 0 NA NA NA NA 0 0 "Uqcrc2_noRT" "non-targeting_noRT"
"16433" "Gm29135" 0 NA NA NA NA 0 0 "Uqcrc2_noRT" "non-targeting_noRT"
"16434" "Gm42205" 0 NA NA NA NA 0 0 "Uqcrc2_noRT" "non-targeting_noRT"
"16435" "Gm3143" 0 NA NA NA NA 0 0 "Uqcrc2_noRT" "non-targeting_noRT"
"16436" "Gm38509" 0 NA NA NA NA 0 0 "Uqcrc2_noRT" "non-targeting_noRT"
"16437" "Gm21388" 0 NA NA NA NA 0 0 "Uqcrc2_noRT" "non-targeting_noRT"
"16438" "1700017M07Rik" 0 NA NA NA NA 0 0 "Uqcrc2_noRT" "non-targeting_noRT"
"16439" "Gm6639" 0 NA NA NA NA 0 0 "Uqcrc2_noRT" "non-targeting_noRT"
"16440" "Mccc1os" 0 NA NA NA NA 0 0 "Uqcrc2_noRT" "non-targeting_noRT"
"16441" "Ccdc144b" 0 NA NA NA NA 0 0 "Uqcrc2_noRT" "non-targeting_noRT"
"16442" "Gm43079" 0 NA NA NA NA 0 0 "Uqcrc2_noRT" "non-targeting_noRT"
"16443" "Qrfpr" 0 NA NA NA NA 0 0 "Uqcrc2_noRT" "non-targeting_noRT"
"16444" "Gm43255" 0 NA NA NA NA 0 0 "Uqcrc2_noRT" "non-targeting_noRT"
"16445" "Gm42208" 0 NA NA NA NA 0 0 "Uqcrc2_noRT" "non-targeting_noRT"
"16446" "Gm11548" 0 NA NA NA NA 0 0 "Uqcrc2_noRT" "non-targeting_noRT"
"16447" "Gm11549" 0 NA NA NA NA 0 0 "Uqcrc2_noRT" "non-targeting_noRT"
"16448" "Trpc3" 0 NA NA NA NA 0 0 "Uqcrc2_noRT" "non-targeting_noRT"
"16449" "Gm12531" 0 NA NA NA NA 0 0 "Uqcrc2_noRT" "non-targeting_noRT"
"16450" "Adad1" 0 NA NA NA NA 0 0 "Uqcrc2_noRT" "non-targeting_noRT"
"16451" "Gm12532" 0 NA NA NA NA 0 0 "Uqcrc2_noRT" "non-targeting_noRT"
"16452" "Il21" 0 NA NA NA NA 0 0 "Uqcrc2_noRT" "non-targeting_noRT"
"16453" "Gm12534" 0 NA NA NA NA 0 0 "Uqcrc2_noRT" "non-targeting_noRT"
"16454" "Fgf2os" 0 NA NA NA NA 0 0 "Uqcrc2_noRT" "non-targeting_noRT"
"16455" "Fgf2" 0 NA NA NA NA 0 0 "Uqcrc2_noRT" "non-targeting_noRT"
"16456" "4930594O21Rik" 0 NA NA NA NA 0 0 "Uqcrc2_noRT" "non-targeting_noRT"
"16457" "Gm42921" 0 NA NA NA NA 0 0 "Uqcrc2_noRT" "non-targeting_noRT"
"16458" "Gm20755" 0 NA NA NA NA 0 0 "Uqcrc2_noRT" "non-targeting_noRT"
"16459" "Gm43821" 0 NA NA NA NA 0 0 "Uqcrc2_noRT" "non-targeting_noRT"
"16460" "5430434I15Rik" 0 NA NA NA NA 0 0 "Uqcrc2_noRT" "non-targeting_noRT"
"16461" "Gm42920" 0 NA NA NA NA 0 0 "Uqcrc2_noRT" "non-targeting_noRT"
"16462" "Gm36823" 0 NA NA NA NA 0 0 "Uqcrc2_noRT" "non-targeting_noRT"
"16463" "Gm43538" 0 NA NA NA NA 0 0 "Uqcrc2_noRT" "non-targeting_noRT"
"16464" "C230034O21Rik" 0 NA NA NA NA 0 0 "Uqcrc2_noRT" "non-targeting_noRT"
"16465" "Fat4" 0 NA NA NA NA 0 0 "Uqcrc2_noRT" "non-targeting_noRT"
"16466" "Gm43539" 0 NA NA NA NA 0 0 "Uqcrc2_noRT" "non-targeting_noRT"
"16467" "1700017G19Rik" 0 NA NA NA NA 0 0 "Uqcrc2_noRT" "non-targeting_noRT"
"16468" "Slc25a31" 0 NA NA NA NA 0 0 "Uqcrc2_noRT" "non-targeting_noRT"
"16469" "1700034I23Rik" 0 NA NA NA NA 0 0 "Uqcrc2_noRT" "non-targeting_noRT"
"16470" "Gm40038" 0 NA NA NA NA 0 0 "Uqcrc2_noRT" "non-targeting_noRT"
"16471" "Gm16508" 0 NA NA NA NA 0 0 "Uqcrc2_noRT" "non-targeting_noRT"
"16472" "1700052H01Rik" 0 NA NA NA NA 0 0 "Uqcrc2_noRT" "non-targeting_noRT"
"16473" "2400006E01Rik" 0 NA NA NA NA 0 0 "Uqcrc2_noRT" "non-targeting_noRT"
"16474" "Gm31266" 0 NA NA NA NA 0 0 "Uqcrc2_noRT" "non-targeting_noRT"
"16475" "1700027H10Rik" 0 NA NA NA NA 0 0 "Uqcrc2_noRT" "non-targeting_noRT"
"16476" "1700018B24Rik" 0 NA NA NA NA 0 0 "Uqcrc2_noRT" "non-targeting_noRT"
"16477" "Gm37190" 0 NA NA NA NA 0 0 "Uqcrc2_noRT" "non-targeting_noRT"
"16478" "Gm31415" 0 NA NA NA NA 0 0 "Uqcrc2_noRT" "non-targeting_noRT"
"16479" "Gm20557" 0 NA NA NA NA 0 0 "Uqcrc2_noRT" "non-targeting_noRT"
"16480" "Gm37854" 0 NA NA NA NA 0 0 "Uqcrc2_noRT" "non-targeting_noRT"
"16481" "Gm6209" 0 NA NA NA NA 0 0 "Uqcrc2_noRT" "non-targeting_noRT"
"16482" "Gm29230" 0 NA NA NA NA 0 0 "Uqcrc2_noRT" "non-targeting_noRT"
"16483" "Gm5103" 0 NA NA NA NA 0 0 "Uqcrc2_noRT" "non-targeting_noRT"
"16484" "Gm37229" 0 NA NA NA NA 0 0 "Uqcrc2_noRT" "non-targeting_noRT"
"16485" "Gm20089" 0 NA NA NA NA 0 0 "Uqcrc2_noRT" "non-targeting_noRT"
"16486" "Gm37202" 0 NA NA NA NA 0 0 "Uqcrc2_noRT" "non-targeting_noRT"
"16487" "Gm38132" 0 NA NA NA NA 0 0 "Uqcrc2_noRT" "non-targeting_noRT"
"16488" "Gm20402" 0 NA NA NA NA 0 0 "Uqcrc2_noRT" "non-targeting_noRT"
"16489" "Gm2447" 0 NA NA NA NA 0 0 "Uqcrc2_noRT" "non-targeting_noRT"
"16490" "Gm30292" 0 NA NA NA NA 0 0 "Uqcrc2_noRT" "non-targeting_noRT"
"16491" "Gm20750" 0 NA NA NA NA 0 0 "Uqcrc2_noRT" "non-targeting_noRT"
"16492" "Gm42901" 0 NA NA NA NA 0 0 "Uqcrc2_noRT" "non-targeting_noRT"
"16493" "Gm43803" 0 NA NA NA NA 0 0 "Uqcrc2_noRT" "non-targeting_noRT"
"16494" "Gm16206" 0 NA NA NA NA 0 0 "Uqcrc2_noRT" "non-targeting_noRT"
"16495" "Stoml3" 0 NA NA NA NA 0 0 "Uqcrc2_noRT" "non-targeting_noRT"
"16496" "Gm30735" 0 NA NA NA NA 0 0 "Uqcrc2_noRT" "non-targeting_noRT"
"16497" "C820005J03Rik" 0 NA NA NA NA 0 0 "Uqcrc2_noRT" "non-targeting_noRT"
"16498" "Gm10985" 0 NA NA NA NA 0 0 "Uqcrc2_noRT" "non-targeting_noRT"
"16499" "Gm31026" 0 NA NA NA NA 0 0 "Uqcrc2_noRT" "non-targeting_noRT"
"16500" "Trpc4" 0 NA NA NA NA 0 0 "Uqcrc2_noRT" "non-targeting_noRT"
"16501" "Postn" 0 NA NA NA NA 0 0 "Uqcrc2_noRT" "non-targeting_noRT"
"16502" "Gm21958" 0 NA NA NA NA 0 0 "Uqcrc2_noRT" "non-targeting_noRT"
"16503" "Smad9" 0 NA NA NA NA 0 0 "Uqcrc2_noRT" "non-targeting_noRT"
"16504" "4931419H13Rik" 0 NA NA NA NA 0 0 "Uqcrc2_noRT" "non-targeting_noRT"
"16505" "Sohlh2" 0 NA NA NA NA 0 0 "Uqcrc2_noRT" "non-targeting_noRT"
"16506" "Gm42609" 0 NA NA NA NA 0 0 "Uqcrc2_noRT" "non-targeting_noRT"
"16507" "Gm21954" 0 NA NA NA NA 0 0 "Uqcrc2_noRT" "non-targeting_noRT"
"16508" "Mab21l1" 0 NA NA NA NA 0 0 "Uqcrc2_noRT" "non-targeting_noRT"
"16509" "Gm43376" 0 NA NA NA NA 0 0 "Uqcrc2_noRT" "non-targeting_noRT"
"16510" "Tm4sf4" 0 NA NA NA NA 0 0 "Uqcrc2_noRT" "non-targeting_noRT"
"16511" "Gm26671" 0 NA NA NA NA 0 0 "Uqcrc2_noRT" "non-targeting_noRT"
"16512" "Ankub1" 0 NA NA NA NA 0 0 "Uqcrc2_noRT" "non-targeting_noRT"
"16513" "Gm40055" 0 NA NA NA NA 0 0 "Uqcrc2_noRT" "non-targeting_noRT"
"16514" "4921539H07Rik" 0 NA NA NA NA 0 0 "Uqcrc2_noRT" "non-targeting_noRT"
"16515" "1700007F19Rik" 0 NA NA NA NA 0 0 "Uqcrc2_noRT" "non-targeting_noRT"
"16516" "Erich6" 0 NA NA NA NA 0 0 "Uqcrc2_noRT" "non-targeting_noRT"
"16517" "4930593A02Rik" 0 NA NA NA NA 0 0 "Uqcrc2_noRT" "non-targeting_noRT"
"16518" "Mindy4b-ps" 0 NA NA NA NA 0 0 "Uqcrc2_noRT" "non-targeting_noRT"
"16519" "Clrn1" 0 NA NA NA NA 0 0 "Uqcrc2_noRT" "non-targeting_noRT"
"16520" "Gm43570" 0 NA NA NA NA 0 0 "Uqcrc2_noRT" "non-targeting_noRT"
"16521" "Med12l" 0 NA NA NA NA 0 0 "Uqcrc2_noRT" "non-targeting_noRT"
"16522" "Gpr171" 0 NA NA NA NA 0 0 "Uqcrc2_noRT" "non-targeting_noRT"
"16523" "P2ry14" 0 NA NA NA NA 0 0 "Uqcrc2_noRT" "non-targeting_noRT"
"16524" "Gpr87" 0 NA NA NA NA 0 0 "Uqcrc2_noRT" "non-targeting_noRT"
"16525" "P2ry13" 0 NA NA NA NA 0 0 "Uqcrc2_noRT" "non-targeting_noRT"
"16526" "Igsf10" 0 NA NA NA NA 0 0 "Uqcrc2_noRT" "non-targeting_noRT"
"16527" "Gm38186" 0 NA NA NA NA 0 0 "Uqcrc2_noRT" "non-targeting_noRT"
"16528" "Gm5538" 0 NA NA NA NA 0 0 "Uqcrc2_noRT" "non-targeting_noRT"
"16529" "Gm8298" 0 NA NA NA NA 0 0 "Uqcrc2_noRT" "non-targeting_noRT"
"16530" "C130079G13Rik" 0 NA NA NA NA 0 0 "Uqcrc2_noRT" "non-targeting_noRT"
"16531" "Aadacl2" 0 NA NA NA NA 0 0 "Uqcrc2_noRT" "non-targeting_noRT"
"16532" "Aadac" 0 NA NA NA NA 0 0 "Uqcrc2_noRT" "non-targeting_noRT"
"16533" "Sucnr1" 0 NA NA NA NA 0 0 "Uqcrc2_noRT" "non-targeting_noRT"
"16534" "Gm38326" 0 NA NA NA NA 0 0 "Uqcrc2_noRT" "non-targeting_noRT"
"16535" "Gm37696" 0 NA NA NA NA 0 0 "Uqcrc2_noRT" "non-targeting_noRT"
"16536" "B430305J03Rik" 0 NA NA NA NA 0 0 "Uqcrc2_noRT" "non-targeting_noRT"
"16537" "Gpr149" 0 NA NA NA NA 0 0 "Uqcrc2_noRT" "non-targeting_noRT"
"16538" "Mme" 0 NA NA NA NA 0 0 "Uqcrc2_noRT" "non-targeting_noRT"
"16539" "Gm34240" 0 NA NA NA NA 0 0 "Uqcrc2_noRT" "non-targeting_noRT"
"16540" "Strit1" 0 NA NA NA NA 0 0 "Uqcrc2_noRT" "non-targeting_noRT"
"16541" "Vmn2r2" 0 NA NA NA NA 0 0 "Uqcrc2_noRT" "non-targeting_noRT"
"16542" "Vmn2r3" 0 NA NA NA NA 0 0 "Uqcrc2_noRT" "non-targeting_noRT"
"16543" "Vmn2r4" 0 NA NA NA NA 0 0 "Uqcrc2_noRT" "non-targeting_noRT"
"16544" "Vmn2r5" 0 NA NA NA NA 0 0 "Uqcrc2_noRT" "non-targeting_noRT"
"16545" "Vmn2r6" 0 NA NA NA NA 0 0 "Uqcrc2_noRT" "non-targeting_noRT"
"16546" "Vmn2r7" 0 NA NA NA NA 0 0 "Uqcrc2_noRT" "non-targeting_noRT"
"16547" "A330015K06Rik" 0 NA NA NA NA 0 0 "Uqcrc2_noRT" "non-targeting_noRT"
"16548" "A730090N16Rik" 0 NA NA NA NA 0 0 "Uqcrc2_noRT" "non-targeting_noRT"
"16549" "Lekr1" 0 NA NA NA NA 0 0 "Uqcrc2_noRT" "non-targeting_noRT"
"16550" "Gm37359" 0 NA NA NA NA 0 0 "Uqcrc2_noRT" "non-targeting_noRT"
"16551" "Ptx3" 0 NA NA NA NA 0 0 "Uqcrc2_noRT" "non-targeting_noRT"
"16552" "Gm17402" 0 NA NA NA NA 0 0 "Uqcrc2_noRT" "non-targeting_noRT"
"16553" "Rarres1" 0 NA NA NA NA 0 0 "Uqcrc2_noRT" "non-targeting_noRT"
"16554" "Gm35299" 0 NA NA NA NA 0 0 "Uqcrc2_noRT" "non-targeting_noRT"
"16555" "4930402C01Rik" 0 NA NA NA NA 0 0 "Uqcrc2_noRT" "non-targeting_noRT"
"16556" "Il12a" 0 NA NA NA NA 0 0 "Uqcrc2_noRT" "non-targeting_noRT"
"16557" "4930535E02Rik" 0 NA NA NA NA 0 0 "Uqcrc2_noRT" "non-targeting_noRT"
"16558" "Gm35584" 0 NA NA NA NA 0 0 "Uqcrc2_noRT" "non-targeting_noRT"
"16559" "1110032F04Rik" 0 NA NA NA NA 0 0 "Uqcrc2_noRT" "non-targeting_noRT"
"16560" "Gm1647" 0 NA NA NA NA 0 0 "Uqcrc2_noRT" "non-targeting_noRT"
"16561" "Arl14" 0 NA NA NA NA 0 0 "Uqcrc2_noRT" "non-targeting_noRT"
"16562" "B3galnt1" 0 NA NA NA NA 0 0 "Uqcrc2_noRT" "non-targeting_noRT"
"16563" "Sptssb" 0 NA NA NA NA 0 0 "Uqcrc2_noRT" "non-targeting_noRT"
"16564" "Otol1" 0 NA NA NA NA 0 0 "Uqcrc2_noRT" "non-targeting_noRT"
"16565" "Sis" 0 NA NA NA NA 0 0 "Uqcrc2_noRT" "non-targeting_noRT"
"16566" "Slitrk3" 0 NA NA NA NA 0 0 "Uqcrc2_noRT" "non-targeting_noRT"
"16567" "Gm20754" 0 NA NA NA NA 0 0 "Uqcrc2_noRT" "non-targeting_noRT"
"16568" "Gm38353" 0 NA NA NA NA 0 0 "Uqcrc2_noRT" "non-targeting_noRT"
"16569" "4930509J09Rik" 0 NA NA NA NA 0 0 "Uqcrc2_noRT" "non-targeting_noRT"
"16570" "Gm20356" 0 NA NA NA NA 0 0 "Uqcrc2_noRT" "non-targeting_noRT"
"16571" "Zbbx" 0 NA NA NA NA 0 0 "Uqcrc2_noRT" "non-targeting_noRT"
"16572" "Serpini2" 0 NA NA NA NA 0 0 "Uqcrc2_noRT" "non-targeting_noRT"
"16573" "Wdr49" 0 NA NA NA NA 0 0 "Uqcrc2_noRT" "non-targeting_noRT"
"16574" "Platr10" 0 NA NA NA NA 0 0 "Uqcrc2_noRT" "non-targeting_noRT"
"16575" "Gm29133" 0 NA NA NA NA 0 0 "Uqcrc2_noRT" "non-targeting_noRT"
"16576" "Gm37256" 0 NA NA NA NA 0 0 "Uqcrc2_noRT" "non-targeting_noRT"
"16577" "Fstl5" 0 NA NA NA NA 0 0 "Uqcrc2_noRT" "non-targeting_noRT"
"16578" "4921511C10Rik" 0 NA NA NA NA 0 0 "Uqcrc2_noRT" "non-targeting_noRT"
"16579" "Gm17359" 0 NA NA NA NA 0 0 "Uqcrc2_noRT" "non-targeting_noRT"
"16580" "Gm3513" 0 NA NA NA NA 0 0 "Uqcrc2_noRT" "non-targeting_noRT"
"16581" "Rxfp1" 0 NA NA NA NA 0 0 "Uqcrc2_noRT" "non-targeting_noRT"
"16582" "Gm26984" 0 NA NA NA NA 0 0 "Uqcrc2_noRT" "non-targeting_noRT"
"16583" "Tmem144" 0 NA NA NA NA 0 0 "Uqcrc2_noRT" "non-targeting_noRT"
"16584" "Gm36569" 0 NA NA NA NA 0 0 "Uqcrc2_noRT" "non-targeting_noRT"
"16585" "A330069K06Rik" 0 NA NA NA NA 0 0 "Uqcrc2_noRT" "non-targeting_noRT"
"16586" "Gm37892" 0 NA NA NA NA 0 0 "Uqcrc2_noRT" "non-targeting_noRT"
"16587" "Gm37971" 0 NA NA NA NA 0 0 "Uqcrc2_noRT" "non-targeting_noRT"
"16588" "Glrb" 0 NA NA NA NA 0 0 "Uqcrc2_noRT" "non-targeting_noRT"
"16589" "Gm42468" 0 NA NA NA NA 0 0 "Uqcrc2_noRT" "non-targeting_noRT"
"16590" "Gm42476" 0 NA NA NA NA 0 0 "Uqcrc2_noRT" "non-targeting_noRT"
"16591" "Pdgfc" 0 NA NA NA NA 0 0 "Uqcrc2_noRT" "non-targeting_noRT"
"16592" "Gm16000" 0 NA NA NA NA 0 0 "Uqcrc2_noRT" "non-targeting_noRT"
"16593" "Gm43346" 0 NA NA NA NA 0 0 "Uqcrc2_noRT" "non-targeting_noRT"
"16594" "A830029E22Rik" 0 NA NA NA NA 0 0 "Uqcrc2_noRT" "non-targeting_noRT"
"16595" "Gm9989" 0 NA NA NA NA 0 0 "Uqcrc2_noRT" "non-targeting_noRT"
"16596" "Tdo2" 0 NA NA NA NA 0 0 "Uqcrc2_noRT" "non-targeting_noRT"
"16597" "Asic5" 0 NA NA NA NA 0 0 "Uqcrc2_noRT" "non-targeting_noRT"
"16598" "Gucy1b1" 0 NA NA NA NA 0 0 "Uqcrc2_noRT" "non-targeting_noRT"
"16599" "Gucy1a1" 0 NA NA NA NA 0 0 "Uqcrc2_noRT" "non-targeting_noRT"
"16600" "Npy2r" 0 NA NA NA NA 0 0 "Uqcrc2_noRT" "non-targeting_noRT"
"16601" "Gm29999" 0 NA NA NA NA 0 0 "Uqcrc2_noRT" "non-targeting_noRT"
"16602" "Gm30043" 0 NA NA NA NA 0 0 "Uqcrc2_noRT" "non-targeting_noRT"
"16603" "Gm43348" 0 NA NA NA NA 0 0 "Uqcrc2_noRT" "non-targeting_noRT"
"16604" "Rbm46" 0 NA NA NA NA 0 0 "Uqcrc2_noRT" "non-targeting_noRT"
"16605" "Rbm46os" 0 NA NA NA NA 0 0 "Uqcrc2_noRT" "non-targeting_noRT"
"16606" "Lrat" 0 NA NA NA NA 0 0 "Uqcrc2_noRT" "non-targeting_noRT"
"16607" "Gm30097" 0 NA NA NA NA 0 0 "Uqcrc2_noRT" "non-targeting_noRT"
"16608" "Fgg" 0 NA NA NA NA 0 0 "Uqcrc2_noRT" "non-targeting_noRT"
"16609" "Fga" 0 NA NA NA NA 0 0 "Uqcrc2_noRT" "non-targeting_noRT"
"16610" "Fgb" 0 NA NA NA NA 0 0 "Uqcrc2_noRT" "non-targeting_noRT"
"16611" "Gm10710" 0 NA NA NA NA 0 0 "Uqcrc2_noRT" "non-targeting_noRT"
"16612" "Dchs2" 0 NA NA NA NA 0 0 "Uqcrc2_noRT" "non-targeting_noRT"
"16613" "Gm38096" 0 NA NA NA NA 0 0 "Uqcrc2_noRT" "non-targeting_noRT"
"16614" "1700028M03Rik" 0 NA NA NA NA 0 0 "Uqcrc2_noRT" "non-targeting_noRT"
"16615" "Sfrp2" 0 NA NA NA NA 0 0 "Uqcrc2_noRT" "non-targeting_noRT"
"16616" "Gm26771" 0 NA NA NA NA 0 0 "Uqcrc2_noRT" "non-targeting_noRT"
"16617" "Gm6525" 0 NA NA NA NA 0 0 "Uqcrc2_noRT" "non-targeting_noRT"
"16618" "4930565D16Rik" 0 NA NA NA NA 0 0 "Uqcrc2_noRT" "non-targeting_noRT"
"16619" "Gm37240" 0 NA NA NA NA 0 0 "Uqcrc2_noRT" "non-targeting_noRT"
"16620" "Tigd4" 0 NA NA NA NA 0 0 "Uqcrc2_noRT" "non-targeting_noRT"
"16621" "Tmem154" 0 NA NA NA NA 0 0 "Uqcrc2_noRT" "non-targeting_noRT"
"16622" "1700036G14Rik" 0 NA NA NA NA 0 0 "Uqcrc2_noRT" "non-targeting_noRT"
"16623" "Gm42813" 0 NA NA NA NA 0 0 "Uqcrc2_noRT" "non-targeting_noRT"
"16624" "Gm45790" 0 NA NA NA NA 0 0 "Uqcrc2_noRT" "non-targeting_noRT"
"16625" "Gm42812" 0 NA NA NA NA 0 0 "Uqcrc2_noRT" "non-targeting_noRT"
"16626" "Fam160a1" 0 NA NA NA NA 0 0 "Uqcrc2_noRT" "non-targeting_noRT"
"16627" "Glt28d2" 0 NA NA NA NA 0 0 "Uqcrc2_noRT" "non-targeting_noRT"
"16628" "Prss48" 0 NA NA NA NA 0 0 "Uqcrc2_noRT" "non-targeting_noRT"
"16629" "Mab21l2" 0 NA NA NA NA 0 0 "Uqcrc2_noRT" "non-targeting_noRT"
"16630" "Gm37855" 0 NA NA NA NA 0 0 "Uqcrc2_noRT" "non-targeting_noRT"
"16631" "Fcrls" 0 NA NA NA NA 0 0 "Uqcrc2_noRT" "non-targeting_noRT"
"16632" "Cd5l" 0 NA NA NA NA 0 0 "Uqcrc2_noRT" "non-targeting_noRT"
"16633" "Fcrl1" 0 NA NA NA NA 0 0 "Uqcrc2_noRT" "non-targeting_noRT"
"16634" "Fcrl5" 0 NA NA NA NA 0 0 "Uqcrc2_noRT" "non-targeting_noRT"
"16635" "ETV3L" 0 NA NA NA NA 0 0 "Uqcrc2_noRT" "non-targeting_noRT"
"16636" "Lrrc71" 0 NA NA NA NA 0 0 "Uqcrc2_noRT" "non-targeting_noRT"
"16637" "Pear1" 0 NA NA NA NA 0 0 "Uqcrc2_noRT" "non-targeting_noRT"
"16638" "Sh2d2a" 0 NA NA NA NA 0 0 "Uqcrc2_noRT" "non-targeting_noRT"
"16639" "Hapln2" 0 NA NA NA NA 0 0 "Uqcrc2_noRT" "non-targeting_noRT"
"16640" "Ttc24" 0 NA NA NA NA 0 0 "Uqcrc2_noRT" "non-targeting_noRT"
"16641" "AI849053" 0 NA NA NA NA 0 0 "Uqcrc2_noRT" "non-targeting_noRT"
"16642" "AW047730" 0 NA NA NA NA 0 0 "Uqcrc2_noRT" "non-targeting_noRT"
"16643" "Gm3764" 0 NA NA NA NA 0 0 "Uqcrc2_noRT" "non-targeting_noRT"
"16644" "Glmp" 0 NA NA NA NA 0 0 "Uqcrc2_noRT" "non-targeting_noRT"
"16645" "Bglap2" 0 NA NA NA NA 0 0 "Uqcrc2_noRT" "non-targeting_noRT"
"16646" "Bglap" 0 NA NA NA NA 0 0 "Uqcrc2_noRT" "non-targeting_noRT"
"16647" "Sema4a" 0 NA NA NA NA 0 0 "Uqcrc2_noRT" "non-targeting_noRT"
"16648" "Rab25" 0 NA NA NA NA 0 0 "Uqcrc2_noRT" "non-targeting_noRT"
"16649" "Gm20652" 0 NA NA NA NA 0 0 "Uqcrc2_noRT" "non-targeting_noRT"
"16650" "Rxfp4" 0 NA NA NA NA 0 0 "Uqcrc2_noRT" "non-targeting_noRT"
"16651" "Gm43714" 0 NA NA NA NA 0 0 "Uqcrc2_noRT" "non-targeting_noRT"
"16652" "Gm17146" 0 NA NA NA NA 0 0 "Uqcrc2_noRT" "non-targeting_noRT"
"16653" "Pklr" 0 NA NA NA NA 0 0 "Uqcrc2_noRT" "non-targeting_noRT"
"16654" "Gm16069" 0 NA NA NA NA 0 0 "Uqcrc2_noRT" "non-targeting_noRT"
"16655" "Muc1" 0 NA NA NA NA 0 0 "Uqcrc2_noRT" "non-targeting_noRT"
"16656" "Efna3" 0 NA NA NA NA 0 0 "Uqcrc2_noRT" "non-targeting_noRT"
"16657" "4731419I09Rik" 0 NA NA NA NA 0 0 "Uqcrc2_noRT" "non-targeting_noRT"
"16658" "Dcst1" 0 NA NA NA NA 0 0 "Uqcrc2_noRT" "non-targeting_noRT"
"16659" "Dcst2" 0 NA NA NA NA 0 0 "Uqcrc2_noRT" "non-targeting_noRT"
"16660" "Lenep" 0 NA NA NA NA 0 0 "Uqcrc2_noRT" "non-targeting_noRT"
"16661" "Kcnn3" 0 NA NA NA NA 0 0 "Uqcrc2_noRT" "non-targeting_noRT"
"16662" "She" 0 NA NA NA NA 0 0 "Uqcrc2_noRT" "non-targeting_noRT"
"16663" "Gm42809" 0 NA NA NA NA 0 0 "Uqcrc2_noRT" "non-targeting_noRT"
"16664" "Gm16540" 0 NA NA NA NA 0 0 "Uqcrc2_noRT" "non-targeting_noRT"
"16665" "Creb3l4" 0 NA NA NA NA 0 0 "Uqcrc2_noRT" "non-targeting_noRT"
"16666" "Gm16048" 0 NA NA NA NA 0 0 "Uqcrc2_noRT" "non-targeting_noRT"
"16667" "S100a5" 0 NA NA NA NA 0 0 "Uqcrc2_noRT" "non-targeting_noRT"
"16668" "S100a7a" 0 NA NA NA NA 0 0 "Uqcrc2_noRT" "non-targeting_noRT"
"16669" "S100a9" 0 NA NA NA NA 0 0 "Uqcrc2_noRT" "non-targeting_noRT"
"16670" "Pglyrp4" 0 NA NA NA NA 0 0 "Uqcrc2_noRT" "non-targeting_noRT"
"16671" "Gm5849" 0 NA NA NA NA 0 0 "Uqcrc2_noRT" "non-targeting_noRT"
"16672" "Pglyrp3" 0 NA NA NA NA 0 0 "Uqcrc2_noRT" "non-targeting_noRT"
"16673" "Gm43736" 0 NA NA NA NA 0 0 "Uqcrc2_noRT" "non-targeting_noRT"
"16674" "4930511M18Rik" 0 NA NA NA NA 0 0 "Uqcrc2_noRT" "non-targeting_noRT"
"16675" "Gm43735" 0 NA NA NA NA 0 0 "Uqcrc2_noRT" "non-targeting_noRT"
"16676" "Prr9" 0 NA NA NA NA 0 0 "Uqcrc2_noRT" "non-targeting_noRT"
"16677" "Lelp1" 0 NA NA NA NA 0 0 "Uqcrc2_noRT" "non-targeting_noRT"
"16678" "Gm35439" 0 NA NA NA NA 0 0 "Uqcrc2_noRT" "non-targeting_noRT"
"16679" "Sprr2a1" 0 NA NA NA NA 0 0 "Uqcrc2_noRT" "non-targeting_noRT"
"16680" "Sprr2a2" 0 NA NA NA NA 0 0 "Uqcrc2_noRT" "non-targeting_noRT"
"16681" "Sprr2a3" 0 NA NA NA NA 0 0 "Uqcrc2_noRT" "non-targeting_noRT"
"16682" "Sprr2b" 0 NA NA NA NA 0 0 "Uqcrc2_noRT" "non-targeting_noRT"
"16683" "Sprr2d" 0 NA NA NA NA 0 0 "Uqcrc2_noRT" "non-targeting_noRT"
"16684" "Sprr2e" 0 NA NA NA NA 0 0 "Uqcrc2_noRT" "non-targeting_noRT"
"16685" "Sprr2f" 0 NA NA NA NA 0 0 "Uqcrc2_noRT" "non-targeting_noRT"
"16686" "Sprr2h" 0 NA NA NA NA 0 0 "Uqcrc2_noRT" "non-targeting_noRT"
"16687" "Sprr2i" 0 NA NA NA NA 0 0 "Uqcrc2_noRT" "non-targeting_noRT"
"16688" "Sprr2j-ps" 0 NA NA NA NA 0 0 "Uqcrc2_noRT" "non-targeting_noRT"
"16689" "Sprr2k" 0 NA NA NA NA 0 0 "Uqcrc2_noRT" "non-targeting_noRT"
"16690" "Sprr1b" 0 NA NA NA NA 0 0 "Uqcrc2_noRT" "non-targeting_noRT"
"16691" "Sprr3" 0 NA NA NA NA 0 0 "Uqcrc2_noRT" "non-targeting_noRT"
"16692" "Sprr1a" 0 NA NA NA NA 0 0 "Uqcrc2_noRT" "non-targeting_noRT"
"16693" "Sprr4" 0 NA NA NA NA 0 0 "Uqcrc2_noRT" "non-targeting_noRT"
"16694" "2310046K23Rik" 0 NA NA NA NA 0 0 "Uqcrc2_noRT" "non-targeting_noRT"
"16695" "Ivl" 0 NA NA NA NA 0 0 "Uqcrc2_noRT" "non-targeting_noRT"
"16696" "Smcp" 0 NA NA NA NA 0 0 "Uqcrc2_noRT" "non-targeting_noRT"
"16697" "2210017I01Rik" 0 NA NA NA NA 0 0 "Uqcrc2_noRT" "non-targeting_noRT"
"16698" "Lce6a" 0 NA NA NA NA 0 0 "Uqcrc2_noRT" "non-targeting_noRT"
"16699" "Lce1a1" 0 NA NA NA NA 0 0 "Uqcrc2_noRT" "non-targeting_noRT"
"16700" "Lce1b" 0 NA NA NA NA 0 0 "Uqcrc2_noRT" "non-targeting_noRT"
"16701" "Lce1a2" 0 NA NA NA NA 0 0 "Uqcrc2_noRT" "non-targeting_noRT"
"16702" "Lce1c" 0 NA NA NA NA 0 0 "Uqcrc2_noRT" "non-targeting_noRT"
"16703" "Lce1d" 0 NA NA NA NA 0 0 "Uqcrc2_noRT" "non-targeting_noRT"
"16704" "Lce1e" 0 NA NA NA NA 0 0 "Uqcrc2_noRT" "non-targeting_noRT"
"16705" "Lce1f" 0 NA NA NA NA 0 0 "Uqcrc2_noRT" "non-targeting_noRT"
"16706" "Gm38119" 0 NA NA NA NA 0 0 "Uqcrc2_noRT" "non-targeting_noRT"
"16707" "Lce1g" 0 NA NA NA NA 0 0 "Uqcrc2_noRT" "non-targeting_noRT"
"16708" "Lce1h" 0 NA NA NA NA 0 0 "Uqcrc2_noRT" "non-targeting_noRT"
"16709" "Lce1i" 0 NA NA NA NA 0 0 "Uqcrc2_noRT" "non-targeting_noRT"
"16710" "Lce1j" 0 NA NA NA NA 0 0 "Uqcrc2_noRT" "non-targeting_noRT"
"16711" "Lce1k" 0 NA NA NA NA 0 0 "Uqcrc2_noRT" "non-targeting_noRT"
"16712" "Kprp" 0 NA NA NA NA 0 0 "Uqcrc2_noRT" "non-targeting_noRT"
"16713" "Gm38201" 0 NA NA NA NA 0 0 "Uqcrc2_noRT" "non-targeting_noRT"
"16714" "Lce1l" 0 NA NA NA NA 0 0 "Uqcrc2_noRT" "non-targeting_noRT"
"16715" "2310050C09Rik" 0 NA NA NA NA 0 0 "Uqcrc2_noRT" "non-targeting_noRT"
"16716" "Lce3a" 0 NA NA NA NA 0 0 "Uqcrc2_noRT" "non-targeting_noRT"
"16717" "Lce3b" 0 NA NA NA NA 0 0 "Uqcrc2_noRT" "non-targeting_noRT"
"16718" "Lce3c" 0 NA NA NA NA 0 0 "Uqcrc2_noRT" "non-targeting_noRT"
"16719" "Lce3d" 0 NA NA NA NA 0 0 "Uqcrc2_noRT" "non-targeting_noRT"
"16720" "Lce3e" 0 NA NA NA NA 0 0 "Uqcrc2_noRT" "non-targeting_noRT"
"16721" "Lce3f" 0 NA NA NA NA 0 0 "Uqcrc2_noRT" "non-targeting_noRT"
"16722" "Crct1" 0 NA NA NA NA 0 0 "Uqcrc2_noRT" "non-targeting_noRT"
"16723" "Lce1m" 0 NA NA NA NA 0 0 "Uqcrc2_noRT" "non-targeting_noRT"
"16724" "Gm4858" 0 NA NA NA NA 0 0 "Uqcrc2_noRT" "non-targeting_noRT"
"16725" "Crnn" 0 NA NA NA NA 0 0 "Uqcrc2_noRT" "non-targeting_noRT"
"16726" "Flg2" 0 NA NA NA NA 0 0 "Uqcrc2_noRT" "non-targeting_noRT"
"16727" "Gm37245" 0 NA NA NA NA 0 0 "Uqcrc2_noRT" "non-targeting_noRT"
"16728" "Hrnr" 0 NA NA NA NA 0 0 "Uqcrc2_noRT" "non-targeting_noRT"
"16729" "Rptn" 0 NA NA NA NA 0 0 "Uqcrc2_noRT" "non-targeting_noRT"
"16730" "Tchh" 0 NA NA NA NA 0 0 "Uqcrc2_noRT" "non-targeting_noRT"
"16731" "Tchhl1" 0 NA NA NA NA 0 0 "Uqcrc2_noRT" "non-targeting_noRT"
"16732" "Tdpoz2" 0 NA NA NA NA 0 0 "Uqcrc2_noRT" "non-targeting_noRT"
"16733" "Tdpoz1" 0 NA NA NA NA 0 0 "Uqcrc2_noRT" "non-targeting_noRT"
"16734" "Gm37596" 0 NA NA NA NA 0 0 "Uqcrc2_noRT" "non-targeting_noRT"
"16735" "Gm5773" 0 NA NA NA NA 0 0 "Uqcrc2_noRT" "non-targeting_noRT"
"16736" "Tdpoz4" 0 NA NA NA NA 0 0 "Uqcrc2_noRT" "non-targeting_noRT"
"16737" "Tdpoz3" 0 NA NA NA NA 0 0 "Uqcrc2_noRT" "non-targeting_noRT"
"16738" "Gm9117" 0 NA NA NA NA 0 0 "Uqcrc2_noRT" "non-targeting_noRT"
"16739" "Tdpoz5" 0 NA NA NA NA 0 0 "Uqcrc2_noRT" "non-targeting_noRT"
"16740" "Gm9125" 0 NA NA NA NA 0 0 "Uqcrc2_noRT" "non-targeting_noRT"
"16741" "Gm10697" 0 NA NA NA NA 0 0 "Uqcrc2_noRT" "non-targeting_noRT"
"16742" "Gm10696" 0 NA NA NA NA 0 0 "Uqcrc2_noRT" "non-targeting_noRT"
"16743" "Gm5286" 0 NA NA NA NA 0 0 "Uqcrc2_noRT" "non-targeting_noRT"
"16744" "Gm4778" 0 NA NA NA NA 0 0 "Uqcrc2_noRT" "non-targeting_noRT"
"16745" "Them5" 0 NA NA NA NA 0 0 "Uqcrc2_noRT" "non-targeting_noRT"
"16746" "Gm36070" 0 NA NA NA NA 0 0 "Uqcrc2_noRT" "non-targeting_noRT"
"16747" "Gm38411" 0 NA NA NA NA 0 0 "Uqcrc2_noRT" "non-targeting_noRT"
"16748" "Gm43401" 0 NA NA NA NA 0 0 "Uqcrc2_noRT" "non-targeting_noRT"
"16749" "Lingo4" 0 NA NA NA NA 0 0 "Uqcrc2_noRT" "non-targeting_noRT"
"16750" "1700040D17Rik" 0 NA NA NA NA 0 0 "Uqcrc2_noRT" "non-targeting_noRT"
"16751" "Riiad1" 0 NA NA NA NA 0 0 "Uqcrc2_noRT" "non-targeting_noRT"
"16752" "Celf3" 0 NA NA NA NA 0 0 "Uqcrc2_noRT" "non-targeting_noRT"
"16753" "Gm15234" 0 NA NA NA NA 0 0 "Uqcrc2_noRT" "non-targeting_noRT"
"16754" "Selenbp2" 0 NA NA NA NA 0 0 "Uqcrc2_noRT" "non-targeting_noRT"
"16755" "Cgn" 0 NA NA NA NA 0 0 "Uqcrc2_noRT" "non-targeting_noRT"
"16756" "Tmod4" 0 NA NA NA NA 0 0 "Uqcrc2_noRT" "non-targeting_noRT"
"16757" "Tnfaip8l2" 0 NA NA NA NA 0 0 "Uqcrc2_noRT" "non-targeting_noRT"
"16758" "Sema6c" 0 NA NA NA NA 0 0 "Uqcrc2_noRT" "non-targeting_noRT"
"16759" "4930558C23Rik" 0 NA NA NA NA 0 0 "Uqcrc2_noRT" "non-targeting_noRT"
"16760" "Adamtsl4" 0 NA NA NA NA 0 0 "Uqcrc2_noRT" "non-targeting_noRT"
"16761" "Gm26594" 0 NA NA NA NA 0 0 "Uqcrc2_noRT" "non-targeting_noRT"
"16762" "Car14" 0 NA NA NA NA 0 0 "Uqcrc2_noRT" "non-targeting_noRT"
"16763" "Sv2a" 0 NA NA NA NA 0 0 "Uqcrc2_noRT" "non-targeting_noRT"
"16764" "Gm15444" 0 NA NA NA NA 0 0 "Uqcrc2_noRT" "non-targeting_noRT"
"16765" "Hist2h2ab" 0 NA NA NA NA 0 0 "Uqcrc2_noRT" "non-targeting_noRT"
"16766" "Hist2h3c2" 0 NA NA NA NA 0 0 "Uqcrc2_noRT" "non-targeting_noRT"
"16767" "Gm20632" 0 NA NA NA NA 0 0 "Uqcrc2_noRT" "non-targeting_noRT"
"16768" "Hist2h2aa2" 0 NA NA NA NA 0 0 "Uqcrc2_noRT" "non-targeting_noRT"
"16769" "Gm20633" 0 NA NA NA NA 0 0 "Uqcrc2_noRT" "non-targeting_noRT"
"16770" "Hist2h3c1" 0 NA NA NA NA 0 0 "Uqcrc2_noRT" "non-targeting_noRT"
"16771" "Gm20627" 0 NA NA NA NA 0 0 "Uqcrc2_noRT" "non-targeting_noRT"
"16772" "Gm42743" 0 NA NA NA NA 0 0 "Uqcrc2_noRT" "non-targeting_noRT"
"16773" "Fcgr1" 0 NA NA NA NA 0 0 "Uqcrc2_noRT" "non-targeting_noRT"
"16774" "Platr30" 0 NA NA NA NA 0 0 "Uqcrc2_noRT" "non-targeting_noRT"
"16775" "Gm26553" 0 NA NA NA NA 0 0 "Uqcrc2_noRT" "non-targeting_noRT"
"16776" "4930477E14Rik" 0 NA NA NA NA 0 0 "Uqcrc2_noRT" "non-targeting_noRT"
"16777" "Gm26654" 0 NA NA NA NA 0 0 "Uqcrc2_noRT" "non-targeting_noRT"
"16778" "AC121792.1" 0 NA NA NA NA 0 0 "Uqcrc2_noRT" "non-targeting_noRT"
"16779" "BC107364" 0 NA NA NA NA 0 0 "Uqcrc2_noRT" "non-targeting_noRT"
"16780" "Gm10685" 0 NA NA NA NA 0 0 "Uqcrc2_noRT" "non-targeting_noRT"
"16781" "Hjv" 0 NA NA NA NA 0 0 "Uqcrc2_noRT" "non-targeting_noRT"
"16782" "Ankrd34a" 0 NA NA NA NA 0 0 "Uqcrc2_noRT" "non-targeting_noRT"
"16783" "Itga10" 0 NA NA NA NA 0 0 "Uqcrc2_noRT" "non-targeting_noRT"
"16784" "Ankrd35" 0 NA NA NA NA 0 0 "Uqcrc2_noRT" "non-targeting_noRT"
"16785" "Cd160" 0 NA NA NA NA 0 0 "Uqcrc2_noRT" "non-targeting_noRT"
"16786" "Pdzk1" 0 NA NA NA NA 0 0 "Uqcrc2_noRT" "non-targeting_noRT"
"16787" "4930442L01Rik" 0 NA NA NA NA 0 0 "Uqcrc2_noRT" "non-targeting_noRT"
"16788" "Gja5" 0 NA NA NA NA 0 0 "Uqcrc2_noRT" "non-targeting_noRT"
"16789" "Gja8" 0 NA NA NA NA 0 0 "Uqcrc2_noRT" "non-targeting_noRT"
"16790" "9230114J08Rik" 0 NA NA NA NA 0 0 "Uqcrc2_noRT" "non-targeting_noRT"
"16791" "4930573H18Rik" 0 NA NA NA NA 0 0 "Uqcrc2_noRT" "non-targeting_noRT"
"16792" "Olfr1402" 0 NA NA NA NA 0 0 "Uqcrc2_noRT" "non-targeting_noRT"
"16793" "Fmo5" 0 NA NA NA NA 0 0 "Uqcrc2_noRT" "non-targeting_noRT"
"16794" "Gm17651" 0 NA NA NA NA 0 0 "Uqcrc2_noRT" "non-targeting_noRT"
"16795" "Gm31305" 0 NA NA NA NA 0 0 "Uqcrc2_noRT" "non-targeting_noRT"
"16796" "Gm15999" 0 NA NA NA NA 0 0 "Uqcrc2_noRT" "non-targeting_noRT"
"16797" "Gm5544" 0 NA NA NA NA 0 0 "Uqcrc2_noRT" "non-targeting_noRT"
"16798" "Adam30" 0 NA NA NA NA 0 0 "Uqcrc2_noRT" "non-targeting_noRT"
"16799" "Reg4" 0 NA NA NA NA 0 0 "Uqcrc2_noRT" "non-targeting_noRT"
"16800" "Gm43189" 0 NA NA NA NA 0 0 "Uqcrc2_noRT" "non-targeting_noRT"
"16801" "Gm4450" 0 NA NA NA NA 0 0 "Uqcrc2_noRT" "non-targeting_noRT"
"16802" "Gm43190" 0 NA NA NA NA 0 0 "Uqcrc2_noRT" "non-targeting_noRT"
"16803" "Hsd3b4" 0 NA NA NA NA 0 0 "Uqcrc2_noRT" "non-targeting_noRT"
"16804" "Gm10681" 0 NA NA NA NA 0 0 "Uqcrc2_noRT" "non-targeting_noRT"
"16805" "Hsd3b5" 0 NA NA NA NA 0 0 "Uqcrc2_noRT" "non-targeting_noRT"
"16806" "Hsd3b3" 0 NA NA NA NA 0 0 "Uqcrc2_noRT" "non-targeting_noRT"
"16807" "Hsd3b6" 0 NA NA NA NA 0 0 "Uqcrc2_noRT" "non-targeting_noRT"
"16808" "Hsd3b1" 0 NA NA NA NA 0 0 "Uqcrc2_noRT" "non-targeting_noRT"
"16809" "Hao2" 0 NA NA NA NA 0 0 "Uqcrc2_noRT" "non-targeting_noRT"
"16810" "5730437C11Rik" 0 NA NA NA NA 0 0 "Uqcrc2_noRT" "non-targeting_noRT"
"16811" "Gm12440" 0 NA NA NA NA 0 0 "Uqcrc2_noRT" "non-targeting_noRT"
"16812" "Gm43120" 0 NA NA NA NA 0 0 "Uqcrc2_noRT" "non-targeting_noRT"
"16813" "Spag17" 0 NA NA NA NA 0 0 "Uqcrc2_noRT" "non-targeting_noRT"
"16814" "Spag17os" 0 NA NA NA NA 0 0 "Uqcrc2_noRT" "non-targeting_noRT"
"16815" "4930406D18Rik" 0 NA NA NA NA 0 0 "Uqcrc2_noRT" "non-targeting_noRT"
"16816" "Gm43121" 0 NA NA NA NA 0 0 "Uqcrc2_noRT" "non-targeting_noRT"
"16817" "Tent5c" 0 NA NA NA NA 0 0 "Uqcrc2_noRT" "non-targeting_noRT"
"16818" "Gm12474" 0 NA NA NA NA 0 0 "Uqcrc2_noRT" "non-targeting_noRT"
"16819" "Gm42868" 0 NA NA NA NA 0 0 "Uqcrc2_noRT" "non-targeting_noRT"
"16820" "Gm43463" 0 NA NA NA NA 0 0 "Uqcrc2_noRT" "non-targeting_noRT"
"16821" "Gm43464" 0 NA NA NA NA 0 0 "Uqcrc2_noRT" "non-targeting_noRT"
"16822" "Vtcn1" 0 NA NA NA NA 0 0 "Uqcrc2_noRT" "non-targeting_noRT"
"16823" "Cd101" 0 NA NA NA NA 0 0 "Uqcrc2_noRT" "non-targeting_noRT"
"16824" "Ptgfrn" 0 NA NA NA NA 0 0 "Uqcrc2_noRT" "non-targeting_noRT"
"16825" "Gm43465" 0 NA NA NA NA 0 0 "Uqcrc2_noRT" "non-targeting_noRT"
"16826" "Cd2" 0 NA NA NA NA 0 0 "Uqcrc2_noRT" "non-targeting_noRT"
"16827" "Gm42939" 0 NA NA NA NA 0 0 "Uqcrc2_noRT" "non-targeting_noRT"
"16828" "Gm42938" 0 NA NA NA NA 0 0 "Uqcrc2_noRT" "non-targeting_noRT"
"16829" "Gm42538" 0 NA NA NA NA 0 0 "Uqcrc2_noRT" "non-targeting_noRT"
"16830" "Gm43135" 0 NA NA NA NA 0 0 "Uqcrc2_noRT" "non-targeting_noRT"
"16831" "Gm43134" 0 NA NA NA NA 0 0 "Uqcrc2_noRT" "non-targeting_noRT"
"16832" "Mab21l3" 0 NA NA NA NA 0 0 "Uqcrc2_noRT" "non-targeting_noRT"
"16833" "Nhlh2" 0 NA NA NA NA 0 0 "Uqcrc2_noRT" "non-targeting_noRT"
"16834" "Casq2" 0 NA NA NA NA 0 0 "Uqcrc2_noRT" "non-targeting_noRT"
"16835" "Gm43244" 0 NA NA NA NA 0 0 "Uqcrc2_noRT" "non-targeting_noRT"
"16836" "4632404M16Rik" 0 NA NA NA NA 0 0 "Uqcrc2_noRT" "non-targeting_noRT"
"16837" "Gm16160" 0 NA NA NA NA 0 0 "Uqcrc2_noRT" "non-targeting_noRT"
"16838" "Gm43241" 0 NA NA NA NA 0 0 "Uqcrc2_noRT" "non-targeting_noRT"
"16839" "A230001M10Rik" 0 NA NA NA NA 0 0 "Uqcrc2_noRT" "non-targeting_noRT"
"16840" "Gm43242" 0 NA NA NA NA 0 0 "Uqcrc2_noRT" "non-targeting_noRT"
"16841" "Gm42678" 0 NA NA NA NA 0 0 "Uqcrc2_noRT" "non-targeting_noRT"
"16842" "Gm42682" 0 NA NA NA NA 0 0 "Uqcrc2_noRT" "non-targeting_noRT"
"16843" "Tshb" 0 NA NA NA NA 0 0 "Uqcrc2_noRT" "non-targeting_noRT"
"16844" "Gm42681" 0 NA NA NA NA 0 0 "Uqcrc2_noRT" "non-targeting_noRT"
"16845" "Sycp1" 0 NA NA NA NA 0 0 "Uqcrc2_noRT" "non-targeting_noRT"
"16846" "Nr1h5" 0 NA NA NA NA 0 0 "Uqcrc2_noRT" "non-targeting_noRT"
"16847" "Atg4a-ps" 0 NA NA NA NA 0 0 "Uqcrc2_noRT" "non-targeting_noRT"
"16848" "Gm10964" 0 NA NA NA NA 0 0 "Uqcrc2_noRT" "non-targeting_noRT"
"16849" "Gm43149" 0 NA NA NA NA 0 0 "Uqcrc2_noRT" "non-targeting_noRT"
"16850" "Gm15471" 0 NA NA NA NA 0 0 "Uqcrc2_noRT" "non-targeting_noRT"
"16851" "Gm15472" 0 NA NA NA NA 0 0 "Uqcrc2_noRT" "non-targeting_noRT"
"16852" "Gm43065" 0 NA NA NA NA 0 0 "Uqcrc2_noRT" "non-targeting_noRT"
"16853" "9530097N15Rik" 0 NA NA NA NA 0 0 "Uqcrc2_noRT" "non-targeting_noRT"
"16854" "Gm42700" 0 NA NA NA NA 0 0 "Uqcrc2_noRT" "non-targeting_noRT"
"16855" "Gm43258" 0 NA NA NA NA 0 0 "Uqcrc2_noRT" "non-targeting_noRT"
"16856" "Gm5546" 0 NA NA NA NA 0 0 "Uqcrc2_noRT" "non-targeting_noRT"
"16857" "Gm38412" 0 NA NA NA NA 0 0 "Uqcrc2_noRT" "non-targeting_noRT"
"16858" "Gm43585" 0 NA NA NA NA 0 0 "Uqcrc2_noRT" "non-targeting_noRT"
"16859" "Tafa3" 0 NA NA NA NA 0 0 "Uqcrc2_noRT" "non-targeting_noRT"
"16860" "Wnt2b" 0 NA NA NA NA 0 0 "Uqcrc2_noRT" "non-targeting_noRT"
"16861" "Gm43846" 0 NA NA NA NA 0 0 "Uqcrc2_noRT" "non-targeting_noRT"
"16862" "4930564D02Rik" 0 NA NA NA NA 0 0 "Uqcrc2_noRT" "non-targeting_noRT"
"16863" "Kcnd3os" 0 NA NA NA NA 0 0 "Uqcrc2_noRT" "non-targeting_noRT"
"16864" "Kcnd3" 0 NA NA NA NA 0 0 "Uqcrc2_noRT" "non-targeting_noRT"
"16865" "Gm43847" 0 NA NA NA NA 0 0 "Uqcrc2_noRT" "non-targeting_noRT"
"16866" "Inka2" 0 NA NA NA NA 0 0 "Uqcrc2_noRT" "non-targeting_noRT"
"16867" "Gm43330" 0 NA NA NA NA 0 0 "Uqcrc2_noRT" "non-targeting_noRT"
"16868" "Gm43331" 0 NA NA NA NA 0 0 "Uqcrc2_noRT" "non-targeting_noRT"
"16869" "Gm5547" 0 NA NA NA NA 0 0 "Uqcrc2_noRT" "non-targeting_noRT"
"16870" "Adora3" 0 NA NA NA NA 0 0 "Uqcrc2_noRT" "non-targeting_noRT"
"16871" "Tmigd3" 0 NA NA NA NA 0 0 "Uqcrc2_noRT" "non-targeting_noRT"
"16872" "I830077J02Rik" 0 NA NA NA NA 0 0 "Uqcrc2_noRT" "non-targeting_noRT"
"16873" "Pifo" 0 NA NA NA NA 0 0 "Uqcrc2_noRT" "non-targeting_noRT"
"16874" "Gm42722" 0 NA NA NA NA 0 0 "Uqcrc2_noRT" "non-targeting_noRT"
"16875" "Gm42721" 0 NA NA NA NA 0 0 "Uqcrc2_noRT" "non-targeting_noRT"
"16876" "Chil5" 0 NA NA NA NA 0 0 "Uqcrc2_noRT" "non-targeting_noRT"
"16877" "Chia1" 0 NA NA NA NA 0 0 "Uqcrc2_noRT" "non-targeting_noRT"
"16878" "Chil4" 0 NA NA NA NA 0 0 "Uqcrc2_noRT" "non-targeting_noRT"
"16879" "Chil6" 0 NA NA NA NA 0 0 "Uqcrc2_noRT" "non-targeting_noRT"
"16880" "2010016I18Rik" 0 NA NA NA NA 0 0 "Uqcrc2_noRT" "non-targeting_noRT"
"16881" "Cd53" 0 NA NA NA NA 0 0 "Uqcrc2_noRT" "non-targeting_noRT"
"16882" "Olfr266" 0 NA NA NA NA 0 0 "Uqcrc2_noRT" "non-targeting_noRT"
"16883" "Gm35507" 0 NA NA NA NA 0 0 "Uqcrc2_noRT" "non-targeting_noRT"
"16884" "Gm27008" 0 NA NA NA NA 0 0 "Uqcrc2_noRT" "non-targeting_noRT"
"16885" "Kcna3" 0 NA NA NA NA 0 0 "Uqcrc2_noRT" "non-targeting_noRT"
"16886" "AI504432" 0 NA NA NA NA 0 0 "Uqcrc2_noRT" "non-targeting_noRT"
"16887" "A930002I21Rik" 0 NA NA NA NA 0 0 "Uqcrc2_noRT" "non-targeting_noRT"
"16888" "Kcna2" 0 NA NA NA NA 0 0 "Uqcrc2_noRT" "non-targeting_noRT"
"16889" "Kcna10" 0 NA NA NA NA 0 0 "Uqcrc2_noRT" "non-targeting_noRT"
"16890" "Cym" 0 NA NA NA NA 0 0 "Uqcrc2_noRT" "non-targeting_noRT"
"16891" "A630076J17Rik" 0 NA NA NA NA 0 0 "Uqcrc2_noRT" "non-targeting_noRT"
"16892" "Prok1" 0 NA NA NA NA 0 0 "Uqcrc2_noRT" "non-targeting_noRT"
"16893" "Kcnc4" 0 NA NA NA NA 0 0 "Uqcrc2_noRT" "non-targeting_noRT"
"16894" "Slc6a17" 0 NA NA NA NA 0 0 "Uqcrc2_noRT" "non-targeting_noRT"
"16895" "Ubl4b" 0 NA NA NA NA 0 0 "Uqcrc2_noRT" "non-targeting_noRT"
"16896" "Alx3" 0 NA NA NA NA 0 0 "Uqcrc2_noRT" "non-targeting_noRT"
"16897" "Gm10961" 0 NA NA NA NA 0 0 "Uqcrc2_noRT" "non-targeting_noRT"
"16898" "Gm36211" 0 NA NA NA NA 0 0 "Uqcrc2_noRT" "non-targeting_noRT"
"16899" "Eps8l3" 0 NA NA NA NA 0 0 "Uqcrc2_noRT" "non-targeting_noRT"
"16900" "Gstm3" 0 NA NA NA NA 0 0 "Uqcrc2_noRT" "non-targeting_noRT"
"16901" "Gm12498" 0 NA NA NA NA 0 0 "Uqcrc2_noRT" "non-targeting_noRT"
"16902" "Gpr61" 0 NA NA NA NA 0 0 "Uqcrc2_noRT" "non-targeting_noRT"
"16903" "Gm12524" 0 NA NA NA NA 0 0 "Uqcrc2_noRT" "non-targeting_noRT"
"16904" "Sypl2" 0 NA NA NA NA 0 0 "Uqcrc2_noRT" "non-targeting_noRT"
"16905" "Gm40123" 0 NA NA NA NA 0 0 "Uqcrc2_noRT" "non-targeting_noRT"
"16906" "1700010K24Rik" 0 NA NA NA NA 0 0 "Uqcrc2_noRT" "non-targeting_noRT"
"16907" "Gm12523" 0 NA NA NA NA 0 0 "Uqcrc2_noRT" "non-targeting_noRT"
"16908" "Gm12525" 0 NA NA NA NA 0 0 "Uqcrc2_noRT" "non-targeting_noRT"
"16909" "Mybphl" 0 NA NA NA NA 0 0 "Uqcrc2_noRT" "non-targeting_noRT"
"16910" "Gm27244" 0 NA NA NA NA 0 0 "Uqcrc2_noRT" "non-targeting_noRT"
"16911" "Gm9857" 0 NA NA NA NA 0 0 "Uqcrc2_noRT" "non-targeting_noRT"
"16912" "Henmt1" 0 NA NA NA NA 0 0 "Uqcrc2_noRT" "non-targeting_noRT"
"16913" "4930408K08Rik" 0 NA NA NA NA 0 0 "Uqcrc2_noRT" "non-targeting_noRT"
"16914" "Slc25a54" 0 NA NA NA NA 0 0 "Uqcrc2_noRT" "non-targeting_noRT"
"16915" "Ntng1" 0 NA NA NA NA 0 0 "Uqcrc2_noRT" "non-targeting_noRT"
"16916" "Gm6602" 0 NA NA NA NA 0 0 "Uqcrc2_noRT" "non-targeting_noRT"
"16917" "Amy2a5" 0 NA NA NA NA 0 0 "Uqcrc2_noRT" "non-targeting_noRT"
"16918" "Amy2a4" 0 NA NA NA NA 0 0 "Uqcrc2_noRT" "non-targeting_noRT"
"16919" "Amy2a3" 0 NA NA NA NA 0 0 "Uqcrc2_noRT" "non-targeting_noRT"
"16920" "Amy2a2" 0 NA NA NA NA 0 0 "Uqcrc2_noRT" "non-targeting_noRT"
"16921" "Amy2a1" 0 NA NA NA NA 0 0 "Uqcrc2_noRT" "non-targeting_noRT"
"16922" "Olfm3" 0 NA NA NA NA 0 0 "Uqcrc2_noRT" "non-targeting_noRT"
"16923" "S1pr1" 0 NA NA NA NA 0 0 "Uqcrc2_noRT" "non-targeting_noRT"
"16924" "Gm9889" 0 NA NA NA NA 0 0 "Uqcrc2_noRT" "non-targeting_noRT"
"16925" "Vcam1" 0 NA NA NA NA 0 0 "Uqcrc2_noRT" "non-targeting_noRT"
"16926" "Gm43109" 0 NA NA NA NA 0 0 "Uqcrc2_noRT" "non-targeting_noRT"
"16927" "Gm26544" 0 NA NA NA NA 0 0 "Uqcrc2_noRT" "non-targeting_noRT"
"16928" "Gm31651" 0 NA NA NA NA 0 0 "Uqcrc2_noRT" "non-targeting_noRT"
"16929" "Gpr88" 0 NA NA NA NA 0 0 "Uqcrc2_noRT" "non-targeting_noRT"
"16930" "Gm29151" 0 NA NA NA NA 0 0 "Uqcrc2_noRT" "non-targeting_noRT"
"16931" "Lrrc39" 0 NA NA NA NA 0 0 "Uqcrc2_noRT" "non-targeting_noRT"
"16932" "Gm42893" 0 NA NA NA NA 0 0 "Uqcrc2_noRT" "non-targeting_noRT"
"16933" "Gm42457" 0 NA NA NA NA 0 0 "Uqcrc2_noRT" "non-targeting_noRT"
"16934" "Palmd" 0 NA NA NA NA 0 0 "Uqcrc2_noRT" "non-targeting_noRT"
"16935" "4930455H04Rik" 0 NA NA NA NA 0 0 "Uqcrc2_noRT" "non-targeting_noRT"
"16936" "1700061I17Rik" 0 NA NA NA NA 0 0 "Uqcrc2_noRT" "non-targeting_noRT"
"16937" "Gm42891" 0 NA NA NA NA 0 0 "Uqcrc2_noRT" "non-targeting_noRT"
"16938" "Plppr4" 0 NA NA NA NA 0 0 "Uqcrc2_noRT" "non-targeting_noRT"
"16939" "Plppr5" 0 NA NA NA NA 0 0 "Uqcrc2_noRT" "non-targeting_noRT"
"16940" "4921521D15Rik" 0 NA NA NA NA 0 0 "Uqcrc2_noRT" "non-targeting_noRT"
"16941" "Gm26871" 0 NA NA NA NA 0 0 "Uqcrc2_noRT" "non-targeting_noRT"
"16942" "Gm9916" 0 NA NA NA NA 0 0 "Uqcrc2_noRT" "non-targeting_noRT"
"16943" "Dpyd" 0 NA NA NA NA 0 0 "Uqcrc2_noRT" "non-targeting_noRT"
"16944" "6530403H02Rik" 0 NA NA NA NA 0 0 "Uqcrc2_noRT" "non-targeting_noRT"
"16945" "Tmem56" 0 NA NA NA NA 0 0 "Uqcrc2_noRT" "non-targeting_noRT"
"16946" "A530020G20Rik" 0 NA NA NA NA 0 0 "Uqcrc2_noRT" "non-targeting_noRT"
"16947" "A730020M07Rik" 0 NA NA NA NA 0 0 "Uqcrc2_noRT" "non-targeting_noRT"
"16948" "4930432M17Rik" 0 NA NA NA NA 0 0 "Uqcrc2_noRT" "non-targeting_noRT"
"16949" "Gm43607" 0 NA NA NA NA 0 0 "Uqcrc2_noRT" "non-targeting_noRT"
"16950" "Arhgap29" 0 NA NA NA NA 0 0 "Uqcrc2_noRT" "non-targeting_noRT"
"16951" "Abca4" 0 NA NA NA NA 0 0 "Uqcrc2_noRT" "non-targeting_noRT"
"16952" "Gm40190" 0 NA NA NA NA 0 0 "Uqcrc2_noRT" "non-targeting_noRT"
"16953" "Bcar3" 0 NA NA NA NA 0 0 "Uqcrc2_noRT" "non-targeting_noRT"
"16954" "Gm4610" 0 NA NA NA NA 0 0 "Uqcrc2_noRT" "non-targeting_noRT"
"16955" "Gm42836" 0 NA NA NA NA 0 0 "Uqcrc2_noRT" "non-targeting_noRT"
"16956" "Gm43569" 0 NA NA NA NA 0 0 "Uqcrc2_noRT" "non-targeting_noRT"
"16957" "Gm43568" 0 NA NA NA NA 0 0 "Uqcrc2_noRT" "non-targeting_noRT"
"16958" "Pde5a" 0 NA NA NA NA 0 0 "Uqcrc2_noRT" "non-targeting_noRT"
"16959" "4930447N08Rik" 0 NA NA NA NA 0 0 "Uqcrc2_noRT" "non-targeting_noRT"
"16960" "4933405D12Rik" 0 NA NA NA NA 0 0 "Uqcrc2_noRT" "non-targeting_noRT"
"16961" "Fabp2" 0 NA NA NA NA 0 0 "Uqcrc2_noRT" "non-targeting_noRT"
"16962" "Gm10959" 0 NA NA NA NA 0 0 "Uqcrc2_noRT" "non-targeting_noRT"
"16963" "Synpo2" 0 NA NA NA NA 0 0 "Uqcrc2_noRT" "non-targeting_noRT"
"16964" "Gm35065" 0 NA NA NA NA 0 0 "Uqcrc2_noRT" "non-targeting_noRT"
"16965" "Ndst3" 0 NA NA NA NA 0 0 "Uqcrc2_noRT" "non-targeting_noRT"
"16966" "Gm43731" 0 NA NA NA NA 0 0 "Uqcrc2_noRT" "non-targeting_noRT"
"16967" "Tram1l1" 0 NA NA NA NA 0 0 "Uqcrc2_noRT" "non-targeting_noRT"
"16968" "1700006A11Rik" 0 NA NA NA NA 0 0 "Uqcrc2_noRT" "non-targeting_noRT"
"16969" "Gm42823" 0 NA NA NA NA 0 0 "Uqcrc2_noRT" "non-targeting_noRT"
"16970" "1700003H04Rik" 0 NA NA NA NA 0 0 "Uqcrc2_noRT" "non-targeting_noRT"
"16971" "Gm42825" 0 NA NA NA NA 0 0 "Uqcrc2_noRT" "non-targeting_noRT"
"16972" "Ndst4" 0 NA NA NA NA 0 0 "Uqcrc2_noRT" "non-targeting_noRT"
"16973" "Gm42827" 0 NA NA NA NA 0 0 "Uqcrc2_noRT" "non-targeting_noRT"
"16974" "Gm17225" 0 NA NA NA NA 0 0 "Uqcrc2_noRT" "non-targeting_noRT"
"16975" "Gm15551" 0 NA NA NA NA 0 0 "Uqcrc2_noRT" "non-targeting_noRT"
"16976" "Gm16958" 0 NA NA NA NA 0 0 "Uqcrc2_noRT" "non-targeting_noRT"
"16977" "Gm43729" 0 NA NA NA NA 0 0 "Uqcrc2_noRT" "non-targeting_noRT"
"16978" "Neurog2" 0 NA NA NA NA 0 0 "Uqcrc2_noRT" "non-targeting_noRT"
"16979" "Gm35585" 0 NA NA NA NA 0 0 "Uqcrc2_noRT" "non-targeting_noRT"
"16980" "9830132P13Rik" 0 NA NA NA NA 0 0 "Uqcrc2_noRT" "non-targeting_noRT"
"16981" "Gm35667" 0 NA NA NA NA 0 0 "Uqcrc2_noRT" "non-targeting_noRT"
"16982" "D030025E07Rik" 0 NA NA NA NA 0 0 "Uqcrc2_noRT" "non-targeting_noRT"
"16983" "Gm43824" 0 NA NA NA NA 0 0 "Uqcrc2_noRT" "non-targeting_noRT"
"16984" "4933424H11Rik" 0 NA NA NA NA 0 0 "Uqcrc2_noRT" "non-targeting_noRT"
"16985" "Gm28543" 0 NA NA NA NA 0 0 "Uqcrc2_noRT" "non-targeting_noRT"
"16986" "Pitx2" 0 NA NA NA NA 0 0 "Uqcrc2_noRT" "non-targeting_noRT"
"16987" "Gm27195" 0 NA NA NA NA 0 0 "Uqcrc2_noRT" "non-targeting_noRT"
"16988" "Enpep" 0 NA NA NA NA 0 0 "Uqcrc2_noRT" "non-targeting_noRT"
"16989" "Gm35986" 0 NA NA NA NA 0 0 "Uqcrc2_noRT" "non-targeting_noRT"
"16990" "Gm42697" 0 NA NA NA NA 0 0 "Uqcrc2_noRT" "non-targeting_noRT"
"16991" "Gm42650" 0 NA NA NA NA 0 0 "Uqcrc2_noRT" "non-targeting_noRT"
"16992" "6330410L21Rik" 0 NA NA NA NA 0 0 "Uqcrc2_noRT" "non-targeting_noRT"
"16993" "Lrit3" 0 NA NA NA NA 0 0 "Uqcrc2_noRT" "non-targeting_noRT"
"16994" "Cfi" 0 NA NA NA NA 0 0 "Uqcrc2_noRT" "non-targeting_noRT"
"16995" "Col25a1" 0 NA NA NA NA 0 0 "Uqcrc2_noRT" "non-targeting_noRT"
"16996" "Etnppl" 0 NA NA NA NA 0 0 "Uqcrc2_noRT" "non-targeting_noRT"
"16997" "Gm43522" 0 NA NA NA NA 0 0 "Uqcrc2_noRT" "non-targeting_noRT"
"16998" "2010110G14Rik" 0 NA NA NA NA 0 0 "Uqcrc2_noRT" "non-targeting_noRT"
"16999" "Gm36520" 0 NA NA NA NA 0 0 "Uqcrc2_noRT" "non-targeting_noRT"
"17000" "Gm43351" 0 NA NA NA NA 0 0 "Uqcrc2_noRT" "non-targeting_noRT"
"17001" "Gm43349" 0 NA NA NA NA 0 0 "Uqcrc2_noRT" "non-targeting_noRT"
"17002" "Lef1os1" 0 NA NA NA NA 0 0 "Uqcrc2_noRT" "non-targeting_noRT"
"17003" "Lef1" 0 NA NA NA NA 0 0 "Uqcrc2_noRT" "non-targeting_noRT"
"17004" "4930534D22Rik" 0 NA NA NA NA 0 0 "Uqcrc2_noRT" "non-targeting_noRT"
"17005" "Gm29865" 0 NA NA NA NA 0 0 "Uqcrc2_noRT" "non-targeting_noRT"
"17006" "Dkk2" 0 NA NA NA NA 0 0 "Uqcrc2_noRT" "non-targeting_noRT"
"17007" "Gm42880" 0 NA NA NA NA 0 0 "Uqcrc2_noRT" "non-targeting_noRT"
"17008" "Gimd1" 0 NA NA NA NA 0 0 "Uqcrc2_noRT" "non-targeting_noRT"
"17009" "Gm29811" 0 NA NA NA NA 0 0 "Uqcrc2_noRT" "non-targeting_noRT"
"17010" "Npnt" 0 NA NA NA NA 0 0 "Uqcrc2_noRT" "non-targeting_noRT"
"17011" "Arhgef38" 0 NA NA NA NA 0 0 "Uqcrc2_noRT" "non-targeting_noRT"
"17012" "Gm42567" 0 NA NA NA NA 0 0 "Uqcrc2_noRT" "non-targeting_noRT"
"17013" "Gm40153" 0 NA NA NA NA 0 0 "Uqcrc2_noRT" "non-targeting_noRT"
"17014" "Gm6135" 0 NA NA NA NA 0 0 "Uqcrc2_noRT" "non-targeting_noRT"
"17015" "Gm30484" 0 NA NA NA NA 0 0 "Uqcrc2_noRT" "non-targeting_noRT"
"17016" "Gm26691" 0 NA NA NA NA 0 0 "Uqcrc2_noRT" "non-targeting_noRT"
"17017" "Gm43192" 0 NA NA NA NA 0 0 "Uqcrc2_noRT" "non-targeting_noRT"
"17018" "Gm30648" 0 NA NA NA NA 0 0 "Uqcrc2_noRT" "non-targeting_noRT"
"17019" "Cxxc4" 0 NA NA NA NA 0 0 "Uqcrc2_noRT" "non-targeting_noRT"
"17020" "4930539C22Rik" 0 NA NA NA NA 0 0 "Uqcrc2_noRT" "non-targeting_noRT"
"17021" "Gm26820" 0 NA NA NA NA 0 0 "Uqcrc2_noRT" "non-targeting_noRT"
"17022" "Tacr3" 0 NA NA NA NA 0 0 "Uqcrc2_noRT" "non-targeting_noRT"
"17023" "Slc9b2" 0 NA NA NA NA 0 0 "Uqcrc2_noRT" "non-targeting_noRT"
"17024" "4930539J05Rik" 0 NA NA NA NA 0 0 "Uqcrc2_noRT" "non-targeting_noRT"
"17025" "4933401H06Rik" 0 NA NA NA NA 0 0 "Uqcrc2_noRT" "non-targeting_noRT"
"17026" "Gm31243" 0 NA NA NA NA 0 0 "Uqcrc2_noRT" "non-targeting_noRT"
"17027" "1700030L20Rik" 0 NA NA NA NA 0 0 "Uqcrc2_noRT" "non-targeting_noRT"
"17028" "Gm43357" 0 NA NA NA NA 0 0 "Uqcrc2_noRT" "non-targeting_noRT"
"17029" "Gm43356" 0 NA NA NA NA 0 0 "Uqcrc2_noRT" "non-targeting_noRT"
"17030" "Gm567" 0 NA NA NA NA 0 0 "Uqcrc2_noRT" "non-targeting_noRT"
"17031" "Emcn" 0 NA NA NA NA 0 0 "Uqcrc2_noRT" "non-targeting_noRT"
"17032" "Gm4861" 0 NA NA NA NA 0 0 "Uqcrc2_noRT" "non-targeting_noRT"
"17033" "Gm21962" 0 NA NA NA NA 0 0 "Uqcrc2_noRT" "non-targeting_noRT"
"17034" "Gm42610" 0 NA NA NA NA 0 0 "Uqcrc2_noRT" "non-targeting_noRT"
"17035" "Gm31678" 0 NA NA NA NA 0 0 "Uqcrc2_noRT" "non-targeting_noRT"
"17036" "Gm40155" 0 NA NA NA NA 0 0 "Uqcrc2_noRT" "non-targeting_noRT"
"17037" "Gm19708" 0 NA NA NA NA 0 0 "Uqcrc2_noRT" "non-targeting_noRT"
"17038" "Gm5105" 0 NA NA NA NA 0 0 "Uqcrc2_noRT" "non-targeting_noRT"
"17039" "1110002E22Rik" 0 NA NA NA NA 0 0 "Uqcrc2_noRT" "non-targeting_noRT"
"17040" "Gm43691" 0 NA NA NA NA 0 0 "Uqcrc2_noRT" "non-targeting_noRT"
"17041" "4930579F01Rik" 0 NA NA NA NA 0 0 "Uqcrc2_noRT" "non-targeting_noRT"
"17042" "0610031O16Rik" 0 NA NA NA NA 0 0 "Uqcrc2_noRT" "non-targeting_noRT"
"17043" "Adh1" 0 NA NA NA NA 0 0 "Uqcrc2_noRT" "non-targeting_noRT"
"17044" "Gm16559" 0 NA NA NA NA 0 0 "Uqcrc2_noRT" "non-targeting_noRT"
"17045" "Adh6a" 0 NA NA NA NA 0 0 "Uqcrc2_noRT" "non-targeting_noRT"
"17046" "Adh6b" 0 NA NA NA NA 0 0 "Uqcrc2_noRT" "non-targeting_noRT"
"17047" "Adh4" 0 NA NA NA NA 0 0 "Uqcrc2_noRT" "non-targeting_noRT"
"17048" "4930425O10Rik" 0 NA NA NA NA 0 0 "Uqcrc2_noRT" "non-targeting_noRT"
"17049" "Gm32693" 0 NA NA NA NA 0 0 "Uqcrc2_noRT" "non-targeting_noRT"
"17050" "Gm43678" 0 NA NA NA NA 0 0 "Uqcrc2_noRT" "non-targeting_noRT"
"17051" "Gm43049" 0 NA NA NA NA 0 0 "Uqcrc2_noRT" "non-targeting_noRT"
"17052" "Gm32754" 0 NA NA NA NA 0 0 "Uqcrc2_noRT" "non-targeting_noRT"
"17053" "4930590L14Rik" 0 NA NA NA NA 0 0 "Uqcrc2_noRT" "non-targeting_noRT"
"17054" "Pdha2" 0 NA NA NA NA 0 0 "Uqcrc2_noRT" "non-targeting_noRT"
"17055" "Gm15688" 0 NA NA NA NA 0 0 "Uqcrc2_noRT" "non-targeting_noRT"
"17056" "Gm15689" 0 NA NA NA NA 0 0 "Uqcrc2_noRT" "non-targeting_noRT"
"17057" "Bmpr1b" 0 NA NA NA NA 0 0 "Uqcrc2_noRT" "non-targeting_noRT"
"17058" "Gm15540" 0 NA NA NA NA 0 0 "Uqcrc2_noRT" "non-targeting_noRT"
"17059" "9530052C20Rik" 0 NA NA NA NA 0 0 "Uqcrc2_noRT" "non-targeting_noRT"
"17060" "4930519L02Rik" 0 NA NA NA NA 0 0 "Uqcrc2_noRT" "non-targeting_noRT"
"17061" "Gm43614" 0 NA NA NA NA 0 0 "Uqcrc2_noRT" "non-targeting_noRT"
"17062" "A830019L24Rik" 0 NA NA NA NA 0 0 "Uqcrc2_noRT" "non-targeting_noRT"
"17063" "Gm43613" 0 NA NA NA NA 0 0 "Uqcrc2_noRT" "non-targeting_noRT"
"17064" "Gm43612" 0 NA NA NA NA 0 0 "Uqcrc2_noRT" "non-targeting_noRT"
"17065" "1700001N15Rik" 0 NA NA NA NA 0 0 "Uqcrc2_noRT" "non-targeting_noRT"
"17066" "Gm43616" 0 NA NA NA NA 0 0 "Uqcrc2_noRT" "non-targeting_noRT"
"17067" "Gm33651" 0 NA NA NA NA 0 0 "Uqcrc2_noRT" "non-targeting_noRT"
"17068" "Gm33758" 0 NA NA NA NA 0 0 "Uqcrc2_noRT" "non-targeting_noRT"
"17069" "Gm42704" 0 NA NA NA NA 0 0 "Uqcrc2_noRT" "non-targeting_noRT"
"17070" "Gm6260" 0 NA NA NA NA 0 0 "Uqcrc2_noRT" "non-targeting_noRT"
"17071" "Gm42705" 0 NA NA NA NA 0 0 "Uqcrc2_noRT" "non-targeting_noRT"
"17072" "Gm42706" 0 NA NA NA NA 0 0 "Uqcrc2_noRT" "non-targeting_noRT"
"17073" "Gm42707" 0 NA NA NA NA 0 0 "Uqcrc2_noRT" "non-targeting_noRT"
"17074" "Gm42708" 0 NA NA NA NA 0 0 "Uqcrc2_noRT" "non-targeting_noRT"
"17075" "Gm34078" 0 NA NA NA NA 0 0 "Uqcrc2_noRT" "non-targeting_noRT"
"17076" "Gm43446" 0 NA NA NA NA 0 0 "Uqcrc2_noRT" "non-targeting_noRT"
"17077" "Gm43447" 0 NA NA NA NA 0 0 "Uqcrc2_noRT" "non-targeting_noRT"
"17078" "Gm34866" 0 NA NA NA NA 0 0 "Uqcrc2_noRT" "non-targeting_noRT"
"17079" "Clca3a2" 0 NA NA NA NA 0 0 "Uqcrc2_noRT" "non-targeting_noRT"
"17080" "Gm43240" 0 NA NA NA NA 0 0 "Uqcrc2_noRT" "non-targeting_noRT"
"17081" "Clca3b" 0 NA NA NA NA 0 0 "Uqcrc2_noRT" "non-targeting_noRT"
"17082" "Clca4b" 0 NA NA NA NA 0 0 "Uqcrc2_noRT" "non-targeting_noRT"
"17083" "Gm16233" 0 NA NA NA NA 0 0 "Uqcrc2_noRT" "non-targeting_noRT"
"17084" "Clca1" 0 NA NA NA NA 0 0 "Uqcrc2_noRT" "non-targeting_noRT"
"17085" "9530034A14Rik" 0 NA NA NA NA 0 0 "Uqcrc2_noRT" "non-targeting_noRT"
"17086" "D530037P16Rik" 0 NA NA NA NA 0 0 "Uqcrc2_noRT" "non-targeting_noRT"
"17087" "Gm35409" 0 NA NA NA NA 0 0 "Uqcrc2_noRT" "non-targeting_noRT"
"17088" "Wdr63" 0 NA NA NA NA 0 0 "Uqcrc2_noRT" "non-targeting_noRT"
"17089" "Mcoln3" 0 NA NA NA NA 0 0 "Uqcrc2_noRT" "non-targeting_noRT"
"17090" "Mcoln2" 0 NA NA NA NA 0 0 "Uqcrc2_noRT" "non-targeting_noRT"
"17091" "Lpar3" 0 NA NA NA NA 0 0 "Uqcrc2_noRT" "non-targeting_noRT"
"17092" "Gm10636" 0 NA NA NA NA 0 0 "Uqcrc2_noRT" "non-targeting_noRT"
"17093" "Uox" 0 NA NA NA NA 0 0 "Uqcrc2_noRT" "non-targeting_noRT"
"17094" "Dnase2b" 0 NA NA NA NA 0 0 "Uqcrc2_noRT" "non-targeting_noRT"
"17095" "Gm16325" 0 NA NA NA NA 0 0 "Uqcrc2_noRT" "non-targeting_noRT"
"17096" "4930503B20Rik" 0 NA NA NA NA 0 0 "Uqcrc2_noRT" "non-targeting_noRT"
"17097" "Samd13" 0 NA NA NA NA 0 0 "Uqcrc2_noRT" "non-targeting_noRT"
"17098" "Ttll7" 0 NA NA NA NA 0 0 "Uqcrc2_noRT" "non-targeting_noRT"
"17099" "Gm29771" 0 NA NA NA NA 0 0 "Uqcrc2_noRT" "non-targeting_noRT"
"17100" "Gm36831" 0 NA NA NA NA 0 0 "Uqcrc2_noRT" "non-targeting_noRT"
"17101" "Gm37041" 0 NA NA NA NA 0 0 "Uqcrc2_noRT" "non-targeting_noRT"
"17102" "Gm43574" 0 NA NA NA NA 0 0 "Uqcrc2_noRT" "non-targeting_noRT"
"17103" "Adgrl2" 0 NA NA NA NA 0 0 "Uqcrc2_noRT" "non-targeting_noRT"
"17104" "Gm43573" 0 NA NA NA NA 0 0 "Uqcrc2_noRT" "non-targeting_noRT"
"17105" "Gm43572" 0 NA NA NA NA 0 0 "Uqcrc2_noRT" "non-targeting_noRT"
"17106" "Gm10287" 0 NA NA NA NA 0 0 "Uqcrc2_noRT" "non-targeting_noRT"
"17107" "Gm30382" 0 NA NA NA NA 0 0 "Uqcrc2_noRT" "non-targeting_noRT"
"17108" "Gm5149" 0 NA NA NA NA 0 0 "Uqcrc2_noRT" "non-targeting_noRT"
"17109" "Gm31121" 0 NA NA NA NA 0 0 "Uqcrc2_noRT" "non-targeting_noRT"
"17110" "Gm43470" 0 NA NA NA NA 0 0 "Uqcrc2_noRT" "non-targeting_noRT"
"17111" "Gm43468" 0 NA NA NA NA 0 0 "Uqcrc2_noRT" "non-targeting_noRT"
"17112" "4930555A03Rik" 0 NA NA NA NA 0 0 "Uqcrc2_noRT" "non-targeting_noRT"
"17113" "Gm42949" 0 NA NA NA NA 0 0 "Uqcrc2_noRT" "non-targeting_noRT"
"17114" "Adgrl4" 0 NA NA NA NA 0 0 "Uqcrc2_noRT" "non-targeting_noRT"
"17115" "Ptgfr" 0 NA NA NA NA 0 0 "Uqcrc2_noRT" "non-targeting_noRT"
"17116" "Gm43617" 0 NA NA NA NA 0 0 "Uqcrc2_noRT" "non-targeting_noRT"
"17117" "Gm43619" 0 NA NA NA NA 0 0 "Uqcrc2_noRT" "non-targeting_noRT"
"17118" "Gm31881" 0 NA NA NA NA 0 0 "Uqcrc2_noRT" "non-targeting_noRT"
"17119" "AI115009" 0 NA NA NA NA 0 0 "Uqcrc2_noRT" "non-targeting_noRT"
"17120" "St6galnac5" 0 NA NA NA NA 0 0 "Uqcrc2_noRT" "non-targeting_noRT"
"17121" "Gm16213" 0 NA NA NA NA 0 0 "Uqcrc2_noRT" "non-targeting_noRT"
"17122" "Gm16231" 0 NA NA NA NA 0 0 "Uqcrc2_noRT" "non-targeting_noRT"
"17123" "1700094M23Rik" 0 NA NA NA NA 0 0 "Uqcrc2_noRT" "non-targeting_noRT"
"17124" "St6galnac3" 0 NA NA NA NA 0 0 "Uqcrc2_noRT" "non-targeting_noRT"
"17125" "1700012D16Rik" 0 NA NA NA NA 0 0 "Uqcrc2_noRT" "non-targeting_noRT"
"17126" "1700015C17Rik" 0 NA NA NA NA 0 0 "Uqcrc2_noRT" "non-targeting_noRT"
"17127" "5730460C07Rik" 0 NA NA NA NA 0 0 "Uqcrc2_noRT" "non-targeting_noRT"
"17128" "Asb17os" 0 NA NA NA NA 0 0 "Uqcrc2_noRT" "non-targeting_noRT"
"17129" "Asb17" 0 NA NA NA NA 0 0 "Uqcrc2_noRT" "non-targeting_noRT"
"17130" "Msh4" 0 NA NA NA NA 0 0 "Uqcrc2_noRT" "non-targeting_noRT"
"17131" "Gm43400" 0 NA NA NA NA 0 0 "Uqcrc2_noRT" "non-targeting_noRT"
"17132" "Slc44a5" 0 NA NA NA NA 0 0 "Uqcrc2_noRT" "non-targeting_noRT"
"17133" "Lhx8" 0 NA NA NA NA 0 0 "Uqcrc2_noRT" "non-targeting_noRT"
"17134" "AI606473" 0 NA NA NA NA 0 0 "Uqcrc2_noRT" "non-targeting_noRT"
"17135" "Gm20389" 0 NA NA NA NA 0 0 "Uqcrc2_noRT" "non-targeting_noRT"
"17136" "Tnni3k" 0 NA NA NA NA 0 0 "Uqcrc2_noRT" "non-targeting_noRT"
"17137" "9330178D15Rik" 0 NA NA NA NA 0 0 "Uqcrc2_noRT" "non-targeting_noRT"
"17138" "Gm42947" 0 NA NA NA NA 0 0 "Uqcrc2_noRT" "non-targeting_noRT"
"17139" "4930570G19Rik" 0 NA NA NA NA 0 0 "Uqcrc2_noRT" "non-targeting_noRT"
"17140" "Negr1" 0 NA NA NA NA 0 0 "Uqcrc2_noRT" "non-targeting_noRT"
"17141" "Gm15577" 0 NA NA NA NA 0 0 "Uqcrc2_noRT" "non-targeting_noRT"
"17142" "Ptger3" 0 NA NA NA NA 0 0 "Uqcrc2_noRT" "non-targeting_noRT"
"17143" "Gm33466" 0 NA NA NA NA 0 0 "Uqcrc2_noRT" "non-targeting_noRT"
"17144" "B230334C09Rik" 0 NA NA NA NA 0 0 "Uqcrc2_noRT" "non-targeting_noRT"
"17145" "Lrrc7" 0 NA NA NA NA 0 0 "Uqcrc2_noRT" "non-targeting_noRT"
"17146" "Gm20752" 0 NA NA NA NA 0 0 "Uqcrc2_noRT" "non-targeting_noRT"
"17147" "Rpe65" 0 NA NA NA NA 0 0 "Uqcrc2_noRT" "non-targeting_noRT"
"17148" "Vmn1r2" 0 NA NA NA NA 0 0 "Uqcrc2_noRT" "non-targeting_noRT"
"17149" "Vmn1r3" 0 NA NA NA NA 0 0 "Uqcrc2_noRT" "non-targeting_noRT"
"17150" "AI838599" 0 NA NA NA NA 0 0 "Uqcrc2_noRT" "non-targeting_noRT"
"17151" "2210414B05Rik" 0 NA NA NA NA 0 0 "Uqcrc2_noRT" "non-targeting_noRT"
"17152" "Mos" 0 NA NA NA NA 0 0 "Uqcrc2_noRT" "non-targeting_noRT"
"17153" "Sdr16c6" 0 NA NA NA NA 0 0 "Uqcrc2_noRT" "non-targeting_noRT"
"17154" "Penk" 0 NA NA NA NA 0 0 "Uqcrc2_noRT" "non-targeting_noRT"
"17155" "A830012C17Rik" 0 NA NA NA NA 0 0 "Uqcrc2_noRT" "non-targeting_noRT"
"17156" "Gm11782" 0 NA NA NA NA 0 0 "Uqcrc2_noRT" "non-targeting_noRT"
"17157" "4930423M02Rik" 0 NA NA NA NA 0 0 "Uqcrc2_noRT" "non-targeting_noRT"
"17158" "Cyp7a1" 0 NA NA NA NA 0 0 "Uqcrc2_noRT" "non-targeting_noRT"
"17159" "4930430E12Rik" 0 NA NA NA NA 0 0 "Uqcrc2_noRT" "non-targeting_noRT"
"17160" "Gm11802" 0 NA NA NA NA 0 0 "Uqcrc2_noRT" "non-targeting_noRT"
"17161" "8430436N08Rik" 0 NA NA NA NA 0 0 "Uqcrc2_noRT" "non-targeting_noRT"
"17162" "Gm11795" 0 NA NA NA NA 0 0 "Uqcrc2_noRT" "non-targeting_noRT"
"17163" "Car8" 0 NA NA NA NA 0 0 "Uqcrc2_noRT" "non-targeting_noRT"
"17164" "Clvs1" 0 NA NA NA NA 0 0 "Uqcrc2_noRT" "non-targeting_noRT"
"17165" "Gm11816" 0 NA NA NA NA 0 0 "Uqcrc2_noRT" "non-targeting_noRT"
"17166" "Gm11817" 0 NA NA NA NA 0 0 "Uqcrc2_noRT" "non-targeting_noRT"
"17167" "Gdf6" 0 NA NA NA NA 0 0 "Uqcrc2_noRT" "non-targeting_noRT"
"17168" "1700123O12Rik" 0 NA NA NA NA 0 0 "Uqcrc2_noRT" "non-targeting_noRT"
"17169" "Gm11815" 0 NA NA NA NA 0 0 "Uqcrc2_noRT" "non-targeting_noRT"
"17170" "Gm11827" 0 NA NA NA NA 0 0 "Uqcrc2_noRT" "non-targeting_noRT"
"17171" "Esrp1" 0 NA NA NA NA 0 0 "Uqcrc2_noRT" "non-targeting_noRT"
"17172" "Gm11832" 0 NA NA NA NA 0 0 "Uqcrc2_noRT" "non-targeting_noRT"
"17173" "Gem" 0 NA NA NA NA 0 0 "Uqcrc2_noRT" "non-targeting_noRT"
"17174" "Cdh17" 0 NA NA NA NA 0 0 "Uqcrc2_noRT" "non-targeting_noRT"
"17175" "Gm11840" 0 NA NA NA NA 0 0 "Uqcrc2_noRT" "non-targeting_noRT"
"17176" "Gm11842" 0 NA NA NA NA 0 0 "Uqcrc2_noRT" "non-targeting_noRT"
"17177" "Gm11846" 0 NA NA NA NA 0 0 "Uqcrc2_noRT" "non-targeting_noRT"
"17178" "Gm11820" 0 NA NA NA NA 0 0 "Uqcrc2_noRT" "non-targeting_noRT"
"17179" "Runx1t1" 0 NA NA NA NA 0 0 "Uqcrc2_noRT" "non-targeting_noRT"
"17180" "Gm11823" 0 NA NA NA NA 0 0 "Uqcrc2_noRT" "non-targeting_noRT"
"17181" "Slc26a7" 0 NA NA NA NA 0 0 "Uqcrc2_noRT" "non-targeting_noRT"
"17182" "Lrrc69" 0 NA NA NA NA 0 0 "Uqcrc2_noRT" "non-targeting_noRT"
"17183" "Necab1" 0 NA NA NA NA 0 0 "Uqcrc2_noRT" "non-targeting_noRT"
"17184" "Gm11844" 0 NA NA NA NA 0 0 "Uqcrc2_noRT" "non-targeting_noRT"
"17185" "Calb1" 0 NA NA NA NA 0 0 "Uqcrc2_noRT" "non-targeting_noRT"
"17186" "Gm11861" 0 NA NA NA NA 0 0 "Uqcrc2_noRT" "non-targeting_noRT"
"17187" "Gm11851" 0 NA NA NA NA 0 0 "Uqcrc2_noRT" "non-targeting_noRT"
"17188" "Gm11867" 0 NA NA NA NA 0 0 "Uqcrc2_noRT" "non-targeting_noRT"
"17189" "Cnbd1" 0 NA NA NA NA 0 0 "Uqcrc2_noRT" "non-targeting_noRT"
"17190" "Gm12353" 0 NA NA NA NA 0 0 "Uqcrc2_noRT" "non-targeting_noRT"
"17191" "Gm12354" 0 NA NA NA NA 0 0 "Uqcrc2_noRT" "non-targeting_noRT"
"17192" "Slc7a13" 0 NA NA NA NA 0 0 "Uqcrc2_noRT" "non-targeting_noRT"
"17193" "Atp6v0d2" 0 NA NA NA NA 0 0 "Uqcrc2_noRT" "non-targeting_noRT"
"17194" "4930480G23Rik" 0 NA NA NA NA 0 0 "Uqcrc2_noRT" "non-targeting_noRT"
"17195" "Nkain3" 0 NA NA NA NA 0 0 "Uqcrc2_noRT" "non-targeting_noRT"
"17196" "Gm11872" 0 NA NA NA NA 0 0 "Uqcrc2_noRT" "non-targeting_noRT"
"17197" "Prdm13" 0 NA NA NA NA 0 0 "Uqcrc2_noRT" "non-targeting_noRT"
"17198" "1700025O08Rik" 0 NA NA NA NA 0 0 "Uqcrc2_noRT" "non-targeting_noRT"
"17199" "Gm11884" 0 NA NA NA NA 0 0 "Uqcrc2_noRT" "non-targeting_noRT"
"17200" "Gm28448" 0 NA NA NA NA 0 0 "Uqcrc2_noRT" "non-targeting_noRT"
"17201" "Gm27243" 0 NA NA NA NA 0 0 "Uqcrc2_noRT" "non-targeting_noRT"
"17202" "Gm11899" 0 NA NA NA NA 0 0 "Uqcrc2_noRT" "non-targeting_noRT"
"17203" "C230012O17Rik" 0 NA NA NA NA 0 0 "Uqcrc2_noRT" "non-targeting_noRT"
"17204" "Gpr63" 0 NA NA NA NA 0 0 "Uqcrc2_noRT" "non-targeting_noRT"
"17205" "Gm11906" 0 NA NA NA NA 0 0 "Uqcrc2_noRT" "non-targeting_noRT"
"17206" "Fhl5" 0 NA NA NA NA 0 0 "Uqcrc2_noRT" "non-targeting_noRT"
"17207" "Fut9" 0 NA NA NA NA 0 0 "Uqcrc2_noRT" "non-targeting_noRT"
"17208" "4930548K13Rik" 0 NA NA NA NA 0 0 "Uqcrc2_noRT" "non-targeting_noRT"
"17209" "Epha7" 0 NA NA NA NA 0 0 "Uqcrc2_noRT" "non-targeting_noRT"
"17210" "Gm11915" 0 NA NA NA NA 0 0 "Uqcrc2_noRT" "non-targeting_noRT"
"17211" "Gm11917" 0 NA NA NA NA 0 0 "Uqcrc2_noRT" "non-targeting_noRT"
"17212" "Gm11916" 0 NA NA NA NA 0 0 "Uqcrc2_noRT" "non-targeting_noRT"
"17213" "Gm11924" 0 NA NA NA NA 0 0 "Uqcrc2_noRT" "non-targeting_noRT"
"17214" "4930556G01Rik" 0 NA NA NA NA 0 0 "Uqcrc2_noRT" "non-targeting_noRT"
"17215" "Bach2it1" 0 NA NA NA NA 0 0 "Uqcrc2_noRT" "non-targeting_noRT"
"17216" "Bach2os" 0 NA NA NA NA 0 0 "Uqcrc2_noRT" "non-targeting_noRT"
"17217" "Gja10" 0 NA NA NA NA 0 0 "Uqcrc2_noRT" "non-targeting_noRT"
"17218" "Gabrr1" 0 NA NA NA NA 0 0 "Uqcrc2_noRT" "non-targeting_noRT"
"17219" "Pm20d2" 0 NA NA NA NA 0 0 "Uqcrc2_noRT" "non-targeting_noRT"
"17220" "Srsf12" 0 NA NA NA NA 0 0 "Uqcrc2_noRT" "non-targeting_noRT"
"17221" "Gm11934" 0 NA NA NA NA 0 0 "Uqcrc2_noRT" "non-targeting_noRT"
"17222" "Cnr1" 0 NA NA NA NA 0 0 "Uqcrc2_noRT" "non-targeting_noRT"
"17223" "Spaca1" 0 NA NA NA NA 0 0 "Uqcrc2_noRT" "non-targeting_noRT"
"17224" "Gm12753" 0 NA NA NA NA 0 0 "Uqcrc2_noRT" "non-targeting_noRT"
"17225" "Cfap206" 0 NA NA NA NA 0 0 "Uqcrc2_noRT" "non-targeting_noRT"
"17226" "Gm136" 0 NA NA NA NA 0 0 "Uqcrc2_noRT" "non-targeting_noRT"
"17227" "Cga" 0 NA NA NA NA 0 0 "Uqcrc2_noRT" "non-targeting_noRT"
"17228" "Platr9" 0 NA NA NA NA 0 0 "Uqcrc2_noRT" "non-targeting_noRT"
"17229" "Gm12364" 0 NA NA NA NA 0 0 "Uqcrc2_noRT" "non-targeting_noRT"
"17230" "Ifnk" 0 NA NA NA NA 0 0 "Uqcrc2_noRT" "non-targeting_noRT"
"17231" "Gm12367" 0 NA NA NA NA 0 0 "Uqcrc2_noRT" "non-targeting_noRT"
"17232" "Lingo2" 0 NA NA NA NA 0 0 "Uqcrc2_noRT" "non-targeting_noRT"
"17233" "Gm12371" 0 NA NA NA NA 0 0 "Uqcrc2_noRT" "non-targeting_noRT"
"17234" "Gm12374" 0 NA NA NA NA 0 0 "Uqcrc2_noRT" "non-targeting_noRT"
"17235" "Gm12381" 0 NA NA NA NA 0 0 "Uqcrc2_noRT" "non-targeting_noRT"
"17236" "Gm17094" 0 NA NA NA NA 0 0 "Uqcrc2_noRT" "non-targeting_noRT"
"17237" "1700009N14Rik" 0 NA NA NA NA 0 0 "Uqcrc2_noRT" "non-targeting_noRT"
"17238" "4930509K18Rik" 0 NA NA NA NA 0 0 "Uqcrc2_noRT" "non-targeting_noRT"
"17239" "Tmem215" 0 NA NA NA NA 0 0 "Uqcrc2_noRT" "non-targeting_noRT"
"17240" "4933428C19Rik" 0 NA NA NA NA 0 0 "Uqcrc2_noRT" "non-targeting_noRT"
"17241" "Aqp3" 0 NA NA NA NA 0 0 "Uqcrc2_noRT" "non-targeting_noRT"
"17242" "1110017D15Rik" 0 NA NA NA NA 0 0 "Uqcrc2_noRT" "non-targeting_noRT"
"17243" "Fam219aos" 0 NA NA NA NA 0 0 "Uqcrc2_noRT" "non-targeting_noRT"
"17244" "Gm12404" 0 NA NA NA NA 0 0 "Uqcrc2_noRT" "non-targeting_noRT"
"17245" "Dnaic1" 0 NA NA NA NA 0 0 "Uqcrc2_noRT" "non-targeting_noRT"
"17246" "Enho" 0 NA NA NA NA 0 0 "Uqcrc2_noRT" "non-targeting_noRT"
"17247" "Gm12406" 0 NA NA NA NA 0 0 "Uqcrc2_noRT" "non-targeting_noRT"
"17248" "Gm12405" 0 NA NA NA NA 0 0 "Uqcrc2_noRT" "non-targeting_noRT"
"17249" "Gm13307" 0 NA NA NA NA 0 0 "Uqcrc2_noRT" "non-targeting_noRT"
"17250" "Gm21541" 0 NA NA NA NA 0 0 "Uqcrc2_noRT" "non-targeting_noRT"
"17251" "Gm20878" 0 NA NA NA NA 0 0 "Uqcrc2_noRT" "non-targeting_noRT"
"17252" "Fam205a4" 0 NA NA NA NA 0 0 "Uqcrc2_noRT" "non-targeting_noRT"
"17253" "Gm3892" 0 NA NA NA NA 0 0 "Uqcrc2_noRT" "non-targeting_noRT"
"17254" "Gm3893" 0 NA NA NA NA 0 0 "Uqcrc2_noRT" "non-targeting_noRT"
"17255" "Gm13304" 0 NA NA NA NA 0 0 "Uqcrc2_noRT" "non-targeting_noRT"
"17256" "Gm13299" 0 NA NA NA NA 0 0 "Uqcrc2_noRT" "non-targeting_noRT"
"17257" "Gm13306" 0 NA NA NA NA 0 0 "Uqcrc2_noRT" "non-targeting_noRT"
"17258" "Gm13305" 0 NA NA NA NA 0 0 "Uqcrc2_noRT" "non-targeting_noRT"
"17259" "Gm17167" 0 NA NA NA NA 0 0 "Uqcrc2_noRT" "non-targeting_noRT"
"17260" "Ccl21b" 0 NA NA NA NA 0 0 "Uqcrc2_noRT" "non-targeting_noRT"
"17261" "Gm21980" 0 NA NA NA NA 0 0 "Uqcrc2_noRT" "non-targeting_noRT"
"17262" "Gm21953" 0 NA NA NA NA 0 0 "Uqcrc2_noRT" "non-targeting_noRT"
"17263" "Fam205a3" 0 NA NA NA NA 0 0 "Uqcrc2_noRT" "non-targeting_noRT"
"17264" "Gm21586" 0 NA NA NA NA 0 0 "Uqcrc2_noRT" "non-targeting_noRT"
"17265" "Fam205a2" 0 NA NA NA NA 0 0 "Uqcrc2_noRT" "non-targeting_noRT"
"17266" "Gm10591" 0 NA NA NA NA 0 0 "Uqcrc2_noRT" "non-targeting_noRT"
"17267" "Ccl27b" 0 NA NA NA NA 0 0 "Uqcrc2_noRT" "non-targeting_noRT"
"17268" "Il11ra2" 0 NA NA NA NA 0 0 "Uqcrc2_noRT" "non-targeting_noRT"
"17269" "4930578G10Rik" 0 NA NA NA NA 0 0 "Uqcrc2_noRT" "non-targeting_noRT"
"17270" "Gm12395" 0 NA NA NA NA 0 0 "Uqcrc2_noRT" "non-targeting_noRT"
"17271" "Ccl21a" 0 NA NA NA NA 0 0 "Uqcrc2_noRT" "non-targeting_noRT"
"17272" "Gm12394" 0 NA NA NA NA 0 0 "Uqcrc2_noRT" "non-targeting_noRT"
"17273" "Fam205a1" 0 NA NA NA NA 0 0 "Uqcrc2_noRT" "non-targeting_noRT"
"17274" "Fam205c" 0 NA NA NA NA 0 0 "Uqcrc2_noRT" "non-targeting_noRT"
"17275" "Phf24" 0 NA NA NA NA 0 0 "Uqcrc2_noRT" "non-targeting_noRT"
"17276" "Unc13b" 0 NA NA NA NA 0 0 "Uqcrc2_noRT" "non-targeting_noRT"
"17277" "Atp8b5" 0 NA NA NA NA 0 0 "Uqcrc2_noRT" "non-targeting_noRT"
"17278" "Fam166b" 0 NA NA NA NA 0 0 "Uqcrc2_noRT" "non-targeting_noRT"
"17279" "Sit1" 0 NA NA NA NA 0 0 "Uqcrc2_noRT" "non-targeting_noRT"
"17280" "Msmp" 0 NA NA NA NA 0 0 "Uqcrc2_noRT" "non-targeting_noRT"
"17281" "Gm12472" 0 NA NA NA NA 0 0 "Uqcrc2_noRT" "non-targeting_noRT"
"17282" "Gm12473" 0 NA NA NA NA 0 0 "Uqcrc2_noRT" "non-targeting_noRT"
"17283" "Spag8" 0 NA NA NA NA 0 0 "Uqcrc2_noRT" "non-targeting_noRT"
"17284" "Tmem8b" 0 NA NA NA NA 0 0 "Uqcrc2_noRT" "non-targeting_noRT"
"17285" "Olfr70" 0 NA NA NA NA 0 0 "Uqcrc2_noRT" "non-targeting_noRT"
"17286" "Olfr71" 0 NA NA NA NA 0 0 "Uqcrc2_noRT" "non-targeting_noRT"
"17287" "Hrct1" 0 NA NA NA NA 0 0 "Uqcrc2_noRT" "non-targeting_noRT"
"17288" "Spaar" 0 NA NA NA NA 0 0 "Uqcrc2_noRT" "non-targeting_noRT"
"17289" "Olfr159" 0 NA NA NA NA 0 0 "Uqcrc2_noRT" "non-targeting_noRT"
"17290" "Olfr156" 0 NA NA NA NA 0 0 "Uqcrc2_noRT" "non-targeting_noRT"
"17291" "Olfr157" 0 NA NA NA NA 0 0 "Uqcrc2_noRT" "non-targeting_noRT"
"17292" "Olfr155" 0 NA NA NA NA 0 0 "Uqcrc2_noRT" "non-targeting_noRT"
"17293" "Reck" 0 NA NA NA NA 0 0 "Uqcrc2_noRT" "non-targeting_noRT"
"17294" "Ccin" 0 NA NA NA NA 0 0 "Uqcrc2_noRT" "non-targeting_noRT"
"17295" "Gm12503" 0 NA NA NA NA 0 0 "Uqcrc2_noRT" "non-targeting_noRT"
"17296" "Gm12462" 0 NA NA NA NA 0 0 "Uqcrc2_noRT" "non-targeting_noRT"
"17297" "Gm12678" 0 NA NA NA NA 0 0 "Uqcrc2_noRT" "non-targeting_noRT"
"17298" "Gm12493" 0 NA NA NA NA 0 0 "Uqcrc2_noRT" "non-targeting_noRT"
"17299" "Gm12679" 0 NA NA NA NA 0 0 "Uqcrc2_noRT" "non-targeting_noRT"
"17300" "Frmpd1" 0 NA NA NA NA 0 0 "Uqcrc2_noRT" "non-targeting_noRT"
"17301" "Frmpd1os" 0 NA NA NA NA 0 0 "Uqcrc2_noRT" "non-targeting_noRT"
"17302" "Gm829" 0 NA NA NA NA 0 0 "Uqcrc2_noRT" "non-targeting_noRT"
"17303" "Gm12410" 0 NA NA NA NA 0 0 "Uqcrc2_noRT" "non-targeting_noRT"
"17304" "Gm12409" 0 NA NA NA NA 0 0 "Uqcrc2_noRT" "non-targeting_noRT"
"17305" "Aldh1b1" 0 NA NA NA NA 0 0 "Uqcrc2_noRT" "non-targeting_noRT"
"17306" "Igfbpl1" 0 NA NA NA NA 0 0 "Uqcrc2_noRT" "non-targeting_noRT"
"17307" "Stra6l" 0 NA NA NA NA 0 0 "Uqcrc2_noRT" "non-targeting_noRT"
"17308" "Gm12446" 0 NA NA NA NA 0 0 "Uqcrc2_noRT" "non-targeting_noRT"
"17309" "Foxe1" 0 NA NA NA NA 0 0 "Uqcrc2_noRT" "non-targeting_noRT"
"17310" "Hemgn" 0 NA NA NA NA 0 0 "Uqcrc2_noRT" "non-targeting_noRT"
"17311" "Gm16731" 0 NA NA NA NA 0 0 "Uqcrc2_noRT" "non-targeting_noRT"
"17312" "Tbc1d2" 0 NA NA NA NA 0 0 "Uqcrc2_noRT" "non-targeting_noRT"
"17313" "Gabbr2" 0 NA NA NA NA 0 0 "Uqcrc2_noRT" "non-targeting_noRT"
"17314" "Gm568" 0 NA NA NA NA 0 0 "Uqcrc2_noRT" "non-targeting_noRT"
"17315" "Gm12426" 0 NA NA NA NA 0 0 "Uqcrc2_noRT" "non-targeting_noRT"
"17316" "Gm12434" 0 NA NA NA NA 0 0 "Uqcrc2_noRT" "non-targeting_noRT"
"17317" "Cavin4" 0 NA NA NA NA 0 0 "Uqcrc2_noRT" "non-targeting_noRT"
"17318" "Gm12436" 0 NA NA NA NA 0 0 "Uqcrc2_noRT" "non-targeting_noRT"
"17319" "Plppr1" 0 NA NA NA NA 0 0 "Uqcrc2_noRT" "non-targeting_noRT"
"17320" "Acnat2" 0 NA NA NA NA 0 0 "Uqcrc2_noRT" "non-targeting_noRT"
"17321" "Acnat1" 0 NA NA NA NA 0 0 "Uqcrc2_noRT" "non-targeting_noRT"
"17322" "Baat" 0 NA NA NA NA 0 0 "Uqcrc2_noRT" "non-targeting_noRT"
"17323" "Aldob" 0 NA NA NA NA 0 0 "Uqcrc2_noRT" "non-targeting_noRT"
"17324" "Grin3a" 0 NA NA NA NA 0 0 "Uqcrc2_noRT" "non-targeting_noRT"
"17325" "Ppp3r2" 0 NA NA NA NA 0 0 "Uqcrc2_noRT" "non-targeting_noRT"
"17326" "Cylc2" 0 NA NA NA NA 0 0 "Uqcrc2_noRT" "non-targeting_noRT"
"17327" "C630028M04Rik" 0 NA NA NA NA 0 0 "Uqcrc2_noRT" "non-targeting_noRT"
"17328" "Toporsl" 0 NA NA NA NA 0 0 "Uqcrc2_noRT" "non-targeting_noRT"
"17329" "Olfr275" 0 NA NA NA NA 0 0 "Uqcrc2_noRT" "non-targeting_noRT"
"17330" "Olfr273" 0 NA NA NA NA 0 0 "Uqcrc2_noRT" "non-targeting_noRT"
"17331" "Olfr272" 0 NA NA NA NA 0 0 "Uqcrc2_noRT" "non-targeting_noRT"
"17332" "Olfr270" 0 NA NA NA NA 0 0 "Uqcrc2_noRT" "non-targeting_noRT"
"17333" "Nipsnap3a" 0 NA NA NA NA 0 0 "Uqcrc2_noRT" "non-targeting_noRT"
"17334" "Abca1" 0 NA NA NA NA 0 0 "Uqcrc2_noRT" "non-targeting_noRT"
"17335" "4930412L05Rik" 0 NA NA NA NA 0 0 "Uqcrc2_noRT" "non-targeting_noRT"
"17336" "4930522O17Rik" 0 NA NA NA NA 0 0 "Uqcrc2_noRT" "non-targeting_noRT"
"17337" "AI427809" 0 NA NA NA NA 0 0 "Uqcrc2_noRT" "non-targeting_noRT"
"17338" "Gm12496" 0 NA NA NA NA 0 0 "Uqcrc2_noRT" "non-targeting_noRT"
"17339" "1700060J05Rik" 0 NA NA NA NA 0 0 "Uqcrc2_noRT" "non-targeting_noRT"
"17340" "Tal2" 0 NA NA NA NA 0 0 "Uqcrc2_noRT" "non-targeting_noRT"
"17341" "Gm12484" 0 NA NA NA NA 0 0 "Uqcrc2_noRT" "non-targeting_noRT"
"17342" "Gm29067" 0 NA NA NA NA 0 0 "Uqcrc2_noRT" "non-targeting_noRT"
"17343" "Gm12478" 0 NA NA NA NA 0 0 "Uqcrc2_noRT" "non-targeting_noRT"
"17344" "Gm12480" 0 NA NA NA NA 0 0 "Uqcrc2_noRT" "non-targeting_noRT"
"17345" "Gm12514" 0 NA NA NA NA 0 0 "Uqcrc2_noRT" "non-targeting_noRT"
"17346" "Gm12505" 0 NA NA NA NA 0 0 "Uqcrc2_noRT" "non-targeting_noRT"
"17347" "Gm12510" 0 NA NA NA NA 0 0 "Uqcrc2_noRT" "non-targeting_noRT"
"17348" "Gm12511" 0 NA NA NA NA 0 0 "Uqcrc2_noRT" "non-targeting_noRT"
"17349" "Gm12506" 0 NA NA NA NA 0 0 "Uqcrc2_noRT" "non-targeting_noRT"
"17350" "Gm12519" 0 NA NA NA NA 0 0 "Uqcrc2_noRT" "non-targeting_noRT"
"17351" "2310081O03Rik" 0 NA NA NA NA 0 0 "Uqcrc2_noRT" "non-targeting_noRT"
"17352" "Gm26657" 0 NA NA NA NA 0 0 "Uqcrc2_noRT" "non-targeting_noRT"
"17353" "Actl7a" 0 NA NA NA NA 0 0 "Uqcrc2_noRT" "non-targeting_noRT"
"17354" "Gm12536" 0 NA NA NA NA 0 0 "Uqcrc2_noRT" "non-targeting_noRT"
"17355" "1700042G15Rik" 0 NA NA NA NA 0 0 "Uqcrc2_noRT" "non-targeting_noRT"
"17356" "Txndc8" 0 NA NA NA NA 0 0 "Uqcrc2_noRT" "non-targeting_noRT"
"17357" "Svep1" 0 NA NA NA NA 0 0 "Uqcrc2_noRT" "non-targeting_noRT"
"17358" "Musk" 0 NA NA NA NA 0 0 "Uqcrc2_noRT" "non-targeting_noRT"
"17359" "Lpar1" 0 NA NA NA NA 0 0 "Uqcrc2_noRT" "non-targeting_noRT"
"17360" "Gm12580" 0 NA NA NA NA 0 0 "Uqcrc2_noRT" "non-targeting_noRT"
"17361" "Zkscan16" 0 NA NA NA NA 0 0 "Uqcrc2_noRT" "non-targeting_noRT"
"17362" "Shoc1" 0 NA NA NA NA 0 0 "Uqcrc2_noRT" "non-targeting_noRT"
"17363" "Gm12594" 0 NA NA NA NA 0 0 "Uqcrc2_noRT" "non-targeting_noRT"
"17364" "Gm12596" 0 NA NA NA NA 0 0 "Uqcrc2_noRT" "non-targeting_noRT"
"17365" "Gm12542" 0 NA NA NA NA 0 0 "Uqcrc2_noRT" "non-targeting_noRT"
"17366" "Slc46a2" 0 NA NA NA NA 0 0 "Uqcrc2_noRT" "non-targeting_noRT"
"17367" "Mup4" 0 NA NA NA NA 0 0 "Uqcrc2_noRT" "non-targeting_noRT"
"17368" "Mup6" 0 NA NA NA NA 0 0 "Uqcrc2_noRT" "non-targeting_noRT"
"17369" "Mup7" 0 NA NA NA NA 0 0 "Uqcrc2_noRT" "non-targeting_noRT"
"17370" "Mup2" 0 NA NA NA NA 0 0 "Uqcrc2_noRT" "non-targeting_noRT"
"17371" "Mup8" 0 NA NA NA NA 0 0 "Uqcrc2_noRT" "non-targeting_noRT"
"17372" "Mup9" 0 NA NA NA NA 0 0 "Uqcrc2_noRT" "non-targeting_noRT"
"17373" "Mup1" 0 NA NA NA NA 0 0 "Uqcrc2_noRT" "non-targeting_noRT"
"17374" "Gm13773" 0 NA NA NA NA 0 0 "Uqcrc2_noRT" "non-targeting_noRT"
"17375" "Mup10" 0 NA NA NA NA 0 0 "Uqcrc2_noRT" "non-targeting_noRT"
"17376" "Mup11" 0 NA NA NA NA 0 0 "Uqcrc2_noRT" "non-targeting_noRT"
"17377" "Mup12" 0 NA NA NA NA 0 0 "Uqcrc2_noRT" "non-targeting_noRT"
"17378" "Mup22" 0 NA NA NA NA 0 0 "Uqcrc2_noRT" "non-targeting_noRT"
"17379" "Mup13" 0 NA NA NA NA 0 0 "Uqcrc2_noRT" "non-targeting_noRT"
"17380" "Mup14" 0 NA NA NA NA 0 0 "Uqcrc2_noRT" "non-targeting_noRT"
"17381" "Mup15" 0 NA NA NA NA 0 0 "Uqcrc2_noRT" "non-targeting_noRT"
"17382" "Mup16" 0 NA NA NA NA 0 0 "Uqcrc2_noRT" "non-targeting_noRT"
"17383" "Mup17" 0 NA NA NA NA 0 0 "Uqcrc2_noRT" "non-targeting_noRT"
"17384" "Mup18" 0 NA NA NA NA 0 0 "Uqcrc2_noRT" "non-targeting_noRT"
"17385" "Mup19" 0 NA NA NA NA 0 0 "Uqcrc2_noRT" "non-targeting_noRT"
"17386" "Gm13775" 0 NA NA NA NA 0 0 "Uqcrc2_noRT" "non-targeting_noRT"
"17387" "Mup5" 0 NA NA NA NA 0 0 "Uqcrc2_noRT" "non-targeting_noRT"
"17388" "Mup20" 0 NA NA NA NA 0 0 "Uqcrc2_noRT" "non-targeting_noRT"
"17389" "Mup3" 0 NA NA NA NA 0 0 "Uqcrc2_noRT" "non-targeting_noRT"
"17390" "Gm12909" 0 NA NA NA NA 0 0 "Uqcrc2_noRT" "non-targeting_noRT"
"17391" "Gm12910" 0 NA NA NA NA 0 0 "Uqcrc2_noRT" "non-targeting_noRT"
"17392" "Mup21" 0 NA NA NA NA 0 0 "Uqcrc2_noRT" "non-targeting_noRT"
"17393" "Gm11209" 0 NA NA NA NA 0 0 "Uqcrc2_noRT" "non-targeting_noRT"
"17394" "Gm11210" 0 NA NA NA NA 0 0 "Uqcrc2_noRT" "non-targeting_noRT"
"17395" "Gm11211" 0 NA NA NA NA 0 0 "Uqcrc2_noRT" "non-targeting_noRT"
"17396" "Zfp618" 0 NA NA NA NA 0 0 "Uqcrc2_noRT" "non-targeting_noRT"
"17397" "Ambp" 0 NA NA NA NA 0 0 "Uqcrc2_noRT" "non-targeting_noRT"
"17398" "Kif12" 0 NA NA NA NA 0 0 "Uqcrc2_noRT" "non-targeting_noRT"
"17399" "Orm1" 0 NA NA NA NA 0 0 "Uqcrc2_noRT" "non-targeting_noRT"
"17400" "Orm3" 0 NA NA NA NA 0 0 "Uqcrc2_noRT" "non-targeting_noRT"
"17401" "Orm2" 0 NA NA NA NA 0 0 "Uqcrc2_noRT" "non-targeting_noRT"
"17402" "Aknaos" 0 NA NA NA NA 0 0 "Uqcrc2_noRT" "non-targeting_noRT"
"17403" "Gm11213" 0 NA NA NA NA 0 0 "Uqcrc2_noRT" "non-targeting_noRT"
"17404" "Tex48" 0 NA NA NA NA 0 0 "Uqcrc2_noRT" "non-targeting_noRT"
"17405" "Gm11482" 0 NA NA NA NA 0 0 "Uqcrc2_noRT" "non-targeting_noRT"
"17406" "Gm11214" 0 NA NA NA NA 0 0 "Uqcrc2_noRT" "non-targeting_noRT"
"17407" "Tnfsf15" 0 NA NA NA NA 0 0 "Uqcrc2_noRT" "non-targeting_noRT"
"17408" "Tnfsf8" 0 NA NA NA NA 0 0 "Uqcrc2_noRT" "non-targeting_noRT"
"17409" "Tnc" 0 NA NA NA NA 0 0 "Uqcrc2_noRT" "non-targeting_noRT"
"17410" "8030451A03Rik" 0 NA NA NA NA 0 0 "Uqcrc2_noRT" "non-targeting_noRT"
"17411" "Gm11216" 0 NA NA NA NA 0 0 "Uqcrc2_noRT" "non-targeting_noRT"
"17412" "Gm11217" 0 NA NA NA NA 0 0 "Uqcrc2_noRT" "non-targeting_noRT"
"17413" "Pappa" 0 NA NA NA NA 0 0 "Uqcrc2_noRT" "non-targeting_noRT"
"17414" "Gm11751" 0 NA NA NA NA 0 0 "Uqcrc2_noRT" "non-targeting_noRT"
"17415" "Gm12911" 0 NA NA NA NA 0 0 "Uqcrc2_noRT" "non-targeting_noRT"
"17416" "Brinp1" 0 NA NA NA NA 0 0 "Uqcrc2_noRT" "non-targeting_noRT"
"17417" "Gm11228" 0 NA NA NA NA 0 0 "Uqcrc2_noRT" "non-targeting_noRT"
"17418" "Gm11232" 0 NA NA NA NA 0 0 "Uqcrc2_noRT" "non-targeting_noRT"
"17419" "Gm11234" 0 NA NA NA NA 0 0 "Uqcrc2_noRT" "non-targeting_noRT"
"17420" "Gm11250" 0 NA NA NA NA 0 0 "Uqcrc2_noRT" "non-targeting_noRT"
"17421" "Gm11487" 0 NA NA NA NA 0 0 "Uqcrc2_noRT" "non-targeting_noRT"
"17422" "Gm11238" 0 NA NA NA NA 0 0 "Uqcrc2_noRT" "non-targeting_noRT"
"17423" "Gm11237" 0 NA NA NA NA 0 0 "Uqcrc2_noRT" "non-targeting_noRT"
"17424" "Gm11236" 0 NA NA NA NA 0 0 "Uqcrc2_noRT" "non-targeting_noRT"
"17425" "Gm11239" 0 NA NA NA NA 0 0 "Uqcrc2_noRT" "non-targeting_noRT"
"17426" "Gm428" 0 NA NA NA NA 0 0 "Uqcrc2_noRT" "non-targeting_noRT"
"17427" "Rasef" 0 NA NA NA NA 0 0 "Uqcrc2_noRT" "non-targeting_noRT"
"17428" "Gm11240" 0 NA NA NA NA 0 0 "Uqcrc2_noRT" "non-targeting_noRT"
"17429" "Gm11758" 0 NA NA NA NA 0 0 "Uqcrc2_noRT" "non-targeting_noRT"
"17430" "Gm11757" 0 NA NA NA NA 0 0 "Uqcrc2_noRT" "non-targeting_noRT"
"17431" "Gm13871" 0 NA NA NA NA 0 0 "Uqcrc2_noRT" "non-targeting_noRT"
"17432" "Gm11756" 0 NA NA NA NA 0 0 "Uqcrc2_noRT" "non-targeting_noRT"
"17433" "2310002L09Rik" 0 NA NA NA NA 0 0 "Uqcrc2_noRT" "non-targeting_noRT"
"17434" "Frmd3" 0 NA NA NA NA 0 0 "Uqcrc2_noRT" "non-targeting_noRT"
"17435" "Ptprd" 0 NA NA NA NA 0 0 "Uqcrc2_noRT" "non-targeting_noRT"
"17436" "Gm42303" 0 NA NA NA NA 0 0 "Uqcrc2_noRT" "non-targeting_noRT"
"17437" "B230208B08Rik" 0 NA NA NA NA 0 0 "Uqcrc2_noRT" "non-targeting_noRT"
"17438" "Gm11261" 0 NA NA NA NA 0 0 "Uqcrc2_noRT" "non-targeting_noRT"
"17439" "Tyrp1" 0 NA NA NA NA 0 0 "Uqcrc2_noRT" "non-targeting_noRT"
"17440" "Gm11412" 0 NA NA NA NA 0 0 "Uqcrc2_noRT" "non-targeting_noRT"
"17441" "Gm12914" 0 NA NA NA NA 0 0 "Uqcrc2_noRT" "non-targeting_noRT"
"17442" "Gm11264" 0 NA NA NA NA 0 0 "Uqcrc2_noRT" "non-targeting_noRT"
"17443" "Gm5860" 0 NA NA NA NA 0 0 "Uqcrc2_noRT" "non-targeting_noRT"
"17444" "Gm11267" 0 NA NA NA NA 0 0 "Uqcrc2_noRT" "non-targeting_noRT"
"17445" "Gm11269" 0 NA NA NA NA 0 0 "Uqcrc2_noRT" "non-targeting_noRT"
"17446" "Frem1" 0 NA NA NA NA 0 0 "Uqcrc2_noRT" "non-targeting_noRT"
"17447" "Gm11413" 0 NA NA NA NA 0 0 "Uqcrc2_noRT" "non-targeting_noRT"
"17448" "Gm11184" 0 NA NA NA NA 0 0 "Uqcrc2_noRT" "non-targeting_noRT"
"17449" "Gm26968" 0 NA NA NA NA 0 0 "Uqcrc2_noRT" "non-targeting_noRT"
"17450" "Gm11415" 0 NA NA NA NA 0 0 "Uqcrc2_noRT" "non-targeting_noRT"
"17451" "6030471H07Rik" 0 NA NA NA NA 0 0 "Uqcrc2_noRT" "non-targeting_noRT"
"17452" "Gm12414" 0 NA NA NA NA 0 0 "Uqcrc2_noRT" "non-targeting_noRT"
"17453" "Bnc2" 0 NA NA NA NA 0 0 "Uqcrc2_noRT" "non-targeting_noRT"
"17454" "Gm12415" 0 NA NA NA NA 0 0 "Uqcrc2_noRT" "non-targeting_noRT"
"17455" "Cntln" 0 NA NA NA NA 0 0 "Uqcrc2_noRT" "non-targeting_noRT"
"17456" "Sh3gl2" 0 NA NA NA NA 0 0 "Uqcrc2_noRT" "non-targeting_noRT"
"17457" "Adamtsl1" 0 NA NA NA NA 0 0 "Uqcrc2_noRT" "non-targeting_noRT"
"17458" "Saxo1" 0 NA NA NA NA 0 0 "Uqcrc2_noRT" "non-targeting_noRT"
"17459" "Saxo1os" 0 NA NA NA NA 0 0 "Uqcrc2_noRT" "non-targeting_noRT"
"17460" "Acer2" 0 NA NA NA NA 0 0 "Uqcrc2_noRT" "non-targeting_noRT"
"17461" "Slc24a2" 0 NA NA NA NA 0 0 "Uqcrc2_noRT" "non-targeting_noRT"
"17462" "Gm12600" 0 NA NA NA NA 0 0 "Uqcrc2_noRT" "non-targeting_noRT"
"17463" "Gm12631" 0 NA NA NA NA 0 0 "Uqcrc2_noRT" "non-targeting_noRT"
"17464" "Ifnb1" 0 NA NA NA NA 0 0 "Uqcrc2_noRT" "non-targeting_noRT"
"17465" "Ifna15" 0 NA NA NA NA 0 0 "Uqcrc2_noRT" "non-targeting_noRT"
"17466" "Ifna14" 0 NA NA NA NA 0 0 "Uqcrc2_noRT" "non-targeting_noRT"
"17467" "Ifna9" 0 NA NA NA NA 0 0 "Uqcrc2_noRT" "non-targeting_noRT"
"17468" "Ifna12" 0 NA NA NA NA 0 0 "Uqcrc2_noRT" "non-targeting_noRT"
"17469" "C87499" 0 NA NA NA NA 0 0 "Uqcrc2_noRT" "non-targeting_noRT"
"17470" "Ifna13" 0 NA NA NA NA 0 0 "Uqcrc2_noRT" "non-targeting_noRT"
"17471" "Ifna16" 0 NA NA NA NA 0 0 "Uqcrc2_noRT" "non-targeting_noRT"
"17472" "Ifna2" 0 NA NA NA NA 0 0 "Uqcrc2_noRT" "non-targeting_noRT"
"17473" "Ifnab" 0 NA NA NA NA 0 0 "Uqcrc2_noRT" "non-targeting_noRT"
"17474" "Gm26566" 0 NA NA NA NA 0 0 "Uqcrc2_noRT" "non-targeting_noRT"
"17475" "Gm13274" 0 NA NA NA NA 0 0 "Uqcrc2_noRT" "non-targeting_noRT"
"17476" "Gm13271" 0 NA NA NA NA 0 0 "Uqcrc2_noRT" "non-targeting_noRT"
"17477" "Gm13290" 0 NA NA NA NA 0 0 "Uqcrc2_noRT" "non-targeting_noRT"
"17478" "Gm13289" 0 NA NA NA NA 0 0 "Uqcrc2_noRT" "non-targeting_noRT"
"17479" "Ifnz" 0 NA NA NA NA 0 0 "Uqcrc2_noRT" "non-targeting_noRT"
"17480" "Gm13276" 0 NA NA NA NA 0 0 "Uqcrc2_noRT" "non-targeting_noRT"
"17481" "Gm13277" 0 NA NA NA NA 0 0 "Uqcrc2_noRT" "non-targeting_noRT"
"17482" "Gm13278" 0 NA NA NA NA 0 0 "Uqcrc2_noRT" "non-targeting_noRT"
"17483" "Gm13275" 0 NA NA NA NA 0 0 "Uqcrc2_noRT" "non-targeting_noRT"
"17484" "Gm13279" 0 NA NA NA NA 0 0 "Uqcrc2_noRT" "non-targeting_noRT"
"17485" "Gm13285" 0 NA NA NA NA 0 0 "Uqcrc2_noRT" "non-targeting_noRT"
"17486" "Gm13287" 0 NA NA NA NA 0 0 "Uqcrc2_noRT" "non-targeting_noRT"
"17487" "Gm13288" 0 NA NA NA NA 0 0 "Uqcrc2_noRT" "non-targeting_noRT"
"17488" "Ifna7" 0 NA NA NA NA 0 0 "Uqcrc2_noRT" "non-targeting_noRT"
"17489" "Ifna11" 0 NA NA NA NA 0 0 "Uqcrc2_noRT" "non-targeting_noRT"
"17490" "Ifna6" 0 NA NA NA NA 0 0 "Uqcrc2_noRT" "non-targeting_noRT"
"17491" "Ifna5" 0 NA NA NA NA 0 0 "Uqcrc2_noRT" "non-targeting_noRT"
"17492" "Ifna4" 0 NA NA NA NA 0 0 "Uqcrc2_noRT" "non-targeting_noRT"
"17493" "Ifna1" 0 NA NA NA NA 0 0 "Uqcrc2_noRT" "non-targeting_noRT"
"17494" "4930553M12Rik" 0 NA NA NA NA 0 0 "Uqcrc2_noRT" "non-targeting_noRT"
"17495" "Ifne" 0 NA NA NA NA 0 0 "Uqcrc2_noRT" "non-targeting_noRT"
"17496" "Gm12606" 0 NA NA NA NA 0 0 "Uqcrc2_noRT" "non-targeting_noRT"
"17497" "Gm12609" 0 NA NA NA NA 0 0 "Uqcrc2_noRT" "non-targeting_noRT"
"17498" "Gm12610" 0 NA NA NA NA 0 0 "Uqcrc2_noRT" "non-targeting_noRT"
"17499" "Gm12629" 0 NA NA NA NA 0 0 "Uqcrc2_noRT" "non-targeting_noRT"
"17500" "Zfp352" 0 NA NA NA NA 0 0 "Uqcrc2_noRT" "non-targeting_noRT"
"17501" "Gm12668" 0 NA NA NA NA 0 0 "Uqcrc2_noRT" "non-targeting_noRT"
"17502" "Gm12670" 0 NA NA NA NA 0 0 "Uqcrc2_noRT" "non-targeting_noRT"
"17503" "4930577H14Rik" 0 NA NA NA NA 0 0 "Uqcrc2_noRT" "non-targeting_noRT"
"17504" "Izumo3" 0 NA NA NA NA 0 0 "Uqcrc2_noRT" "non-targeting_noRT"
"17505" "Gm12666" 0 NA NA NA NA 0 0 "Uqcrc2_noRT" "non-targeting_noRT"
"17506" "Gm12637" 0 NA NA NA NA 0 0 "Uqcrc2_noRT" "non-targeting_noRT"
"17507" "Tusc1" 0 NA NA NA NA 0 0 "Uqcrc2_noRT" "non-targeting_noRT"
"17508" "Gm12649" 0 NA NA NA NA 0 0 "Uqcrc2_noRT" "non-targeting_noRT"
"17509" "Gm12648" 0 NA NA NA NA 0 0 "Uqcrc2_noRT" "non-targeting_noRT"
"17510" "Gm12655" 0 NA NA NA NA 0 0 "Uqcrc2_noRT" "non-targeting_noRT"
"17511" "Tek" 0 NA NA NA NA 0 0 "Uqcrc2_noRT" "non-targeting_noRT"
"17512" "Eqtn" 0 NA NA NA NA 0 0 "Uqcrc2_noRT" "non-targeting_noRT"
"17513" "Gm12694" 0 NA NA NA NA 0 0 "Uqcrc2_noRT" "non-targeting_noRT"
"17514" "Gm12703" 0 NA NA NA NA 0 0 "Uqcrc2_noRT" "non-targeting_noRT"
"17515" "4930551L18Rik" 0 NA NA NA NA 0 0 "Uqcrc2_noRT" "non-targeting_noRT"
"17516" "Gm28096" 0 NA NA NA NA 0 0 "Uqcrc2_noRT" "non-targeting_noRT"
"17517" "Gm12708" 0 NA NA NA NA 0 0 "Uqcrc2_noRT" "non-targeting_noRT"
"17518" "Gm29064" 0 NA NA NA NA 0 0 "Uqcrc2_noRT" "non-targeting_noRT"
"17519" "Gm830" 0 NA NA NA NA 0 0 "Uqcrc2_noRT" "non-targeting_noRT"
"17520" "Gm12707" 0 NA NA NA NA 0 0 "Uqcrc2_noRT" "non-targeting_noRT"
"17521" "Cyp2j12" 0 NA NA NA NA 0 0 "Uqcrc2_noRT" "non-targeting_noRT"
"17522" "Cyp2j7" 0 NA NA NA NA 0 0 "Uqcrc2_noRT" "non-targeting_noRT"
"17523" "Cyp2j11" 0 NA NA NA NA 0 0 "Uqcrc2_noRT" "non-targeting_noRT"
"17524" "Cyp2j8" 0 NA NA NA NA 0 0 "Uqcrc2_noRT" "non-targeting_noRT"
"17525" "Cyp2j5" 0 NA NA NA NA 0 0 "Uqcrc2_noRT" "non-targeting_noRT"
"17526" "Gm12695" 0 NA NA NA NA 0 0 "Uqcrc2_noRT" "non-targeting_noRT"
"17527" "Gm12676" 0 NA NA NA NA 0 0 "Uqcrc2_noRT" "non-targeting_noRT"
"17528" "0610025J13Rik" 0 NA NA NA NA 0 0 "Uqcrc2_noRT" "non-targeting_noRT"
"17529" "L1td1" 0 NA NA NA NA 0 0 "Uqcrc2_noRT" "non-targeting_noRT"
"17530" "Kank4" 0 NA NA NA NA 0 0 "Uqcrc2_noRT" "non-targeting_noRT"
"17531" "I0C0044D17Rik" 0 NA NA NA NA 0 0 "Uqcrc2_noRT" "non-targeting_noRT"
"17532" "Angptl3" 0 NA NA NA NA 0 0 "Uqcrc2_noRT" "non-targeting_noRT"
"17533" "Gm12681" 0 NA NA NA NA 0 0 "Uqcrc2_noRT" "non-targeting_noRT"
"17534" "Gm12690" 0 NA NA NA NA 0 0 "Uqcrc2_noRT" "non-targeting_noRT"
"17535" "Gm12688" 0 NA NA NA NA 0 0 "Uqcrc2_noRT" "non-targeting_noRT"
"17536" "Foxd3" 0 NA NA NA NA 0 0 "Uqcrc2_noRT" "non-targeting_noRT"
"17537" "Gm12682" 0 NA NA NA NA 0 0 "Uqcrc2_noRT" "non-targeting_noRT"
"17538" "Gm12702" 0 NA NA NA NA 0 0 "Uqcrc2_noRT" "non-targeting_noRT"
"17539" "Ror1" 0 NA NA NA NA 0 0 "Uqcrc2_noRT" "non-targeting_noRT"
"17540" "Gm12701" 0 NA NA NA NA 0 0 "Uqcrc2_noRT" "non-targeting_noRT"
"17541" "Ube2u" 0 NA NA NA NA 0 0 "Uqcrc2_noRT" "non-targeting_noRT"
"17542" "Ube2uos" 0 NA NA NA NA 0 0 "Uqcrc2_noRT" "non-targeting_noRT"
"17543" "Cachd1" 0 NA NA NA NA 0 0 "Uqcrc2_noRT" "non-targeting_noRT"
"17544" "Raver2" 0 NA NA NA NA 0 0 "Uqcrc2_noRT" "non-targeting_noRT"
"17545" "Gm12801" 0 NA NA NA NA 0 0 "Uqcrc2_noRT" "non-targeting_noRT"
"17546" "Gm12796" 0 NA NA NA NA 0 0 "Uqcrc2_noRT" "non-targeting_noRT"
"17547" "0610043K17Rik" 0 NA NA NA NA 0 0 "Uqcrc2_noRT" "non-targeting_noRT"
"17548" "Gm12798" 0 NA NA NA NA 0 0 "Uqcrc2_noRT" "non-targeting_noRT"
"17549" "Dnajc6" 0 NA NA NA NA 0 0 "Uqcrc2_noRT" "non-targeting_noRT"
"17550" "B020004J07Rik" 0 NA NA NA NA 0 0 "Uqcrc2_noRT" "non-targeting_noRT"
"17551" "C130073F10Rik" 0 NA NA NA NA 0 0 "Uqcrc2_noRT" "non-targeting_noRT"
"17552" "Gm12800" 0 NA NA NA NA 0 0 "Uqcrc2_noRT" "non-targeting_noRT"
"17553" "Gm12794" 0 NA NA NA NA 0 0 "Uqcrc2_noRT" "non-targeting_noRT"
"17554" "Gm12790" 0 NA NA NA NA 0 0 "Uqcrc2_noRT" "non-targeting_noRT"
"17555" "Gm12789" 0 NA NA NA NA 0 0 "Uqcrc2_noRT" "non-targeting_noRT"
"17556" "Gm12709" 0 NA NA NA NA 0 0 "Uqcrc2_noRT" "non-targeting_noRT"
"17557" "Tctex1d1" 0 NA NA NA NA 0 0 "Uqcrc2_noRT" "non-targeting_noRT"
"17558" "BB031773" 0 NA NA NA NA 0 0 "Uqcrc2_noRT" "non-targeting_noRT"
"17559" "Insl5" 0 NA NA NA NA 0 0 "Uqcrc2_noRT" "non-targeting_noRT"
"17560" "Gm44037" 0 NA NA NA NA 0 0 "Uqcrc2_noRT" "non-targeting_noRT"
"17561" "4921539E11Rik" 0 NA NA NA NA 0 0 "Uqcrc2_noRT" "non-targeting_noRT"
"17562" "4930456L15Rik" 0 NA NA NA NA 0 0 "Uqcrc2_noRT" "non-targeting_noRT"
"17563" "Gm12718" 0 NA NA NA NA 0 0 "Uqcrc2_noRT" "non-targeting_noRT"
"17564" "Gm12720" 0 NA NA NA NA 0 0 "Uqcrc2_noRT" "non-targeting_noRT"
"17565" "Dab1" 0 NA NA NA NA 0 0 "Uqcrc2_noRT" "non-targeting_noRT"
"17566" "C8b" 0 NA NA NA NA 0 0 "Uqcrc2_noRT" "non-targeting_noRT"
"17567" "C8a" 0 NA NA NA NA 0 0 "Uqcrc2_noRT" "non-targeting_noRT"
"17568" "Gm17662" 0 NA NA NA NA 0 0 "Uqcrc2_noRT" "non-targeting_noRT"
"17569" "Fyb2" 0 NA NA NA NA 0 0 "Uqcrc2_noRT" "non-targeting_noRT"
"17570" "Gm12728" 0 NA NA NA NA 0 0 "Uqcrc2_noRT" "non-targeting_noRT"
"17571" "Gm12729" 0 NA NA NA NA 0 0 "Uqcrc2_noRT" "non-targeting_noRT"
"17572" "Gm12724" 0 NA NA NA NA 0 0 "Uqcrc2_noRT" "non-targeting_noRT"
"17573" "Gm12730" 0 NA NA NA NA 0 0 "Uqcrc2_noRT" "non-targeting_noRT"
"17574" "Pcsk9" 0 NA NA NA NA 0 0 "Uqcrc2_noRT" "non-targeting_noRT"
"17575" "Bsnd" 0 NA NA NA NA 0 0 "Uqcrc2_noRT" "non-targeting_noRT"
"17576" "Tmem61" 0 NA NA NA NA 0 0 "Uqcrc2_noRT" "non-targeting_noRT"
"17577" "2700068H02Rik" 0 NA NA NA NA 0 0 "Uqcrc2_noRT" "non-targeting_noRT"
"17578" "Gm12744" 0 NA NA NA NA 0 0 "Uqcrc2_noRT" "non-targeting_noRT"
"17579" "Ttc22" 0 NA NA NA NA 0 0 "Uqcrc2_noRT" "non-targeting_noRT"
"17580" "Fam151a" 0 NA NA NA NA 0 0 "Uqcrc2_noRT" "non-targeting_noRT"
"17581" "Acot11" 0 NA NA NA NA 0 0 "Uqcrc2_noRT" "non-targeting_noRT"
"17582" "Gm12746" 0 NA NA NA NA 0 0 "Uqcrc2_noRT" "non-targeting_noRT"
"17583" "Gm12786" 0 NA NA NA NA 0 0 "Uqcrc2_noRT" "non-targeting_noRT"
"17584" "Cdcp2" 0 NA NA NA NA 0 0 "Uqcrc2_noRT" "non-targeting_noRT"
"17585" "Ldlrad1" 0 NA NA NA NA 0 0 "Uqcrc2_noRT" "non-targeting_noRT"
"17586" "Gm12869" 0 NA NA NA NA 0 0 "Uqcrc2_noRT" "non-targeting_noRT"
"17587" "Dmrtb1" 0 NA NA NA NA 0 0 "Uqcrc2_noRT" "non-targeting_noRT"
"17588" "1700047F07Rik" 0 NA NA NA NA 0 0 "Uqcrc2_noRT" "non-targeting_noRT"
"17589" "Gm12907" 0 NA NA NA NA 0 0 "Uqcrc2_noRT" "non-targeting_noRT"
"17590" "4933424M12Rik" 0 NA NA NA NA 0 0 "Uqcrc2_noRT" "non-targeting_noRT"
"17591" "Lrp8os3" 0 NA NA NA NA 0 0 "Uqcrc2_noRT" "non-targeting_noRT"
"17592" "Lrp8os2" 0 NA NA NA NA 0 0 "Uqcrc2_noRT" "non-targeting_noRT"
"17593" "Lrp8os1" 0 NA NA NA NA 0 0 "Uqcrc2_noRT" "non-targeting_noRT"
"17594" "4930407G08Rik" 0 NA NA NA NA 0 0 "Uqcrc2_noRT" "non-targeting_noRT"
"17595" "Podn" 0 NA NA NA NA 0 0 "Uqcrc2_noRT" "non-targeting_noRT"
"17596" "Zyg11a" 0 NA NA NA NA 0 0 "Uqcrc2_noRT" "non-targeting_noRT"
"17597" "Shisal2a" 0 NA NA NA NA 0 0 "Uqcrc2_noRT" "non-targeting_noRT"
"17598" "Gm12737" 0 NA NA NA NA 0 0 "Uqcrc2_noRT" "non-targeting_noRT"
"17599" "Rab3b" 0 NA NA NA NA 0 0 "Uqcrc2_noRT" "non-targeting_noRT"
"17600" "8030443G20Rik" 0 NA NA NA NA 0 0 "Uqcrc2_noRT" "non-targeting_noRT"
"17601" "Calr4" 0 NA NA NA NA 0 0 "Uqcrc2_noRT" "non-targeting_noRT"
"17602" "4930522H14Rik" 0 NA NA NA NA 0 0 "Uqcrc2_noRT" "non-targeting_noRT"
"17603" "Gm12811" 0 NA NA NA NA 0 0 "Uqcrc2_noRT" "non-targeting_noRT"
"17604" "Dmrta2os" 0 NA NA NA NA 0 0 "Uqcrc2_noRT" "non-targeting_noRT"
"17605" "Elavl4" 0 NA NA NA NA 0 0 "Uqcrc2_noRT" "non-targeting_noRT"
"17606" "Agbl4" 0 NA NA NA NA 0 0 "Uqcrc2_noRT" "non-targeting_noRT"
"17607" "Bend5" 0 NA NA NA NA 0 0 "Uqcrc2_noRT" "non-targeting_noRT"
"17608" "Slc5a9" 0 NA NA NA NA 0 0 "Uqcrc2_noRT" "non-targeting_noRT"
"17609" "Skint8" 0 NA NA NA NA 0 0 "Uqcrc2_noRT" "non-targeting_noRT"
"17610" "Skint7" 0 NA NA NA NA 0 0 "Uqcrc2_noRT" "non-targeting_noRT"
"17611" "Skint1" 0 NA NA NA NA 0 0 "Uqcrc2_noRT" "non-targeting_noRT"
"17612" "Skint4" 0 NA NA NA NA 0 0 "Uqcrc2_noRT" "non-targeting_noRT"
"17613" "Skint3" 0 NA NA NA NA 0 0 "Uqcrc2_noRT" "non-targeting_noRT"
"17614" "Skint2" 0 NA NA NA NA 0 0 "Uqcrc2_noRT" "non-targeting_noRT"
"17615" "Skint10" 0 NA NA NA NA 0 0 "Uqcrc2_noRT" "non-targeting_noRT"
"17616" "Skint6" 0 NA NA NA NA 0 0 "Uqcrc2_noRT" "non-targeting_noRT"
"17617" "Gm12823" 0 NA NA NA NA 0 0 "Uqcrc2_noRT" "non-targeting_noRT"
"17618" "Skint5" 0 NA NA NA NA 0 0 "Uqcrc2_noRT" "non-targeting_noRT"
"17619" "Skint11" 0 NA NA NA NA 0 0 "Uqcrc2_noRT" "non-targeting_noRT"
"17620" "Trabd2b" 0 NA NA NA NA 0 0 "Uqcrc2_noRT" "non-targeting_noRT"
"17621" "Gm28864" 0 NA NA NA NA 0 0 "Uqcrc2_noRT" "non-targeting_noRT"
"17622" "Gm12829" 0 NA NA NA NA 0 0 "Uqcrc2_noRT" "non-targeting_noRT"
"17623" "Gm12830" 0 NA NA NA NA 0 0 "Uqcrc2_noRT" "non-targeting_noRT"
"17624" "Foxe3" 0 NA NA NA NA 0 0 "Uqcrc2_noRT" "non-targeting_noRT"
"17625" "Pdzk1ip1" 0 NA NA NA NA 0 0 "Uqcrc2_noRT" "non-targeting_noRT"
"17626" "Cyp4x1" 0 NA NA NA NA 0 0 "Uqcrc2_noRT" "non-targeting_noRT"
"17627" "Cyp4x1os" 0 NA NA NA NA 0 0 "Uqcrc2_noRT" "non-targeting_noRT"
"17628" "Cyp4a29" 0 NA NA NA NA 0 0 "Uqcrc2_noRT" "non-targeting_noRT"
"17629" "Cyp4a12a" 0 NA NA NA NA 0 0 "Uqcrc2_noRT" "non-targeting_noRT"
"17630" "Cyp4a12b" 0 NA NA NA NA 0 0 "Uqcrc2_noRT" "non-targeting_noRT"
"17631" "Cyp4a30b" 0 NA NA NA NA 0 0 "Uqcrc2_noRT" "non-targeting_noRT"
"17632" "Cyp4a14" 0 NA NA NA NA 0 0 "Uqcrc2_noRT" "non-targeting_noRT"
"17633" "Cyp4a10" 0 NA NA NA NA 0 0 "Uqcrc2_noRT" "non-targeting_noRT"
"17634" "Cyp4a31" 0 NA NA NA NA 0 0 "Uqcrc2_noRT" "non-targeting_noRT"
"17635" "Cyp4a32" 0 NA NA NA NA 0 0 "Uqcrc2_noRT" "non-targeting_noRT"
"17636" "Cyp4b1" 0 NA NA NA NA 0 0 "Uqcrc2_noRT" "non-targeting_noRT"
"17637" "Tex38" 0 NA NA NA NA 0 0 "Uqcrc2_noRT" "non-targeting_noRT"
"17638" "Gm29434" 0 NA NA NA NA 0 0 "Uqcrc2_noRT" "non-targeting_noRT"
"17639" "Kncn" 0 NA NA NA NA 0 0 "Uqcrc2_noRT" "non-targeting_noRT"
"17640" "6430628N08Rik" 0 NA NA NA NA 0 0 "Uqcrc2_noRT" "non-targeting_noRT"
"17641" "Dmbx1" 0 NA NA NA NA 0 0 "Uqcrc2_noRT" "non-targeting_noRT"
"17642" "Tspan1" 0 NA NA NA NA 0 0 "Uqcrc2_noRT" "non-targeting_noRT"
"17643" "1700042G07Rik" 0 NA NA NA NA 0 0 "Uqcrc2_noRT" "non-targeting_noRT"
"17644" "Gm12951" 0 NA NA NA NA 0 0 "Uqcrc2_noRT" "non-targeting_noRT"
"17645" "Gm12953" 0 NA NA NA NA 0 0 "Uqcrc2_noRT" "non-targeting_noRT"
"17646" "Ccdc17" 0 NA NA NA NA 0 0 "Uqcrc2_noRT" "non-targeting_noRT"
"17647" "1700021J08Rik" 0 NA NA NA NA 0 0 "Uqcrc2_noRT" "non-targeting_noRT"
"17648" "Ptch2" 0 NA NA NA NA 0 0 "Uqcrc2_noRT" "non-targeting_noRT"
"17649" "Tctex1d4" 0 NA NA NA NA 0 0 "Uqcrc2_noRT" "non-targeting_noRT"
"17650" "1700012C08Rik" 0 NA NA NA NA 0 0 "Uqcrc2_noRT" "non-targeting_noRT"
"17651" "Armh1" 0 NA NA NA NA 0 0 "Uqcrc2_noRT" "non-targeting_noRT"
"17652" "Gm12843" 0 NA NA NA NA 0 0 "Uqcrc2_noRT" "non-targeting_noRT"
"17653" "Gm12828" 0 NA NA NA NA 0 0 "Uqcrc2_noRT" "non-targeting_noRT"
"17654" "Gm12827" 0 NA NA NA NA 0 0 "Uqcrc2_noRT" "non-targeting_noRT"
"17655" "Gm12845" 0 NA NA NA NA 0 0 "Uqcrc2_noRT" "non-targeting_noRT"
"17656" "Klf17" 0 NA NA NA NA 0 0 "Uqcrc2_noRT" "non-targeting_noRT"
"17657" "Gm17114" 0 NA NA NA NA 0 0 "Uqcrc2_noRT" "non-targeting_noRT"
"17658" "Gm12841" 0 NA NA NA NA 0 0 "Uqcrc2_noRT" "non-targeting_noRT"
"17659" "Mpl" 0 NA NA NA NA 0 0 "Uqcrc2_noRT" "non-targeting_noRT"
"17660" "Tie1" 0 NA NA NA NA 0 0 "Uqcrc2_noRT" "non-targeting_noRT"
"17661" "2610528J11Rik" 0 NA NA NA NA 0 0 "Uqcrc2_noRT" "non-targeting_noRT"
"17662" "Tmem125" 0 NA NA NA NA 0 0 "Uqcrc2_noRT" "non-targeting_noRT"
"17663" "Cfap57" 0 NA NA NA NA 0 0 "Uqcrc2_noRT" "non-targeting_noRT"
"17664" "Gm12853" 0 NA NA NA NA 0 0 "Uqcrc2_noRT" "non-targeting_noRT"
"17665" "Olfr62" 0 NA NA NA NA 0 0 "Uqcrc2_noRT" "non-targeting_noRT"
"17666" "Olfr1342" 0 NA NA NA NA 0 0 "Uqcrc2_noRT" "non-targeting_noRT"
"17667" "Olfr1341" 0 NA NA NA NA 0 0 "Uqcrc2_noRT" "non-targeting_noRT"
"17668" "Olfr1340" 0 NA NA NA NA 0 0 "Uqcrc2_noRT" "non-targeting_noRT"
"17669" "Olfr1339" 0 NA NA NA NA 0 0 "Uqcrc2_noRT" "non-targeting_noRT"
"17670" "Olfr1338" 0 NA NA NA NA 0 0 "Uqcrc2_noRT" "non-targeting_noRT"
"17671" "Olfr1337" 0 NA NA NA NA 0 0 "Uqcrc2_noRT" "non-targeting_noRT"
"17672" "Olfr1335" 0 NA NA NA NA 0 0 "Uqcrc2_noRT" "non-targeting_noRT"
"17673" "Olfr1333" 0 NA NA NA NA 0 0 "Uqcrc2_noRT" "non-targeting_noRT"
"17674" "Olfr1331" 0 NA NA NA NA 0 0 "Uqcrc2_noRT" "non-targeting_noRT"
"17675" "Olfr1330" 0 NA NA NA NA 0 0 "Uqcrc2_noRT" "non-targeting_noRT"
"17676" "Olfr1329" 0 NA NA NA NA 0 0 "Uqcrc2_noRT" "non-targeting_noRT"
"17677" "Olfr1328" 0 NA NA NA NA 0 0 "Uqcrc2_noRT" "non-targeting_noRT"
"17678" "Gm12863" 0 NA NA NA NA 0 0 "Uqcrc2_noRT" "non-targeting_noRT"
"17679" "Lao1" 0 NA NA NA NA 0 0 "Uqcrc2_noRT" "non-targeting_noRT"
"17680" "Gm12861" 0 NA NA NA NA 0 0 "Uqcrc2_noRT" "non-targeting_noRT"
"17681" "Gm12865" 0 NA NA NA NA 0 0 "Uqcrc2_noRT" "non-targeting_noRT"
"17682" "Gm12862" 0 NA NA NA NA 0 0 "Uqcrc2_noRT" "non-targeting_noRT"
"17683" "Gm12867" 0 NA NA NA NA 0 0 "Uqcrc2_noRT" "non-targeting_noRT"
"17684" "Gm12868" 0 NA NA NA NA 0 0 "Uqcrc2_noRT" "non-targeting_noRT"
"17685" "Ermap" 0 NA NA NA NA 0 0 "Uqcrc2_noRT" "non-targeting_noRT"
"17686" "Tmem269" 0 NA NA NA NA 0 0 "Uqcrc2_noRT" "non-targeting_noRT"
"17687" "Gm12927" 0 NA NA NA NA 0 0 "Uqcrc2_noRT" "non-targeting_noRT"
"17688" "BX470216.1" 0 NA NA NA NA 0 0 "Uqcrc2_noRT" "non-targeting_noRT"
"17689" "Zmynd12" 0 NA NA NA NA 0 0 "Uqcrc2_noRT" "non-targeting_noRT"
"17690" "Rimkla" 0 NA NA NA NA 0 0 "Uqcrc2_noRT" "non-targeting_noRT"
"17691" "Guca2a" 0 NA NA NA NA 0 0 "Uqcrc2_noRT" "non-targeting_noRT"
"17692" "Guca2b" 0 NA NA NA NA 0 0 "Uqcrc2_noRT" "non-targeting_noRT"
"17693" "Hivep3" 0 NA NA NA NA 0 0 "Uqcrc2_noRT" "non-targeting_noRT"
"17694" "AL607142.1" 0 NA NA NA NA 0 0 "Uqcrc2_noRT" "non-targeting_noRT"
"17695" "Edn2" 0 NA NA NA NA 0 0 "Uqcrc2_noRT" "non-targeting_noRT"
"17696" "Foxo6" 0 NA NA NA NA 0 0 "Uqcrc2_noRT" "non-targeting_noRT"
"17697" "Foxo6os" 0 NA NA NA NA 0 0 "Uqcrc2_noRT" "non-targeting_noRT"
"17698" "Slfnl1" 0 NA NA NA NA 0 0 "Uqcrc2_noRT" "non-targeting_noRT"
"17699" "Gm8439" 0 NA NA NA NA 0 0 "Uqcrc2_noRT" "non-targeting_noRT"
"17700" "Gm12860" 0 NA NA NA NA 0 0 "Uqcrc2_noRT" "non-targeting_noRT"
"17701" "Gm45579" 0 NA NA NA NA 0 0 "Uqcrc2_noRT" "non-targeting_noRT"
"17702" "Kcnq4" 0 NA NA NA NA 0 0 "Uqcrc2_noRT" "non-targeting_noRT"
"17703" "Zfp69" 0 NA NA NA NA 0 0 "Uqcrc2_noRT" "non-targeting_noRT"
"17704" "Tmco2" 0 NA NA NA NA 0 0 "Uqcrc2_noRT" "non-targeting_noRT"
"17705" "Gm12888" 0 NA NA NA NA 0 0 "Uqcrc2_noRT" "non-targeting_noRT"
"17706" "Gm12886" 0 NA NA NA NA 0 0 "Uqcrc2_noRT" "non-targeting_noRT"
"17707" "Gm12887" 0 NA NA NA NA 0 0 "Uqcrc2_noRT" "non-targeting_noRT"
"17708" "9530002B09Rik" 0 NA NA NA NA 0 0 "Uqcrc2_noRT" "non-targeting_noRT"
"17709" "Gm12923" 0 NA NA NA NA 0 0 "Uqcrc2_noRT" "non-targeting_noRT"
"17710" "Bmp8b" 0 NA NA NA NA 0 0 "Uqcrc2_noRT" "non-targeting_noRT"
"17711" "Oxct2b" 0 NA NA NA NA 0 0 "Uqcrc2_noRT" "non-targeting_noRT"
"17712" "Hpcal4" 0 NA NA NA NA 0 0 "Uqcrc2_noRT" "non-targeting_noRT"
"17713" "Nt5c1a" 0 NA NA NA NA 0 0 "Uqcrc2_noRT" "non-targeting_noRT"
"17714" "Heyl" 0 NA NA NA NA 0 0 "Uqcrc2_noRT" "non-targeting_noRT"
"17715" "Bmp8a" 0 NA NA NA NA 0 0 "Uqcrc2_noRT" "non-targeting_noRT"
"17716" "Oxct2a" 0 NA NA NA NA 0 0 "Uqcrc2_noRT" "non-targeting_noRT"
"17717" "Rhbdl2" 0 NA NA NA NA 0 0 "Uqcrc2_noRT" "non-targeting_noRT"
"17718" "1700121C08Rik" 0 NA NA NA NA 0 0 "Uqcrc2_noRT" "non-targeting_noRT"
"17719" "4933427I04Rik" 0 NA NA NA NA 0 0 "Uqcrc2_noRT" "non-targeting_noRT"
"17720" "Gm12916" 0 NA NA NA NA 0 0 "Uqcrc2_noRT" "non-targeting_noRT"
"17721" "1700021L23Rik" 0 NA NA NA NA 0 0 "Uqcrc2_noRT" "non-targeting_noRT"
"17722" "4933435F18Rik" 0 NA NA NA NA 0 0 "Uqcrc2_noRT" "non-targeting_noRT"
"17723" "1700057H15Rik" 0 NA NA NA NA 0 0 "Uqcrc2_noRT" "non-targeting_noRT"
"17724" "4933407E24Rik" 0 NA NA NA NA 0 0 "Uqcrc2_noRT" "non-targeting_noRT"
"17725" "Gm12915" 0 NA NA NA NA 0 0 "Uqcrc2_noRT" "non-targeting_noRT"
"17726" "Maneal" 0 NA NA NA NA 0 0 "Uqcrc2_noRT" "non-targeting_noRT"
"17727" "1700125G02Rik" 0 NA NA NA NA 0 0 "Uqcrc2_noRT" "non-targeting_noRT"
"17728" "Gm12930" 0 NA NA NA NA 0 0 "Uqcrc2_noRT" "non-targeting_noRT"
"17729" "Rspo1" 0 NA NA NA NA 0 0 "Uqcrc2_noRT" "non-targeting_noRT"
"17730" "Dnali1" 0 NA NA NA NA 0 0 "Uqcrc2_noRT" "non-targeting_noRT"
"17731" "Gm12932" 0 NA NA NA NA 0 0 "Uqcrc2_noRT" "non-targeting_noRT"
"17732" "1700041M05Rik" 0 NA NA NA NA 0 0 "Uqcrc2_noRT" "non-targeting_noRT"
"17733" "2610028E06Rik" 0 NA NA NA NA 0 0 "Uqcrc2_noRT" "non-targeting_noRT"
"17734" "Csf3r" 0 NA NA NA NA 0 0 "Uqcrc2_noRT" "non-targeting_noRT"
"17735" "Gm12946" 0 NA NA NA NA 0 0 "Uqcrc2_noRT" "non-targeting_noRT"
"17736" "Sh3d21" 0 NA NA NA NA 0 0 "Uqcrc2_noRT" "non-targeting_noRT"
"17737" "Col8a2" 0 NA NA NA NA 0 0 "Uqcrc2_noRT" "non-targeting_noRT"
"17738" "Gm12945" 0 NA NA NA NA 0 0 "Uqcrc2_noRT" "non-targeting_noRT"
"17739" "Tfap2e" 0 NA NA NA NA 0 0 "Uqcrc2_noRT" "non-targeting_noRT"
"17740" "Dlgap3" 0 NA NA NA NA 0 0 "Uqcrc2_noRT" "non-targeting_noRT"
"17741" "Gja4" 0 NA NA NA NA 0 0 "Uqcrc2_noRT" "non-targeting_noRT"
"17742" "Gjb3" 0 NA NA NA NA 0 0 "Uqcrc2_noRT" "non-targeting_noRT"
"17743" "Gjb4" 0 NA NA NA NA 0 0 "Uqcrc2_noRT" "non-targeting_noRT"
"17744" "Gjb5" 0 NA NA NA NA 0 0 "Uqcrc2_noRT" "non-targeting_noRT"
"17745" "4930471C06Rik" 0 NA NA NA NA 0 0 "Uqcrc2_noRT" "non-targeting_noRT"
"17746" "1700080G11Rik" 0 NA NA NA NA 0 0 "Uqcrc2_noRT" "non-targeting_noRT"
"17747" "A630031M04Rik" 0 NA NA NA NA 0 0 "Uqcrc2_noRT" "non-targeting_noRT"
"17748" "1700112K13Rik" 0 NA NA NA NA 0 0 "Uqcrc2_noRT" "non-targeting_noRT"
"17749" "CK137956" 0 NA NA NA NA 0 0 "Uqcrc2_noRT" "non-targeting_noRT"
"17750" "Csmd2" 0 NA NA NA NA 0 0 "Uqcrc2_noRT" "non-targeting_noRT"
"17751" "Csmd2os" 0 NA NA NA NA 0 0 "Uqcrc2_noRT" "non-targeting_noRT"
"17752" "Hmgb4" 0 NA NA NA NA 0 0 "Uqcrc2_noRT" "non-targeting_noRT"
"17753" "Hmgb4os" 0 NA NA NA NA 0 0 "Uqcrc2_noRT" "non-targeting_noRT"
"17754" "Tlr12" 0 NA NA NA NA 0 0 "Uqcrc2_noRT" "non-targeting_noRT"
"17755" "Gm12958" 0 NA NA NA NA 0 0 "Uqcrc2_noRT" "non-targeting_noRT"
"17756" "A3galt2" 0 NA NA NA NA 0 0 "Uqcrc2_noRT" "non-targeting_noRT"
"17757" "Gm12968" 0 NA NA NA NA 0 0 "Uqcrc2_noRT" "non-targeting_noRT"
"17758" "Gm15904" 0 NA NA NA NA 0 0 "Uqcrc2_noRT" "non-targeting_noRT"
"17759" "Tmem54" 0 NA NA NA NA 0 0 "Uqcrc2_noRT" "non-targeting_noRT"
"17760" "Hpca" 0 NA NA NA NA 0 0 "Uqcrc2_noRT" "non-targeting_noRT"
"17761" "Gm15906" 0 NA NA NA NA 0 0 "Uqcrc2_noRT" "non-targeting_noRT"
"17762" "Sync" 0 NA NA NA NA 0 0 "Uqcrc2_noRT" "non-targeting_noRT"
"17763" "Zbtb8b" 0 NA NA NA NA 0 0 "Uqcrc2_noRT" "non-targeting_noRT"
"17764" "Tssk3" 0 NA NA NA NA 0 0 "Uqcrc2_noRT" "non-targeting_noRT"
"17765" "Fam229a" 0 NA NA NA NA 0 0 "Uqcrc2_noRT" "non-targeting_noRT"
"17766" "Gm12979" 0 NA NA NA NA 0 0 "Uqcrc2_noRT" "non-targeting_noRT"
"17767" "Fam167b" 0 NA NA NA NA 0 0 "Uqcrc2_noRT" "non-targeting_noRT"
"17768" "E330017L17Rik" 0 NA NA NA NA 0 0 "Uqcrc2_noRT" "non-targeting_noRT"
"17769" "Spocd1" 0 NA NA NA NA 0 0 "Uqcrc2_noRT" "non-targeting_noRT"
"17770" "1700003M07Rik" 0 NA NA NA NA 0 0 "Uqcrc2_noRT" "non-targeting_noRT"
"17771" "Adgrb2" 0 NA NA NA NA 0 0 "Uqcrc2_noRT" "non-targeting_noRT"
"17772" "Gm12963" 0 NA NA NA NA 0 0 "Uqcrc2_noRT" "non-targeting_noRT"
"17773" "Ldc1" 0 NA NA NA NA 0 0 "Uqcrc2_noRT" "non-targeting_noRT"
"17774" "Gm10570" 0 NA NA NA NA 0 0 "Uqcrc2_noRT" "non-targeting_noRT"
"17775" "Gm12972" 0 NA NA NA NA 0 0 "Uqcrc2_noRT" "non-targeting_noRT"
"17776" "Gm12970" 0 NA NA NA NA 0 0 "Uqcrc2_noRT" "non-targeting_noRT"
"17777" "Gm26716" 0 NA NA NA NA 0 0 "Uqcrc2_noRT" "non-targeting_noRT"
"17778" "Laptm5" 0 NA NA NA NA 0 0 "Uqcrc2_noRT" "non-targeting_noRT"
"17779" "Matn1" 0 NA NA NA NA 0 0 "Uqcrc2_noRT" "non-targeting_noRT"
"17780" "Gm12973" 0 NA NA NA NA 0 0 "Uqcrc2_noRT" "non-targeting_noRT"
"17781" "A930031H19Rik" 0 NA NA NA NA 0 0 "Uqcrc2_noRT" "non-targeting_noRT"
"17782" "Gm831" 0 NA NA NA NA 0 0 "Uqcrc2_noRT" "non-targeting_noRT"
"17783" "Gm12962" 0 NA NA NA NA 0 0 "Uqcrc2_noRT" "non-targeting_noRT"
"17784" "Gm16080" 0 NA NA NA NA 0 0 "Uqcrc2_noRT" "non-targeting_noRT"
"17785" "AL607088.1" 0 NA NA NA NA 0 0 "Uqcrc2_noRT" "non-targeting_noRT"
"17786" "Tmem200b" 0 NA NA NA NA 0 0 "Uqcrc2_noRT" "non-targeting_noRT"
"17787" "Gm13063" 0 NA NA NA NA 0 0 "Uqcrc2_noRT" "non-targeting_noRT"
"17788" "Gm10300" 0 NA NA NA NA 0 0 "Uqcrc2_noRT" "non-targeting_noRT"
"17789" "Oprd1" 0 NA NA NA NA 0 0 "Uqcrc2_noRT" "non-targeting_noRT"
"17790" "Gm28874" 0 NA NA NA NA 0 0 "Uqcrc2_noRT" "non-targeting_noRT"
"17791" "Gm28872" 0 NA NA NA NA 0 0 "Uqcrc2_noRT" "non-targeting_noRT"
"17792" "Gm12999" 0 NA NA NA NA 0 0 "Uqcrc2_noRT" "non-targeting_noRT"
"17793" "Ptafr" 0 NA NA NA NA 0 0 "Uqcrc2_noRT" "non-targeting_noRT"
"17794" "Themis2" 0 NA NA NA NA 0 0 "Uqcrc2_noRT" "non-targeting_noRT"
"17795" "Fgr" 0 NA NA NA NA 0 0 "Uqcrc2_noRT" "non-targeting_noRT"
"17796" "Gpr3" 0 NA NA NA NA 0 0 "Uqcrc2_noRT" "non-targeting_noRT"
"17797" "Cd164l2" 0 NA NA NA NA 0 0 "Uqcrc2_noRT" "non-targeting_noRT"
"17798" "Sytl1" 0 NA NA NA NA 0 0 "Uqcrc2_noRT" "non-targeting_noRT"
"17799" "Gm13257" 0 NA NA NA NA 0 0 "Uqcrc2_noRT" "non-targeting_noRT"
"17800" "Tent5b" 0 NA NA NA NA 0 0 "Uqcrc2_noRT" "non-targeting_noRT"
"17801" "Kdf1" 0 NA NA NA NA 0 0 "Uqcrc2_noRT" "non-targeting_noRT"
"17802" "Nr0b2" 0 NA NA NA NA 0 0 "Uqcrc2_noRT" "non-targeting_noRT"
"17803" "Gpatch3" 0 NA NA NA NA 0 0 "Uqcrc2_noRT" "non-targeting_noRT"
"17804" "Sfn" 0 NA NA NA NA 0 0 "Uqcrc2_noRT" "non-targeting_noRT"
"17805" "Gm12974" 0 NA NA NA NA 0 0 "Uqcrc2_noRT" "non-targeting_noRT"
"17806" "Gm12977" 0 NA NA NA NA 0 0 "Uqcrc2_noRT" "non-targeting_noRT"
"17807" "Lin28a" 0 NA NA NA NA 0 0 "Uqcrc2_noRT" "non-targeting_noRT"
"17808" "Gm13061" 0 NA NA NA NA 0 0 "Uqcrc2_noRT" "non-targeting_noRT"
"17809" "Zfp683" 0 NA NA NA NA 0 0 "Uqcrc2_noRT" "non-targeting_noRT"
"17810" "Cd52" 0 NA NA NA NA 0 0 "Uqcrc2_noRT" "non-targeting_noRT"
"17811" "Ubxn11" 0 NA NA NA NA 0 0 "Uqcrc2_noRT" "non-targeting_noRT"
"17812" "Gm7534" 0 NA NA NA NA 0 0 "Uqcrc2_noRT" "non-targeting_noRT"
"17813" "Catsper4" 0 NA NA NA NA 0 0 "Uqcrc2_noRT" "non-targeting_noRT"
"17814" "E130218I03Rik" 0 NA NA NA NA 0 0 "Uqcrc2_noRT" "non-targeting_noRT"
"17815" "Trim63" 0 NA NA NA NA 0 0 "Uqcrc2_noRT" "non-targeting_noRT"
"17816" "Slc30a2" 0 NA NA NA NA 0 0 "Uqcrc2_noRT" "non-targeting_noRT"
"17817" "Man1c1" 0 NA NA NA NA 0 0 "Uqcrc2_noRT" "non-targeting_noRT"
"17818" "Gm16225" 0 NA NA NA NA 0 0 "Uqcrc2_noRT" "non-targeting_noRT"
"17819" "Gm16224" 0 NA NA NA NA 0 0 "Uqcrc2_noRT" "non-targeting_noRT"
"17820" "Gm12984" 0 NA NA NA NA 0 0 "Uqcrc2_noRT" "non-targeting_noRT"
"17821" "Ncmap" 0 NA NA NA NA 0 0 "Uqcrc2_noRT" "non-targeting_noRT"
"17822" "Gm15979" 0 NA NA NA NA 0 0 "Uqcrc2_noRT" "non-targeting_noRT"
"17823" "Stpg1" 0 NA NA NA NA 0 0 "Uqcrc2_noRT" "non-targeting_noRT"
"17824" "Grhl3" 0 NA NA NA NA 0 0 "Uqcrc2_noRT" "non-targeting_noRT"
"17825" "1700029M20Rik" 0 NA NA NA NA 0 0 "Uqcrc2_noRT" "non-targeting_noRT"
"17826" "Ifnlr1" 0 NA NA NA NA 0 0 "Uqcrc2_noRT" "non-targeting_noRT"
"17827" "Il22ra1" 0 NA NA NA NA 0 0 "Uqcrc2_noRT" "non-targeting_noRT"
"17828" "Myom3" 0 NA NA NA NA 0 0 "Uqcrc2_noRT" "non-targeting_noRT"
"17829" "Cnr2" 0 NA NA NA NA 0 0 "Uqcrc2_noRT" "non-targeting_noRT"
"17830" "Gm13008" 0 NA NA NA NA 0 0 "Uqcrc2_noRT" "non-targeting_noRT"
"17831" "Gm24362" 0 NA NA NA NA 0 0 "Uqcrc2_noRT" "non-targeting_noRT"
"17832" "Tcea3" 0 NA NA NA NA 0 0 "Uqcrc2_noRT" "non-targeting_noRT"
"17833" "Gm27022" 0 NA NA NA NA 0 0 "Uqcrc2_noRT" "non-targeting_noRT"
"17834" "Htr1d" 0 NA NA NA NA 0 0 "Uqcrc2_noRT" "non-targeting_noRT"
"17835" "6030445D17Rik" 0 NA NA NA NA 0 0 "Uqcrc2_noRT" "non-targeting_noRT"
"17836" "Tex46" 0 NA NA NA NA 0 0 "Uqcrc2_noRT" "non-targeting_noRT"
"17837" "Lactbl1" 0 NA NA NA NA 0 0 "Uqcrc2_noRT" "non-targeting_noRT"
"17838" "Ephb2" 0 NA NA NA NA 0 0 "Uqcrc2_noRT" "non-targeting_noRT"
"17839" "C1qc" 0 NA NA NA NA 0 0 "Uqcrc2_noRT" "non-targeting_noRT"
"17840" "1700037C06Rik" 0 NA NA NA NA 0 0 "Uqcrc2_noRT" "non-targeting_noRT"
"17841" "Gm13001" 0 NA NA NA NA 0 0 "Uqcrc2_noRT" "non-targeting_noRT"
"17842" "Gm13003" 0 NA NA NA NA 0 0 "Uqcrc2_noRT" "non-targeting_noRT"
"17843" "Wnt4" 0 NA NA NA NA 0 0 "Uqcrc2_noRT" "non-targeting_noRT"
"17844" "Cela3a" 0 NA NA NA NA 0 0 "Uqcrc2_noRT" "non-targeting_noRT"
"17845" "Cela3b" 0 NA NA NA NA 0 0 "Uqcrc2_noRT" "non-targeting_noRT"
"17846" "1700013G24Rik" 0 NA NA NA NA 0 0 "Uqcrc2_noRT" "non-targeting_noRT"
"17847" "Ldlrad2" 0 NA NA NA NA 0 0 "Uqcrc2_noRT" "non-targeting_noRT"
"17848" "Rap1gapos" 0 NA NA NA NA 0 0 "Uqcrc2_noRT" "non-targeting_noRT"
"17849" "Gm13012" 0 NA NA NA NA 0 0 "Uqcrc2_noRT" "non-targeting_noRT"
"17850" "1700095J12Rik" 0 NA NA NA NA 0 0 "Uqcrc2_noRT" "non-targeting_noRT"
"17851" "2310026L22Rik" 0 NA NA NA NA 0 0 "Uqcrc2_noRT" "non-targeting_noRT"
"17852" "Fam43b" 0 NA NA NA NA 0 0 "Uqcrc2_noRT" "non-targeting_noRT"
"17853" "AB041806" 0 NA NA NA NA 0 0 "Uqcrc2_noRT" "non-targeting_noRT"
"17854" "Vwa5b1" 0 NA NA NA NA 0 0 "Uqcrc2_noRT" "non-targeting_noRT"
"17855" "Gm13030" 0 NA NA NA NA 0 0 "Uqcrc2_noRT" "non-targeting_noRT"
"17856" "Rnf186" 0 NA NA NA NA 0 0 "Uqcrc2_noRT" "non-targeting_noRT"
"17857" "Htr6" 0 NA NA NA NA 0 0 "Uqcrc2_noRT" "non-targeting_noRT"
"17858" "Gm45533" 0 NA NA NA NA 0 0 "Uqcrc2_noRT" "non-targeting_noRT"
"17859" "Nbl1" 0 NA NA NA NA 0 0 "Uqcrc2_noRT" "non-targeting_noRT"
"17860" "Tas1r2" 0 NA NA NA NA 0 0 "Uqcrc2_noRT" "non-targeting_noRT"
"17861" "Pax7" 0 NA NA NA NA 0 0 "Uqcrc2_noRT" "non-targeting_noRT"
"17862" "Gm1667" 0 NA NA NA NA 0 0 "Uqcrc2_noRT" "non-targeting_noRT"
"17863" "Gm13028" 0 NA NA NA NA 0 0 "Uqcrc2_noRT" "non-targeting_noRT"
"17864" "4933427I22Rik" 0 NA NA NA NA 0 0 "Uqcrc2_noRT" "non-targeting_noRT"
"17865" "Klhdc7a" 0 NA NA NA NA 0 0 "Uqcrc2_noRT" "non-targeting_noRT"
"17866" "Gm13027" 0 NA NA NA NA 0 0 "Uqcrc2_noRT" "non-targeting_noRT"
"17867" "Gm13029" 0 NA NA NA NA 0 0 "Uqcrc2_noRT" "non-targeting_noRT"
"17868" "Gm13016" 0 NA NA NA NA 0 0 "Uqcrc2_noRT" "non-targeting_noRT"
"17869" "Gm13017" 0 NA NA NA NA 0 0 "Uqcrc2_noRT" "non-targeting_noRT"
"17870" "Gm13021" 0 NA NA NA NA 0 0 "Uqcrc2_noRT" "non-targeting_noRT"
"17871" "Gm13026" 0 NA NA NA NA 0 0 "Uqcrc2_noRT" "non-targeting_noRT"
"17872" "Gm13025" 0 NA NA NA NA 0 0 "Uqcrc2_noRT" "non-targeting_noRT"
"17873" "Padi6" 0 NA NA NA NA 0 0 "Uqcrc2_noRT" "non-targeting_noRT"
"17874" "Padi3" 0 NA NA NA NA 0 0 "Uqcrc2_noRT" "non-targeting_noRT"
"17875" "Gm13032" 0 NA NA NA NA 0 0 "Uqcrc2_noRT" "non-targeting_noRT"
"17876" "Padi1" 0 NA NA NA NA 0 0 "Uqcrc2_noRT" "non-targeting_noRT"
"17877" "4930515B02Rik" 0 NA NA NA NA 0 0 "Uqcrc2_noRT" "non-targeting_noRT"
"17878" "Gm13031" 0 NA NA NA NA 0 0 "Uqcrc2_noRT" "non-targeting_noRT"
"17879" "Spata21" 0 NA NA NA NA 0 0 "Uqcrc2_noRT" "non-targeting_noRT"
"17880" "4921514A10Rik" 0 NA NA NA NA 0 0 "Uqcrc2_noRT" "non-targeting_noRT"
"17881" "Gm13055" 0 NA NA NA NA 0 0 "Uqcrc2_noRT" "non-targeting_noRT"
"17882" "Gm13056" 0 NA NA NA NA 0 0 "Uqcrc2_noRT" "non-targeting_noRT"
"17883" "Epha2" 0 NA NA NA NA 0 0 "Uqcrc2_noRT" "non-targeting_noRT"
"17884" "Gm13074" 0 NA NA NA NA 0 0 "Uqcrc2_noRT" "non-targeting_noRT"
"17885" "Fam131c" 0 NA NA NA NA 0 0 "Uqcrc2_noRT" "non-targeting_noRT"
"17886" "Clcnka" 0 NA NA NA NA 0 0 "Uqcrc2_noRT" "non-targeting_noRT"
"17887" "Gm13075" 0 NA NA NA NA 0 0 "Uqcrc2_noRT" "non-targeting_noRT"
"17888" "Clcnkb" 0 NA NA NA NA 0 0 "Uqcrc2_noRT" "non-targeting_noRT"
"17889" "Hspb7" 0 NA NA NA NA 0 0 "Uqcrc2_noRT" "non-targeting_noRT"
"17890" "Srarp" 0 NA NA NA NA 0 0 "Uqcrc2_noRT" "non-targeting_noRT"
"17891" "AI507597" 0 NA NA NA NA 0 0 "Uqcrc2_noRT" "non-targeting_noRT"
"17892" "Slc25a34" 0 NA NA NA NA 0 0 "Uqcrc2_noRT" "non-targeting_noRT"
"17893" "Rsc1a1" 0 NA NA NA NA 0 0 "Uqcrc2_noRT" "non-targeting_noRT"
"17894" "Agmat" 0 NA NA NA NA 0 0 "Uqcrc2_noRT" "non-targeting_noRT"
"17895" "Cela2a" 0 NA NA NA NA 0 0 "Uqcrc2_noRT" "non-targeting_noRT"
"17896" "Ctrc" 0 NA NA NA NA 0 0 "Uqcrc2_noRT" "non-targeting_noRT"
"17897" "Ctrcos" 0 NA NA NA NA 0 0 "Uqcrc2_noRT" "non-targeting_noRT"
"17898" "Gm29367" 0 NA NA NA NA 0 0 "Uqcrc2_noRT" "non-targeting_noRT"
"17899" "Fhad1os2" 0 NA NA NA NA 0 0 "Uqcrc2_noRT" "non-targeting_noRT"
"17900" "Fhad1os1" 0 NA NA NA NA 0 0 "Uqcrc2_noRT" "non-targeting_noRT"
"17901" "Tmem51" 0 NA NA NA NA 0 0 "Uqcrc2_noRT" "non-targeting_noRT"
"17902" "Gm13053" 0 NA NA NA NA 0 0 "Uqcrc2_noRT" "non-targeting_noRT"
"17903" "Tmem51os1" 0 NA NA NA NA 0 0 "Uqcrc2_noRT" "non-targeting_noRT"
"17904" "Kazn" 0 NA NA NA NA 0 0 "Uqcrc2_noRT" "non-targeting_noRT"
"17905" "Gm13062" 0 NA NA NA NA 0 0 "Uqcrc2_noRT" "non-targeting_noRT"
"17906" "Gm13052" 0 NA NA NA NA 0 0 "Uqcrc2_noRT" "non-targeting_noRT"
"17907" "6330411D24Rik" 0 NA NA NA NA 0 0 "Uqcrc2_noRT" "non-targeting_noRT"
"17908" "Pdpn" 0 NA NA NA NA 0 0 "Uqcrc2_noRT" "non-targeting_noRT"
"17909" "Lrrc38" 0 NA NA NA NA 0 0 "Uqcrc2_noRT" "non-targeting_noRT"
"17910" "Pramel1" 0 NA NA NA NA 0 0 "Uqcrc2_noRT" "non-targeting_noRT"
"17911" "Oog4" 0 NA NA NA NA 0 0 "Uqcrc2_noRT" "non-targeting_noRT"
"17912" "Gm13043" 0 NA NA NA NA 0 0 "Uqcrc2_noRT" "non-targeting_noRT"
"17913" "Gm13040" 0 NA NA NA NA 0 0 "Uqcrc2_noRT" "non-targeting_noRT"
"17914" "BC080695" 0 NA NA NA NA 0 0 "Uqcrc2_noRT" "non-targeting_noRT"
"17915" "Gm13057" 0 NA NA NA NA 0 0 "Uqcrc2_noRT" "non-targeting_noRT"
"17916" "Gm13083" 0 NA NA NA NA 0 0 "Uqcrc2_noRT" "non-targeting_noRT"
"17917" "Gm13088" 0 NA NA NA NA 0 0 "Uqcrc2_noRT" "non-targeting_noRT"
"17918" "Gm13089" 0 NA NA NA NA 0 0 "Uqcrc2_noRT" "non-targeting_noRT"
"17919" "Gm13078" 0 NA NA NA NA 0 0 "Uqcrc2_noRT" "non-targeting_noRT"
"17920" "Gm13023" 0 NA NA NA NA 0 0 "Uqcrc2_noRT" "non-targeting_noRT"
"17921" "Gm13084" 0 NA NA NA NA 0 0 "Uqcrc2_noRT" "non-targeting_noRT"
"17922" "Gm13103" 0 NA NA NA NA 0 0 "Uqcrc2_noRT" "non-targeting_noRT"
"17923" "Pramef6" 0 NA NA NA NA 0 0 "Uqcrc2_noRT" "non-targeting_noRT"
"17924" "Pramef25" 0 NA NA NA NA 0 0 "Uqcrc2_noRT" "non-targeting_noRT"
"17925" "Gm13101" 0 NA NA NA NA 0 0 "Uqcrc2_noRT" "non-targeting_noRT"
"17926" "Pramef17" 0 NA NA NA NA 0 0 "Uqcrc2_noRT" "non-targeting_noRT"
"17927" "Pramel4" 0 NA NA NA NA 0 0 "Uqcrc2_noRT" "non-targeting_noRT"
"17928" "Gm13102" 0 NA NA NA NA 0 0 "Uqcrc2_noRT" "non-targeting_noRT"
"17929" "Oog3" 0 NA NA NA NA 0 0 "Uqcrc2_noRT" "non-targeting_noRT"
"17930" "Oog2" 0 NA NA NA NA 0 0 "Uqcrc2_noRT" "non-targeting_noRT"
"17931" "C87977" 0 NA NA NA NA 0 0 "Uqcrc2_noRT" "non-targeting_noRT"
"17932" "Pramel5" 0 NA NA NA NA 0 0 "Uqcrc2_noRT" "non-targeting_noRT"
"17933" "Gm13128" 0 NA NA NA NA 0 0 "Uqcrc2_noRT" "non-targeting_noRT"
"17934" "Gm13119" 0 NA NA NA NA 0 0 "Uqcrc2_noRT" "non-targeting_noRT"
"17935" "Pramef20" 0 NA NA NA NA 0 0 "Uqcrc2_noRT" "non-targeting_noRT"
"17936" "Pramef12" 0 NA NA NA NA 0 0 "Uqcrc2_noRT" "non-targeting_noRT"
"17937" "Pramef12os" 0 NA NA NA NA 0 0 "Uqcrc2_noRT" "non-targeting_noRT"
"17938" "1700012P22Rik" 0 NA NA NA NA 0 0 "Uqcrc2_noRT" "non-targeting_noRT"
"17939" "Gm9944" 0 NA NA NA NA 0 0 "Uqcrc2_noRT" "non-targeting_noRT"
"17940" "Aadacl3" 0 NA NA NA NA 0 0 "Uqcrc2_noRT" "non-targeting_noRT"
"17941" "9430007A20Rik" 0 NA NA NA NA 0 0 "Uqcrc2_noRT" "non-targeting_noRT"
"17942" "Gm13124" 0 NA NA NA NA 0 0 "Uqcrc2_noRT" "non-targeting_noRT"
"17943" "Aadacl4" 0 NA NA NA NA 0 0 "Uqcrc2_noRT" "non-targeting_noRT"
"17944" "Gm436" 0 NA NA NA NA 0 0 "Uqcrc2_noRT" "non-targeting_noRT"
"17945" "Gm13178" 0 NA NA NA NA 0 0 "Uqcrc2_noRT" "non-targeting_noRT"
"17946" "Gm438" 0 NA NA NA NA 0 0 "Uqcrc2_noRT" "non-targeting_noRT"
"17947" "Tnfrsf8" 0 NA NA NA NA 0 0 "Uqcrc2_noRT" "non-targeting_noRT"
"17948" "Gm13236" 0 NA NA NA NA 0 0 "Uqcrc2_noRT" "non-targeting_noRT"
"17949" "Gm13165" 0 NA NA NA NA 0 0 "Uqcrc2_noRT" "non-targeting_noRT"
"17950" "Gm13166" 0 NA NA NA NA 0 0 "Uqcrc2_noRT" "non-targeting_noRT"
"17951" "1700095A21Rik" 0 NA NA NA NA 0 0 "Uqcrc2_noRT" "non-targeting_noRT"
"17952" "Zfp993" 0 NA NA NA NA 0 0 "Uqcrc2_noRT" "non-targeting_noRT"
"17953" "Gm21411" 0 NA NA NA NA 0 0 "Uqcrc2_noRT" "non-targeting_noRT"
"17954" "Zfp989" 0 NA NA NA NA 0 0 "Uqcrc2_noRT" "non-targeting_noRT"
"17955" "4933438K21Rik" 0 NA NA NA NA 0 0 "Uqcrc2_noRT" "non-targeting_noRT"
"17956" "Zfp991" 0 NA NA NA NA 0 0 "Uqcrc2_noRT" "non-targeting_noRT"
"17957" "Gm16211" 0 NA NA NA NA 0 0 "Uqcrc2_noRT" "non-targeting_noRT"
"17958" "Zfp534" 0 NA NA NA NA 0 0 "Uqcrc2_noRT" "non-targeting_noRT"
"17959" "Nppa" 0 NA NA NA NA 0 0 "Uqcrc2_noRT" "non-targeting_noRT"
"17960" "Gm13054" 0 NA NA NA NA 0 0 "Uqcrc2_noRT" "non-targeting_noRT"
"17961" "Disp3" 0 NA NA NA NA 0 0 "Uqcrc2_noRT" "non-targeting_noRT"
"17962" "Gm13206" 0 NA NA NA NA 0 0 "Uqcrc2_noRT" "non-targeting_noRT"
"17963" "Gm13200" 0 NA NA NA NA 0 0 "Uqcrc2_noRT" "non-targeting_noRT"
"17964" "Gm13209" 0 NA NA NA NA 0 0 "Uqcrc2_noRT" "non-targeting_noRT"
"17965" "Masp2" 0 NA NA NA NA 0 0 "Uqcrc2_noRT" "non-targeting_noRT"
"17966" "Gm572" 0 NA NA NA NA 0 0 "Uqcrc2_noRT" "non-targeting_noRT"
"17967" "Casz1" 0 NA NA NA NA 0 0 "Uqcrc2_noRT" "non-targeting_noRT"
"17968" "Gm15969" 0 NA NA NA NA 0 0 "Uqcrc2_noRT" "non-targeting_noRT"
"17969" "Gm17029" 0 NA NA NA NA 0 0 "Uqcrc2_noRT" "non-targeting_noRT"
"17970" "Cort" 0 NA NA NA NA 0 0 "Uqcrc2_noRT" "non-targeting_noRT"
"17971" "Ube4bos3" 0 NA NA NA NA 0 0 "Uqcrc2_noRT" "non-targeting_noRT"
"17972" "Ube4bos2" 0 NA NA NA NA 0 0 "Uqcrc2_noRT" "non-targeting_noRT"
"17973" "Tmem274" 0 NA NA NA NA 0 0 "Uqcrc2_noRT" "non-targeting_noRT"
"17974" "Gm13066" 0 NA NA NA NA 0 0 "Uqcrc2_noRT" "non-targeting_noRT"
"17975" "Gm13068" 0 NA NA NA NA 0 0 "Uqcrc2_noRT" "non-targeting_noRT"
"17976" "Gm16188" 0 NA NA NA NA 0 0 "Uqcrc2_noRT" "non-targeting_noRT"
"17977" "Gm13073" 0 NA NA NA NA 0 0 "Uqcrc2_noRT" "non-targeting_noRT"
"17978" "Gm13070" 0 NA NA NA NA 0 0 "Uqcrc2_noRT" "non-targeting_noRT"
"17979" "Gm13067" 0 NA NA NA NA 0 0 "Uqcrc2_noRT" "non-targeting_noRT"
"17980" "Gm13093" 0 NA NA NA NA 0 0 "Uqcrc2_noRT" "non-targeting_noRT"
"17981" "Slc2a5" 0 NA NA NA NA 0 0 "Uqcrc2_noRT" "non-targeting_noRT"
"17982" "Slc2a7" 0 NA NA NA NA 0 0 "Uqcrc2_noRT" "non-targeting_noRT"
"17983" "Slc45a1" 0 NA NA NA NA 0 0 "Uqcrc2_noRT" "non-targeting_noRT"
"17984" "Gm16079" 0 NA NA NA NA 0 0 "Uqcrc2_noRT" "non-targeting_noRT"
"17985" "Gm13049" 0 NA NA NA NA 0 0 "Uqcrc2_noRT" "non-targeting_noRT"
"17986" "1700045H11Rik" 0 NA NA NA NA 0 0 "Uqcrc2_noRT" "non-targeting_noRT"
"17987" "Gm13090" 0 NA NA NA NA 0 0 "Uqcrc2_noRT" "non-targeting_noRT"
"17988" "4930589P08Rik" 0 NA NA NA NA 0 0 "Uqcrc2_noRT" "non-targeting_noRT"
"17989" "Tas1r1" 0 NA NA NA NA 0 0 "Uqcrc2_noRT" "non-targeting_noRT"
"17990" "Hes2" 0 NA NA NA NA 0 0 "Uqcrc2_noRT" "non-targeting_noRT"
"17991" "Gm13096" 0 NA NA NA NA 0 0 "Uqcrc2_noRT" "non-targeting_noRT"
"17992" "Hes3" 0 NA NA NA NA 0 0 "Uqcrc2_noRT" "non-targeting_noRT"
"17993" "Chd5" 0 NA NA NA NA 0 0 "Uqcrc2_noRT" "non-targeting_noRT"
"17994" "Gm13645" 0 NA NA NA NA 0 0 "Uqcrc2_noRT" "non-targeting_noRT"
"17995" "Gm16333" 0 NA NA NA NA 0 0 "Uqcrc2_noRT" "non-targeting_noRT"
"17996" "Gm833" 0 NA NA NA NA 0 0 "Uqcrc2_noRT" "non-targeting_noRT"
"17997" "Gm13173" 0 NA NA NA NA 0 0 "Uqcrc2_noRT" "non-targeting_noRT"
"17998" "Gm13174" 0 NA NA NA NA 0 0 "Uqcrc2_noRT" "non-targeting_noRT"
"17999" "Ajap1" 0 NA NA NA NA 0 0 "Uqcrc2_noRT" "non-targeting_noRT"
"18000" "Gm13115" 0 NA NA NA NA 0 0 "Uqcrc2_noRT" "non-targeting_noRT"
"18001" "Ccdc27" 0 NA NA NA NA 0 0 "Uqcrc2_noRT" "non-targeting_noRT"
"18002" "Trp73" 0 NA NA NA NA 0 0 "Uqcrc2_noRT" "non-targeting_noRT"
"18003" "Trp73os" 0 NA NA NA NA 0 0 "Uqcrc2_noRT" "non-targeting_noRT"
"18004" "Megf6" 0 NA NA NA NA 0 0 "Uqcrc2_noRT" "non-targeting_noRT"
"18005" "Arhgef16" 0 NA NA NA NA 0 0 "Uqcrc2_noRT" "non-targeting_noRT"
"18006" "Prdm16" 0 NA NA NA NA 0 0 "Uqcrc2_noRT" "non-targeting_noRT"
"18007" "B230104I21Rik" 0 NA NA NA NA 0 0 "Uqcrc2_noRT" "non-targeting_noRT"
"18008" "Gm13133" 0 NA NA NA NA 0 0 "Uqcrc2_noRT" "non-targeting_noRT"
"18009" "Gm13134" 0 NA NA NA NA 0 0 "Uqcrc2_noRT" "non-targeting_noRT"
"18010" "Prdm16os" 0 NA NA NA NA 0 0 "Uqcrc2_noRT" "non-targeting_noRT"
"18011" "Gm27202" 0 NA NA NA NA 0 0 "Uqcrc2_noRT" "non-targeting_noRT"
"18012" "Gm13110" 0 NA NA NA NA 0 0 "Uqcrc2_noRT" "non-targeting_noRT"
"18013" "Actrt2" 0 NA NA NA NA 0 0 "Uqcrc2_noRT" "non-targeting_noRT"
"18014" "Ttc34" 0 NA NA NA NA 0 0 "Uqcrc2_noRT" "non-targeting_noRT"
"18015" "Gm13112" 0 NA NA NA NA 0 0 "Uqcrc2_noRT" "non-targeting_noRT"
"18016" "Mmel1" 0 NA NA NA NA 0 0 "Uqcrc2_noRT" "non-targeting_noRT"
"18017" "Gm20421" 0 NA NA NA NA 0 0 "Uqcrc2_noRT" "non-targeting_noRT"
"18018" "Plch2" 0 NA NA NA NA 0 0 "Uqcrc2_noRT" "non-targeting_noRT"
"18019" "Gm10564" 0 NA NA NA NA 0 0 "Uqcrc2_noRT" "non-targeting_noRT"
"18020" "Gm27200" 0 NA NA NA NA 0 0 "Uqcrc2_noRT" "non-targeting_noRT"
"18021" "Tmem52" 0 NA NA NA NA 0 0 "Uqcrc2_noRT" "non-targeting_noRT"
"18022" "Gm10563" 0 NA NA NA NA 0 0 "Uqcrc2_noRT" "non-targeting_noRT"
"18023" "Gm16024" 0 NA NA NA NA 0 0 "Uqcrc2_noRT" "non-targeting_noRT"
"18024" "Fndc10" 0 NA NA NA NA 0 0 "Uqcrc2_noRT" "non-targeting_noRT"
"18025" "Tmem240" 0 NA NA NA NA 0 0 "Uqcrc2_noRT" "non-targeting_noRT"
"18026" "Ankrd65" 0 NA NA NA NA 0 0 "Uqcrc2_noRT" "non-targeting_noRT"
"18027" "Mxra8os" 0 NA NA NA NA 0 0 "Uqcrc2_noRT" "non-targeting_noRT"
"18028" "Tas1r3" 0 NA NA NA NA 0 0 "Uqcrc2_noRT" "non-targeting_noRT"
"18029" "Tnfrsf4" 0 NA NA NA NA 0 0 "Uqcrc2_noRT" "non-targeting_noRT"
"18030" "Gm16008" 0 NA NA NA NA 0 0 "Uqcrc2_noRT" "non-targeting_noRT"
"18031" "Tnfrsf18" 0 NA NA NA NA 0 0 "Uqcrc2_noRT" "non-targeting_noRT"
"18032" "Ttll10" 0 NA NA NA NA 0 0 "Uqcrc2_noRT" "non-targeting_noRT"
"18033" "Gm13648" 0 NA NA NA NA 0 0 "Uqcrc2_noRT" "non-targeting_noRT"
"18034" "Perm1" 0 NA NA NA NA 0 0 "Uqcrc2_noRT" "non-targeting_noRT"
"18035" "Samd11" 0 NA NA NA NA 0 0 "Uqcrc2_noRT" "non-targeting_noRT"
"18036" "Gm47252" 0 NA NA NA NA 0 0 "Uqcrc2_noRT" "non-targeting_noRT"
"18037" "Vmn2r-ps159" 0 NA NA NA NA 0 0 "Uqcrc2_noRT" "non-targeting_noRT"
"18038" "Gm36548" 0 NA NA NA NA 0 0 "Uqcrc2_noRT" "non-targeting_noRT"
"18039" "Gm17590" 0 NA NA NA NA 0 0 "Uqcrc2_noRT" "non-targeting_noRT"
"18040" "Gm42435" 0 NA NA NA NA 0 0 "Uqcrc2_noRT" "non-targeting_noRT"
"18041" "Gm43825" 0 NA NA NA NA 0 0 "Uqcrc2_noRT" "non-targeting_noRT"
"18042" "Tmbim7" 0 NA NA NA NA 0 0 "Uqcrc2_noRT" "non-targeting_noRT"
"18043" "Mterf1b" 0 NA NA NA NA 0 0 "Uqcrc2_noRT" "non-targeting_noRT"
"18044" "Gm42744" 0 NA NA NA NA 0 0 "Uqcrc2_noRT" "non-targeting_noRT"
"18045" "Gm43112" 0 NA NA NA NA 0 0 "Uqcrc2_noRT" "non-targeting_noRT"
"18046" "Gm43623" 0 NA NA NA NA 0 0 "Uqcrc2_noRT" "non-targeting_noRT"
"18047" "Gm43577" 0 NA NA NA NA 0 0 "Uqcrc2_noRT" "non-targeting_noRT"
"18048" "Gm43727" 0 NA NA NA NA 0 0 "Uqcrc2_noRT" "non-targeting_noRT"
"18049" "1700015F17Rik" 0 NA NA NA NA 0 0 "Uqcrc2_noRT" "non-targeting_noRT"
"18050" "Gm40263" 0 NA NA NA NA 0 0 "Uqcrc2_noRT" "non-targeting_noRT"
"18051" "Zfp804b" 0 NA NA NA NA 0 0 "Uqcrc2_noRT" "non-targeting_noRT"
"18052" "Tex47" 0 NA NA NA NA 0 0 "Uqcrc2_noRT" "non-targeting_noRT"
"18053" "Gm30835" 0 NA NA NA NA 0 0 "Uqcrc2_noRT" "non-targeting_noRT"
"18054" "Steap4" 0 NA NA NA NA 0 0 "Uqcrc2_noRT" "non-targeting_noRT"
"18055" "Gm15731" 0 NA NA NA NA 0 0 "Uqcrc2_noRT" "non-targeting_noRT"
"18056" "Adam22" 0 NA NA NA NA 0 0 "Uqcrc2_noRT" "non-targeting_noRT"
"18057" "Rundc3b" 0 NA NA NA NA 0 0 "Uqcrc2_noRT" "non-targeting_noRT"
"18058" "Abcb1a" 0 NA NA NA NA 0 0 "Uqcrc2_noRT" "non-targeting_noRT"
"18059" "Gm5106" 0 NA NA NA NA 0 0 "Uqcrc2_noRT" "non-targeting_noRT"
"18060" "Abcb4" 0 NA NA NA NA 0 0 "Uqcrc2_noRT" "non-targeting_noRT"
"18061" "Gm15611" 0 NA NA NA NA 0 0 "Uqcrc2_noRT" "non-targeting_noRT"
"18062" "Gm40264" 0 NA NA NA NA 0 0 "Uqcrc2_noRT" "non-targeting_noRT"
"18063" "Gm15734" 0 NA NA NA NA 0 0 "Uqcrc2_noRT" "non-targeting_noRT"
"18064" "Grm3" 0 NA NA NA NA 0 0 "Uqcrc2_noRT" "non-targeting_noRT"
"18065" "Gm31831" 0 NA NA NA NA 0 0 "Uqcrc2_noRT" "non-targeting_noRT"
"18066" "Gm6455" 0 NA NA NA NA 0 0 "Uqcrc2_noRT" "non-targeting_noRT"
"18067" "Gm43358" 0 NA NA NA NA 0 0 "Uqcrc2_noRT" "non-targeting_noRT"
"18068" "Gm8871" 0 NA NA NA NA 0 0 "Uqcrc2_noRT" "non-targeting_noRT"
"18069" "Gm8857" 0 NA NA NA NA 0 0 "Uqcrc2_noRT" "non-targeting_noRT"
"18070" "Gm43492" 0 NA NA NA NA 0 0 "Uqcrc2_noRT" "non-targeting_noRT"
"18071" "4930558F17Rik" 0 NA NA NA NA 0 0 "Uqcrc2_noRT" "non-targeting_noRT"
"18072" "Gm8879" 0 NA NA NA NA 0 0 "Uqcrc2_noRT" "non-targeting_noRT"
"18073" "Gm32554" 0 NA NA NA NA 0 0 "Uqcrc2_noRT" "non-targeting_noRT"
"18074" "Gm33093" 0 NA NA NA NA 0 0 "Uqcrc2_noRT" "non-targeting_noRT"
"18075" "Gm8890" 0 NA NA NA NA 0 0 "Uqcrc2_noRT" "non-targeting_noRT"
"18076" "Gm32877" 0 NA NA NA NA 0 0 "Uqcrc2_noRT" "non-targeting_noRT"
"18077" "Speer1" 0 NA NA NA NA 0 0 "Uqcrc2_noRT" "non-targeting_noRT"
"18078" "1700108N06Rik" 0 NA NA NA NA 0 0 "Uqcrc2_noRT" "non-targeting_noRT"
"18079" "Gm8897" 0 NA NA NA NA 0 0 "Uqcrc2_noRT" "non-targeting_noRT"
"18080" "4930437M23Rik" 0 NA NA NA NA 0 0 "Uqcrc2_noRT" "non-targeting_noRT"
"18081" "Gm8906" 0 NA NA NA NA 0 0 "Uqcrc2_noRT" "non-targeting_noRT"
"18082" "Gm43640" 0 NA NA NA NA 0 0 "Uqcrc2_noRT" "non-targeting_noRT"
"18083" "Gm6460" 0 NA NA NA NA 0 0 "Uqcrc2_noRT" "non-targeting_noRT"
"18084" "Gm33847" 0 NA NA NA NA 0 0 "Uqcrc2_noRT" "non-targeting_noRT"
"18085" "Gm8922" 0 NA NA NA NA 0 0 "Uqcrc2_noRT" "non-targeting_noRT"
"18086" "1700003C15Rik" 0 NA NA NA NA 0 0 "Uqcrc2_noRT" "non-targeting_noRT"
"18087" "Gm8926" 0 NA NA NA NA 0 0 "Uqcrc2_noRT" "non-targeting_noRT"
"18088" "Gm43132" 0 NA NA NA NA 0 0 "Uqcrc2_noRT" "non-targeting_noRT"
"18089" "Gm6465" 0 NA NA NA NA 0 0 "Uqcrc2_noRT" "non-targeting_noRT"
"18090" "Gm43131" 0 NA NA NA NA 0 0 "Uqcrc2_noRT" "non-targeting_noRT"
"18091" "4933402N22Rik" 0 NA NA NA NA 0 0 "Uqcrc2_noRT" "non-targeting_noRT"
"18092" "Gm29066" 0 NA NA NA NA 0 0 "Uqcrc2_noRT" "non-targeting_noRT"
"18093" "Gm8953" 0 NA NA NA NA 0 0 "Uqcrc2_noRT" "non-targeting_noRT"
"18094" "Sema3a" 0 NA NA NA NA 0 0 "Uqcrc2_noRT" "non-targeting_noRT"
"18095" "4930568A13Rik" 0 NA NA NA NA 0 0 "Uqcrc2_noRT" "non-targeting_noRT"
"18096" "Speer3" 0 NA NA NA NA 0 0 "Uqcrc2_noRT" "non-targeting_noRT"
"18097" "Gm4128" 0 NA NA NA NA 0 0 "Uqcrc2_noRT" "non-targeting_noRT"
"18098" "Gm26918" 0 NA NA NA NA 0 0 "Uqcrc2_noRT" "non-targeting_noRT"
"18099" "Gm26954" 0 NA NA NA NA 0 0 "Uqcrc2_noRT" "non-targeting_noRT"
"18100" "Gm9758" 0 NA NA NA NA 0 0 "Uqcrc2_noRT" "non-targeting_noRT"
"18101" "Speer4e" 0 NA NA NA NA 0 0 "Uqcrc2_noRT" "non-targeting_noRT"
"18102" "Gm10354" 0 NA NA NA NA 0 0 "Uqcrc2_noRT" "non-targeting_noRT"
"18103" "Gm17019" 0 NA NA NA NA 0 0 "Uqcrc2_noRT" "non-targeting_noRT"
"18104" "Gm43391" 0 NA NA NA NA 0 0 "Uqcrc2_noRT" "non-targeting_noRT"
"18105" "Gm21149" 0 NA NA NA NA 0 0 "Uqcrc2_noRT" "non-targeting_noRT"
"18106" "Gm21847" 0 NA NA NA NA 0 0 "Uqcrc2_noRT" "non-targeting_noRT"
"18107" "Gm21190" 0 NA NA NA NA 0 0 "Uqcrc2_noRT" "non-targeting_noRT"
"18108" "Gm30613" 0 NA NA NA NA 0 0 "Uqcrc2_noRT" "non-targeting_noRT"
"18109" "Gm21083" 0 NA NA NA NA 0 0 "Uqcrc2_noRT" "non-targeting_noRT"
"18110" "Speer4d" 0 NA NA NA NA 0 0 "Uqcrc2_noRT" "non-targeting_noRT"
"18111" "4930572O03Rik" 0 NA NA NA NA 0 0 "Uqcrc2_noRT" "non-targeting_noRT"
"18112" "Speer4cos" 0 NA NA NA NA 0 0 "Uqcrc2_noRT" "non-targeting_noRT"
"18113" "Speer4c" 0 NA NA NA NA 0 0 "Uqcrc2_noRT" "non-targeting_noRT"
"18114" "4930519H02Rik" 0 NA NA NA NA 0 0 "Uqcrc2_noRT" "non-targeting_noRT"
"18115" "Gm3510" 0 NA NA NA NA 0 0 "Uqcrc2_noRT" "non-targeting_noRT"
"18116" "Cacna2d1" 0 NA NA NA NA 0 0 "Uqcrc2_noRT" "non-targeting_noRT"
"18117" "Gm43000" 0 NA NA NA NA 0 0 "Uqcrc2_noRT" "non-targeting_noRT"
"18118" "Hgf" 0 NA NA NA NA 0 0 "Uqcrc2_noRT" "non-targeting_noRT"
"18119" "Gm28710" 0 NA NA NA NA 0 0 "Uqcrc2_noRT" "non-targeting_noRT"
"18120" "Gm28710.1" 0 NA NA NA NA 0 0 "Uqcrc2_noRT" "non-targeting_noRT"
"18121" "Speer4f2" 0 NA NA NA NA 0 0 "Uqcrc2_noRT" "non-targeting_noRT"
"18122" "Speer4f1" 0 NA NA NA NA 0 0 "Uqcrc2_noRT" "non-targeting_noRT"
"18123" "Sema3c" 0 NA NA NA NA 0 0 "Uqcrc2_noRT" "non-targeting_noRT"
"18124" "Cd36" 0 NA NA NA NA 0 0 "Uqcrc2_noRT" "non-targeting_noRT"
"18125" "Gnat3" 0 NA NA NA NA 0 0 "Uqcrc2_noRT" "non-targeting_noRT"
"18126" "Gnai1" 0 NA NA NA NA 0 0 "Uqcrc2_noRT" "non-targeting_noRT"
"18127" "Gm31752" 0 NA NA NA NA 0 0 "Uqcrc2_noRT" "non-targeting_noRT"
"18128" "4921504A21Rik" 0 NA NA NA NA 0 0 "Uqcrc2_noRT" "non-targeting_noRT"
"18129" "Gm29254" 0 NA NA NA NA 0 0 "Uqcrc2_noRT" "non-targeting_noRT"
"18130" "Fbxl13" 0 NA NA NA NA 0 0 "Uqcrc2_noRT" "non-targeting_noRT"
"18131" "Lrrc17" 0 NA NA NA NA 0 0 "Uqcrc2_noRT" "non-targeting_noRT"
"18132" "Slc26a5" 0 NA NA NA NA 0 0 "Uqcrc2_noRT" "non-targeting_noRT"
"18133" "Gm10475" 0 NA NA NA NA 0 0 "Uqcrc2_noRT" "non-targeting_noRT"
"18134" "Gm16110" 0 NA NA NA NA 0 0 "Uqcrc2_noRT" "non-targeting_noRT"
"18135" "Gm43657" 0 NA NA NA NA 0 0 "Uqcrc2_noRT" "non-targeting_noRT"
"18136" "Gm42948" 0 NA NA NA NA 0 0 "Uqcrc2_noRT" "non-targeting_noRT"
"18137" "Gm42951" 0 NA NA NA NA 0 0 "Uqcrc2_noRT" "non-targeting_noRT"
"18138" "Gm15589" 0 NA NA NA NA 0 0 "Uqcrc2_noRT" "non-targeting_noRT"
"18139" "Gm15587" 0 NA NA NA NA 0 0 "Uqcrc2_noRT" "non-targeting_noRT"
"18140" "Asb10" 0 NA NA NA NA 0 0 "Uqcrc2_noRT" "non-targeting_noRT"
"18141" "Iqca1l" 0 NA NA NA NA 0 0 "Uqcrc2_noRT" "non-targeting_noRT"
"18142" "Wdr86" 0 NA NA NA NA 0 0 "Uqcrc2_noRT" "non-targeting_noRT"
"18143" "Crygn" 0 NA NA NA NA 0 0 "Uqcrc2_noRT" "non-targeting_noRT"
"18144" "Prkag2os2" 0 NA NA NA NA 0 0 "Uqcrc2_noRT" "non-targeting_noRT"
"18145" "Prkag2os1" 0 NA NA NA NA 0 0 "Uqcrc2_noRT" "non-targeting_noRT"
"18146" "1500035N22Rik" 0 NA NA NA NA 0 0 "Uqcrc2_noRT" "non-targeting_noRT"
"18147" "2900005J15Rik" 0 NA NA NA NA 0 0 "Uqcrc2_noRT" "non-targeting_noRT"
"18148" "Galntl5" 0 NA NA NA NA 0 0 "Uqcrc2_noRT" "non-targeting_noRT"
"18149" "E130116L18Rik" 0 NA NA NA NA 0 0 "Uqcrc2_noRT" "non-targeting_noRT"
"18150" "Cct8l1" 0 NA NA NA NA 0 0 "Uqcrc2_noRT" "non-targeting_noRT"
"18151" "Gm10062" 0 NA NA NA NA 0 0 "Uqcrc2_noRT" "non-targeting_noRT"
"18152" "Gm43972" 0 NA NA NA NA 0 0 "Uqcrc2_noRT" "non-targeting_noRT"
"18153" "Gm21655" 0 NA NA NA NA 0 0 "Uqcrc2_noRT" "non-targeting_noRT"
"18154" "Gm21663" 0 NA NA NA NA 0 0 "Uqcrc2_noRT" "non-targeting_noRT"
"18155" "Gm21671" 0 NA NA NA NA 0 0 "Uqcrc2_noRT" "non-targeting_noRT"
"18156" "Gm21680" 0 NA NA NA NA 0 0 "Uqcrc2_noRT" "non-targeting_noRT"
"18157" "Gm21698" 0 NA NA NA NA 0 0 "Uqcrc2_noRT" "non-targeting_noRT"
"18158" "Gm1979" 0 NA NA NA NA 0 0 "Uqcrc2_noRT" "non-targeting_noRT"
"18159" "Gm5862" 0 NA NA NA NA 0 0 "Uqcrc2_noRT" "non-targeting_noRT"
"18160" "Speer4a" 0 NA NA NA NA 0 0 "Uqcrc2_noRT" "non-targeting_noRT"
"18161" "Gm7347" 0 NA NA NA NA 0 0 "Uqcrc2_noRT" "non-targeting_noRT"
"18162" "Gm10471" 0 NA NA NA NA 0 0 "Uqcrc2_noRT" "non-targeting_noRT"
"18163" "5031410I06Rik" 0 NA NA NA NA 0 0 "Uqcrc2_noRT" "non-targeting_noRT"
"18164" "Gm10220" 0 NA NA NA NA 0 0 "Uqcrc2_noRT" "non-targeting_noRT"
"18165" "Gm7361" 0 NA NA NA NA 0 0 "Uqcrc2_noRT" "non-targeting_noRT"
"18166" "4930584F24Rik" 0 NA NA NA NA 0 0 "Uqcrc2_noRT" "non-targeting_noRT"
"18167" "Dpp6" 0 NA NA NA NA 0 0 "Uqcrc2_noRT" "non-targeting_noRT"
"18168" "Speer4b" 0 NA NA NA NA 0 0 "Uqcrc2_noRT" "non-targeting_noRT"
"18169" "Gm16058" 0 NA NA NA NA 0 0 "Uqcrc2_noRT" "non-targeting_noRT"
"18170" "Htr5a" 0 NA NA NA NA 0 0 "Uqcrc2_noRT" "non-targeting_noRT"
"18171" "Gm26608" 0 NA NA NA NA 0 0 "Uqcrc2_noRT" "non-targeting_noRT"
"18172" "En2" 0 NA NA NA NA 0 0 "Uqcrc2_noRT" "non-targeting_noRT"
"18173" "Cnpy1" 0 NA NA NA NA 0 0 "Uqcrc2_noRT" "non-targeting_noRT"
"18174" "Shh" 0 NA NA NA NA 0 0 "Uqcrc2_noRT" "non-targeting_noRT"
"18175" "9530036O11Rik" 0 NA NA NA NA 0 0 "Uqcrc2_noRT" "non-targeting_noRT"
"18176" "Mnx1" 0 NA NA NA NA 0 0 "Uqcrc2_noRT" "non-targeting_noRT"
"18177" "Gm42450" 0 NA NA NA NA 0 0 "Uqcrc2_noRT" "non-targeting_noRT"
"18178" "A230098N10Rik" 0 NA NA NA NA 0 0 "Uqcrc2_noRT" "non-targeting_noRT"
"18179" "Gm4961" 0 NA NA NA NA 0 0 "Uqcrc2_noRT" "non-targeting_noRT"
"18180" "Garem2" 0 NA NA NA NA 0 0 "Uqcrc2_noRT" "non-targeting_noRT"
"18181" "Adgrf3" 0 NA NA NA NA 0 0 "Uqcrc2_noRT" "non-targeting_noRT"
"18182" "Drc1" 0 NA NA NA NA 0 0 "Uqcrc2_noRT" "non-targeting_noRT"
"18183" "Gm43755" 0 NA NA NA NA 0 0 "Uqcrc2_noRT" "non-targeting_noRT"
"18184" "1700001C02Rik" 0 NA NA NA NA 0 0 "Uqcrc2_noRT" "non-targeting_noRT"
"18185" "Cib4" 0 NA NA NA NA 0 0 "Uqcrc2_noRT" "non-targeting_noRT"
"18186" "Gm42765" 0 NA NA NA NA 0 0 "Uqcrc2_noRT" "non-targeting_noRT"
"18187" "Gm9899" 0 NA NA NA NA 0 0 "Uqcrc2_noRT" "non-targeting_noRT"
"18188" "Kcnk3" 0 NA NA NA NA 0 0 "Uqcrc2_noRT" "non-targeting_noRT"
"18189" "Dpysl5" 0 NA NA NA NA 0 0 "Uqcrc2_noRT" "non-targeting_noRT"
"18190" "Gm42764" 0 NA NA NA NA 0 0 "Uqcrc2_noRT" "non-targeting_noRT"
"18191" "Gm15461" 0 NA NA NA NA 0 0 "Uqcrc2_noRT" "non-targeting_noRT"
"18192" "Tcf23" 0 NA NA NA NA 0 0 "Uqcrc2_noRT" "non-targeting_noRT"
"18193" "Slc30a3" 0 NA NA NA NA 0 0 "Uqcrc2_noRT" "non-targeting_noRT"
"18194" "Dnajc5g" 0 NA NA NA NA 0 0 "Uqcrc2_noRT" "non-targeting_noRT"
"18195" "Trim54" 0 NA NA NA NA 0 0 "Uqcrc2_noRT" "non-targeting_noRT"
"18196" "Gm15469" 0 NA NA NA NA 0 0 "Uqcrc2_noRT" "non-targeting_noRT"
"18197" "Ucn" 0 NA NA NA NA 0 0 "Uqcrc2_noRT" "non-targeting_noRT"
"18198" "Krtcap3" 0 NA NA NA NA 0 0 "Uqcrc2_noRT" "non-targeting_noRT"
"18199" "Gckr" 0 NA NA NA NA 0 0 "Uqcrc2_noRT" "non-targeting_noRT"
"18200" "4930566F21Rik" 0 NA NA NA NA 0 0 "Uqcrc2_noRT" "non-targeting_noRT"
"18201" "Gm17130" 0 NA NA NA NA 0 0 "Uqcrc2_noRT" "non-targeting_noRT"
"18202" "Gm36840" 0 NA NA NA NA 0 0 "Uqcrc2_noRT" "non-targeting_noRT"
"18203" "Gm7596" 0 NA NA NA NA 0 0 "Uqcrc2_noRT" "non-targeting_noRT"
"18204" "Gm43695" 0 NA NA NA NA 0 0 "Uqcrc2_noRT" "non-targeting_noRT"
"18205" "Spon2" 0 NA NA NA NA 0 0 "Uqcrc2_noRT" "non-targeting_noRT"
"18206" "Gm20465" 0 NA NA NA NA 0 0 "Uqcrc2_noRT" "non-targeting_noRT"
"18207" "Nkx1-1" 0 NA NA NA NA 0 0 "Uqcrc2_noRT" "non-targeting_noRT"
"18208" "Gm43851" 0 NA NA NA NA 0 0 "Uqcrc2_noRT" "non-targeting_noRT"
"18209" "Gm9903" 0 NA NA NA NA 0 0 "Uqcrc2_noRT" "non-targeting_noRT"
"18210" "Gm42849" 0 NA NA NA NA 0 0 "Uqcrc2_noRT" "non-targeting_noRT"
"18211" "4930557J02Rik" 0 NA NA NA NA 0 0 "Uqcrc2_noRT" "non-targeting_noRT"
"18212" "Gm42846" 0 NA NA NA NA 0 0 "Uqcrc2_noRT" "non-targeting_noRT"
"18213" "Zfyve28" 0 NA NA NA NA 0 0 "Uqcrc2_noRT" "non-targeting_noRT"
"18214" "Gm15513" 0 NA NA NA NA 0 0 "Uqcrc2_noRT" "non-targeting_noRT"
"18215" "Gm42848" 0 NA NA NA NA 0 0 "Uqcrc2_noRT" "non-targeting_noRT"
"18216" "Cfap99" 0 NA NA NA NA 0 0 "Uqcrc2_noRT" "non-targeting_noRT"
"18217" "Gm43458" 0 NA NA NA NA 0 0 "Uqcrc2_noRT" "non-targeting_noRT"
"18218" "Gm15522" 0 NA NA NA NA 0 0 "Uqcrc2_noRT" "non-targeting_noRT"
"18219" "Gm42560" 0 NA NA NA NA 0 0 "Uqcrc2_noRT" "non-targeting_noRT"
"18220" "Gm43791" 0 NA NA NA NA 0 0 "Uqcrc2_noRT" "non-targeting_noRT"
"18221" "Hgfac" 0 NA NA NA NA 0 0 "Uqcrc2_noRT" "non-targeting_noRT"
"18222" "Adra2c" 0 NA NA NA NA 0 0 "Uqcrc2_noRT" "non-targeting_noRT"
"18223" "4930478P22Rik" 0 NA NA NA NA 0 0 "Uqcrc2_noRT" "non-targeting_noRT"
"18224" "E130018O15Rik" 0 NA NA NA NA 0 0 "Uqcrc2_noRT" "non-targeting_noRT"
"18225" "Hmx1" 0 NA NA NA NA 0 0 "Uqcrc2_noRT" "non-targeting_noRT"
"18226" "Cpz" 0 NA NA NA NA 0 0 "Uqcrc2_noRT" "non-targeting_noRT"
"18227" "4931431C16Rik" 0 NA NA NA NA 0 0 "Uqcrc2_noRT" "non-targeting_noRT"
"18228" "Sh3tc1" 0 NA NA NA NA 0 0 "Uqcrc2_noRT" "non-targeting_noRT"
"18229" "Gm15650" 0 NA NA NA NA 0 0 "Uqcrc2_noRT" "non-targeting_noRT"
"18230" "Ablim2" 0 NA NA NA NA 0 0 "Uqcrc2_noRT" "non-targeting_noRT"
"18231" "Afap1" 0 NA NA NA NA 0 0 "Uqcrc2_noRT" "non-targeting_noRT"
"18232" "Sorcs2" 0 NA NA NA NA 0 0 "Uqcrc2_noRT" "non-targeting_noRT"
"18233" "Psapl1" 0 NA NA NA NA 0 0 "Uqcrc2_noRT" "non-targeting_noRT"
"18234" "2210406O10Rik" 0 NA NA NA NA 0 0 "Uqcrc2_noRT" "non-targeting_noRT"
"18235" "Gm43701" 0 NA NA NA NA 0 0 "Uqcrc2_noRT" "non-targeting_noRT"
"18236" "Ppp2r2c" 0 NA NA NA NA 0 0 "Uqcrc2_noRT" "non-targeting_noRT"
"18237" "Ppp2r2cos" 0 NA NA NA NA 0 0 "Uqcrc2_noRT" "non-targeting_noRT"
"18238" "Gm26647" 0 NA NA NA NA 0 0 "Uqcrc2_noRT" "non-targeting_noRT"
"18239" "Gm1043" 0 NA NA NA NA 0 0 "Uqcrc2_noRT" "non-targeting_noRT"
"18240" "Jakmip1.1" 0 NA NA NA NA 0 0 "Uqcrc2_noRT" "non-targeting_noRT"
"18241" "Stk32b" 0 NA NA NA NA 0 0 "Uqcrc2_noRT" "non-targeting_noRT"
"18242" "Gm43763" 0 NA NA NA NA 0 0 "Uqcrc2_noRT" "non-targeting_noRT"
"18243" "Msx1" 0 NA NA NA NA 0 0 "Uqcrc2_noRT" "non-targeting_noRT"
"18244" "Gm20052" 0 NA NA NA NA 0 0 "Uqcrc2_noRT" "non-targeting_noRT"
"18245" "Gm40289" 0 NA NA NA NA 0 0 "Uqcrc2_noRT" "non-targeting_noRT"
"18246" "Nsg1" 0 NA NA NA NA 0 0 "Uqcrc2_noRT" "non-targeting_noRT"
"18247" "Otop1" 0 NA NA NA NA 0 0 "Uqcrc2_noRT" "non-targeting_noRT"
"18248" "Gm26560" 0 NA NA NA NA 0 0 "Uqcrc2_noRT" "non-targeting_noRT"
"18249" "Drd5" 0 NA NA NA NA 0 0 "Uqcrc2_noRT" "non-targeting_noRT"
"18250" "4930487D11Rik" 0 NA NA NA NA 0 0 "Uqcrc2_noRT" "non-targeting_noRT"
"18251" "Slc2a9" 0 NA NA NA NA 0 0 "Uqcrc2_noRT" "non-targeting_noRT"
"18252" "Clnk" 0 NA NA NA NA 0 0 "Uqcrc2_noRT" "non-targeting_noRT"
"18253" "Clnkos" 0 NA NA NA NA 0 0 "Uqcrc2_noRT" "non-targeting_noRT"
"18254" "Gm40293" 0 NA NA NA NA 0 0 "Uqcrc2_noRT" "non-targeting_noRT"
"18255" "Gm40292" 0 NA NA NA NA 0 0 "Uqcrc2_noRT" "non-targeting_noRT"
"18256" "Gm42524" 0 NA NA NA NA 0 0 "Uqcrc2_noRT" "non-targeting_noRT"
"18257" "4930513D17Rik" 0 NA NA NA NA 0 0 "Uqcrc2_noRT" "non-targeting_noRT"
"18258" "Hs3st1" 0 NA NA NA NA 0 0 "Uqcrc2_noRT" "non-targeting_noRT"
"18259" "Gm35191" 0 NA NA NA NA 0 0 "Uqcrc2_noRT" "non-targeting_noRT"
"18260" "Nkx3-2" 0 NA NA NA NA 0 0 "Uqcrc2_noRT" "non-targeting_noRT"
"18261" "Gm16223" 0 NA NA NA NA 0 0 "Uqcrc2_noRT" "non-targeting_noRT"
"18262" "Gm43700" 0 NA NA NA NA 0 0 "Uqcrc2_noRT" "non-targeting_noRT"
"18263" "Gm42711" 0 NA NA NA NA 0 0 "Uqcrc2_noRT" "non-targeting_noRT"
"18264" "Gm7854" 0 NA NA NA NA 0 0 "Uqcrc2_noRT" "non-targeting_noRT"
"18265" "Gm43020" 0 NA NA NA NA 0 0 "Uqcrc2_noRT" "non-targeting_noRT"
"18266" "Gm43699" 0 NA NA NA NA 0 0 "Uqcrc2_noRT" "non-targeting_noRT"
"18267" "Gm43021" 0 NA NA NA NA 0 0 "Uqcrc2_noRT" "non-targeting_noRT"
"18268" "C1qtnf7" 0 NA NA NA NA 0 0 "Uqcrc2_noRT" "non-targeting_noRT"
"18269" "Gm15866" 0 NA NA NA NA 0 0 "Uqcrc2_noRT" "non-targeting_noRT"
"18270" "Gm42555" 0 NA NA NA NA 0 0 "Uqcrc2_noRT" "non-targeting_noRT"
"18271" "Gm16014" 0 NA NA NA NA 0 0 "Uqcrc2_noRT" "non-targeting_noRT"
"18272" "Gm16015" 0 NA NA NA NA 0 0 "Uqcrc2_noRT" "non-targeting_noRT"
"18273" "Fgfbp1" 0 NA NA NA NA 0 0 "Uqcrc2_noRT" "non-targeting_noRT"
"18274" "Prom1" 0 NA NA NA NA 0 0 "Uqcrc2_noRT" "non-targeting_noRT"
"18275" "Gm42716" 0 NA NA NA NA 0 0 "Uqcrc2_noRT" "non-targeting_noRT"
"18276" "Gm16401" 0 NA NA NA NA 0 0 "Uqcrc2_noRT" "non-targeting_noRT"
"18277" "Gm42428" 0 NA NA NA NA 0 0 "Uqcrc2_noRT" "non-targeting_noRT"
"18278" "Gm42982" 0 NA NA NA NA 0 0 "Uqcrc2_noRT" "non-targeting_noRT"
"18279" "Gm42984" 0 NA NA NA NA 0 0 "Uqcrc2_noRT" "non-targeting_noRT"
"18280" "Gm36017" 0 NA NA NA NA 0 0 "Uqcrc2_noRT" "non-targeting_noRT"
"18281" "Ldb2" 0 NA NA NA NA 0 0 "Uqcrc2_noRT" "non-targeting_noRT"
"18282" "Gm43507" 0 NA NA NA NA 0 0 "Uqcrc2_noRT" "non-targeting_noRT"
"18283" "Gm3364" 0 NA NA NA NA 0 0 "Uqcrc2_noRT" "non-targeting_noRT"
"18284" "Gm42750" 0 NA NA NA NA 0 0 "Uqcrc2_noRT" "non-targeting_noRT"
"18285" "4930431F12Rik" 0 NA NA NA NA 0 0 "Uqcrc2_noRT" "non-targeting_noRT"
"18286" "Gm42413" 0 NA NA NA NA 0 0 "Uqcrc2_noRT" "non-targeting_noRT"
"18287" "Clrn2" 0 NA NA NA NA 0 0 "Uqcrc2_noRT" "non-targeting_noRT"
"18288" "9630001P10Rik" 0 NA NA NA NA 0 0 "Uqcrc2_noRT" "non-targeting_noRT"
"18289" "4930405L22Rik" 0 NA NA NA NA 0 0 "Uqcrc2_noRT" "non-targeting_noRT"
"18290" "Slit2" 0 NA NA NA NA 0 0 "Uqcrc2_noRT" "non-targeting_noRT"
"18291" "4930518C09Rik" 0 NA NA NA NA 0 0 "Uqcrc2_noRT" "non-targeting_noRT"
"18292" "Gm20475" 0 NA NA NA NA 0 0 "Uqcrc2_noRT" "non-targeting_noRT"
"18293" "Kcnip4" 0 NA NA NA NA 0 0 "Uqcrc2_noRT" "non-targeting_noRT"
"18294" "Gm20700" 0 NA NA NA NA 0 0 "Uqcrc2_noRT" "non-targeting_noRT"
"18295" "4930448I18Rik" 0 NA NA NA NA 0 0 "Uqcrc2_noRT" "non-targeting_noRT"
"18296" "Gm36814" 0 NA NA NA NA 0 0 "Uqcrc2_noRT" "non-targeting_noRT"
"18297" "Gm43016" 0 NA NA NA NA 0 0 "Uqcrc2_noRT" "non-targeting_noRT"
"18298" "Ppargc1a" 0 NA NA NA NA 0 0 "Uqcrc2_noRT" "non-targeting_noRT"
"18299" "Gm43177" 0 NA NA NA NA 0 0 "Uqcrc2_noRT" "non-targeting_noRT"
"18300" "C130083M11Rik" 0 NA NA NA NA 0 0 "Uqcrc2_noRT" "non-targeting_noRT"
"18301" "Gm43179" 0 NA NA NA NA 0 0 "Uqcrc2_noRT" "non-targeting_noRT"
"18302" "Ccdc149" 0 NA NA NA NA 0 0 "Uqcrc2_noRT" "non-targeting_noRT"
"18303" "Gm3519" 0 NA NA NA NA 0 0 "Uqcrc2_noRT" "non-targeting_noRT"
"18304" "Lgi2" 0 NA NA NA NA 0 0 "Uqcrc2_noRT" "non-targeting_noRT"
"18305" "Gm43685" 0 NA NA NA NA 0 0 "Uqcrc2_noRT" "non-targeting_noRT"
"18306" "5033403H07Rik" 0 NA NA NA NA 0 0 "Uqcrc2_noRT" "non-targeting_noRT"
"18307" "Gm30301" 0 NA NA NA NA 0 0 "Uqcrc2_noRT" "non-targeting_noRT"
"18308" "Slc34a2" 0 NA NA NA NA 0 0 "Uqcrc2_noRT" "non-targeting_noRT"
"18309" "Gm17182" 0 NA NA NA NA 0 0 "Uqcrc2_noRT" "non-targeting_noRT"
"18310" "Sel1l3" 0 NA NA NA NA 0 0 "Uqcrc2_noRT" "non-targeting_noRT"
"18311" "Gm45495" 0 NA NA NA NA 0 0 "Uqcrc2_noRT" "non-targeting_noRT"
"18312" "Gm42745" 0 NA NA NA NA 0 0 "Uqcrc2_noRT" "non-targeting_noRT"
"18313" "Gm10441" 0 NA NA NA NA 0 0 "Uqcrc2_noRT" "non-targeting_noRT"
"18314" "Gm40304" 0 NA NA NA NA 0 0 "Uqcrc2_noRT" "non-targeting_noRT"
"18315" "Cckar" 0 NA NA NA NA 0 0 "Uqcrc2_noRT" "non-targeting_noRT"
"18316" "Gm10440" 0 NA NA NA NA 0 0 "Uqcrc2_noRT" "non-targeting_noRT"
"18317" "4932441J04Rik" 0 NA NA NA NA 0 0 "Uqcrc2_noRT" "non-targeting_noRT"
"18318" "4930459L07Rik" 0 NA NA NA NA 0 0 "Uqcrc2_noRT" "non-targeting_noRT"
"18319" "1700029E06Rik" 0 NA NA NA NA 0 0 "Uqcrc2_noRT" "non-targeting_noRT"
"18320" "Gm43042" 0 NA NA NA NA 0 0 "Uqcrc2_noRT" "non-targeting_noRT"
"18321" "4933402J10Rik" 0 NA NA NA NA 0 0 "Uqcrc2_noRT" "non-targeting_noRT"
"18322" "1700014F14Rik" 0 NA NA NA NA 0 0 "Uqcrc2_noRT" "non-targeting_noRT"
"18323" "G6pd2" 0 NA NA NA NA 0 0 "Uqcrc2_noRT" "non-targeting_noRT"
"18324" "Dthd1" 0 NA NA NA NA 0 0 "Uqcrc2_noRT" "non-targeting_noRT"
"18325" "Nwd2" 0 NA NA NA NA 0 0 "Uqcrc2_noRT" "non-targeting_noRT"
"18326" "0610040J01Rik" 0 NA NA NA NA 0 0 "Uqcrc2_noRT" "non-targeting_noRT"
"18327" "Gm15819" 0 NA NA NA NA 0 0 "Uqcrc2_noRT" "non-targeting_noRT"
"18328" "5830416I19Rik" 0 NA NA NA NA 0 0 "Uqcrc2_noRT" "non-targeting_noRT"
"18329" "Gm43838" 0 NA NA NA NA 0 0 "Uqcrc2_noRT" "non-targeting_noRT"
"18330" "Gm43837" 0 NA NA NA NA 0 0 "Uqcrc2_noRT" "non-targeting_noRT"
"18331" "Gm31363" 0 NA NA NA NA 0 0 "Uqcrc2_noRT" "non-targeting_noRT"
"18332" "1700027F09Rik" 0 NA NA NA NA 0 0 "Uqcrc2_noRT" "non-targeting_noRT"
"18333" "C030018K13Rik" 0 NA NA NA NA 0 0 "Uqcrc2_noRT" "non-targeting_noRT"
"18334" "Gm42564" 0 NA NA NA NA 0 0 "Uqcrc2_noRT" "non-targeting_noRT"
"18335" "Gm42565" 0 NA NA NA NA 0 0 "Uqcrc2_noRT" "non-targeting_noRT"
"18336" "Gm26761" 0 NA NA NA NA 0 0 "Uqcrc2_noRT" "non-targeting_noRT"
"18337" "Tlr1" 0 NA NA NA NA 0 0 "Uqcrc2_noRT" "non-targeting_noRT"
"18338" "Tlr6" 0 NA NA NA NA 0 0 "Uqcrc2_noRT" "non-targeting_noRT"
"18339" "Tmem156" 0 NA NA NA NA 0 0 "Uqcrc2_noRT" "non-targeting_noRT"
"18340" "Klb" 0 NA NA NA NA 0 0 "Uqcrc2_noRT" "non-targeting_noRT"
"18341" "N4bp2os" 0 NA NA NA NA 0 0 "Uqcrc2_noRT" "non-targeting_noRT"
"18342" "Rhoh" 0 NA NA NA NA 0 0 "Uqcrc2_noRT" "non-targeting_noRT"
"18343" "Chrna9" 0 NA NA NA NA 0 0 "Uqcrc2_noRT" "non-targeting_noRT"
"18344" "9130230L23Rik" 0 NA NA NA NA 0 0 "Uqcrc2_noRT" "non-targeting_noRT"
"18345" "Rbm47" 0 NA NA NA NA 0 0 "Uqcrc2_noRT" "non-targeting_noRT"
"18346" "Gm26725" 0 NA NA NA NA 0 0 "Uqcrc2_noRT" "non-targeting_noRT"
"18347" "1700126H18Rik" 0 NA NA NA NA 0 0 "Uqcrc2_noRT" "non-targeting_noRT"
"18348" "Limch1" 0 NA NA NA NA 0 0 "Uqcrc2_noRT" "non-targeting_noRT"
"18349" "Gm15949" 0 NA NA NA NA 0 0 "Uqcrc2_noRT" "non-targeting_noRT"
"18350" "Gm15948" 0 NA NA NA NA 0 0 "Uqcrc2_noRT" "non-targeting_noRT"
"18351" "Phox2b" 0 NA NA NA NA 0 0 "Uqcrc2_noRT" "non-targeting_noRT"
"18352" "Gm43698" 0 NA NA NA NA 0 0 "Uqcrc2_noRT" "non-targeting_noRT"
"18353" "Gm26756" 0 NA NA NA NA 0 0 "Uqcrc2_noRT" "non-targeting_noRT"
"18354" "C330024D21Rik" 0 NA NA NA NA 0 0 "Uqcrc2_noRT" "non-targeting_noRT"
"18355" "Shisa3" 0 NA NA NA NA 0 0 "Uqcrc2_noRT" "non-targeting_noRT"
"18356" "Gm15478" 0 NA NA NA NA 0 0 "Uqcrc2_noRT" "non-targeting_noRT"
"18357" "Gm21905" 0 NA NA NA NA 0 0 "Uqcrc2_noRT" "non-targeting_noRT"
"18358" "4930425K10Rik" 0 NA NA NA NA 0 0 "Uqcrc2_noRT" "non-targeting_noRT"
"18359" "Gm5108" 0 NA NA NA NA 0 0 "Uqcrc2_noRT" "non-targeting_noRT"
"18360" "Grxcr1" 0 NA NA NA NA 0 0 "Uqcrc2_noRT" "non-targeting_noRT"
"18361" "Kctd8" 0 NA NA NA NA 0 0 "Uqcrc2_noRT" "non-targeting_noRT"
"18362" "Yipf7" 0 NA NA NA NA 0 0 "Uqcrc2_noRT" "non-targeting_noRT"
"18363" "Gabrg1" 0 NA NA NA NA 0 0 "Uqcrc2_noRT" "non-targeting_noRT"
"18364" "Gabra2" 0 NA NA NA NA 0 0 "Uqcrc2_noRT" "non-targeting_noRT"
"18365" "Cox7b2" 0 NA NA NA NA 0 0 "Uqcrc2_noRT" "non-targeting_noRT"
"18366" "Gabra4" 0 NA NA NA NA 0 0 "Uqcrc2_noRT" "non-targeting_noRT"
"18367" "Gabrb1" 0 NA NA NA NA 0 0 "Uqcrc2_noRT" "non-targeting_noRT"
"18368" "Gm38562" 0 NA NA NA NA 0 0 "Uqcrc2_noRT" "non-targeting_noRT"
"18369" "Corin" 0 NA NA NA NA 0 0 "Uqcrc2_noRT" "non-targeting_noRT"
"18370" "Gm20647" 0 NA NA NA NA 0 0 "Uqcrc2_noRT" "non-targeting_noRT"
"18371" "AU023070" 0 NA NA NA NA 0 0 "Uqcrc2_noRT" "non-targeting_noRT"
"18372" "Zar1" 0 NA NA NA NA 0 0 "Uqcrc2_noRT" "non-targeting_noRT"
"18373" "Gm5868" 0 NA NA NA NA 0 0 "Uqcrc2_noRT" "non-targeting_noRT"
"18374" "Cnga1" 0 NA NA NA NA 0 0 "Uqcrc2_noRT" "non-targeting_noRT"
"18375" "4933408A14Rik" 0 NA NA NA NA 0 0 "Uqcrc2_noRT" "non-targeting_noRT"
"18376" "Nipal1" 0 NA NA NA NA 0 0 "Uqcrc2_noRT" "non-targeting_noRT"
"18377" "Txk" 0 NA NA NA NA 0 0 "Uqcrc2_noRT" "non-targeting_noRT"
"18378" "Tec" 0 NA NA NA NA 0 0 "Uqcrc2_noRT" "non-targeting_noRT"
"18379" "Gm10135" 0 NA NA NA NA 0 0 "Uqcrc2_noRT" "non-targeting_noRT"
"18380" "1700071G01Rik" 0 NA NA NA NA 0 0 "Uqcrc2_noRT" "non-targeting_noRT"
"18381" "Gm17207" 0 NA NA NA NA 0 0 "Uqcrc2_noRT" "non-targeting_noRT"
"18382" "Gm34411" 0 NA NA NA NA 0 0 "Uqcrc2_noRT" "non-targeting_noRT"
"18383" "1700025M24Rik" 0 NA NA NA NA 0 0 "Uqcrc2_noRT" "non-targeting_noRT"
"18384" "Cwh43" 0 NA NA NA NA 0 0 "Uqcrc2_noRT" "non-targeting_noRT"
"18385" "Lrrc66" 0 NA NA NA NA 0 0 "Uqcrc2_noRT" "non-targeting_noRT"
"18386" "Spata18" 0 NA NA NA NA 0 0 "Uqcrc2_noRT" "non-targeting_noRT"
"18387" "1700019F05Rik" 0 NA NA NA NA 0 0 "Uqcrc2_noRT" "non-targeting_noRT"
"18388" "Usp46os1" 0 NA NA NA NA 0 0 "Uqcrc2_noRT" "non-targeting_noRT"
"18389" "Usp46os2" 0 NA NA NA NA 0 0 "Uqcrc2_noRT" "non-targeting_noRT"
"18390" "Gm15984" 0 NA NA NA NA 0 0 "Uqcrc2_noRT" "non-targeting_noRT"
"18391" "Gm15985" 0 NA NA NA NA 0 0 "Uqcrc2_noRT" "non-targeting_noRT"
"18392" "Gm42575" 0 NA NA NA NA 0 0 "Uqcrc2_noRT" "non-targeting_noRT"
"18393" "Gm6116" 0 NA NA NA NA 0 0 "Uqcrc2_noRT" "non-targeting_noRT"
"18394" "Gm19583" 0 NA NA NA NA 0 0 "Uqcrc2_noRT" "non-targeting_noRT"
"18395" "Gm42802" 0 NA NA NA NA 0 0 "Uqcrc2_noRT" "non-targeting_noRT"
"18396" "Gm42800" 0 NA NA NA NA 0 0 "Uqcrc2_noRT" "non-targeting_noRT"
"18397" "Gm43101" 0 NA NA NA NA 0 0 "Uqcrc2_noRT" "non-targeting_noRT"
"18398" "Gm43100" 0 NA NA NA NA 0 0 "Uqcrc2_noRT" "non-targeting_noRT"
"18399" "Gm19590" 0 NA NA NA NA 0 0 "Uqcrc2_noRT" "non-targeting_noRT"
"18400" "Gm28865" 0 NA NA NA NA 0 0 "Uqcrc2_noRT" "non-targeting_noRT"
"18401" "Kdr" 0 NA NA NA NA 0 0 "Uqcrc2_noRT" "non-targeting_noRT"
"18402" "Gm32780" 0 NA NA NA NA 0 0 "Uqcrc2_noRT" "non-targeting_noRT"
"18403" "Pdcl2" 0 NA NA NA NA 0 0 "Uqcrc2_noRT" "non-targeting_noRT"
"18404" "4930432L08Rik" 0 NA NA NA NA 0 0 "Uqcrc2_noRT" "non-targeting_noRT"
"18405" "Nmu" 0 NA NA NA NA 0 0 "Uqcrc2_noRT" "non-targeting_noRT"
"18406" "Gm7271" 0 NA NA NA NA 0 0 "Uqcrc2_noRT" "non-targeting_noRT"
"18407" "Arl9" 0 NA NA NA NA 0 0 "Uqcrc2_noRT" "non-targeting_noRT"
"18408" "1700112J05Rik" 0 NA NA NA NA 0 0 "Uqcrc2_noRT" "non-targeting_noRT"
"18409" "Thegl" 0 NA NA NA NA 0 0 "Uqcrc2_noRT" "non-targeting_noRT"
"18410" "Hopxos" 0 NA NA NA NA 0 0 "Uqcrc2_noRT" "non-targeting_noRT"
"18411" "Gm15831" 0 NA NA NA NA 0 0 "Uqcrc2_noRT" "non-targeting_noRT"
"18412" "Chaer1" 0 NA NA NA NA 0 0 "Uqcrc2_noRT" "non-targeting_noRT"
"18413" "Gm34648" 0 NA NA NA NA 0 0 "Uqcrc2_noRT" "non-targeting_noRT"
"18414" "Gm34728" 0 NA NA NA NA 0 0 "Uqcrc2_noRT" "non-targeting_noRT"
"18415" "1700017L05Rik" 0 NA NA NA NA 0 0 "Uqcrc2_noRT" "non-targeting_noRT"
"18416" "Gm42761" 0 NA NA NA NA 0 0 "Uqcrc2_noRT" "non-targeting_noRT"
"18417" "Gm16054" 0 NA NA NA NA 0 0 "Uqcrc2_noRT" "non-targeting_noRT"
"18418" "1700031L13Rik" 0 NA NA NA NA 0 0 "Uqcrc2_noRT" "non-targeting_noRT"
"18419" "Tecrl" 0 NA NA NA NA 0 0 "Uqcrc2_noRT" "non-targeting_noRT"
"18420" "Gm43532" 0 NA NA NA NA 0 0 "Uqcrc2_noRT" "non-targeting_noRT"
"18421" "Gm43567" 0 NA NA NA NA 0 0 "Uqcrc2_noRT" "non-targeting_noRT"
"18422" "Stap1" 0 NA NA NA NA 0 0 "Uqcrc2_noRT" "non-targeting_noRT"
"18423" "Gnrhr" 0 NA NA NA NA 0 0 "Uqcrc2_noRT" "non-targeting_noRT"
"18424" "Tmprss11c" 0 NA NA NA NA 0 0 "Uqcrc2_noRT" "non-targeting_noRT"
"18425" "Tmprss11d" 0 NA NA NA NA 0 0 "Uqcrc2_noRT" "non-targeting_noRT"
"18426" "Tmprss11a" 0 NA NA NA NA 0 0 "Uqcrc2_noRT" "non-targeting_noRT"
"18427" "Tmprss11g" 0 NA NA NA NA 0 0 "Uqcrc2_noRT" "non-targeting_noRT"
"18428" "Tmprss11f" 0 NA NA NA NA 0 0 "Uqcrc2_noRT" "non-targeting_noRT"
"18429" "Tmprss11b" 0 NA NA NA NA 0 0 "Uqcrc2_noRT" "non-targeting_noRT"
"18430" "Gm43056" 0 NA NA NA NA 0 0 "Uqcrc2_noRT" "non-targeting_noRT"
"18431" "Tmprss11e" 0 NA NA NA NA 0 0 "Uqcrc2_noRT" "non-targeting_noRT"
"18432" "Gm16579" 0 NA NA NA NA 0 0 "Uqcrc2_noRT" "non-targeting_noRT"
"18433" "Gm43057" 0 NA NA NA NA 0 0 "Uqcrc2_noRT" "non-targeting_noRT"
"18434" "Ugt2b34" 0 NA NA NA NA 0 0 "Uqcrc2_noRT" "non-targeting_noRT"
"18435" "Ugt2b1" 0 NA NA NA NA 0 0 "Uqcrc2_noRT" "non-targeting_noRT"
"18436" "Ugt2b35" 0 NA NA NA NA 0 0 "Uqcrc2_noRT" "non-targeting_noRT"
"18437" "Ugt2b36" 0 NA NA NA NA 0 0 "Uqcrc2_noRT" "non-targeting_noRT"
"18438" "Ugt2b5" 0 NA NA NA NA 0 0 "Uqcrc2_noRT" "non-targeting_noRT"
"18439" "Ugt2b37" 0 NA NA NA NA 0 0 "Uqcrc2_noRT" "non-targeting_noRT"
"18440" "Ugt2a3" 0 NA NA NA NA 0 0 "Uqcrc2_noRT" "non-targeting_noRT"
"18441" "Ugt2b38" 0 NA NA NA NA 0 0 "Uqcrc2_noRT" "non-targeting_noRT"
"18442" "Ugt2a2" 0 NA NA NA NA 0 0 "Uqcrc2_noRT" "non-targeting_noRT"
"18443" "Ugt2a1" 0 NA NA NA NA 0 0 "Uqcrc2_noRT" "non-targeting_noRT"
"18444" "Sult1b1" 0 NA NA NA NA 0 0 "Uqcrc2_noRT" "non-targeting_noRT"
"18445" "Sult1d1" 0 NA NA NA NA 0 0 "Uqcrc2_noRT" "non-targeting_noRT"
"18446" "Sult1e1" 0 NA NA NA NA 0 0 "Uqcrc2_noRT" "non-targeting_noRT"
"18447" "Csn1s1" 0 NA NA NA NA 0 0 "Uqcrc2_noRT" "non-targeting_noRT"
"18448" "Csn2" 0 NA NA NA NA 0 0 "Uqcrc2_noRT" "non-targeting_noRT"
"18449" "Csn1s2a" 0 NA NA NA NA 0 0 "Uqcrc2_noRT" "non-targeting_noRT"
"18450" "Csn1s2b" 0 NA NA NA NA 0 0 "Uqcrc2_noRT" "non-targeting_noRT"
"18451" "Prr27" 0 NA NA NA NA 0 0 "Uqcrc2_noRT" "non-targeting_noRT"
"18452" "Gm42794" 0 NA NA NA NA 0 0 "Uqcrc2_noRT" "non-targeting_noRT"
"18453" "Odam" 0 NA NA NA NA 0 0 "Uqcrc2_noRT" "non-targeting_noRT"
"18454" "1700066N21Rik" 0 NA NA NA NA 0 0 "Uqcrc2_noRT" "non-targeting_noRT"
"18455" "BC037156" 0 NA NA NA NA 0 0 "Uqcrc2_noRT" "non-targeting_noRT"
"18456" "BC051076" 0 NA NA NA NA 0 0 "Uqcrc2_noRT" "non-targeting_noRT"
"18457" "2310003L06Rik" 0 NA NA NA NA 0 0 "Uqcrc2_noRT" "non-targeting_noRT"
"18458" "Cabs1" 0 NA NA NA NA 0 0 "Uqcrc2_noRT" "non-targeting_noRT"
"18459" "Smr3a" 0 NA NA NA NA 0 0 "Uqcrc2_noRT" "non-targeting_noRT"
"18460" "Smr2" 0 NA NA NA NA 0 0 "Uqcrc2_noRT" "non-targeting_noRT"
"18461" "Gm11116" 0 NA NA NA NA 0 0 "Uqcrc2_noRT" "non-targeting_noRT"
"18462" "Gm11115" 0 NA NA NA NA 0 0 "Uqcrc2_noRT" "non-targeting_noRT"
"18463" "Gm7714" 0 NA NA NA NA 0 0 "Uqcrc2_noRT" "non-targeting_noRT"
"18464" "Prol1" 0 NA NA NA NA 0 0 "Uqcrc2_noRT" "non-targeting_noRT"
"18465" "Amtn" 0 NA NA NA NA 0 0 "Uqcrc2_noRT" "non-targeting_noRT"
"18466" "Ambn" 0 NA NA NA NA 0 0 "Uqcrc2_noRT" "non-targeting_noRT"
"18467" "Enam" 0 NA NA NA NA 0 0 "Uqcrc2_noRT" "non-targeting_noRT"
"18468" "Gm42912" 0 NA NA NA NA 0 0 "Uqcrc2_noRT" "non-targeting_noRT"
"18469" "Slc4a4" 0 NA NA NA NA 0 0 "Uqcrc2_noRT" "non-targeting_noRT"
"18470" "Gc" 0 NA NA NA NA 0 0 "Uqcrc2_noRT" "non-targeting_noRT"
"18471" "Npffr2" 0 NA NA NA NA 0 0 "Uqcrc2_noRT" "non-targeting_noRT"
"18472" "Adamts3" 0 NA NA NA NA 0 0 "Uqcrc2_noRT" "non-targeting_noRT"
"18473" "Alb" 0 NA NA NA NA 0 0 "Uqcrc2_noRT" "non-targeting_noRT"
"18474" "Gm43449" 0 NA NA NA NA 0 0 "Uqcrc2_noRT" "non-targeting_noRT"
"18475" "Afm" 0 NA NA NA NA 0 0 "Uqcrc2_noRT" "non-targeting_noRT"
"18476" "Gm42109" 0 NA NA NA NA 0 0 "Uqcrc2_noRT" "non-targeting_noRT"
"18477" "Albfm1" 0 NA NA NA NA 0 0 "Uqcrc2_noRT" "non-targeting_noRT"
"18478" "Rassf6" 0 NA NA NA NA 0 0 "Uqcrc2_noRT" "non-targeting_noRT"
"18479" "Cxcl5" 0 NA NA NA NA 0 0 "Uqcrc2_noRT" "non-targeting_noRT"
"18480" "Ppbp" 0 NA NA NA NA 0 0 "Uqcrc2_noRT" "non-targeting_noRT"
"18481" "Pf4" 0 NA NA NA NA 0 0 "Uqcrc2_noRT" "non-targeting_noRT"
"18482" "Cxcl3" 0 NA NA NA NA 0 0 "Uqcrc2_noRT" "non-targeting_noRT"
"18483" "Cxcl15" 0 NA NA NA NA 0 0 "Uqcrc2_noRT" "non-targeting_noRT"
"18484" "Gm43086" 0 NA NA NA NA 0 0 "Uqcrc2_noRT" "non-targeting_noRT"
"18485" "Cxcl1" 0 NA NA NA NA 0 0 "Uqcrc2_noRT" "non-targeting_noRT"
"18486" "Cxcl2" 0 NA NA NA NA 0 0 "Uqcrc2_noRT" "non-targeting_noRT"
"18487" "Gm42530" 0 NA NA NA NA 0 0 "Uqcrc2_noRT" "non-targeting_noRT"
"18488" "Gm19610" 0 NA NA NA NA 0 0 "Uqcrc2_noRT" "non-targeting_noRT"
"18489" "Ereg" 0 NA NA NA NA 0 0 "Uqcrc2_noRT" "non-targeting_noRT"
"18490" "Gm19619" 0 NA NA NA NA 0 0 "Uqcrc2_noRT" "non-targeting_noRT"
"18491" "Parm1" 0 NA NA NA NA 0 0 "Uqcrc2_noRT" "non-targeting_noRT"
"18492" "Gm28271" 0 NA NA NA NA 0 0 "Uqcrc2_noRT" "non-targeting_noRT"
"18493" "1700063O14Rik" 0 NA NA NA NA 0 0 "Uqcrc2_noRT" "non-targeting_noRT"
"18494" "Gm43688" 0 NA NA NA NA 0 0 "Uqcrc2_noRT" "non-targeting_noRT"
"18495" "Odaph" 0 NA NA NA NA 0 0 "Uqcrc2_noRT" "non-targeting_noRT"
"18496" "U90926" 0 NA NA NA NA 0 0 "Uqcrc2_noRT" "non-targeting_noRT"
"18497" "Gm43599" 0 NA NA NA NA 0 0 "Uqcrc2_noRT" "non-targeting_noRT"
"18498" "Fam47e" 0 NA NA NA NA 0 0 "Uqcrc2_noRT" "non-targeting_noRT"
"18499" "Stbd1" 0 NA NA NA NA 0 0 "Uqcrc2_noRT" "non-targeting_noRT"
"18500" "Ccdc158" 0 NA NA NA NA 0 0 "Uqcrc2_noRT" "non-targeting_noRT"
"18501" "Gm20500" 0 NA NA NA NA 0 0 "Uqcrc2_noRT" "non-targeting_noRT"
"18502" "Sowahb" 0 NA NA NA NA 0 0 "Uqcrc2_noRT" "non-targeting_noRT"
"18503" "Gm16427" 0 NA NA NA NA 0 0 "Uqcrc2_noRT" "non-targeting_noRT"
"18504" "C87414" 0 NA NA NA NA 0 0 "Uqcrc2_noRT" "non-targeting_noRT"
"18505" "Gm7792" 0 NA NA NA NA 0 0 "Uqcrc2_noRT" "non-targeting_noRT"
"18506" "Gm16429" 0 NA NA NA NA 0 0 "Uqcrc2_noRT" "non-targeting_noRT"
"18507" "BC061212" 0 NA NA NA NA 0 0 "Uqcrc2_noRT" "non-targeting_noRT"
"18508" "Gm6351" 0 NA NA NA NA 0 0 "Uqcrc2_noRT" "non-targeting_noRT"
"18509" "Gm3106" 0 NA NA NA NA 0 0 "Uqcrc2_noRT" "non-targeting_noRT"
"18510" "A430089I19Rik" 0 NA NA NA NA 0 0 "Uqcrc2_noRT" "non-targeting_noRT"
"18511" "Gm6502" 0 NA NA NA NA 0 0 "Uqcrc2_noRT" "non-targeting_noRT"
"18512" "AA792892" 0 NA NA NA NA 0 0 "Uqcrc2_noRT" "non-targeting_noRT"
"18513" "Gm7682" 0 NA NA NA NA 0 0 "Uqcrc2_noRT" "non-targeting_noRT"
"18514" "Gm3139" 0 NA NA NA NA 0 0 "Uqcrc2_noRT" "non-targeting_noRT"
"18515" "Gm3147" 0 NA NA NA NA 0 0 "Uqcrc2_noRT" "non-targeting_noRT"
"18516" "Gm6509" 0 NA NA NA NA 0 0 "Uqcrc2_noRT" "non-targeting_noRT"
"18517" "Gm6205" 0 NA NA NA NA 0 0 "Uqcrc2_noRT" "non-targeting_noRT"
"18518" "Gm3183" 0 NA NA NA NA 0 0 "Uqcrc2_noRT" "non-targeting_noRT"
"18519" "Gm6367" 0 NA NA NA NA 0 0 "Uqcrc2_noRT" "non-targeting_noRT"
"18520" "Gm7942" 0 NA NA NA NA 0 0 "Uqcrc2_noRT" "non-targeting_noRT"
"18521" "Gm16513" 0 NA NA NA NA 0 0 "Uqcrc2_noRT" "non-targeting_noRT"
"18522" "Gm10424" 0 NA NA NA NA 0 0 "Uqcrc2_noRT" "non-targeting_noRT"
"18523" "Gm3259" 0 NA NA NA NA 0 0 "Uqcrc2_noRT" "non-targeting_noRT"
"18524" "D5Ertd577e" 0 NA NA NA NA 0 0 "Uqcrc2_noRT" "non-targeting_noRT"
"18525" "Gm3286" 0 NA NA NA NA 0 0 "Uqcrc2_noRT" "non-targeting_noRT"
"18526" "Gm7971" 0 NA NA NA NA 0 0 "Uqcrc2_noRT" "non-targeting_noRT"
"18527" "Gm7978" 0 NA NA NA NA 0 0 "Uqcrc2_noRT" "non-targeting_noRT"
"18528" "Gm7982" 0 NA NA NA NA 0 0 "Uqcrc2_noRT" "non-targeting_noRT"
"18529" "E330014E10Rik" 0 NA NA NA NA 0 0 "Uqcrc2_noRT" "non-targeting_noRT"
"18530" "Cxcl13" 0 NA NA NA NA 0 0 "Uqcrc2_noRT" "non-targeting_noRT"
"18531" "Fras1" 0 NA NA NA NA 0 0 "Uqcrc2_noRT" "non-targeting_noRT"
"18532" "Gm33050" 0 NA NA NA NA 0 0 "Uqcrc2_noRT" "non-targeting_noRT"
"18533" "Gm42604" 0 NA NA NA NA 0 0 "Uqcrc2_noRT" "non-targeting_noRT"
"18534" "Anxa3" 0 NA NA NA NA 0 0 "Uqcrc2_noRT" "non-targeting_noRT"
"18535" "1700016F12Rik" 0 NA NA NA NA 0 0 "Uqcrc2_noRT" "non-targeting_noRT"
"18536" "Gm42601" 0 NA NA NA NA 0 0 "Uqcrc2_noRT" "non-targeting_noRT"
"18537" "Gm33370" 0 NA NA NA NA 0 0 "Uqcrc2_noRT" "non-targeting_noRT"
"18538" "Gm8013" 0 NA NA NA NA 0 0 "Uqcrc2_noRT" "non-targeting_noRT"
"18539" "Gm33609" 0 NA NA NA NA 0 0 "Uqcrc2_noRT" "non-targeting_noRT"
"18540" "Gm2861" 0 NA NA NA NA 0 0 "Uqcrc2_noRT" "non-targeting_noRT"
"18541" "Gm33969" 0 NA NA NA NA 0 0 "Uqcrc2_noRT" "non-targeting_noRT"
"18542" "Naa11" 0 NA NA NA NA 0 0 "Uqcrc2_noRT" "non-targeting_noRT"
"18543" "4930467D21Rik" 0 NA NA NA NA 0 0 "Uqcrc2_noRT" "non-targeting_noRT"
"18544" "Gk2" 0 NA NA NA NA 0 0 "Uqcrc2_noRT" "non-targeting_noRT"
"18545" "Prdm8" 0 NA NA NA NA 0 0 "Uqcrc2_noRT" "non-targeting_noRT"
"18546" "A730035I17Rik" 0 NA NA NA NA 0 0 "Uqcrc2_noRT" "non-targeting_noRT"
"18547" "Fgf5" 0 NA NA NA NA 0 0 "Uqcrc2_noRT" "non-targeting_noRT"
"18548" "Cfap299" 0 NA NA NA NA 0 0 "Uqcrc2_noRT" "non-targeting_noRT"
"18549" "Gm11111" 0 NA NA NA NA 0 0 "Uqcrc2_noRT" "non-targeting_noRT"
"18550" "1700010H22Rik" 0 NA NA NA NA 0 0 "Uqcrc2_noRT" "non-targeting_noRT"
"18551" "Bmp3" 0 NA NA NA NA 0 0 "Uqcrc2_noRT" "non-targeting_noRT"
"18552" "Gm43251" 0 NA NA NA NA 0 0 "Uqcrc2_noRT" "non-targeting_noRT"
"18553" "Rasgef1b" 0 NA NA NA NA 0 0 "Uqcrc2_noRT" "non-targeting_noRT"
"18554" "Gm35394" 0 NA NA NA NA 0 0 "Uqcrc2_noRT" "non-targeting_noRT"
"18555" "Gm35172" 0 NA NA NA NA 0 0 "Uqcrc2_noRT" "non-targeting_noRT"
"18556" "Gm16227" 0 NA NA NA NA 0 0 "Uqcrc2_noRT" "non-targeting_noRT"
"18557" "4930405H06Rik" 0 NA NA NA NA 0 0 "Uqcrc2_noRT" "non-targeting_noRT"
"18558" "Gm16226" 0 NA NA NA NA 0 0 "Uqcrc2_noRT" "non-targeting_noRT"
"18559" "4930522N08Rik" 0 NA NA NA NA 0 0 "Uqcrc2_noRT" "non-targeting_noRT"
"18560" "Gm38413" 0 NA NA NA NA 0 0 "Uqcrc2_noRT" "non-targeting_noRT"
"18561" "Vamp9" 0 NA NA NA NA 0 0 "Uqcrc2_noRT" "non-targeting_noRT"
"18562" "Tmem150cos" 0 NA NA NA NA 0 0 "Uqcrc2_noRT" "non-targeting_noRT"
"18563" "Gm9932" 0 NA NA NA NA 0 0 "Uqcrc2_noRT" "non-targeting_noRT"
"18564" "2310034O05Rik" 0 NA NA NA NA 0 0 "Uqcrc2_noRT" "non-targeting_noRT"
"18565" "Gm15777" 0 NA NA NA NA 0 0 "Uqcrc2_noRT" "non-targeting_noRT"
"18566" "Hpse" 0 NA NA NA NA 0 0 "Uqcrc2_noRT" "non-targeting_noRT"
"18567" "Gm20484" 0 NA NA NA NA 0 0 "Uqcrc2_noRT" "non-targeting_noRT"
"18568" "Nkx6-1" 0 NA NA NA NA 0 0 "Uqcrc2_noRT" "non-targeting_noRT"
"18569" "Gm42133" 0 NA NA NA NA 0 0 "Uqcrc2_noRT" "non-targeting_noRT"
"18570" "9430085M18Rik" 0 NA NA NA NA 0 0 "Uqcrc2_noRT" "non-targeting_noRT"
"18571" "Cds1" 0 NA NA NA NA 0 0 "Uqcrc2_noRT" "non-targeting_noRT"
"18572" "Gm20548" 0 NA NA NA NA 0 0 "Uqcrc2_noRT" "non-targeting_noRT"
"18573" "Gm29707" 0 NA NA NA NA 0 0 "Uqcrc2_noRT" "non-targeting_noRT"
"18574" "1700013M08Rik" 0 NA NA NA NA 0 0 "Uqcrc2_noRT" "non-targeting_noRT"
"18575" "Mapk10" 0 NA NA NA NA 0 0 "Uqcrc2_noRT" "non-targeting_noRT"
"18576" "4930429D17Rik" 0 NA NA NA NA 0 0 "Uqcrc2_noRT" "non-targeting_noRT"
"18577" "1700021F02Rik" 0 NA NA NA NA 0 0 "Uqcrc2_noRT" "non-targeting_noRT"
"18578" "Gm42620" 0 NA NA NA NA 0 0 "Uqcrc2_noRT" "non-targeting_noRT"
"18579" "Slc10a6" 0 NA NA NA NA 0 0 "Uqcrc2_noRT" "non-targeting_noRT"
"18580" "Hsd17b13" 0 NA NA NA NA 0 0 "Uqcrc2_noRT" "non-targeting_noRT"
"18581" "Gm17660" 0 NA NA NA NA 0 0 "Uqcrc2_noRT" "non-targeting_noRT"
"18582" "Dspp" 0 NA NA NA NA 0 0 "Uqcrc2_noRT" "non-targeting_noRT"
"18583" "Dmp1" 0 NA NA NA NA 0 0 "Uqcrc2_noRT" "non-targeting_noRT"
"18584" "Gm31048" 0 NA NA NA NA 0 0 "Uqcrc2_noRT" "non-targeting_noRT"
"18585" "Ibsp" 0 NA NA NA NA 0 0 "Uqcrc2_noRT" "non-targeting_noRT"
"18586" "Mepe" 0 NA NA NA NA 0 0 "Uqcrc2_noRT" "non-targeting_noRT"
"18587" "Abcg3" 0 NA NA NA NA 0 0 "Uqcrc2_noRT" "non-targeting_noRT"
"18588" "C230066G23Rik" 0 NA NA NA NA 0 0 "Uqcrc2_noRT" "non-targeting_noRT"
"18589" "Lrrc8dos" 0 NA NA NA NA 0 0 "Uqcrc2_noRT" "non-targeting_noRT"
"18590" "Gm32736" 0 NA NA NA NA 0 0 "Uqcrc2_noRT" "non-targeting_noRT"
"18591" "Gm32921" 0 NA NA NA NA 0 0 "Uqcrc2_noRT" "non-targeting_noRT"
"18592" "4930458A03Rik" 0 NA NA NA NA 0 0 "Uqcrc2_noRT" "non-targeting_noRT"
"18593" "4930432H08Rik" 0 NA NA NA NA 0 0 "Uqcrc2_noRT" "non-targeting_noRT"
"18594" "Gm42916" 0 NA NA NA NA 0 0 "Uqcrc2_noRT" "non-targeting_noRT"
"18595" "Barhl2" 0 NA NA NA NA 0 0 "Uqcrc2_noRT" "non-targeting_noRT"
"18596" "Gm26872" 0 NA NA NA NA 0 0 "Uqcrc2_noRT" "non-targeting_noRT"
"18597" "Gm29464" 0 NA NA NA NA 0 0 "Uqcrc2_noRT" "non-targeting_noRT"
"18598" "Gm17304" 0 NA NA NA NA 0 0 "Uqcrc2_noRT" "non-targeting_noRT"
"18599" "Hfm1" 0 NA NA NA NA 0 0 "Uqcrc2_noRT" "non-targeting_noRT"
"18600" "Gm33474" 0 NA NA NA NA 0 0 "Uqcrc2_noRT" "non-targeting_noRT"
"18601" "Tgfbr3" 0 NA NA NA NA 0 0 "Uqcrc2_noRT" "non-targeting_noRT"
"18602" "Gm17202" 0 NA NA NA NA 0 0 "Uqcrc2_noRT" "non-targeting_noRT"
"18603" "Lpcat2b" 0 NA NA NA NA 0 0 "Uqcrc2_noRT" "non-targeting_noRT"
"18604" "1700028K03Rik" 0 NA NA NA NA 0 0 "Uqcrc2_noRT" "non-targeting_noRT"
"18605" "4930428O21Rik" 0 NA NA NA NA 0 0 "Uqcrc2_noRT" "non-targeting_noRT"
"18606" "Gfi1" 0 NA NA NA NA 0 0 "Uqcrc2_noRT" "non-targeting_noRT"
"18607" "A430072P03Rik" 0 NA NA NA NA 0 0 "Uqcrc2_noRT" "non-targeting_noRT"
"18608" "Ube2d2b" 0 NA NA NA NA 0 0 "Uqcrc2_noRT" "non-targeting_noRT"
"18609" "9330198I05Rik" 0 NA NA NA NA 0 0 "Uqcrc2_noRT" "non-targeting_noRT"
"18610" "Gm42518" 0 NA NA NA NA 0 0 "Uqcrc2_noRT" "non-targeting_noRT"
"18611" "Cplx1" 0 NA NA NA NA 0 0 "Uqcrc2_noRT" "non-targeting_noRT"
"18612" "Slc26a1" 0 NA NA NA NA 0 0 "Uqcrc2_noRT" "non-targeting_noRT"
"18613" "Rnf212" 0 NA NA NA NA 0 0 "Uqcrc2_noRT" "non-targeting_noRT"
"18614" "1700047L14Rik" 0 NA NA NA NA 0 0 "Uqcrc2_noRT" "non-targeting_noRT"
"18615" "Tmed11" 0 NA NA NA NA 0 0 "Uqcrc2_noRT" "non-targeting_noRT"
"18616" "Vmn2r8" 0 NA NA NA NA 0 0 "Uqcrc2_noRT" "non-targeting_noRT"
"18617" "Vmn2r9" 0 NA NA NA NA 0 0 "Uqcrc2_noRT" "non-targeting_noRT"
"18618" "Gm20629" 0 NA NA NA NA 0 0 "Uqcrc2_noRT" "non-targeting_noRT"
"18619" "Vmn2r11" 0 NA NA NA NA 0 0 "Uqcrc2_noRT" "non-targeting_noRT"
"18620" "Vmn2r12" 0 NA NA NA NA 0 0 "Uqcrc2_noRT" "non-targeting_noRT"
"18621" "Vmn2r13" 0 NA NA NA NA 0 0 "Uqcrc2_noRT" "non-targeting_noRT"
"18622" "Vmn2r14" 0 NA NA NA NA 0 0 "Uqcrc2_noRT" "non-targeting_noRT"
"18623" "Vmn2r15" 0 NA NA NA NA 0 0 "Uqcrc2_noRT" "non-targeting_noRT"
"18624" "Vmn2r16" 0 NA NA NA NA 0 0 "Uqcrc2_noRT" "non-targeting_noRT"
"18625" "Vmn2r17" 0 NA NA NA NA 0 0 "Uqcrc2_noRT" "non-targeting_noRT"
"18626" "5430403G16Rik" 0 NA NA NA NA 0 0 "Uqcrc2_noRT" "non-targeting_noRT"
"18627" "A430073D23Rik" 0 NA NA NA NA 0 0 "Uqcrc2_noRT" "non-targeting_noRT"
"18628" "Gm43136" 0 NA NA NA NA 0 0 "Uqcrc2_noRT" "non-targeting_noRT"
"18629" "Gm15787" 0 NA NA NA NA 0 0 "Uqcrc2_noRT" "non-targeting_noRT"
"18630" "Gm43137" 0 NA NA NA NA 0 0 "Uqcrc2_noRT" "non-targeting_noRT"
"18631" "Gm15788" 0 NA NA NA NA 0 0 "Uqcrc2_noRT" "non-targeting_noRT"
"18632" "Gm15792" 0 NA NA NA NA 0 0 "Uqcrc2_noRT" "non-targeting_noRT"
"18633" "P2rx2" 0 NA NA NA NA 0 0 "Uqcrc2_noRT" "non-targeting_noRT"
"18634" "Lrcol1" 0 NA NA NA NA 0 0 "Uqcrc2_noRT" "non-targeting_noRT"
"18635" "Gm42596" 0 NA NA NA NA 0 0 "Uqcrc2_noRT" "non-targeting_noRT"
"18636" "A630023P12Rik" 0 NA NA NA NA 0 0 "Uqcrc2_noRT" "non-targeting_noRT"
"18637" "Galnt9" 0 NA NA NA NA 0 0 "Uqcrc2_noRT" "non-targeting_noRT"
"18638" "Mn1" 0 NA NA NA NA 0 0 "Uqcrc2_noRT" "non-targeting_noRT"
"18639" "C130026L21Rik" 0 NA NA NA NA 0 0 "Uqcrc2_noRT" "non-targeting_noRT"
"18640" "Gm42489" 0 NA NA NA NA 0 0 "Uqcrc2_noRT" "non-targeting_noRT"
"18641" "Gm26897" 0 NA NA NA NA 0 0 "Uqcrc2_noRT" "non-targeting_noRT"
"18642" "E130006D01Rik" 0 NA NA NA NA 0 0 "Uqcrc2_noRT" "non-targeting_noRT"
"18643" "Gm16019" 0 NA NA NA NA 0 0 "Uqcrc2_noRT" "non-targeting_noRT"
"18644" "Gm36535" 0 NA NA NA NA 0 0 "Uqcrc2_noRT" "non-targeting_noRT"
"18645" "Gm42488" 0 NA NA NA NA 0 0 "Uqcrc2_noRT" "non-targeting_noRT"
"18646" "1700016B01Rik" 0 NA NA NA NA 0 0 "Uqcrc2_noRT" "non-targeting_noRT"
"18647" "1700028D13Rik" 0 NA NA NA NA 0 0 "Uqcrc2_noRT" "non-targeting_noRT"
"18648" "Miat" 0 NA NA NA NA 0 0 "Uqcrc2_noRT" "non-targeting_noRT"
"18649" "Gm26953" 0 NA NA NA NA 0 0 "Uqcrc2_noRT" "non-targeting_noRT"
"18650" "Cryba4" 0 NA NA NA NA 0 0 "Uqcrc2_noRT" "non-targeting_noRT"
"18651" "Crybb1" 0 NA NA NA NA 0 0 "Uqcrc2_noRT" "non-targeting_noRT"
"18652" "Gm6583" 0 NA NA NA NA 0 0 "Uqcrc2_noRT" "non-targeting_noRT"
"18653" "Gm20636" 0 NA NA NA NA 0 0 "Uqcrc2_noRT" "non-targeting_noRT"
"18654" "Sez6l" 0 NA NA NA NA 0 0 "Uqcrc2_noRT" "non-targeting_noRT"
"18655" "Gm6588" 0 NA NA NA NA 0 0 "Uqcrc2_noRT" "non-targeting_noRT"
"18656" "Gm27004" 0 NA NA NA NA 0 0 "Uqcrc2_noRT" "non-targeting_noRT"
"18657" "1700034G24Rik" 0 NA NA NA NA 0 0 "Uqcrc2_noRT" "non-targeting_noRT"
"18658" "Gm42864" 0 NA NA NA NA 0 0 "Uqcrc2_noRT" "non-targeting_noRT"
"18659" "Gm42865" 0 NA NA NA NA 0 0 "Uqcrc2_noRT" "non-targeting_noRT"
"18660" "Myo18b" 0 NA NA NA NA 0 0 "Uqcrc2_noRT" "non-targeting_noRT"
"18661" "1700095B10Rik" 0 NA NA NA NA 0 0 "Uqcrc2_noRT" "non-targeting_noRT"
"18662" "Grk3" 0 NA NA NA NA 0 0 "Uqcrc2_noRT" "non-targeting_noRT"
"18663" "Crybb2" 0 NA NA NA NA 0 0 "Uqcrc2_noRT" "non-targeting_noRT"
"18664" "Crybb3" 0 NA NA NA NA 0 0 "Uqcrc2_noRT" "non-targeting_noRT"
"18665" "2900026A02Rik" 0 NA NA NA NA 0 0 "Uqcrc2_noRT" "non-targeting_noRT"
"18666" "Gm42161" 0 NA NA NA NA 0 0 "Uqcrc2_noRT" "non-targeting_noRT"
"18667" "Tmem211" 0 NA NA NA NA 0 0 "Uqcrc2_noRT" "non-targeting_noRT"
"18668" "Sgsm1" 0 NA NA NA NA 0 0 "Uqcrc2_noRT" "non-targeting_noRT"
"18669" "Aym1" 0 NA NA NA NA 0 0 "Uqcrc2_noRT" "non-targeting_noRT"
"18670" "Wscd2" 0 NA NA NA NA 0 0 "Uqcrc2_noRT" "non-targeting_noRT"
"18671" "Cmklr1" 0 NA NA NA NA 0 0 "Uqcrc2_noRT" "non-targeting_noRT"
"18672" "Gm15736" 0 NA NA NA NA 0 0 "Uqcrc2_noRT" "non-targeting_noRT"
"18673" "1700069L16Rik" 0 NA NA NA NA 0 0 "Uqcrc2_noRT" "non-targeting_noRT"
"18674" "Gm17122" 0 NA NA NA NA 0 0 "Uqcrc2_noRT" "non-targeting_noRT"
"18675" "Gm42797" 0 NA NA NA NA 0 0 "Uqcrc2_noRT" "non-targeting_noRT"
"18676" "Dao" 0 NA NA NA NA 0 0 "Uqcrc2_noRT" "non-targeting_noRT"
"18677" "Foxn4" 0 NA NA NA NA 0 0 "Uqcrc2_noRT" "non-targeting_noRT"
"18678" "Gm13790" 0 NA NA NA NA 0 0 "Uqcrc2_noRT" "non-targeting_noRT"
"18679" "Fam222a" 0 NA NA NA NA 0 0 "Uqcrc2_noRT" "non-targeting_noRT"
"18680" "Gm42789" 0 NA NA NA NA 0 0 "Uqcrc2_noRT" "non-targeting_noRT"
"18681" "Hnf1a" 0 NA NA NA NA 0 0 "Uqcrc2_noRT" "non-targeting_noRT"
"18682" "Hnf1aos1" 0 NA NA NA NA 0 0 "Uqcrc2_noRT" "non-targeting_noRT"
"18683" "Hnf1aos2" 0 NA NA NA NA 0 0 "Uqcrc2_noRT" "non-targeting_noRT"
"18684" "Gm42903" 0 NA NA NA NA 0 0 "Uqcrc2_noRT" "non-targeting_noRT"
"18685" "4930401G09Rik" 0 NA NA NA NA 0 0 "Uqcrc2_noRT" "non-targeting_noRT"
"18686" "Gm13832" 0 NA NA NA NA 0 0 "Uqcrc2_noRT" "non-targeting_noRT"
"18687" "4930430O22Rik" 0 NA NA NA NA 0 0 "Uqcrc2_noRT" "non-targeting_noRT"
"18688" "Pla2g1b" 0 NA NA NA NA 0 0 "Uqcrc2_noRT" "non-targeting_noRT"
"18689" "Gm13840" 0 NA NA NA NA 0 0 "Uqcrc2_noRT" "non-targeting_noRT"
"18690" "Gm13842" 0 NA NA NA NA 0 0 "Uqcrc2_noRT" "non-targeting_noRT"
"18691" "Tmem233" 0 NA NA NA NA 0 0 "Uqcrc2_noRT" "non-targeting_noRT"
"18692" "Ccdc60" 0 NA NA NA NA 0 0 "Uqcrc2_noRT" "non-targeting_noRT"
"18693" "Gm14507" 0 NA NA NA NA 0 0 "Uqcrc2_noRT" "non-targeting_noRT"
"18694" "Gm13837" 0 NA NA NA NA 0 0 "Uqcrc2_noRT" "non-targeting_noRT"
"18695" "Gm13839" 0 NA NA NA NA 0 0 "Uqcrc2_noRT" "non-targeting_noRT"
"18696" "Gm13838" 0 NA NA NA NA 0 0 "Uqcrc2_noRT" "non-targeting_noRT"
"18697" "B230112J18Rik" 0 NA NA NA NA 0 0 "Uqcrc2_noRT" "non-targeting_noRT"
"18698" "4930562A09Rik" 0 NA NA NA NA 0 0 "Uqcrc2_noRT" "non-targeting_noRT"
"18699" "Srrm4os" 0 NA NA NA NA 0 0 "Uqcrc2_noRT" "non-targeting_noRT"
"18700" "Srrm4" 0 NA NA NA NA 0 0 "Uqcrc2_noRT" "non-targeting_noRT"
"18701" "Gm42854" 0 NA NA NA NA 0 0 "Uqcrc2_noRT" "non-targeting_noRT"
"18702" "Gm43122" 0 NA NA NA NA 0 0 "Uqcrc2_noRT" "non-targeting_noRT"
"18703" "Gm29926" 0 NA NA NA NA 0 0 "Uqcrc2_noRT" "non-targeting_noRT"
"18704" "9530046B11Rik" 0 NA NA NA NA 0 0 "Uqcrc2_noRT" "non-targeting_noRT"
"18705" "BC051077" 0 NA NA NA NA 0 0 "Uqcrc2_noRT" "non-targeting_noRT"
"18706" "Ksr2" 0 NA NA NA NA 0 0 "Uqcrc2_noRT" "non-targeting_noRT"
"18707" "Gm26995" 0 NA NA NA NA 0 0 "Uqcrc2_noRT" "non-targeting_noRT"
"18708" "Gm9754" 0 NA NA NA NA 0 0 "Uqcrc2_noRT" "non-targeting_noRT"
"18709" "Gm28563" 0 NA NA NA NA 0 0 "Uqcrc2_noRT" "non-targeting_noRT"
"18710" "Gm43782" 0 NA NA NA NA 0 0 "Uqcrc2_noRT" "non-targeting_noRT"
"18711" "Gm43342" 0 NA NA NA NA 0 0 "Uqcrc2_noRT" "non-targeting_noRT"
"18712" "4930413E15Rik" 0 NA NA NA NA 0 0 "Uqcrc2_noRT" "non-targeting_noRT"
"18713" "1700081H04Rik" 0 NA NA NA NA 0 0 "Uqcrc2_noRT" "non-targeting_noRT"
"18714" "Gm7538" 0 NA NA NA NA 0 0 "Uqcrc2_noRT" "non-targeting_noRT"
"18715" "Gm31314" 0 NA NA NA NA 0 0 "Uqcrc2_noRT" "non-targeting_noRT"
"18716" "Tbx3os1" 0 NA NA NA NA 0 0 "Uqcrc2_noRT" "non-targeting_noRT"
"18717" "Gm16063" 0 NA NA NA NA 0 0 "Uqcrc2_noRT" "non-targeting_noRT"
"18718" "Gm16064" 0 NA NA NA NA 0 0 "Uqcrc2_noRT" "non-targeting_noRT"
"18719" "Tbx3" 0 NA NA NA NA 0 0 "Uqcrc2_noRT" "non-targeting_noRT"
"18720" "Tbx3os2" 0 NA NA NA NA 0 0 "Uqcrc2_noRT" "non-targeting_noRT"
"18721" "1700021F13Rik" 0 NA NA NA NA 0 0 "Uqcrc2_noRT" "non-targeting_noRT"
"18722" "Gm43050" 0 NA NA NA NA 0 0 "Uqcrc2_noRT" "non-targeting_noRT"
"18723" "Tbx5" 0 NA NA NA NA 0 0 "Uqcrc2_noRT" "non-targeting_noRT"
"18724" "Gm43269" 0 NA NA NA NA 0 0 "Uqcrc2_noRT" "non-targeting_noRT"
"18725" "Gm38554" 0 NA NA NA NA 0 0 "Uqcrc2_noRT" "non-targeting_noRT"
"18726" "Gm10390" 0 NA NA NA NA 0 0 "Uqcrc2_noRT" "non-targeting_noRT"
"18727" "Gm42654" 0 NA NA NA NA 0 0 "Uqcrc2_noRT" "non-targeting_noRT"
"18728" "Gm27199" 0 NA NA NA NA 0 0 "Uqcrc2_noRT" "non-targeting_noRT"
"18729" "Lhx5" 0 NA NA NA NA 0 0 "Uqcrc2_noRT" "non-targeting_noRT"
"18730" "Sds" 0 NA NA NA NA 0 0 "Uqcrc2_noRT" "non-targeting_noRT"
"18731" "Gm15690" 0 NA NA NA NA 0 0 "Uqcrc2_noRT" "non-targeting_noRT"
"18732" "Iqcd" 0 NA NA NA NA 0 0 "Uqcrc2_noRT" "non-targeting_noRT"
"18733" "Gm43579" 0 NA NA NA NA 0 0 "Uqcrc2_noRT" "non-targeting_noRT"
"18734" "Cfap73" 0 NA NA NA NA 0 0 "Uqcrc2_noRT" "non-targeting_noRT"
"18735" "Gm15749" 0 NA NA NA NA 0 0 "Uqcrc2_noRT" "non-targeting_noRT"
"18736" "Gm43069" 0 NA NA NA NA 0 0 "Uqcrc2_noRT" "non-targeting_noRT"
"18737" "Oas1f" 0 NA NA NA NA 0 0 "Uqcrc2_noRT" "non-targeting_noRT"
"18738" "Oas1h" 0 NA NA NA NA 0 0 "Uqcrc2_noRT" "non-targeting_noRT"
"18739" "Oas1d" 0 NA NA NA NA 0 0 "Uqcrc2_noRT" "non-targeting_noRT"
"18740" "Rph3a" 0 NA NA NA NA 0 0 "Uqcrc2_noRT" "non-targeting_noRT"
"18741" "Gm42917" 0 NA NA NA NA 0 0 "Uqcrc2_noRT" "non-targeting_noRT"
"18742" "Adam1b" 0 NA NA NA NA 0 0 "Uqcrc2_noRT" "non-targeting_noRT"
"18743" "Gm16552" 0 NA NA NA NA 0 0 "Uqcrc2_noRT" "non-targeting_noRT"
"18744" "1700008B11Rik" 0 NA NA NA NA 0 0 "Uqcrc2_noRT" "non-targeting_noRT"
"18745" "Gm3970" 0 NA NA NA NA 0 0 "Uqcrc2_noRT" "non-targeting_noRT"
"18746" "Gm15637" 0 NA NA NA NA 0 0 "Uqcrc2_noRT" "non-targeting_noRT"
"18747" "Myl2" 0 NA NA NA NA 0 0 "Uqcrc2_noRT" "non-targeting_noRT"
"18748" "Gm43301" 0 NA NA NA NA 0 0 "Uqcrc2_noRT" "non-targeting_noRT"
"18749" "Morn3" 0 NA NA NA NA 0 0 "Uqcrc2_noRT" "non-targeting_noRT"
"18750" "Gm38102" 0 NA NA NA NA 0 0 "Uqcrc2_noRT" "non-targeting_noRT"
"18751" "Hpd" 0 NA NA NA NA 0 0 "Uqcrc2_noRT" "non-targeting_noRT"
"18752" "Gm43409" 0 NA NA NA NA 0 0 "Uqcrc2_noRT" "non-targeting_noRT"
"18753" "Gm15857" 0 NA NA NA NA 0 0 "Uqcrc2_noRT" "non-targeting_noRT"
"18754" "Gm15860" 0 NA NA NA NA 0 0 "Uqcrc2_noRT" "non-targeting_noRT"
"18755" "5830487J09Rik" 0 NA NA NA NA 0 0 "Uqcrc2_noRT" "non-targeting_noRT"
"18756" "Gm15747" 0 NA NA NA NA 0 0 "Uqcrc2_noRT" "non-targeting_noRT"
"18757" "Il31" 0 NA NA NA NA 0 0 "Uqcrc2_noRT" "non-targeting_noRT"
"18758" "Gm15751" 0 NA NA NA NA 0 0 "Uqcrc2_noRT" "non-targeting_noRT"
"18759" "B3gnt4" 0 NA NA NA NA 0 0 "Uqcrc2_noRT" "non-targeting_noRT"
"18760" "Gm49027" 0 NA NA NA NA 0 0 "Uqcrc2_noRT" "non-targeting_noRT"
"18761" "Hcar2" 0 NA NA NA NA 0 0 "Uqcrc2_noRT" "non-targeting_noRT"
"18762" "Hcar1" 0 NA NA NA NA 0 0 "Uqcrc2_noRT" "non-targeting_noRT"
"18763" "Gm34086" 0 NA NA NA NA 0 0 "Uqcrc2_noRT" "non-targeting_noRT"
"18764" "Gm43661" 0 NA NA NA NA 0 0 "Uqcrc2_noRT" "non-targeting_noRT"
"18765" "Pitpnm2os1" 0 NA NA NA NA 0 0 "Uqcrc2_noRT" "non-targeting_noRT"
"18766" "Gm42425" 0 NA NA NA NA 0 0 "Uqcrc2_noRT" "non-targeting_noRT"
"18767" "4930404A12Rik" 0 NA NA NA NA 0 0 "Uqcrc2_noRT" "non-targeting_noRT"
"18768" "Dnah10" 0 NA NA NA NA 0 0 "Uqcrc2_noRT" "non-targeting_noRT"
"18769" "Gm43777" 0 NA NA NA NA 0 0 "Uqcrc2_noRT" "non-targeting_noRT"
"18770" "Gm42838" 0 NA NA NA NA 0 0 "Uqcrc2_noRT" "non-targeting_noRT"
"18771" "Gm42839" 0 NA NA NA NA 0 0 "Uqcrc2_noRT" "non-targeting_noRT"
"18772" "Gm32585" 0 NA NA NA NA 0 0 "Uqcrc2_noRT" "non-targeting_noRT"
"18773" "Gm40323" 0 NA NA NA NA 0 0 "Uqcrc2_noRT" "non-targeting_noRT"
"18774" "Tmem132b" 0 NA NA NA NA 0 0 "Uqcrc2_noRT" "non-targeting_noRT"
"18775" "1700048F04Rik" 0 NA NA NA NA 0 0 "Uqcrc2_noRT" "non-targeting_noRT"
"18776" "Gm42945" 0 NA NA NA NA 0 0 "Uqcrc2_noRT" "non-targeting_noRT"
"18777" "Gm42952" 0 NA NA NA NA 0 0 "Uqcrc2_noRT" "non-targeting_noRT"
"18778" "Gm40330" 0 NA NA NA NA 0 0 "Uqcrc2_noRT" "non-targeting_noRT"
"18779" "1700081B01Rik" 0 NA NA NA NA 0 0 "Uqcrc2_noRT" "non-targeting_noRT"
"18780" "Gm33347" 0 NA NA NA NA 0 0 "Uqcrc2_noRT" "non-targeting_noRT"
"18781" "Gm42953" 0 NA NA NA NA 0 0 "Uqcrc2_noRT" "non-targeting_noRT"
"18782" "Gm40331" 0 NA NA NA NA 0 0 "Uqcrc2_noRT" "non-targeting_noRT"
"18783" "4933438B17Rik" 0 NA NA NA NA 0 0 "Uqcrc2_noRT" "non-targeting_noRT"
"18784" "Gm43475" 0 NA NA NA NA 0 0 "Uqcrc2_noRT" "non-targeting_noRT"
"18785" "4930572K03Rik" 0 NA NA NA NA 0 0 "Uqcrc2_noRT" "non-targeting_noRT"
"18786" "Gm43476" 0 NA NA NA NA 0 0 "Uqcrc2_noRT" "non-targeting_noRT"
"18787" "Tmem132c" 0 NA NA NA NA 0 0 "Uqcrc2_noRT" "non-targeting_noRT"
"18788" "Tmem132cos" 0 NA NA NA NA 0 0 "Uqcrc2_noRT" "non-targeting_noRT"
"18789" "Gm42980" 0 NA NA NA NA 0 0 "Uqcrc2_noRT" "non-targeting_noRT"
"18790" "Tmem132d" 0 NA NA NA NA 0 0 "Uqcrc2_noRT" "non-targeting_noRT"
"18791" "Gm42817" 0 NA NA NA NA 0 0 "Uqcrc2_noRT" "non-targeting_noRT"
"18792" "Gm42495" 0 NA NA NA NA 0 0 "Uqcrc2_noRT" "non-targeting_noRT"
"18793" "Gm42500" 0 NA NA NA NA 0 0 "Uqcrc2_noRT" "non-targeting_noRT"
"18794" "4930573I07Rik" 0 NA NA NA NA 0 0 "Uqcrc2_noRT" "non-targeting_noRT"
"18795" "Fzd10os" 0 NA NA NA NA 0 0 "Uqcrc2_noRT" "non-targeting_noRT"
"18796" "Fzd10" 0 NA NA NA NA 0 0 "Uqcrc2_noRT" "non-targeting_noRT"
"18797" "Piwil1" 0 NA NA NA NA 0 0 "Uqcrc2_noRT" "non-targeting_noRT"
"18798" "Rimbp2" 0 NA NA NA NA 0 0 "Uqcrc2_noRT" "non-targeting_noRT"
"18799" "Gm42875" 0 NA NA NA NA 0 0 "Uqcrc2_noRT" "non-targeting_noRT"
"18800" "Gm42871" 0 NA NA NA NA 0 0 "Uqcrc2_noRT" "non-targeting_noRT"
"18801" "Gm43001" 0 NA NA NA NA 0 0 "Uqcrc2_noRT" "non-targeting_noRT"
"18802" "Sept14" 0 NA NA NA NA 0 0 "Uqcrc2_noRT" "non-targeting_noRT"
"18803" "Kctd7" 0 NA NA NA NA 0 0 "Uqcrc2_noRT" "non-targeting_noRT"
"18804" "Caln1" 0 NA NA NA NA 0 0 "Uqcrc2_noRT" "non-targeting_noRT"
"18805" "A330070K13Rik" 0 NA NA NA NA 0 0 "Uqcrc2_noRT" "non-targeting_noRT"
"18806" "Galnt17" 0 NA NA NA NA 0 0 "Uqcrc2_noRT" "non-targeting_noRT"
"18807" "Gm43166" 0 NA NA NA NA 0 0 "Uqcrc2_noRT" "non-targeting_noRT"
"18808" "Gm29681" 0 NA NA NA NA 0 0 "Uqcrc2_noRT" "non-targeting_noRT"
"18809" "Auts2" 0 NA NA NA NA 0 0 "Uqcrc2_noRT" "non-targeting_noRT"
"18810" "2810432F15Rik" 0 NA NA NA NA 0 0 "Uqcrc2_noRT" "non-targeting_noRT"
"18811" "4930563F08Rik" 0 NA NA NA NA 0 0 "Uqcrc2_noRT" "non-targeting_noRT"
"18812" "Gm42439" 0 NA NA NA NA 0 0 "Uqcrc2_noRT" "non-targeting_noRT"
"18813" "Gm28616" 0 NA NA NA NA 0 0 "Uqcrc2_noRT" "non-targeting_noRT"
"18814" "Gm42626" 0 NA NA NA NA 0 0 "Uqcrc2_noRT" "non-targeting_noRT"
"18815" "Gm36667" 0 NA NA NA NA 0 0 "Uqcrc2_noRT" "non-targeting_noRT"
"18816" "Gm15627" 0 NA NA NA NA 0 0 "Uqcrc2_noRT" "non-targeting_noRT"
"18817" "Ncf1" 0 NA NA NA NA 0 0 "Uqcrc2_noRT" "non-targeting_noRT"
"18818" "Gm42882" 0 NA NA NA NA 0 0 "Uqcrc2_noRT" "non-targeting_noRT"
"18819" "Gm42884" 0 NA NA NA NA 0 0 "Uqcrc2_noRT" "non-targeting_noRT"
"18820" "Syna" 0 NA NA NA NA 0 0 "Uqcrc2_noRT" "non-targeting_noRT"
"18821" "Gm10369" 0 NA NA NA NA 0 0 "Uqcrc2_noRT" "non-targeting_noRT"
"18822" "Eln" 0 NA NA NA NA 0 0 "Uqcrc2_noRT" "non-targeting_noRT"
"18823" "Gm30003" 0 NA NA NA NA 0 0 "Uqcrc2_noRT" "non-targeting_noRT"
"18824" "Tmem270" 0 NA NA NA NA 0 0 "Uqcrc2_noRT" "non-targeting_noRT"
"18825" "Cldn13" 0 NA NA NA NA 0 0 "Uqcrc2_noRT" "non-targeting_noRT"
"18826" "4933439J24Rik" 0 NA NA NA NA 0 0 "Uqcrc2_noRT" "non-targeting_noRT"
"18827" "Mettl27" 0 NA NA NA NA 0 0 "Uqcrc2_noRT" "non-targeting_noRT"
"18828" "Cldn4" 0 NA NA NA NA 0 0 "Uqcrc2_noRT" "non-targeting_noRT"
"18829" "Cldn3" 0 NA NA NA NA 0 0 "Uqcrc2_noRT" "non-targeting_noRT"
"18830" "Wbscr25" 0 NA NA NA NA 0 0 "Uqcrc2_noRT" "non-targeting_noRT"
"18831" "Gm43500" 0 NA NA NA NA 0 0 "Uqcrc2_noRT" "non-targeting_noRT"
"18832" "Fkbp6" 0 NA NA NA NA 0 0 "Uqcrc2_noRT" "non-targeting_noRT"
"18833" "Trim50" 0 NA NA NA NA 0 0 "Uqcrc2_noRT" "non-targeting_noRT"
"18834" "Ccl26" 0 NA NA NA NA 0 0 "Uqcrc2_noRT" "non-targeting_noRT"
"18835" "Ccl24" 0 NA NA NA NA 0 0 "Uqcrc2_noRT" "non-targeting_noRT"
"18836" "Gm43091" 0 NA NA NA NA 0 0 "Uqcrc2_noRT" "non-targeting_noRT"
"18837" "Styxl1" 0 NA NA NA NA 0 0 "Uqcrc2_noRT" "non-targeting_noRT"
"18838" "Srrm3" 0 NA NA NA NA 0 0 "Uqcrc2_noRT" "non-targeting_noRT"
"18839" "Srrm3os" 0 NA NA NA NA 0 0 "Uqcrc2_noRT" "non-targeting_noRT"
"18840" "Hspb1" 0 NA NA NA NA 0 0 "Uqcrc2_noRT" "non-targeting_noRT"
"18841" "Zp3" 0 NA NA NA NA 0 0 "Uqcrc2_noRT" "non-targeting_noRT"
"18842" "Upk3b" 0 NA NA NA NA 0 0 "Uqcrc2_noRT" "non-targeting_noRT"
"18843" "Gm15701" 0 NA NA NA NA 0 0 "Uqcrc2_noRT" "non-targeting_noRT"
"18844" "Sh2b2" 0 NA NA NA NA 0 0 "Uqcrc2_noRT" "non-targeting_noRT"
"18845" "Gm16599" 0 NA NA NA NA 0 0 "Uqcrc2_noRT" "non-targeting_noRT"
"18846" "Myl10" 0 NA NA NA NA 0 0 "Uqcrc2_noRT" "non-targeting_noRT"
"18847" "Col26a1" 0 NA NA NA NA 0 0 "Uqcrc2_noRT" "non-targeting_noRT"
"18848" "Gm20485" 0 NA NA NA NA 0 0 "Uqcrc2_noRT" "non-targeting_noRT"
"18849" "Cldn15" 0 NA NA NA NA 0 0 "Uqcrc2_noRT" "non-targeting_noRT"
"18850" "Muc3" 0 NA NA NA NA 0 0 "Uqcrc2_noRT" "non-targeting_noRT"
"18851" "Gm3054" 0 NA NA NA NA 0 0 "Uqcrc2_noRT" "non-targeting_noRT"
"18852" "Gm40348" 0 NA NA NA NA 0 0 "Uqcrc2_noRT" "non-targeting_noRT"
"18853" "CAAA01077340.1" 0 NA NA NA NA 0 0 "Uqcrc2_noRT" "non-targeting_noRT"
"18854" "Gm42456" 0 NA NA NA NA 0 0 "Uqcrc2_noRT" "non-targeting_noRT"
"18855" "Epo" 0 NA NA NA NA 0 0 "Uqcrc2_noRT" "non-targeting_noRT"
"18856" "Gm8066" 0 NA NA NA NA 0 0 "Uqcrc2_noRT" "non-targeting_noRT"
"18857" "Gm17112" 0 NA NA NA NA 0 0 "Uqcrc2_noRT" "non-targeting_noRT"
"18858" "Actl6b" 0 NA NA NA NA 0 0 "Uqcrc2_noRT" "non-targeting_noRT"
"18859" "Irs3" 0 NA NA NA NA 0 0 "Uqcrc2_noRT" "non-targeting_noRT"
"18860" "Gm15498" 0 NA NA NA NA 0 0 "Uqcrc2_noRT" "non-targeting_noRT"
"18861" "Pilra" 0 NA NA NA NA 0 0 "Uqcrc2_noRT" "non-targeting_noRT"
"18862" "Pilrb1" 0 NA NA NA NA 0 0 "Uqcrc2_noRT" "non-targeting_noRT"
"18863" "Gm36551" 0 NA NA NA NA 0 0 "Uqcrc2_noRT" "non-targeting_noRT"
"18864" "Gm43495" 0 NA NA NA NA 0 0 "Uqcrc2_noRT" "non-targeting_noRT"
"18865" "Smok3a" 0 NA NA NA NA 0 0 "Uqcrc2_noRT" "non-targeting_noRT"
"18866" "Smok3b" 0 NA NA NA NA 0 0 "Uqcrc2_noRT" "non-targeting_noRT"
"18867" "Smok3c" 0 NA NA NA NA 0 0 "Uqcrc2_noRT" "non-targeting_noRT"
"18868" "Gm454" 0 NA NA NA NA 0 0 "Uqcrc2_noRT" "non-targeting_noRT"
"18869" "Gm43645" 0 NA NA NA NA 0 0 "Uqcrc2_noRT" "non-targeting_noRT"
"18870" "Nxpe5" 0 NA NA NA NA 0 0 "Uqcrc2_noRT" "non-targeting_noRT"
"18871" "Gpc2" 0 NA NA NA NA 0 0 "Uqcrc2_noRT" "non-targeting_noRT"
"18872" "Stag3" 0 NA NA NA NA 0 0 "Uqcrc2_noRT" "non-targeting_noRT"
"18873" "Pvrig" 0 NA NA NA NA 0 0 "Uqcrc2_noRT" "non-targeting_noRT"
"18874" "1700123K08Rik" 0 NA NA NA NA 0 0 "Uqcrc2_noRT" "non-targeting_noRT"
"18875" "Fam20c" 0 NA NA NA NA 0 0 "Uqcrc2_noRT" "non-targeting_noRT"
"18876" "Gm5294" 0 NA NA NA NA 0 0 "Uqcrc2_noRT" "non-targeting_noRT"
"18877" "Gm15672" 0 NA NA NA NA 0 0 "Uqcrc2_noRT" "non-targeting_noRT"
"18878" "4930520M14Rik" 0 NA NA NA NA 0 0 "Uqcrc2_noRT" "non-targeting_noRT"
"18879" "Cyp2w1" 0 NA NA NA NA 0 0 "Uqcrc2_noRT" "non-targeting_noRT"
"18880" "C130050O18Rik" 0 NA NA NA NA 0 0 "Uqcrc2_noRT" "non-targeting_noRT"
"18881" "Gper1" 0 NA NA NA NA 0 0 "Uqcrc2_noRT" "non-targeting_noRT"
"18882" "4930500L23Rik" 0 NA NA NA NA 0 0 "Uqcrc2_noRT" "non-targeting_noRT"
"18883" "Uncx" 0 NA NA NA NA 0 0 "Uqcrc2_noRT" "non-targeting_noRT"
"18884" "Gm42423" 0 NA NA NA NA 0 0 "Uqcrc2_noRT" "non-targeting_noRT"
"18885" "Elfn1" 0 NA NA NA NA 0 0 "Uqcrc2_noRT" "non-targeting_noRT"
"18886" "Gm16122" 0 NA NA NA NA 0 0 "Uqcrc2_noRT" "non-targeting_noRT"
"18887" "Gm16120" 0 NA NA NA NA 0 0 "Uqcrc2_noRT" "non-targeting_noRT"
"18888" "Gm4869" 0 NA NA NA NA 0 0 "Uqcrc2_noRT" "non-targeting_noRT"
"18889" "Gm42808" 0 NA NA NA NA 0 0 "Uqcrc2_noRT" "non-targeting_noRT"
"18890" "Grifin" 0 NA NA NA NA 0 0 "Uqcrc2_noRT" "non-targeting_noRT"
"18891" "Gm43703" 0 NA NA NA NA 0 0 "Uqcrc2_noRT" "non-targeting_noRT"
"18892" "Card11" 0 NA NA NA NA 0 0 "Uqcrc2_noRT" "non-targeting_noRT"
"18893" "Sdk1" 0 NA NA NA NA 0 0 "Uqcrc2_noRT" "non-targeting_noRT"
"18894" "Gm16035" 0 NA NA NA NA 0 0 "Uqcrc2_noRT" "non-targeting_noRT"
"18895" "Gm16036" 0 NA NA NA NA 0 0 "Uqcrc2_noRT" "non-targeting_noRT"
"18896" "Papolb" 0 NA NA NA NA 0 0 "Uqcrc2_noRT" "non-targeting_noRT"
"18897" "D430018E03Rik" 0 NA NA NA NA 0 0 "Uqcrc2_noRT" "non-targeting_noRT"
"18898" "Olfr718-ps1" 0 NA NA NA NA 0 0 "Uqcrc2_noRT" "non-targeting_noRT"
"18899" "Spdye4a" 0 NA NA NA NA 0 0 "Uqcrc2_noRT" "non-targeting_noRT"
"18900" "4930448H16Rik" 0 NA NA NA NA 0 0 "Uqcrc2_noRT" "non-targeting_noRT"
"18901" "BC030343" 0 NA NA NA NA 0 0 "Uqcrc2_noRT" "non-targeting_noRT"
"18902" "Zfp853" 0 NA NA NA NA 0 0 "Uqcrc2_noRT" "non-targeting_noRT"
"18903" "Gm43397" 0 NA NA NA NA 0 0 "Uqcrc2_noRT" "non-targeting_noRT"
"18904" "Grid2ip" 0 NA NA NA NA 0 0 "Uqcrc2_noRT" "non-targeting_noRT"
"18905" "D130017N08Rik" 0 NA NA NA NA 0 0 "Uqcrc2_noRT" "non-targeting_noRT"
"18906" "Ankrd61" 0 NA NA NA NA 0 0 "Uqcrc2_noRT" "non-targeting_noRT"
"18907" "Gm17135" 0 NA NA NA NA 0 0 "Uqcrc2_noRT" "non-targeting_noRT"
"18908" "Rsph10b" 0 NA NA NA NA 0 0 "Uqcrc2_noRT" "non-targeting_noRT"
"18909" "Bhlha15" 0 NA NA NA NA 0 0 "Uqcrc2_noRT" "non-targeting_noRT"
"18910" "Baiap2l1" 0 NA NA NA NA 0 0 "Uqcrc2_noRT" "non-targeting_noRT"
"18911" "Dmrt1i" 0 NA NA NA NA 0 0 "Uqcrc2_noRT" "non-targeting_noRT"
"18912" "Nptx2" 0 NA NA NA NA 0 0 "Uqcrc2_noRT" "non-targeting_noRT"
"18913" "Tmem130" 0 NA NA NA NA 0 0 "Uqcrc2_noRT" "non-targeting_noRT"
"18914" "Kpna7" 0 NA NA NA NA 0 0 "Uqcrc2_noRT" "non-targeting_noRT"
"18915" "Gm43562" 0 NA NA NA NA 0 0 "Uqcrc2_noRT" "non-targeting_noRT"
"18916" "1700018F24Rik" 0 NA NA NA NA 0 0 "Uqcrc2_noRT" "non-targeting_noRT"
"18917" "Cyp3a57" 0 NA NA NA NA 0 0 "Uqcrc2_noRT" "non-targeting_noRT"
"18918" "Cyp3a16" 0 NA NA NA NA 0 0 "Uqcrc2_noRT" "non-targeting_noRT"
"18919" "Cyp3a41b" 0 NA NA NA NA 0 0 "Uqcrc2_noRT" "non-targeting_noRT"
"18920" "Cyp3a41a" 0 NA NA NA NA 0 0 "Uqcrc2_noRT" "non-targeting_noRT"
"18921" "Cyp3a44" 0 NA NA NA NA 0 0 "Uqcrc2_noRT" "non-targeting_noRT"
"18922" "Cyp3a11" 0 NA NA NA NA 0 0 "Uqcrc2_noRT" "non-targeting_noRT"
"18923" "Cyp3a25" 0 NA NA NA NA 0 0 "Uqcrc2_noRT" "non-targeting_noRT"
"18924" "Cyp3a59" 0 NA NA NA NA 0 0 "Uqcrc2_noRT" "non-targeting_noRT"
"18925" "Gm5565" 0 NA NA NA NA 0 0 "Uqcrc2_noRT" "non-targeting_noRT"
"18926" "Gm6309" 0 NA NA NA NA 0 0 "Uqcrc2_noRT" "non-targeting_noRT"
"18927" "1700001J03Rik" 0 NA NA NA NA 0 0 "Uqcrc2_noRT" "non-targeting_noRT"
"18928" "Gm6408" 0 NA NA NA NA 0 0 "Uqcrc2_noRT" "non-targeting_noRT"
"18929" "Gm6370" 0 NA NA NA NA 0 0 "Uqcrc2_noRT" "non-targeting_noRT"
"18930" "4930449I24Rik" 0 NA NA NA NA 0 0 "Uqcrc2_noRT" "non-targeting_noRT"
"18931" "Gm3402" 0 NA NA NA NA 0 0 "Uqcrc2_noRT" "non-targeting_noRT"
"18932" "Gm3404" 0 NA NA NA NA 0 0 "Uqcrc2_noRT" "non-targeting_noRT"
"18933" "Gm3409" 0 NA NA NA NA 0 0 "Uqcrc2_noRT" "non-targeting_noRT"
"18934" "Gm3415" 0 NA NA NA NA 0 0 "Uqcrc2_noRT" "non-targeting_noRT"
"18935" "Gpr12" 0 NA NA NA NA 0 0 "Uqcrc2_noRT" "non-targeting_noRT"
"18936" "Gm34333" 0 NA NA NA NA 0 0 "Uqcrc2_noRT" "non-targeting_noRT"
"18937" "4930573C15Rik" 0 NA NA NA NA 0 0 "Uqcrc2_noRT" "non-targeting_noRT"
"18938" "1700041I07Rik" 0 NA NA NA NA 0 0 "Uqcrc2_noRT" "non-targeting_noRT"
"18939" "Gsx1" 0 NA NA NA NA 0 0 "Uqcrc2_noRT" "non-targeting_noRT"
"18940" "Plut" 0 NA NA NA NA 0 0 "Uqcrc2_noRT" "non-targeting_noRT"
"18941" "Pdx1" 0 NA NA NA NA 0 0 "Uqcrc2_noRT" "non-targeting_noRT"
"18942" "Gm27033" 0 NA NA NA NA 0 0 "Uqcrc2_noRT" "non-targeting_noRT"
"18943" "Cdx2" 0 NA NA NA NA 0 0 "Uqcrc2_noRT" "non-targeting_noRT"
"18944" "Urad" 0 NA NA NA NA 0 0 "Uqcrc2_noRT" "non-targeting_noRT"
"18945" "Flt3" 0 NA NA NA NA 0 0 "Uqcrc2_noRT" "non-targeting_noRT"
"18946" "Gm26597" 0 NA NA NA NA 0 0 "Uqcrc2_noRT" "non-targeting_noRT"
"18947" "Slc46a3" 0 NA NA NA NA 0 0 "Uqcrc2_noRT" "non-targeting_noRT"
"18948" "Gm15721" 0 NA NA NA NA 0 0 "Uqcrc2_noRT" "non-targeting_noRT"
"18949" "Gm36186" 0 NA NA NA NA 0 0 "Uqcrc2_noRT" "non-targeting_noRT"
"18950" "4930505K14Rik" 0 NA NA NA NA 0 0 "Uqcrc2_noRT" "non-targeting_noRT"
"18951" "Gm15407" 0 NA NA NA NA 0 0 "Uqcrc2_noRT" "non-targeting_noRT"
"18952" "Gm42791" 0 NA NA NA NA 0 0 "Uqcrc2_noRT" "non-targeting_noRT"
"18953" "Gm15410" 0 NA NA NA NA 0 0 "Uqcrc2_noRT" "non-targeting_noRT"
"18954" "Gm15406" 0 NA NA NA NA 0 0 "Uqcrc2_noRT" "non-targeting_noRT"
"18955" "8430423G03Rik" 0 NA NA NA NA 0 0 "Uqcrc2_noRT" "non-targeting_noRT"
"18956" "Gm15409" 0 NA NA NA NA 0 0 "Uqcrc2_noRT" "non-targeting_noRT"
"18957" "Gm42787" 0 NA NA NA NA 0 0 "Uqcrc2_noRT" "non-targeting_noRT"
"18958" "Gm43332" 0 NA NA NA NA 0 0 "Uqcrc2_noRT" "non-targeting_noRT"
"18959" "2310047D07Rik" 0 NA NA NA NA 0 0 "Uqcrc2_noRT" "non-targeting_noRT"
"18960" "Gm29264" 0 NA NA NA NA 0 0 "Uqcrc2_noRT" "non-targeting_noRT"
"18961" "Gm19719" 0 NA NA NA NA 0 0 "Uqcrc2_noRT" "non-targeting_noRT"
"18962" "Gm43151" 0 NA NA NA NA 0 0 "Uqcrc2_noRT" "non-targeting_noRT"
"18963" "Gm43150" 0 NA NA NA NA 0 0 "Uqcrc2_noRT" "non-targeting_noRT"
"18964" "Tex26" 0 NA NA NA NA 0 0 "Uqcrc2_noRT" "non-targeting_noRT"
"18965" "4933425D22Rik" 0 NA NA NA NA 0 0 "Uqcrc2_noRT" "non-targeting_noRT"
"18966" "Gm15997" 0 NA NA NA NA 0 0 "Uqcrc2_noRT" "non-targeting_noRT"
"18967" "Wdr95" 0 NA NA NA NA 0 0 "Uqcrc2_noRT" "non-targeting_noRT"
"18968" "Gm21221" 0 NA NA NA NA 0 0 "Uqcrc2_noRT" "non-targeting_noRT"
"18969" "4930500F04Rik" 0 NA NA NA NA 0 0 "Uqcrc2_noRT" "non-targeting_noRT"
"18970" "Gm43450" 0 NA NA NA NA 0 0 "Uqcrc2_noRT" "non-targeting_noRT"
"18971" "Gm43452" 0 NA NA NA NA 0 0 "Uqcrc2_noRT" "non-targeting_noRT"
"18972" "Gm36241" 0 NA NA NA NA 0 0 "Uqcrc2_noRT" "non-targeting_noRT"
"18973" "Rxfp2" 0 NA NA NA NA 0 0 "Uqcrc2_noRT" "non-targeting_noRT"
"18974" "Gm42558" 0 NA NA NA NA 0 0 "Uqcrc2_noRT" "non-targeting_noRT"
"18975" "Gm42557" 0 NA NA NA NA 0 0 "Uqcrc2_noRT" "non-targeting_noRT"
"18976" "Gm42556" 0 NA NA NA NA 0 0 "Uqcrc2_noRT" "non-targeting_noRT"
"18977" "Gm5" 0 NA NA NA NA 0 0 "Uqcrc2_noRT" "non-targeting_noRT"
"18978" "Zar1l" 0 NA NA NA NA 0 0 "Uqcrc2_noRT" "non-targeting_noRT"
"18979" "Gm42529" 0 NA NA NA NA 0 0 "Uqcrc2_noRT" "non-targeting_noRT"
"18980" "Gm43690" 0 NA NA NA NA 0 0 "Uqcrc2_noRT" "non-targeting_noRT"
"18981" "Gm43598" 0 NA NA NA NA 0 0 "Uqcrc2_noRT" "non-targeting_noRT"
"18982" "Gm36447" 0 NA NA NA NA 0 0 "Uqcrc2_noRT" "non-targeting_noRT"
"18983" "Gm43298" 0 NA NA NA NA 0 0 "Uqcrc2_noRT" "non-targeting_noRT"
"18984" "Kl" 0 NA NA NA NA 0 0 "Uqcrc2_noRT" "non-targeting_noRT"
"18985" "Vmn2r18" 0 NA NA NA NA 0 0 "Uqcrc2_noRT" "non-targeting_noRT"
"18986" "Gm43129" 0 NA NA NA NA 0 0 "Uqcrc2_noRT" "non-targeting_noRT"
"18987" "Gm8579" 0 NA NA NA NA 0 0 "Uqcrc2_noRT" "non-targeting_noRT"
"18988" "Hepacam2" 0 NA NA NA NA 0 0 "Uqcrc2_noRT" "non-targeting_noRT"
"18989" "Calcr" 0 NA NA NA NA 0 0 "Uqcrc2_noRT" "non-targeting_noRT"
"18990" "Tfpi2" 0 NA NA NA NA 0 0 "Uqcrc2_noRT" "non-targeting_noRT"
"18991" "Gngt1" 0 NA NA NA NA 0 0 "Uqcrc2_noRT" "non-targeting_noRT"
"18992" "4930528H21Rik" 0 NA NA NA NA 0 0 "Uqcrc2_noRT" "non-targeting_noRT"
"18993" "Gm20714" 0 NA NA NA NA 0 0 "Uqcrc2_noRT" "non-targeting_noRT"
"18994" "Pon1" 0 NA NA NA NA 0 0 "Uqcrc2_noRT" "non-targeting_noRT"
"18995" "Asb4" 0 NA NA NA NA 0 0 "Uqcrc2_noRT" "non-targeting_noRT"
"18996" "Pdk4" 0 NA NA NA NA 0 0 "Uqcrc2_noRT" "non-targeting_noRT"
"18997" "Dync1i1" 0 NA NA NA NA 0 0 "Uqcrc2_noRT" "non-targeting_noRT"
"18998" "1700019G24Rik" 0 NA NA NA NA 0 0 "Uqcrc2_noRT" "non-targeting_noRT"
"18999" "Gm20619" 0 NA NA NA NA 0 0 "Uqcrc2_noRT" "non-targeting_noRT"
"19000" "Gm20617" 0 NA NA NA NA 0 0 "Uqcrc2_noRT" "non-targeting_noRT"
"19001" "Gm20685" 0 NA NA NA NA 0 0 "Uqcrc2_noRT" "non-targeting_noRT"
"19002" "Gm20618" 0 NA NA NA NA 0 0 "Uqcrc2_noRT" "non-targeting_noRT"
"19003" "Dlx6os1" 0 NA NA NA NA 0 0 "Uqcrc2_noRT" "non-targeting_noRT"
"19004" "Dlx6" 0 NA NA NA NA 0 0 "Uqcrc2_noRT" "non-targeting_noRT"
"19005" "Dlx5" 0 NA NA NA NA 0 0 "Uqcrc2_noRT" "non-targeting_noRT"
"19006" "Gm26774" 0 NA NA NA NA 0 0 "Uqcrc2_noRT" "non-targeting_noRT"
"19007" "Gm19272" 0 NA NA NA NA 0 0 "Uqcrc2_noRT" "non-targeting_noRT"
"19008" "Tac1" 0 NA NA NA NA 0 0 "Uqcrc2_noRT" "non-targeting_noRT"
"19009" "1700012J15Rik" 0 NA NA NA NA 0 0 "Uqcrc2_noRT" "non-targeting_noRT"
"19010" "Gm16055" 0 NA NA NA NA 0 0 "Uqcrc2_noRT" "non-targeting_noRT"
"19011" "Gm16043" 0 NA NA NA NA 0 0 "Uqcrc2_noRT" "non-targeting_noRT"
"19012" "A430035B10Rik" 0 NA NA NA NA 0 0 "Uqcrc2_noRT" "non-targeting_noRT"
"19013" "Nxph1" 0 NA NA NA NA 0 0 "Uqcrc2_noRT" "non-targeting_noRT"
"19014" "Gm35822" 0 NA NA NA NA 0 0 "Uqcrc2_noRT" "non-targeting_noRT"
"19015" "AA545190" 0 NA NA NA NA 0 0 "Uqcrc2_noRT" "non-targeting_noRT"
"19016" "Thsd7a" 0 NA NA NA NA 0 0 "Uqcrc2_noRT" "non-targeting_noRT"
"19017" "Gm44129" 0 NA NA NA NA 0 0 "Uqcrc2_noRT" "non-targeting_noRT"
"19018" "Vwde" 0 NA NA NA NA 0 0 "Uqcrc2_noRT" "non-targeting_noRT"
"19019" "1700016P04Rik" 0 NA NA NA NA 0 0 "Uqcrc2_noRT" "non-targeting_noRT"
"19020" "Ppp1r3a" 0 NA NA NA NA 0 0 "Uqcrc2_noRT" "non-targeting_noRT"
"19021" "Foxp2" 0 NA NA NA NA 0 0 "Uqcrc2_noRT" "non-targeting_noRT"
"19022" "Gm36406" 0 NA NA NA NA 0 0 "Uqcrc2_noRT" "non-targeting_noRT"
"19023" "Gm36503" 0 NA NA NA NA 0 0 "Uqcrc2_noRT" "non-targeting_noRT"
"19024" "Gm36669" 0 NA NA NA NA 0 0 "Uqcrc2_noRT" "non-targeting_noRT"
"19025" "Tfec" 0 NA NA NA NA 0 0 "Uqcrc2_noRT" "non-targeting_noRT"
"19026" "D830026I12Rik" 0 NA NA NA NA 0 0 "Uqcrc2_noRT" "non-targeting_noRT"
"19027" "Gm15581" 0 NA NA NA NA 0 0 "Uqcrc2_noRT" "non-targeting_noRT"
"19028" "Gm29591" 0 NA NA NA NA 0 0 "Uqcrc2_noRT" "non-targeting_noRT"
"19029" "Gm26738" 0 NA NA NA NA 0 0 "Uqcrc2_noRT" "non-targeting_noRT"
"19030" "Wnt2" 0 NA NA NA NA 0 0 "Uqcrc2_noRT" "non-targeting_noRT"
"19031" "Asz1" 0 NA NA NA NA 0 0 "Uqcrc2_noRT" "non-targeting_noRT"
"19032" "Cftr" 0 NA NA NA NA 0 0 "Uqcrc2_noRT" "non-targeting_noRT"
"19033" "Gm15592" 0 NA NA NA NA 0 0 "Uqcrc2_noRT" "non-targeting_noRT"
"19034" "Cttnbp2" 0 NA NA NA NA 0 0 "Uqcrc2_noRT" "non-targeting_noRT"
"19035" "Gm15594" 0 NA NA NA NA 0 0 "Uqcrc2_noRT" "non-targeting_noRT"
"19036" "Ankrd7" 0 NA NA NA NA 0 0 "Uqcrc2_noRT" "non-targeting_noRT"
"19037" "4930524B17Rik" 0 NA NA NA NA 0 0 "Uqcrc2_noRT" "non-targeting_noRT"
"19038" "Kcnd2" 0 NA NA NA NA 0 0 "Uqcrc2_noRT" "non-targeting_noRT"
"19039" "Gm30270" 0 NA NA NA NA 0 0 "Uqcrc2_noRT" "non-targeting_noRT"
"19040" "Gm3289" 0 NA NA NA NA 0 0 "Uqcrc2_noRT" "non-targeting_noRT"
"19041" "Wnt16" 0 NA NA NA NA 0 0 "Uqcrc2_noRT" "non-targeting_noRT"
"19042" "Aass" 0 NA NA NA NA 0 0 "Uqcrc2_noRT" "non-targeting_noRT"
"19043" "Fezf1" 0 NA NA NA NA 0 0 "Uqcrc2_noRT" "non-targeting_noRT"
"19044" "Cadps2" 0 NA NA NA NA 0 0 "Uqcrc2_noRT" "non-targeting_noRT"
"19045" "Rnf133" 0 NA NA NA NA 0 0 "Uqcrc2_noRT" "non-targeting_noRT"
"19046" "Rnf148" 0 NA NA NA NA 0 0 "Uqcrc2_noRT" "non-targeting_noRT"
"19047" "Tas2r118" 0 NA NA NA NA 0 0 "Uqcrc2_noRT" "non-targeting_noRT"
"19048" "Slc13a1" 0 NA NA NA NA 0 0 "Uqcrc2_noRT" "non-targeting_noRT"
"19049" "Iqub" 0 NA NA NA NA 0 0 "Uqcrc2_noRT" "non-targeting_noRT"
"19050" "Asb15" 0 NA NA NA NA 0 0 "Uqcrc2_noRT" "non-targeting_noRT"
"19051" "Lmod2" 0 NA NA NA NA 0 0 "Uqcrc2_noRT" "non-targeting_noRT"
"19052" "Hyal6" 0 NA NA NA NA 0 0 "Uqcrc2_noRT" "non-targeting_noRT"
"19053" "Hyal4" 0 NA NA NA NA 0 0 "Uqcrc2_noRT" "non-targeting_noRT"
"19054" "Spam1" 0 NA NA NA NA 0 0 "Uqcrc2_noRT" "non-targeting_noRT"
"19055" "Hyal5" 0 NA NA NA NA 0 0 "Uqcrc2_noRT" "non-targeting_noRT"
"19056" "Tmem229a" 0 NA NA NA NA 0 0 "Uqcrc2_noRT" "non-targeting_noRT"
"19057" "Grm8" 0 NA NA NA NA 0 0 "Uqcrc2_noRT" "non-targeting_noRT"
"19058" "Fscn3" 0 NA NA NA NA 0 0 "Uqcrc2_noRT" "non-targeting_noRT"
"19059" "Pax4" 0 NA NA NA NA 0 0 "Uqcrc2_noRT" "non-targeting_noRT"
"19060" "Lrrc4" 0 NA NA NA NA 0 0 "Uqcrc2_noRT" "non-targeting_noRT"
"19061" "Gm3294" 0 NA NA NA NA 0 0 "Uqcrc2_noRT" "non-targeting_noRT"
"19062" "Lep" 0 NA NA NA NA 0 0 "Uqcrc2_noRT" "non-targeting_noRT"
"19063" "Prrt4" 0 NA NA NA NA 0 0 "Uqcrc2_noRT" "non-targeting_noRT"
"19064" "Gm17172" 0 NA NA NA NA 0 0 "Uqcrc2_noRT" "non-targeting_noRT"
"19065" "Flnc" 0 NA NA NA NA 0 0 "Uqcrc2_noRT" "non-targeting_noRT"
"19066" "Atp6v1fnb" 0 NA NA NA NA 0 0 "Uqcrc2_noRT" "non-targeting_noRT"
"19067" "Kcp" 0 NA NA NA NA 0 0 "Uqcrc2_noRT" "non-targeting_noRT"
"19068" "Gm26627" 0 NA NA NA NA 0 0 "Uqcrc2_noRT" "non-targeting_noRT"
"19069" "Strip2" 0 NA NA NA NA 0 0 "Uqcrc2_noRT" "non-targeting_noRT"
"19070" "Rncr4" 0 NA NA NA NA 0 0 "Uqcrc2_noRT" "non-targeting_noRT"
"19071" "1700012C14Rik" 0 NA NA NA NA 0 0 "Uqcrc2_noRT" "non-targeting_noRT"
"19072" "Ssmem1" 0 NA NA NA NA 0 0 "Uqcrc2_noRT" "non-targeting_noRT"
"19073" "Cpa4" 0 NA NA NA NA 0 0 "Uqcrc2_noRT" "non-targeting_noRT"
"19074" "Gm13781" 0 NA NA NA NA 0 0 "Uqcrc2_noRT" "non-targeting_noRT"
"19075" "Cpa5" 0 NA NA NA NA 0 0 "Uqcrc2_noRT" "non-targeting_noRT"
"19076" "Cpa1" 0 NA NA NA NA 0 0 "Uqcrc2_noRT" "non-targeting_noRT"
"19077" "Gm13782" 0 NA NA NA NA 0 0 "Uqcrc2_noRT" "non-targeting_noRT"
"19078" "Gm44296" 0 NA NA NA NA 0 0 "Uqcrc2_noRT" "non-targeting_noRT"
"19079" "4930412F09Rik" 0 NA NA NA NA 0 0 "Uqcrc2_noRT" "non-targeting_noRT"
"19080" "Tsga13" 0 NA NA NA NA 0 0 "Uqcrc2_noRT" "non-targeting_noRT"
"19081" "Klf14" 0 NA NA NA NA 0 0 "Uqcrc2_noRT" "non-targeting_noRT"
"19082" "Gm13833" 0 NA NA NA NA 0 0 "Uqcrc2_noRT" "non-targeting_noRT"
"19083" "Gm14532" 0 NA NA NA NA 0 0 "Uqcrc2_noRT" "non-targeting_noRT"
"19084" "Gm13844" 0 NA NA NA NA 0 0 "Uqcrc2_noRT" "non-targeting_noRT"
"19085" "Podxl" 0 NA NA NA NA 0 0 "Uqcrc2_noRT" "non-targeting_noRT"
"19086" "Gm6117" 0 NA NA NA NA 0 0 "Uqcrc2_noRT" "non-targeting_noRT"
"19087" "Gm43154" 0 NA NA NA NA 0 0 "Uqcrc2_noRT" "non-targeting_noRT"
"19088" "Gm13848" 0 NA NA NA NA 0 0 "Uqcrc2_noRT" "non-targeting_noRT"
"19089" "Gm43293" 0 NA NA NA NA 0 0 "Uqcrc2_noRT" "non-targeting_noRT"
"19090" "Gm13849" 0 NA NA NA NA 0 0 "Uqcrc2_noRT" "non-targeting_noRT"
"19091" "1700012A03Rik" 0 NA NA NA NA 0 0 "Uqcrc2_noRT" "non-targeting_noRT"
"19092" "Gm13850" 0 NA NA NA NA 0 0 "Uqcrc2_noRT" "non-targeting_noRT"
"19093" "Plxna4" 0 NA NA NA NA 0 0 "Uqcrc2_noRT" "non-targeting_noRT"
"19094" "Plxna4os3" 0 NA NA NA NA 0 0 "Uqcrc2_noRT" "non-targeting_noRT"
"19095" "Plxna4os2" 0 NA NA NA NA 0 0 "Uqcrc2_noRT" "non-targeting_noRT"
"19096" "Plxna4os1" 0 NA NA NA NA 0 0 "Uqcrc2_noRT" "non-targeting_noRT"
"19097" "Gm14540" 0 NA NA NA NA 0 0 "Uqcrc2_noRT" "non-targeting_noRT"
"19098" "Gm13853" 0 NA NA NA NA 0 0 "Uqcrc2_noRT" "non-targeting_noRT"
"19099" "Lrguk" 0 NA NA NA NA 0 0 "Uqcrc2_noRT" "non-targeting_noRT"
"19100" "Gm13855" 0 NA NA NA NA 0 0 "Uqcrc2_noRT" "non-targeting_noRT"
"19101" "Gm14546" 0 NA NA NA NA 0 0 "Uqcrc2_noRT" "non-targeting_noRT"
"19102" "Gm13860" 0 NA NA NA NA 0 0 "Uqcrc2_noRT" "non-targeting_noRT"
"19103" "Gm13861" 0 NA NA NA NA 0 0 "Uqcrc2_noRT" "non-targeting_noRT"
"19104" "Npn2" 0 NA NA NA NA 0 0 "Uqcrc2_noRT" "non-targeting_noRT"
"19105" "Gm14547" 0 NA NA NA NA 0 0 "Uqcrc2_noRT" "non-targeting_noRT"
"19106" "Stra8" 0 NA NA NA NA 0 0 "Uqcrc2_noRT" "non-targeting_noRT"
"19107" "Slc23a4" 0 NA NA NA NA 0 0 "Uqcrc2_noRT" "non-targeting_noRT"
"19108" "Slc13a4" 0 NA NA NA NA 0 0 "Uqcrc2_noRT" "non-targeting_noRT"
"19109" "Fam180a" 0 NA NA NA NA 0 0 "Uqcrc2_noRT" "non-targeting_noRT"
"19110" "1700065J11Rik" 0 NA NA NA NA 0 0 "Uqcrc2_noRT" "non-targeting_noRT"
"19111" "Gm42931" 0 NA NA NA NA 0 0 "Uqcrc2_noRT" "non-targeting_noRT"
"19112" "9330158H04Rik" 0 NA NA NA NA 0 0 "Uqcrc2_noRT" "non-targeting_noRT"
"19113" "Chrm2" 0 NA NA NA NA 0 0 "Uqcrc2_noRT" "non-targeting_noRT"
"19114" "Dgki" 0 NA NA NA NA 0 0 "Uqcrc2_noRT" "non-targeting_noRT"
"19115" "1700111E14Rik" 0 NA NA NA NA 0 0 "Uqcrc2_noRT" "non-targeting_noRT"
"19116" "Akr1d1" 0 NA NA NA NA 0 0 "Uqcrc2_noRT" "non-targeting_noRT"
"19117" "Svopl" 0 NA NA NA NA 0 0 "Uqcrc2_noRT" "non-targeting_noRT"
"19118" "Atp6v0a4" 0 NA NA NA NA 0 0 "Uqcrc2_noRT" "non-targeting_noRT"
"19119" "Tmem213" 0 NA NA NA NA 0 0 "Uqcrc2_noRT" "non-targeting_noRT"
"19120" "Clec2l" 0 NA NA NA NA 0 0 "Uqcrc2_noRT" "non-targeting_noRT"
"19121" "Tbxas1" 0 NA NA NA NA 0 0 "Uqcrc2_noRT" "non-targeting_noRT"
"19122" "Gm42962" 0 NA NA NA NA 0 0 "Uqcrc2_noRT" "non-targeting_noRT"
"19123" "1700025N23Rik" 0 NA NA NA NA 0 0 "Uqcrc2_noRT" "non-targeting_noRT"
"19124" "Gm43479" 0 NA NA NA NA 0 0 "Uqcrc2_noRT" "non-targeting_noRT"
"19125" "8030453O22Rik" 0 NA NA NA NA 0 0 "Uqcrc2_noRT" "non-targeting_noRT"
"19126" "Gm16272" 0 NA NA NA NA 0 0 "Uqcrc2_noRT" "non-targeting_noRT"
"19127" "Tmem178b" 0 NA NA NA NA 0 0 "Uqcrc2_noRT" "non-targeting_noRT"
"19128" "Gm26833" 0 NA NA NA NA 0 0 "Uqcrc2_noRT" "non-targeting_noRT"
"19129" "Gm26638" 0 NA NA NA NA 0 0 "Uqcrc2_noRT" "non-targeting_noRT"
"19130" "Gm26807" 0 NA NA NA NA 0 0 "Uqcrc2_noRT" "non-targeting_noRT"
"19131" "Wee2" 0 NA NA NA NA 0 0 "Uqcrc2_noRT" "non-targeting_noRT"
"19132" "Tas2r137" 0 NA NA NA NA 0 0 "Uqcrc2_noRT" "non-targeting_noRT"
"19133" "Tas2r108" 0 NA NA NA NA 0 0 "Uqcrc2_noRT" "non-targeting_noRT"
"19134" "Prss37" 0 NA NA NA NA 0 0 "Uqcrc2_noRT" "non-targeting_noRT"
"19135" "Olfr461" 0 NA NA NA NA 0 0 "Uqcrc2_noRT" "non-targeting_noRT"
"19136" "Olfr460" 0 NA NA NA NA 0 0 "Uqcrc2_noRT" "non-targeting_noRT"
"19137" "Clec5a" 0 NA NA NA NA 0 0 "Uqcrc2_noRT" "non-targeting_noRT"
"19138" "Tas2r138" 0 NA NA NA NA 0 0 "Uqcrc2_noRT" "non-targeting_noRT"
"19139" "Mgam" 0 NA NA NA NA 0 0 "Uqcrc2_noRT" "non-targeting_noRT"
"19140" "Mgam2-ps" 0 NA NA NA NA 0 0 "Uqcrc2_noRT" "non-targeting_noRT"
"19141" "Moxd2" 0 NA NA NA NA 0 0 "Uqcrc2_noRT" "non-targeting_noRT"
"19142" "Trbv1" 0 NA NA NA NA 0 0 "Uqcrc2_noRT" "non-targeting_noRT"
"19143" "Prss58" 0 NA NA NA NA 0 0 "Uqcrc2_noRT" "non-targeting_noRT"
"19144" "1700074P13Rik" 0 NA NA NA NA 0 0 "Uqcrc2_noRT" "non-targeting_noRT"
"19145" "Gm4744" 0 NA NA NA NA 0 0 "Uqcrc2_noRT" "non-targeting_noRT"
"19146" "Gm29588" 0 NA NA NA NA 0 0 "Uqcrc2_noRT" "non-targeting_noRT"
"19147" "1810009J06Rik" 0 NA NA NA NA 0 0 "Uqcrc2_noRT" "non-targeting_noRT"
"19148" "Gm2663" 0 NA NA NA NA 0 0 "Uqcrc2_noRT" "non-targeting_noRT"
"19149" "2210010C04Rik" 0 NA NA NA NA 0 0 "Uqcrc2_noRT" "non-targeting_noRT"
"19150" "Trbv2" 0 NA NA NA NA 0 0 "Uqcrc2_noRT" "non-targeting_noRT"
"19151" "Trbv3" 0 NA NA NA NA 0 0 "Uqcrc2_noRT" "non-targeting_noRT"
"19152" "5830405F06Rik" 0 NA NA NA NA 0 0 "Uqcrc2_noRT" "non-targeting_noRT"
"19153" "Trbv4" 0 NA NA NA NA 0 0 "Uqcrc2_noRT" "non-targeting_noRT"
"19154" "Trbv5" 0 NA NA NA NA 0 0 "Uqcrc2_noRT" "non-targeting_noRT"
"19155" "Trbv6" 0 NA NA NA NA 0 0 "Uqcrc2_noRT" "non-targeting_noRT"
"19156" "Trbv7" 0 NA NA NA NA 0 0 "Uqcrc2_noRT" "non-targeting_noRT"
"19157" "Gm49885" 0 NA NA NA NA 0 0 "Uqcrc2_noRT" "non-targeting_noRT"
"19158" "Trbv8" 0 NA NA NA NA 0 0 "Uqcrc2_noRT" "non-targeting_noRT"
"19159" "Trbv9" 0 NA NA NA NA 0 0 "Uqcrc2_noRT" "non-targeting_noRT"
"19160" "Trbv10" 0 NA NA NA NA 0 0 "Uqcrc2_noRT" "non-targeting_noRT"
"19161" "Trbv11" 0 NA NA NA NA 0 0 "Uqcrc2_noRT" "non-targeting_noRT"
"19162" "Trbv12-1" 0 NA NA NA NA 0 0 "Uqcrc2_noRT" "non-targeting_noRT"
"19163" "Trbv13-1" 0 NA NA NA NA 0 0 "Uqcrc2_noRT" "non-targeting_noRT"
"19164" "Trbv12-2" 0 NA NA NA NA 0 0 "Uqcrc2_noRT" "non-targeting_noRT"
"19165" "Trbv13-2" 0 NA NA NA NA 0 0 "Uqcrc2_noRT" "non-targeting_noRT"
"19166" "Trbv12-3" 0 NA NA NA NA 0 0 "Uqcrc2_noRT" "non-targeting_noRT"
"19167" "Trbv13-3" 0 NA NA NA NA 0 0 "Uqcrc2_noRT" "non-targeting_noRT"
"19168" "Trbv14" 0 NA NA NA NA 0 0 "Uqcrc2_noRT" "non-targeting_noRT"
"19169" "Trbv15" 0 NA NA NA NA 0 0 "Uqcrc2_noRT" "non-targeting_noRT"
"19170" "Trbv16" 0 NA NA NA NA 0 0 "Uqcrc2_noRT" "non-targeting_noRT"
"19171" "Trbv17" 0 NA NA NA NA 0 0 "Uqcrc2_noRT" "non-targeting_noRT"
"19172" "Trbv18" 0 NA NA NA NA 0 0 "Uqcrc2_noRT" "non-targeting_noRT"
"19173" "Trbv19" 0 NA NA NA NA 0 0 "Uqcrc2_noRT" "non-targeting_noRT"
"19174" "Trbv20" 0 NA NA NA NA 0 0 "Uqcrc2_noRT" "non-targeting_noRT"
"19175" "Trbv21" 0 NA NA NA NA 0 0 "Uqcrc2_noRT" "non-targeting_noRT"
"19176" "Trbv22" 0 NA NA NA NA 0 0 "Uqcrc2_noRT" "non-targeting_noRT"
"19177" "Trbv23" 0 NA NA NA NA 0 0 "Uqcrc2_noRT" "non-targeting_noRT"
"19178" "Trbv24" 0 NA NA NA NA 0 0 "Uqcrc2_noRT" "non-targeting_noRT"
"19179" "Trbv25" 0 NA NA NA NA 0 0 "Uqcrc2_noRT" "non-targeting_noRT"
"19180" "Trbv26" 0 NA NA NA NA 0 0 "Uqcrc2_noRT" "non-targeting_noRT"
"19181" "Trbv27" 0 NA NA NA NA 0 0 "Uqcrc2_noRT" "non-targeting_noRT"
"19182" "Trbv28" 0 NA NA NA NA 0 0 "Uqcrc2_noRT" "non-targeting_noRT"
"19183" "Trbv29" 0 NA NA NA NA 0 0 "Uqcrc2_noRT" "non-targeting_noRT"
"19184" "Trbv30" 0 NA NA NA NA 0 0 "Uqcrc2_noRT" "non-targeting_noRT"
"19185" "Try4" 0 NA NA NA NA 0 0 "Uqcrc2_noRT" "non-targeting_noRT"
"19186" "Try5" 0 NA NA NA NA 0 0 "Uqcrc2_noRT" "non-targeting_noRT"
"19187" "Try10" 0 NA NA NA NA 0 0 "Uqcrc2_noRT" "non-targeting_noRT"
"19188" "Prss3" 0 NA NA NA NA 0 0 "Uqcrc2_noRT" "non-targeting_noRT"
"19189" "Gm5771" 0 NA NA NA NA 0 0 "Uqcrc2_noRT" "non-targeting_noRT"
"19190" "Gm10334" 0 NA NA NA NA 0 0 "Uqcrc2_noRT" "non-targeting_noRT"
"19191" "Prss1" 0 NA NA NA NA 0 0 "Uqcrc2_noRT" "non-targeting_noRT"
"19192" "Prss2" 0 NA NA NA NA 0 0 "Uqcrc2_noRT" "non-targeting_noRT"
"19193" "Trbd1" 0 NA NA NA NA 0 0 "Uqcrc2_noRT" "non-targeting_noRT"
"19194" "Trbj1-1" 0 NA NA NA NA 0 0 "Uqcrc2_noRT" "non-targeting_noRT"
"19195" "Trbj1-2" 0 NA NA NA NA 0 0 "Uqcrc2_noRT" "non-targeting_noRT"
"19196" "Trbj1-3" 0 NA NA NA NA 0 0 "Uqcrc2_noRT" "non-targeting_noRT"
"19197" "Trbj1-4" 0 NA NA NA NA 0 0 "Uqcrc2_noRT" "non-targeting_noRT"
"19198" "Trbj1-5" 0 NA NA NA NA 0 0 "Uqcrc2_noRT" "non-targeting_noRT"
"19199" "Trbj1-6" 0 NA NA NA NA 0 0 "Uqcrc2_noRT" "non-targeting_noRT"
"19200" "Trbj1-7" 0 NA NA NA NA 0 0 "Uqcrc2_noRT" "non-targeting_noRT"
"19201" "Trbc1" 0 NA NA NA NA 0 0 "Uqcrc2_noRT" "non-targeting_noRT"
"19202" "Trbd2" 0 NA NA NA NA 0 0 "Uqcrc2_noRT" "non-targeting_noRT"
"19203" "Trbj2-1" 0 NA NA NA NA 0 0 "Uqcrc2_noRT" "non-targeting_noRT"
"19204" "Trbj2-2" 0 NA NA NA NA 0 0 "Uqcrc2_noRT" "non-targeting_noRT"
"19205" "Trbj2-3" 0 NA NA NA NA 0 0 "Uqcrc2_noRT" "non-targeting_noRT"
"19206" "Trbj2-4" 0 NA NA NA NA 0 0 "Uqcrc2_noRT" "non-targeting_noRT"
"19207" "Trbj2-5" 0 NA NA NA NA 0 0 "Uqcrc2_noRT" "non-targeting_noRT"
"19208" "Trbj2-6" 0 NA NA NA NA 0 0 "Uqcrc2_noRT" "non-targeting_noRT"
"19209" "Trbj2-7" 0 NA NA NA NA 0 0 "Uqcrc2_noRT" "non-targeting_noRT"
"19210" "Trbc2" 0 NA NA NA NA 0 0 "Uqcrc2_noRT" "non-targeting_noRT"
"19211" "Trbv31" 0 NA NA NA NA 0 0 "Uqcrc2_noRT" "non-targeting_noRT"
"19212" "Ephb6" 0 NA NA NA NA 0 0 "Uqcrc2_noRT" "non-targeting_noRT"
"19213" "Trpv6" 0 NA NA NA NA 0 0 "Uqcrc2_noRT" "non-targeting_noRT"
"19214" "Trpv5" 0 NA NA NA NA 0 0 "Uqcrc2_noRT" "non-targeting_noRT"
"19215" "Llcfc1" 0 NA NA NA NA 0 0 "Uqcrc2_noRT" "non-targeting_noRT"
"19216" "Kel" 0 NA NA NA NA 0 0 "Uqcrc2_noRT" "non-targeting_noRT"
"19217" "Olfr459" 0 NA NA NA NA 0 0 "Uqcrc2_noRT" "non-targeting_noRT"
"19218" "Pip" 0 NA NA NA NA 0 0 "Uqcrc2_noRT" "non-targeting_noRT"
"19219" "Sval2" 0 NA NA NA NA 0 0 "Uqcrc2_noRT" "non-targeting_noRT"
"19220" "Sval1" 0 NA NA NA NA 0 0 "Uqcrc2_noRT" "non-targeting_noRT"
"19221" "Sval3" 0 NA NA NA NA 0 0 "Uqcrc2_noRT" "non-targeting_noRT"
"19222" "Sva" 0 NA NA NA NA 0 0 "Uqcrc2_noRT" "non-targeting_noRT"
"19223" "Tas2r139" 0 NA NA NA NA 0 0 "Uqcrc2_noRT" "non-targeting_noRT"
"19224" "Tas2r144" 0 NA NA NA NA 0 0 "Uqcrc2_noRT" "non-targeting_noRT"
"19225" "Clcn1" 0 NA NA NA NA 0 0 "Uqcrc2_noRT" "non-targeting_noRT"
"19226" "Fam131b" 0 NA NA NA NA 0 0 "Uqcrc2_noRT" "non-targeting_noRT"
"19227" "Gm44284" 0 NA NA NA NA 0 0 "Uqcrc2_noRT" "non-targeting_noRT"
"19228" "Epha1" 0 NA NA NA NA 0 0 "Uqcrc2_noRT" "non-targeting_noRT"
"19229" "2010310C07Rik" 0 NA NA NA NA 0 0 "Uqcrc2_noRT" "non-targeting_noRT"
"19230" "Tas2r143" 0 NA NA NA NA 0 0 "Uqcrc2_noRT" "non-targeting_noRT"
"19231" "Tas2r135" 0 NA NA NA NA 0 0 "Uqcrc2_noRT" "non-targeting_noRT"
"19232" "Tas2r126" 0 NA NA NA NA 0 0 "Uqcrc2_noRT" "non-targeting_noRT"
"19233" "Olfr458" 0 NA NA NA NA 0 0 "Uqcrc2_noRT" "non-targeting_noRT"
"19234" "Olfr457" 0 NA NA NA NA 0 0 "Uqcrc2_noRT" "non-targeting_noRT"
"19235" "Olfr456" 0 NA NA NA NA 0 0 "Uqcrc2_noRT" "non-targeting_noRT"
"19236" "Olfr455" 0 NA NA NA NA 0 0 "Uqcrc2_noRT" "non-targeting_noRT"
"19237" "Tcaf3" 0 NA NA NA NA 0 0 "Uqcrc2_noRT" "non-targeting_noRT"
"19238" "Tcaf2" 0 NA NA NA NA 0 0 "Uqcrc2_noRT" "non-targeting_noRT"
"19239" "Olfr453" 0 NA NA NA NA 0 0 "Uqcrc2_noRT" "non-targeting_noRT"
"19240" "Olfr38" 0 NA NA NA NA 0 0 "Uqcrc2_noRT" "non-targeting_noRT"
"19241" "Olfr452" 0 NA NA NA NA 0 0 "Uqcrc2_noRT" "non-targeting_noRT"
"19242" "Olfr450" 0 NA NA NA NA 0 0 "Uqcrc2_noRT" "non-targeting_noRT"
"19243" "Olfr449" 0 NA NA NA NA 0 0 "Uqcrc2_noRT" "non-targeting_noRT"
"19244" "Olfr448" 0 NA NA NA NA 0 0 "Uqcrc2_noRT" "non-targeting_noRT"
"19245" "Olfr447" 0 NA NA NA NA 0 0 "Uqcrc2_noRT" "non-targeting_noRT"
"19246" "Olfr446" 0 NA NA NA NA 0 0 "Uqcrc2_noRT" "non-targeting_noRT"
"19247" "Olfr444" 0 NA NA NA NA 0 0 "Uqcrc2_noRT" "non-targeting_noRT"
"19248" "Gm17472" 0 NA NA NA NA 0 0 "Uqcrc2_noRT" "non-targeting_noRT"
"19249" "Gm20730" 0 NA NA NA NA 0 0 "Uqcrc2_noRT" "non-targeting_noRT"
"19250" "Olfr441" 0 NA NA NA NA 0 0 "Uqcrc2_noRT" "non-targeting_noRT"
"19251" "Olfr237-ps1" 0 NA NA NA NA 0 0 "Uqcrc2_noRT" "non-targeting_noRT"
"19252" "Olfr437" 0 NA NA NA NA 0 0 "Uqcrc2_noRT" "non-targeting_noRT"
"19253" "Olfr13" 0 NA NA NA NA 0 0 "Uqcrc2_noRT" "non-targeting_noRT"
"19254" "Olfr435" 0 NA NA NA NA 0 0 "Uqcrc2_noRT" "non-targeting_noRT"
"19255" "Olfr434" 0 NA NA NA NA 0 0 "Uqcrc2_noRT" "non-targeting_noRT"
"19256" "Olfr47" 0 NA NA NA NA 0 0 "Uqcrc2_noRT" "non-targeting_noRT"
"19257" "Gm44731" 0 NA NA NA NA 0 0 "Uqcrc2_noRT" "non-targeting_noRT"
"19258" "Arhgef5" 0 NA NA NA NA 0 0 "Uqcrc2_noRT" "non-targeting_noRT"
"19259" "Nobox" 0 NA NA NA NA 0 0 "Uqcrc2_noRT" "non-targeting_noRT"
"19260" "Gm35216" 0 NA NA NA NA 0 0 "Uqcrc2_noRT" "non-targeting_noRT"
"19261" "Cntnap2" 0 NA NA NA NA 0 0 "Uqcrc2_noRT" "non-targeting_noRT"
"19262" "Zfp786" 0 NA NA NA NA 0 0 "Uqcrc2_noRT" "non-targeting_noRT"
"19263" "Gm16630" 0 NA NA NA NA 0 0 "Uqcrc2_noRT" "non-targeting_noRT"
"19264" "Gm44696" 0 NA NA NA NA 0 0 "Uqcrc2_noRT" "non-targeting_noRT"
"19265" "Zfp467" 0 NA NA NA NA 0 0 "Uqcrc2_noRT" "non-targeting_noRT"
"19266" "Sspo" 0 NA NA NA NA 0 0 "Uqcrc2_noRT" "non-targeting_noRT"
"19267" "Gm38804" 0 NA NA NA NA 0 0 "Uqcrc2_noRT" "non-targeting_noRT"
"19268" "Gimap8" 0 NA NA NA NA 0 0 "Uqcrc2_noRT" "non-targeting_noRT"
"19269" "Gimap4" 0 NA NA NA NA 0 0 "Uqcrc2_noRT" "non-targeting_noRT"
"19270" "Gimap6" 0 NA NA NA NA 0 0 "Uqcrc2_noRT" "non-targeting_noRT"
"19271" "Gimap7" 0 NA NA NA NA 0 0 "Uqcrc2_noRT" "non-targeting_noRT"
"19272" "Gimap1os" 0 NA NA NA NA 0 0 "Uqcrc2_noRT" "non-targeting_noRT"
"19273" "Gimap1" 0 NA NA NA NA 0 0 "Uqcrc2_noRT" "non-targeting_noRT"
"19274" "Gm44226" 0 NA NA NA NA 0 0 "Uqcrc2_noRT" "non-targeting_noRT"
"19275" "4833403J16Rik" 0 NA NA NA NA 0 0 "Uqcrc2_noRT" "non-targeting_noRT"
"19276" "Gimap3" 0 NA NA NA NA 0 0 "Uqcrc2_noRT" "non-targeting_noRT"
"19277" "Gm30781" 0 NA NA NA NA 0 0 "Uqcrc2_noRT" "non-targeting_noRT"
"19278" "Gm44764" 0 NA NA NA NA 0 0 "Uqcrc2_noRT" "non-targeting_noRT"
"19279" "Gm7932" 0 NA NA NA NA 0 0 "Uqcrc2_noRT" "non-targeting_noRT"
"19280" "Doxl1" 0 NA NA NA NA 0 0 "Uqcrc2_noRT" "non-targeting_noRT"
"19281" "Doxl2" 0 NA NA NA NA 0 0 "Uqcrc2_noRT" "non-targeting_noRT"
"19282" "4930563H07Rik" 0 NA NA NA NA 0 0 "Uqcrc2_noRT" "non-targeting_noRT"
"19283" "Svs1" 0 NA NA NA NA 0 0 "Uqcrc2_noRT" "non-targeting_noRT"
"19284" "Stk31" 0 NA NA NA NA 0 0 "Uqcrc2_noRT" "non-targeting_noRT"
"19285" "Npy" 0 NA NA NA NA 0 0 "Uqcrc2_noRT" "non-targeting_noRT"
"19286" "Gm3455" 0 NA NA NA NA 0 0 "Uqcrc2_noRT" "non-targeting_noRT"
"19287" "Osbpl3" 0 NA NA NA NA 0 0 "Uqcrc2_noRT" "non-targeting_noRT"
"19288" "4921507P07Rik" 0 NA NA NA NA 0 0 "Uqcrc2_noRT" "non-targeting_noRT"
"19289" "Npvf" 0 NA NA NA NA 0 0 "Uqcrc2_noRT" "non-targeting_noRT"
"19290" "Gm44109" 0 NA NA NA NA 0 0 "Uqcrc2_noRT" "non-targeting_noRT"
"19291" "G930045G22Rik" 0 NA NA NA NA 0 0 "Uqcrc2_noRT" "non-targeting_noRT"
"19292" "Gm32479" 0 NA NA NA NA 0 0 "Uqcrc2_noRT" "non-targeting_noRT"
"19293" "Gm6559" 0 NA NA NA NA 0 0 "Uqcrc2_noRT" "non-targeting_noRT"
"19294" "0610033M10Rik" 0 NA NA NA NA 0 0 "Uqcrc2_noRT" "non-targeting_noRT"
"19295" "Gm38811" 0 NA NA NA NA 0 0 "Uqcrc2_noRT" "non-targeting_noRT"
"19296" "Gm44077" 0 NA NA NA NA 0 0 "Uqcrc2_noRT" "non-targeting_noRT"
"19297" "Halr1" 0 NA NA NA NA 0 0 "Uqcrc2_noRT" "non-targeting_noRT"
"19298" "Gm29430" 0 NA NA NA NA 0 0 "Uqcrc2_noRT" "non-targeting_noRT"
"19299" "Hoxa7" 0 NA NA NA NA 0 0 "Uqcrc2_noRT" "non-targeting_noRT"
"19300" "Hoxa9" 0 NA NA NA NA 0 0 "Uqcrc2_noRT" "non-targeting_noRT"
"19301" "Hoxa11" 0 NA NA NA NA 0 0 "Uqcrc2_noRT" "non-targeting_noRT"
"19302" "Hoxa11os" 0 NA NA NA NA 0 0 "Uqcrc2_noRT" "non-targeting_noRT"
"19303" "Hoxa13" 0 NA NA NA NA 0 0 "Uqcrc2_noRT" "non-targeting_noRT"
"19304" "Hottip" 0 NA NA NA NA 0 0 "Uqcrc2_noRT" "non-targeting_noRT"
"19305" "Evx1os" 0 NA NA NA NA 0 0 "Uqcrc2_noRT" "non-targeting_noRT"
"19306" "Evx1" 0 NA NA NA NA 0 0 "Uqcrc2_noRT" "non-targeting_noRT"
"19307" "1700094M24Rik" 0 NA NA NA NA 0 0 "Uqcrc2_noRT" "non-targeting_noRT"
"19308" "Gm44028" 0 NA NA NA NA 0 0 "Uqcrc2_noRT" "non-targeting_noRT"
"19309" "Gm4872" 0 NA NA NA NA 0 0 "Uqcrc2_noRT" "non-targeting_noRT"
"19310" "Tril" 0 NA NA NA NA 0 0 "Uqcrc2_noRT" "non-targeting_noRT"
"19311" "Gm16499" 0 NA NA NA NA 0 0 "Uqcrc2_noRT" "non-targeting_noRT"
"19312" "Gm16499.1" 0 NA NA NA NA 0 0 "Uqcrc2_noRT" "non-targeting_noRT"
"19313" "Cpvl" 0 NA NA NA NA 0 0 "Uqcrc2_noRT" "non-targeting_noRT"
"19314" "4921529L05Rik" 0 NA NA NA NA 0 0 "Uqcrc2_noRT" "non-targeting_noRT"
"19315" "9530036M11Rik" 0 NA NA NA NA 0 0 "Uqcrc2_noRT" "non-targeting_noRT"
"19316" "Gm15527" 0 NA NA NA NA 0 0 "Uqcrc2_noRT" "non-targeting_noRT"
"19317" "9130019P16Rik" 0 NA NA NA NA 0 0 "Uqcrc2_noRT" "non-targeting_noRT"
"19318" "Prr15" 0 NA NA NA NA 0 0 "Uqcrc2_noRT" "non-targeting_noRT"
"19319" "Wipf3" 0 NA NA NA NA 0 0 "Uqcrc2_noRT" "non-targeting_noRT"
"19320" "Gm44026" 0 NA NA NA NA 0 0 "Uqcrc2_noRT" "non-targeting_noRT"
"19321" "Gm28402" 0 NA NA NA NA 0 0 "Uqcrc2_noRT" "non-targeting_noRT"
"19322" "Crhr2" 0 NA NA NA NA 0 0 "Uqcrc2_noRT" "non-targeting_noRT"
"19323" "Gm34358" 0 NA NA NA NA 0 0 "Uqcrc2_noRT" "non-targeting_noRT"
"19324" "Inmt" 0 NA NA NA NA 0 0 "Uqcrc2_noRT" "non-targeting_noRT"
"19325" "Gm44073" 0 NA NA NA NA 0 0 "Uqcrc2_noRT" "non-targeting_noRT"
"19326" "Aqp1" 0 NA NA NA NA 0 0 "Uqcrc2_noRT" "non-targeting_noRT"
"19327" "Ghrhr" 0 NA NA NA NA 0 0 "Uqcrc2_noRT" "non-targeting_noRT"
"19328" "6430584L05Rik" 0 NA NA NA NA 0 0 "Uqcrc2_noRT" "non-targeting_noRT"
"19329" "Adcyap1r1" 0 NA NA NA NA 0 0 "Uqcrc2_noRT" "non-targeting_noRT"
"19330" "Neurod6" 0 NA NA NA NA 0 0 "Uqcrc2_noRT" "non-targeting_noRT"
"19331" "Gm3279" 0 NA NA NA NA 0 0 "Uqcrc2_noRT" "non-targeting_noRT"
"19332" "Ppp1r17" 0 NA NA NA NA 0 0 "Uqcrc2_noRT" "non-targeting_noRT"
"19333" "Pde1c" 0 NA NA NA NA 0 0 "Uqcrc2_noRT" "non-targeting_noRT"
"19334" "Vmn1r4" 0 NA NA NA NA 0 0 "Uqcrc2_noRT" "non-targeting_noRT"
"19335" "Vmn1r5" 0 NA NA NA NA 0 0 "Uqcrc2_noRT" "non-targeting_noRT"
"19336" "Vmn1r6" 0 NA NA NA NA 0 0 "Uqcrc2_noRT" "non-targeting_noRT"
"19337" "Vmn1r7" 0 NA NA NA NA 0 0 "Uqcrc2_noRT" "non-targeting_noRT"
"19338" "Vmn1r8" 0 NA NA NA NA 0 0 "Uqcrc2_noRT" "non-targeting_noRT"
"19339" "Vmn1r9" 0 NA NA NA NA 0 0 "Uqcrc2_noRT" "non-targeting_noRT"
"19340" "Vmn1r10" 0 NA NA NA NA 0 0 "Uqcrc2_noRT" "non-targeting_noRT"
"19341" "Vmn1r11" 0 NA NA NA NA 0 0 "Uqcrc2_noRT" "non-targeting_noRT"
"19342" "Vmn1r12" 0 NA NA NA NA 0 0 "Uqcrc2_noRT" "non-targeting_noRT"
"19343" "Vmn1r13" 0 NA NA NA NA 0 0 "Uqcrc2_noRT" "non-targeting_noRT"
"19344" "Vmn1r14" 0 NA NA NA NA 0 0 "Uqcrc2_noRT" "non-targeting_noRT"
"19345" "Vmn1r15" 0 NA NA NA NA 0 0 "Uqcrc2_noRT" "non-targeting_noRT"
"19346" "Vmn1r16" 0 NA NA NA NA 0 0 "Uqcrc2_noRT" "non-targeting_noRT"
"19347" "Vmn1r17" 0 NA NA NA NA 0 0 "Uqcrc2_noRT" "non-targeting_noRT"
"19348" "Vmn1r18" 0 NA NA NA NA 0 0 "Uqcrc2_noRT" "non-targeting_noRT"
"19349" "Vmn1r19" 0 NA NA NA NA 0 0 "Uqcrc2_noRT" "non-targeting_noRT"
"19350" "Vmn1r20" 0 NA NA NA NA 0 0 "Uqcrc2_noRT" "non-targeting_noRT"
"19351" "4930533I22Rik" 0 NA NA NA NA 0 0 "Uqcrc2_noRT" "non-targeting_noRT"
"19352" "Vmn1r21" 0 NA NA NA NA 0 0 "Uqcrc2_noRT" "non-targeting_noRT"
"19353" "Vmn1r22" 0 NA NA NA NA 0 0 "Uqcrc2_noRT" "non-targeting_noRT"
"19354" "Vmn1r23" 0 NA NA NA NA 0 0 "Uqcrc2_noRT" "non-targeting_noRT"
"19355" "Vmn1r24" 0 NA NA NA NA 0 0 "Uqcrc2_noRT" "non-targeting_noRT"
"19356" "Vmn1r25" 0 NA NA NA NA 0 0 "Uqcrc2_noRT" "non-targeting_noRT"
"19357" "Vmn1r26" 0 NA NA NA NA 0 0 "Uqcrc2_noRT" "non-targeting_noRT"
"19358" "Gm43994" 0 NA NA NA NA 0 0 "Uqcrc2_noRT" "non-targeting_noRT"
"19359" "Vmn1r27" 0 NA NA NA NA 0 0 "Uqcrc2_noRT" "non-targeting_noRT"
"19360" "Vmn1r28" 0 NA NA NA NA 0 0 "Uqcrc2_noRT" "non-targeting_noRT"
"19361" "Vmn1r29" 0 NA NA NA NA 0 0 "Uqcrc2_noRT" "non-targeting_noRT"
"19362" "Vmn1r30" 0 NA NA NA NA 0 0 "Uqcrc2_noRT" "non-targeting_noRT"
"19363" "Gm35077" 0 NA NA NA NA 0 0 "Uqcrc2_noRT" "non-targeting_noRT"
"19364" "Vmn1r31" 0 NA NA NA NA 0 0 "Uqcrc2_noRT" "non-targeting_noRT"
"19365" "Nap1l5" 0 NA NA NA NA 0 0 "Uqcrc2_noRT" "non-targeting_noRT"
"19366" "Gm45060" 0 NA NA NA NA 0 0 "Uqcrc2_noRT" "non-targeting_noRT"
"19367" "BB365896" 0 NA NA NA NA 0 0 "Uqcrc2_noRT" "non-targeting_noRT"
"19368" "Gprin3" 0 NA NA NA NA 0 0 "Uqcrc2_noRT" "non-targeting_noRT"
"19369" "Gm5570" 0 NA NA NA NA 0 0 "Uqcrc2_noRT" "non-targeting_noRT"
"19370" "A530053G22Rik" 0 NA NA NA NA 0 0 "Uqcrc2_noRT" "non-targeting_noRT"
"19371" "Gm44410" 0 NA NA NA NA 0 0 "Uqcrc2_noRT" "non-targeting_noRT"
"19372" "Gm35386" 0 NA NA NA NA 0 0 "Uqcrc2_noRT" "non-targeting_noRT"
"19373" "Snca" 0 NA NA NA NA 0 0 "Uqcrc2_noRT" "non-targeting_noRT"
"19374" "Mmrn1" 0 NA NA NA NA 0 0 "Uqcrc2_noRT" "non-targeting_noRT"
"19375" "Gm43893" 0 NA NA NA NA 0 0 "Uqcrc2_noRT" "non-targeting_noRT"
"19376" "Gm43894" 0 NA NA NA NA 0 0 "Uqcrc2_noRT" "non-targeting_noRT"
"19377" "A730020E08Rik" 0 NA NA NA NA 0 0 "Uqcrc2_noRT" "non-targeting_noRT"
"19378" "Ccser1" 0 NA NA NA NA 0 0 "Uqcrc2_noRT" "non-targeting_noRT"
"19379" "9330118I20Rik" 0 NA NA NA NA 0 0 "Uqcrc2_noRT" "non-targeting_noRT"
"19380" "Grid2" 0 NA NA NA NA 0 0 "Uqcrc2_noRT" "non-targeting_noRT"
"19381" "Gm44071" 0 NA NA NA NA 0 0 "Uqcrc2_noRT" "non-targeting_noRT"
"19382" "Gm44072" 0 NA NA NA NA 0 0 "Uqcrc2_noRT" "non-targeting_noRT"
"19383" "Atoh1" 0 NA NA NA NA 0 0 "Uqcrc2_noRT" "non-targeting_noRT"
"19384" "Qrfprl" 0 NA NA NA NA 0 0 "Uqcrc2_noRT" "non-targeting_noRT"
"19385" "Tnip3" 0 NA NA NA NA 0 0 "Uqcrc2_noRT" "non-targeting_noRT"
"19386" "Ndnf" 0 NA NA NA NA 0 0 "Uqcrc2_noRT" "non-targeting_noRT"
"19387" "4930544G11Rik" 0 NA NA NA NA 0 0 "Uqcrc2_noRT" "non-targeting_noRT"
"19388" "2610300M13Rik" 0 NA NA NA NA 0 0 "Uqcrc2_noRT" "non-targeting_noRT"
"19389" "Vmn1r32" 0 NA NA NA NA 0 0 "Uqcrc2_noRT" "non-targeting_noRT"
"19390" "Vmn1r33" 0 NA NA NA NA 0 0 "Uqcrc2_noRT" "non-targeting_noRT"
"19391" "Vmn1r34" 0 NA NA NA NA 0 0 "Uqcrc2_noRT" "non-targeting_noRT"
"19392" "Vmn1r35" 0 NA NA NA NA 0 0 "Uqcrc2_noRT" "non-targeting_noRT"
"19393" "Vmn1r36" 0 NA NA NA NA 0 0 "Uqcrc2_noRT" "non-targeting_noRT"
"19394" "Vmn1r37" 0 NA NA NA NA 0 0 "Uqcrc2_noRT" "non-targeting_noRT"
"19395" "Vmn1r38" 0 NA NA NA NA 0 0 "Uqcrc2_noRT" "non-targeting_noRT"
"19396" "Vmn1r39" 0 NA NA NA NA 0 0 "Uqcrc2_noRT" "non-targeting_noRT"
"19397" "Gm36816" 0 NA NA NA NA 0 0 "Uqcrc2_noRT" "non-targeting_noRT"
"19398" "Gm38825" 0 NA NA NA NA 0 0 "Uqcrc2_noRT" "non-targeting_noRT"
"19399" "Il12rb2" 0 NA NA NA NA 0 0 "Uqcrc2_noRT" "non-targeting_noRT"
"19400" "Il23r" 0 NA NA NA NA 0 0 "Uqcrc2_noRT" "non-targeting_noRT"
"19401" "Gm42889" 0 NA NA NA NA 0 0 "Uqcrc2_noRT" "non-targeting_noRT"
"19402" "Tacstd2" 0 NA NA NA NA 0 0 "Uqcrc2_noRT" "non-targeting_noRT"
"19403" "Igkv2-137" 0 NA NA NA NA 0 0 "Uqcrc2_noRT" "non-targeting_noRT"
"19404" "Igkv1-136" 0 NA NA NA NA 0 0 "Uqcrc2_noRT" "non-targeting_noRT"
"19405" "Igkv1-135" 0 NA NA NA NA 0 0 "Uqcrc2_noRT" "non-targeting_noRT"
"19406" "Igkv14-134-1" 0 NA NA NA NA 0 0 "Uqcrc2_noRT" "non-targeting_noRT"
"19407" "Igkv17-134" 0 NA NA NA NA 0 0 "Uqcrc2_noRT" "non-targeting_noRT"
"19408" "Igkv1-133" 0 NA NA NA NA 0 0 "Uqcrc2_noRT" "non-targeting_noRT"
"19409" "Gm43284" 0 NA NA NA NA 0 0 "Uqcrc2_noRT" "non-targeting_noRT"
"19410" "Igkv1-132" 0 NA NA NA NA 0 0 "Uqcrc2_noRT" "non-targeting_noRT"
"19411" "Igkv1-131" 0 NA NA NA NA 0 0 "Uqcrc2_noRT" "non-targeting_noRT"
"19412" "Igkv14-130" 0 NA NA NA NA 0 0 "Uqcrc2_noRT" "non-targeting_noRT"
"19413" "Igkv9-129" 0 NA NA NA NA 0 0 "Uqcrc2_noRT" "non-targeting_noRT"
"19414" "Igkv9-128" 0 NA NA NA NA 0 0 "Uqcrc2_noRT" "non-targeting_noRT"
"19415" "Igkv17-127" 0 NA NA NA NA 0 0 "Uqcrc2_noRT" "non-targeting_noRT"
"19416" "Igkv14-126-1" 0 NA NA NA NA 0 0 "Uqcrc2_noRT" "non-targeting_noRT"
"19417" "Igkv14-126" 0 NA NA NA NA 0 0 "Uqcrc2_noRT" "non-targeting_noRT"
"19418" "Igkv11-125" 0 NA NA NA NA 0 0 "Uqcrc2_noRT" "non-targeting_noRT"
"19419" "Igkv9-124" 0 NA NA NA NA 0 0 "Uqcrc2_noRT" "non-targeting_noRT"
"19420" "Igkv9-123" 0 NA NA NA NA 0 0 "Uqcrc2_noRT" "non-targeting_noRT"
"19421" "Igkv1-122" 0 NA NA NA NA 0 0 "Uqcrc2_noRT" "non-targeting_noRT"
"19422" "Igkv17-121" 0 NA NA NA NA 0 0 "Uqcrc2_noRT" "non-targeting_noRT"
"19423" "Igkv9-120" 0 NA NA NA NA 0 0 "Uqcrc2_noRT" "non-targeting_noRT"
"19424" "Igkv9-119" 0 NA NA NA NA 0 0 "Uqcrc2_noRT" "non-targeting_noRT"
"19425" "Igkv14-118-2" 0 NA NA NA NA 0 0 "Uqcrc2_noRT" "non-targeting_noRT"
"19426" "Igkv14-118-1" 0 NA NA NA NA 0 0 "Uqcrc2_noRT" "non-targeting_noRT"
"19427" "Gm43739" 0 NA NA NA NA 0 0 "Uqcrc2_noRT" "non-targeting_noRT"
"19428" "Igkv11-118" 0 NA NA NA NA 0 0 "Uqcrc2_noRT" "non-targeting_noRT"
"19429" "Igkv1-117" 0 NA NA NA NA 0 0 "Uqcrc2_noRT" "non-targeting_noRT"
"19430" "Igkv2-116" 0 NA NA NA NA 0 0 "Uqcrc2_noRT" "non-targeting_noRT"
"19431" "Igkv1-115" 0 NA NA NA NA 0 0 "Uqcrc2_noRT" "non-targeting_noRT"
"19432" "Igkv11-114" 0 NA NA NA NA 0 0 "Uqcrc2_noRT" "non-targeting_noRT"
"19433" "Igkv2-113" 0 NA NA NA NA 0 0 "Uqcrc2_noRT" "non-targeting_noRT"
"19434" "Igkv2-112" 0 NA NA NA NA 0 0 "Uqcrc2_noRT" "non-targeting_noRT"
"19435" "Igkv14-111" 0 NA NA NA NA 0 0 "Uqcrc2_noRT" "non-targeting_noRT"
"19436" "Igkv1-110" 0 NA NA NA NA 0 0 "Uqcrc2_noRT" "non-targeting_noRT"
"19437" "Igkv2-109" 0 NA NA NA NA 0 0 "Uqcrc2_noRT" "non-targeting_noRT"
"19438" "Igkv1-108" 0 NA NA NA NA 0 0 "Uqcrc2_noRT" "non-targeting_noRT"
"19439" "Igkv2-107" 0 NA NA NA NA 0 0 "Uqcrc2_noRT" "non-targeting_noRT"
"19440" "Igkv11-106" 0 NA NA NA NA 0 0 "Uqcrc2_noRT" "non-targeting_noRT"
"19441" "Igkv2-105" 0 NA NA NA NA 0 0 "Uqcrc2_noRT" "non-targeting_noRT"
"19442" "Igkv16-104" 0 NA NA NA NA 0 0 "Uqcrc2_noRT" "non-targeting_noRT"
"19443" "Igkv15-103" 0 NA NA NA NA 0 0 "Uqcrc2_noRT" "non-targeting_noRT"
"19444" "Igkv15-102" 0 NA NA NA NA 0 0 "Uqcrc2_noRT" "non-targeting_noRT"
"19445" "Igkv20-101-2" 0 NA NA NA NA 0 0 "Uqcrc2_noRT" "non-targeting_noRT"
"19446" "Igkv15-101-1" 0 NA NA NA NA 0 0 "Uqcrc2_noRT" "non-targeting_noRT"
"19447" "Igkv15-101" 0 NA NA NA NA 0 0 "Uqcrc2_noRT" "non-targeting_noRT"
"19448" "Igkv14-100" 0 NA NA NA NA 0 0 "Uqcrc2_noRT" "non-targeting_noRT"
"19449" "Igkv1-99" 0 NA NA NA NA 0 0 "Uqcrc2_noRT" "non-targeting_noRT"
"19450" "Igkv12-98" 0 NA NA NA NA 0 0 "Uqcrc2_noRT" "non-targeting_noRT"
"19451" "Igkv15-97" 0 NA NA NA NA 0 0 "Uqcrc2_noRT" "non-targeting_noRT"
"19452" "Igkv10-96" 0 NA NA NA NA 0 0 "Uqcrc2_noRT" "non-targeting_noRT"
"19453" "Igkv2-95-2" 0 NA NA NA NA 0 0 "Uqcrc2_noRT" "non-targeting_noRT"
"19454" "Igkv2-95-1" 0 NA NA NA NA 0 0 "Uqcrc2_noRT" "non-targeting_noRT"
"19455" "Igkv10-95" 0 NA NA NA NA 0 0 "Uqcrc2_noRT" "non-targeting_noRT"
"19456" "Igkv10-94" 0 NA NA NA NA 0 0 "Uqcrc2_noRT" "non-targeting_noRT"
"19457" "Igkv2-93-1" 0 NA NA NA NA 0 0 "Uqcrc2_noRT" "non-targeting_noRT"
"19458" "Igkv19-93" 0 NA NA NA NA 0 0 "Uqcrc2_noRT" "non-targeting_noRT"
"19459" "Igkv4-92" 0 NA NA NA NA 0 0 "Uqcrc2_noRT" "non-targeting_noRT"
"19460" "Gm42925" 0 NA NA NA NA 0 0 "Uqcrc2_noRT" "non-targeting_noRT"
"19461" "Igkv4-91" 0 NA NA NA NA 0 0 "Uqcrc2_noRT" "non-targeting_noRT"
"19462" "Igkv4-90" 0 NA NA NA NA 0 0 "Uqcrc2_noRT" "non-targeting_noRT"
"19463" "Gm42924" 0 NA NA NA NA 0 0 "Uqcrc2_noRT" "non-targeting_noRT"
"19464" "Igkv12-89" 0 NA NA NA NA 0 0 "Uqcrc2_noRT" "non-targeting_noRT"
"19465" "Igkv1-88" 0 NA NA NA NA 0 0 "Uqcrc2_noRT" "non-targeting_noRT"
"19466" "Gm42539" 0 NA NA NA NA 0 0 "Uqcrc2_noRT" "non-targeting_noRT"
"19467" "Gm42543" 0 NA NA NA NA 0 0 "Uqcrc2_noRT" "non-targeting_noRT"
"19468" "Gm42542" 0 NA NA NA NA 0 0 "Uqcrc2_noRT" "non-targeting_noRT"
"19469" "Igkv13-87" 0 NA NA NA NA 0 0 "Uqcrc2_noRT" "non-targeting_noRT"
"19470" "Igkv4-86" 0 NA NA NA NA 0 0 "Uqcrc2_noRT" "non-targeting_noRT"
"19471" "Igkv13-85" 0 NA NA NA NA 0 0 "Uqcrc2_noRT" "non-targeting_noRT"
"19472" "Igkv13-84" 0 NA NA NA NA 0 0 "Uqcrc2_noRT" "non-targeting_noRT"
"19473" "Igkv4-83" 0 NA NA NA NA 0 0 "Uqcrc2_noRT" "non-targeting_noRT"
"19474" "Igkv13-82" 0 NA NA NA NA 0 0 "Uqcrc2_noRT" "non-targeting_noRT"
"19475" "Igkv4-81" 0 NA NA NA NA 0 0 "Uqcrc2_noRT" "non-targeting_noRT"
"19476" "Igkv13-80-1" 0 NA NA NA NA 0 0 "Uqcrc2_noRT" "non-targeting_noRT"
"19477" "Igkv4-80" 0 NA NA NA NA 0 0 "Uqcrc2_noRT" "non-targeting_noRT"
"19478" "Igkv4-79" 0 NA NA NA NA 0 0 "Uqcrc2_noRT" "non-targeting_noRT"
"19479" "Igkv13-78-1" 0 NA NA NA NA 0 0 "Uqcrc2_noRT" "non-targeting_noRT"
"19480" "Igkv4-78" 0 NA NA NA NA 0 0 "Uqcrc2_noRT" "non-targeting_noRT"
"19481" "Gm43583" 0 NA NA NA NA 0 0 "Uqcrc2_noRT" "non-targeting_noRT"
"19482" "Igkv4-77" 0 NA NA NA NA 0 0 "Uqcrc2_noRT" "non-targeting_noRT"
"19483" "Igkv13-76" 0 NA NA NA NA 0 0 "Uqcrc2_noRT" "non-targeting_noRT"
"19484" "Igkv4-75" 0 NA NA NA NA 0 0 "Uqcrc2_noRT" "non-targeting_noRT"
"19485" "Igkv13-74-1" 0 NA NA NA NA 0 0 "Uqcrc2_noRT" "non-targeting_noRT"
"19486" "Igkv4-74" 0 NA NA NA NA 0 0 "Uqcrc2_noRT" "non-targeting_noRT"
"19487" "Igkv13-73-1" 0 NA NA NA NA 0 0 "Uqcrc2_noRT" "non-targeting_noRT"
"19488" "Igkv4-73" 0 NA NA NA NA 0 0 "Uqcrc2_noRT" "non-targeting_noRT"
"19489" "Igkv4-72" 0 NA NA NA NA 0 0 "Uqcrc2_noRT" "non-targeting_noRT"
"19490" "Igkv13-71-1" 0 NA NA NA NA 0 0 "Uqcrc2_noRT" "non-targeting_noRT"
"19491" "Igkv4-71" 0 NA NA NA NA 0 0 "Uqcrc2_noRT" "non-targeting_noRT"
"19492" "Igkv4-70" 0 NA NA NA NA 0 0 "Uqcrc2_noRT" "non-targeting_noRT"
"19493" "Igkv4-69" 0 NA NA NA NA 0 0 "Uqcrc2_noRT" "non-targeting_noRT"
"19494" "Igkv4-68" 0 NA NA NA NA 0 0 "Uqcrc2_noRT" "non-targeting_noRT"
"19495" "Igkv12-67" 0 NA NA NA NA 0 0 "Uqcrc2_noRT" "non-targeting_noRT"
"19496" "Rprl1" 0 NA NA NA NA 0 0 "Uqcrc2_noRT" "non-targeting_noRT"
"19497" "Igkv12-66" 0 NA NA NA NA 0 0 "Uqcrc2_noRT" "non-targeting_noRT"
"19498" "Igkv4-65" 0 NA NA NA NA 0 0 "Uqcrc2_noRT" "non-targeting_noRT"
"19499" "Igkv13-64" 0 NA NA NA NA 0 0 "Uqcrc2_noRT" "non-targeting_noRT"
"19500" "Igkv4-63" 0 NA NA NA NA 0 0 "Uqcrc2_noRT" "non-targeting_noRT"
"19501" "Igkv13-62-1" 0 NA NA NA NA 0 0 "Uqcrc2_noRT" "non-targeting_noRT"
"19502" "Igkv4-62" 0 NA NA NA NA 0 0 "Uqcrc2_noRT" "non-targeting_noRT"
"19503" "Igkv13-61-1" 0 NA NA NA NA 0 0 "Uqcrc2_noRT" "non-targeting_noRT"
"19504" "Igkv4-61" 0 NA NA NA NA 0 0 "Uqcrc2_noRT" "non-targeting_noRT"
"19505" "Igkv4-59" 0 NA NA NA NA 0 0 "Uqcrc2_noRT" "non-targeting_noRT"
"19506" "Igkv4-60" 0 NA NA NA NA 0 0 "Uqcrc2_noRT" "non-targeting_noRT"
"19507" "Igkv4-58" 0 NA NA NA NA 0 0 "Uqcrc2_noRT" "non-targeting_noRT"
"19508" "Igkv13-57-2" 0 NA NA NA NA 0 0 "Uqcrc2_noRT" "non-targeting_noRT"
"19509" "Igkv4-57-1" 0 NA NA NA NA 0 0 "Uqcrc2_noRT" "non-targeting_noRT"
"19510" "Igkv13-57-1" 0 NA NA NA NA 0 0 "Uqcrc2_noRT" "non-targeting_noRT"
"19511" "Igkv4-57" 0 NA NA NA NA 0 0 "Uqcrc2_noRT" "non-targeting_noRT"
"19512" "Igkv13-56-1" 0 NA NA NA NA 0 0 "Uqcrc2_noRT" "non-targeting_noRT"
"19513" "Igkv4-56" 0 NA NA NA NA 0 0 "Uqcrc2_noRT" "non-targeting_noRT"
"19514" "Igkv13-55-1" 0 NA NA NA NA 0 0 "Uqcrc2_noRT" "non-targeting_noRT"
"19515" "Igkv4-55" 0 NA NA NA NA 0 0 "Uqcrc2_noRT" "non-targeting_noRT"
"19516" "Igkv13-54-1" 0 NA NA NA NA 0 0 "Uqcrc2_noRT" "non-targeting_noRT"
"19517" "Igkv4-54" 0 NA NA NA NA 0 0 "Uqcrc2_noRT" "non-targeting_noRT"
"19518" "Igkv4-53" 0 NA NA NA NA 0 0 "Uqcrc2_noRT" "non-targeting_noRT"
"19519" "Gm42606" 0 NA NA NA NA 0 0 "Uqcrc2_noRT" "non-targeting_noRT"
"19520" "Igkv4-51" 0 NA NA NA NA 0 0 "Uqcrc2_noRT" "non-targeting_noRT"
"19521" "Gm42958" 0 NA NA NA NA 0 0 "Uqcrc2_noRT" "non-targeting_noRT"
"19522" "Igkv4-50" 0 NA NA NA NA 0 0 "Uqcrc2_noRT" "non-targeting_noRT"
"19523" "Igkv12-49" 0 NA NA NA NA 0 0 "Uqcrc2_noRT" "non-targeting_noRT"
"19524" "Igkv5-48" 0 NA NA NA NA 0 0 "Uqcrc2_noRT" "non-targeting_noRT"
"19525" "Igkv12-47" 0 NA NA NA NA 0 0 "Uqcrc2_noRT" "non-targeting_noRT"
"19526" "Igkv12-46" 0 NA NA NA NA 0 0 "Uqcrc2_noRT" "non-targeting_noRT"
"19527" "Igkv5-45" 0 NA NA NA NA 0 0 "Uqcrc2_noRT" "non-targeting_noRT"
"19528" "Igkv12-44" 0 NA NA NA NA 0 0 "Uqcrc2_noRT" "non-targeting_noRT"
"19529" "Igkv5-43" 0 NA NA NA NA 0 0 "Uqcrc2_noRT" "non-targeting_noRT"
"19530" "Igkv12-42" 0 NA NA NA NA 0 0 "Uqcrc2_noRT" "non-targeting_noRT"
"19531" "Igkv12-41" 0 NA NA NA NA 0 0 "Uqcrc2_noRT" "non-targeting_noRT"
"19532" "Igkv5-40-1" 0 NA NA NA NA 0 0 "Uqcrc2_noRT" "non-targeting_noRT"
"19533" "Igkv12-40" 0 NA NA NA NA 0 0 "Uqcrc2_noRT" "non-targeting_noRT"
"19534" "Igkv5-39" 0 NA NA NA NA 0 0 "Uqcrc2_noRT" "non-targeting_noRT"
"19535" "Gm43220" 0 NA NA NA NA 0 0 "Uqcrc2_noRT" "non-targeting_noRT"
"19536" "Igkv12-38" 0 NA NA NA NA 0 0 "Uqcrc2_noRT" "non-targeting_noRT"
"19537" "Igkv5-37" 0 NA NA NA NA 0 0 "Uqcrc2_noRT" "non-targeting_noRT"
"19538" "Igkv18-36" 0 NA NA NA NA 0 0 "Uqcrc2_noRT" "non-targeting_noRT"
"19539" "Igkv1-35" 0 NA NA NA NA 0 0 "Uqcrc2_noRT" "non-targeting_noRT"
"19540" "Gm43586" 0 NA NA NA NA 0 0 "Uqcrc2_noRT" "non-targeting_noRT"
"19541" "Igkv8-34" 0 NA NA NA NA 0 0 "Uqcrc2_noRT" "non-targeting_noRT"
"19542" "Igkv7-33" 0 NA NA NA NA 0 0 "Uqcrc2_noRT" "non-targeting_noRT"
"19543" "Igkv6-32" 0 NA NA NA NA 0 0 "Uqcrc2_noRT" "non-targeting_noRT"
"19544" "Igkv8-31" 0 NA NA NA NA 0 0 "Uqcrc2_noRT" "non-targeting_noRT"
"19545" "Igkv8-30" 0 NA NA NA NA 0 0 "Uqcrc2_noRT" "non-targeting_noRT"
"19546" "Igkv6-29" 0 NA NA NA NA 0 0 "Uqcrc2_noRT" "non-targeting_noRT"
"19547" "Igkv8-28" 0 NA NA NA NA 0 0 "Uqcrc2_noRT" "non-targeting_noRT"
"19548" "Igkv8-27" 0 NA NA NA NA 0 0 "Uqcrc2_noRT" "non-targeting_noRT"
"19549" "Igkv8-26" 0 NA NA NA NA 0 0 "Uqcrc2_noRT" "non-targeting_noRT"
"19550" "Igkv6-25" 0 NA NA NA NA 0 0 "Uqcrc2_noRT" "non-targeting_noRT"
"19551" "Igkv8-24" 0 NA NA NA NA 0 0 "Uqcrc2_noRT" "non-targeting_noRT"
"19552" "Gm43218" 0 NA NA NA NA 0 0 "Uqcrc2_noRT" "non-targeting_noRT"
"19553" "Igkv6-23" 0 NA NA NA NA 0 0 "Uqcrc2_noRT" "non-targeting_noRT"
"19554" "Igkv8-22" 0 NA NA NA NA 0 0 "Uqcrc2_noRT" "non-targeting_noRT"
"19555" "Igkv8-21" 0 NA NA NA NA 0 0 "Uqcrc2_noRT" "non-targeting_noRT"
"19556" "Igkv6-20" 0 NA NA NA NA 0 0 "Uqcrc2_noRT" "non-targeting_noRT"
"19557" "Igkv8-19" 0 NA NA NA NA 0 0 "Uqcrc2_noRT" "non-targeting_noRT"
"19558" "Igkv8-18" 0 NA NA NA NA 0 0 "Uqcrc2_noRT" "non-targeting_noRT"
"19559" "Igkv6-17" 0 NA NA NA NA 0 0 "Uqcrc2_noRT" "non-targeting_noRT"
"19560" "Igkv8-16" 0 NA NA NA NA 0 0 "Uqcrc2_noRT" "non-targeting_noRT"
"19561" "Gm42667" 0 NA NA NA NA 0 0 "Uqcrc2_noRT" "non-targeting_noRT"
"19562" "Igkv6-15" 0 NA NA NA NA 0 0 "Uqcrc2_noRT" "non-targeting_noRT"
"19563" "Gm10360" 0 NA NA NA NA 0 0 "Uqcrc2_noRT" "non-targeting_noRT"
"19564" "Igkv6-14" 0 NA NA NA NA 0 0 "Uqcrc2_noRT" "non-targeting_noRT"
"19565" "Igkv6-13" 0 NA NA NA NA 0 0 "Uqcrc2_noRT" "non-targeting_noRT"
"19566" "Gm42720" 0 NA NA NA NA 0 0 "Uqcrc2_noRT" "non-targeting_noRT"
"19567" "Igkv3-12-1" 0 NA NA NA NA 0 0 "Uqcrc2_noRT" "non-targeting_noRT"
"19568" "Igkv3-12" 0 NA NA NA NA 0 0 "Uqcrc2_noRT" "non-targeting_noRT"
"19569" "Igkv3-11" 0 NA NA NA NA 0 0 "Uqcrc2_noRT" "non-targeting_noRT"
"19570" "Igkv3-10" 0 NA NA NA NA 0 0 "Uqcrc2_noRT" "non-targeting_noRT"
"19571" "Igkv3-9" 0 NA NA NA NA 0 0 "Uqcrc2_noRT" "non-targeting_noRT"
"19572" "Igkv3-8" 0 NA NA NA NA 0 0 "Uqcrc2_noRT" "non-targeting_noRT"
"19573" "Igkv3-7" 0 NA NA NA NA 0 0 "Uqcrc2_noRT" "non-targeting_noRT"
"19574" "Igkv3-6" 0 NA NA NA NA 0 0 "Uqcrc2_noRT" "non-targeting_noRT"
"19575" "Igkv3-5" 0 NA NA NA NA 0 0 "Uqcrc2_noRT" "non-targeting_noRT"
"19576" "Igkv3-4" 0 NA NA NA NA 0 0 "Uqcrc2_noRT" "non-targeting_noRT"
"19577" "Igkv3-3" 0 NA NA NA NA 0 0 "Uqcrc2_noRT" "non-targeting_noRT"
"19578" "Igkv3-2" 0 NA NA NA NA 0 0 "Uqcrc2_noRT" "non-targeting_noRT"
"19579" "Igkv3-1" 0 NA NA NA NA 0 0 "Uqcrc2_noRT" "non-targeting_noRT"
"19580" "Gm30211" 0 NA NA NA NA 0 0 "Uqcrc2_noRT" "non-targeting_noRT"
"19581" "Igkj1" 0 NA NA NA NA 0 0 "Uqcrc2_noRT" "non-targeting_noRT"
"19582" "Igkj2" 0 NA NA NA NA 0 0 "Uqcrc2_noRT" "non-targeting_noRT"
"19583" "Igkj3" 0 NA NA NA NA 0 0 "Uqcrc2_noRT" "non-targeting_noRT"
"19584" "Igkj4" 0 NA NA NA NA 0 0 "Uqcrc2_noRT" "non-targeting_noRT"
"19585" "Igkj5" 0 NA NA NA NA 0 0 "Uqcrc2_noRT" "non-targeting_noRT"
"19586" "Igkc" 0 NA NA NA NA 0 0 "Uqcrc2_noRT" "non-targeting_noRT"
"19587" "Tex37" 0 NA NA NA NA 0 0 "Uqcrc2_noRT" "non-targeting_noRT"
"19588" "Foxi3" 0 NA NA NA NA 0 0 "Uqcrc2_noRT" "non-targeting_noRT"
"19589" "Thnsl2" 0 NA NA NA NA 0 0 "Uqcrc2_noRT" "non-targeting_noRT"
"19590" "Gm44427" 0 NA NA NA NA 0 0 "Uqcrc2_noRT" "non-targeting_noRT"
"19591" "Fabp1" 0 NA NA NA NA 0 0 "Uqcrc2_noRT" "non-targeting_noRT"
"19592" "Smyd1" 0 NA NA NA NA 0 0 "Uqcrc2_noRT" "non-targeting_noRT"
"19593" "Cd8b1" 0 NA NA NA NA 0 0 "Uqcrc2_noRT" "non-targeting_noRT"
"19594" "Gm44110" 0 NA NA NA NA 0 0 "Uqcrc2_noRT" "non-targeting_noRT"
"19595" "Gm44174" 0 NA NA NA NA 0 0 "Uqcrc2_noRT" "non-targeting_noRT"
"19596" "Cd8a" 0 NA NA NA NA 0 0 "Uqcrc2_noRT" "non-targeting_noRT"
"19597" "Gm44172" 0 NA NA NA NA 0 0 "Uqcrc2_noRT" "non-targeting_noRT"
"19598" "Gm26628" 0 NA NA NA NA 0 0 "Uqcrc2_noRT" "non-targeting_noRT"
"19599" "9130221F21Rik" 0 NA NA NA NA 0 0 "Uqcrc2_noRT" "non-targeting_noRT"
"19600" "4933431G14Rik" 0 NA NA NA NA 0 0 "Uqcrc2_noRT" "non-targeting_noRT"
"19601" "Sftpb" 0 NA NA NA NA 0 0 "Uqcrc2_noRT" "non-targeting_noRT"
"19602" "Sh2d6" 0 NA NA NA NA 0 0 "Uqcrc2_noRT" "non-targeting_noRT"
"19603" "Gm15401" 0 NA NA NA NA 0 0 "Uqcrc2_noRT" "non-targeting_noRT"
"19604" "Gm20560" 0 NA NA NA NA 0 0 "Uqcrc2_noRT" "non-targeting_noRT"
"19605" "Dnah6" 0 NA NA NA NA 0 0 "Uqcrc2_noRT" "non-targeting_noRT"
"19606" "1700065L07Rik" 0 NA NA NA NA 0 0 "Uqcrc2_noRT" "non-targeting_noRT"
"19607" "4931417E11Rik" 0 NA NA NA NA 0 0 "Uqcrc2_noRT" "non-targeting_noRT"
"19608" "Gm31747" 0 NA NA NA NA 0 0 "Uqcrc2_noRT" "non-targeting_noRT"
"19609" "Gm44113" 0 NA NA NA NA 0 0 "Uqcrc2_noRT" "non-targeting_noRT"
"19610" "Gm44166" 0 NA NA NA NA 0 0 "Uqcrc2_noRT" "non-targeting_noRT"
"19611" "Ctnna2" 0 NA NA NA NA 0 0 "Uqcrc2_noRT" "non-targeting_noRT"
"19612" "Lrrtm1" 0 NA NA NA NA 0 0 "Uqcrc2_noRT" "non-targeting_noRT"
"19613" "Reg3b" 0 NA NA NA NA 0 0 "Uqcrc2_noRT" "non-targeting_noRT"
"19614" "Reg3d" 0 NA NA NA NA 0 0 "Uqcrc2_noRT" "non-targeting_noRT"
"19615" "Reg3a" 0 NA NA NA NA 0 0 "Uqcrc2_noRT" "non-targeting_noRT"
"19616" "Reg2" 0 NA NA NA NA 0 0 "Uqcrc2_noRT" "non-targeting_noRT"
"19617" "Reg1" 0 NA NA NA NA 0 0 "Uqcrc2_noRT" "non-targeting_noRT"
"19618" "Reg3g" 0 NA NA NA NA 0 0 "Uqcrc2_noRT" "non-targeting_noRT"
"19619" "Gm29005" 0 NA NA NA NA 0 0 "Uqcrc2_noRT" "non-targeting_noRT"
"19620" "Gm20362" 0 NA NA NA NA 0 0 "Uqcrc2_noRT" "non-targeting_noRT"
"19621" "Gm44271" 0 NA NA NA NA 0 0 "Uqcrc2_noRT" "non-targeting_noRT"
"19622" "Gm20594" 0 NA NA NA NA 0 0 "Uqcrc2_noRT" "non-targeting_noRT"
"19623" "Gm4409" 0 NA NA NA NA 0 0 "Uqcrc2_noRT" "non-targeting_noRT"
"19624" "Lrrtm4" 0 NA NA NA NA 0 0 "Uqcrc2_noRT" "non-targeting_noRT"
"19625" "Gm38839" 0 NA NA NA NA 0 0 "Uqcrc2_noRT" "non-targeting_noRT"
"19626" "1700009C05Rik" 0 NA NA NA NA 0 0 "Uqcrc2_noRT" "non-targeting_noRT"
"19627" "Gm20383" 0 NA NA NA NA 0 0 "Uqcrc2_noRT" "non-targeting_noRT"
"19628" "Gm44202" 0 NA NA NA NA 0 0 "Uqcrc2_noRT" "non-targeting_noRT"
"19629" "Eva1a" 0 NA NA NA NA 0 0 "Uqcrc2_noRT" "non-targeting_noRT"
"19630" "Gm15864" 0 NA NA NA NA 0 0 "Uqcrc2_noRT" "non-targeting_noRT"
"19631" "Tacr1" 0 NA NA NA NA 0 0 "Uqcrc2_noRT" "non-targeting_noRT"
"19632" "Gm44145" 0 NA NA NA NA 0 0 "Uqcrc2_noRT" "non-targeting_noRT"
"19633" "Gm17034" 0 NA NA NA NA 0 0 "Uqcrc2_noRT" "non-targeting_noRT"
"19634" "Gm38843" 0 NA NA NA NA 0 0 "Uqcrc2_noRT" "non-targeting_noRT"
"19635" "Gm32591" 0 NA NA NA NA 0 0 "Uqcrc2_noRT" "non-targeting_noRT"
"19636" "2310069B03Rik" 0 NA NA NA NA 0 0 "Uqcrc2_noRT" "non-targeting_noRT"
"19637" "Gm45145" 0 NA NA NA NA 0 0 "Uqcrc2_noRT" "non-targeting_noRT"
"19638" "Dqx1" 0 NA NA NA NA 0 0 "Uqcrc2_noRT" "non-targeting_noRT"
"19639" "Tlx2" 0 NA NA NA NA 0 0 "Uqcrc2_noRT" "non-targeting_noRT"
"19640" "Gm44287" 0 NA NA NA NA 0 0 "Uqcrc2_noRT" "non-targeting_noRT"
"19641" "1700003E16Rik" 0 NA NA NA NA 0 0 "Uqcrc2_noRT" "non-targeting_noRT"
"19642" "Gm15624" 0 NA NA NA NA 0 0 "Uqcrc2_noRT" "non-targeting_noRT"
"19643" "Actg2" 0 NA NA NA NA 0 0 "Uqcrc2_noRT" "non-targeting_noRT"
"19644" "Gm21284" 0 NA NA NA NA 0 0 "Uqcrc2_noRT" "non-targeting_noRT"
"19645" "Clec4f" 0 NA NA NA NA 0 0 "Uqcrc2_noRT" "non-targeting_noRT"
"19646" "Cd207" 0 NA NA NA NA 0 0 "Uqcrc2_noRT" "non-targeting_noRT"
"19647" "Atp6v1b1" 0 NA NA NA NA 0 0 "Uqcrc2_noRT" "non-targeting_noRT"
"19648" "Ankrd53" 0 NA NA NA NA 0 0 "Uqcrc2_noRT" "non-targeting_noRT"
"19649" "Dysf" 0 NA NA NA NA 0 0 "Uqcrc2_noRT" "non-targeting_noRT"
"19650" "Gm33024" 0 NA NA NA NA 0 0 "Uqcrc2_noRT" "non-targeting_noRT"
"19651" "Gm15475" 0 NA NA NA NA 0 0 "Uqcrc2_noRT" "non-targeting_noRT"
"19652" "Gm44127" 0 NA NA NA NA 0 0 "Uqcrc2_noRT" "non-targeting_noRT"
"19653" "Gm10445" 0 NA NA NA NA 0 0 "Uqcrc2_noRT" "non-targeting_noRT"
"19654" "4930504D19Rik" 0 NA NA NA NA 0 0 "Uqcrc2_noRT" "non-targeting_noRT"
"19655" "Cyp26b1" 0 NA NA NA NA 0 0 "Uqcrc2_noRT" "non-targeting_noRT"
"19656" "Gm44012" 0 NA NA NA NA 0 0 "Uqcrc2_noRT" "non-targeting_noRT"
"19657" "Gm5878" 0 NA NA NA NA 0 0 "Uqcrc2_noRT" "non-targeting_noRT"
"19658" "Emx1" 0 NA NA NA NA 0 0 "Uqcrc2_noRT" "non-targeting_noRT"
"19659" "Noto" 0 NA NA NA NA 0 0 "Uqcrc2_noRT" "non-targeting_noRT"
"19660" "Fbxo41" 0 NA NA NA NA 0 0 "Uqcrc2_noRT" "non-targeting_noRT"
"19661" "Egr4" 0 NA NA NA NA 0 0 "Uqcrc2_noRT" "non-targeting_noRT"
"19662" "Nat8f7" 0 NA NA NA NA 0 0 "Uqcrc2_noRT" "non-targeting_noRT"
"19663" "Nat8f3" 0 NA NA NA NA 0 0 "Uqcrc2_noRT" "non-targeting_noRT"
"19664" "Nat8f6" 0 NA NA NA NA 0 0 "Uqcrc2_noRT" "non-targeting_noRT"
"19665" "Nat8f5" 0 NA NA NA NA 0 0 "Uqcrc2_noRT" "non-targeting_noRT"
"19666" "Nat8" 0 NA NA NA NA 0 0 "Uqcrc2_noRT" "non-targeting_noRT"
"19667" "Nat8f2" 0 NA NA NA NA 0 0 "Uqcrc2_noRT" "non-targeting_noRT"
"19668" "Gm19265" 0 NA NA NA NA 0 0 "Uqcrc2_noRT" "non-targeting_noRT"
"19669" "4930553P18Rik" 0 NA NA NA NA 0 0 "Uqcrc2_noRT" "non-targeting_noRT"
"19670" "Figla" 0 NA NA NA NA 0 0 "Uqcrc2_noRT" "non-targeting_noRT"
"19671" "Add2" 0 NA NA NA NA 0 0 "Uqcrc2_noRT" "non-targeting_noRT"
"19672" "Gm44089" 0 NA NA NA NA 0 0 "Uqcrc2_noRT" "non-targeting_noRT"
"19673" "Gm44941" 0 NA NA NA NA 0 0 "Uqcrc2_noRT" "non-targeting_noRT"
"19674" "Gm43936" 0 NA NA NA NA 0 0 "Uqcrc2_noRT" "non-targeting_noRT"
"19675" "Asprv1" 0 NA NA NA NA 0 0 "Uqcrc2_noRT" "non-targeting_noRT"
"19676" "Gm44214" 0 NA NA NA NA 0 0 "Uqcrc2_noRT" "non-targeting_noRT"
"19677" "Gm44036" 0 NA NA NA NA 0 0 "Uqcrc2_noRT" "non-targeting_noRT"
"19678" "D6Ertd527e" 0 NA NA NA NA 0 0 "Uqcrc2_noRT" "non-targeting_noRT"
"19679" "Gm44418" 0 NA NA NA NA 0 0 "Uqcrc2_noRT" "non-targeting_noRT"
"19680" "Gkn1" 0 NA NA NA NA 0 0 "Uqcrc2_noRT" "non-targeting_noRT"
"19681" "Gkn2" 0 NA NA NA NA 0 0 "Uqcrc2_noRT" "non-targeting_noRT"
"19682" "Gkn3" 0 NA NA NA NA 0 0 "Uqcrc2_noRT" "non-targeting_noRT"
"19683" "Bmp10" 0 NA NA NA NA 0 0 "Uqcrc2_noRT" "non-targeting_noRT"
"19684" "Arhgap25" 0 NA NA NA NA 0 0 "Uqcrc2_noRT" "non-targeting_noRT"
"19685" "Prokr1" 0 NA NA NA NA 0 0 "Uqcrc2_noRT" "non-targeting_noRT"
"19686" "Gm34312" 0 NA NA NA NA 0 0 "Uqcrc2_noRT" "non-targeting_noRT"
"19687" "Gm44097" 0 NA NA NA NA 0 0 "Uqcrc2_noRT" "non-targeting_noRT"
"19688" "1810020O05Rik" 0 NA NA NA NA 0 0 "Uqcrc2_noRT" "non-targeting_noRT"
"19689" "Gm44210" 0 NA NA NA NA 0 0 "Uqcrc2_noRT" "non-targeting_noRT"
"19690" "Efcc1" 0 NA NA NA NA 0 0 "Uqcrc2_noRT" "non-targeting_noRT"
"19691" "Gm43904" 0 NA NA NA NA 0 0 "Uqcrc2_noRT" "non-targeting_noRT"
"19692" "Gp9" 0 NA NA NA NA 0 0 "Uqcrc2_noRT" "non-targeting_noRT"
"19693" "Gm26636" 0 NA NA NA NA 0 0 "Uqcrc2_noRT" "non-targeting_noRT"
"19694" "Gm38708" 0 NA NA NA NA 0 0 "Uqcrc2_noRT" "non-targeting_noRT"
"19695" "Gata2" 0 NA NA NA NA 0 0 "Uqcrc2_noRT" "non-targeting_noRT"
"19696" "Dnajb8" 0 NA NA NA NA 0 0 "Uqcrc2_noRT" "non-targeting_noRT"
"19697" "1700031F10Rik" 0 NA NA NA NA 0 0 "Uqcrc2_noRT" "non-targeting_noRT"
"19698" "Gm44265" 0 NA NA NA NA 0 0 "Uqcrc2_noRT" "non-targeting_noRT"
"19699" "Gm44264" 0 NA NA NA NA 0 0 "Uqcrc2_noRT" "non-targeting_noRT"
"19700" "Gm44170" 0 NA NA NA NA 0 0 "Uqcrc2_noRT" "non-targeting_noRT"
"19701" "Kbtbd12" 0 NA NA NA NA 0 0 "Uqcrc2_noRT" "non-targeting_noRT"
"19702" "Gm26588" 0 NA NA NA NA 0 0 "Uqcrc2_noRT" "non-targeting_noRT"
"19703" "Gm15612" 0 NA NA NA NA 0 0 "Uqcrc2_noRT" "non-targeting_noRT"
"19704" "4933427D06Rik" 0 NA NA NA NA 0 0 "Uqcrc2_noRT" "non-targeting_noRT"
"19705" "Gm1965" 0 NA NA NA NA 0 0 "Uqcrc2_noRT" "non-targeting_noRT"
"19706" "Gm6507" 0 NA NA NA NA 0 0 "Uqcrc2_noRT" "non-targeting_noRT"
"19707" "Gm839" 0 NA NA NA NA 0 0 "Uqcrc2_noRT" "non-targeting_noRT"
"19708" "Gm44204" 0 NA NA NA NA 0 0 "Uqcrc2_noRT" "non-targeting_noRT"
"19709" "4930512J16Rik" 0 NA NA NA NA 0 0 "Uqcrc2_noRT" "non-targeting_noRT"
"19710" "Gm26811" 0 NA NA NA NA 0 0 "Uqcrc2_noRT" "non-targeting_noRT"
"19711" "Vmn1r40" 0 NA NA NA NA 0 0 "Uqcrc2_noRT" "non-targeting_noRT"
"19712" "Vmn1r41" 0 NA NA NA NA 0 0 "Uqcrc2_noRT" "non-targeting_noRT"
"19713" "Vmn1r42" 0 NA NA NA NA 0 0 "Uqcrc2_noRT" "non-targeting_noRT"
"19714" "Vmn1r43" 0 NA NA NA NA 0 0 "Uqcrc2_noRT" "non-targeting_noRT"
"19715" "Vmn1r44" 0 NA NA NA NA 0 0 "Uqcrc2_noRT" "non-targeting_noRT"
"19716" "Vmn1r45" 0 NA NA NA NA 0 0 "Uqcrc2_noRT" "non-targeting_noRT"
"19717" "Vmn1r46" 0 NA NA NA NA 0 0 "Uqcrc2_noRT" "non-targeting_noRT"
"19718" "Vmn1r47" 0 NA NA NA NA 0 0 "Uqcrc2_noRT" "non-targeting_noRT"
"19719" "Vmn1r48" 0 NA NA NA NA 0 0 "Uqcrc2_noRT" "non-targeting_noRT"
"19720" "Vmn1r49" 0 NA NA NA NA 0 0 "Uqcrc2_noRT" "non-targeting_noRT"
"19721" "Vmn1r50" 0 NA NA NA NA 0 0 "Uqcrc2_noRT" "non-targeting_noRT"
"19722" "Vmn1r51" 0 NA NA NA NA 0 0 "Uqcrc2_noRT" "non-targeting_noRT"
"19723" "Vmn1r52" 0 NA NA NA NA 0 0 "Uqcrc2_noRT" "non-targeting_noRT"
"19724" "V1ra8" 0 NA NA NA NA 0 0 "Uqcrc2_noRT" "non-targeting_noRT"
"19725" "Vmn1r53" 0 NA NA NA NA 0 0 "Uqcrc2_noRT" "non-targeting_noRT"
"19726" "Vmn1r54" 0 NA NA NA NA 0 0 "Uqcrc2_noRT" "non-targeting_noRT"
"19727" "Chst13" 0 NA NA NA NA 0 0 "Uqcrc2_noRT" "non-targeting_noRT"
"19728" "Uroc1" 0 NA NA NA NA 0 0 "Uqcrc2_noRT" "non-targeting_noRT"
"19729" "Gm44117" 0 NA NA NA NA 0 0 "Uqcrc2_noRT" "non-targeting_noRT"
"19730" "Gm44421" 0 NA NA NA NA 0 0 "Uqcrc2_noRT" "non-targeting_noRT"
"19731" "Gm45901" 0 NA NA NA NA 0 0 "Uqcrc2_noRT" "non-targeting_noRT"
"19732" "Gm15756" 0 NA NA NA NA 0 0 "Uqcrc2_noRT" "non-targeting_noRT"
"19733" "Gm44123" 0 NA NA NA NA 0 0 "Uqcrc2_noRT" "non-targeting_noRT"
"19734" "Gm44105" 0 NA NA NA NA 0 0 "Uqcrc2_noRT" "non-targeting_noRT"
"19735" "Gm44278" 0 NA NA NA NA 0 0 "Uqcrc2_noRT" "non-targeting_noRT"
"19736" "Gm14573" 0 NA NA NA NA 0 0 "Uqcrc2_noRT" "non-targeting_noRT"
"19737" "Fbln2" 0 NA NA NA NA 0 0 "Uqcrc2_noRT" "non-targeting_noRT"
"19738" "Wnt7a" 0 NA NA NA NA 0 0 "Uqcrc2_noRT" "non-targeting_noRT"
"19739" "Gm45216" 0 NA NA NA NA 0 0 "Uqcrc2_noRT" "non-targeting_noRT"
"19740" "Gm45218" 0 NA NA NA NA 0 0 "Uqcrc2_noRT" "non-targeting_noRT"
"19741" "4930466I24Rik" 0 NA NA NA NA 0 0 "Uqcrc2_noRT" "non-targeting_noRT"
"19742" "Trh" 0 NA NA NA NA 0 0 "Uqcrc2_noRT" "non-targeting_noRT"
"19743" "Prickle2" 0 NA NA NA NA 0 0 "Uqcrc2_noRT" "non-targeting_noRT"
"19744" "A730049H05Rik" 0 NA NA NA NA 0 0 "Uqcrc2_noRT" "non-targeting_noRT"
"19745" "Gm15737" 0 NA NA NA NA 0 0 "Uqcrc2_noRT" "non-targeting_noRT"
"19746" "4930511E03Rik" 0 NA NA NA NA 0 0 "Uqcrc2_noRT" "non-targeting_noRT"
"19747" "Kbtbd8os" 0 NA NA NA NA 0 0 "Uqcrc2_noRT" "non-targeting_noRT"
"19748" "AY512915" 0 NA NA NA NA 0 0 "Uqcrc2_noRT" "non-targeting_noRT"
"19749" "Gm10234" 0 NA NA NA NA 0 0 "Uqcrc2_noRT" "non-targeting_noRT"
"19750" "Tafa1" 0 NA NA NA NA 0 0 "Uqcrc2_noRT" "non-targeting_noRT"
"19751" "1700123L14Rik" 0 NA NA NA NA 0 0 "Uqcrc2_noRT" "non-targeting_noRT"
"19752" "Lmod3" 0 NA NA NA NA 0 0 "Uqcrc2_noRT" "non-targeting_noRT"
"19753" "Gm32592" 0 NA NA NA NA 0 0 "Uqcrc2_noRT" "non-targeting_noRT"
"19754" "Gm765" 0 NA NA NA NA 0 0 "Uqcrc2_noRT" "non-targeting_noRT"
"19755" "Gm44196" 0 NA NA NA NA 0 0 "Uqcrc2_noRT" "non-targeting_noRT"
"19756" "4930595L18Rik" 0 NA NA NA NA 0 0 "Uqcrc2_noRT" "non-targeting_noRT"
"19757" "Gm20705" 0 NA NA NA NA 0 0 "Uqcrc2_noRT" "non-targeting_noRT"
"19758" "Gpr27" 0 NA NA NA NA 0 0 "Uqcrc2_noRT" "non-targeting_noRT"
"19759" "Prok2" 0 NA NA NA NA 0 0 "Uqcrc2_noRT" "non-targeting_noRT"
"19760" "Gm26748" 0 NA NA NA NA 0 0 "Uqcrc2_noRT" "non-targeting_noRT"
"19761" "Gm43067" 0 NA NA NA NA 0 0 "Uqcrc2_noRT" "non-targeting_noRT"
"19762" "Gm44442" 0 NA NA NA NA 0 0 "Uqcrc2_noRT" "non-targeting_noRT"
"19763" "Gm33201" 0 NA NA NA NA 0 0 "Uqcrc2_noRT" "non-targeting_noRT"
"19764" "Gm44107" 0 NA NA NA NA 0 0 "Uqcrc2_noRT" "non-targeting_noRT"
"19765" "1700049E22Rik" 0 NA NA NA NA 0 0 "Uqcrc2_noRT" "non-targeting_noRT"
"19766" "Gm43950" 0 NA NA NA NA 0 0 "Uqcrc2_noRT" "non-targeting_noRT"
"19767" "Gm43948" 0 NA NA NA NA 0 0 "Uqcrc2_noRT" "non-targeting_noRT"
"19768" "Gm26911" 0 NA NA NA NA 0 0 "Uqcrc2_noRT" "non-targeting_noRT"
"19769" "Gm44169" 0 NA NA NA NA 0 0 "Uqcrc2_noRT" "non-targeting_noRT"
"19770" "Gm9871" 0 NA NA NA NA 0 0 "Uqcrc2_noRT" "non-targeting_noRT"
"19771" "Gm44176" 0 NA NA NA NA 0 0 "Uqcrc2_noRT" "non-targeting_noRT"
"19772" "Cntn3" 0 NA NA NA NA 0 0 "Uqcrc2_noRT" "non-targeting_noRT"
"19773" "4930587E11Rik" 0 NA NA NA NA 0 0 "Uqcrc2_noRT" "non-targeting_noRT"
"19774" "Gm19757" 0 NA NA NA NA 0 0 "Uqcrc2_noRT" "non-targeting_noRT"
"19775" "Gm15631" 0 NA NA NA NA 0 0 "Uqcrc2_noRT" "non-targeting_noRT"
"19776" "Cntn4" 0 NA NA NA NA 0 0 "Uqcrc2_noRT" "non-targeting_noRT"
"19777" "Gm34933" 0 NA NA NA NA 0 0 "Uqcrc2_noRT" "non-targeting_noRT"
"19778" "Lrrn1" 0 NA NA NA NA 0 0 "Uqcrc2_noRT" "non-targeting_noRT"
"19779" "4933431M02Rik" 0 NA NA NA NA 0 0 "Uqcrc2_noRT" "non-targeting_noRT"
"19780" "Gm44040" 0 NA NA NA NA 0 0 "Uqcrc2_noRT" "non-targeting_noRT"
"19781" "0610040F04Rik" 0 NA NA NA NA 0 0 "Uqcrc2_noRT" "non-targeting_noRT"
"19782" "Gm17055" 0 NA NA NA NA 0 0 "Uqcrc2_noRT" "non-targeting_noRT"
"19783" "Gm20387" 0 NA NA NA NA 0 0 "Uqcrc2_noRT" "non-targeting_noRT"
"19784" "Grm7" 0 NA NA NA NA 0 0 "Uqcrc2_noRT" "non-targeting_noRT"
"19785" "1700054K19Rik" 0 NA NA NA NA 0 0 "Uqcrc2_noRT" "non-targeting_noRT"
"19786" "Lmcd1" 0 NA NA NA NA 0 0 "Uqcrc2_noRT" "non-targeting_noRT"
"19787" "5031434C07Rik" 0 NA NA NA NA 0 0 "Uqcrc2_noRT" "non-targeting_noRT"
"19788" "Ssu2" 0 NA NA NA NA 0 0 "Uqcrc2_noRT" "non-targeting_noRT"
"19789" "Cav3" 0 NA NA NA NA 0 0 "Uqcrc2_noRT" "non-targeting_noRT"
"19790" "Oxtr" 0 NA NA NA NA 0 0 "Uqcrc2_noRT" "non-targeting_noRT"
"19791" "Srgap3" 0 NA NA NA NA 0 0 "Uqcrc2_noRT" "non-targeting_noRT"
"19792" "Gm44081" 0 NA NA NA NA 0 0 "Uqcrc2_noRT" "non-targeting_noRT"
"19793" "Gm16161" 0 NA NA NA NA 0 0 "Uqcrc2_noRT" "non-targeting_noRT"
"19794" "Cidec" 0 NA NA NA NA 0 0 "Uqcrc2_noRT" "non-targeting_noRT"
"19795" "Il17re" 0 NA NA NA NA 0 0 "Uqcrc2_noRT" "non-targeting_noRT"
"19796" "Fancd2os" 0 NA NA NA NA 0 0 "Uqcrc2_noRT" "non-targeting_noRT"
"19797" "Gm44200" 0 NA NA NA NA 0 0 "Uqcrc2_noRT" "non-targeting_noRT"
"19798" "Gm44199" 0 NA NA NA NA 0 0 "Uqcrc2_noRT" "non-targeting_noRT"
"19799" "1700015O11Rik" 0 NA NA NA NA 0 0 "Uqcrc2_noRT" "non-targeting_noRT"
"19800" "Gm43964" 0 NA NA NA NA 0 0 "Uqcrc2_noRT" "non-targeting_noRT"
"19801" "Ghrl" 0 NA NA NA NA 0 0 "Uqcrc2_noRT" "non-targeting_noRT"
"19802" "Gm44053" 0 NA NA NA NA 0 0 "Uqcrc2_noRT" "non-targeting_noRT"
"19803" "Atp2b2" 0 NA NA NA NA 0 0 "Uqcrc2_noRT" "non-targeting_noRT"
"19804" "Gm44167" 0 NA NA NA NA 0 0 "Uqcrc2_noRT" "non-targeting_noRT"
"19805" "Gm15082" 0 NA NA NA NA 0 0 "Uqcrc2_noRT" "non-targeting_noRT"
"19806" "Gm15083" 0 NA NA NA NA 0 0 "Uqcrc2_noRT" "non-targeting_noRT"
"19807" "Hrh1" 0 NA NA NA NA 0 0 "Uqcrc2_noRT" "non-targeting_noRT"
"19808" "Gm17733" 0 NA NA NA NA 0 0 "Uqcrc2_noRT" "non-targeting_noRT"
"19809" "Syn2" 0 NA NA NA NA 0 0 "Uqcrc2_noRT" "non-targeting_noRT"
"19810" "Gm17482" 0 NA NA NA NA 0 0 "Uqcrc2_noRT" "non-targeting_noRT"
"19811" "Pparg" 0 NA NA NA NA 0 0 "Uqcrc2_noRT" "non-targeting_noRT"
"19812" "Gm44079" 0 NA NA NA NA 0 0 "Uqcrc2_noRT" "non-targeting_noRT"
"19813" "Mkrn2os" 0 NA NA NA NA 0 0 "Uqcrc2_noRT" "non-targeting_noRT"
"19814" "Efcab12" 0 NA NA NA NA 0 0 "Uqcrc2_noRT" "non-targeting_noRT"
"19815" "Gm44206" 0 NA NA NA NA 0 0 "Uqcrc2_noRT" "non-targeting_noRT"
"19816" "Rho" 0 NA NA NA NA 0 0 "Uqcrc2_noRT" "non-targeting_noRT"
"19817" "H1foo" 0 NA NA NA NA 0 0 "Uqcrc2_noRT" "non-targeting_noRT"
"19818" "Gm20404" 0 NA NA NA NA 0 0 "Uqcrc2_noRT" "non-targeting_noRT"
"19819" "Gm44957" 0 NA NA NA NA 0 0 "Uqcrc2_noRT" "non-targeting_noRT"
"19820" "Alox5" 0 NA NA NA NA 0 0 "Uqcrc2_noRT" "non-targeting_noRT"
"19821" "Olfr211" 0 NA NA NA NA 0 0 "Uqcrc2_noRT" "non-targeting_noRT"
"19822" "Olfr212" 0 NA NA NA NA 0 0 "Uqcrc2_noRT" "non-targeting_noRT"
"19823" "Olfr213" 0 NA NA NA NA 0 0 "Uqcrc2_noRT" "non-targeting_noRT"
"19824" "Gm5580" 0 NA NA NA NA 0 0 "Uqcrc2_noRT" "non-targeting_noRT"
"19825" "Olfr214" 0 NA NA NA NA 0 0 "Uqcrc2_noRT" "non-targeting_noRT"
"19826" "Olfr215" 0 NA NA NA NA 0 0 "Uqcrc2_noRT" "non-targeting_noRT"
"19827" "Depp1" 0 NA NA NA NA 0 0 "Uqcrc2_noRT" "non-targeting_noRT"
"19828" "Tmem72" 0 NA NA NA NA 0 0 "Uqcrc2_noRT" "non-targeting_noRT"
"19829" "D030044L04Rik" 0 NA NA NA NA 0 0 "Uqcrc2_noRT" "non-targeting_noRT"
"19830" "Cxcl12" 0 NA NA NA NA 0 0 "Uqcrc2_noRT" "non-targeting_noRT"
"19831" "Gm4640" 0 NA NA NA NA 0 0 "Uqcrc2_noRT" "non-targeting_noRT"
"19832" "6820426E19Rik" 0 NA NA NA NA 0 0 "Uqcrc2_noRT" "non-targeting_noRT"
"19833" "Gm9946" 0 NA NA NA NA 0 0 "Uqcrc2_noRT" "non-targeting_noRT"
"19834" "Gm45083" 0 NA NA NA NA 0 0 "Uqcrc2_noRT" "non-targeting_noRT"
"19835" "1700030F04Rik" 0 NA NA NA NA 0 0 "Uqcrc2_noRT" "non-targeting_noRT"
"19836" "Gm7292" 0 NA NA NA NA 0 0 "Uqcrc2_noRT" "non-targeting_noRT"
"19837" "Gm29509" 0 NA NA NA NA 0 0 "Uqcrc2_noRT" "non-targeting_noRT"
"19838" "Rasgef1a" 0 NA NA NA NA 0 0 "Uqcrc2_noRT" "non-targeting_noRT"
"19839" "Ret" 0 NA NA NA NA 0 0 "Uqcrc2_noRT" "non-targeting_noRT"
"19840" "1700069P05Rik" 0 NA NA NA NA 0 0 "Uqcrc2_noRT" "non-targeting_noRT"
"19841" "Gm30557" 0 NA NA NA NA 0 0 "Uqcrc2_noRT" "non-targeting_noRT"
"19842" "Gm30498" 0 NA NA NA NA 0 0 "Uqcrc2_noRT" "non-targeting_noRT"
"19843" "Cacna1c" 0 NA NA NA NA 0 0 "Uqcrc2_noRT" "non-targeting_noRT"
"19844" "Cacna2d4" 0 NA NA NA NA 0 0 "Uqcrc2_noRT" "non-targeting_noRT"
"19845" "Wnt5b" 0 NA NA NA NA 0 0 "Uqcrc2_noRT" "non-targeting_noRT"
"19846" "Gm44317" 0 NA NA NA NA 0 0 "Uqcrc2_noRT" "non-targeting_noRT"
"19847" "Ninj2" 0 NA NA NA NA 0 0 "Uqcrc2_noRT" "non-targeting_noRT"
"19848" "B4galnt3" 0 NA NA NA NA 0 0 "Uqcrc2_noRT" "non-targeting_noRT"
"19849" "Tmem121b" 0 NA NA NA NA 0 0 "Uqcrc2_noRT" "non-targeting_noRT"
"19850" "Gm20692" 0 NA NA NA NA 0 0 "Uqcrc2_noRT" "non-targeting_noRT"
"19851" "1700072O05Rik" 0 NA NA NA NA 0 0 "Uqcrc2_noRT" "non-targeting_noRT"
"19852" "Cecr2" 0 NA NA NA NA 0 0 "Uqcrc2_noRT" "non-targeting_noRT"
"19853" "Gm43916" 0 NA NA NA NA 0 0 "Uqcrc2_noRT" "non-targeting_noRT"
"19854" "Gm43915" 0 NA NA NA NA 0 0 "Uqcrc2_noRT" "non-targeting_noRT"
"19855" "Gm4651" 0 NA NA NA NA 0 0 "Uqcrc2_noRT" "non-targeting_noRT"
"19856" "Slc6a12" 0 NA NA NA NA 0 0 "Uqcrc2_noRT" "non-targeting_noRT"
"19857" "Iqsec3" 0 NA NA NA NA 0 0 "Uqcrc2_noRT" "non-targeting_noRT"
"19858" "A2m" 0 NA NA NA NA 0 0 "Uqcrc2_noRT" "non-targeting_noRT"
"19859" "Gm7298" 0 NA NA NA NA 0 0 "Uqcrc2_noRT" "non-targeting_noRT"
"19860" "Mug1" 0 NA NA NA NA 0 0 "Uqcrc2_noRT" "non-targeting_noRT"
"19861" "Mug2" 0 NA NA NA NA 0 0 "Uqcrc2_noRT" "non-targeting_noRT"
"19862" "Klrg1" 0 NA NA NA NA 0 0 "Uqcrc2_noRT" "non-targeting_noRT"
"19863" "1700063H04Rik" 0 NA NA NA NA 0 0 "Uqcrc2_noRT" "non-targeting_noRT"
"19864" "Rimklb" 0 NA NA NA NA 0 0 "Uqcrc2_noRT" "non-targeting_noRT"
"19865" "Aicda" 0 NA NA NA NA 0 0 "Uqcrc2_noRT" "non-targeting_noRT"
"19866" "Gm16556" 0 NA NA NA NA 0 0 "Uqcrc2_noRT" "non-targeting_noRT"
"19867" "Nanog" 0 NA NA NA NA 0 0 "Uqcrc2_noRT" "non-targeting_noRT"
"19868" "Clec4a1" 0 NA NA NA NA 0 0 "Uqcrc2_noRT" "non-targeting_noRT"
"19869" "Clec4a3" 0 NA NA NA NA 0 0 "Uqcrc2_noRT" "non-targeting_noRT"
"19870" "Clec4a4" 0 NA NA NA NA 0 0 "Uqcrc2_noRT" "non-targeting_noRT"
"19871" "Clec4b1" 0 NA NA NA NA 0 0 "Uqcrc2_noRT" "non-targeting_noRT"
"19872" "Clec4a2" 0 NA NA NA NA 0 0 "Uqcrc2_noRT" "non-targeting_noRT"
"19873" "Clec4b2" 0 NA NA NA NA 0 0 "Uqcrc2_noRT" "non-targeting_noRT"
"19874" "Clec4n" 0 NA NA NA NA 0 0 "Uqcrc2_noRT" "non-targeting_noRT"
"19875" "Clec4d" 0 NA NA NA NA 0 0 "Uqcrc2_noRT" "non-targeting_noRT"
"19876" "Clec4e" 0 NA NA NA NA 0 0 "Uqcrc2_noRT" "non-targeting_noRT"
"19877" "Vmn2r19" 0 NA NA NA NA 0 0 "Uqcrc2_noRT" "non-targeting_noRT"
"19878" "Vmn2r20" 0 NA NA NA NA 0 0 "Uqcrc2_noRT" "non-targeting_noRT"
"19879" "Vmn2r21" 0 NA NA NA NA 0 0 "Uqcrc2_noRT" "non-targeting_noRT"
"19880" "Vmn2r22" 0 NA NA NA NA 0 0 "Uqcrc2_noRT" "non-targeting_noRT"
"19881" "Vmn2r23" 0 NA NA NA NA 0 0 "Uqcrc2_noRT" "non-targeting_noRT"
"19882" "Vmn2r24" 0 NA NA NA NA 0 0 "Uqcrc2_noRT" "non-targeting_noRT"
"19883" "Vmn2r25" 0 NA NA NA NA 0 0 "Uqcrc2_noRT" "non-targeting_noRT"
"19884" "Vmn2r26" 0 NA NA NA NA 0 0 "Uqcrc2_noRT" "non-targeting_noRT"
"19885" "Vmn2r27" 0 NA NA NA NA 0 0 "Uqcrc2_noRT" "non-targeting_noRT"
"19886" "Gm43971" 0 NA NA NA NA 0 0 "Uqcrc2_noRT" "non-targeting_noRT"
"19887" "Cd163" 0 NA NA NA NA 0 0 "Uqcrc2_noRT" "non-targeting_noRT"
"19888" "1700013D24Rik" 0 NA NA NA NA 0 0 "Uqcrc2_noRT" "non-targeting_noRT"
"19889" "1700027F06Rik" 0 NA NA NA NA 0 0 "Uqcrc2_noRT" "non-targeting_noRT"
"19890" "Gm44006" 0 NA NA NA NA 0 0 "Uqcrc2_noRT" "non-targeting_noRT"
"19891" "Gm44096" 0 NA NA NA NA 0 0 "Uqcrc2_noRT" "non-targeting_noRT"
"19892" "Gm16567" 0 NA NA NA NA 0 0 "Uqcrc2_noRT" "non-targeting_noRT"
"19893" "C1rb" 0 NA NA NA NA 0 0 "Uqcrc2_noRT" "non-targeting_noRT"
"19894" "C1s2" 0 NA NA NA NA 0 0 "Uqcrc2_noRT" "non-targeting_noRT"
"19895" "Gm15884" 0 NA NA NA NA 0 0 "Uqcrc2_noRT" "non-targeting_noRT"
"19896" "Lrrc23" 0 NA NA NA NA 0 0 "Uqcrc2_noRT" "non-targeting_noRT"
"19897" "Cd4" 0 NA NA NA NA 0 0 "Uqcrc2_noRT" "non-targeting_noRT"
"19898" "A230083G16Rik" 0 NA NA NA NA 0 0 "Uqcrc2_noRT" "non-targeting_noRT"
"19899" "Pianp" 0 NA NA NA NA 0 0 "Uqcrc2_noRT" "non-targeting_noRT"
"19900" "4930557K07Rik" 0 NA NA NA NA 0 0 "Uqcrc2_noRT" "non-targeting_noRT"
"19901" "Lpar5" 0 NA NA NA NA 0 0 "Uqcrc2_noRT" "non-targeting_noRT"
"19902" "Gm28967" 0 NA NA NA NA 0 0 "Uqcrc2_noRT" "non-targeting_noRT"
"19903" "Tuba3a" 0 NA NA NA NA 0 0 "Uqcrc2_noRT" "non-targeting_noRT"
"19904" "Gm26728" 0 NA NA NA NA 0 0 "Uqcrc2_noRT" "non-targeting_noRT"
"19905" "Vwf" 0 NA NA NA NA 0 0 "Uqcrc2_noRT" "non-targeting_noRT"
"19906" "Ano2" 0 NA NA NA NA 0 0 "Uqcrc2_noRT" "non-targeting_noRT"
"19907" "Ntf3" 0 NA NA NA NA 0 0 "Uqcrc2_noRT" "non-targeting_noRT"
"19908" "Gm10415" 0 NA NA NA NA 0 0 "Uqcrc2_noRT" "non-targeting_noRT"
"19909" "Gm29009" 0 NA NA NA NA 0 0 "Uqcrc2_noRT" "non-targeting_noRT"
"19910" "Kcna5" 0 NA NA NA NA 0 0 "Uqcrc2_noRT" "non-targeting_noRT"
"19911" "Gm45869" 0 NA NA NA NA 0 0 "Uqcrc2_noRT" "non-targeting_noRT"
"19912" "Kcna1" 0 NA NA NA NA 0 0 "Uqcrc2_noRT" "non-targeting_noRT"
"19913" "Gm26673" 0 NA NA NA NA 0 0 "Uqcrc2_noRT" "non-targeting_noRT"
"19914" "1700018A23Rik" 0 NA NA NA NA 0 0 "Uqcrc2_noRT" "non-targeting_noRT"
"19915" "Akap3" 0 NA NA NA NA 0 0 "Uqcrc2_noRT" "non-targeting_noRT"
"19916" "Fgf6" 0 NA NA NA NA 0 0 "Uqcrc2_noRT" "non-targeting_noRT"
"19917" "Fgf23" 0 NA NA NA NA 0 0 "Uqcrc2_noRT" "non-targeting_noRT"
"19918" "Platr31" 0 NA NA NA NA 0 0 "Uqcrc2_noRT" "non-targeting_noRT"
"19919" "Gm43635" 0 NA NA NA NA 0 0 "Uqcrc2_noRT" "non-targeting_noRT"
"19920" "Gm38404" 0 NA NA NA NA 0 0 "Uqcrc2_noRT" "non-targeting_noRT"
"19921" "Cracr2a" 0 NA NA NA NA 0 0 "Uqcrc2_noRT" "non-targeting_noRT"
"19922" "Gm43634" 0 NA NA NA NA 0 0 "Uqcrc2_noRT" "non-targeting_noRT"
"19923" "Prmt8" 0 NA NA NA NA 0 0 "Uqcrc2_noRT" "non-targeting_noRT"
"19924" "Gm42738" 0 NA NA NA NA 0 0 "Uqcrc2_noRT" "non-targeting_noRT"
"19925" "Gm38901" 0 NA NA NA NA 0 0 "Uqcrc2_noRT" "non-targeting_noRT"
"19926" "Tspan11" 0 NA NA NA NA 0 0 "Uqcrc2_noRT" "non-targeting_noRT"
"19927" "Gm15870" 0 NA NA NA NA 0 0 "Uqcrc2_noRT" "non-targeting_noRT"
"19928" "Gm26770" 0 NA NA NA NA 0 0 "Uqcrc2_noRT" "non-targeting_noRT"
"19929" "Gm15862" 0 NA NA NA NA 0 0 "Uqcrc2_noRT" "non-targeting_noRT"
"19930" "Nrip2" 0 NA NA NA NA 0 0 "Uqcrc2_noRT" "non-targeting_noRT"
"19931" "Pzp" 0 NA NA NA NA 0 0 "Uqcrc2_noRT" "non-targeting_noRT"
"19932" "A2ml1" 0 NA NA NA NA 0 0 "Uqcrc2_noRT" "non-targeting_noRT"
"19933" "Gm44009" 0 NA NA NA NA 0 0 "Uqcrc2_noRT" "non-targeting_noRT"
"19934" "Klrb1a" 0 NA NA NA NA 0 0 "Uqcrc2_noRT" "non-targeting_noRT"
"19935" "Clec2h" 0 NA NA NA NA 0 0 "Uqcrc2_noRT" "non-targeting_noRT"
"19936" "Klrb1" 0 NA NA NA NA 0 0 "Uqcrc2_noRT" "non-targeting_noRT"
"19937" "Klrb1c" 0 NA NA NA NA 0 0 "Uqcrc2_noRT" "non-targeting_noRT"
"19938" "Gm44067" 0 NA NA NA NA 0 0 "Uqcrc2_noRT" "non-targeting_noRT"
"19939" "BC035044" 0 NA NA NA NA 0 0 "Uqcrc2_noRT" "non-targeting_noRT"
"19940" "Clec2i" 0 NA NA NA NA 0 0 "Uqcrc2_noRT" "non-targeting_noRT"
"19941" "Clec2g" 0 NA NA NA NA 0 0 "Uqcrc2_noRT" "non-targeting_noRT"
"19942" "Gm15987" 0 NA NA NA NA 0 0 "Uqcrc2_noRT" "non-targeting_noRT"
"19943" "Klrb1f" 0 NA NA NA NA 0 0 "Uqcrc2_noRT" "non-targeting_noRT"
"19944" "Gm44000" 0 NA NA NA NA 0 0 "Uqcrc2_noRT" "non-targeting_noRT"
"19945" "Clec2e" 0 NA NA NA NA 0 0 "Uqcrc2_noRT" "non-targeting_noRT"
"19946" "Gm47861" 0 NA NA NA NA 0 0 "Uqcrc2_noRT" "non-targeting_noRT"
"19947" "Cd69" 0 NA NA NA NA 0 0 "Uqcrc2_noRT" "non-targeting_noRT"
"19948" "4922502D21Rik" 0 NA NA NA NA 0 0 "Uqcrc2_noRT" "non-targeting_noRT"
"19949" "Clec12a" 0 NA NA NA NA 0 0 "Uqcrc2_noRT" "non-targeting_noRT"
"19950" "Clec12b" 0 NA NA NA NA 0 0 "Uqcrc2_noRT" "non-targeting_noRT"
"19951" "Clec1b" 0 NA NA NA NA 0 0 "Uqcrc2_noRT" "non-targeting_noRT"
"19952" "Clec9a" 0 NA NA NA NA 0 0 "Uqcrc2_noRT" "non-targeting_noRT"
"19953" "Gm43914" 0 NA NA NA NA 0 0 "Uqcrc2_noRT" "non-targeting_noRT"
"19954" "Klrc3" 0 NA NA NA NA 0 0 "Uqcrc2_noRT" "non-targeting_noRT"
"19955" "Klrc1" 0 NA NA NA NA 0 0 "Uqcrc2_noRT" "non-targeting_noRT"
"19956" "Klri1" 0 NA NA NA NA 0 0 "Uqcrc2_noRT" "non-targeting_noRT"
"19957" "Klri2" 0 NA NA NA NA 0 0 "Uqcrc2_noRT" "non-targeting_noRT"
"19958" "Gm156" 0 NA NA NA NA 0 0 "Uqcrc2_noRT" "non-targeting_noRT"
"19959" "Klra17" 0 NA NA NA NA 0 0 "Uqcrc2_noRT" "non-targeting_noRT"
"19960" "Gm17631" 0 NA NA NA NA 0 0 "Uqcrc2_noRT" "non-targeting_noRT"
"19961" "Klra5" 0 NA NA NA NA 0 0 "Uqcrc2_noRT" "non-targeting_noRT"
"19962" "Klra6" 0 NA NA NA NA 0 0 "Uqcrc2_noRT" "non-targeting_noRT"
"19963" "Klra8" 0 NA NA NA NA 0 0 "Uqcrc2_noRT" "non-targeting_noRT"
"19964" "Klra9" 0 NA NA NA NA 0 0 "Uqcrc2_noRT" "non-targeting_noRT"
"19965" "Klra7" 0 NA NA NA NA 0 0 "Uqcrc2_noRT" "non-targeting_noRT"
"19966" "Klra10" 0 NA NA NA NA 0 0 "Uqcrc2_noRT" "non-targeting_noRT"
"19967" "Klra3" 0 NA NA NA NA 0 0 "Uqcrc2_noRT" "non-targeting_noRT"
"19968" "Klra1" 0 NA NA NA NA 0 0 "Uqcrc2_noRT" "non-targeting_noRT"
"19969" "Gm6619" 0 NA NA NA NA 0 0 "Uqcrc2_noRT" "non-targeting_noRT"
"19970" "5430401F13Rik" 0 NA NA NA NA 0 0 "Uqcrc2_noRT" "non-targeting_noRT"
"19971" "Tas2r130" 0 NA NA NA NA 0 0 "Uqcrc2_noRT" "non-targeting_noRT"
"19972" "Tas2r107" 0 NA NA NA NA 0 0 "Uqcrc2_noRT" "non-targeting_noRT"
"19973" "Tas2r106" 0 NA NA NA NA 0 0 "Uqcrc2_noRT" "non-targeting_noRT"
"19974" "Tas2r104" 0 NA NA NA NA 0 0 "Uqcrc2_noRT" "non-targeting_noRT"
"19975" "Tas2r105" 0 NA NA NA NA 0 0 "Uqcrc2_noRT" "non-targeting_noRT"
"19976" "Tas2r114" 0 NA NA NA NA 0 0 "Uqcrc2_noRT" "non-targeting_noRT"
"19977" "Gm43974" 0 NA NA NA NA 0 0 "Uqcrc2_noRT" "non-targeting_noRT"
"19978" "Prb1" 0 NA NA NA NA 0 0 "Uqcrc2_noRT" "non-targeting_noRT"
"19979" "Prpmp5" 0 NA NA NA NA 0 0 "Uqcrc2_noRT" "non-targeting_noRT"
"19980" "Gm8882" 0 NA NA NA NA 0 0 "Uqcrc2_noRT" "non-targeting_noRT"
"19981" "Prh1" 0 NA NA NA NA 0 0 "Uqcrc2_noRT" "non-targeting_noRT"
"19982" "Prp2" 0 NA NA NA NA 0 0 "Uqcrc2_noRT" "non-targeting_noRT"
"19983" "A630073D07Rik" 0 NA NA NA NA 0 0 "Uqcrc2_noRT" "non-targeting_noRT"
"19984" "Tas2r120" 0 NA NA NA NA 0 0 "Uqcrc2_noRT" "non-targeting_noRT"
"19985" "Tas2r121" 0 NA NA NA NA 0 0 "Uqcrc2_noRT" "non-targeting_noRT"
"19986" "Tas2r122" 0 NA NA NA NA 0 0 "Uqcrc2_noRT" "non-targeting_noRT"
"19987" "Tas2r115" 0 NA NA NA NA 0 0 "Uqcrc2_noRT" "non-targeting_noRT"
"19988" "Tas2r124" 0 NA NA NA NA 0 0 "Uqcrc2_noRT" "non-targeting_noRT"
"19989" "Tas2r102" 0 NA NA NA NA 0 0 "Uqcrc2_noRT" "non-targeting_noRT"
"19990" "Tas2r136" 0 NA NA NA NA 0 0 "Uqcrc2_noRT" "non-targeting_noRT"
"19991" "Tas2r117" 0 NA NA NA NA 0 0 "Uqcrc2_noRT" "non-targeting_noRT"
"19992" "Tas2r123" 0 NA NA NA NA 0 0 "Uqcrc2_noRT" "non-targeting_noRT"
"19993" "Tas2r116" 0 NA NA NA NA 0 0 "Uqcrc2_noRT" "non-targeting_noRT"
"19994" "Tas2r110" 0 NA NA NA NA 0 0 "Uqcrc2_noRT" "non-targeting_noRT"
"19995" "Tas2r113" 0 NA NA NA NA 0 0 "Uqcrc2_noRT" "non-targeting_noRT"
"19996" "Tas2r125" 0 NA NA NA NA 0 0 "Uqcrc2_noRT" "non-targeting_noRT"
"19997" "Tas2r129" 0 NA NA NA NA 0 0 "Uqcrc2_noRT" "non-targeting_noRT"
"19998" "Tas2r131" 0 NA NA NA NA 0 0 "Uqcrc2_noRT" "non-targeting_noRT"
"19999" "Tas2r109" 0 NA NA NA NA 0 0 "Uqcrc2_noRT" "non-targeting_noRT"
"20000" "Tas2r103" 0 NA NA NA NA 0 0 "Uqcrc2_noRT" "non-targeting_noRT"
"20001" "Tas2r140" 0 NA NA NA NA 0 0 "Uqcrc2_noRT" "non-targeting_noRT"
"20002" "5530400C23Rik" 0 NA NA NA NA 0 0 "Uqcrc2_noRT" "non-targeting_noRT"
"20003" "Kap" 0 NA NA NA NA 0 0 "Uqcrc2_noRT" "non-targeting_noRT"
"20004" "Gm17088" 0 NA NA NA NA 0 0 "Uqcrc2_noRT" "non-targeting_noRT"
"20005" "Gm44448" 0 NA NA NA NA 0 0 "Uqcrc2_noRT" "non-targeting_noRT"
"20006" "Gm44017" 0 NA NA NA NA 0 0 "Uqcrc2_noRT" "non-targeting_noRT"
"20007" "Gm36328" 0 NA NA NA NA 0 0 "Uqcrc2_noRT" "non-targeting_noRT"
"20008" "Apold1" 0 NA NA NA NA 0 0 "Uqcrc2_noRT" "non-targeting_noRT"
"20009" "Gprc5d" 0 NA NA NA NA 0 0 "Uqcrc2_noRT" "non-targeting_noRT"
"20010" "Gsg1" 0 NA NA NA NA 0 0 "Uqcrc2_noRT" "non-targeting_noRT"
"20011" "Gm36640" 0 NA NA NA NA 0 0 "Uqcrc2_noRT" "non-targeting_noRT"
"20012" "Pbp2" 0 NA NA NA NA 0 0 "Uqcrc2_noRT" "non-targeting_noRT"
"20013" "Gm44275" 0 NA NA NA NA 0 0 "Uqcrc2_noRT" "non-targeting_noRT"
"20014" "4930425L21Rik" 0 NA NA NA NA 0 0 "Uqcrc2_noRT" "non-targeting_noRT"
"20015" "Grin2b" 0 NA NA NA NA 0 0 "Uqcrc2_noRT" "non-targeting_noRT"
"20016" "Gm14329" 0 NA NA NA NA 0 0 "Uqcrc2_noRT" "non-targeting_noRT"
"20017" "Gm14330" 0 NA NA NA NA 0 0 "Uqcrc2_noRT" "non-targeting_noRT"
"20018" "Gm26653" 0 NA NA NA NA 0 0 "Uqcrc2_noRT" "non-targeting_noRT"
"20019" "Gm8994" 0 NA NA NA NA 0 0 "Uqcrc2_noRT" "non-targeting_noRT"
"20020" "E330021D16Rik" 0 NA NA NA NA 0 0 "Uqcrc2_noRT" "non-targeting_noRT"
"20021" "Gm44140" 0 NA NA NA NA 0 0 "Uqcrc2_noRT" "non-targeting_noRT"
"20022" "Plbd1" 0 NA NA NA NA 0 0 "Uqcrc2_noRT" "non-targeting_noRT"
"20023" "Gucy2c" 0 NA NA NA NA 0 0 "Uqcrc2_noRT" "non-targeting_noRT"
"20024" "Smco3" 0 NA NA NA NA 0 0 "Uqcrc2_noRT" "non-targeting_noRT"
"20025" "Art4" 0 NA NA NA NA 0 0 "Uqcrc2_noRT" "non-targeting_noRT"
"20026" "Rerg" 0 NA NA NA NA 0 0 "Uqcrc2_noRT" "non-targeting_noRT"
"20027" "Ptpro" 0 NA NA NA NA 0 0 "Uqcrc2_noRT" "non-targeting_noRT"
"20028" "Gm44258" 0 NA NA NA NA 0 0 "Uqcrc2_noRT" "non-targeting_noRT"
"20029" "Slc15a5" 0 NA NA NA NA 0 0 "Uqcrc2_noRT" "non-targeting_noRT"
"20030" "Lmo3" 0 NA NA NA NA 0 0 "Uqcrc2_noRT" "non-targeting_noRT"
"20031" "A830011K09Rik" 0 NA NA NA NA 0 0 "Uqcrc2_noRT" "non-targeting_noRT"
"20032" "Gm30332" 0 NA NA NA NA 0 0 "Uqcrc2_noRT" "non-targeting_noRT"
"20033" "B230110G15Rik" 0 NA NA NA NA 0 0 "Uqcrc2_noRT" "non-targeting_noRT"
"20034" "Igbp1b" 0 NA NA NA NA 0 0 "Uqcrc2_noRT" "non-targeting_noRT"
"20035" "4922502N22Rik" 0 NA NA NA NA 0 0 "Uqcrc2_noRT" "non-targeting_noRT"
"20036" "Rergl" 0 NA NA NA NA 0 0 "Uqcrc2_noRT" "non-targeting_noRT"
"20037" "4930404I20Rik" 0 NA NA NA NA 0 0 "Uqcrc2_noRT" "non-targeting_noRT"
"20038" "Pik3c2g" 0 NA NA NA NA 0 0 "Uqcrc2_noRT" "non-targeting_noRT"
"20039" "Plcz1" 0 NA NA NA NA 0 0 "Uqcrc2_noRT" "non-targeting_noRT"
"20040" "Capza3" 0 NA NA NA NA 0 0 "Uqcrc2_noRT" "non-targeting_noRT"
"20041" "Gm11077" 0 NA NA NA NA 0 0 "Uqcrc2_noRT" "non-targeting_noRT"
"20042" "Gm30524" 0 NA NA NA NA 0 0 "Uqcrc2_noRT" "non-targeting_noRT"
"20043" "Gm28523" 0 NA NA NA NA 0 0 "Uqcrc2_noRT" "non-targeting_noRT"
"20044" "Slco1c1" 0 NA NA NA NA 0 0 "Uqcrc2_noRT" "non-targeting_noRT"
"20045" "Slco1b2" 0 NA NA NA NA 0 0 "Uqcrc2_noRT" "non-targeting_noRT"
"20046" "Gm5724" 0 NA NA NA NA 0 0 "Uqcrc2_noRT" "non-targeting_noRT"
"20047" "Slco1a4" 0 NA NA NA NA 0 0 "Uqcrc2_noRT" "non-targeting_noRT"
"20048" "Gm30784" 0 NA NA NA NA 0 0 "Uqcrc2_noRT" "non-targeting_noRT"
"20049" "Slco1a1" 0 NA NA NA NA 0 0 "Uqcrc2_noRT" "non-targeting_noRT"
"20050" "Gm6614" 0 NA NA NA NA 0 0 "Uqcrc2_noRT" "non-targeting_noRT"
"20051" "Slco1a6" 0 NA NA NA NA 0 0 "Uqcrc2_noRT" "non-targeting_noRT"
"20052" "Gm20400" 0 NA NA NA NA 0 0 "Uqcrc2_noRT" "non-targeting_noRT"
"20053" "Gys2" 0 NA NA NA NA 0 0 "Uqcrc2_noRT" "non-targeting_noRT"
"20054" "Kcnj8" 0 NA NA NA NA 0 0 "Uqcrc2_noRT" "non-targeting_noRT"
"20055" "Abcc9" 0 NA NA NA NA 0 0 "Uqcrc2_noRT" "non-targeting_noRT"
"20056" "5330439B14Rik" 0 NA NA NA NA 0 0 "Uqcrc2_noRT" "non-targeting_noRT"
"20057" "Sult6b2" 0 NA NA NA NA 0 0 "Uqcrc2_noRT" "non-targeting_noRT"
"20058" "Gm7457" 0 NA NA NA NA 0 0 "Uqcrc2_noRT" "non-targeting_noRT"
"20059" "St8sia1" 0 NA NA NA NA 0 0 "Uqcrc2_noRT" "non-targeting_noRT"
"20060" "A930014E10Rik" 0 NA NA NA NA 0 0 "Uqcrc2_noRT" "non-targeting_noRT"
"20061" "4930434O05Rik" 0 NA NA NA NA 0 0 "Uqcrc2_noRT" "non-targeting_noRT"
"20062" "Gm31108" 0 NA NA NA NA 0 0 "Uqcrc2_noRT" "non-targeting_noRT"
"20063" "D6Ertd474e" 0 NA NA NA NA 0 0 "Uqcrc2_noRT" "non-targeting_noRT"
"20064" "4930579D09Rik" 0 NA NA NA NA 0 0 "Uqcrc2_noRT" "non-targeting_noRT"
"20065" "1700060C16Rik" 0 NA NA NA NA 0 0 "Uqcrc2_noRT" "non-targeting_noRT"
"20066" "Sox5os1" 0 NA NA NA NA 0 0 "Uqcrc2_noRT" "non-targeting_noRT"
"20067" "Sox5os2" 0 NA NA NA NA 0 0 "Uqcrc2_noRT" "non-targeting_noRT"
"20068" "Sox5it" 0 NA NA NA NA 0 0 "Uqcrc2_noRT" "non-targeting_noRT"
"20069" "Sox5os3" 0 NA NA NA NA 0 0 "Uqcrc2_noRT" "non-targeting_noRT"
"20070" "Sox5os4" 0 NA NA NA NA 0 0 "Uqcrc2_noRT" "non-targeting_noRT"
"20071" "Sox5os5" 0 NA NA NA NA 0 0 "Uqcrc2_noRT" "non-targeting_noRT"
"20072" "Gm26666" 0 NA NA NA NA 0 0 "Uqcrc2_noRT" "non-targeting_noRT"
"20073" "Gm15687" 0 NA NA NA NA 0 0 "Uqcrc2_noRT" "non-targeting_noRT"
"20074" "Gm15543" 0 NA NA NA NA 0 0 "Uqcrc2_noRT" "non-targeting_noRT"
"20075" "2010013B24Rik" 0 NA NA NA NA 0 0 "Uqcrc2_noRT" "non-targeting_noRT"
"20076" "Lmntd1" 0 NA NA NA NA 0 0 "Uqcrc2_noRT" "non-targeting_noRT"
"20077" "Gm15499" 0 NA NA NA NA 0 0 "Uqcrc2_noRT" "non-targeting_noRT"
"20078" "Tuba3b" 0 NA NA NA NA 0 0 "Uqcrc2_noRT" "non-targeting_noRT"
"20079" "Gm15704" 0 NA NA NA NA 0 0 "Uqcrc2_noRT" "non-targeting_noRT"
"20080" "Sspnos" 0 NA NA NA NA 0 0 "Uqcrc2_noRT" "non-targeting_noRT"
"20081" "Gm32914" 0 NA NA NA NA 0 0 "Uqcrc2_noRT" "non-targeting_noRT"
"20082" "4930479D17Rik" 0 NA NA NA NA 0 0 "Uqcrc2_noRT" "non-targeting_noRT"
"20083" "Smco2" 0 NA NA NA NA 0 0 "Uqcrc2_noRT" "non-targeting_noRT"
"20084" "1700034J05Rik" 0 NA NA NA NA 0 0 "Uqcrc2_noRT" "non-targeting_noRT"
"20085" "Gm44085" 0 NA NA NA NA 0 0 "Uqcrc2_noRT" "non-targeting_noRT"
"20086" "Mansc4" 0 NA NA NA NA 0 0 "Uqcrc2_noRT" "non-targeting_noRT"
"20087" "E330012B07Rik" 0 NA NA NA NA 0 0 "Uqcrc2_noRT" "non-targeting_noRT"
"20088" "Gm15767" 0 NA NA NA NA 0 0 "Uqcrc2_noRT" "non-targeting_noRT"
"20089" "Pthlh" 0 NA NA NA NA 0 0 "Uqcrc2_noRT" "non-targeting_noRT"
"20090" "Gm6288" 0 NA NA NA NA 0 0 "Uqcrc2_noRT" "non-targeting_noRT"
"20091" "1700049E15Rik" 0 NA NA NA NA 0 0 "Uqcrc2_noRT" "non-targeting_noRT"
"20092" "Gm15762" 0 NA NA NA NA 0 0 "Uqcrc2_noRT" "non-targeting_noRT"
"20093" "Far2os2" 0 NA NA NA NA 0 0 "Uqcrc2_noRT" "non-targeting_noRT"
"20094" "Far2os1" 0 NA NA NA NA 0 0 "Uqcrc2_noRT" "non-targeting_noRT"
"20095" "Gm17216" 0 NA NA NA NA 0 0 "Uqcrc2_noRT" "non-targeting_noRT"
"20096" "Tmtc1" 0 NA NA NA NA 0 0 "Uqcrc2_noRT" "non-targeting_noRT"
"20097" "Gm44020" 0 NA NA NA NA 0 0 "Uqcrc2_noRT" "non-targeting_noRT"
"20098" "Gm6313" 0 NA NA NA NA 0 0 "Uqcrc2_noRT" "non-targeting_noRT"
"20099" "4930528G23Rik" 0 NA NA NA NA 0 0 "Uqcrc2_noRT" "non-targeting_noRT"
"20100" "Gm44115" 0 NA NA NA NA 0 0 "Uqcrc2_noRT" "non-targeting_noRT"
"20101" "Gm43913" 0 NA NA NA NA 0 0 "Uqcrc2_noRT" "non-targeting_noRT"
"20102" "Gm10203" 0 NA NA NA NA 0 0 "Uqcrc2_noRT" "non-targeting_noRT"
"20103" "1700003I16Rik" 0 NA NA NA NA 0 0 "Uqcrc2_noRT" "non-targeting_noRT"
"20104" "Speer9-ps1" 0 NA NA NA NA 0 0 "Uqcrc2_noRT" "non-targeting_noRT"
"20105" "AU018091" 0 NA NA NA NA 0 0 "Uqcrc2_noRT" "non-targeting_noRT"
"20106" "Nlrp12" 0 NA NA NA NA 0 0 "Uqcrc2_noRT" "non-targeting_noRT"
"20107" "Gm44257" 0 NA NA NA NA 0 0 "Uqcrc2_noRT" "non-targeting_noRT"
"20108" "Cacng8" 0 NA NA NA NA 0 0 "Uqcrc2_noRT" "non-targeting_noRT"
"20109" "Gm44151" 0 NA NA NA NA 0 0 "Uqcrc2_noRT" "non-targeting_noRT"
"20110" "3300002P13Rik" 0 NA NA NA NA 0 0 "Uqcrc2_noRT" "non-targeting_noRT"
"20111" "Cacng6" 0 NA NA NA NA 0 0 "Uqcrc2_noRT" "non-targeting_noRT"
"20112" "Gm35037" 0 NA NA NA NA 0 0 "Uqcrc2_noRT" "non-targeting_noRT"
"20113" "Tarm1" 0 NA NA NA NA 0 0 "Uqcrc2_noRT" "non-targeting_noRT"
"20114" "Gm44920" 0 NA NA NA NA 0 0 "Uqcrc2_noRT" "non-targeting_noRT"
"20115" "Oscar" 0 NA NA NA NA 0 0 "Uqcrc2_noRT" "non-targeting_noRT"
"20116" "Gm15929" 0 NA NA NA NA 0 0 "Uqcrc2_noRT" "non-targeting_noRT"
"20117" "Pirb" 0 NA NA NA NA 0 0 "Uqcrc2_noRT" "non-targeting_noRT"
"20118" "Gm15448" 0 NA NA NA NA 0 0 "Uqcrc2_noRT" "non-targeting_noRT"
"20119" "Pira2" 0 NA NA NA NA 0 0 "Uqcrc2_noRT" "non-targeting_noRT"
"20120" "Gm14548" 0 NA NA NA NA 0 0 "Uqcrc2_noRT" "non-targeting_noRT"
"20121" "Lilra6" 0 NA NA NA NA 0 0 "Uqcrc2_noRT" "non-targeting_noRT"
"20122" "Gm44581" 0 NA NA NA NA 0 0 "Uqcrc2_noRT" "non-targeting_noRT"
"20123" "1700095K22Rik" 0 NA NA NA NA 0 0 "Uqcrc2_noRT" "non-targeting_noRT"
"20124" "9430041J12Rik" 0 NA NA NA NA 0 0 "Uqcrc2_noRT" "non-targeting_noRT"
"20125" "Lilra5" 0 NA NA NA NA 0 0 "Uqcrc2_noRT" "non-targeting_noRT"
"20126" "Ncr1" 0 NA NA NA NA 0 0 "Uqcrc2_noRT" "non-targeting_noRT"
"20127" "Gp6" 0 NA NA NA NA 0 0 "Uqcrc2_noRT" "non-targeting_noRT"
"20128" "Gm15494" 0 NA NA NA NA 0 0 "Uqcrc2_noRT" "non-targeting_noRT"
"20129" "Tnni3" 0 NA NA NA NA 0 0 "Uqcrc2_noRT" "non-targeting_noRT"
"20130" "Dnaaf3" 0 NA NA NA NA 0 0 "Uqcrc2_noRT" "non-targeting_noRT"
"20131" "Gm15873" 0 NA NA NA NA 0 0 "Uqcrc2_noRT" "non-targeting_noRT"
"20132" "Syt5" 0 NA NA NA NA 0 0 "Uqcrc2_noRT" "non-targeting_noRT"
"20133" "Ptprh" 0 NA NA NA NA 0 0 "Uqcrc2_noRT" "non-targeting_noRT"
"20134" "Gm44877" 0 NA NA NA NA 0 0 "Uqcrc2_noRT" "non-targeting_noRT"
"20135" "Fam71e2" 0 NA NA NA NA 0 0 "Uqcrc2_noRT" "non-targeting_noRT"
"20136" "Tmem190" 0 NA NA NA NA 0 0 "Uqcrc2_noRT" "non-targeting_noRT"
"20137" "4632433K11Rik" 0 NA NA NA NA 0 0 "Uqcrc2_noRT" "non-targeting_noRT"
"20138" "Rfpl4" 0 NA NA NA NA 0 0 "Uqcrc2_noRT" "non-targeting_noRT"
"20139" "Rasl2-9" 0 NA NA NA NA 0 0 "Uqcrc2_noRT" "non-targeting_noRT"
"20140" "Vmn1r55" 0 NA NA NA NA 0 0 "Uqcrc2_noRT" "non-targeting_noRT"
"20141" "Vmn1r56" 0 NA NA NA NA 0 0 "Uqcrc2_noRT" "non-targeting_noRT"
"20142" "Vmn1r57" 0 NA NA NA NA 0 0 "Uqcrc2_noRT" "non-targeting_noRT"
"20143" "Nlrp2" 0 NA NA NA NA 0 0 "Uqcrc2_noRT" "non-targeting_noRT"
"20144" "Gm5065" 0 NA NA NA NA 0 0 "Uqcrc2_noRT" "non-targeting_noRT"
"20145" "Vmn1r58" 0 NA NA NA NA 0 0 "Uqcrc2_noRT" "non-targeting_noRT"
"20146" "Vmn1r59" 0 NA NA NA NA 0 0 "Uqcrc2_noRT" "non-targeting_noRT"
"20147" "Vmn2r28" 0 NA NA NA NA 0 0 "Uqcrc2_noRT" "non-targeting_noRT"
"20148" "Vmn1r60" 0 NA NA NA NA 0 0 "Uqcrc2_noRT" "non-targeting_noRT"
"20149" "Vmn1r61" 0 NA NA NA NA 0 0 "Uqcrc2_noRT" "non-targeting_noRT"
"20150" "Vmn1r62" 0 NA NA NA NA 0 0 "Uqcrc2_noRT" "non-targeting_noRT"
"20151" "Vmn1r63" 0 NA NA NA NA 0 0 "Uqcrc2_noRT" "non-targeting_noRT"
"20152" "Vmn1r64" 0 NA NA NA NA 0 0 "Uqcrc2_noRT" "non-targeting_noRT"
"20153" "Vmn1r65" 0 NA NA NA NA 0 0 "Uqcrc2_noRT" "non-targeting_noRT"
"20154" "4933402C05Rik" 0 NA NA NA NA 0 0 "Uqcrc2_noRT" "non-targeting_noRT"
"20155" "Gm44733" 0 NA NA NA NA 0 0 "Uqcrc2_noRT" "non-targeting_noRT"
"20156" "Nlrp4c" 0 NA NA NA NA 0 0 "Uqcrc2_noRT" "non-targeting_noRT"
"20157" "Galp" 0 NA NA NA NA 0 0 "Uqcrc2_noRT" "non-targeting_noRT"
"20158" "Zscan5b" 0 NA NA NA NA 0 0 "Uqcrc2_noRT" "non-targeting_noRT"
"20159" "Epp13" 0 NA NA NA NA 0 0 "Uqcrc2_noRT" "non-targeting_noRT"
"20160" "Gm45069" 0 NA NA NA NA 0 0 "Uqcrc2_noRT" "non-targeting_noRT"
"20161" "Gm38944" 0 NA NA NA NA 0 0 "Uqcrc2_noRT" "non-targeting_noRT"
"20162" "Gm3854" 0 NA NA NA NA 0 0 "Uqcrc2_noRT" "non-targeting_noRT"
"20163" "Zfp78" 0 NA NA NA NA 0 0 "Uqcrc2_noRT" "non-targeting_noRT"
"20164" "Smim17" 0 NA NA NA NA 0 0 "Uqcrc2_noRT" "non-targeting_noRT"
"20165" "Gm16306" 0 NA NA NA NA 0 0 "Uqcrc2_noRT" "non-targeting_noRT"
"20166" "Olfr1344" 0 NA NA NA NA 0 0 "Uqcrc2_noRT" "non-targeting_noRT"
"20167" "Olfr1336" 0 NA NA NA NA 0 0 "Uqcrc2_noRT" "non-targeting_noRT"
"20168" "Olfr1346" 0 NA NA NA NA 0 0 "Uqcrc2_noRT" "non-targeting_noRT"
"20169" "Olfr5" 0 NA NA NA NA 0 0 "Uqcrc2_noRT" "non-targeting_noRT"
"20170" "Olfr1347" 0 NA NA NA NA 0 0 "Uqcrc2_noRT" "non-targeting_noRT"
"20171" "Olfr1348" 0 NA NA NA NA 0 0 "Uqcrc2_noRT" "non-targeting_noRT"
"20172" "Olfr1349" 0 NA NA NA NA 0 0 "Uqcrc2_noRT" "non-targeting_noRT"
"20173" "Olfr1350" 0 NA NA NA NA 0 0 "Uqcrc2_noRT" "non-targeting_noRT"
"20174" "Zim2" 0 NA NA NA NA 0 0 "Uqcrc2_noRT" "non-targeting_noRT"
"20175" "Zim1" 0 NA NA NA NA 0 0 "Uqcrc2_noRT" "non-targeting_noRT"
"20176" "Zim3" 0 NA NA NA NA 0 0 "Uqcrc2_noRT" "non-targeting_noRT"
"20177" "Aurkc" 0 NA NA NA NA 0 0 "Uqcrc2_noRT" "non-targeting_noRT"
"20178" "Vmn2r29" 0 NA NA NA NA 0 0 "Uqcrc2_noRT" "non-targeting_noRT"
"20179" "Gm45631" 0 NA NA NA NA 0 0 "Uqcrc2_noRT" "non-targeting_noRT"
"20180" "Vmn2r30" 0 NA NA NA NA 0 0 "Uqcrc2_noRT" "non-targeting_noRT"
"20181" "Vmn2r31" 0 NA NA NA NA 0 0 "Uqcrc2_noRT" "non-targeting_noRT"
"20182" "Vmn2r32" 0 NA NA NA NA 0 0 "Uqcrc2_noRT" "non-targeting_noRT"
"20183" "Vmn2r33" 0 NA NA NA NA 0 0 "Uqcrc2_noRT" "non-targeting_noRT"
"20184" "Vmn2r34" 0 NA NA NA NA 0 0 "Uqcrc2_noRT" "non-targeting_noRT"
"20185" "Vmn2r35" 0 NA NA NA NA 0 0 "Uqcrc2_noRT" "non-targeting_noRT"
"20186" "Vmn2r36" 0 NA NA NA NA 0 0 "Uqcrc2_noRT" "non-targeting_noRT"
"20187" "Vmn2r41" 0 NA NA NA NA 0 0 "Uqcrc2_noRT" "non-targeting_noRT"
"20188" "Vmn2r43" 0 NA NA NA NA 0 0 "Uqcrc2_noRT" "non-targeting_noRT"
"20189" "Vmn2r44" 0 NA NA NA NA 0 0 "Uqcrc2_noRT" "non-targeting_noRT"
"20190" "Vmn2r45" 0 NA NA NA NA 0 0 "Uqcrc2_noRT" "non-targeting_noRT"
"20191" "Vmn2r40" 0 NA NA NA NA 0 0 "Uqcrc2_noRT" "non-targeting_noRT"
"20192" "Vmn2r39" 0 NA NA NA NA 0 0 "Uqcrc2_noRT" "non-targeting_noRT"
"20193" "Vmn2r38" 0 NA NA NA NA 0 0 "Uqcrc2_noRT" "non-targeting_noRT"
"20194" "Vmn2r37" 0 NA NA NA NA 0 0 "Uqcrc2_noRT" "non-targeting_noRT"
"20195" "Gm10302" 0 NA NA NA NA 0 0 "Uqcrc2_noRT" "non-targeting_noRT"
"20196" "Vmn2r46" 0 NA NA NA NA 0 0 "Uqcrc2_noRT" "non-targeting_noRT"
"20197" "Vmn2r47" 0 NA NA NA NA 0 0 "Uqcrc2_noRT" "non-targeting_noRT"
"20198" "Vmn2r48" 0 NA NA NA NA 0 0 "Uqcrc2_noRT" "non-targeting_noRT"
"20199" "Vmn2r49" 0 NA NA NA NA 0 0 "Uqcrc2_noRT" "non-targeting_noRT"
"20200" "Vmn2r50" 0 NA NA NA NA 0 0 "Uqcrc2_noRT" "non-targeting_noRT"
"20201" "Vmn2r51" 0 NA NA NA NA 0 0 "Uqcrc2_noRT" "non-targeting_noRT"
"20202" "Vmn2r52" 0 NA NA NA NA 0 0 "Uqcrc2_noRT" "non-targeting_noRT"
"20203" "Vmn1r67" 0 NA NA NA NA 0 0 "Uqcrc2_noRT" "non-targeting_noRT"
"20204" "Vmn1r68" 0 NA NA NA NA 0 0 "Uqcrc2_noRT" "non-targeting_noRT"
"20205" "Vmn1r69" 0 NA NA NA NA 0 0 "Uqcrc2_noRT" "non-targeting_noRT"
"20206" "Vmn1r70" 0 NA NA NA NA 0 0 "Uqcrc2_noRT" "non-targeting_noRT"
"20207" "Nlrp4b" 0 NA NA NA NA 0 0 "Uqcrc2_noRT" "non-targeting_noRT"
"20208" "Gm45379" 0 NA NA NA NA 0 0 "Uqcrc2_noRT" "non-targeting_noRT"
"20209" "Vmn1r71" 0 NA NA NA NA 0 0 "Uqcrc2_noRT" "non-targeting_noRT"
"20210" "Zscan4b" 0 NA NA NA NA 0 0 "Uqcrc2_noRT" "non-targeting_noRT"
"20211" "Zscan4c" 0 NA NA NA NA 0 0 "Uqcrc2_noRT" "non-targeting_noRT"
"20212" "Zscan4-ps1" 0 NA NA NA NA 0 0 "Uqcrc2_noRT" "non-targeting_noRT"
"20213" "Zscan4d" 0 NA NA NA NA 0 0 "Uqcrc2_noRT" "non-targeting_noRT"
"20214" "Zscan4e" 0 NA NA NA NA 0 0 "Uqcrc2_noRT" "non-targeting_noRT"
"20215" "Zscan4f" 0 NA NA NA NA 0 0 "Uqcrc2_noRT" "non-targeting_noRT"
"20216" "Zscan4-ps2" 0 NA NA NA NA 0 0 "Uqcrc2_noRT" "non-targeting_noRT"
"20217" "Zscan4-ps3" 0 NA NA NA NA 0 0 "Uqcrc2_noRT" "non-targeting_noRT"
"20218" "Vmn1r72" 0 NA NA NA NA 0 0 "Uqcrc2_noRT" "non-targeting_noRT"
"20219" "Vmn1r73" 0 NA NA NA NA 0 0 "Uqcrc2_noRT" "non-targeting_noRT"
"20220" "Vmn1r74" 0 NA NA NA NA 0 0 "Uqcrc2_noRT" "non-targeting_noRT"
"20221" "Vmn1r75" 0 NA NA NA NA 0 0 "Uqcrc2_noRT" "non-targeting_noRT"
"20222" "Vmn1r76" 0 NA NA NA NA 0 0 "Uqcrc2_noRT" "non-targeting_noRT"
"20223" "Vmn1r77" 0 NA NA NA NA 0 0 "Uqcrc2_noRT" "non-targeting_noRT"
"20224" "Vmn1r78" 0 NA NA NA NA 0 0 "Uqcrc2_noRT" "non-targeting_noRT"
"20225" "Vmn1r79" 0 NA NA NA NA 0 0 "Uqcrc2_noRT" "non-targeting_noRT"
"20226" "Vmn1r80" 0 NA NA NA NA 0 0 "Uqcrc2_noRT" "non-targeting_noRT"
"20227" "Gm4224" 0 NA NA NA NA 0 0 "Uqcrc2_noRT" "non-targeting_noRT"
"20228" "Vmn1r81" 0 NA NA NA NA 0 0 "Uqcrc2_noRT" "non-targeting_noRT"
"20229" "Vmn1r82" 0 NA NA NA NA 0 0 "Uqcrc2_noRT" "non-targeting_noRT"
"20230" "Vmn1r83" 0 NA NA NA NA 0 0 "Uqcrc2_noRT" "non-targeting_noRT"
"20231" "Vmn1r84" 0 NA NA NA NA 0 0 "Uqcrc2_noRT" "non-targeting_noRT"
"20232" "2900092C05Rik" 0 NA NA NA NA 0 0 "Uqcrc2_noRT" "non-targeting_noRT"
"20233" "Vmn2r55" 0 NA NA NA NA 0 0 "Uqcrc2_noRT" "non-targeting_noRT"
"20234" "Vmn2r56" 0 NA NA NA NA 0 0 "Uqcrc2_noRT" "non-targeting_noRT"
"20235" "Gm45593" 0 NA NA NA NA 0 0 "Uqcrc2_noRT" "non-targeting_noRT"
"20236" "Gm31152" 0 NA NA NA NA 0 0 "Uqcrc2_noRT" "non-targeting_noRT"
"20237" "Zfp128" 0 NA NA NA NA 0 0 "Uqcrc2_noRT" "non-targeting_noRT"
"20238" "1810019N24Rik" 0 NA NA NA NA 0 0 "Uqcrc2_noRT" "non-targeting_noRT"
"20239" "Gm29638" 0 NA NA NA NA 0 0 "Uqcrc2_noRT" "non-targeting_noRT"
"20240" "Slc27a5" 0 NA NA NA NA 0 0 "Uqcrc2_noRT" "non-targeting_noRT"
"20241" "Vmn1r85" 0 NA NA NA NA 0 0 "Uqcrc2_noRT" "non-targeting_noRT"
"20242" "Gm45436" 0 NA NA NA NA 0 0 "Uqcrc2_noRT" "non-targeting_noRT"
"20243" "Vmn1r86" 0 NA NA NA NA 0 0 "Uqcrc2_noRT" "non-targeting_noRT"
"20244" "Vmn1r87" 0 NA NA NA NA 0 0 "Uqcrc2_noRT" "non-targeting_noRT"
"20245" "Vmn1r88" 0 NA NA NA NA 0 0 "Uqcrc2_noRT" "non-targeting_noRT"
"20246" "Gm38947" 0 NA NA NA NA 0 0 "Uqcrc2_noRT" "non-targeting_noRT"
"20247" "Vmn1r89" 0 NA NA NA NA 0 0 "Uqcrc2_noRT" "non-targeting_noRT"
"20248" "Cabp5" 0 NA NA NA NA 0 0 "Uqcrc2_noRT" "non-targeting_noRT"
"20249" "Bsph1" 0 NA NA NA NA 0 0 "Uqcrc2_noRT" "non-targeting_noRT"
"20250" "Bsph2" 0 NA NA NA NA 0 0 "Uqcrc2_noRT" "non-targeting_noRT"
"20251" "Sult2a5" 0 NA NA NA NA 0 0 "Uqcrc2_noRT" "non-targeting_noRT"
"20252" "Sult2a2" 0 NA NA NA NA 0 0 "Uqcrc2_noRT" "non-targeting_noRT"
"20253" "Sult2a1" 0 NA NA NA NA 0 0 "Uqcrc2_noRT" "non-targeting_noRT"
"20254" "Sult2a4" 0 NA NA NA NA 0 0 "Uqcrc2_noRT" "non-targeting_noRT"
"20255" "Sult2a3" 0 NA NA NA NA 0 0 "Uqcrc2_noRT" "non-targeting_noRT"
"20256" "Sult2a6" 0 NA NA NA NA 0 0 "Uqcrc2_noRT" "non-targeting_noRT"
"20257" "Obox8" 0 NA NA NA NA 0 0 "Uqcrc2_noRT" "non-targeting_noRT"
"20258" "Sult2a8" 0 NA NA NA NA 0 0 "Uqcrc2_noRT" "non-targeting_noRT"
"20259" "Sult2a7" 0 NA NA NA NA 0 0 "Uqcrc2_noRT" "non-targeting_noRT"
"20260" "Vmn1r90" 0 NA NA NA NA 0 0 "Uqcrc2_noRT" "non-targeting_noRT"
"20261" "Obox7" 0 NA NA NA NA 0 0 "Uqcrc2_noRT" "non-targeting_noRT"
"20262" "Obox2" 0 NA NA NA NA 0 0 "Uqcrc2_noRT" "non-targeting_noRT"
"20263" "Obox1" 0 NA NA NA NA 0 0 "Uqcrc2_noRT" "non-targeting_noRT"
"20264" "Obox3" 0 NA NA NA NA 0 0 "Uqcrc2_noRT" "non-targeting_noRT"
"20265" "Obox5" 0 NA NA NA NA 0 0 "Uqcrc2_noRT" "non-targeting_noRT"
"20266" "Obox4-ps35" 0 NA NA NA NA 0 0 "Uqcrc2_noRT" "non-targeting_noRT"
"20267" "Obox6" 0 NA NA NA NA 0 0 "Uqcrc2_noRT" "non-targeting_noRT"
"20268" "Crx" 0 NA NA NA NA 0 0 "Uqcrc2_noRT" "non-targeting_noRT"
"20269" "Crxos" 0 NA NA NA NA 0 0 "Uqcrc2_noRT" "non-targeting_noRT"
"20270" "Gm38948" 0 NA NA NA NA 0 0 "Uqcrc2_noRT" "non-targeting_noRT"
"20271" "Zfp541" 0 NA NA NA NA 0 0 "Uqcrc2_noRT" "non-targeting_noRT"
"20272" "Slc8a2" 0 NA NA NA NA 0 0 "Uqcrc2_noRT" "non-targeting_noRT"
"20273" "C5ar2" 0 NA NA NA NA 0 0 "Uqcrc2_noRT" "non-targeting_noRT"
"20274" "C5ar1" 0 NA NA NA NA 0 0 "Uqcrc2_noRT" "non-targeting_noRT"
"20275" "Gm45510" 0 NA NA NA NA 0 0 "Uqcrc2_noRT" "non-targeting_noRT"
"20276" "Npas1" 0 NA NA NA NA 0 0 "Uqcrc2_noRT" "non-targeting_noRT"
"20277" "Gm29443" 0 NA NA NA NA 0 0 "Uqcrc2_noRT" "non-targeting_noRT"
"20278" "Gm29442" 0 NA NA NA NA 0 0 "Uqcrc2_noRT" "non-targeting_noRT"
"20279" "Ceacam15" 0 NA NA NA NA 0 0 "Uqcrc2_noRT" "non-targeting_noRT"
"20280" "Ceacam9" 0 NA NA NA NA 0 0 "Uqcrc2_noRT" "non-targeting_noRT"
"20281" "9330104G04Rik" 0 NA NA NA NA 0 0 "Uqcrc2_noRT" "non-targeting_noRT"
"20282" "Ptgir" 0 NA NA NA NA 0 0 "Uqcrc2_noRT" "non-targeting_noRT"
"20283" "Pnmal1" 0 NA NA NA NA 0 0 "Uqcrc2_noRT" "non-targeting_noRT"
"20284" "Hif3a" 0 NA NA NA NA 0 0 "Uqcrc2_noRT" "non-targeting_noRT"
"20285" "Ceacam3" 0 NA NA NA NA 0 0 "Uqcrc2_noRT" "non-targeting_noRT"
"20286" "Psg29" 0 NA NA NA NA 0 0 "Uqcrc2_noRT" "non-targeting_noRT"
"20287" "Gm32772" 0 NA NA NA NA 0 0 "Uqcrc2_noRT" "non-targeting_noRT"
"20288" "Gm32846" 0 NA NA NA NA 0 0 "Uqcrc2_noRT" "non-targeting_noRT"
"20289" "Ceacam5" 0 NA NA NA NA 0 0 "Uqcrc2_noRT" "non-targeting_noRT"
"20290" "Ceacam14" 0 NA NA NA NA 0 0 "Uqcrc2_noRT" "non-targeting_noRT"
"20291" "Gm5155" 0 NA NA NA NA 0 0 "Uqcrc2_noRT" "non-targeting_noRT"
"20292" "Ceacam11" 0 NA NA NA NA 0 0 "Uqcrc2_noRT" "non-targeting_noRT"
"20293" "Ceacam13" 0 NA NA NA NA 0 0 "Uqcrc2_noRT" "non-targeting_noRT"
"20294" "Ceacam12" 0 NA NA NA NA 0 0 "Uqcrc2_noRT" "non-targeting_noRT"
"20295" "Gm44613" 0 NA NA NA NA 0 0 "Uqcrc2_noRT" "non-targeting_noRT"
"20296" "Igfl3" 0 NA NA NA NA 0 0 "Uqcrc2_noRT" "non-targeting_noRT"
"20297" "Mill1" 0 NA NA NA NA 0 0 "Uqcrc2_noRT" "non-targeting_noRT"
"20298" "Psg18" 0 NA NA NA NA 0 0 "Uqcrc2_noRT" "non-targeting_noRT"
"20299" "Psg28" 0 NA NA NA NA 0 0 "Uqcrc2_noRT" "non-targeting_noRT"
"20300" "Psg26" 0 NA NA NA NA 0 0 "Uqcrc2_noRT" "non-targeting_noRT"
"20301" "Psg25" 0 NA NA NA NA 0 0 "Uqcrc2_noRT" "non-targeting_noRT"
"20302" "Psg27" 0 NA NA NA NA 0 0 "Uqcrc2_noRT" "non-targeting_noRT"
"20303" "Psg23" 0 NA NA NA NA 0 0 "Uqcrc2_noRT" "non-targeting_noRT"
"20304" "Psg21" 0 NA NA NA NA 0 0 "Uqcrc2_noRT" "non-targeting_noRT"
"20305" "Psg20" 0 NA NA NA NA 0 0 "Uqcrc2_noRT" "non-targeting_noRT"
"20306" "Psg22" 0 NA NA NA NA 0 0 "Uqcrc2_noRT" "non-targeting_noRT"
"20307" "Psg19" 0 NA NA NA NA 0 0 "Uqcrc2_noRT" "non-targeting_noRT"
"20308" "Psg17" 0 NA NA NA NA 0 0 "Uqcrc2_noRT" "non-targeting_noRT"
"20309" "Nanos2" 0 NA NA NA NA 0 0 "Uqcrc2_noRT" "non-targeting_noRT"
"20310" "Gm45058" 0 NA NA NA NA 0 0 "Uqcrc2_noRT" "non-targeting_noRT"
"20311" "Mypopos" 0 NA NA NA NA 0 0 "Uqcrc2_noRT" "non-targeting_noRT"
"20312" "Rsph6a" 0 NA NA NA NA 0 0 "Uqcrc2_noRT" "non-targeting_noRT"
"20313" "Gm4969" 0 NA NA NA NA 0 0 "Uqcrc2_noRT" "non-targeting_noRT"
"20314" "Gpr4" 0 NA NA NA NA 0 0 "Uqcrc2_noRT" "non-targeting_noRT"
"20315" "1700058P15Rik" 0 NA NA NA NA 0 0 "Uqcrc2_noRT" "non-targeting_noRT"
"20316" "D830036C21Rik" 0 NA NA NA NA 0 0 "Uqcrc2_noRT" "non-targeting_noRT"
"20317" "Gm44698" 0 NA NA NA NA 0 0 "Uqcrc2_noRT" "non-targeting_noRT"
"20318" "Gm26852" 0 NA NA NA NA 0 0 "Uqcrc2_noRT" "non-targeting_noRT"
"20319" "A930016O22Rik" 0 NA NA NA NA 0 0 "Uqcrc2_noRT" "non-targeting_noRT"
"20320" "Exoc3l2" 0 NA NA NA NA 0 0 "Uqcrc2_noRT" "non-targeting_noRT"
"20321" "Nkpd1" 0 NA NA NA NA 0 0 "Uqcrc2_noRT" "non-targeting_noRT"
"20322" "Apoc4" 0 NA NA NA NA 0 0 "Uqcrc2_noRT" "non-targeting_noRT"
"20323" "Gm20512" 0 NA NA NA NA 0 0 "Uqcrc2_noRT" "non-targeting_noRT"
"20324" "Gm26600" 0 NA NA NA NA 0 0 "Uqcrc2_noRT" "non-targeting_noRT"
"20325" "Cblc" 0 NA NA NA NA 0 0 "Uqcrc2_noRT" "non-targeting_noRT"
"20326" "Gm16175" 0 NA NA NA NA 0 0 "Uqcrc2_noRT" "non-targeting_noRT"
"20327" "Gm44658" 0 NA NA NA NA 0 0 "Uqcrc2_noRT" "non-targeting_noRT"
"20328" "Gm44659" 0 NA NA NA NA 0 0 "Uqcrc2_noRT" "non-targeting_noRT"
"20329" "Ceacam19" 0 NA NA NA NA 0 0 "Uqcrc2_noRT" "non-targeting_noRT"
"20330" "Gm16251" 0 NA NA NA NA 0 0 "Uqcrc2_noRT" "non-targeting_noRT"
"20331" "Ceacam20" 0 NA NA NA NA 0 0 "Uqcrc2_noRT" "non-targeting_noRT"
"20332" "Nlrp9b" 0 NA NA NA NA 0 0 "Uqcrc2_noRT" "non-targeting_noRT"
"20333" "Gm16442" 0 NA NA NA NA 0 0 "Uqcrc2_noRT" "non-targeting_noRT"
"20334" "Vmn1r93" 0 NA NA NA NA 0 0 "Uqcrc2_noRT" "non-targeting_noRT"
"20335" "Vmn1r94" 0 NA NA NA NA 0 0 "Uqcrc2_noRT" "non-targeting_noRT"
"20336" "Vmn1r95" 0 NA NA NA NA 0 0 "Uqcrc2_noRT" "non-targeting_noRT"
"20337" "Gm6164" 0 NA NA NA NA 0 0 "Uqcrc2_noRT" "non-targeting_noRT"
"20338" "Gm4498" 0 NA NA NA NA 0 0 "Uqcrc2_noRT" "non-targeting_noRT"
"20339" "Gm5890" 0 NA NA NA NA 0 0 "Uqcrc2_noRT" "non-targeting_noRT"
"20340" "Gm4133" 0 NA NA NA NA 0 0 "Uqcrc2_noRT" "non-targeting_noRT"
"20341" "Gm5728" 0 NA NA NA NA 0 0 "Uqcrc2_noRT" "non-targeting_noRT"
"20342" "Vmn1r100" 0 NA NA NA NA 0 0 "Uqcrc2_noRT" "non-targeting_noRT"
"20343" "Vmn1r101" 0 NA NA NA NA 0 0 "Uqcrc2_noRT" "non-targeting_noRT"
"20344" "Gm10670" 0 NA NA NA NA 0 0 "Uqcrc2_noRT" "non-targeting_noRT"
"20345" "Vmn1r103" 0 NA NA NA NA 0 0 "Uqcrc2_noRT" "non-targeting_noRT"
"20346" "Vmn1r104" 0 NA NA NA NA 0 0 "Uqcrc2_noRT" "non-targeting_noRT"
"20347" "Gm5726" 0 NA NA NA NA 0 0 "Uqcrc2_noRT" "non-targeting_noRT"
"20348" "Gm4141" 0 NA NA NA NA 0 0 "Uqcrc2_noRT" "non-targeting_noRT"
"20349" "Gm4513" 0 NA NA NA NA 0 0 "Uqcrc2_noRT" "non-targeting_noRT"
"20350" "Vmn1r107" 0 NA NA NA NA 0 0 "Uqcrc2_noRT" "non-targeting_noRT"
"20351" "Vmn1r111" 0 NA NA NA NA 0 0 "Uqcrc2_noRT" "non-targeting_noRT"
"20352" "Gm10668" 0 NA NA NA NA 0 0 "Uqcrc2_noRT" "non-targeting_noRT"
"20353" "Vmn1r112" 0 NA NA NA NA 0 0 "Uqcrc2_noRT" "non-targeting_noRT"
"20354" "Vmn1r113" 0 NA NA NA NA 0 0 "Uqcrc2_noRT" "non-targeting_noRT"
"20355" "Vmn1r114" 0 NA NA NA NA 0 0 "Uqcrc2_noRT" "non-targeting_noRT"
"20356" "Vmn1r115" 0 NA NA NA NA 0 0 "Uqcrc2_noRT" "non-targeting_noRT"
"20357" "Vmn1r116" 0 NA NA NA NA 0 0 "Uqcrc2_noRT" "non-targeting_noRT"
"20358" "Vmn1r117" 0 NA NA NA NA 0 0 "Uqcrc2_noRT" "non-targeting_noRT"
"20359" "Vmn1r118" 0 NA NA NA NA 0 0 "Uqcrc2_noRT" "non-targeting_noRT"
"20360" "Vmn1r119" 0 NA NA NA NA 0 0 "Uqcrc2_noRT" "non-targeting_noRT"
"20361" "Vmn1r120" 0 NA NA NA NA 0 0 "Uqcrc2_noRT" "non-targeting_noRT"
"20362" "Vmn1r121" 0 NA NA NA NA 0 0 "Uqcrc2_noRT" "non-targeting_noRT"
"20363" "Vmn1r122" 0 NA NA NA NA 0 0 "Uqcrc2_noRT" "non-targeting_noRT"
"20364" "Vmn1r123" 0 NA NA NA NA 0 0 "Uqcrc2_noRT" "non-targeting_noRT"
"20365" "Gm5157" 0 NA NA NA NA 0 0 "Uqcrc2_noRT" "non-targeting_noRT"
"20366" "Vmn1r124" 0 NA NA NA NA 0 0 "Uqcrc2_noRT" "non-targeting_noRT"
"20367" "Vmn1r125" 0 NA NA NA NA 0 0 "Uqcrc2_noRT" "non-targeting_noRT"
"20368" "Vmn1r126" 0 NA NA NA NA 0 0 "Uqcrc2_noRT" "non-targeting_noRT"
"20369" "Vmn1r127" 0 NA NA NA NA 0 0 "Uqcrc2_noRT" "non-targeting_noRT"
"20370" "Vmn1r128" 0 NA NA NA NA 0 0 "Uqcrc2_noRT" "non-targeting_noRT"
"20371" "Vmn1r129" 0 NA NA NA NA 0 0 "Uqcrc2_noRT" "non-targeting_noRT"
"20372" "Gm6882" 0 NA NA NA NA 0 0 "Uqcrc2_noRT" "non-targeting_noRT"
"20373" "Vmn1r130" 0 NA NA NA NA 0 0 "Uqcrc2_noRT" "non-targeting_noRT"
"20374" "Vmn1r131" 0 NA NA NA NA 0 0 "Uqcrc2_noRT" "non-targeting_noRT"
"20375" "Vmn1r132" 0 NA NA NA NA 0 0 "Uqcrc2_noRT" "non-targeting_noRT"
"20376" "Gm4175" 0 NA NA NA NA 0 0 "Uqcrc2_noRT" "non-targeting_noRT"
"20377" "Gm4177" 0 NA NA NA NA 0 0 "Uqcrc2_noRT" "non-targeting_noRT"
"20378" "Vmn1r135" 0 NA NA NA NA 0 0 "Uqcrc2_noRT" "non-targeting_noRT"
"20379" "Gm5725" 0 NA NA NA NA 0 0 "Uqcrc2_noRT" "non-targeting_noRT"
"20380" "Gm5891" 0 NA NA NA NA 0 0 "Uqcrc2_noRT" "non-targeting_noRT"
"20381" "Vmn1r137" 0 NA NA NA NA 0 0 "Uqcrc2_noRT" "non-targeting_noRT"
"20382" "Vmn1r138" 0 NA NA NA NA 0 0 "Uqcrc2_noRT" "non-targeting_noRT"
"20383" "Gm6176" 0 NA NA NA NA 0 0 "Uqcrc2_noRT" "non-targeting_noRT"
"20384" "Gm16451" 0 NA NA NA NA 0 0 "Uqcrc2_noRT" "non-targeting_noRT"
"20385" "Gm10666" 0 NA NA NA NA 0 0 "Uqcrc2_noRT" "non-targeting_noRT"
"20386" "Vmn1r142" 0 NA NA NA NA 0 0 "Uqcrc2_noRT" "non-targeting_noRT"
"20387" "Vmn1r143" 0 NA NA NA NA 0 0 "Uqcrc2_noRT" "non-targeting_noRT"
"20388" "Gm8653" 0 NA NA NA NA 0 0 "Uqcrc2_noRT" "non-targeting_noRT"
"20389" "Gm8453" 0 NA NA NA NA 0 0 "Uqcrc2_noRT" "non-targeting_noRT"
"20390" "Gm4187" 0 NA NA NA NA 0 0 "Uqcrc2_noRT" "non-targeting_noRT"
"20391" "Gm8660" 0 NA NA NA NA 0 0 "Uqcrc2_noRT" "non-targeting_noRT"
"20392" "Vmn1r148" 0 NA NA NA NA 0 0 "Uqcrc2_noRT" "non-targeting_noRT"
"20393" "Vmn1r149" 0 NA NA NA NA 0 0 "Uqcrc2_noRT" "non-targeting_noRT"
"20394" "Gm10665" 0 NA NA NA NA 0 0 "Uqcrc2_noRT" "non-targeting_noRT"
"20395" "Vmn1r151" 0 NA NA NA NA 0 0 "Uqcrc2_noRT" "non-targeting_noRT"
"20396" "Vmn1r152" 0 NA NA NA NA 0 0 "Uqcrc2_noRT" "non-targeting_noRT"
"20397" "Gm8677" 0 NA NA NA NA 0 0 "Uqcrc2_noRT" "non-targeting_noRT"
"20398" "Gm4201" 0 NA NA NA NA 0 0 "Uqcrc2_noRT" "non-targeting_noRT"
"20399" "Gm4565" 0 NA NA NA NA 0 0 "Uqcrc2_noRT" "non-targeting_noRT"
"20400" "Vmn1r155" 0 NA NA NA NA 0 0 "Uqcrc2_noRT" "non-targeting_noRT"
"20401" "Gm8693" 0 NA NA NA NA 0 0 "Uqcrc2_noRT" "non-targeting_noRT"
"20402" "Gm4567" 0 NA NA NA NA 0 0 "Uqcrc2_noRT" "non-targeting_noRT"
"20403" "Vmn1r157" 0 NA NA NA NA 0 0 "Uqcrc2_noRT" "non-targeting_noRT"
"20404" "Vmn1r158" 0 NA NA NA NA 0 0 "Uqcrc2_noRT" "non-targeting_noRT"
"20405" "Vmn1r159" 0 NA NA NA NA 0 0 "Uqcrc2_noRT" "non-targeting_noRT"
"20406" "Vmn1r160" 0 NA NA NA NA 0 0 "Uqcrc2_noRT" "non-targeting_noRT"
"20407" "Gm4214" 0 NA NA NA NA 0 0 "Uqcrc2_noRT" "non-targeting_noRT"
"20408" "Gm4216" 0 NA NA NA NA 0 0 "Uqcrc2_noRT" "non-targeting_noRT"
"20409" "Vmn1r163" 0 NA NA NA NA 0 0 "Uqcrc2_noRT" "non-targeting_noRT"
"20410" "Gm8720" 0 NA NA NA NA 0 0 "Uqcrc2_noRT" "non-targeting_noRT"
"20411" "Gm10662" 0 NA NA NA NA 0 0 "Uqcrc2_noRT" "non-targeting_noRT"
"20412" "Vmn1r165" 0 NA NA NA NA 0 0 "Uqcrc2_noRT" "non-targeting_noRT"
"20413" "Vmn1r166" 0 NA NA NA NA 0 0 "Uqcrc2_noRT" "non-targeting_noRT"
"20414" "Gm6902" 0 NA NA NA NA 0 0 "Uqcrc2_noRT" "non-targeting_noRT"
"20415" "Nlrp4e" 0 NA NA NA NA 0 0 "Uqcrc2_noRT" "non-targeting_noRT"
"20416" "Nlrp5" 0 NA NA NA NA 0 0 "Uqcrc2_noRT" "non-targeting_noRT"
"20417" "Vmn1r167" 0 NA NA NA NA 0 0 "Uqcrc2_noRT" "non-targeting_noRT"
"20418" "Vmn1r168" 0 NA NA NA NA 0 0 "Uqcrc2_noRT" "non-targeting_noRT"
"20419" "Vmn1r169" 0 NA NA NA NA 0 0 "Uqcrc2_noRT" "non-targeting_noRT"
"20420" "Vmn1r170" 0 NA NA NA NA 0 0 "Uqcrc2_noRT" "non-targeting_noRT"
"20421" "Vmn1r171" 0 NA NA NA NA 0 0 "Uqcrc2_noRT" "non-targeting_noRT"
"20422" "Vmn1r172" 0 NA NA NA NA 0 0 "Uqcrc2_noRT" "non-targeting_noRT"
"20423" "Vmn1r173" 0 NA NA NA NA 0 0 "Uqcrc2_noRT" "non-targeting_noRT"
"20424" "Vmn1r174" 0 NA NA NA NA 0 0 "Uqcrc2_noRT" "non-targeting_noRT"
"20425" "Vmn1r175" 0 NA NA NA NA 0 0 "Uqcrc2_noRT" "non-targeting_noRT"
"20426" "Vmn1r176" 0 NA NA NA NA 0 0 "Uqcrc2_noRT" "non-targeting_noRT"
"20427" "Vmn1r177" 0 NA NA NA NA 0 0 "Uqcrc2_noRT" "non-targeting_noRT"
"20428" "Vmn1r178" 0 NA NA NA NA 0 0 "Uqcrc2_noRT" "non-targeting_noRT"
"20429" "Vmn1r179" 0 NA NA NA NA 0 0 "Uqcrc2_noRT" "non-targeting_noRT"
"20430" "Vmn1r180" 0 NA NA NA NA 0 0 "Uqcrc2_noRT" "non-targeting_noRT"
"20431" "Vmn1r181" 0 NA NA NA NA 0 0 "Uqcrc2_noRT" "non-targeting_noRT"
"20432" "V1rd19" 0 NA NA NA NA 0 0 "Uqcrc2_noRT" "non-targeting_noRT"
"20433" "Vmn1r183" 0 NA NA NA NA 0 0 "Uqcrc2_noRT" "non-targeting_noRT"
"20434" "Gm44793" 0 NA NA NA NA 0 0 "Uqcrc2_noRT" "non-targeting_noRT"
"20435" "Gm44796" 0 NA NA NA NA 0 0 "Uqcrc2_noRT" "non-targeting_noRT"
"20436" "Zfp108" 0 NA NA NA NA 0 0 "Uqcrc2_noRT" "non-targeting_noRT"
"20437" "AC159140.1" 0 NA NA NA NA 0 0 "Uqcrc2_noRT" "non-targeting_noRT"
"20438" "Tescl" 0 NA NA NA NA 0 0 "Uqcrc2_noRT" "non-targeting_noRT"
"20439" "Lypd5" 0 NA NA NA NA 0 0 "Uqcrc2_noRT" "non-targeting_noRT"
"20440" "Irgc1" 0 NA NA NA NA 0 0 "Uqcrc2_noRT" "non-targeting_noRT"
"20441" "Gm36159" 0 NA NA NA NA 0 0 "Uqcrc2_noRT" "non-targeting_noRT"
"20442" "Gm50092" 0 NA NA NA NA 0 0 "Uqcrc2_noRT" "non-targeting_noRT"
"20443" "Pinlyp" 0 NA NA NA NA 0 0 "Uqcrc2_noRT" "non-targeting_noRT"
"20444" "Gm26550" 0 NA NA NA NA 0 0 "Uqcrc2_noRT" "non-targeting_noRT"
"20445" "Lypd3" 0 NA NA NA NA 0 0 "Uqcrc2_noRT" "non-targeting_noRT"
"20446" "Gm4598" 0 NA NA NA NA 0 0 "Uqcrc2_noRT" "non-targeting_noRT"
"20447" "Tex101" 0 NA NA NA NA 0 0 "Uqcrc2_noRT" "non-targeting_noRT"
"20448" "Lypd10" 0 NA NA NA NA 0 0 "Uqcrc2_noRT" "non-targeting_noRT"
"20449" "Lypd11" 0 NA NA NA NA 0 0 "Uqcrc2_noRT" "non-targeting_noRT"
"20450" "Cd177" 0 NA NA NA NA 0 0 "Uqcrc2_noRT" "non-targeting_noRT"
"20451" "Ceacam10" 0 NA NA NA NA 0 0 "Uqcrc2_noRT" "non-targeting_noRT"
"20452" "Gm5893" 0 NA NA NA NA 0 0 "Uqcrc2_noRT" "non-targeting_noRT"
"20453" "Lypd4" 0 NA NA NA NA 0 0 "Uqcrc2_noRT" "non-targeting_noRT"
"20454" "Dmrtc2" 0 NA NA NA NA 0 0 "Uqcrc2_noRT" "non-targeting_noRT"
"20455" "Gm4881" 0 NA NA NA NA 0 0 "Uqcrc2_noRT" "non-targeting_noRT"
"20456" "Gm44970" 0 NA NA NA NA 0 0 "Uqcrc2_noRT" "non-targeting_noRT"
"20457" "D930028M14Rik" 0 NA NA NA NA 0 0 "Uqcrc2_noRT" "non-targeting_noRT"
"20458" "4933430L12Rik" 0 NA NA NA NA 0 0 "Uqcrc2_noRT" "non-targeting_noRT"
"20459" "Prr19" 0 NA NA NA NA 0 0 "Uqcrc2_noRT" "non-targeting_noRT"
"20460" "Tmem145" 0 NA NA NA NA 0 0 "Uqcrc2_noRT" "non-targeting_noRT"
"20461" "Cnfn" 0 NA NA NA NA 0 0 "Uqcrc2_noRT" "non-targeting_noRT"
"20462" "4732471J01Rik" 0 NA NA NA NA 0 0 "Uqcrc2_noRT" "non-targeting_noRT"
"20463" "Cxcl17" 0 NA NA NA NA 0 0 "Uqcrc2_noRT" "non-targeting_noRT"
"20464" "Ceacam2" 0 NA NA NA NA 0 0 "Uqcrc2_noRT" "non-targeting_noRT"
"20465" "Gm29918" 0 NA NA NA NA 0 0 "Uqcrc2_noRT" "non-targeting_noRT"
"20466" "Gm38569" 0 NA NA NA NA 0 0 "Uqcrc2_noRT" "non-targeting_noRT"
"20467" "Erich4" 0 NA NA NA NA 0 0 "Uqcrc2_noRT" "non-targeting_noRT"
"20468" "Tmem91" 0 NA NA NA NA 0 0 "Uqcrc2_noRT" "non-targeting_noRT"
"20469" "Gm26707" 0 NA NA NA NA 0 0 "Uqcrc2_noRT" "non-targeting_noRT"
"20470" "Gm30146" 0 NA NA NA NA 0 0 "Uqcrc2_noRT" "non-targeting_noRT"
"20471" "Cyp2b10" 0 NA NA NA NA 0 0 "Uqcrc2_noRT" "non-targeting_noRT"
"20472" "Cyp2b13" 0 NA NA NA NA 0 0 "Uqcrc2_noRT" "non-targeting_noRT"
"20473" "Cyp2b9" 0 NA NA NA NA 0 0 "Uqcrc2_noRT" "non-targeting_noRT"
"20474" "Vmn1r184" 0 NA NA NA NA 0 0 "Uqcrc2_noRT" "non-targeting_noRT"
"20475" "Gm42375" 0 NA NA NA NA 0 0 "Uqcrc2_noRT" "non-targeting_noRT"
"20476" "Cyp2a4" 0 NA NA NA NA 0 0 "Uqcrc2_noRT" "non-targeting_noRT"
"20477" "Nlrp9c" 0 NA NA NA NA 0 0 "Uqcrc2_noRT" "non-targeting_noRT"
"20478" "Nlrp4a" 0 NA NA NA NA 0 0 "Uqcrc2_noRT" "non-targeting_noRT"
"20479" "Nlrp9a" 0 NA NA NA NA 0 0 "Uqcrc2_noRT" "non-targeting_noRT"
"20480" "Vmn1r185" 0 NA NA NA NA 0 0 "Uqcrc2_noRT" "non-targeting_noRT"
"20481" "Cyp2b23" 0 NA NA NA NA 0 0 "Uqcrc2_noRT" "non-targeting_noRT"
"20482" "Cyp2b19" 0 NA NA NA NA 0 0 "Uqcrc2_noRT" "non-targeting_noRT"
"20483" "Cyp2g1" 0 NA NA NA NA 0 0 "Uqcrc2_noRT" "non-targeting_noRT"
"20484" "Cyp2a5" 0 NA NA NA NA 0 0 "Uqcrc2_noRT" "non-targeting_noRT"
"20485" "Cyp2a22" 0 NA NA NA NA 0 0 "Uqcrc2_noRT" "non-targeting_noRT"
"20486" "Cyp2a12" 0 NA NA NA NA 0 0 "Uqcrc2_noRT" "non-targeting_noRT"
"20487" "Cyp2f2" 0 NA NA NA NA 0 0 "Uqcrc2_noRT" "non-targeting_noRT"
"20488" "Gm15883" 0 NA NA NA NA 0 0 "Uqcrc2_noRT" "non-targeting_noRT"
"20489" "Cyp2t4" 0 NA NA NA NA 0 0 "Uqcrc2_noRT" "non-targeting_noRT"
"20490" "Mia" 0 NA NA NA NA 0 0 "Uqcrc2_noRT" "non-targeting_noRT"
"20491" "Gm15567" 0 NA NA NA NA 0 0 "Uqcrc2_noRT" "non-targeting_noRT"
"20492" "Gm44924" 0 NA NA NA NA 0 0 "Uqcrc2_noRT" "non-targeting_noRT"
"20493" "Gm15541" 0 NA NA NA NA 0 0 "Uqcrc2_noRT" "non-targeting_noRT"
"20494" "Ttc9b" 0 NA NA NA NA 0 0 "Uqcrc2_noRT" "non-targeting_noRT"
"20495" "Gm44684" 0 NA NA NA NA 0 0 "Uqcrc2_noRT" "non-targeting_noRT"
"20496" "Gm26891" 0 NA NA NA NA 0 0 "Uqcrc2_noRT" "non-targeting_noRT"
"20497" "Gm44744" 0 NA NA NA NA 0 0 "Uqcrc2_noRT" "non-targeting_noRT"
"20498" "Fcgbp" 0 NA NA NA NA 0 0 "Uqcrc2_noRT" "non-targeting_noRT"
"20499" "Eid2" 0 NA NA NA NA 0 0 "Uqcrc2_noRT" "non-targeting_noRT"
"20500" "Gm44709" 0 NA NA NA NA 0 0 "Uqcrc2_noRT" "non-targeting_noRT"
"20501" "Gm44710" 0 NA NA NA NA 0 0 "Uqcrc2_noRT" "non-targeting_noRT"
"20502" "Lrfn1" 0 NA NA NA NA 0 0 "Uqcrc2_noRT" "non-targeting_noRT"
"20503" "Ifnl2" 0 NA NA NA NA 0 0 "Uqcrc2_noRT" "non-targeting_noRT"
"20504" "Ifnl3" 0 NA NA NA NA 0 0 "Uqcrc2_noRT" "non-targeting_noRT"
"20505" "Sycn" 0 NA NA NA NA 0 0 "Uqcrc2_noRT" "non-targeting_noRT"
"20506" "Nccrp1" 0 NA NA NA NA 0 0 "Uqcrc2_noRT" "non-targeting_noRT"
"20507" "Acp7" 0 NA NA NA NA 0 0 "Uqcrc2_noRT" "non-targeting_noRT"
"20508" "Gm44617" 0 NA NA NA NA 0 0 "Uqcrc2_noRT" "non-targeting_noRT"
"20509" "Fbxo27" 0 NA NA NA NA 0 0 "Uqcrc2_noRT" "non-targeting_noRT"
"20510" "Ccer2" 0 NA NA NA NA 0 0 "Uqcrc2_noRT" "non-targeting_noRT"
"20511" "Gm44702" 0 NA NA NA NA 0 0 "Uqcrc2_noRT" "non-targeting_noRT"
"20512" "Gm10648" 0 NA NA NA NA 0 0 "Uqcrc2_noRT" "non-targeting_noRT"
"20513" "Capn12" 0 NA NA NA NA 0 0 "Uqcrc2_noRT" "non-targeting_noRT"
"20514" "Gm44700" 0 NA NA NA NA 0 0 "Uqcrc2_noRT" "non-targeting_noRT"
"20515" "Gm38979" 0 NA NA NA NA 0 0 "Uqcrc2_noRT" "non-targeting_noRT"
"20516" "Gm26604" 0 NA NA NA NA 0 0 "Uqcrc2_noRT" "non-targeting_noRT"
"20517" "Rasgrp4" 0 NA NA NA NA 0 0 "Uqcrc2_noRT" "non-targeting_noRT"
"20518" "Gm16282" 0 NA NA NA NA 0 0 "Uqcrc2_noRT" "non-targeting_noRT"
"20519" "1110035H17Rik" 0 NA NA NA NA 0 0 "Uqcrc2_noRT" "non-targeting_noRT"
"20520" "Catsperg1" 0 NA NA NA NA 0 0 "Uqcrc2_noRT" "non-targeting_noRT"
"20521" "Kcnk6" 0 NA NA NA NA 0 0 "Uqcrc2_noRT" "non-targeting_noRT"
"20522" "2200002D01Rik" 0 NA NA NA NA 0 0 "Uqcrc2_noRT" "non-targeting_noRT"
"20523" "Gm44632" 0 NA NA NA NA 0 0 "Uqcrc2_noRT" "non-targeting_noRT"
"20524" "Gm29326" 0 NA NA NA NA 0 0 "Uqcrc2_noRT" "non-targeting_noRT"
"20525" "A330087D11Rik" 0 NA NA NA NA 0 0 "Uqcrc2_noRT" "non-targeting_noRT"
"20526" "Catsperg2" 0 NA NA NA NA 0 0 "Uqcrc2_noRT" "non-targeting_noRT"
"20527" "Gm26554" 0 NA NA NA NA 0 0 "Uqcrc2_noRT" "non-targeting_noRT"
"20528" "Zfp14" 0 NA NA NA NA 0 0 "Uqcrc2_noRT" "non-targeting_noRT"
"20529" "Thap8" 0 NA NA NA NA 0 0 "Uqcrc2_noRT" "non-targeting_noRT"
"20530" "E130208F15Rik" 0 NA NA NA NA 0 0 "Uqcrc2_noRT" "non-targeting_noRT"
"20531" "4930479H17Rik" 0 NA NA NA NA 0 0 "Uqcrc2_noRT" "non-targeting_noRT"
"20532" "Lrfn3" 0 NA NA NA NA 0 0 "Uqcrc2_noRT" "non-targeting_noRT"
"20533" "Hcst" 0 NA NA NA NA 0 0 "Uqcrc2_noRT" "non-targeting_noRT"
"20534" "Nfkbid" 0 NA NA NA NA 0 0 "Uqcrc2_noRT" "non-targeting_noRT"
"20535" "Aplp1" 0 NA NA NA NA 0 0 "Uqcrc2_noRT" "non-targeting_noRT"
"20536" "Kirrel2" 0 NA NA NA NA 0 0 "Uqcrc2_noRT" "non-targeting_noRT"
"20537" "Nphs1os" 0 NA NA NA NA 0 0 "Uqcrc2_noRT" "non-targeting_noRT"
"20538" "Prodh2" 0 NA NA NA NA 0 0 "Uqcrc2_noRT" "non-targeting_noRT"
"20539" "Arhgap33os" 0 NA NA NA NA 0 0 "Uqcrc2_noRT" "non-targeting_noRT"
"20540" "Igflr1" 0 NA NA NA NA 0 0 "Uqcrc2_noRT" "non-targeting_noRT"
"20541" "Pmis2" 0 NA NA NA NA 0 0 "Uqcrc2_noRT" "non-targeting_noRT"
"20542" "Atp4a" 0 NA NA NA NA 0 0 "Uqcrc2_noRT" "non-targeting_noRT"
"20543" "Gapdhs" 0 NA NA NA NA 0 0 "Uqcrc2_noRT" "non-targeting_noRT"
"20544" "Gm26935" 0 NA NA NA NA 0 0 "Uqcrc2_noRT" "non-targeting_noRT"
"20545" "Dmkn" 0 NA NA NA NA 0 0 "Uqcrc2_noRT" "non-targeting_noRT"
"20546" "Krtdap" 0 NA NA NA NA 0 0 "Uqcrc2_noRT" "non-targeting_noRT"
"20547" "Ffar2" 0 NA NA NA NA 0 0 "Uqcrc2_noRT" "non-targeting_noRT"
"20548" "Ffar3" 0 NA NA NA NA 0 0 "Uqcrc2_noRT" "non-targeting_noRT"
"20549" "Ffar1" 0 NA NA NA NA 0 0 "Uqcrc2_noRT" "non-targeting_noRT"
"20550" "Cd22" 0 NA NA NA NA 0 0 "Uqcrc2_noRT" "non-targeting_noRT"
"20551" "Gm29439" 0 NA NA NA NA 0 0 "Uqcrc2_noRT" "non-targeting_noRT"
"20552" "D7Ertd128e" 0 NA NA NA NA 0 0 "Uqcrc2_noRT" "non-targeting_noRT"
"20553" "Mag" 0 NA NA NA NA 0 0 "Uqcrc2_noRT" "non-targeting_noRT"
"20554" "Gm44662" 0 NA NA NA NA 0 0 "Uqcrc2_noRT" "non-targeting_noRT"
"20555" "Hamp2" 0 NA NA NA NA 0 0 "Uqcrc2_noRT" "non-targeting_noRT"
"20556" "Hamp" 0 NA NA NA NA 0 0 "Uqcrc2_noRT" "non-targeting_noRT"
"20557" "Gm17077" 0 NA NA NA NA 0 0 "Uqcrc2_noRT" "non-targeting_noRT"
"20558" "Lsr" 0 NA NA NA NA 0 0 "Uqcrc2_noRT" "non-targeting_noRT"
"20559" "Fam187b" 0 NA NA NA NA 0 0 "Uqcrc2_noRT" "non-targeting_noRT"
"20560" "Gm10640" 0 NA NA NA NA 0 0 "Uqcrc2_noRT" "non-targeting_noRT"
"20561" "Scgb2b2" 0 NA NA NA NA 0 0 "Uqcrc2_noRT" "non-targeting_noRT"
"20562" "Scgb1b2" 0 NA NA NA NA 0 0 "Uqcrc2_noRT" "non-targeting_noRT"
"20563" "Scgb2b3" 0 NA NA NA NA 0 0 "Uqcrc2_noRT" "non-targeting_noRT"
"20564" "Scgb1b3" 0 NA NA NA NA 0 0 "Uqcrc2_noRT" "non-targeting_noRT"
"20565" "Scgb2b7" 0 NA NA NA NA 0 0 "Uqcrc2_noRT" "non-targeting_noRT"
"20566" "Scgb1b7" 0 NA NA NA NA 0 0 "Uqcrc2_noRT" "non-targeting_noRT"
"20567" "Scgb1b10" 0 NA NA NA NA 0 0 "Uqcrc2_noRT" "non-targeting_noRT"
"20568" "Scgb2b11" 0 NA NA NA NA 0 0 "Uqcrc2_noRT" "non-targeting_noRT"
"20569" "Scgb1b11" 0 NA NA NA NA 0 0 "Uqcrc2_noRT" "non-targeting_noRT"
"20570" "Scgb2b12" 0 NA NA NA NA 0 0 "Uqcrc2_noRT" "non-targeting_noRT"
"20571" "Scgb1b12" 0 NA NA NA NA 0 0 "Uqcrc2_noRT" "non-targeting_noRT"
"20572" "Scgb1b29" 0 NA NA NA NA 0 0 "Uqcrc2_noRT" "non-targeting_noRT"
"20573" "Scgb2b15" 0 NA NA NA NA 0 0 "Uqcrc2_noRT" "non-targeting_noRT"
"20574" "Scgb1b15" 0 NA NA NA NA 0 0 "Uqcrc2_noRT" "non-targeting_noRT"
"20575" "Scgb2b17" 0 NA NA NA NA 0 0 "Uqcrc2_noRT" "non-targeting_noRT"
"20576" "Scgb1b17" 0 NA NA NA NA 0 0 "Uqcrc2_noRT" "non-targeting_noRT"
"20577" "Scgb2b18" 0 NA NA NA NA 0 0 "Uqcrc2_noRT" "non-targeting_noRT"
"20578" "Scgb1b18" 0 NA NA NA NA 0 0 "Uqcrc2_noRT" "non-targeting_noRT"
"20579" "Scgb2b19" 0 NA NA NA NA 0 0 "Uqcrc2_noRT" "non-targeting_noRT"
"20580" "Scgb1b19" 0 NA NA NA NA 0 0 "Uqcrc2_noRT" "non-targeting_noRT"
"20581" "Scgb2b20" 0 NA NA NA NA 0 0 "Uqcrc2_noRT" "non-targeting_noRT"
"20582" "Scgb1b20" 0 NA NA NA NA 0 0 "Uqcrc2_noRT" "non-targeting_noRT"
"20583" "Scgb2b21" 0 NA NA NA NA 0 0 "Uqcrc2_noRT" "non-targeting_noRT"
"20584" "Gm12763" 0 NA NA NA NA 0 0 "Uqcrc2_noRT" "non-targeting_noRT"
"20585" "Scgb2b24" 0 NA NA NA NA 0 0 "Uqcrc2_noRT" "non-targeting_noRT"
"20586" "Scgb1b24" 0 NA NA NA NA 0 0 "Uqcrc2_noRT" "non-targeting_noRT"
"20587" "Scgb2b26" 0 NA NA NA NA 0 0 "Uqcrc2_noRT" "non-targeting_noRT"
"20588" "Scgb2b27" 0 NA NA NA NA 0 0 "Uqcrc2_noRT" "non-targeting_noRT"
"20589" "Scgb1b27" 0 NA NA NA NA 0 0 "Uqcrc2_noRT" "non-targeting_noRT"
"20590" "Scgb1b30" 0 NA NA NA NA 0 0 "Uqcrc2_noRT" "non-targeting_noRT"
"20591" "Gm12762" 0 NA NA NA NA 0 0 "Uqcrc2_noRT" "non-targeting_noRT"
"20592" "Gm12764" 0 NA NA NA NA 0 0 "Uqcrc2_noRT" "non-targeting_noRT"
"20593" "Gm12766" 0 NA NA NA NA 0 0 "Uqcrc2_noRT" "non-targeting_noRT"
"20594" "Gm12781" 0 NA NA NA NA 0 0 "Uqcrc2_noRT" "non-targeting_noRT"
"20595" "Gm12756" 0 NA NA NA NA 0 0 "Uqcrc2_noRT" "non-targeting_noRT"
"20596" "Chst8" 0 NA NA NA NA 0 0 "Uqcrc2_noRT" "non-targeting_noRT"
"20597" "Gm45095" 0 NA NA NA NA 0 0 "Uqcrc2_noRT" "non-targeting_noRT"
"20598" "Gm45096" 0 NA NA NA NA 0 0 "Uqcrc2_noRT" "non-targeting_noRT"
"20599" "Gm35611" 0 NA NA NA NA 0 0 "Uqcrc2_noRT" "non-targeting_noRT"
"20600" "Gm45091" 0 NA NA NA NA 0 0 "Uqcrc2_noRT" "non-targeting_noRT"
"20601" "Gm35665" 0 NA NA NA NA 0 0 "Uqcrc2_noRT" "non-targeting_noRT"
"20602" "Lrp3" 0 NA NA NA NA 0 0 "Uqcrc2_noRT" "non-targeting_noRT"
"20603" "AC150683.1" 0 NA NA NA NA 0 0 "Uqcrc2_noRT" "non-targeting_noRT"
"20604" "Slc7a9" 0 NA NA NA NA 0 0 "Uqcrc2_noRT" "non-targeting_noRT"
"20605" "Tdrd12" 0 NA NA NA NA 0 0 "Uqcrc2_noRT" "non-targeting_noRT"
"20606" "Rgs9bp" 0 NA NA NA NA 0 0 "Uqcrc2_noRT" "non-targeting_noRT"
"20607" "E130304I02Rik" 0 NA NA NA NA 0 0 "Uqcrc2_noRT" "non-targeting_noRT"
"20608" "Gm28514" 0 NA NA NA NA 0 0 "Uqcrc2_noRT" "non-targeting_noRT"
"20609" "Gm38991" 0 NA NA NA NA 0 0 "Uqcrc2_noRT" "non-targeting_noRT"
"20610" "Gm29129" 0 NA NA NA NA 0 0 "Uqcrc2_noRT" "non-targeting_noRT"
"20611" "Tshz3" 0 NA NA NA NA 0 0 "Uqcrc2_noRT" "non-targeting_noRT"
"20612" "Gm28078" 0 NA NA NA NA 0 0 "Uqcrc2_noRT" "non-targeting_noRT"
"20613" "Gm28076" 0 NA NA NA NA 0 0 "Uqcrc2_noRT" "non-targeting_noRT"
"20614" "Gm28075" 0 NA NA NA NA 0 0 "Uqcrc2_noRT" "non-targeting_noRT"
"20615" "Gm28077" 0 NA NA NA NA 0 0 "Uqcrc2_noRT" "non-targeting_noRT"
"20616" "4930505M18Rik" 0 NA NA NA NA 0 0 "Uqcrc2_noRT" "non-targeting_noRT"
"20617" "Gm30684" 0 NA NA NA NA 0 0 "Uqcrc2_noRT" "non-targeting_noRT"
"20618" "Gm30771" 0 NA NA NA NA 0 0 "Uqcrc2_noRT" "non-targeting_noRT"
"20619" "D530033B14Rik" 0 NA NA NA NA 0 0 "Uqcrc2_noRT" "non-targeting_noRT"
"20620" "Gm44767" 0 NA NA NA NA 0 0 "Uqcrc2_noRT" "non-targeting_noRT"
"20621" "Gm29087" 0 NA NA NA NA 0 0 "Uqcrc2_noRT" "non-targeting_noRT"
"20622" "Gm5591" 0 NA NA NA NA 0 0 "Uqcrc2_noRT" "non-targeting_noRT"
"20623" "Gm5114" 0 NA NA NA NA 0 0 "Uqcrc2_noRT" "non-targeting_noRT"
"20624" "Zfp619" 0 NA NA NA NA 0 0 "Uqcrc2_noRT" "non-targeting_noRT"
"20625" "Gm45839" 0 NA NA NA NA 0 0 "Uqcrc2_noRT" "non-targeting_noRT"
"20626" "4930558N11Rik" 0 NA NA NA NA 0 0 "Uqcrc2_noRT" "non-targeting_noRT"
"20627" "Gm44992" 0 NA NA NA NA 0 0 "Uqcrc2_noRT" "non-targeting_noRT"
"20628" "4933404I11Rik" 0 NA NA NA NA 0 0 "Uqcrc2_noRT" "non-targeting_noRT"
"20629" "Gm28807" 0 NA NA NA NA 0 0 "Uqcrc2_noRT" "non-targeting_noRT"
"20630" "4933402C06Rik" 0 NA NA NA NA 0 0 "Uqcrc2_noRT" "non-targeting_noRT"
"20631" "A230077H06Rik" 0 NA NA NA NA 0 0 "Uqcrc2_noRT" "non-targeting_noRT"
"20632" "Gm28307" 0 NA NA NA NA 0 0 "Uqcrc2_noRT" "non-targeting_noRT"
"20633" "Vstm2b" 0 NA NA NA NA 0 0 "Uqcrc2_noRT" "non-targeting_noRT"
"20634" "4930433I11Rik" 0 NA NA NA NA 0 0 "Uqcrc2_noRT" "non-targeting_noRT"
"20635" "Gm38997" 0 NA NA NA NA 0 0 "Uqcrc2_noRT" "non-targeting_noRT"
"20636" "Gm4884" 0 NA NA NA NA 0 0 "Uqcrc2_noRT" "non-targeting_noRT"
"20637" "1700110I07Rik" 0 NA NA NA NA 0 0 "Uqcrc2_noRT" "non-targeting_noRT"
"20638" "Gm44839" 0 NA NA NA NA 0 0 "Uqcrc2_noRT" "non-targeting_noRT"
"20639" "Gm44748" 0 NA NA NA NA 0 0 "Uqcrc2_noRT" "non-targeting_noRT"
"20640" "Gm5592" 0 NA NA NA NA 0 0 "Uqcrc2_noRT" "non-targeting_noRT"
"20641" "Gm34811" 0 NA NA NA NA 0 0 "Uqcrc2_noRT" "non-targeting_noRT"
"20642" "Gm17102" 0 NA NA NA NA 0 0 "Uqcrc2_noRT" "non-targeting_noRT"
"20643" "Vmn2r57" 0 NA NA NA NA 0 0 "Uqcrc2_noRT" "non-targeting_noRT"
"20644" "Vmn2r58" 0 NA NA NA NA 0 0 "Uqcrc2_noRT" "non-targeting_noRT"
"20645" "Vmn2r59" 0 NA NA NA NA 0 0 "Uqcrc2_noRT" "non-targeting_noRT"
"20646" "Vmn2r60" 0 NA NA NA NA 0 0 "Uqcrc2_noRT" "non-targeting_noRT"
"20647" "Vmn2r61" 0 NA NA NA NA 0 0 "Uqcrc2_noRT" "non-targeting_noRT"
"20648" "4933421I07Rik" 0 NA NA NA NA 0 0 "Uqcrc2_noRT" "non-targeting_noRT"
"20649" "Gm21028" 0 NA NA NA NA 0 0 "Uqcrc2_noRT" "non-targeting_noRT"
"20650" "Gm17067" 0 NA NA NA NA 0 0 "Uqcrc2_noRT" "non-targeting_noRT"
"20651" "Vmn2r62" 0 NA NA NA NA 0 0 "Uqcrc2_noRT" "non-targeting_noRT"
"20652" "Vmn2r63" 0 NA NA NA NA 0 0 "Uqcrc2_noRT" "non-targeting_noRT"
"20653" "Vmn2r126" 0 NA NA NA NA 0 0 "Uqcrc2_noRT" "non-targeting_noRT"
"20654" "Gm17768" 0 NA NA NA NA 0 0 "Uqcrc2_noRT" "non-targeting_noRT"
"20655" "Siglecf" 0 NA NA NA NA 0 0 "Uqcrc2_noRT" "non-targeting_noRT"
"20656" "Siglecg" 0 NA NA NA NA 0 0 "Uqcrc2_noRT" "non-targeting_noRT"
"20657" "AC149091.1" 0 NA NA NA NA 0 0 "Uqcrc2_noRT" "non-targeting_noRT"
"20658" "Lim2" 0 NA NA NA NA 0 0 "Uqcrc2_noRT" "non-targeting_noRT"
"20659" "Nkg7" 0 NA NA NA NA 0 0 "Uqcrc2_noRT" "non-targeting_noRT"
"20660" "Vsig10l" 0 NA NA NA NA 0 0 "Uqcrc2_noRT" "non-targeting_noRT"
"20661" "Iglon5" 0 NA NA NA NA 0 0 "Uqcrc2_noRT" "non-targeting_noRT"
"20662" "4931406B18Rik" 0 NA NA NA NA 0 0 "Uqcrc2_noRT" "non-targeting_noRT"
"20663" "Gm2511" 0 NA NA NA NA 0 0 "Uqcrc2_noRT" "non-targeting_noRT"
"20664" "Cd33" 0 NA NA NA NA 0 0 "Uqcrc2_noRT" "non-targeting_noRT"
"20665" "Gm44818" 0 NA NA NA NA 0 0 "Uqcrc2_noRT" "non-targeting_noRT"
"20666" "Zfp819" 0 NA NA NA NA 0 0 "Uqcrc2_noRT" "non-targeting_noRT"
"20667" "Ceacam18" 0 NA NA NA NA 0 0 "Uqcrc2_noRT" "non-targeting_noRT"
"20668" "Siglece" 0 NA NA NA NA 0 0 "Uqcrc2_noRT" "non-targeting_noRT"
"20669" "Gm36546" 0 NA NA NA NA 0 0 "Uqcrc2_noRT" "non-targeting_noRT"
"20670" "Klk14" 0 NA NA NA NA 0 0 "Uqcrc2_noRT" "non-targeting_noRT"
"20671" "Klk13" 0 NA NA NA NA 0 0 "Uqcrc2_noRT" "non-targeting_noRT"
"20672" "Klk12" 0 NA NA NA NA 0 0 "Uqcrc2_noRT" "non-targeting_noRT"
"20673" "Klk11" 0 NA NA NA NA 0 0 "Uqcrc2_noRT" "non-targeting_noRT"
"20674" "Klk5" 0 NA NA NA NA 0 0 "Uqcrc2_noRT" "non-targeting_noRT"
"20675" "Gm44707" 0 NA NA NA NA 0 0 "Uqcrc2_noRT" "non-targeting_noRT"
"20676" "Klk15" 0 NA NA NA NA 0 0 "Uqcrc2_noRT" "non-targeting_noRT"
"20677" "Gm44756" 0 NA NA NA NA 0 0 "Uqcrc2_noRT" "non-targeting_noRT"
"20678" "Klk1b8" 0 NA NA NA NA 0 0 "Uqcrc2_noRT" "non-targeting_noRT"
"20679" "Klk1b1" 0 NA NA NA NA 0 0 "Uqcrc2_noRT" "non-targeting_noRT"
"20680" "Klk1b9" 0 NA NA NA NA 0 0 "Uqcrc2_noRT" "non-targeting_noRT"
"20681" "Klk1b11" 0 NA NA NA NA 0 0 "Uqcrc2_noRT" "non-targeting_noRT"
"20682" "Klk1b26" 0 NA NA NA NA 0 0 "Uqcrc2_noRT" "non-targeting_noRT"
"20683" "Klk1b27" 0 NA NA NA NA 0 0 "Uqcrc2_noRT" "non-targeting_noRT"
"20684" "Klk1b21" 0 NA NA NA NA 0 0 "Uqcrc2_noRT" "non-targeting_noRT"
"20685" "Klk1b22" 0 NA NA NA NA 0 0 "Uqcrc2_noRT" "non-targeting_noRT"
"20686" "Klk1b16" 0 NA NA NA NA 0 0 "Uqcrc2_noRT" "non-targeting_noRT"
"20687" "Klk1b24" 0 NA NA NA NA 0 0 "Uqcrc2_noRT" "non-targeting_noRT"
"20688" "Klk1b3" 0 NA NA NA NA 0 0 "Uqcrc2_noRT" "non-targeting_noRT"
"20689" "Klk1b4" 0 NA NA NA NA 0 0 "Uqcrc2_noRT" "non-targeting_noRT"
"20690" "Klk1b5" 0 NA NA NA NA 0 0 "Uqcrc2_noRT" "non-targeting_noRT"
"20691" "Klk1" 0 NA NA NA NA 0 0 "Uqcrc2_noRT" "non-targeting_noRT"
"20692" "Gm36864" 0 NA NA NA NA 0 0 "Uqcrc2_noRT" "non-targeting_noRT"
"20693" "Acp4" 0 NA NA NA NA 0 0 "Uqcrc2_noRT" "non-targeting_noRT"
"20694" "Gm15517" 0 NA NA NA NA 0 0 "Uqcrc2_noRT" "non-targeting_noRT"
"20695" "Clec11a" 0 NA NA NA NA 0 0 "Uqcrc2_noRT" "non-targeting_noRT"
"20696" "Gm44780" 0 NA NA NA NA 0 0 "Uqcrc2_noRT" "non-targeting_noRT"
"20697" "Syt3" 0 NA NA NA NA 0 0 "Uqcrc2_noRT" "non-targeting_noRT"
"20698" "Aspdh" 0 NA NA NA NA 0 0 "Uqcrc2_noRT" "non-targeting_noRT"
"20699" "Gm44646" 0 NA NA NA NA 0 0 "Uqcrc2_noRT" "non-targeting_noRT"
"20700" "Mybpc2" 0 NA NA NA NA 0 0 "Uqcrc2_noRT" "non-targeting_noRT"
"20701" "Spib" 0 NA NA NA NA 0 0 "Uqcrc2_noRT" "non-targeting_noRT"
"20702" "Gm15396" 0 NA NA NA NA 0 0 "Uqcrc2_noRT" "non-targeting_noRT"
"20703" "2310016G11Rik" 0 NA NA NA NA 0 0 "Uqcrc2_noRT" "non-targeting_noRT"
"20704" "Izumo2" 0 NA NA NA NA 0 0 "Uqcrc2_noRT" "non-targeting_noRT"
"20705" "Zfp473" 0 NA NA NA NA 0 0 "Uqcrc2_noRT" "non-targeting_noRT"
"20706" "Il4i1" 0 NA NA NA NA 0 0 "Uqcrc2_noRT" "non-targeting_noRT"
"20707" "Tsks" 0 NA NA NA NA 0 0 "Uqcrc2_noRT" "non-targeting_noRT"
"20708" "6530437J22Rik" 0 NA NA NA NA 0 0 "Uqcrc2_noRT" "non-targeting_noRT"
"20709" "Gm45669" 0 NA NA NA NA 0 0 "Uqcrc2_noRT" "non-targeting_noRT"
"20710" "Gm45552" 0 NA NA NA NA 0 0 "Uqcrc2_noRT" "non-targeting_noRT"
"20711" "Slc17a7" 0 NA NA NA NA 0 0 "Uqcrc2_noRT" "non-targeting_noRT"
"20712" "Pth2" 0 NA NA NA NA 0 0 "Uqcrc2_noRT" "non-targeting_noRT"
"20713" "Dkkl1" 0 NA NA NA NA 0 0 "Uqcrc2_noRT" "non-targeting_noRT"
"20714" "Slc6a16" 0 NA NA NA NA 0 0 "Uqcrc2_noRT" "non-targeting_noRT"
"20715" "Slc6a21" 0 NA NA NA NA 0 0 "Uqcrc2_noRT" "non-targeting_noRT"
"20716" "Hrc" 0 NA NA NA NA 0 0 "Uqcrc2_noRT" "non-targeting_noRT"
"20717" "Mtag2" 0 NA NA NA NA 0 0 "Uqcrc2_noRT" "non-targeting_noRT"
"20718" "Lin7b" 0 NA NA NA NA 0 0 "Uqcrc2_noRT" "non-targeting_noRT"
"20719" "AC151602.1" 0 NA NA NA NA 0 0 "Uqcrc2_noRT" "non-targeting_noRT"
"20720" "Lhb" 0 NA NA NA NA 0 0 "Uqcrc2_noRT" "non-targeting_noRT"
"20721" "Dhdh" 0 NA NA NA NA 0 0 "Uqcrc2_noRT" "non-targeting_noRT"
"20722" "Gm45564" 0 NA NA NA NA 0 0 "Uqcrc2_noRT" "non-targeting_noRT"
"20723" "0610005C13Rik" 0 NA NA NA NA 0 0 "Uqcrc2_noRT" "non-targeting_noRT"
"20724" "Gm31479" 0 NA NA NA NA 0 0 "Uqcrc2_noRT" "non-targeting_noRT"
"20725" "Fut1" 0 NA NA NA NA 0 0 "Uqcrc2_noRT" "non-targeting_noRT"
"20726" "Izumo1" 0 NA NA NA NA 0 0 "Uqcrc2_noRT" "non-targeting_noRT"
"20727" "Gm45437" 0 NA NA NA NA 0 0 "Uqcrc2_noRT" "non-targeting_noRT"
"20728" "Mamstr" 0 NA NA NA NA 0 0 "Uqcrc2_noRT" "non-targeting_noRT"
"20729" "Fut2" 0 NA NA NA NA 0 0 "Uqcrc2_noRT" "non-targeting_noRT"
"20730" "Spaca4" 0 NA NA NA NA 0 0 "Uqcrc2_noRT" "non-targeting_noRT"
"20731" "Gm45442" 0 NA NA NA NA 0 0 "Uqcrc2_noRT" "non-targeting_noRT"
"20732" "Ccdc114" 0 NA NA NA NA 0 0 "Uqcrc2_noRT" "non-targeting_noRT"
"20733" "Abcc6" 0 NA NA NA NA 0 0 "Uqcrc2_noRT" "non-targeting_noRT"
"20734" "Kcnj11" 0 NA NA NA NA 0 0 "Uqcrc2_noRT" "non-targeting_noRT"
"20735" "Abcc8" 0 NA NA NA NA 0 0 "Uqcrc2_noRT" "non-targeting_noRT"
"20736" "Gm45486" 0 NA NA NA NA 0 0 "Uqcrc2_noRT" "non-targeting_noRT"
"20737" "Ush1c" 0 NA NA NA NA 0 0 "Uqcrc2_noRT" "non-targeting_noRT"
"20738" "Otog" 0 NA NA NA NA 0 0 "Uqcrc2_noRT" "non-targeting_noRT"
"20739" "1700025L06Rik" 0 NA NA NA NA 0 0 "Uqcrc2_noRT" "non-targeting_noRT"
"20740" "Myod1" 0 NA NA NA NA 0 0 "Uqcrc2_noRT" "non-targeting_noRT"
"20741" "Kcnc1" 0 NA NA NA NA 0 0 "Uqcrc2_noRT" "non-targeting_noRT"
"20742" "Gm15700" 0 NA NA NA NA 0 0 "Uqcrc2_noRT" "non-targeting_noRT"
"20743" "Tph1" 0 NA NA NA NA 0 0 "Uqcrc2_noRT" "non-targeting_noRT"
"20744" "Saa4" 0 NA NA NA NA 0 0 "Uqcrc2_noRT" "non-targeting_noRT"
"20745" "Saa1" 0 NA NA NA NA 0 0 "Uqcrc2_noRT" "non-targeting_noRT"
"20746" "Saa2" 0 NA NA NA NA 0 0 "Uqcrc2_noRT" "non-targeting_noRT"
"20747" "Gm45309" 0 NA NA NA NA 0 0 "Uqcrc2_noRT" "non-targeting_noRT"
"20748" "Ldhc" 0 NA NA NA NA 0 0 "Uqcrc2_noRT" "non-targeting_noRT"
"20749" "C86187" 0 NA NA NA NA 0 0 "Uqcrc2_noRT" "non-targeting_noRT"
"20750" "Gm45474" 0 NA NA NA NA 0 0 "Uqcrc2_noRT" "non-targeting_noRT"
"20751" "Gm14377" 0 NA NA NA NA 0 0 "Uqcrc2_noRT" "non-targeting_noRT"
"20752" "Gm44969" 0 NA NA NA NA 0 0 "Uqcrc2_noRT" "non-targeting_noRT"
"20753" "Mrgpra6" 0 NA NA NA NA 0 0 "Uqcrc2_noRT" "non-targeting_noRT"
"20754" "Mrgpra9" 0 NA NA NA NA 0 0 "Uqcrc2_noRT" "non-targeting_noRT"
"20755" "Mrgpra1" 0 NA NA NA NA 0 0 "Uqcrc2_noRT" "non-targeting_noRT"
"20756" "Mrgpra2a" 0 NA NA NA NA 0 0 "Uqcrc2_noRT" "non-targeting_noRT"
"20757" "Mrgpra2b" 0 NA NA NA NA 0 0 "Uqcrc2_noRT" "non-targeting_noRT"
"20758" "Mrgpra3" 0 NA NA NA NA 0 0 "Uqcrc2_noRT" "non-targeting_noRT"
"20759" "Mrgpra4" 0 NA NA NA NA 0 0 "Uqcrc2_noRT" "non-targeting_noRT"
"20760" "Mrgprx1" 0 NA NA NA NA 0 0 "Uqcrc2_noRT" "non-targeting_noRT"
"20761" "Mrgprb5" 0 NA NA NA NA 0 0 "Uqcrc2_noRT" "non-targeting_noRT"
"20762" "Mrgprb4" 0 NA NA NA NA 0 0 "Uqcrc2_noRT" "non-targeting_noRT"
"20763" "Mrgprb8" 0 NA NA NA NA 0 0 "Uqcrc2_noRT" "non-targeting_noRT"
"20764" "Mrgprb1" 0 NA NA NA NA 0 0 "Uqcrc2_noRT" "non-targeting_noRT"
"20765" "Mrgprx2" 0 NA NA NA NA 0 0 "Uqcrc2_noRT" "non-targeting_noRT"
"20766" "Mrgprb2" 0 NA NA NA NA 0 0 "Uqcrc2_noRT" "non-targeting_noRT"
"20767" "Mrgprb3" 0 NA NA NA NA 0 0 "Uqcrc2_noRT" "non-targeting_noRT"
"20768" "Gm45086" 0 NA NA NA NA 0 0 "Uqcrc2_noRT" "non-targeting_noRT"
"20769" "Csrp3" 0 NA NA NA NA 0 0 "Uqcrc2_noRT" "non-targeting_noRT"
"20770" "Gm45282" 0 NA NA NA NA 0 0 "Uqcrc2_noRT" "non-targeting_noRT"
"20771" "Gm32849" 0 NA NA NA NA 0 0 "Uqcrc2_noRT" "non-targeting_noRT"
"20772" "9130015G15Rik" 0 NA NA NA NA 0 0 "Uqcrc2_noRT" "non-targeting_noRT"
"20773" "Dbx1" 0 NA NA NA NA 0 0 "Uqcrc2_noRT" "non-targeting_noRT"
"20774" "Slc6a5" 0 NA NA NA NA 0 0 "Uqcrc2_noRT" "non-targeting_noRT"
"20775" "Nell1" 0 NA NA NA NA 0 0 "Uqcrc2_noRT" "non-targeting_noRT"
"20776" "Nell1os" 0 NA NA NA NA 0 0 "Uqcrc2_noRT" "non-targeting_noRT"
"20777" "4933405O20Rik" 0 NA NA NA NA 0 0 "Uqcrc2_noRT" "non-targeting_noRT"
"20778" "Ano5" 0 NA NA NA NA 0 0 "Uqcrc2_noRT" "non-targeting_noRT"
"20779" "Slc17a6" 0 NA NA NA NA 0 0 "Uqcrc2_noRT" "non-targeting_noRT"
"20780" "Gm29296" 0 NA NA NA NA 0 0 "Uqcrc2_noRT" "non-targeting_noRT"
"20781" "1700015G11Rik" 0 NA NA NA NA 0 0 "Uqcrc2_noRT" "non-targeting_noRT"
"20782" "Luzp2" 0 NA NA NA NA 0 0 "Uqcrc2_noRT" "non-targeting_noRT"
"20783" "Siglech" 0 NA NA NA NA 0 0 "Uqcrc2_noRT" "non-targeting_noRT"
"20784" "Gm15888" 0 NA NA NA NA 0 0 "Uqcrc2_noRT" "non-targeting_noRT"
"20785" "Oca2" 0 NA NA NA NA 0 0 "Uqcrc2_noRT" "non-targeting_noRT"
"20786" "Gm44506" 0 NA NA NA NA 0 0 "Uqcrc2_noRT" "non-targeting_noRT"
"20787" "Gabrg3" 0 NA NA NA NA 0 0 "Uqcrc2_noRT" "non-targeting_noRT"
"20788" "Gm9962" 0 NA NA NA NA 0 0 "Uqcrc2_noRT" "non-targeting_noRT"
"20789" "Gabra5" 0 NA NA NA NA 0 0 "Uqcrc2_noRT" "non-targeting_noRT"
"20790" "Gabrb3" 0 NA NA NA NA 0 0 "Uqcrc2_noRT" "non-targeting_noRT"
"20791" "Snurf" 0 NA NA NA NA 0 0 "Uqcrc2_noRT" "non-targeting_noRT"
"20792" "Gm44644" 0 NA NA NA NA 0 0 "Uqcrc2_noRT" "non-targeting_noRT"
"20793" "Gm44643" 0 NA NA NA NA 0 0 "Uqcrc2_noRT" "non-targeting_noRT"
"20794" "A230006K03Rik" 0 NA NA NA NA 0 0 "Uqcrc2_noRT" "non-targeting_noRT"
"20795" "A230057D06Rik" 0 NA NA NA NA 0 0 "Uqcrc2_noRT" "non-targeting_noRT"
"20796" "A330076H08Rik" 0 NA NA NA NA 0 0 "Uqcrc2_noRT" "non-targeting_noRT"
"20797" "Gm9801" 0 NA NA NA NA 0 0 "Uqcrc2_noRT" "non-targeting_noRT"
"20798" "Gm32061" 0 NA NA NA NA 0 0 "Uqcrc2_noRT" "non-targeting_noRT"
"20799" "Ndn" 0 NA NA NA NA 0 0 "Uqcrc2_noRT" "non-targeting_noRT"
"20800" "Magel2" 0 NA NA NA NA 0 0 "Uqcrc2_noRT" "non-targeting_noRT"
"20801" "Peg12" 0 NA NA NA NA 0 0 "Uqcrc2_noRT" "non-targeting_noRT"
"20802" "A26c2" 0 NA NA NA NA 0 0 "Uqcrc2_noRT" "non-targeting_noRT"
"20803" "Chrna7" 0 NA NA NA NA 0 0 "Uqcrc2_noRT" "non-targeting_noRT"
"20804" "4930554H23Rik" 0 NA NA NA NA 0 0 "Uqcrc2_noRT" "non-targeting_noRT"
"20805" "Otud7a" 0 NA NA NA NA 0 0 "Uqcrc2_noRT" "non-targeting_noRT"
"20806" "Gm44718" 0 NA NA NA NA 0 0 "Uqcrc2_noRT" "non-targeting_noRT"
"20807" "Gm27252" 0 NA NA NA NA 0 0 "Uqcrc2_noRT" "non-targeting_noRT"
"20808" "Gm45052" 0 NA NA NA NA 0 0 "Uqcrc2_noRT" "non-targeting_noRT"
"20809" "Gm32633" 0 NA NA NA NA 0 0 "Uqcrc2_noRT" "non-targeting_noRT"
"20810" "Gm45054" 0 NA NA NA NA 0 0 "Uqcrc2_noRT" "non-targeting_noRT"
"20811" "Gm20670" 0 NA NA NA NA 0 0 "Uqcrc2_noRT" "non-targeting_noRT"
"20812" "Trpm1" 0 NA NA NA NA 0 0 "Uqcrc2_noRT" "non-targeting_noRT"
"20813" "Gm20457" 0 NA NA NA NA 0 0 "Uqcrc2_noRT" "non-targeting_noRT"
"20814" "Apba2" 0 NA NA NA NA 0 0 "Uqcrc2_noRT" "non-targeting_noRT"
"20815" "1810049I09Rik" 0 NA NA NA NA 0 0 "Uqcrc2_noRT" "non-targeting_noRT"
"20816" "BC046251" 0 NA NA NA NA 0 0 "Uqcrc2_noRT" "non-targeting_noRT"
"20817" "1810008I18Rik" 0 NA NA NA NA 0 0 "Uqcrc2_noRT" "non-targeting_noRT"
"20818" "Gm20684" 0 NA NA NA NA 0 0 "Uqcrc2_noRT" "non-targeting_noRT"
"20819" "Pcsk6" 0 NA NA NA NA 0 0 "Uqcrc2_noRT" "non-targeting_noRT"
"20820" "Gm45081" 0 NA NA NA NA 0 0 "Uqcrc2_noRT" "non-targeting_noRT"
"20821" "Gm26827" 0 NA NA NA NA 0 0 "Uqcrc2_noRT" "non-targeting_noRT"
"20822" "Gm44752" 0 NA NA NA NA 0 0 "Uqcrc2_noRT" "non-targeting_noRT"
"20823" "Gm10974" 0 NA NA NA NA 0 0 "Uqcrc2_noRT" "non-targeting_noRT"
"20824" "Gm44753" 0 NA NA NA NA 0 0 "Uqcrc2_noRT" "non-targeting_noRT"
"20825" "Gm33570" 0 NA NA NA NA 0 0 "Uqcrc2_noRT" "non-targeting_noRT"
"20826" "Gm33926" 0 NA NA NA NA 0 0 "Uqcrc2_noRT" "non-targeting_noRT"
"20827" "4833412C05Rik" 0 NA NA NA NA 0 0 "Uqcrc2_noRT" "non-targeting_noRT"
"20828" "Gm34350" 0 NA NA NA NA 0 0 "Uqcrc2_noRT" "non-targeting_noRT"
"20829" "Gm39027" 0 NA NA NA NA 0 0 "Uqcrc2_noRT" "non-targeting_noRT"
"20830" "Pgpep1l" 0 NA NA NA NA 0 0 "Uqcrc2_noRT" "non-targeting_noRT"
"20831" "Gm16157" 0 NA NA NA NA 0 0 "Uqcrc2_noRT" "non-targeting_noRT"
"20832" "Fam169b" 0 NA NA NA NA 0 0 "Uqcrc2_noRT" "non-targeting_noRT"
"20833" "Gm16158" 0 NA NA NA NA 0 0 "Uqcrc2_noRT" "non-targeting_noRT"
"20834" "Gm44889" 0 NA NA NA NA 0 0 "Uqcrc2_noRT" "non-targeting_noRT"
"20835" "4933436H12Rik" 0 NA NA NA NA 0 0 "Uqcrc2_noRT" "non-targeting_noRT"
"20836" "Gm34549" 0 NA NA NA NA 0 0 "Uqcrc2_noRT" "non-targeting_noRT"
"20837" "Gm44886" 0 NA NA NA NA 0 0 "Uqcrc2_noRT" "non-targeting_noRT"
"20838" "Gm44692" 0 NA NA NA NA 0 0 "Uqcrc2_noRT" "non-targeting_noRT"
"20839" "Arrdc4" 0 NA NA NA NA 0 0 "Uqcrc2_noRT" "non-targeting_noRT"
"20840" "Gm34664" 0 NA NA NA NA 0 0 "Uqcrc2_noRT" "non-targeting_noRT"
"20841" "Gm44691" 0 NA NA NA NA 0 0 "Uqcrc2_noRT" "non-targeting_noRT"
"20842" "Gm34838" 0 NA NA NA NA 0 0 "Uqcrc2_noRT" "non-targeting_noRT"
"20843" "Gm38584" 0 NA NA NA NA 0 0 "Uqcrc2_noRT" "non-targeting_noRT"
"20844" "4930402F11Rik" 0 NA NA NA NA 0 0 "Uqcrc2_noRT" "non-targeting_noRT"
"20845" "Gm29683" 0 NA NA NA NA 0 0 "Uqcrc2_noRT" "non-targeting_noRT"
"20846" "Gm35325" 0 NA NA NA NA 0 0 "Uqcrc2_noRT" "non-targeting_noRT"
"20847" "Gm29327" 0 NA NA NA NA 0 0 "Uqcrc2_noRT" "non-targeting_noRT"
"20848" "Gm44946" 0 NA NA NA NA 0 0 "Uqcrc2_noRT" "non-targeting_noRT"
"20849" "Gm44948" 0 NA NA NA NA 0 0 "Uqcrc2_noRT" "non-targeting_noRT"
"20850" "Nr2f2" 0 NA NA NA NA 0 0 "Uqcrc2_noRT" "non-targeting_noRT"
"20851" "B130024G19Rik" 0 NA NA NA NA 0 0 "Uqcrc2_noRT" "non-targeting_noRT"
"20852" "Gm28258" 0 NA NA NA NA 0 0 "Uqcrc2_noRT" "non-targeting_noRT"
"20853" "Gm44532" 0 NA NA NA NA 0 0 "Uqcrc2_noRT" "non-targeting_noRT"
"20854" "Gm35842" 0 NA NA NA NA 0 0 "Uqcrc2_noRT" "non-targeting_noRT"
"20855" "Gm44813" 0 NA NA NA NA 0 0 "Uqcrc2_noRT" "non-targeting_noRT"
"20856" "Gm44812" 0 NA NA NA NA 0 0 "Uqcrc2_noRT" "non-targeting_noRT"
"20857" "Gm44808" 0 NA NA NA NA 0 0 "Uqcrc2_noRT" "non-targeting_noRT"
"20858" "Gm42397" 0 NA NA NA NA 0 0 "Uqcrc2_noRT" "non-targeting_noRT"
"20859" "Gm36011" 0 NA NA NA NA 0 0 "Uqcrc2_noRT" "non-targeting_noRT"
"20860" "Gm39033" 0 NA NA NA NA 0 0 "Uqcrc2_noRT" "non-targeting_noRT"
"20861" "6030442E23Rik" 0 NA NA NA NA 0 0 "Uqcrc2_noRT" "non-targeting_noRT"
"20862" "Gm29328" 0 NA NA NA NA 0 0 "Uqcrc2_noRT" "non-targeting_noRT"
"20863" "Gm29295" 0 NA NA NA NA 0 0 "Uqcrc2_noRT" "non-targeting_noRT"
"20864" "Gm44689" 0 NA NA NA NA 0 0 "Uqcrc2_noRT" "non-targeting_noRT"
"20865" "4930441H08Rik" 0 NA NA NA NA 0 0 "Uqcrc2_noRT" "non-targeting_noRT"
"20866" "Gm36633" 0 NA NA NA NA 0 0 "Uqcrc2_noRT" "non-targeting_noRT"
"20867" "1700011C11Rik" 0 NA NA NA NA 0 0 "Uqcrc2_noRT" "non-targeting_noRT"
"20868" "Gm28745" 0 NA NA NA NA 0 0 "Uqcrc2_noRT" "non-targeting_noRT"
"20869" "Gm28744" 0 NA NA NA NA 0 0 "Uqcrc2_noRT" "non-targeting_noRT"
"20870" "Gm44725" 0 NA NA NA NA 0 0 "Uqcrc2_noRT" "non-targeting_noRT"
"20871" "Gm6567" 0 NA NA NA NA 0 0 "Uqcrc2_noRT" "non-targeting_noRT"
"20872" "4933435G04Rik" 0 NA NA NA NA 0 0 "Uqcrc2_noRT" "non-targeting_noRT"
"20873" "Gm28746" 0 NA NA NA NA 0 0 "Uqcrc2_noRT" "non-targeting_noRT"
"20874" "Gm20083" 0 NA NA NA NA 0 0 "Uqcrc2_noRT" "non-targeting_noRT"
"20875" "Gm30075" 0 NA NA NA NA 0 0 "Uqcrc2_noRT" "non-targeting_noRT"
"20876" "4930429H19Rik" 0 NA NA NA NA 0 0 "Uqcrc2_noRT" "non-targeting_noRT"
"20877" "A730056A06Rik" 0 NA NA NA NA 0 0 "Uqcrc2_noRT" "non-targeting_noRT"
"20878" "Gm44686" 0 NA NA NA NA 0 0 "Uqcrc2_noRT" "non-targeting_noRT"
"20879" "Gm44734" 0 NA NA NA NA 0 0 "Uqcrc2_noRT" "non-targeting_noRT"
"20880" "Gm44738" 0 NA NA NA NA 0 0 "Uqcrc2_noRT" "non-targeting_noRT"
"20881" "Gm44737" 0 NA NA NA NA 0 0 "Uqcrc2_noRT" "non-targeting_noRT"
"20882" "Gm44736" 0 NA NA NA NA 0 0 "Uqcrc2_noRT" "non-targeting_noRT"
"20883" "Gm44739" 0 NA NA NA NA 0 0 "Uqcrc2_noRT" "non-targeting_noRT"
"20884" "Gm10619" 0 NA NA NA NA 0 0 "Uqcrc2_noRT" "non-targeting_noRT"
"20885" "St8sia2" 0 NA NA NA NA 0 0 "Uqcrc2_noRT" "non-targeting_noRT"
"20886" "Gm38143" 0 NA NA NA NA 0 0 "Uqcrc2_noRT" "non-targeting_noRT"
"20887" "Gm45004" 0 NA NA NA NA 0 0 "Uqcrc2_noRT" "non-targeting_noRT"
"20888" "Slco3a1" 0 NA NA NA NA 0 0 "Uqcrc2_noRT" "non-targeting_noRT"
"20889" "Gm7580" 0 NA NA NA NA 0 0 "Uqcrc2_noRT" "non-targeting_noRT"
"20890" "Gm30459" 0 NA NA NA NA 0 0 "Uqcrc2_noRT" "non-targeting_noRT"
"20891" "0610006L08Rik" 0 NA NA NA NA 0 0 "Uqcrc2_noRT" "non-targeting_noRT"
"20892" "4930533N22Rik" 0 NA NA NA NA 0 0 "Uqcrc2_noRT" "non-targeting_noRT"
"20893" "Sv2b" 0 NA NA NA NA 0 0 "Uqcrc2_noRT" "non-targeting_noRT"
"20894" "1500012K07Rik" 0 NA NA NA NA 0 0 "Uqcrc2_noRT" "non-targeting_noRT"
"20895" "4921513I08Rik" 0 NA NA NA NA 0 0 "Uqcrc2_noRT" "non-targeting_noRT"
"20896" "Gm39038" 0 NA NA NA NA 0 0 "Uqcrc2_noRT" "non-targeting_noRT"
"20897" "Gm9885" 0 NA NA NA NA 0 0 "Uqcrc2_noRT" "non-targeting_noRT"
"20898" "5330411O13Rik" 0 NA NA NA NA 0 0 "Uqcrc2_noRT" "non-targeting_noRT"
"20899" "1700011D18Rik" 0 NA NA NA NA 0 0 "Uqcrc2_noRT" "non-targeting_noRT"
"20900" "Gm44730" 0 NA NA NA NA 0 0 "Uqcrc2_noRT" "non-targeting_noRT"
"20901" "Gm26633" 0 NA NA NA NA 0 0 "Uqcrc2_noRT" "non-targeting_noRT"
"20902" "Hapln3" 0 NA NA NA NA 0 0 "Uqcrc2_noRT" "non-targeting_noRT"
"20903" "Gm31510" 0 NA NA NA NA 0 0 "Uqcrc2_noRT" "non-targeting_noRT"
"20904" "Gm45168" 0 NA NA NA NA 0 0 "Uqcrc2_noRT" "non-targeting_noRT"
"20905" "Gm45169" 0 NA NA NA NA 0 0 "Uqcrc2_noRT" "non-targeting_noRT"
"20906" "Rhcg" 0 NA NA NA NA 0 0 "Uqcrc2_noRT" "non-targeting_noRT"
"20907" "9330171B17Rik" 0 NA NA NA NA 0 0 "Uqcrc2_noRT" "non-targeting_noRT"
"20908" "Gm44706" 0 NA NA NA NA 0 0 "Uqcrc2_noRT" "non-targeting_noRT"
"20909" "Wdr93" 0 NA NA NA NA 0 0 "Uqcrc2_noRT" "non-targeting_noRT"
"20910" "Mesp1" 0 NA NA NA NA 0 0 "Uqcrc2_noRT" "non-targeting_noRT"
"20911" "Mesp2" 0 NA NA NA NA 0 0 "Uqcrc2_noRT" "non-targeting_noRT"
"20912" "Anpep" 0 NA NA NA NA 0 0 "Uqcrc2_noRT" "non-targeting_noRT"
"20913" "Gm21057" 0 NA NA NA NA 0 0 "Uqcrc2_noRT" "non-targeting_noRT"
"20914" "Gm44949" 0 NA NA NA NA 0 0 "Uqcrc2_noRT" "non-targeting_noRT"
"20915" "Gm45202" 0 NA NA NA NA 0 0 "Uqcrc2_noRT" "non-targeting_noRT"
"20916" "Ttll13" 0 NA NA NA NA 0 0 "Uqcrc2_noRT" "non-targeting_noRT"
"20917" "Gm44851" 0 NA NA NA NA 0 0 "Uqcrc2_noRT" "non-targeting_noRT"
"20918" "Gm15880" 0 NA NA NA NA 0 0 "Uqcrc2_noRT" "non-targeting_noRT"
"20919" "Gm44649" 0 NA NA NA NA 0 0 "Uqcrc2_noRT" "non-targeting_noRT"
"20920" "Gm44899" 0 NA NA NA NA 0 0 "Uqcrc2_noRT" "non-targeting_noRT"
"20921" "Alpk3" 0 NA NA NA NA 0 0 "Uqcrc2_noRT" "non-targeting_noRT"
"20922" "Platr32" 0 NA NA NA NA 0 0 "Uqcrc2_noRT" "non-targeting_noRT"
"20923" "Slc28a1" 0 NA NA NA NA 0 0 "Uqcrc2_noRT" "non-targeting_noRT"
"20924" "Gm44968" 0 NA NA NA NA 0 0 "Uqcrc2_noRT" "non-targeting_noRT"
"20925" "Ap3b2" 0 NA NA NA NA 0 0 "Uqcrc2_noRT" "non-targeting_noRT"
"20926" "BC048679" 0 NA NA NA NA 0 0 "Uqcrc2_noRT" "non-targeting_noRT"
"20927" "Fsd2" 0 NA NA NA NA 0 0 "Uqcrc2_noRT" "non-targeting_noRT"
"20928" "Gm44570" 0 NA NA NA NA 0 0 "Uqcrc2_noRT" "non-targeting_noRT"
"20929" "Gm45016" 0 NA NA NA NA 0 0 "Uqcrc2_noRT" "non-targeting_noRT"
"20930" "Gm10160" 0 NA NA NA NA 0 0 "Uqcrc2_noRT" "non-targeting_noRT"
"20931" "Gm45014" 0 NA NA NA NA 0 0 "Uqcrc2_noRT" "non-targeting_noRT"
"20932" "Hdgfl3" 0 NA NA NA NA 0 0 "Uqcrc2_noRT" "non-targeting_noRT"
"20933" "Bnc1" 0 NA NA NA NA 0 0 "Uqcrc2_noRT" "non-targeting_noRT"
"20934" "Gm20744" 0 NA NA NA NA 0 0 "Uqcrc2_noRT" "non-targeting_noRT"
"20935" "Gm45056" 0 NA NA NA NA 0 0 "Uqcrc2_noRT" "non-targeting_noRT"
"20936" "Gm32850" 0 NA NA NA NA 0 0 "Uqcrc2_noRT" "non-targeting_noRT"
"20937" "Gm45090" 0 NA NA NA NA 0 0 "Uqcrc2_noRT" "non-targeting_noRT"
"20938" "Sh3gl3" 0 NA NA NA NA 0 0 "Uqcrc2_noRT" "non-targeting_noRT"
"20939" "Adamtsl3" 0 NA NA NA NA 0 0 "Uqcrc2_noRT" "non-targeting_noRT"
"20940" "1700010L04Rik" 0 NA NA NA NA 0 0 "Uqcrc2_noRT" "non-targeting_noRT"
"20941" "Gm36584" 0 NA NA NA NA 0 0 "Uqcrc2_noRT" "non-targeting_noRT"
"20942" "4933430H16Rik" 0 NA NA NA NA 0 0 "Uqcrc2_noRT" "non-targeting_noRT"
"20943" "A530021J07Rik" 0 NA NA NA NA 0 0 "Uqcrc2_noRT" "non-targeting_noRT"
"20944" "5930435M05Rik" 0 NA NA NA NA 0 0 "Uqcrc2_noRT" "non-targeting_noRT"
"20945" "Gm44724" 0 NA NA NA NA 0 0 "Uqcrc2_noRT" "non-targeting_noRT"
"20946" "Gm44991" 0 NA NA NA NA 0 0 "Uqcrc2_noRT" "non-targeting_noRT"
"20947" "Gm10610" 0 NA NA NA NA 0 0 "Uqcrc2_noRT" "non-targeting_noRT"
"20948" "2310044K18Rik" 0 NA NA NA NA 0 0 "Uqcrc2_noRT" "non-targeting_noRT"
"20949" "Gm44993" 0 NA NA NA NA 0 0 "Uqcrc2_noRT" "non-targeting_noRT"
"20950" "Gm39043" 0 NA NA NA NA 0 0 "Uqcrc2_noRT" "non-targeting_noRT"
"20951" "Gm44827" 0 NA NA NA NA 0 0 "Uqcrc2_noRT" "non-targeting_noRT"
"20952" "Arnt2" 0 NA NA NA NA 0 0 "Uqcrc2_noRT" "non-targeting_noRT"
"20953" "Gm30873" 0 NA NA NA NA 0 0 "Uqcrc2_noRT" "non-targeting_noRT"
"20954" "Gm44933" 0 NA NA NA NA 0 0 "Uqcrc2_noRT" "non-targeting_noRT"
"20955" "Gm45175" 0 NA NA NA NA 0 0 "Uqcrc2_noRT" "non-targeting_noRT"
"20956" "Gm2115" 0 NA NA NA NA 0 0 "Uqcrc2_noRT" "non-targeting_noRT"
"20957" "2610206C17Rik" 0 NA NA NA NA 0 0 "Uqcrc2_noRT" "non-targeting_noRT"
"20958" "Olfr291" 0 NA NA NA NA 0 0 "Uqcrc2_noRT" "non-targeting_noRT"
"20959" "Olfr290" 0 NA NA NA NA 0 0 "Uqcrc2_noRT" "non-targeting_noRT"
"20960" "Olfr290.1" 0 NA NA NA NA 0 0 "Uqcrc2_noRT" "non-targeting_noRT"
"20961" "Vmn2r65" 0 NA NA NA NA 0 0 "Uqcrc2_noRT" "non-targeting_noRT"
"20962" "Vmn2r66" 0 NA NA NA NA 0 0 "Uqcrc2_noRT" "non-targeting_noRT"
"20963" "Vmn2r67" 0 NA NA NA NA 0 0 "Uqcrc2_noRT" "non-targeting_noRT"
"20964" "Vmn2r69" 0 NA NA NA NA 0 0 "Uqcrc2_noRT" "non-targeting_noRT"
"20965" "Vmn2r70" 0 NA NA NA NA 0 0 "Uqcrc2_noRT" "non-targeting_noRT"
"20966" "Vmn2r71" 0 NA NA NA NA 0 0 "Uqcrc2_noRT" "non-targeting_noRT"
"20967" "Vmn2r72" 0 NA NA NA NA 0 0 "Uqcrc2_noRT" "non-targeting_noRT"
"20968" "Vmn2r73" 0 NA NA NA NA 0 0 "Uqcrc2_noRT" "non-targeting_noRT"
"20969" "Vmn2r74" 0 NA NA NA NA 0 0 "Uqcrc2_noRT" "non-targeting_noRT"
"20970" "Vmn2r75" 0 NA NA NA NA 0 0 "Uqcrc2_noRT" "non-targeting_noRT"
"20971" "Vmn2r76" 0 NA NA NA NA 0 0 "Uqcrc2_noRT" "non-targeting_noRT"
"20972" "Olfr310" 0 NA NA NA NA 0 0 "Uqcrc2_noRT" "non-targeting_noRT"
"20973" "Olfr309" 0 NA NA NA NA 0 0 "Uqcrc2_noRT" "non-targeting_noRT"
"20974" "Olfr308" 0 NA NA NA NA 0 0 "Uqcrc2_noRT" "non-targeting_noRT"
"20975" "Olfr307" 0 NA NA NA NA 0 0 "Uqcrc2_noRT" "non-targeting_noRT"
"20976" "Olfr305" 0 NA NA NA NA 0 0 "Uqcrc2_noRT" "non-targeting_noRT"
"20977" "Olfr304" 0 NA NA NA NA 0 0 "Uqcrc2_noRT" "non-targeting_noRT"
"20978" "Olfr303" 0 NA NA NA NA 0 0 "Uqcrc2_noRT" "non-targeting_noRT"
"20979" "Olfr301" 0 NA NA NA NA 0 0 "Uqcrc2_noRT" "non-targeting_noRT"
"20980" "Olfr299" 0 NA NA NA NA 0 0 "Uqcrc2_noRT" "non-targeting_noRT"
"20981" "Olfr298" 0 NA NA NA NA 0 0 "Uqcrc2_noRT" "non-targeting_noRT"
"20982" "Olfr297" 0 NA NA NA NA 0 0 "Uqcrc2_noRT" "non-targeting_noRT"
"20983" "Olfr295" 0 NA NA NA NA 0 0 "Uqcrc2_noRT" "non-targeting_noRT"
"20984" "Olfr294" 0 NA NA NA NA 0 0 "Uqcrc2_noRT" "non-targeting_noRT"
"20985" "Olfr293" 0 NA NA NA NA 0 0 "Uqcrc2_noRT" "non-targeting_noRT"
"20986" "Olfr292" 0 NA NA NA NA 0 0 "Uqcrc2_noRT" "non-targeting_noRT"
"20987" "Folh1" 0 NA NA NA NA 0 0 "Uqcrc2_noRT" "non-targeting_noRT"
"20988" "Vmn2r77" 0 NA NA NA NA 0 0 "Uqcrc2_noRT" "non-targeting_noRT"
"20989" "Vmn2r78" 0 NA NA NA NA 0 0 "Uqcrc2_noRT" "non-targeting_noRT"
"20990" "Nox4" 0 NA NA NA NA 0 0 "Uqcrc2_noRT" "non-targeting_noRT"
"20991" "Tyr" 0 NA NA NA NA 0 0 "Uqcrc2_noRT" "non-targeting_noRT"
"20992" "Grm5" 0 NA NA NA NA 0 0 "Uqcrc2_noRT" "non-targeting_noRT"
"20993" "Ctsc" 0 NA NA NA NA 0 0 "Uqcrc2_noRT" "non-targeting_noRT"
"20994" "Gm44751" 0 NA NA NA NA 0 0 "Uqcrc2_noRT" "non-targeting_noRT"
"20995" "Rab38" 0 NA NA NA NA 0 0 "Uqcrc2_noRT" "non-targeting_noRT"
"20996" "Gm45144" 0 NA NA NA NA 0 0 "Uqcrc2_noRT" "non-targeting_noRT"
"20997" "Gm44995" 0 NA NA NA NA 0 0 "Uqcrc2_noRT" "non-targeting_noRT"
"20998" "AI314278" 0 NA NA NA NA 0 0 "Uqcrc2_noRT" "non-targeting_noRT"
"20999" "Prss23" 0 NA NA NA NA 0 0 "Uqcrc2_noRT" "non-targeting_noRT"
"21000" "Prss23os" 0 NA NA NA NA 0 0 "Uqcrc2_noRT" "non-targeting_noRT"
"21001" "Gm45064" 0 NA NA NA NA 0 0 "Uqcrc2_noRT" "non-targeting_noRT"
"21002" "A230065N10Rik" 0 NA NA NA NA 0 0 "Uqcrc2_noRT" "non-targeting_noRT"
"21003" "Me3" 0 NA NA NA NA 0 0 "Uqcrc2_noRT" "non-targeting_noRT"
"21004" "Ccdc81" 0 NA NA NA NA 0 0 "Uqcrc2_noRT" "non-targeting_noRT"
"21005" "Ccdc83" 0 NA NA NA NA 0 0 "Uqcrc2_noRT" "non-targeting_noRT"
"21006" "Ccdc89" 0 NA NA NA NA 0 0 "Uqcrc2_noRT" "non-targeting_noRT"
"21007" "Gm45159" 0 NA NA NA NA 0 0 "Uqcrc2_noRT" "non-targeting_noRT"
"21008" "4930567K12Rik" 0 NA NA NA NA 0 0 "Uqcrc2_noRT" "non-targeting_noRT"
"21009" "Gm26862" 0 NA NA NA NA 0 0 "Uqcrc2_noRT" "non-targeting_noRT"
"21010" "Gm9934" 0 NA NA NA NA 0 0 "Uqcrc2_noRT" "non-targeting_noRT"
"21011" "Gm44947" 0 NA NA NA NA 0 0 "Uqcrc2_noRT" "non-targeting_noRT"
"21012" "Gm45037" 0 NA NA NA NA 0 0 "Uqcrc2_noRT" "non-targeting_noRT"
"21013" "Gm32647" 0 NA NA NA NA 0 0 "Uqcrc2_noRT" "non-targeting_noRT"
"21014" "Gm44601" 0 NA NA NA NA 0 0 "Uqcrc2_noRT" "non-targeting_noRT"
"21015" "Gm15412" 0 NA NA NA NA 0 0 "Uqcrc2_noRT" "non-targeting_noRT"
"21016" "Gm15414" 0 NA NA NA NA 0 0 "Uqcrc2_noRT" "non-targeting_noRT"
"21017" "Gm15413" 0 NA NA NA NA 0 0 "Uqcrc2_noRT" "non-targeting_noRT"
"21018" "Gm15416" 0 NA NA NA NA 0 0 "Uqcrc2_noRT" "non-targeting_noRT"
"21019" "Thrsp" 0 NA NA NA NA 0 0 "Uqcrc2_noRT" "non-targeting_noRT"
"21020" "Rsf1os1" 0 NA NA NA NA 0 0 "Uqcrc2_noRT" "non-targeting_noRT"
"21021" "Rsf1os2" 0 NA NA NA NA 0 0 "Uqcrc2_noRT" "non-targeting_noRT"
"21022" "Gdpd4" 0 NA NA NA NA 0 0 "Uqcrc2_noRT" "non-targeting_noRT"
"21023" "Gm16938" 0 NA NA NA NA 0 0 "Uqcrc2_noRT" "non-targeting_noRT"
"21024" "B3gnt6" 0 NA NA NA NA 0 0 "Uqcrc2_noRT" "non-targeting_noRT"
"21025" "Gm44507" 0 NA NA NA NA 0 0 "Uqcrc2_noRT" "non-targeting_noRT"
"21026" "Gucy2d" 0 NA NA NA NA 0 0 "Uqcrc2_noRT" "non-targeting_noRT"
"21027" "Lrrc32" 0 NA NA NA NA 0 0 "Uqcrc2_noRT" "non-targeting_noRT"
"21028" "A630091E08Rik" 0 NA NA NA NA 0 0 "Uqcrc2_noRT" "non-targeting_noRT"
"21029" "Gm19656" 0 NA NA NA NA 0 0 "Uqcrc2_noRT" "non-targeting_noRT"
"21030" "Gm44934" 0 NA NA NA NA 0 0 "Uqcrc2_noRT" "non-targeting_noRT"
"21031" "Wnt11" 0 NA NA NA NA 0 0 "Uqcrc2_noRT" "non-targeting_noRT"
"21032" "Gm45188" 0 NA NA NA NA 0 0 "Uqcrc2_noRT" "non-targeting_noRT"
"21033" "Gm45012" 0 NA NA NA NA 0 0 "Uqcrc2_noRT" "non-targeting_noRT"
"21034" "Gm26705" 0 NA NA NA NA 0 0 "Uqcrc2_noRT" "non-targeting_noRT"
"21035" "Klhl35" 0 NA NA NA NA 0 0 "Uqcrc2_noRT" "non-targeting_noRT"
"21036" "Tpbgl" 0 NA NA NA NA 0 0 "Uqcrc2_noRT" "non-targeting_noRT"
"21037" "Gm10605" 0 NA NA NA NA 0 0 "Uqcrc2_noRT" "non-targeting_noRT"
"21038" "Slco2b1" 0 NA NA NA NA 0 0 "Uqcrc2_noRT" "non-targeting_noRT"
"21039" "Gm15635" 0 NA NA NA NA 0 0 "Uqcrc2_noRT" "non-targeting_noRT"
"21040" "Gm34280" 0 NA NA NA NA 0 0 "Uqcrc2_noRT" "non-targeting_noRT"
"21041" "Olfr520" 0 NA NA NA NA 0 0 "Uqcrc2_noRT" "non-targeting_noRT"
"21042" "Olfr521" 0 NA NA NA NA 0 0 "Uqcrc2_noRT" "non-targeting_noRT"
"21043" "F730035P03Rik" 0 NA NA NA NA 0 0 "Uqcrc2_noRT" "non-targeting_noRT"
"21044" "Neu3" 0 NA NA NA NA 0 0 "Uqcrc2_noRT" "non-targeting_noRT"
"21045" "Xrra1" 0 NA NA NA NA 0 0 "Uqcrc2_noRT" "non-targeting_noRT"
"21046" "Gm38405" 0 NA NA NA NA 0 0 "Uqcrc2_noRT" "non-targeting_noRT"
"21047" "Gm34821" 0 NA NA NA NA 0 0 "Uqcrc2_noRT" "non-targeting_noRT"
"21048" "Kcne3" 0 NA NA NA NA 0 0 "Uqcrc2_noRT" "non-targeting_noRT"
"21049" "P4ha3" 0 NA NA NA NA 0 0 "Uqcrc2_noRT" "non-targeting_noRT"
"21050" "Gm10603" 0 NA NA NA NA 0 0 "Uqcrc2_noRT" "non-targeting_noRT"
"21051" "Ucp3" 0 NA NA NA NA 0 0 "Uqcrc2_noRT" "non-targeting_noRT"
"21052" "Gm39059" 0 NA NA NA NA 0 0 "Uqcrc2_noRT" "non-targeting_noRT"
"21053" "Gm20476" 0 NA NA NA NA 0 0 "Uqcrc2_noRT" "non-targeting_noRT"
"21054" "Pde2a" 0 NA NA NA NA 0 0 "Uqcrc2_noRT" "non-targeting_noRT"
"21055" "Gm35363" 0 NA NA NA NA 0 0 "Uqcrc2_noRT" "non-targeting_noRT"
"21056" "Phox2a" 0 NA NA NA NA 0 0 "Uqcrc2_noRT" "non-targeting_noRT"
"21057" "Tomt" 0 NA NA NA NA 0 0 "Uqcrc2_noRT" "non-targeting_noRT"
"21058" "Art1" 0 NA NA NA NA 0 0 "Uqcrc2_noRT" "non-targeting_noRT"
"21059" "Chrna10" 0 NA NA NA NA 0 0 "Uqcrc2_noRT" "non-targeting_noRT"
"21060" "AC139579.1" 0 NA NA NA NA 0 0 "Uqcrc2_noRT" "non-targeting_noRT"
"21061" "Olfr543" 0 NA NA NA NA 0 0 "Uqcrc2_noRT" "non-targeting_noRT"
"21062" "Olfr544" 0 NA NA NA NA 0 0 "Uqcrc2_noRT" "non-targeting_noRT"
"21063" "Olfr545" 0 NA NA NA NA 0 0 "Uqcrc2_noRT" "non-targeting_noRT"
"21064" "Olfr547" 0 NA NA NA NA 0 0 "Uqcrc2_noRT" "non-targeting_noRT"
"21065" "Olfr548-ps1" 0 NA NA NA NA 0 0 "Uqcrc2_noRT" "non-targeting_noRT"
"21066" "Olfr549" 0 NA NA NA NA 0 0 "Uqcrc2_noRT" "non-targeting_noRT"
"21067" "Olfr550" 0 NA NA NA NA 0 0 "Uqcrc2_noRT" "non-targeting_noRT"
"21068" "Olfr551" 0 NA NA NA NA 0 0 "Uqcrc2_noRT" "non-targeting_noRT"
"21069" "Olfr552" 0 NA NA NA NA 0 0 "Uqcrc2_noRT" "non-targeting_noRT"
"21070" "Olfr554" 0 NA NA NA NA 0 0 "Uqcrc2_noRT" "non-targeting_noRT"
"21071" "Olfr555" 0 NA NA NA NA 0 0 "Uqcrc2_noRT" "non-targeting_noRT"
"21072" "Olfr556" 0 NA NA NA NA 0 0 "Uqcrc2_noRT" "non-targeting_noRT"
"21073" "Olfr557" 0 NA NA NA NA 0 0 "Uqcrc2_noRT" "non-targeting_noRT"
"21074" "Olfr558" 0 NA NA NA NA 0 0 "Uqcrc2_noRT" "non-targeting_noRT"
"21075" "Olfr33" 0 NA NA NA NA 0 0 "Uqcrc2_noRT" "non-targeting_noRT"
"21076" "Olfr559" 0 NA NA NA NA 0 0 "Uqcrc2_noRT" "non-targeting_noRT"
"21077" "Olfr78" 0 NA NA NA NA 0 0 "Uqcrc2_noRT" "non-targeting_noRT"
"21078" "Olfr560" 0 NA NA NA NA 0 0 "Uqcrc2_noRT" "non-targeting_noRT"
"21079" "Olfr561" 0 NA NA NA NA 0 0 "Uqcrc2_noRT" "non-targeting_noRT"
"21080" "Olfr564" 0 NA NA NA NA 0 0 "Uqcrc2_noRT" "non-targeting_noRT"
"21081" "Olfr566" 0 NA NA NA NA 0 0 "Uqcrc2_noRT" "non-targeting_noRT"
"21082" "Olfr568" 0 NA NA NA NA 0 0 "Uqcrc2_noRT" "non-targeting_noRT"
"21083" "Olfr569" 0 NA NA NA NA 0 0 "Uqcrc2_noRT" "non-targeting_noRT"
"21084" "Olfr570" 0 NA NA NA NA 0 0 "Uqcrc2_noRT" "non-targeting_noRT"
"21085" "Olfr571" 0 NA NA NA NA 0 0 "Uqcrc2_noRT" "non-targeting_noRT"
"21086" "Olfr572" 0 NA NA NA NA 0 0 "Uqcrc2_noRT" "non-targeting_noRT"
"21087" "Olfr573-ps1" 0 NA NA NA NA 0 0 "Uqcrc2_noRT" "non-targeting_noRT"
"21088" "Olfr574" 0 NA NA NA NA 0 0 "Uqcrc2_noRT" "non-targeting_noRT"
"21089" "Olfr575" 0 NA NA NA NA 0 0 "Uqcrc2_noRT" "non-targeting_noRT"
"21090" "Olfr576" 0 NA NA NA NA 0 0 "Uqcrc2_noRT" "non-targeting_noRT"
"21091" "Olfr577" 0 NA NA NA NA 0 0 "Uqcrc2_noRT" "non-targeting_noRT"
"21092" "Olfr578" 0 NA NA NA NA 0 0 "Uqcrc2_noRT" "non-targeting_noRT"
"21093" "Olfr582" 0 NA NA NA NA 0 0 "Uqcrc2_noRT" "non-targeting_noRT"
"21094" "Olfr583" 0 NA NA NA NA 0 0 "Uqcrc2_noRT" "non-targeting_noRT"
"21095" "Olfr584" 0 NA NA NA NA 0 0 "Uqcrc2_noRT" "non-targeting_noRT"
"21096" "Olfr585" 0 NA NA NA NA 0 0 "Uqcrc2_noRT" "non-targeting_noRT"
"21097" "Olfr586" 0 NA NA NA NA 0 0 "Uqcrc2_noRT" "non-targeting_noRT"
"21098" "Olfr588-ps1" 0 NA NA NA NA 0 0 "Uqcrc2_noRT" "non-targeting_noRT"
"21099" "Olfr589" 0 NA NA NA NA 0 0 "Uqcrc2_noRT" "non-targeting_noRT"
"21100" "Olfr591" 0 NA NA NA NA 0 0 "Uqcrc2_noRT" "non-targeting_noRT"
"21101" "Olfr592" 0 NA NA NA NA 0 0 "Uqcrc2_noRT" "non-targeting_noRT"
"21102" "Olfr593" 0 NA NA NA NA 0 0 "Uqcrc2_noRT" "non-targeting_noRT"
"21103" "Olfr594" 0 NA NA NA NA 0 0 "Uqcrc2_noRT" "non-targeting_noRT"
"21104" "Usp17ld" 0 NA NA NA NA 0 0 "Uqcrc2_noRT" "non-targeting_noRT"
"21105" "Olfr596" 0 NA NA NA NA 0 0 "Uqcrc2_noRT" "non-targeting_noRT"
"21106" "Olfr597" 0 NA NA NA NA 0 0 "Uqcrc2_noRT" "non-targeting_noRT"
"21107" "Olfr598" 0 NA NA NA NA 0 0 "Uqcrc2_noRT" "non-targeting_noRT"
"21108" "Olfr599" 0 NA NA NA NA 0 0 "Uqcrc2_noRT" "non-targeting_noRT"
"21109" "Olfr600" 0 NA NA NA NA 0 0 "Uqcrc2_noRT" "non-targeting_noRT"
"21110" "Olfr601" 0 NA NA NA NA 0 0 "Uqcrc2_noRT" "non-targeting_noRT"
"21111" "Olfr603" 0 NA NA NA NA 0 0 "Uqcrc2_noRT" "non-targeting_noRT"
"21112" "Usp17lc" 0 NA NA NA NA 0 0 "Uqcrc2_noRT" "non-targeting_noRT"
"21113" "Olfr605" 0 NA NA NA NA 0 0 "Uqcrc2_noRT" "non-targeting_noRT"
"21114" "Olfr606" 0 NA NA NA NA 0 0 "Uqcrc2_noRT" "non-targeting_noRT"
"21115" "Olfr607" 0 NA NA NA NA 0 0 "Uqcrc2_noRT" "non-targeting_noRT"
"21116" "Olfr608" 0 NA NA NA NA 0 0 "Uqcrc2_noRT" "non-targeting_noRT"
"21117" "Olfr609" 0 NA NA NA NA 0 0 "Uqcrc2_noRT" "non-targeting_noRT"
"21118" "Olfr610" 0 NA NA NA NA 0 0 "Uqcrc2_noRT" "non-targeting_noRT"
"21119" "Olfr611" 0 NA NA NA NA 0 0 "Uqcrc2_noRT" "non-targeting_noRT"
"21120" "Olfr612" 0 NA NA NA NA 0 0 "Uqcrc2_noRT" "non-targeting_noRT"
"21121" "Olfr613" 0 NA NA NA NA 0 0 "Uqcrc2_noRT" "non-targeting_noRT"
"21122" "Olfr615" 0 NA NA NA NA 0 0 "Uqcrc2_noRT" "non-targeting_noRT"
"21123" "Olfr616" 0 NA NA NA NA 0 0 "Uqcrc2_noRT" "non-targeting_noRT"
"21124" "Olfr617" 0 NA NA NA NA 0 0 "Uqcrc2_noRT" "non-targeting_noRT"
"21125" "Olfr618" 0 NA NA NA NA 0 0 "Uqcrc2_noRT" "non-targeting_noRT"
"21126" "Olfr619" 0 NA NA NA NA 0 0 "Uqcrc2_noRT" "non-targeting_noRT"
"21127" "Olfr620" 0 NA NA NA NA 0 0 "Uqcrc2_noRT" "non-targeting_noRT"
"21128" "Olfr622" 0 NA NA NA NA 0 0 "Uqcrc2_noRT" "non-targeting_noRT"
"21129" "Olfr623" 0 NA NA NA NA 0 0 "Uqcrc2_noRT" "non-targeting_noRT"
"21130" "Olfr624" 0 NA NA NA NA 0 0 "Uqcrc2_noRT" "non-targeting_noRT"
"21131" "Olfr625-ps1" 0 NA NA NA NA 0 0 "Uqcrc2_noRT" "non-targeting_noRT"
"21132" "Olfr243" 0 NA NA NA NA 0 0 "Uqcrc2_noRT" "non-targeting_noRT"
"21133" "Olfr628" 0 NA NA NA NA 0 0 "Uqcrc2_noRT" "non-targeting_noRT"
"21134" "Olfr629" 0 NA NA NA NA 0 0 "Uqcrc2_noRT" "non-targeting_noRT"
"21135" "Olfr630" 0 NA NA NA NA 0 0 "Uqcrc2_noRT" "non-targeting_noRT"
"21136" "Olfr69" 0 NA NA NA NA 0 0 "Uqcrc2_noRT" "non-targeting_noRT"
"21137" "Olfr68" 0 NA NA NA NA 0 0 "Uqcrc2_noRT" "non-targeting_noRT"
"21138" "Olfr67" 0 NA NA NA NA 0 0 "Uqcrc2_noRT" "non-targeting_noRT"
"21139" "Hbb-bt" 0 NA NA NA NA 0 0 "Uqcrc2_noRT" "non-targeting_noRT"
"21140" "Hbb-bs" 0 NA NA NA NA 0 0 "Uqcrc2_noRT" "non-targeting_noRT"
"21141" "Hbb-bh2" 0 NA NA NA NA 0 0 "Uqcrc2_noRT" "non-targeting_noRT"
"21142" "Hbb-bh1" 0 NA NA NA NA 0 0 "Uqcrc2_noRT" "non-targeting_noRT"
"21143" "Hbb-y" 0 NA NA NA NA 0 0 "Uqcrc2_noRT" "non-targeting_noRT"
"21144" "Olfr66" 0 NA NA NA NA 0 0 "Uqcrc2_noRT" "non-targeting_noRT"
"21145" "Olfr64" 0 NA NA NA NA 0 0 "Uqcrc2_noRT" "non-targeting_noRT"
"21146" "Olfr65" 0 NA NA NA NA 0 0 "Uqcrc2_noRT" "non-targeting_noRT"
"21147" "Olfr631" 0 NA NA NA NA 0 0 "Uqcrc2_noRT" "non-targeting_noRT"
"21148" "Olfr632" 0 NA NA NA NA 0 0 "Uqcrc2_noRT" "non-targeting_noRT"
"21149" "Olfr633" 0 NA NA NA NA 0 0 "Uqcrc2_noRT" "non-targeting_noRT"
"21150" "Olfr635" 0 NA NA NA NA 0 0 "Uqcrc2_noRT" "non-targeting_noRT"
"21151" "Olfr638" 0 NA NA NA NA 0 0 "Uqcrc2_noRT" "non-targeting_noRT"
"21152" "Olfr639" 0 NA NA NA NA 0 0 "Uqcrc2_noRT" "non-targeting_noRT"
"21153" "Olfr640" 0 NA NA NA NA 0 0 "Uqcrc2_noRT" "non-targeting_noRT"
"21154" "Olfr641" 0 NA NA NA NA 0 0 "Uqcrc2_noRT" "non-targeting_noRT"
"21155" "Olfr642" 0 NA NA NA NA 0 0 "Uqcrc2_noRT" "non-targeting_noRT"
"21156" "4930516K23Rik" 0 NA NA NA NA 0 0 "Uqcrc2_noRT" "non-targeting_noRT"
"21157" "Olfr644" 0 NA NA NA NA 0 0 "Uqcrc2_noRT" "non-targeting_noRT"
"21158" "Olfr645" 0 NA NA NA NA 0 0 "Uqcrc2_noRT" "non-targeting_noRT"
"21159" "Olfr646" 0 NA NA NA NA 0 0 "Uqcrc2_noRT" "non-targeting_noRT"
"21160" "Ubqln5" 0 NA NA NA NA 0 0 "Uqcrc2_noRT" "non-targeting_noRT"
"21161" "Ubqln3" 0 NA NA NA NA 0 0 "Uqcrc2_noRT" "non-targeting_noRT"
"21162" "Ubqlnl" 0 NA NA NA NA 0 0 "Uqcrc2_noRT" "non-targeting_noRT"
"21163" "Olfm5" 0 NA NA NA NA 0 0 "Uqcrc2_noRT" "non-targeting_noRT"
"21164" "Olfr648" 0 NA NA NA NA 0 0 "Uqcrc2_noRT" "non-targeting_noRT"
"21165" "Olfr649" 0 NA NA NA NA 0 0 "Uqcrc2_noRT" "non-targeting_noRT"
"21166" "Gm47248" 0 NA NA NA NA 0 0 "Uqcrc2_noRT" "non-targeting_noRT"
"21167" "Trim34b" 0 NA NA NA NA 0 0 "Uqcrc2_noRT" "non-targeting_noRT"
"21168" "Trim30b" 0 NA NA NA NA 0 0 "Uqcrc2_noRT" "non-targeting_noRT"
"21169" "Trim30c" 0 NA NA NA NA 0 0 "Uqcrc2_noRT" "non-targeting_noRT"
"21170" "Olfr651" 0 NA NA NA NA 0 0 "Uqcrc2_noRT" "non-targeting_noRT"
"21171" "Olfr652" 0 NA NA NA NA 0 0 "Uqcrc2_noRT" "non-targeting_noRT"
"21172" "Olfr653" 0 NA NA NA NA 0 0 "Uqcrc2_noRT" "non-targeting_noRT"
"21173" "Olfr654" 0 NA NA NA NA 0 0 "Uqcrc2_noRT" "non-targeting_noRT"
"21174" "Olfr655" 0 NA NA NA NA 0 0 "Uqcrc2_noRT" "non-targeting_noRT"
"21175" "Olfr656" 0 NA NA NA NA 0 0 "Uqcrc2_noRT" "non-targeting_noRT"
"21176" "Olfr657" 0 NA NA NA NA 0 0 "Uqcrc2_noRT" "non-targeting_noRT"
"21177" "Olfr658" 0 NA NA NA NA 0 0 "Uqcrc2_noRT" "non-targeting_noRT"
"21178" "Olfr659" 0 NA NA NA NA 0 0 "Uqcrc2_noRT" "non-targeting_noRT"
"21179" "Olfr661" 0 NA NA NA NA 0 0 "Uqcrc2_noRT" "non-targeting_noRT"
"21180" "Usp17le" 0 NA NA NA NA 0 0 "Uqcrc2_noRT" "non-targeting_noRT"
"21181" "Usp17lb" 0 NA NA NA NA 0 0 "Uqcrc2_noRT" "non-targeting_noRT"
"21182" "Usp17la" 0 NA NA NA NA 0 0 "Uqcrc2_noRT" "non-targeting_noRT"
"21183" "Gm45556" 0 NA NA NA NA 0 0 "Uqcrc2_noRT" "non-targeting_noRT"
"21184" "Olfr665" 0 NA NA NA NA 0 0 "Uqcrc2_noRT" "non-targeting_noRT"
"21185" "Olfr666" 0 NA NA NA NA 0 0 "Uqcrc2_noRT" "non-targeting_noRT"
"21186" "Gm45272" 0 NA NA NA NA 0 0 "Uqcrc2_noRT" "non-targeting_noRT"
"21187" "Olfr667" 0 NA NA NA NA 0 0 "Uqcrc2_noRT" "non-targeting_noRT"
"21188" "Olfr668" 0 NA NA NA NA 0 0 "Uqcrc2_noRT" "non-targeting_noRT"
"21189" "Olfr669" 0 NA NA NA NA 0 0 "Uqcrc2_noRT" "non-targeting_noRT"
"21190" "Olfr670" 0 NA NA NA NA 0 0 "Uqcrc2_noRT" "non-targeting_noRT"
"21191" "Olfr671" 0 NA NA NA NA 0 0 "Uqcrc2_noRT" "non-targeting_noRT"
"21192" "Olfr672" 0 NA NA NA NA 0 0 "Uqcrc2_noRT" "non-targeting_noRT"
"21193" "Olfr675" 0 NA NA NA NA 0 0 "Uqcrc2_noRT" "non-targeting_noRT"
"21194" "Olfr676" 0 NA NA NA NA 0 0 "Uqcrc2_noRT" "non-targeting_noRT"
"21195" "Olfr677" 0 NA NA NA NA 0 0 "Uqcrc2_noRT" "non-targeting_noRT"
"21196" "Olfr678" 0 NA NA NA NA 0 0 "Uqcrc2_noRT" "non-targeting_noRT"
"21197" "Gm45557" 0 NA NA NA NA 0 0 "Uqcrc2_noRT" "non-targeting_noRT"
"21198" "Olfr679" 0 NA NA NA NA 0 0 "Uqcrc2_noRT" "non-targeting_noRT"
"21199" "Olfr680-ps1" 0 NA NA NA NA 0 0 "Uqcrc2_noRT" "non-targeting_noRT"
"21200" "Gm45558" 0 NA NA NA NA 0 0 "Uqcrc2_noRT" "non-targeting_noRT"
"21201" "Olfr681" 0 NA NA NA NA 0 0 "Uqcrc2_noRT" "non-targeting_noRT"
"21202" "Olfr683" 0 NA NA NA NA 0 0 "Uqcrc2_noRT" "non-targeting_noRT"
"21203" "Olfr684" 0 NA NA NA NA 0 0 "Uqcrc2_noRT" "non-targeting_noRT"
"21204" "Olfr685" 0 NA NA NA NA 0 0 "Uqcrc2_noRT" "non-targeting_noRT"
"21205" "Olfr686" 0 NA NA NA NA 0 0 "Uqcrc2_noRT" "non-targeting_noRT"
"21206" "Olfr688" 0 NA NA NA NA 0 0 "Uqcrc2_noRT" "non-targeting_noRT"
"21207" "Olfr689" 0 NA NA NA NA 0 0 "Uqcrc2_noRT" "non-targeting_noRT"
"21208" "Olfr690" 0 NA NA NA NA 0 0 "Uqcrc2_noRT" "non-targeting_noRT"
"21209" "Olfr691" 0 NA NA NA NA 0 0 "Uqcrc2_noRT" "non-targeting_noRT"
"21210" "Olfr692" 0 NA NA NA NA 0 0 "Uqcrc2_noRT" "non-targeting_noRT"
"21211" "Gm5901" 0 NA NA NA NA 0 0 "Uqcrc2_noRT" "non-targeting_noRT"
"21212" "Gm45885" 0 NA NA NA NA 0 0 "Uqcrc2_noRT" "non-targeting_noRT"
"21213" "Cnga4" 0 NA NA NA NA 0 0 "Uqcrc2_noRT" "non-targeting_noRT"
"21214" "Cckbr" 0 NA NA NA NA 0 0 "Uqcrc2_noRT" "non-targeting_noRT"
"21215" "Hpx" 0 NA NA NA NA 0 0 "Uqcrc2_noRT" "non-targeting_noRT"
"21216" "Dchs1" 0 NA NA NA NA 0 0 "Uqcrc2_noRT" "non-targeting_noRT"
"21217" "Olfr693" 0 NA NA NA NA 0 0 "Uqcrc2_noRT" "non-targeting_noRT"
"21218" "Olfr694" 0 NA NA NA NA 0 0 "Uqcrc2_noRT" "non-targeting_noRT"
"21219" "Olfr695" 0 NA NA NA NA 0 0 "Uqcrc2_noRT" "non-targeting_noRT"
"21220" "Olfr697" 0 NA NA NA NA 0 0 "Uqcrc2_noRT" "non-targeting_noRT"
"21221" "Olfr698" 0 NA NA NA NA 0 0 "Uqcrc2_noRT" "non-targeting_noRT"
"21222" "Olfr699" 0 NA NA NA NA 0 0 "Uqcrc2_noRT" "non-targeting_noRT"
"21223" "Olfr700" 0 NA NA NA NA 0 0 "Uqcrc2_noRT" "non-targeting_noRT"
"21224" "4930458B22Rik" 0 NA NA NA NA 0 0 "Uqcrc2_noRT" "non-targeting_noRT"
"21225" "Olfr701" 0 NA NA NA NA 0 0 "Uqcrc2_noRT" "non-targeting_noRT"
"21226" "Olfr702" 0 NA NA NA NA 0 0 "Uqcrc2_noRT" "non-targeting_noRT"
"21227" "Olfr703" 0 NA NA NA NA 0 0 "Uqcrc2_noRT" "non-targeting_noRT"
"21228" "Olfr704" 0 NA NA NA NA 0 0 "Uqcrc2_noRT" "non-targeting_noRT"
"21229" "Olfr705" 0 NA NA NA NA 0 0 "Uqcrc2_noRT" "non-targeting_noRT"
"21230" "Olfr706" 0 NA NA NA NA 0 0 "Uqcrc2_noRT" "non-targeting_noRT"
"21231" "Olfr707" 0 NA NA NA NA 0 0 "Uqcrc2_noRT" "non-targeting_noRT"
"21232" "Olfr1532-ps1" 0 NA NA NA NA 0 0 "Uqcrc2_noRT" "non-targeting_noRT"
"21233" "Olfr709-ps1" 0 NA NA NA NA 0 0 "Uqcrc2_noRT" "non-targeting_noRT"
"21234" "Olfr710" 0 NA NA NA NA 0 0 "Uqcrc2_noRT" "non-targeting_noRT"
"21235" "Olfr6" 0 NA NA NA NA 0 0 "Uqcrc2_noRT" "non-targeting_noRT"
"21236" "Olfr711" 0 NA NA NA NA 0 0 "Uqcrc2_noRT" "non-targeting_noRT"
"21237" "Olfr2" 0 NA NA NA NA 0 0 "Uqcrc2_noRT" "non-targeting_noRT"
"21238" "Olfr713" 0 NA NA NA NA 0 0 "Uqcrc2_noRT" "non-targeting_noRT"
"21239" "Olfr17" 0 NA NA NA NA 0 0 "Uqcrc2_noRT" "non-targeting_noRT"
"21240" "Olfr715b" 0 NA NA NA NA 0 0 "Uqcrc2_noRT" "non-targeting_noRT"
"21241" "Gm45868" 0 NA NA NA NA 0 0 "Uqcrc2_noRT" "non-targeting_noRT"
"21242" "Olfr715" 0 NA NA NA NA 0 0 "Uqcrc2_noRT" "non-targeting_noRT"
"21243" "Olfr716" 0 NA NA NA NA 0 0 "Uqcrc2_noRT" "non-targeting_noRT"
"21244" "Nlrp14" 0 NA NA NA NA 0 0 "Uqcrc2_noRT" "non-targeting_noRT"
"21245" "Rbmxl2" 0 NA NA NA NA 0 0 "Uqcrc2_noRT" "non-targeting_noRT"
"21246" "Platr28" 0 NA NA NA NA 0 0 "Uqcrc2_noRT" "non-targeting_noRT"
"21247" "Syt9" 0 NA NA NA NA 0 0 "Uqcrc2_noRT" "non-targeting_noRT"
"21248" "Olfml1" 0 NA NA NA NA 0 0 "Uqcrc2_noRT" "non-targeting_noRT"
"21249" "Gm44773" 0 NA NA NA NA 0 0 "Uqcrc2_noRT" "non-targeting_noRT"
"21250" "Gm45040" 0 NA NA NA NA 0 0 "Uqcrc2_noRT" "non-targeting_noRT"
"21251" "Ovch2" 0 NA NA NA NA 0 0 "Uqcrc2_noRT" "non-targeting_noRT"
"21252" "Olfr467" 0 NA NA NA NA 0 0 "Uqcrc2_noRT" "non-targeting_noRT"
"21253" "Olfr469" 0 NA NA NA NA 0 0 "Uqcrc2_noRT" "non-targeting_noRT"
"21254" "Olfr470" 0 NA NA NA NA 0 0 "Uqcrc2_noRT" "non-targeting_noRT"
"21255" "Olfr472" 0 NA NA NA NA 0 0 "Uqcrc2_noRT" "non-targeting_noRT"
"21256" "Olfr473" 0 NA NA NA NA 0 0 "Uqcrc2_noRT" "non-targeting_noRT"
"21257" "Olfr474" 0 NA NA NA NA 0 0 "Uqcrc2_noRT" "non-targeting_noRT"
"21258" "Olfr476" 0 NA NA NA NA 0 0 "Uqcrc2_noRT" "non-targeting_noRT"
"21259" "Olfr477" 0 NA NA NA NA 0 0 "Uqcrc2_noRT" "non-targeting_noRT"
"21260" "Olfr478" 0 NA NA NA NA 0 0 "Uqcrc2_noRT" "non-targeting_noRT"
"21261" "Olfr479" 0 NA NA NA NA 0 0 "Uqcrc2_noRT" "non-targeting_noRT"
"21262" "Olfr480" 0 NA NA NA NA 0 0 "Uqcrc2_noRT" "non-targeting_noRT"
"21263" "Olfr481" 0 NA NA NA NA 0 0 "Uqcrc2_noRT" "non-targeting_noRT"
"21264" "Olfr482" 0 NA NA NA NA 0 0 "Uqcrc2_noRT" "non-targeting_noRT"
"21265" "Olfr483" 0 NA NA NA NA 0 0 "Uqcrc2_noRT" "non-targeting_noRT"
"21266" "Olfr484" 0 NA NA NA NA 0 0 "Uqcrc2_noRT" "non-targeting_noRT"
"21267" "Olfr485" 0 NA NA NA NA 0 0 "Uqcrc2_noRT" "non-targeting_noRT"
"21268" "Olfr486" 0 NA NA NA NA 0 0 "Uqcrc2_noRT" "non-targeting_noRT"
"21269" "Olfr487" 0 NA NA NA NA 0 0 "Uqcrc2_noRT" "non-targeting_noRT"
"21270" "Olfr488" 0 NA NA NA NA 0 0 "Uqcrc2_noRT" "non-targeting_noRT"
"21271" "Olfr490" 0 NA NA NA NA 0 0 "Uqcrc2_noRT" "non-targeting_noRT"
"21272" "Olfr491" 0 NA NA NA NA 0 0 "Uqcrc2_noRT" "non-targeting_noRT"
"21273" "Olfr492" 0 NA NA NA NA 0 0 "Uqcrc2_noRT" "non-targeting_noRT"
"21274" "Olfr493" 0 NA NA NA NA 0 0 "Uqcrc2_noRT" "non-targeting_noRT"
"21275" "Olfr494" 0 NA NA NA NA 0 0 "Uqcrc2_noRT" "non-targeting_noRT"
"21276" "Olfr495" 0 NA NA NA NA 0 0 "Uqcrc2_noRT" "non-targeting_noRT"
"21277" "Olfr497" 0 NA NA NA NA 0 0 "Uqcrc2_noRT" "non-targeting_noRT"
"21278" "Olfr498" 0 NA NA NA NA 0 0 "Uqcrc2_noRT" "non-targeting_noRT"
"21279" "Olfr502" 0 NA NA NA NA 0 0 "Uqcrc2_noRT" "non-targeting_noRT"
"21280" "Olfr503" 0 NA NA NA NA 0 0 "Uqcrc2_noRT" "non-targeting_noRT"
"21281" "Olfr504" 0 NA NA NA NA 0 0 "Uqcrc2_noRT" "non-targeting_noRT"
"21282" "Olfr506" 0 NA NA NA NA 0 0 "Uqcrc2_noRT" "non-targeting_noRT"
"21283" "Olfr507" 0 NA NA NA NA 0 0 "Uqcrc2_noRT" "non-targeting_noRT"
"21284" "Olfr508" 0 NA NA NA NA 0 0 "Uqcrc2_noRT" "non-targeting_noRT"
"21285" "Olfr509" 0 NA NA NA NA 0 0 "Uqcrc2_noRT" "non-targeting_noRT"
"21286" "Olfr510" 0 NA NA NA NA 0 0 "Uqcrc2_noRT" "non-targeting_noRT"
"21287" "Olfr512" 0 NA NA NA NA 0 0 "Uqcrc2_noRT" "non-targeting_noRT"
"21288" "Olfr513" 0 NA NA NA NA 0 0 "Uqcrc2_noRT" "non-targeting_noRT"
"21289" "Olfr514" 0 NA NA NA NA 0 0 "Uqcrc2_noRT" "non-targeting_noRT"
"21290" "Olfr516" 0 NA NA NA NA 0 0 "Uqcrc2_noRT" "non-targeting_noRT"
"21291" "Olfr517" 0 NA NA NA NA 0 0 "Uqcrc2_noRT" "non-targeting_noRT"
"21292" "Olfr518" 0 NA NA NA NA 0 0 "Uqcrc2_noRT" "non-targeting_noRT"
"21293" "Olfr519" 0 NA NA NA NA 0 0 "Uqcrc2_noRT" "non-targeting_noRT"
"21294" "Nlrp10" 0 NA NA NA NA 0 0 "Uqcrc2_noRT" "non-targeting_noRT"
"21295" "Ric3" 0 NA NA NA NA 0 0 "Uqcrc2_noRT" "non-targeting_noRT"
"21296" "Lmo1" 0 NA NA NA NA 0 0 "Uqcrc2_noRT" "non-targeting_noRT"
"21297" "Gm44781" 0 NA NA NA NA 0 0 "Uqcrc2_noRT" "non-targeting_noRT"
"21298" "Gm45024" 0 NA NA NA NA 0 0 "Uqcrc2_noRT" "non-targeting_noRT"
"21299" "Stk33" 0 NA NA NA NA 0 0 "Uqcrc2_noRT" "non-targeting_noRT"
"21300" "1700095J03Rik" 0 NA NA NA NA 0 0 "Uqcrc2_noRT" "non-targeting_noRT"
"21301" "Trim66" 0 NA NA NA NA 0 0 "Uqcrc2_noRT" "non-targeting_noRT"
"21302" "Gm44864" 0 NA NA NA NA 0 0 "Uqcrc2_noRT" "non-targeting_noRT"
"21303" "BC051019" 0 NA NA NA NA 0 0 "Uqcrc2_noRT" "non-targeting_noRT"
"21304" "Ascl3" 0 NA NA NA NA 0 0 "Uqcrc2_noRT" "non-targeting_noRT"
"21305" "Nrip3" 0 NA NA NA NA 0 0 "Uqcrc2_noRT" "non-targeting_noRT"
"21306" "Scube2" 0 NA NA NA NA 0 0 "Uqcrc2_noRT" "non-targeting_noRT"
"21307" "1600010M07Rik" 0 NA NA NA NA 0 0 "Uqcrc2_noRT" "non-targeting_noRT"
"21308" "Gm45515" 0 NA NA NA NA 0 0 "Uqcrc2_noRT" "non-targeting_noRT"
"21309" "Gm28863" 0 NA NA NA NA 0 0 "Uqcrc2_noRT" "non-targeting_noRT"
"21310" "Gm21123" 0 NA NA NA NA 0 0 "Uqcrc2_noRT" "non-targeting_noRT"
"21311" "Lyve1" 0 NA NA NA NA 0 0 "Uqcrc2_noRT" "non-targeting_noRT"
"21312" "Mrvi1" 0 NA NA NA NA 0 0 "Uqcrc2_noRT" "non-targeting_noRT"
"21313" "Gm16336" 0 NA NA NA NA 0 0 "Uqcrc2_noRT" "non-targeting_noRT"
"21314" "5430402P08Rik" 0 NA NA NA NA 0 0 "Uqcrc2_noRT" "non-targeting_noRT"
"21315" "Galnt18" 0 NA NA NA NA 0 0 "Uqcrc2_noRT" "non-targeting_noRT"
"21316" "Dkk3" 0 NA NA NA NA 0 0 "Uqcrc2_noRT" "non-targeting_noRT"
"21317" "Mical2" 0 NA NA NA NA 0 0 "Uqcrc2_noRT" "non-targeting_noRT"
"21318" "Parvaos" 0 NA NA NA NA 0 0 "Uqcrc2_noRT" "non-targeting_noRT"
"21319" "2310014F06Rik" 0 NA NA NA NA 0 0 "Uqcrc2_noRT" "non-targeting_noRT"
"21320" "Rassf10" 0 NA NA NA NA 0 0 "Uqcrc2_noRT" "non-targeting_noRT"
"21321" "Gm33586" 0 NA NA NA NA 0 0 "Uqcrc2_noRT" "non-targeting_noRT"
"21322" "4930543E12Rik" 0 NA NA NA NA 0 0 "Uqcrc2_noRT" "non-targeting_noRT"
"21323" "Gm45355" 0 NA NA NA NA 0 0 "Uqcrc2_noRT" "non-targeting_noRT"
"21324" "Pth" 0 NA NA NA NA 0 0 "Uqcrc2_noRT" "non-targeting_noRT"
"21325" "Far1os" 0 NA NA NA NA 0 0 "Uqcrc2_noRT" "non-targeting_noRT"
"21326" "Gm29507" 0 NA NA NA NA 0 0 "Uqcrc2_noRT" "non-targeting_noRT"
"21327" "Spon1" 0 NA NA NA NA 0 0 "Uqcrc2_noRT" "non-targeting_noRT"
"21328" "Gm45615" 0 NA NA NA NA 0 0 "Uqcrc2_noRT" "non-targeting_noRT"
"21329" "4933406I18Rik" 0 NA NA NA NA 0 0 "Uqcrc2_noRT" "non-targeting_noRT"
"21330" "Pde3b" 0 NA NA NA NA 0 0 "Uqcrc2_noRT" "non-targeting_noRT"
"21331" "Cyp2r1" 0 NA NA NA NA 0 0 "Uqcrc2_noRT" "non-targeting_noRT"
"21332" "Calca" 0 NA NA NA NA 0 0 "Uqcrc2_noRT" "non-targeting_noRT"
"21333" "Calcb" 0 NA NA NA NA 0 0 "Uqcrc2_noRT" "non-targeting_noRT"
"21334" "Insc" 0 NA NA NA NA 0 0 "Uqcrc2_noRT" "non-targeting_noRT"
"21335" "Gm45017" 0 NA NA NA NA 0 0 "Uqcrc2_noRT" "non-targeting_noRT"
"21336" "Gm45020" 0 NA NA NA NA 0 0 "Uqcrc2_noRT" "non-targeting_noRT"
"21337" "A730082K24Rik" 0 NA NA NA NA 0 0 "Uqcrc2_noRT" "non-targeting_noRT"
"21338" "Gm34225" 0 NA NA NA NA 0 0 "Uqcrc2_noRT" "non-targeting_noRT"
"21339" "Gm45025" 0 NA NA NA NA 0 0 "Uqcrc2_noRT" "non-targeting_noRT"
"21340" "Gm45151" 0 NA NA NA NA 0 0 "Uqcrc2_noRT" "non-targeting_noRT"
"21341" "Gm39075" 0 NA NA NA NA 0 0 "Uqcrc2_noRT" "non-targeting_noRT"
"21342" "Gm45155" 0 NA NA NA NA 0 0 "Uqcrc2_noRT" "non-targeting_noRT"
"21343" "Gm35309" 0 NA NA NA NA 0 0 "Uqcrc2_noRT" "non-targeting_noRT"
"21344" "Tmc7" 0 NA NA NA NA 0 0 "Uqcrc2_noRT" "non-targeting_noRT"
"21345" "Tmc5" 0 NA NA NA NA 0 0 "Uqcrc2_noRT" "non-targeting_noRT"
"21346" "Gm44549" 0 NA NA NA NA 0 0 "Uqcrc2_noRT" "non-targeting_noRT"
"21347" "Gm44763" 0 NA NA NA NA 0 0 "Uqcrc2_noRT" "non-targeting_noRT"
"21348" "Gpr139" 0 NA NA NA NA 0 0 "Uqcrc2_noRT" "non-targeting_noRT"
"21349" "Gp2" 0 NA NA NA NA 0 0 "Uqcrc2_noRT" "non-targeting_noRT"
"21350" "Umod" 0 NA NA NA NA 0 0 "Uqcrc2_noRT" "non-targeting_noRT"
"21351" "Gm44588" 0 NA NA NA NA 0 0 "Uqcrc2_noRT" "non-targeting_noRT"
"21352" "Pdilt" 0 NA NA NA NA 0 0 "Uqcrc2_noRT" "non-targeting_noRT"
"21353" "Gm26967" 0 NA NA NA NA 0 0 "Uqcrc2_noRT" "non-targeting_noRT"
"21354" "Acsm5" 0 NA NA NA NA 0 0 "Uqcrc2_noRT" "non-targeting_noRT"
"21355" "Acsm2" 0 NA NA NA NA 0 0 "Uqcrc2_noRT" "non-targeting_noRT"
"21356" "Gm39078" 0 NA NA NA NA 0 0 "Uqcrc2_noRT" "non-targeting_noRT"
"21357" "Acsm1" 0 NA NA NA NA 0 0 "Uqcrc2_noRT" "non-targeting_noRT"
"21358" "Gm19950" 0 NA NA NA NA 0 0 "Uqcrc2_noRT" "non-targeting_noRT"
"21359" "Gm45792" 0 NA NA NA NA 0 0 "Uqcrc2_noRT" "non-targeting_noRT"
"21360" "Acsm4" 0 NA NA NA NA 0 0 "Uqcrc2_noRT" "non-targeting_noRT"
"21361" "Gm44866" 0 NA NA NA NA 0 0 "Uqcrc2_noRT" "non-targeting_noRT"
"21362" "Acsm3" 0 NA NA NA NA 0 0 "Uqcrc2_noRT" "non-targeting_noRT"
"21363" "Dnah3" 0 NA NA NA NA 0 0 "Uqcrc2_noRT" "non-targeting_noRT"
"21364" "Tmem159" 0 NA NA NA NA 0 0 "Uqcrc2_noRT" "non-targeting_noRT"
"21365" "Zp2" 0 NA NA NA NA 0 0 "Uqcrc2_noRT" "non-targeting_noRT"
"21366" "4930505K13Rik" 0 NA NA NA NA 0 0 "Uqcrc2_noRT" "non-targeting_noRT"
"21367" "Anks4b" 0 NA NA NA NA 0 0 "Uqcrc2_noRT" "non-targeting_noRT"
"21368" "Crym" 0 NA NA NA NA 0 0 "Uqcrc2_noRT" "non-targeting_noRT"
"21369" "Abca14" 0 NA NA NA NA 0 0 "Uqcrc2_noRT" "non-targeting_noRT"
"21370" "Abca15" 0 NA NA NA NA 0 0 "Uqcrc2_noRT" "non-targeting_noRT"
"21371" "Gm32916" 0 NA NA NA NA 0 0 "Uqcrc2_noRT" "non-targeting_noRT"
"21372" "4930588G17Rik" 0 NA NA NA NA 0 0 "Uqcrc2_noRT" "non-targeting_noRT"
"21373" "Vwa3a" 0 NA NA NA NA 0 0 "Uqcrc2_noRT" "non-targeting_noRT"
"21374" "Gm5737" 0 NA NA NA NA 0 0 "Uqcrc2_noRT" "non-targeting_noRT"
"21375" "Gm15774" 0 NA NA NA NA 0 0 "Uqcrc2_noRT" "non-targeting_noRT"
"21376" "Igsf6" 0 NA NA NA NA 0 0 "Uqcrc2_noRT" "non-targeting_noRT"
"21377" "Gm45079" 0 NA NA NA NA 0 0 "Uqcrc2_noRT" "non-targeting_noRT"
"21378" "Gm36736" 0 NA NA NA NA 0 0 "Uqcrc2_noRT" "non-targeting_noRT"
"21379" "Hs3st2" 0 NA NA NA NA 0 0 "Uqcrc2_noRT" "non-targeting_noRT"
"21380" "4933432K03Rik" 0 NA NA NA NA 0 0 "Uqcrc2_noRT" "non-targeting_noRT"
"21381" "1700025J12Rik" 0 NA NA NA NA 0 0 "Uqcrc2_noRT" "non-targeting_noRT"
"21382" "1700069B07Rik" 0 NA NA NA NA 0 0 "Uqcrc2_noRT" "non-targeting_noRT"
"21383" "Scnn1g" 0 NA NA NA NA 0 0 "Uqcrc2_noRT" "non-targeting_noRT"
"21384" "Scnn1b" 0 NA NA NA NA 0 0 "Uqcrc2_noRT" "non-targeting_noRT"
"21385" "Gm44987" 0 NA NA NA NA 0 0 "Uqcrc2_noRT" "non-targeting_noRT"
"21386" "Ern2" 0 NA NA NA NA 0 0 "Uqcrc2_noRT" "non-targeting_noRT"
"21387" "Chp2" 0 NA NA NA NA 0 0 "Uqcrc2_noRT" "non-targeting_noRT"
"21388" "Prkcb" 0 NA NA NA NA 0 0 "Uqcrc2_noRT" "non-targeting_noRT"
"21389" "Cacng3" 0 NA NA NA NA 0 0 "Uqcrc2_noRT" "non-targeting_noRT"
"21390" "Aqp8" 0 NA NA NA NA 0 0 "Uqcrc2_noRT" "non-targeting_noRT"
"21391" "Zkscan2" 0 NA NA NA NA 0 0 "Uqcrc2_noRT" "non-targeting_noRT"
"21392" "Gm26974" 0 NA NA NA NA 0 0 "Uqcrc2_noRT" "non-targeting_noRT"
"21393" "Gm27040" 0 NA NA NA NA 0 0 "Uqcrc2_noRT" "non-targeting_noRT"
"21394" "Hs3st4" 0 NA NA NA NA 0 0 "Uqcrc2_noRT" "non-targeting_noRT"
"21395" "Gm15338" 0 NA NA NA NA 0 0 "Uqcrc2_noRT" "non-targeting_noRT"
"21396" "Gm15339" 0 NA NA NA NA 0 0 "Uqcrc2_noRT" "non-targeting_noRT"
"21397" "3100003L05Rik" 0 NA NA NA NA 0 0 "Uqcrc2_noRT" "non-targeting_noRT"
"21398" "Gm45092" 0 NA NA NA NA 0 0 "Uqcrc2_noRT" "non-targeting_noRT"
"21399" "4933440M02Rik" 0 NA NA NA NA 0 0 "Uqcrc2_noRT" "non-targeting_noRT"
"21400" "4930571K23Rik" 0 NA NA NA NA 0 0 "Uqcrc2_noRT" "non-targeting_noRT"
"21401" "Gm30717" 0 NA NA NA NA 0 0 "Uqcrc2_noRT" "non-targeting_noRT"
"21402" "Il4ra" 0 NA NA NA NA 0 0 "Uqcrc2_noRT" "non-targeting_noRT"
"21403" "Gm44876" 0 NA NA NA NA 0 0 "Uqcrc2_noRT" "non-targeting_noRT"
"21404" "Il21r" 0 NA NA NA NA 0 0 "Uqcrc2_noRT" "non-targeting_noRT"
"21405" "Gsg1l" 0 NA NA NA NA 0 0 "Uqcrc2_noRT" "non-targeting_noRT"
"21406" "1700123J17Rik" 0 NA NA NA NA 0 0 "Uqcrc2_noRT" "non-targeting_noRT"
"21407" "Gm30928" 0 NA NA NA NA 0 0 "Uqcrc2_noRT" "non-targeting_noRT"
"21408" "Lat" 0 NA NA NA NA 0 0 "Uqcrc2_noRT" "non-targeting_noRT"
"21409" "Cd19" 0 NA NA NA NA 0 0 "Uqcrc2_noRT" "non-targeting_noRT"
"21410" "Atp2a1" 0 NA NA NA NA 0 0 "Uqcrc2_noRT" "non-targeting_noRT"
"21411" "Il27" 0 NA NA NA NA 0 0 "Uqcrc2_noRT" "non-targeting_noRT"
"21412" "Sult1a1" 0 NA NA NA NA 0 0 "Uqcrc2_noRT" "non-targeting_noRT"
"21413" "4930448A20Rik" 0 NA NA NA NA 0 0 "Uqcrc2_noRT" "non-targeting_noRT"
"21414" "Gdpd3" 0 NA NA NA NA 0 0 "Uqcrc2_noRT" "non-targeting_noRT"
"21415" "Gm9967" 0 NA NA NA NA 0 0 "Uqcrc2_noRT" "non-targeting_noRT"
"21416" "Tbx6" 0 NA NA NA NA 0 0 "Uqcrc2_noRT" "non-targeting_noRT"
"21417" "Fam57b" 0 NA NA NA NA 0 0 "Uqcrc2_noRT" "non-targeting_noRT"
"21418" "Aldoa.1" 0 NA NA NA NA 0 0 "Uqcrc2_noRT" "non-targeting_noRT"
"21419" "4930451I11Rik" 0 NA NA NA NA 0 0 "Uqcrc2_noRT" "non-targeting_noRT"
"21420" "Gm44854" 0 NA NA NA NA 0 0 "Uqcrc2_noRT" "non-targeting_noRT"
"21421" "Doc2a" 0 NA NA NA NA 0 0 "Uqcrc2_noRT" "non-targeting_noRT"
"21422" "Gm20650" 0 NA NA NA NA 0 0 "Uqcrc2_noRT" "non-targeting_noRT"
"21423" "Asphd1" 0 NA NA NA NA 0 0 "Uqcrc2_noRT" "non-targeting_noRT"
"21424" "Pagr1a" 0 NA NA NA NA 0 0 "Uqcrc2_noRT" "non-targeting_noRT"
"21425" "Gm42742" 0 NA NA NA NA 0 0 "Uqcrc2_noRT" "non-targeting_noRT"
"21426" "Prrt2" 0 NA NA NA NA 0 0 "Uqcrc2_noRT" "non-targeting_noRT"
"21427" "Gm31749" 0 NA NA NA NA 0 0 "Uqcrc2_noRT" "non-targeting_noRT"
"21428" "Gm44939" 0 NA NA NA NA 0 0 "Uqcrc2_noRT" "non-targeting_noRT"
"21429" "AI467606" 0 NA NA NA NA 0 0 "Uqcrc2_noRT" "non-targeting_noRT"
"21430" "Gm31897" 0 NA NA NA NA 0 0 "Uqcrc2_noRT" "non-targeting_noRT"
"21431" "9130019O22Rik" 0 NA NA NA NA 0 0 "Uqcrc2_noRT" "non-targeting_noRT"
"21432" "Gm28198" 0 NA NA NA NA 0 0 "Uqcrc2_noRT" "non-targeting_noRT"
"21433" "1700120K04Rik" 0 NA NA NA NA 0 0 "Uqcrc2_noRT" "non-targeting_noRT"
"21434" "Ctf2" 0 NA NA NA NA 0 0 "Uqcrc2_noRT" "non-targeting_noRT"
"21435" "Prss8" 0 NA NA NA NA 0 0 "Uqcrc2_noRT" "non-targeting_noRT"
"21436" "Gm15533" 0 NA NA NA NA 0 0 "Uqcrc2_noRT" "non-targeting_noRT"
"21437" "Trim72" 0 NA NA NA NA 0 0 "Uqcrc2_noRT" "non-targeting_noRT"
"21438" "Itgam" 0 NA NA NA NA 0 0 "Uqcrc2_noRT" "non-targeting_noRT"
"21439" "Itgax" 0 NA NA NA NA 0 0 "Uqcrc2_noRT" "non-targeting_noRT"
"21440" "Itgad" 0 NA NA NA NA 0 0 "Uqcrc2_noRT" "non-targeting_noRT"
"21441" "Gm39091" 0 NA NA NA NA 0 0 "Uqcrc2_noRT" "non-targeting_noRT"
"21442" "4931431B13Rik" 0 NA NA NA NA 0 0 "Uqcrc2_noRT" "non-targeting_noRT"
"21443" "Gm44850" 0 NA NA NA NA 0 0 "Uqcrc2_noRT" "non-targeting_noRT"
"21444" "Tgfb1i1" 0 NA NA NA NA 0 0 "Uqcrc2_noRT" "non-targeting_noRT"
"21445" "Slc5a2" 0 NA NA NA NA 0 0 "Uqcrc2_noRT" "non-targeting_noRT"
"21446" "Gm40457" 0 NA NA NA NA 0 0 "Uqcrc2_noRT" "non-targeting_noRT"
"21447" "Gm45121" 0 NA NA NA NA 0 0 "Uqcrc2_noRT" "non-targeting_noRT"
"21448" "Gm44674" 0 NA NA NA NA 0 0 "Uqcrc2_noRT" "non-targeting_noRT"
"21449" "Gm44672" 0 NA NA NA NA 0 0 "Uqcrc2_noRT" "non-targeting_noRT"
"21450" "Gm32884" 0 NA NA NA NA 0 0 "Uqcrc2_noRT" "non-targeting_noRT"
"21451" "Plpp4" 0 NA NA NA NA 0 0 "Uqcrc2_noRT" "non-targeting_noRT"
"21452" "Gm39094" 0 NA NA NA NA 0 0 "Uqcrc2_noRT" "non-targeting_noRT"
"21453" "Gm33248" 0 NA NA NA NA 0 0 "Uqcrc2_noRT" "non-targeting_noRT"
"21454" "Gm44778" 0 NA NA NA NA 0 0 "Uqcrc2_noRT" "non-targeting_noRT"
"21455" "Gm4265" 0 NA NA NA NA 0 0 "Uqcrc2_noRT" "non-targeting_noRT"
"21456" "Fgfr2" 0 NA NA NA NA 0 0 "Uqcrc2_noRT" "non-targeting_noRT"
"21457" "Gm44647" 0 NA NA NA NA 0 0 "Uqcrc2_noRT" "non-targeting_noRT"
"21458" "Etos1" 0 NA NA NA NA 0 0 "Uqcrc2_noRT" "non-targeting_noRT"
"21459" "Dmbt1" 0 NA NA NA NA 0 0 "Uqcrc2_noRT" "non-targeting_noRT"
"21460" "4933402N03Rik" 0 NA NA NA NA 0 0 "Uqcrc2_noRT" "non-targeting_noRT"
"21461" "1700029B22Rik" 0 NA NA NA NA 0 0 "Uqcrc2_noRT" "non-targeting_noRT"
"21462" "5430419D17Rik" 0 NA NA NA NA 0 0 "Uqcrc2_noRT" "non-targeting_noRT"
"21463" "Cuzd1" 0 NA NA NA NA 0 0 "Uqcrc2_noRT" "non-targeting_noRT"
"21464" "Fam24b" 0 NA NA NA NA 0 0 "Uqcrc2_noRT" "non-targeting_noRT"
"21465" "Fam24a" 0 NA NA NA NA 0 0 "Uqcrc2_noRT" "non-targeting_noRT"
"21466" "Gm44982" 0 NA NA NA NA 0 0 "Uqcrc2_noRT" "non-targeting_noRT"
"21467" "Gm44546" 0 NA NA NA NA 0 0 "Uqcrc2_noRT" "non-targeting_noRT"
"21468" "Gpr26" 0 NA NA NA NA 0 0 "Uqcrc2_noRT" "non-targeting_noRT"
"21469" "Cpxm2" 0 NA NA NA NA 0 0 "Uqcrc2_noRT" "non-targeting_noRT"
"21470" "Gm15677" 0 NA NA NA NA 0 0 "Uqcrc2_noRT" "non-targeting_noRT"
"21471" "Chst15" 0 NA NA NA NA 0 0 "Uqcrc2_noRT" "non-targeting_noRT"
"21472" "Gm10584" 0 NA NA NA NA 0 0 "Uqcrc2_noRT" "non-targeting_noRT"
"21473" "Gm44892" 0 NA NA NA NA 0 0 "Uqcrc2_noRT" "non-targeting_noRT"
"21474" "Gm34908" 0 NA NA NA NA 0 0 "Uqcrc2_noRT" "non-targeting_noRT"
"21475" "Gm44893" 0 NA NA NA NA 0 0 "Uqcrc2_noRT" "non-targeting_noRT"
"21476" "Gm35147" 0 NA NA NA NA 0 0 "Uqcrc2_noRT" "non-targeting_noRT"
"21477" "Gm16764" 0 NA NA NA NA 0 0 "Uqcrc2_noRT" "non-targeting_noRT"
"21478" "Gm15582" 0 NA NA NA NA 0 0 "Uqcrc2_noRT" "non-targeting_noRT"
"21479" "Gm45502" 0 NA NA NA NA 0 0 "Uqcrc2_noRT" "non-targeting_noRT"
"21480" "Gm15718" 0 NA NA NA NA 0 0 "Uqcrc2_noRT" "non-targeting_noRT"
"21481" "4930483O08Rik" 0 NA NA NA NA 0 0 "Uqcrc2_noRT" "non-targeting_noRT"
"21482" "Gm45672" 0 NA NA NA NA 0 0 "Uqcrc2_noRT" "non-targeting_noRT"
"21483" "Tex36" 0 NA NA NA NA 0 0 "Uqcrc2_noRT" "non-targeting_noRT"
"21484" "Gm35625" 0 NA NA NA NA 0 0 "Uqcrc2_noRT" "non-targeting_noRT"
"21485" "Gm45671" 0 NA NA NA NA 0 0 "Uqcrc2_noRT" "non-targeting_noRT"
"21486" "Gm28747" 0 NA NA NA NA 0 0 "Uqcrc2_noRT" "non-targeting_noRT"
"21487" "Mmp21" 0 NA NA NA NA 0 0 "Uqcrc2_noRT" "non-targeting_noRT"
"21488" "Gm45670" 0 NA NA NA NA 0 0 "Uqcrc2_noRT" "non-targeting_noRT"
"21489" "Fank1" 0 NA NA NA NA 0 0 "Uqcrc2_noRT" "non-targeting_noRT"
"21490" "Adam12" 0 NA NA NA NA 0 0 "Uqcrc2_noRT" "non-targeting_noRT"
"21491" "A130023I24Rik" 0 NA NA NA NA 0 0 "Uqcrc2_noRT" "non-targeting_noRT"
"21492" "D7Ertd443e" 0 NA NA NA NA 0 0 "Uqcrc2_noRT" "non-targeting_noRT"
"21493" "Insyn2a" 0 NA NA NA NA 0 0 "Uqcrc2_noRT" "non-targeting_noRT"
"21494" "1700120G07Rik" 0 NA NA NA NA 0 0 "Uqcrc2_noRT" "non-targeting_noRT"
"21495" "Nps" 0 NA NA NA NA 0 0 "Uqcrc2_noRT" "non-targeting_noRT"
"21496" "Gm45339" 0 NA NA NA NA 0 0 "Uqcrc2_noRT" "non-targeting_noRT"
"21497" "Foxi2" 0 NA NA NA NA 0 0 "Uqcrc2_noRT" "non-targeting_noRT"
"21498" "Gm36356" 0 NA NA NA NA 0 0 "Uqcrc2_noRT" "non-targeting_noRT"
"21499" "Clrn3" 0 NA NA NA NA 0 0 "Uqcrc2_noRT" "non-targeting_noRT"
"21500" "5830432E09Rik" 0 NA NA NA NA 0 0 "Uqcrc2_noRT" "non-targeting_noRT"
"21501" "Gm36431" 0 NA NA NA NA 0 0 "Uqcrc2_noRT" "non-targeting_noRT"
"21502" "Gm45241" 0 NA NA NA NA 0 0 "Uqcrc2_noRT" "non-targeting_noRT"
"21503" "6330420H09Rik" 0 NA NA NA NA 0 0 "Uqcrc2_noRT" "non-targeting_noRT"
"21504" "Gm36737" 0 NA NA NA NA 0 0 "Uqcrc2_noRT" "non-targeting_noRT"
"21505" "C030029H02Rik" 0 NA NA NA NA 0 0 "Uqcrc2_noRT" "non-targeting_noRT"
"21506" "C230079O03Rik" 0 NA NA NA NA 0 0 "Uqcrc2_noRT" "non-targeting_noRT"
"21507" "Gm36849" 0 NA NA NA NA 0 0 "Uqcrc2_noRT" "non-targeting_noRT"
"21508" "Gm6249" 0 NA NA NA NA 0 0 "Uqcrc2_noRT" "non-targeting_noRT"
"21509" "Mgmt" 0 NA NA NA NA 0 0 "Uqcrc2_noRT" "non-targeting_noRT"
"21510" "Ebf3" 0 NA NA NA NA 0 0 "Uqcrc2_noRT" "non-targeting_noRT"
"21511" "Gm45278" 0 NA NA NA NA 0 0 "Uqcrc2_noRT" "non-targeting_noRT"
"21512" "Gm10578" 0 NA NA NA NA 0 0 "Uqcrc2_noRT" "non-targeting_noRT"
"21513" "Gm45682" 0 NA NA NA NA 0 0 "Uqcrc2_noRT" "non-targeting_noRT"
"21514" "Tcerg1l" 0 NA NA NA NA 0 0 "Uqcrc2_noRT" "non-targeting_noRT"
"21515" "Gm45686" 0 NA NA NA NA 0 0 "Uqcrc2_noRT" "non-targeting_noRT"
"21516" "4930543N07Rik" 0 NA NA NA NA 0 0 "Uqcrc2_noRT" "non-targeting_noRT"
"21517" "Gm30808" 0 NA NA NA NA 0 0 "Uqcrc2_noRT" "non-targeting_noRT"
"21518" "Gm45507" 0 NA NA NA NA 0 0 "Uqcrc2_noRT" "non-targeting_noRT"
"21519" "Jakmip3" 0 NA NA NA NA 0 0 "Uqcrc2_noRT" "non-targeting_noRT"
"21520" "Gm45613" 0 NA NA NA NA 0 0 "Uqcrc2_noRT" "non-targeting_noRT"
"21521" "Dpysl4" 0 NA NA NA NA 0 0 "Uqcrc2_noRT" "non-targeting_noRT"
"21522" "Gm32486" 0 NA NA NA NA 0 0 "Uqcrc2_noRT" "non-targeting_noRT"
"21523" "Nkx6-2" 0 NA NA NA NA 0 0 "Uqcrc2_noRT" "non-targeting_noRT"
"21524" "Cfap46" 0 NA NA NA NA 0 0 "Uqcrc2_noRT" "non-targeting_noRT"
"21525" "Adgra1" 0 NA NA NA NA 0 0 "Uqcrc2_noRT" "non-targeting_noRT"
"21526" "Kndc1" 0 NA NA NA NA 0 0 "Uqcrc2_noRT" "non-targeting_noRT"
"21527" "Utf1" 0 NA NA NA NA 0 0 "Uqcrc2_noRT" "non-targeting_noRT"
"21528" "Gm16201" 0 NA NA NA NA 0 0 "Uqcrc2_noRT" "non-targeting_noRT"
"21529" "Gm2044" 0 NA NA NA NA 0 0 "Uqcrc2_noRT" "non-targeting_noRT"
"21530" "6430531B16Rik" 0 NA NA NA NA 0 0 "Uqcrc2_noRT" "non-targeting_noRT"
"21531" "Adam8" 0 NA NA NA NA 0 0 "Uqcrc2_noRT" "non-targeting_noRT"
"21532" "Msx3" 0 NA NA NA NA 0 0 "Uqcrc2_noRT" "non-targeting_noRT"
"21533" "Prap1" 0 NA NA NA NA 0 0 "Uqcrc2_noRT" "non-targeting_noRT"
"21534" "Sprn" 0 NA NA NA NA 0 0 "Uqcrc2_noRT" "non-targeting_noRT"
"21535" "Olfr522" 0 NA NA NA NA 0 0 "Uqcrc2_noRT" "non-targeting_noRT"
"21536" "Olfr523" 0 NA NA NA NA 0 0 "Uqcrc2_noRT" "non-targeting_noRT"
"21537" "Olfr524" 0 NA NA NA NA 0 0 "Uqcrc2_noRT" "non-targeting_noRT"
"21538" "Cd163l1" 0 NA NA NA NA 0 0 "Uqcrc2_noRT" "non-targeting_noRT"
"21539" "5830411N06Rik" 0 NA NA NA NA 0 0 "Uqcrc2_noRT" "non-targeting_noRT"
"21540" "Olfr525" 0 NA NA NA NA 0 0 "Uqcrc2_noRT" "non-targeting_noRT"
"21541" "Olfr527" 0 NA NA NA NA 0 0 "Uqcrc2_noRT" "non-targeting_noRT"
"21542" "Olfr60" 0 NA NA NA NA 0 0 "Uqcrc2_noRT" "non-targeting_noRT"
"21543" "Olfr530" 0 NA NA NA NA 0 0 "Uqcrc2_noRT" "non-targeting_noRT"
"21544" "Olfr531" 0 NA NA NA NA 0 0 "Uqcrc2_noRT" "non-targeting_noRT"
"21545" "Olfr532" 0 NA NA NA NA 0 0 "Uqcrc2_noRT" "non-targeting_noRT"
"21546" "Olfr533" 0 NA NA NA NA 0 0 "Uqcrc2_noRT" "non-targeting_noRT"
"21547" "Olfr535" 0 NA NA NA NA 0 0 "Uqcrc2_noRT" "non-targeting_noRT"
"21548" "Olfr536" 0 NA NA NA NA 0 0 "Uqcrc2_noRT" "non-targeting_noRT"
"21549" "Olfr538" 0 NA NA NA NA 0 0 "Uqcrc2_noRT" "non-targeting_noRT"
"21550" "Olfr46" 0 NA NA NA NA 0 0 "Uqcrc2_noRT" "non-targeting_noRT"
"21551" "Olfr61" 0 NA NA NA NA 0 0 "Uqcrc2_noRT" "non-targeting_noRT"
"21552" "Olfr53" 0 NA NA NA NA 0 0 "Uqcrc2_noRT" "non-targeting_noRT"
"21553" "Olfr539" 0 NA NA NA NA 0 0 "Uqcrc2_noRT" "non-targeting_noRT"
"21554" "Olfr45" 0 NA NA NA NA 0 0 "Uqcrc2_noRT" "non-targeting_noRT"
"21555" "Olfr541" 0 NA NA NA NA 0 0 "Uqcrc2_noRT" "non-targeting_noRT"
"21556" "Cyp2e1" 0 NA NA NA NA 0 0 "Uqcrc2_noRT" "non-targeting_noRT"
"21557" "Syce1" 0 NA NA NA NA 0 0 "Uqcrc2_noRT" "non-targeting_noRT"
"21558" "C330022C24Rik" 0 NA NA NA NA 0 0 "Uqcrc2_noRT" "non-targeting_noRT"
"21559" "Scgb1c1" 0 NA NA NA NA 0 0 "Uqcrc2_noRT" "non-targeting_noRT"
"21560" "Odf3" 0 NA NA NA NA 0 0 "Uqcrc2_noRT" "non-targeting_noRT"
"21561" "Cox8b" 0 NA NA NA NA 0 0 "Uqcrc2_noRT" "non-targeting_noRT"
"21562" "BC024386" 0 NA NA NA NA 0 0 "Uqcrc2_noRT" "non-targeting_noRT"
"21563" "Nlrp6" 0 NA NA NA NA 0 0 "Uqcrc2_noRT" "non-targeting_noRT"
"21564" "Gm17387" 0 NA NA NA NA 0 0 "Uqcrc2_noRT" "non-targeting_noRT"
"21565" "Ano9" 0 NA NA NA NA 0 0 "Uqcrc2_noRT" "non-targeting_noRT"
"21566" "Lmntd2" 0 NA NA NA NA 0 0 "Uqcrc2_noRT" "non-targeting_noRT"
"21567" "Cdhr5" 0 NA NA NA NA 0 0 "Uqcrc2_noRT" "non-targeting_noRT"
"21568" "Sct" 0 NA NA NA NA 0 0 "Uqcrc2_noRT" "non-targeting_noRT"
"21569" "B230206H07Rik" 0 NA NA NA NA 0 0 "Uqcrc2_noRT" "non-targeting_noRT"
"21570" "Cend1" 0 NA NA NA NA 0 0 "Uqcrc2_noRT" "non-targeting_noRT"
"21571" "Gm16982" 0 NA NA NA NA 0 0 "Uqcrc2_noRT" "non-targeting_noRT"
"21572" "Muc6" 0 NA NA NA NA 0 0 "Uqcrc2_noRT" "non-targeting_noRT"
"21573" "Muc2" 0 NA NA NA NA 0 0 "Uqcrc2_noRT" "non-targeting_noRT"
"21574" "Muc5ac" 0 NA NA NA NA 0 0 "Uqcrc2_noRT" "non-targeting_noRT"
"21575" "Muc5b" 0 NA NA NA NA 0 0 "Uqcrc2_noRT" "non-targeting_noRT"
"21576" "Gm20501" 0 NA NA NA NA 0 0 "Uqcrc2_noRT" "non-targeting_noRT"
"21577" "Gm32786" 0 NA NA NA NA 0 0 "Uqcrc2_noRT" "non-targeting_noRT"
"21578" "Gm45618" 0 NA NA NA NA 0 0 "Uqcrc2_noRT" "non-targeting_noRT"
"21579" "Gm39115" 0 NA NA NA NA 0 0 "Uqcrc2_noRT" "non-targeting_noRT"
"21580" "Gm45337" 0 NA NA NA NA 0 0 "Uqcrc2_noRT" "non-targeting_noRT"
"21581" "Gm29735" 0 NA NA NA NA 0 0 "Uqcrc2_noRT" "non-targeting_noRT"
"21582" "Gm4553" 0 NA NA NA NA 0 0 "Uqcrc2_noRT" "non-targeting_noRT"
"21583" "Krtap5-2" 0 NA NA NA NA 0 0 "Uqcrc2_noRT" "non-targeting_noRT"
"21584" "Gm10153" 0 NA NA NA NA 0 0 "Uqcrc2_noRT" "non-targeting_noRT"
"21585" "Krtap5-3" 0 NA NA NA NA 0 0 "Uqcrc2_noRT" "non-targeting_noRT"
"21586" "Gm7579" 0 NA NA NA NA 0 0 "Uqcrc2_noRT" "non-targeting_noRT"
"21587" "Krtap5-5" 0 NA NA NA NA 0 0 "Uqcrc2_noRT" "non-targeting_noRT"
"21588" "Gm40460" 0 NA NA NA NA 0 0 "Uqcrc2_noRT" "non-targeting_noRT"
"21589" "Gm4559" 0 NA NA NA NA 0 0 "Uqcrc2_noRT" "non-targeting_noRT"
"21590" "Gm45889" 0 NA NA NA NA 0 0 "Uqcrc2_noRT" "non-targeting_noRT"
"21591" "Krtap5-1" 0 NA NA NA NA 0 0 "Uqcrc2_noRT" "non-targeting_noRT"
"21592" "Krtap5-4" 0 NA NA NA NA 0 0 "Uqcrc2_noRT" "non-targeting_noRT"
"21593" "Syt8" 0 NA NA NA NA 0 0 "Uqcrc2_noRT" "non-targeting_noRT"
"21594" "Tnni2" 0 NA NA NA NA 0 0 "Uqcrc2_noRT" "non-targeting_noRT"
"21595" "Prr33" 0 NA NA NA NA 0 0 "Uqcrc2_noRT" "non-targeting_noRT"
"21596" "Tnnt3" 0 NA NA NA NA 0 0 "Uqcrc2_noRT" "non-targeting_noRT"
"21597" "Nctc1" 0 NA NA NA NA 0 0 "Uqcrc2_noRT" "non-targeting_noRT"
"21598" "Gm33148" 0 NA NA NA NA 0 0 "Uqcrc2_noRT" "non-targeting_noRT"
"21599" "Igf2os" 0 NA NA NA NA 0 0 "Uqcrc2_noRT" "non-targeting_noRT"
"21600" "Ins2" 0 NA NA NA NA 0 0 "Uqcrc2_noRT" "non-targeting_noRT"
"21601" "Gm6471" 0 NA NA NA NA 0 0 "Uqcrc2_noRT" "non-targeting_noRT"
"21602" "Gm39117" 0 NA NA NA NA 0 0 "Uqcrc2_noRT" "non-targeting_noRT"
"21603" "Th" 0 NA NA NA NA 0 0 "Uqcrc2_noRT" "non-targeting_noRT"
"21604" "Ascl2" 0 NA NA NA NA 0 0 "Uqcrc2_noRT" "non-targeting_noRT"
"21605" "Tspan32" 0 NA NA NA NA 0 0 "Uqcrc2_noRT" "non-targeting_noRT"
"21606" "Trpm5" 0 NA NA NA NA 0 0 "Uqcrc2_noRT" "non-targeting_noRT"
"21607" "Kcnq1" 0 NA NA NA NA 0 0 "Uqcrc2_noRT" "non-targeting_noRT"
"21608" "Gm28821" 0 NA NA NA NA 0 0 "Uqcrc2_noRT" "non-targeting_noRT"
"21609" "4933417O13Rik" 0 NA NA NA NA 0 0 "Uqcrc2_noRT" "non-targeting_noRT"
"21610" "Gm44732" 0 NA NA NA NA 0 0 "Uqcrc2_noRT" "non-targeting_noRT"
"21611" "Gm15579" 0 NA NA NA NA 0 0 "Uqcrc2_noRT" "non-targeting_noRT"
"21612" "Tnfrsf26" 0 NA NA NA NA 0 0 "Uqcrc2_noRT" "non-targeting_noRT"
"21613" "E230032D23Rik" 0 NA NA NA NA 0 0 "Uqcrc2_noRT" "non-targeting_noRT"
"21614" "Tnfrsf23" 0 NA NA NA NA 0 0 "Uqcrc2_noRT" "non-targeting_noRT"
"21615" "Mrgprg" 0 NA NA NA NA 0 0 "Uqcrc2_noRT" "non-targeting_noRT"
"21616" "Mrgpre" 0 NA NA NA NA 0 0 "Uqcrc2_noRT" "non-targeting_noRT"
"21617" "Acte1" 0 NA NA NA NA 0 0 "Uqcrc2_noRT" "non-targeting_noRT"
"21618" "Shank2" 0 NA NA NA NA 0 0 "Uqcrc2_noRT" "non-targeting_noRT"
"21619" "Gm14372" 0 NA NA NA NA 0 0 "Uqcrc2_noRT" "non-targeting_noRT"
"21620" "Gm14376" 0 NA NA NA NA 0 0 "Uqcrc2_noRT" "non-targeting_noRT"
"21621" "Faddos" 0 NA NA NA NA 0 0 "Uqcrc2_noRT" "non-targeting_noRT"
"21622" "Ano1" 0 NA NA NA NA 0 0 "Uqcrc2_noRT" "non-targeting_noRT"
"21623" "Gm44930" 0 NA NA NA NA 0 0 "Uqcrc2_noRT" "non-targeting_noRT"
"21624" "Gm44929" 0 NA NA NA NA 0 0 "Uqcrc2_noRT" "non-targeting_noRT"
"21625" "Gm34964" 0 NA NA NA NA 0 0 "Uqcrc2_noRT" "non-targeting_noRT"
"21626" "Fgf3" 0 NA NA NA NA 0 0 "Uqcrc2_noRT" "non-targeting_noRT"
"21627" "Fgf4" 0 NA NA NA NA 0 0 "Uqcrc2_noRT" "non-targeting_noRT"
"21628" "Gm26793" 0 NA NA NA NA 0 0 "Uqcrc2_noRT" "non-targeting_noRT"
"21629" "Gm39119" 0 NA NA NA NA 0 0 "Uqcrc2_noRT" "non-targeting_noRT"
"21630" "Gm45181" 0 NA NA NA NA 0 0 "Uqcrc2_noRT" "non-targeting_noRT"
"21631" "Smim38" 0 NA NA NA NA 0 0 "Uqcrc2_noRT" "non-targeting_noRT"
"21632" "Mrgprd" 0 NA NA NA NA 0 0 "Uqcrc2_noRT" "non-targeting_noRT"
"21633" "Gm16180" 0 NA NA NA NA 0 0 "Uqcrc2_noRT" "non-targeting_noRT"
"21634" "Tex45" 0 NA NA NA NA 0 0 "Uqcrc2_noRT" "non-targeting_noRT"
"21635" "C330021F23Rik" 0 NA NA NA NA 0 0 "Uqcrc2_noRT" "non-targeting_noRT"
"21636" "Camsap3" 0 NA NA NA NA 0 0 "Uqcrc2_noRT" "non-targeting_noRT"
"21637" "Pcp2" 0 NA NA NA NA 0 0 "Uqcrc2_noRT" "non-targeting_noRT"
"21638" "Retn" 0 NA NA NA NA 0 0 "Uqcrc2_noRT" "non-targeting_noRT"
"21639" "Mcemp1" 0 NA NA NA NA 0 0 "Uqcrc2_noRT" "non-targeting_noRT"
"21640" "Gm39121" 0 NA NA NA NA 0 0 "Uqcrc2_noRT" "non-targeting_noRT"
"21641" "Fcer2a" 0 NA NA NA NA 0 0 "Uqcrc2_noRT" "non-targeting_noRT"
"21642" "Clec4g" 0 NA NA NA NA 0 0 "Uqcrc2_noRT" "non-targeting_noRT"
"21643" "Gm16553" 0 NA NA NA NA 0 0 "Uqcrc2_noRT" "non-targeting_noRT"
"21644" "Cd209a" 0 NA NA NA NA 0 0 "Uqcrc2_noRT" "non-targeting_noRT"
"21645" "Cd209e" 0 NA NA NA NA 0 0 "Uqcrc2_noRT" "non-targeting_noRT"
"21646" "Cd209d" 0 NA NA NA NA 0 0 "Uqcrc2_noRT" "non-targeting_noRT"
"21647" "Cd209b" 0 NA NA NA NA 0 0 "Uqcrc2_noRT" "non-targeting_noRT"
"21648" "Cd209c" 0 NA NA NA NA 0 0 "Uqcrc2_noRT" "non-targeting_noRT"
"21649" "Cd209f" 0 NA NA NA NA 0 0 "Uqcrc2_noRT" "non-targeting_noRT"
"21650" "Cd209g" 0 NA NA NA NA 0 0 "Uqcrc2_noRT" "non-targeting_noRT"
"21651" "4932443L11Rik" 0 NA NA NA NA 0 0 "Uqcrc2_noRT" "non-targeting_noRT"
"21652" "Gm6410" 0 NA NA NA NA 0 0 "Uqcrc2_noRT" "non-targeting_noRT"
"21653" "Slc10a2" 0 NA NA NA NA 0 0 "Uqcrc2_noRT" "non-targeting_noRT"
"21654" "Gm44693" 0 NA NA NA NA 0 0 "Uqcrc2_noRT" "non-targeting_noRT"
"21655" "Gm17215" 0 NA NA NA NA 0 0 "Uqcrc2_noRT" "non-targeting_noRT"
"21656" "Gm30954" 0 NA NA NA NA 0 0 "Uqcrc2_noRT" "non-targeting_noRT"
"21657" "Gm28262" 0 NA NA NA NA 0 0 "Uqcrc2_noRT" "non-targeting_noRT"
"21658" "Gm31135" 0 NA NA NA NA 0 0 "Uqcrc2_noRT" "non-targeting_noRT"
"21659" "Gm31401" 0 NA NA NA NA 0 0 "Uqcrc2_noRT" "non-targeting_noRT"
"21660" "Gm45076" 0 NA NA NA NA 0 0 "Uqcrc2_noRT" "non-targeting_noRT"
"21661" "A630009H07Rik" 0 NA NA NA NA 0 0 "Uqcrc2_noRT" "non-targeting_noRT"
"21662" "Gm31343" 0 NA NA NA NA 0 0 "Uqcrc2_noRT" "non-targeting_noRT"
"21663" "D530014G21Rik" 0 NA NA NA NA 0 0 "Uqcrc2_noRT" "non-targeting_noRT"
"21664" "Gm31463" 0 NA NA NA NA 0 0 "Uqcrc2_noRT" "non-targeting_noRT"
"21665" "Gm45075" 0 NA NA NA NA 0 0 "Uqcrc2_noRT" "non-targeting_noRT"
"21666" "Efnb2" 0 NA NA NA NA 0 0 "Uqcrc2_noRT" "non-targeting_noRT"
"21667" "4921522P10Rik" 0 NA NA NA NA 0 0 "Uqcrc2_noRT" "non-targeting_noRT"
"21668" "Gm44621" 0 NA NA NA NA 0 0 "Uqcrc2_noRT" "non-targeting_noRT"
"21669" "Gm44626" 0 NA NA NA NA 0 0 "Uqcrc2_noRT" "non-targeting_noRT"
"21670" "Gm44622" 0 NA NA NA NA 0 0 "Uqcrc2_noRT" "non-targeting_noRT"
"21671" "Gm44515" 0 NA NA NA NA 0 0 "Uqcrc2_noRT" "non-targeting_noRT"
"21672" "4933430N04Rik" 0 NA NA NA NA 0 0 "Uqcrc2_noRT" "non-targeting_noRT"
"21673" "4930453L07Rik" 0 NA NA NA NA 0 0 "Uqcrc2_noRT" "non-targeting_noRT"
"21674" "Gm44516" 0 NA NA NA NA 0 0 "Uqcrc2_noRT" "non-targeting_noRT"
"21675" "Gm39128" 0 NA NA NA NA 0 0 "Uqcrc2_noRT" "non-targeting_noRT"
"21676" "Fam155a" 0 NA NA NA NA 0 0 "Uqcrc2_noRT" "non-targeting_noRT"
"21677" "Gm44761" 0 NA NA NA NA 0 0 "Uqcrc2_noRT" "non-targeting_noRT"
"21678" "Gm10217" 0 NA NA NA NA 0 0 "Uqcrc2_noRT" "non-targeting_noRT"
"21679" "Gm10067" 0 NA NA NA NA 0 0 "Uqcrc2_noRT" "non-targeting_noRT"
"21680" "Gm44788" 0 NA NA NA NA 0 0 "Uqcrc2_noRT" "non-targeting_noRT"
"21681" "5330413D20Rik" 0 NA NA NA NA 0 0 "Uqcrc2_noRT" "non-targeting_noRT"
"21682" "Gm44786" 0 NA NA NA NA 0 0 "Uqcrc2_noRT" "non-targeting_noRT"
"21683" "Gm44785" 0 NA NA NA NA 0 0 "Uqcrc2_noRT" "non-targeting_noRT"
"21684" "Gm44784" 0 NA NA NA NA 0 0 "Uqcrc2_noRT" "non-targeting_noRT"
"21685" "Gm45045" 0 NA NA NA NA 0 0 "Uqcrc2_noRT" "non-targeting_noRT"
"21686" "Gm39129" 0 NA NA NA NA 0 0 "Uqcrc2_noRT" "non-targeting_noRT"
"21687" "Gm32540" 0 NA NA NA NA 0 0 "Uqcrc2_noRT" "non-targeting_noRT"
"21688" "B930025P03Rik" 0 NA NA NA NA 0 0 "Uqcrc2_noRT" "non-targeting_noRT"
"21689" "Gm45044" 0 NA NA NA NA 0 0 "Uqcrc2_noRT" "non-targeting_noRT"
"21690" "Gm2814" 0 NA NA NA NA 0 0 "Uqcrc2_noRT" "non-targeting_noRT"
"21691" "4833411C07Rik" 0 NA NA NA NA 0 0 "Uqcrc2_noRT" "non-targeting_noRT"
"21692" "3930402G23Rik" 0 NA NA NA NA 0 0 "Uqcrc2_noRT" "non-targeting_noRT"
"21693" "Gm44955" 0 NA NA NA NA 0 0 "Uqcrc2_noRT" "non-targeting_noRT"
"21694" "Gm44956" 0 NA NA NA NA 0 0 "Uqcrc2_noRT" "non-targeting_noRT"
"21695" "9530052E02Rik" 0 NA NA NA NA 0 0 "Uqcrc2_noRT" "non-targeting_noRT"
"21696" "B830042I05Rik" 0 NA NA NA NA 0 0 "Uqcrc2_noRT" "non-targeting_noRT"
"21697" "Gm44714" 0 NA NA NA NA 0 0 "Uqcrc2_noRT" "non-targeting_noRT"
"21698" "Gm44717" 0 NA NA NA NA 0 0 "Uqcrc2_noRT" "non-targeting_noRT"
"21699" "Gm15418" 0 NA NA NA NA 0 0 "Uqcrc2_noRT" "non-targeting_noRT"
"21700" "Col4a1" 0 NA NA NA NA 0 0 "Uqcrc2_noRT" "non-targeting_noRT"
"21701" "Col4a2" 0 NA NA NA NA 0 0 "Uqcrc2_noRT" "non-targeting_noRT"
"21702" "Gm15419" 0 NA NA NA NA 0 0 "Uqcrc2_noRT" "non-targeting_noRT"
"21703" "E230013L22Rik" 0 NA NA NA NA 0 0 "Uqcrc2_noRT" "non-targeting_noRT"
"21704" "1700016D06Rik" 0 NA NA NA NA 0 0 "Uqcrc2_noRT" "non-targeting_noRT"
"21705" "4930465I24Rik" 0 NA NA NA NA 0 0 "Uqcrc2_noRT" "non-targeting_noRT"
"21706" "1700128E19Rik" 0 NA NA NA NA 0 0 "Uqcrc2_noRT" "non-targeting_noRT"
"21707" "Gm15875" 0 NA NA NA NA 0 0 "Uqcrc2_noRT" "non-targeting_noRT"
"21708" "Tex29" 0 NA NA NA NA 0 0 "Uqcrc2_noRT" "non-targeting_noRT"
"21709" "Gm39132" 0 NA NA NA NA 0 0 "Uqcrc2_noRT" "non-targeting_noRT"
"21710" "Gm45680" 0 NA NA NA NA 0 0 "Uqcrc2_noRT" "non-targeting_noRT"
"21711" "B020031H02Rik" 0 NA NA NA NA 0 0 "Uqcrc2_noRT" "non-targeting_noRT"
"21712" "A230072I06Rik" 0 NA NA NA NA 0 0 "Uqcrc2_noRT" "non-targeting_noRT"
"21713" "Gm29175" 0 NA NA NA NA 0 0 "Uqcrc2_noRT" "non-targeting_noRT"
"21714" "Gm33175" 0 NA NA NA NA 0 0 "Uqcrc2_noRT" "non-targeting_noRT"
"21715" "Sox1ot" 0 NA NA NA NA 0 0 "Uqcrc2_noRT" "non-targeting_noRT"
"21716" "Sox1" 0 NA NA NA NA 0 0 "Uqcrc2_noRT" "non-targeting_noRT"
"21717" "Gm33326" 0 NA NA NA NA 0 0 "Uqcrc2_noRT" "non-targeting_noRT"
"21718" "4933439N14Rik" 0 NA NA NA NA 0 0 "Uqcrc2_noRT" "non-targeting_noRT"
"21719" "D630011A20Rik" 0 NA NA NA NA 0 0 "Uqcrc2_noRT" "non-targeting_noRT"
"21720" "Spaca7" 0 NA NA NA NA 0 0 "Uqcrc2_noRT" "non-targeting_noRT"
"21721" "4931415C17Rik" 0 NA NA NA NA 0 0 "Uqcrc2_noRT" "non-targeting_noRT"
"21722" "Gm15348" 0 NA NA NA NA 0 0 "Uqcrc2_noRT" "non-targeting_noRT"
"21723" "Gm15350" 0 NA NA NA NA 0 0 "Uqcrc2_noRT" "non-targeting_noRT"
"21724" "Gm15347" 0 NA NA NA NA 0 0 "Uqcrc2_noRT" "non-targeting_noRT"
"21725" "Gm15353" 0 NA NA NA NA 0 0 "Uqcrc2_noRT" "non-targeting_noRT"
"21726" "Gm15351" 0 NA NA NA NA 0 0 "Uqcrc2_noRT" "non-targeting_noRT"
"21727" "F7" 0 NA NA NA NA 0 0 "Uqcrc2_noRT" "non-targeting_noRT"
"21728" "F10" 0 NA NA NA NA 0 0 "Uqcrc2_noRT" "non-targeting_noRT"
"21729" "Proz" 0 NA NA NA NA 0 0 "Uqcrc2_noRT" "non-targeting_noRT"
"21730" "Gm17023" 0 NA NA NA NA 0 0 "Uqcrc2_noRT" "non-targeting_noRT"
"21731" "2810030D12Rik" 0 NA NA NA NA 0 0 "Uqcrc2_noRT" "non-targeting_noRT"
"21732" "Adprhl1" 0 NA NA NA NA 0 0 "Uqcrc2_noRT" "non-targeting_noRT"
"21733" "Atp4b" 0 NA NA NA NA 0 0 "Uqcrc2_noRT" "non-targeting_noRT"
"21734" "Grk1" 0 NA NA NA NA 0 0 "Uqcrc2_noRT" "non-targeting_noRT"
"21735" "Tmem255b" 0 NA NA NA NA 0 0 "Uqcrc2_noRT" "non-targeting_noRT"
"21736" "Gas6" 0 NA NA NA NA 0 0 "Uqcrc2_noRT" "non-targeting_noRT"
"21737" "1700029H14Rik" 0 NA NA NA NA 0 0 "Uqcrc2_noRT" "non-targeting_noRT"
"21738" "Cfap97d2" 0 NA NA NA NA 0 0 "Uqcrc2_noRT" "non-targeting_noRT"
"21739" "AF366264" 0 NA NA NA NA 0 0 "Uqcrc2_noRT" "non-targeting_noRT"
"21740" "Gm5907" 0 NA NA NA NA 0 0 "Uqcrc2_noRT" "non-targeting_noRT"
"21741" "Dlgap2" 0 NA NA NA NA 0 0 "Uqcrc2_noRT" "non-targeting_noRT"
"21742" "C030037F17Rik" 0 NA NA NA NA 0 0 "Uqcrc2_noRT" "non-targeting_noRT"
"21743" "Gm16350" 0 NA NA NA NA 0 0 "Uqcrc2_noRT" "non-targeting_noRT"
"21744" "5830468F06Rik" 0 NA NA NA NA 0 0 "Uqcrc2_noRT" "non-targeting_noRT"
"21745" "BB014433" 0 NA NA NA NA 0 0 "Uqcrc2_noRT" "non-targeting_noRT"
"21746" "Gm45274" 0 NA NA NA NA 0 0 "Uqcrc2_noRT" "non-targeting_noRT"
"21747" "Myom2" 0 NA NA NA NA 0 0 "Uqcrc2_noRT" "non-targeting_noRT"
"21748" "Gm7706" 0 NA NA NA NA 0 0 "Uqcrc2_noRT" "non-targeting_noRT"
"21749" "Gm45271" 0 NA NA NA NA 0 0 "Uqcrc2_noRT" "non-targeting_noRT"
"21750" "Gm35392" 0 NA NA NA NA 0 0 "Uqcrc2_noRT" "non-targeting_noRT"
"21751" "Gm35453" 0 NA NA NA NA 0 0 "Uqcrc2_noRT" "non-targeting_noRT"
"21752" "Gm45676" 0 NA NA NA NA 0 0 "Uqcrc2_noRT" "non-targeting_noRT"
"21753" "Gm45408" 0 NA NA NA NA 0 0 "Uqcrc2_noRT" "non-targeting_noRT"
"21754" "Csmd1" 0 NA NA NA NA 0 0 "Uqcrc2_noRT" "non-targeting_noRT"
"21755" "Gm16346" 0 NA NA NA NA 0 0 "Uqcrc2_noRT" "non-targeting_noRT"
"21756" "Gm16347" 0 NA NA NA NA 0 0 "Uqcrc2_noRT" "non-targeting_noRT"
"21757" "1700014L14Rik" 0 NA NA NA NA 0 0 "Uqcrc2_noRT" "non-targeting_noRT"
"21758" "Gm16725" 0 NA NA NA NA 0 0 "Uqcrc2_noRT" "non-targeting_noRT"
"21759" "Gm35934" 0 NA NA NA NA 0 0 "Uqcrc2_noRT" "non-targeting_noRT"
"21760" "Defb40" 0 NA NA NA NA 0 0 "Uqcrc2_noRT" "non-targeting_noRT"
"21761" "Defb37" 0 NA NA NA NA 0 0 "Uqcrc2_noRT" "non-targeting_noRT"
"21762" "Defb38" 0 NA NA NA NA 0 0 "Uqcrc2_noRT" "non-targeting_noRT"
"21763" "Defb39" 0 NA NA NA NA 0 0 "Uqcrc2_noRT" "non-targeting_noRT"
"21764" "Defb12" 0 NA NA NA NA 0 0 "Uqcrc2_noRT" "non-targeting_noRT"
"21765" "Defb34" 0 NA NA NA NA 0 0 "Uqcrc2_noRT" "non-targeting_noRT"
"21766" "Spag11b" 0 NA NA NA NA 0 0 "Uqcrc2_noRT" "non-targeting_noRT"
"21767" "Spag11a" 0 NA NA NA NA 0 0 "Uqcrc2_noRT" "non-targeting_noRT"
"21768" "Gm39139" 0 NA NA NA NA 0 0 "Uqcrc2_noRT" "non-targeting_noRT"
"21769" "Defb14" 0 NA NA NA NA 0 0 "Uqcrc2_noRT" "non-targeting_noRT"
"21770" "Defb4" 0 NA NA NA NA 0 0 "Uqcrc2_noRT" "non-targeting_noRT"
"21771" "Defb6" 0 NA NA NA NA 0 0 "Uqcrc2_noRT" "non-targeting_noRT"
"21772" "Defb46" 0 NA NA NA NA 0 0 "Uqcrc2_noRT" "non-targeting_noRT"
"21773" "Defb5" 0 NA NA NA NA 0 0 "Uqcrc2_noRT" "non-targeting_noRT"
"21774" "Defb3" 0 NA NA NA NA 0 0 "Uqcrc2_noRT" "non-targeting_noRT"
"21775" "Defb8" 0 NA NA NA NA 0 0 "Uqcrc2_noRT" "non-targeting_noRT"
"21776" "Defb7" 0 NA NA NA NA 0 0 "Uqcrc2_noRT" "non-targeting_noRT"
"21777" "Gm35998" 0 NA NA NA NA 0 0 "Uqcrc2_noRT" "non-targeting_noRT"
"21778" "4930467E23Rik" 0 NA NA NA NA 0 0 "Uqcrc2_noRT" "non-targeting_noRT"
"21779" "Gm31371" 0 NA NA NA NA 0 0 "Uqcrc2_noRT" "non-targeting_noRT"
"21780" "Gm15319" 0 NA NA NA NA 0 0 "Uqcrc2_noRT" "non-targeting_noRT"
"21781" "Gm21119" 0 NA NA NA NA 0 0 "Uqcrc2_noRT" "non-targeting_noRT"
"21782" "Defb33" 0 NA NA NA NA 0 0 "Uqcrc2_noRT" "non-targeting_noRT"
"21783" "Gm6040" 0 NA NA NA NA 0 0 "Uqcrc2_noRT" "non-targeting_noRT"
"21784" "AY761185" 0 NA NA NA NA 0 0 "Uqcrc2_noRT" "non-targeting_noRT"
"21785" "Defa21" 0 NA NA NA NA 0 0 "Uqcrc2_noRT" "non-targeting_noRT"
"21786" "Defa23" 0 NA NA NA NA 0 0 "Uqcrc2_noRT" "non-targeting_noRT"
"21787" "Defa35" 0 NA NA NA NA 0 0 "Uqcrc2_noRT" "non-targeting_noRT"
"21788" "Defa25" 0 NA NA NA NA 0 0 "Uqcrc2_noRT" "non-targeting_noRT"
"21789" "Gm14851" 0 NA NA NA NA 0 0 "Uqcrc2_noRT" "non-targeting_noRT"
"21790" "Defa30" 0 NA NA NA NA 0 0 "Uqcrc2_noRT" "non-targeting_noRT"
"21791" "Defa22" 0 NA NA NA NA 0 0 "Uqcrc2_noRT" "non-targeting_noRT"
"21792" "Defa31" 0 NA NA NA NA 0 0 "Uqcrc2_noRT" "non-targeting_noRT"
"21793" "Gm15293" 0 NA NA NA NA 0 0 "Uqcrc2_noRT" "non-targeting_noRT"
"21794" "Gm15292" 0 NA NA NA NA 0 0 "Uqcrc2_noRT" "non-targeting_noRT"
"21795" "Defa3" 0 NA NA NA NA 0 0 "Uqcrc2_noRT" "non-targeting_noRT"
"21796" "Defa5" 0 NA NA NA NA 0 0 "Uqcrc2_noRT" "non-targeting_noRT"
"21797" "Defa27" 0 NA NA NA NA 0 0 "Uqcrc2_noRT" "non-targeting_noRT"
"21798" "Defa29" 0 NA NA NA NA 0 0 "Uqcrc2_noRT" "non-targeting_noRT"
"21799" "Defa2" 0 NA NA NA NA 0 0 "Uqcrc2_noRT" "non-targeting_noRT"
"21800" "Defa33" 0 NA NA NA NA 0 0 "Uqcrc2_noRT" "non-targeting_noRT"
"21801" "Defa36" 0 NA NA NA NA 0 0 "Uqcrc2_noRT" "non-targeting_noRT"
"21802" "Gm7849" 0 NA NA NA NA 0 0 "Uqcrc2_noRT" "non-targeting_noRT"
"21803" "Defa20" 0 NA NA NA NA 0 0 "Uqcrc2_noRT" "non-targeting_noRT"
"21804" "Defa32" 0 NA NA NA NA 0 0 "Uqcrc2_noRT" "non-targeting_noRT"
"21805" "Defa37" 0 NA NA NA NA 0 0 "Uqcrc2_noRT" "non-targeting_noRT"
"21806" "Defa28" 0 NA NA NA NA 0 0 "Uqcrc2_noRT" "non-targeting_noRT"
"21807" "Gm7861" 0 NA NA NA NA 0 0 "Uqcrc2_noRT" "non-targeting_noRT"
"21808" "Defa26" 0 NA NA NA NA 0 0 "Uqcrc2_noRT" "non-targeting_noRT"
"21809" "Defa17" 0 NA NA NA NA 0 0 "Uqcrc2_noRT" "non-targeting_noRT"
"21810" "Defa34" 0 NA NA NA NA 0 0 "Uqcrc2_noRT" "non-targeting_noRT"
"21811" "AY761184" 0 NA NA NA NA 0 0 "Uqcrc2_noRT" "non-targeting_noRT"
"21812" "Defa24" 0 NA NA NA NA 0 0 "Uqcrc2_noRT" "non-targeting_noRT"
"21813" "Defb1" 0 NA NA NA NA 0 0 "Uqcrc2_noRT" "non-targeting_noRT"
"21814" "Defb50" 0 NA NA NA NA 0 0 "Uqcrc2_noRT" "non-targeting_noRT"
"21815" "Defb2" 0 NA NA NA NA 0 0 "Uqcrc2_noRT" "non-targeting_noRT"
"21816" "Defb10" 0 NA NA NA NA 0 0 "Uqcrc2_noRT" "non-targeting_noRT"
"21817" "Defb9" 0 NA NA NA NA 0 0 "Uqcrc2_noRT" "non-targeting_noRT"
"21818" "Defb11" 0 NA NA NA NA 0 0 "Uqcrc2_noRT" "non-targeting_noRT"
"21819" "Gm36879" 0 NA NA NA NA 0 0 "Uqcrc2_noRT" "non-targeting_noRT"
"21820" "Defb15" 0 NA NA NA NA 0 0 "Uqcrc2_noRT" "non-targeting_noRT"
"21821" "Defb35" 0 NA NA NA NA 0 0 "Uqcrc2_noRT" "non-targeting_noRT"
"21822" "Defb13" 0 NA NA NA NA 0 0 "Uqcrc2_noRT" "non-targeting_noRT"
"21823" "Fam90a1a" 0 NA NA NA NA 0 0 "Uqcrc2_noRT" "non-targeting_noRT"
"21824" "Ccdc70" 0 NA NA NA NA 0 0 "Uqcrc2_noRT" "non-targeting_noRT"
"21825" "Atp7b" 0 NA NA NA NA 0 0 "Uqcrc2_noRT" "non-targeting_noRT"
"21826" "Nek5" 0 NA NA NA NA 0 0 "Uqcrc2_noRT" "non-targeting_noRT"
"21827" "Thsd1" 0 NA NA NA NA 0 0 "Uqcrc2_noRT" "non-targeting_noRT"
"21828" "Tpte" 0 NA NA NA NA 0 0 "Uqcrc2_noRT" "non-targeting_noRT"
"21829" "1810012K16Rik" 0 NA NA NA NA 0 0 "Uqcrc2_noRT" "non-targeting_noRT"
"21830" "Dkk4" 0 NA NA NA NA 0 0 "Uqcrc2_noRT" "non-targeting_noRT"
"21831" "Gm15346" 0 NA NA NA NA 0 0 "Uqcrc2_noRT" "non-targeting_noRT"
"21832" "Ank1" 0 NA NA NA NA 0 0 "Uqcrc2_noRT" "non-targeting_noRT"
"21833" "Gm15816" 0 NA NA NA NA 0 0 "Uqcrc2_noRT" "non-targeting_noRT"
"21834" "Nkx6-3" 0 NA NA NA NA 0 0 "Uqcrc2_noRT" "non-targeting_noRT"
"21835" "Sfrp1" 0 NA NA NA NA 0 0 "Uqcrc2_noRT" "non-targeting_noRT"
"21836" "Zmat4" 0 NA NA NA NA 0 0 "Uqcrc2_noRT" "non-targeting_noRT"
"21837" "A730045E13Rik" 0 NA NA NA NA 0 0 "Uqcrc2_noRT" "non-targeting_noRT"
"21838" "Gm45163" 0 NA NA NA NA 0 0 "Uqcrc2_noRT" "non-targeting_noRT"
"21839" "Gm45164" 0 NA NA NA NA 0 0 "Uqcrc2_noRT" "non-targeting_noRT"
"21840" "Gm30692" 0 NA NA NA NA 0 0 "Uqcrc2_noRT" "non-targeting_noRT"
"21841" "Gm26714" 0 NA NA NA NA 0 0 "Uqcrc2_noRT" "non-targeting_noRT"
"21842" "Ido2" 0 NA NA NA NA 0 0 "Uqcrc2_noRT" "non-targeting_noRT"
"21843" "Ido1" 0 NA NA NA NA 0 0 "Uqcrc2_noRT" "non-targeting_noRT"
"21844" "Adam18" 0 NA NA NA NA 0 0 "Uqcrc2_noRT" "non-targeting_noRT"
"21845" "Adam3" 0 NA NA NA NA 0 0 "Uqcrc2_noRT" "non-targeting_noRT"
"21846" "Adam5" 0 NA NA NA NA 0 0 "Uqcrc2_noRT" "non-targeting_noRT"
"21847" "Adam32" 0 NA NA NA NA 0 0 "Uqcrc2_noRT" "non-targeting_noRT"
"21848" "Htra4" 0 NA NA NA NA 0 0 "Uqcrc2_noRT" "non-targeting_noRT"
"21849" "Gm16933" 0 NA NA NA NA 0 0 "Uqcrc2_noRT" "non-targeting_noRT"
"21850" "5430421F17Rik" 0 NA NA NA NA 0 0 "Uqcrc2_noRT" "non-targeting_noRT"
"21851" "Gm30978" 0 NA NA NA NA 0 0 "Uqcrc2_noRT" "non-targeting_noRT"
"21852" "Gm45237" 0 NA NA NA NA 0 0 "Uqcrc2_noRT" "non-targeting_noRT"
"21853" "Gm45238" 0 NA NA NA NA 0 0 "Uqcrc2_noRT" "non-targeting_noRT"
"21854" "Gm31045" 0 NA NA NA NA 0 0 "Uqcrc2_noRT" "non-targeting_noRT"
"21855" "Fgfr1" 0 NA NA NA NA 0 0 "Uqcrc2_noRT" "non-targeting_noRT"
"21856" "Gm16159" 0 NA NA NA NA 0 0 "Uqcrc2_noRT" "non-targeting_noRT"
"21857" "Gm45570" 0 NA NA NA NA 0 0 "Uqcrc2_noRT" "non-targeting_noRT"
"21858" "Kcnu1" 0 NA NA NA NA 0 0 "Uqcrc2_noRT" "non-targeting_noRT"
"21859" "Gm45411" 0 NA NA NA NA 0 0 "Uqcrc2_noRT" "non-targeting_noRT"
"21860" "1700047A11Rik" 0 NA NA NA NA 0 0 "Uqcrc2_noRT" "non-targeting_noRT"
"21861" "Gm45305" 0 NA NA NA NA 0 0 "Uqcrc2_noRT" "non-targeting_noRT"
"21862" "Gm31727" 0 NA NA NA NA 0 0 "Uqcrc2_noRT" "non-targeting_noRT"
"21863" "Gm31784" 0 NA NA NA NA 0 0 "Uqcrc2_noRT" "non-targeting_noRT"
"21864" "Gm45307" 0 NA NA NA NA 0 0 "Uqcrc2_noRT" "non-targeting_noRT"
"21865" "Gm31898" 0 NA NA NA NA 0 0 "Uqcrc2_noRT" "non-targeting_noRT"
"21866" "Gm45580" 0 NA NA NA NA 0 0 "Uqcrc2_noRT" "non-targeting_noRT"
"21867" "Gm31983" 0 NA NA NA NA 0 0 "Uqcrc2_noRT" "non-targeting_noRT"
"21868" "Gm39149" 0 NA NA NA NA 0 0 "Uqcrc2_noRT" "non-targeting_noRT"
"21869" "Gm32050" 0 NA NA NA NA 0 0 "Uqcrc2_noRT" "non-targeting_noRT"
"21870" "Gm45584" 0 NA NA NA NA 0 0 "Uqcrc2_noRT" "non-targeting_noRT"
"21871" "Gm32098" 0 NA NA NA NA 0 0 "Uqcrc2_noRT" "non-targeting_noRT"
"21872" "Gm45646" 0 NA NA NA NA 0 0 "Uqcrc2_noRT" "non-targeting_noRT"
"21873" "Gm45572" 0 NA NA NA NA 0 0 "Uqcrc2_noRT" "non-targeting_noRT"
"21874" "Gm45371" 0 NA NA NA NA 0 0 "Uqcrc2_noRT" "non-targeting_noRT"
"21875" "Gm45370" 0 NA NA NA NA 0 0 "Uqcrc2_noRT" "non-targeting_noRT"
"21876" "Adgra2" 0 NA NA NA NA 0 0 "Uqcrc2_noRT" "non-targeting_noRT"
"21877" "Rab11fip1" 0 NA NA NA NA 0 0 "Uqcrc2_noRT" "non-targeting_noRT"
"21878" "4933416M07Rik" 0 NA NA NA NA 0 0 "Uqcrc2_noRT" "non-targeting_noRT"
"21879" "Gm45267" 0 NA NA NA NA 0 0 "Uqcrc2_noRT" "non-targeting_noRT"
"21880" "Adrb3" 0 NA NA NA NA 0 0 "Uqcrc2_noRT" "non-targeting_noRT"
"21881" "Gm45470" 0 NA NA NA NA 0 0 "Uqcrc2_noRT" "non-targeting_noRT"
"21882" "Tex24" 0 NA NA NA NA 0 0 "Uqcrc2_noRT" "non-targeting_noRT"
"21883" "Chrnb3" 0 NA NA NA NA 0 0 "Uqcrc2_noRT" "non-targeting_noRT"
"21884" "Chrna6" 0 NA NA NA NA 0 0 "Uqcrc2_noRT" "non-targeting_noRT"
"21885" "Poteg" 0 NA NA NA NA 0 0 "Uqcrc2_noRT" "non-targeting_noRT"
"21886" "Gm1698" 0 NA NA NA NA 0 0 "Uqcrc2_noRT" "non-targeting_noRT"
"21887" "1700008N11Rik" 0 NA NA NA NA 0 0 "Uqcrc2_noRT" "non-targeting_noRT"
"21888" "Gm8110" 0 NA NA NA NA 0 0 "Uqcrc2_noRT" "non-targeting_noRT"
"21889" "Gm45571" 0 NA NA NA NA 0 0 "Uqcrc2_noRT" "non-targeting_noRT"
"21890" "Gm26795" 0 NA NA NA NA 0 0 "Uqcrc2_noRT" "non-targeting_noRT"
"21891" "Unc5d" 0 NA NA NA NA 0 0 "Uqcrc2_noRT" "non-targeting_noRT"
"21892" "Gm32567" 0 NA NA NA NA 0 0 "Uqcrc2_noRT" "non-targeting_noRT"
"21893" "Gm39154" 0 NA NA NA NA 0 0 "Uqcrc2_noRT" "non-targeting_noRT"
"21894" "Gm45490" 0 NA NA NA NA 0 0 "Uqcrc2_noRT" "non-targeting_noRT"
"21895" "Gm45489" 0 NA NA NA NA 0 0 "Uqcrc2_noRT" "non-targeting_noRT"
"21896" "4933433F19Rik" 0 NA NA NA NA 0 0 "Uqcrc2_noRT" "non-targeting_noRT"
"21897" "Dusp26" 0 NA NA NA NA 0 0 "Uqcrc2_noRT" "non-targeting_noRT"
"21898" "7420700N18Rik" 0 NA NA NA NA 0 0 "Uqcrc2_noRT" "non-targeting_noRT"
"21899" "Gm45304" 0 NA NA NA NA 0 0 "Uqcrc2_noRT" "non-targeting_noRT"
"21900" "Nrg1" 0 NA NA NA NA 0 0 "Uqcrc2_noRT" "non-targeting_noRT"
"21901" "AC132407.1" 0 NA NA NA NA 0 0 "Uqcrc2_noRT" "non-targeting_noRT"
"21902" "Gm3985" 0 NA NA NA NA 0 0 "Uqcrc2_noRT" "non-targeting_noRT"
"21903" "Gm45587" 0 NA NA NA NA 0 0 "Uqcrc2_noRT" "non-targeting_noRT"
"21904" "1700104B16Rik" 0 NA NA NA NA 0 0 "Uqcrc2_noRT" "non-targeting_noRT"
"21905" "Smim18" 0 NA NA NA NA 0 0 "Uqcrc2_noRT" "non-targeting_noRT"
"21906" "Gm26632" 0 NA NA NA NA 0 0 "Uqcrc2_noRT" "non-targeting_noRT"
"21907" "Gm26978" 0 NA NA NA NA 0 0 "Uqcrc2_noRT" "non-targeting_noRT"
"21908" "Gm39157" 0 NA NA NA NA 0 0 "Uqcrc2_noRT" "non-targeting_noRT"
"21909" "Gm9951" 0 NA NA NA NA 0 0 "Uqcrc2_noRT" "non-targeting_noRT"
"21910" "Mboat4" 0 NA NA NA NA 0 0 "Uqcrc2_noRT" "non-targeting_noRT"
"21911" "Gm39158" 0 NA NA NA NA 0 0 "Uqcrc2_noRT" "non-targeting_noRT"
"21912" "Gm45350" 0 NA NA NA NA 0 0 "Uqcrc2_noRT" "non-targeting_noRT"
"21913" "Gm33831" 0 NA NA NA NA 0 0 "Uqcrc2_noRT" "non-targeting_noRT"
"21914" "Gm45349" 0 NA NA NA NA 0 0 "Uqcrc2_noRT" "non-targeting_noRT"
"21915" "Gm33968" 0 NA NA NA NA 0 0 "Uqcrc2_noRT" "non-targeting_noRT"
"21916" "B930018H19Rik" 0 NA NA NA NA 0 0 "Uqcrc2_noRT" "non-targeting_noRT"
"21917" "Gm34096" 0 NA NA NA NA 0 0 "Uqcrc2_noRT" "non-targeting_noRT"
"21918" "Gm45627" 0 NA NA NA NA 0 0 "Uqcrc2_noRT" "non-targeting_noRT"
"21919" "Gm9939" 0 NA NA NA NA 0 0 "Uqcrc2_noRT" "non-targeting_noRT"
"21920" "Gm34368" 0 NA NA NA NA 0 0 "Uqcrc2_noRT" "non-targeting_noRT"
"21921" "Gm34419" 0 NA NA NA NA 0 0 "Uqcrc2_noRT" "non-targeting_noRT"
"21922" "Gm45625" 0 NA NA NA NA 0 0 "Uqcrc2_noRT" "non-targeting_noRT"
"21923" "Gm34474" 0 NA NA NA NA 0 0 "Uqcrc2_noRT" "non-targeting_noRT"
"21924" "Gm34533" 0 NA NA NA NA 0 0 "Uqcrc2_noRT" "non-targeting_noRT"
"21925" "Gm34597" 0 NA NA NA NA 0 0 "Uqcrc2_noRT" "non-targeting_noRT"
"21926" "Gm45469" 0 NA NA NA NA 0 0 "Uqcrc2_noRT" "non-targeting_noRT"
"21927" "Ppp1r3b" 0 NA NA NA NA 0 0 "Uqcrc2_noRT" "non-targeting_noRT"
"21928" "Gm45301" 0 NA NA NA NA 0 0 "Uqcrc2_noRT" "non-targeting_noRT"
"21929" "Gm34853" 0 NA NA NA NA 0 0 "Uqcrc2_noRT" "non-targeting_noRT"
"21930" "Gm16793" 0 NA NA NA NA 0 0 "Uqcrc2_noRT" "non-targeting_noRT"
"21931" "1700015I17Rik" 0 NA NA NA NA 0 0 "Uqcrc2_noRT" "non-targeting_noRT"
"21932" "Cldn23" 0 NA NA NA NA 0 0 "Uqcrc2_noRT" "non-targeting_noRT"
"21933" "5430403N17Rik" 0 NA NA NA NA 0 0 "Uqcrc2_noRT" "non-targeting_noRT"
"21934" "Gm39164" 0 NA NA NA NA 0 0 "Uqcrc2_noRT" "non-targeting_noRT"
"21935" "4933430A20Rik" 0 NA NA NA NA 0 0 "Uqcrc2_noRT" "non-targeting_noRT"
"21936" "Gm35520" 0 NA NA NA NA 0 0 "Uqcrc2_noRT" "non-targeting_noRT"
"21937" "Trmt9b" 0 NA NA NA NA 0 0 "Uqcrc2_noRT" "non-targeting_noRT"
"21938" "G630064G18Rik" 0 NA NA NA NA 0 0 "Uqcrc2_noRT" "non-targeting_noRT"
"21939" "Gm45524" 0 NA NA NA NA 0 0 "Uqcrc2_noRT" "non-targeting_noRT"
"21940" "Gm45368" 0 NA NA NA NA 0 0 "Uqcrc2_noRT" "non-targeting_noRT"
"21941" "Gm40493" 0 NA NA NA NA 0 0 "Uqcrc2_noRT" "non-targeting_noRT"
"21942" "Gm6213" 0 NA NA NA NA 0 0 "Uqcrc2_noRT" "non-targeting_noRT"
"21943" "Fgf20" 0 NA NA NA NA 0 0 "Uqcrc2_noRT" "non-targeting_noRT"
"21944" "Adam24" 0 NA NA NA NA 0 0 "Uqcrc2_noRT" "non-targeting_noRT"
"21945" "Adam25" 0 NA NA NA NA 0 0 "Uqcrc2_noRT" "non-targeting_noRT"
"21946" "Adam20" 0 NA NA NA NA 0 0 "Uqcrc2_noRT" "non-targeting_noRT"
"21947" "Adam39" 0 NA NA NA NA 0 0 "Uqcrc2_noRT" "non-targeting_noRT"
"21948" "Slc7a2" 0 NA NA NA NA 0 0 "Uqcrc2_noRT" "non-targeting_noRT"
"21949" "Pdgfrl" 0 NA NA NA NA 0 0 "Uqcrc2_noRT" "non-targeting_noRT"
"21950" "Gm16192" 0 NA NA NA NA 0 0 "Uqcrc2_noRT" "non-targeting_noRT"
"21951" "Gm16193" 0 NA NA NA NA 0 0 "Uqcrc2_noRT" "non-targeting_noRT"
"21952" "2810404M03Rik" 0 NA NA NA NA 0 0 "Uqcrc2_noRT" "non-targeting_noRT"
"21953" "Triml1" 0 NA NA NA NA 0 0 "Uqcrc2_noRT" "non-targeting_noRT"
"21954" "Triml2" 0 NA NA NA NA 0 0 "Uqcrc2_noRT" "non-targeting_noRT"
"21955" "Zfp42" 0 NA NA NA NA 0 0 "Uqcrc2_noRT" "non-targeting_noRT"
"21956" "Adam26b" 0 NA NA NA NA 0 0 "Uqcrc2_noRT" "non-targeting_noRT"
"21957" "Adam26a" 0 NA NA NA NA 0 0 "Uqcrc2_noRT" "non-targeting_noRT"
"21958" "Gm5346" 0 NA NA NA NA 0 0 "Uqcrc2_noRT" "non-targeting_noRT"
"21959" "Adam34" 0 NA NA NA NA 0 0 "Uqcrc2_noRT" "non-targeting_noRT"
"21960" "Gm45488" 0 NA NA NA NA 0 0 "Uqcrc2_noRT" "non-targeting_noRT"
"21961" "Gm45659" 0 NA NA NA NA 0 0 "Uqcrc2_noRT" "non-targeting_noRT"
"21962" "Gm9908" 0 NA NA NA NA 0 0 "Uqcrc2_noRT" "non-targeting_noRT"
"21963" "Gm2366" 0 NA NA NA NA 0 0 "Uqcrc2_noRT" "non-targeting_noRT"
"21964" "AY512931" 0 NA NA NA NA 0 0 "Uqcrc2_noRT" "non-targeting_noRT"
"21965" "Mtnr1a" 0 NA NA NA NA 0 0 "Uqcrc2_noRT" "non-targeting_noRT"
"21966" "Gm30504" 0 NA NA NA NA 0 0 "Uqcrc2_noRT" "non-targeting_noRT"
"21967" "Gm6329" 0 NA NA NA NA 0 0 "Uqcrc2_noRT" "non-targeting_noRT"
"21968" "F11" 0 NA NA NA NA 0 0 "Uqcrc2_noRT" "non-targeting_noRT"
"21969" "Klkb1" 0 NA NA NA NA 0 0 "Uqcrc2_noRT" "non-targeting_noRT"
"21970" "Gm45542" 0 NA NA NA NA 0 0 "Uqcrc2_noRT" "non-targeting_noRT"
"21971" "Gm16351" 0 NA NA NA NA 0 0 "Uqcrc2_noRT" "non-targeting_noRT"
"21972" "Sorbs2os" 0 NA NA NA NA 0 0 "Uqcrc2_noRT" "non-targeting_noRT"
"21973" "Pdlim3" 0 NA NA NA NA 0 0 "Uqcrc2_noRT" "non-targeting_noRT"
"21974" "Ccdc110" 0 NA NA NA NA 0 0 "Uqcrc2_noRT" "non-targeting_noRT"
"21975" "Lrp2bp" 0 NA NA NA NA 0 0 "Uqcrc2_noRT" "non-targeting_noRT"
"21976" "Gm15634" 0 NA NA NA NA 0 0 "Uqcrc2_noRT" "non-targeting_noRT"
"21977" "Helt" 0 NA NA NA NA 0 0 "Uqcrc2_noRT" "non-targeting_noRT"
"21978" "Gm39168" 0 NA NA NA NA 0 0 "Uqcrc2_noRT" "non-targeting_noRT"
"21979" "Gm30931" 0 NA NA NA NA 0 0 "Uqcrc2_noRT" "non-targeting_noRT"
"21980" "Gm45253" 0 NA NA NA NA 0 0 "Uqcrc2_noRT" "non-targeting_noRT"
"21981" "Gm45607" 0 NA NA NA NA 0 0 "Uqcrc2_noRT" "non-targeting_noRT"
"21982" "Gm45479" 0 NA NA NA NA 0 0 "Uqcrc2_noRT" "non-targeting_noRT"
"21983" "Gm31172" 0 NA NA NA NA 0 0 "Uqcrc2_noRT" "non-targeting_noRT"
"21984" "1700011L03Rik" 0 NA NA NA NA 0 0 "Uqcrc2_noRT" "non-targeting_noRT"
"21985" "Gm45600" 0 NA NA NA NA 0 0 "Uqcrc2_noRT" "non-targeting_noRT"
"21986" "4930579M01Rik" 0 NA NA NA NA 0 0 "Uqcrc2_noRT" "non-targeting_noRT"
"21987" "E330018M18Rik" 0 NA NA NA NA 0 0 "Uqcrc2_noRT" "non-targeting_noRT"
"21988" "Gm45576" 0 NA NA NA NA 0 0 "Uqcrc2_noRT" "non-targeting_noRT"
"21989" "E030037K01Rik" 0 NA NA NA NA 0 0 "Uqcrc2_noRT" "non-targeting_noRT"
"21990" "Gm45824" 0 NA NA NA NA 0 0 "Uqcrc2_noRT" "non-targeting_noRT"
"21991" "Gm45864" 0 NA NA NA NA 0 0 "Uqcrc2_noRT" "non-targeting_noRT"
"21992" "1700061N14Rik" 0 NA NA NA NA 0 0 "Uqcrc2_noRT" "non-targeting_noRT"
"21993" "Cldn24" 0 NA NA NA NA 0 0 "Uqcrc2_noRT" "non-targeting_noRT"
"21994" "Gm32052" 0 NA NA NA NA 0 0 "Uqcrc2_noRT" "non-targeting_noRT"
"21995" "Gm45830" 0 NA NA NA NA 0 0 "Uqcrc2_noRT" "non-targeting_noRT"
"21996" "Gm45829" 0 NA NA NA NA 0 0 "Uqcrc2_noRT" "non-targeting_noRT"
"21997" "4930555F03Rik" 0 NA NA NA NA 0 0 "Uqcrc2_noRT" "non-targeting_noRT"
"21998" "Gm45321" 0 NA NA NA NA 0 0 "Uqcrc2_noRT" "non-targeting_noRT"
"21999" "Gm45322" 0 NA NA NA NA 0 0 "Uqcrc2_noRT" "non-targeting_noRT"
"22000" "Gm45323" 0 NA NA NA NA 0 0 "Uqcrc2_noRT" "non-targeting_noRT"
"22001" "Gm45341" 0 NA NA NA NA 0 0 "Uqcrc2_noRT" "non-targeting_noRT"
"22002" "Gm45455" 0 NA NA NA NA 0 0 "Uqcrc2_noRT" "non-targeting_noRT"
"22003" "Gm2516" 0 NA NA NA NA 0 0 "Uqcrc2_noRT" "non-targeting_noRT"
"22004" "C130073E24Rik" 0 NA NA NA NA 0 0 "Uqcrc2_noRT" "non-targeting_noRT"
"22005" "Gm32975" 0 NA NA NA NA 0 0 "Uqcrc2_noRT" "non-targeting_noRT"
"22006" "Gm45389" 0 NA NA NA NA 0 0 "Uqcrc2_noRT" "non-targeting_noRT"
"22007" "Gm45388" 0 NA NA NA NA 0 0 "Uqcrc2_noRT" "non-targeting_noRT"
"22008" "1190028D05Rik" 0 NA NA NA NA 0 0 "Uqcrc2_noRT" "non-targeting_noRT"
"22009" "Gm45554" 0 NA NA NA NA 0 0 "Uqcrc2_noRT" "non-targeting_noRT"
"22010" "Vegfc" 0 NA NA NA NA 0 0 "Uqcrc2_noRT" "non-targeting_noRT"
"22011" "Asb5" 0 NA NA NA NA 0 0 "Uqcrc2_noRT" "non-targeting_noRT"
"22012" "5330439A09Rik" 0 NA NA NA NA 0 0 "Uqcrc2_noRT" "non-targeting_noRT"
"22013" "Spata4" 0 NA NA NA NA 0 0 "Uqcrc2_noRT" "non-targeting_noRT"
"22014" "Wdr17" 0 NA NA NA NA 0 0 "Uqcrc2_noRT" "non-targeting_noRT"
"22015" "Gm15758" 0 NA NA NA NA 0 0 "Uqcrc2_noRT" "non-targeting_noRT"
"22016" "Gpm6a" 0 NA NA NA NA 0 0 "Uqcrc2_noRT" "non-targeting_noRT"
"22017" "Adam29" 0 NA NA NA NA 0 0 "Uqcrc2_noRT" "non-targeting_noRT"
"22018" "Glra3" 0 NA NA NA NA 0 0 "Uqcrc2_noRT" "non-targeting_noRT"
"22019" "Hpgd" 0 NA NA NA NA 0 0 "Uqcrc2_noRT" "non-targeting_noRT"
"22020" "4930518J21Rik" 0 NA NA NA NA 0 0 "Uqcrc2_noRT" "non-targeting_noRT"
"22021" "Gm33501" 0 NA NA NA NA 0 0 "Uqcrc2_noRT" "non-targeting_noRT"
"22022" "Hand2os1" 0 NA NA NA NA 0 0 "Uqcrc2_noRT" "non-targeting_noRT"
"22023" "Hand2" 0 NA NA NA NA 0 0 "Uqcrc2_noRT" "non-targeting_noRT"
"22024" "Gm34030" 0 NA NA NA NA 0 0 "Uqcrc2_noRT" "non-targeting_noRT"
"22025" "5033428I22Rik" 0 NA NA NA NA 0 0 "Uqcrc2_noRT" "non-targeting_noRT"
"22026" "Gm34099" 0 NA NA NA NA 0 0 "Uqcrc2_noRT" "non-targeting_noRT"
"22027" "Gm45359" 0 NA NA NA NA 0 0 "Uqcrc2_noRT" "non-targeting_noRT"
"22028" "Gm45356" 0 NA NA NA NA 0 0 "Uqcrc2_noRT" "non-targeting_noRT"
"22029" "Galntl6" 0 NA NA NA NA 0 0 "Uqcrc2_noRT" "non-targeting_noRT"
"22030" "Gm15882" 0 NA NA NA NA 0 0 "Uqcrc2_noRT" "non-targeting_noRT"
"22031" "BC030500" 0 NA NA NA NA 0 0 "Uqcrc2_noRT" "non-targeting_noRT"
"22032" "Gm34370" 0 NA NA NA NA 0 0 "Uqcrc2_noRT" "non-targeting_noRT"
"22033" "4930470O06Rik" 0 NA NA NA NA 0 0 "Uqcrc2_noRT" "non-targeting_noRT"
"22034" "Gm34623" 0 NA NA NA NA 0 0 "Uqcrc2_noRT" "non-targeting_noRT"
"22035" "Gm10283" 0 NA NA NA NA 0 0 "Uqcrc2_noRT" "non-targeting_noRT"
"22036" "Aadat" 0 NA NA NA NA 0 0 "Uqcrc2_noRT" "non-targeting_noRT"
"22037" "Gm34730" 0 NA NA NA NA 0 0 "Uqcrc2_noRT" "non-targeting_noRT"
"22038" "Mfap3l" 0 NA NA NA NA 0 0 "Uqcrc2_noRT" "non-targeting_noRT"
"22039" "Gm45650" 0 NA NA NA NA 0 0 "Uqcrc2_noRT" "non-targeting_noRT"
"22040" "Gm16178" 0 NA NA NA NA 0 0 "Uqcrc2_noRT" "non-targeting_noRT"
"22041" "1700001D01Rik" 0 NA NA NA NA 0 0 "Uqcrc2_noRT" "non-targeting_noRT"
"22042" "4930512H18Rik" 0 NA NA NA NA 0 0 "Uqcrc2_noRT" "non-targeting_noRT"
"22043" "Gm45418" 0 NA NA NA NA 0 0 "Uqcrc2_noRT" "non-targeting_noRT"
"22044" "Anxa10" 0 NA NA NA NA 0 0 "Uqcrc2_noRT" "non-targeting_noRT"
"22045" "Gm45460" 0 NA NA NA NA 0 0 "Uqcrc2_noRT" "non-targeting_noRT"
"22046" "Gm45459" 0 NA NA NA NA 0 0 "Uqcrc2_noRT" "non-targeting_noRT"
"22047" "Gm45462" 0 NA NA NA NA 0 0 "Uqcrc2_noRT" "non-targeting_noRT"
"22048" "Spock3" 0 NA NA NA NA 0 0 "Uqcrc2_noRT" "non-targeting_noRT"
"22049" "Gm35368" 0 NA NA NA NA 0 0 "Uqcrc2_noRT" "non-targeting_noRT"
"22050" "Sgo2b" 0 NA NA NA NA 0 0 "Uqcrc2_noRT" "non-targeting_noRT"
"22051" "Tll1" 0 NA NA NA NA 0 0 "Uqcrc2_noRT" "non-targeting_noRT"
"22052" "Gm35521" 0 NA NA NA NA 0 0 "Uqcrc2_noRT" "non-targeting_noRT"
"22053" "Gm45518" 0 NA NA NA NA 0 0 "Uqcrc2_noRT" "non-targeting_noRT"
"22054" "Gm45345" 0 NA NA NA NA 0 0 "Uqcrc2_noRT" "non-targeting_noRT"
"22055" "Gm32507" 0 NA NA NA NA 0 0 "Uqcrc2_noRT" "non-targeting_noRT"
"22056" "Trim75" 0 NA NA NA NA 0 0 "Uqcrc2_noRT" "non-targeting_noRT"
"22057" "Trim60" 0 NA NA NA NA 0 0 "Uqcrc2_noRT" "non-targeting_noRT"
"22058" "Trim61" 0 NA NA NA NA 0 0 "Uqcrc2_noRT" "non-targeting_noRT"
"22059" "Apela" 0 NA NA NA NA 0 0 "Uqcrc2_noRT" "non-targeting_noRT"
"22060" "Gm10663" 0 NA NA NA NA 0 0 "Uqcrc2_noRT" "non-targeting_noRT"
"22061" "Smim31" 0 NA NA NA NA 0 0 "Uqcrc2_noRT" "non-targeting_noRT"
"22062" "March1" 0 NA NA NA NA 0 0 "Uqcrc2_noRT" "non-targeting_noRT"
"22063" "Gm15354" 0 NA NA NA NA 0 0 "Uqcrc2_noRT" "non-targeting_noRT"
"22064" "Gm15356" 0 NA NA NA NA 0 0 "Uqcrc2_noRT" "non-targeting_noRT"
"22065" "Gm32568" 0 NA NA NA NA 0 0 "Uqcrc2_noRT" "non-targeting_noRT"
"22066" "Tktl2" 0 NA NA NA NA 0 0 "Uqcrc2_noRT" "non-targeting_noRT"
"22067" "Npy5r" 0 NA NA NA NA 0 0 "Uqcrc2_noRT" "non-targeting_noRT"
"22068" "Gm45911" 0 NA NA NA NA 0 0 "Uqcrc2_noRT" "non-targeting_noRT"
"22069" "Gm39185" 0 NA NA NA NA 0 0 "Uqcrc2_noRT" "non-targeting_noRT"
"22070" "Gm45827" 0 NA NA NA NA 0 0 "Uqcrc2_noRT" "non-targeting_noRT"
"22071" "Gm10660" 0 NA NA NA NA 0 0 "Uqcrc2_noRT" "non-targeting_noRT"
"22072" "Nat1" 0 NA NA NA NA 0 0 "Uqcrc2_noRT" "non-targeting_noRT"
"22073" "Nat3" 0 NA NA NA NA 0 0 "Uqcrc2_noRT" "non-targeting_noRT"
"22074" "Gm15991" 0 NA NA NA NA 0 0 "Uqcrc2_noRT" "non-targeting_noRT"
"22075" "1700125H03Rik" 0 NA NA NA NA 0 0 "Uqcrc2_noRT" "non-targeting_noRT"
"22076" "Gm15656" 0 NA NA NA NA 0 0 "Uqcrc2_noRT" "non-targeting_noRT"
"22077" "Lpl" 0 NA NA NA NA 0 0 "Uqcrc2_noRT" "non-targeting_noRT"
"22078" "Gm33103" 0 NA NA NA NA 0 0 "Uqcrc2_noRT" "non-targeting_noRT"
"22079" "Slc18a1" 0 NA NA NA NA 0 0 "Uqcrc2_noRT" "non-targeting_noRT"
"22080" "Gm15716" 0 NA NA NA NA 0 0 "Uqcrc2_noRT" "non-targeting_noRT"
"22081" "Lzts1" 0 NA NA NA NA 0 0 "Uqcrc2_noRT" "non-targeting_noRT"
"22082" "Gm45848" 0 NA NA NA NA 0 0 "Uqcrc2_noRT" "non-targeting_noRT"
"22083" "Gm9495" 0 NA NA NA NA 0 0 "Uqcrc2_noRT" "non-targeting_noRT"
"22084" "Gm43263" 0 NA NA NA NA 0 0 "Uqcrc2_noRT" "non-targeting_noRT"
"22085" "Gm7697" 0 NA NA NA NA 0 0 "Uqcrc2_noRT" "non-targeting_noRT"
"22086" "Cilp2" 0 NA NA NA NA 0 0 "Uqcrc2_noRT" "non-targeting_noRT"
"22087" "Tm6sf2" 0 NA NA NA NA 0 0 "Uqcrc2_noRT" "non-targeting_noRT"
"22088" "Cers1" 0 NA NA NA NA 0 0 "Uqcrc2_noRT" "non-targeting_noRT"
"22089" "Gdf1" 0 NA NA NA NA 0 0 "Uqcrc2_noRT" "non-targeting_noRT"
"22090" "Isyna1" 0 NA NA NA NA 0 0 "Uqcrc2_noRT" "non-targeting_noRT"
"22091" "Lrrc25" 0 NA NA NA NA 0 0 "Uqcrc2_noRT" "non-targeting_noRT"
"22092" "Gm11175" 0 NA NA NA NA 0 0 "Uqcrc2_noRT" "non-targeting_noRT"
"22093" "Iqcn" 0 NA NA NA NA 0 0 "Uqcrc2_noRT" "non-targeting_noRT"
"22094" "Pde4c" 0 NA NA NA NA 0 0 "Uqcrc2_noRT" "non-targeting_noRT"
"22095" "Kcnn1" 0 NA NA NA NA 0 0 "Uqcrc2_noRT" "non-targeting_noRT"
"22096" "1700026F02Rik" 0 NA NA NA NA 0 0 "Uqcrc2_noRT" "non-targeting_noRT"
"22097" "Gm35256" 0 NA NA NA NA 0 0 "Uqcrc2_noRT" "non-targeting_noRT"
"22098" "Ushbp1" 0 NA NA NA NA 0 0 "Uqcrc2_noRT" "non-targeting_noRT"
"22099" "Ccdc194" 0 NA NA NA NA 0 0 "Uqcrc2_noRT" "non-targeting_noRT"
"22100" "Nxnl1" 0 NA NA NA NA 0 0 "Uqcrc2_noRT" "non-targeting_noRT"
"22101" "Fam129c" 0 NA NA NA NA 0 0 "Uqcrc2_noRT" "non-targeting_noRT"
"22102" "Jak3" 0 NA NA NA NA 0 0 "Uqcrc2_noRT" "non-targeting_noRT"
"22103" "Insl3" 0 NA NA NA NA 0 0 "Uqcrc2_noRT" "non-targeting_noRT"
"22104" "B3gnt3" 0 NA NA NA NA 0 0 "Uqcrc2_noRT" "non-targeting_noRT"
"22105" "Fcho1" 0 NA NA NA NA 0 0 "Uqcrc2_noRT" "non-targeting_noRT"
"22106" "Gm35572" 0 NA NA NA NA 0 0 "Uqcrc2_noRT" "non-targeting_noRT"
"22107" "Zfp709" 0 NA NA NA NA 0 0 "Uqcrc2_noRT" "non-targeting_noRT"
"22108" "Zfp882" 0 NA NA NA NA 0 0 "Uqcrc2_noRT" "non-targeting_noRT"
"22109" "Cyp4f18" 0 NA NA NA NA 0 0 "Uqcrc2_noRT" "non-targeting_noRT"
"22110" "Olfr372" 0 NA NA NA NA 0 0 "Uqcrc2_noRT" "non-targeting_noRT"
"22111" "Olfr373" 0 NA NA NA NA 0 0 "Uqcrc2_noRT" "non-targeting_noRT"
"22112" "Olfr374" 0 NA NA NA NA 0 0 "Uqcrc2_noRT" "non-targeting_noRT"
"22113" "Gm16091" 0 NA NA NA NA 0 0 "Uqcrc2_noRT" "non-targeting_noRT"
"22114" "Gm11034" 0 NA NA NA NA 0 0 "Uqcrc2_noRT" "non-targeting_noRT"
"22115" "Nwd1" 0 NA NA NA NA 0 0 "Uqcrc2_noRT" "non-targeting_noRT"
"22116" "F2rl3" 0 NA NA NA NA 0 0 "Uqcrc2_noRT" "non-targeting_noRT"
"22117" "Gm45821" 0 NA NA NA NA 0 0 "Uqcrc2_noRT" "non-targeting_noRT"
"22118" "Isx" 0 NA NA NA NA 0 0 "Uqcrc2_noRT" "non-targeting_noRT"
"22119" "Gm45822" 0 NA NA NA NA 0 0 "Uqcrc2_noRT" "non-targeting_noRT"
"22120" "Gm45820" 0 NA NA NA NA 0 0 "Uqcrc2_noRT" "non-targeting_noRT"
"22121" "Gm45899" 0 NA NA NA NA 0 0 "Uqcrc2_noRT" "non-targeting_noRT"
"22122" "Gm45903" 0 NA NA NA NA 0 0 "Uqcrc2_noRT" "non-targeting_noRT"
"22123" "Rasd2" 0 NA NA NA NA 0 0 "Uqcrc2_noRT" "non-targeting_noRT"
"22124" "Gm10358" 0 NA NA NA NA 0 0 "Uqcrc2_noRT" "non-targeting_noRT"
"22125" "Iqcm" 0 NA NA NA NA 0 0 "Uqcrc2_noRT" "non-targeting_noRT"
"22126" "Gm45740" 0 NA NA NA NA 0 0 "Uqcrc2_noRT" "non-targeting_noRT"
"22127" "Gm45741" 0 NA NA NA NA 0 0 "Uqcrc2_noRT" "non-targeting_noRT"
"22128" "Gm45798" 0 NA NA NA NA 0 0 "Uqcrc2_noRT" "non-targeting_noRT"
"22129" "Gm10649" 0 NA NA NA NA 0 0 "Uqcrc2_noRT" "non-targeting_noRT"
"22130" "Nr3c2" 0 NA NA NA NA 0 0 "Uqcrc2_noRT" "non-targeting_noRT"
"22131" "Gm45285" 0 NA NA NA NA 0 0 "Uqcrc2_noRT" "non-targeting_noRT"
"22132" "4933431K23Rik" 0 NA NA NA NA 0 0 "Uqcrc2_noRT" "non-targeting_noRT"
"22133" "1700092C02Rik" 0 NA NA NA NA 0 0 "Uqcrc2_noRT" "non-targeting_noRT"
"22134" "Ednra" 0 NA NA NA NA 0 0 "Uqcrc2_noRT" "non-targeting_noRT"
"22135" "Gm29895" 0 NA NA NA NA 0 0 "Uqcrc2_noRT" "non-targeting_noRT"
"22136" "Ttc29" 0 NA NA NA NA 0 0 "Uqcrc2_noRT" "non-targeting_noRT"
"22137" "Pou4f2" 0 NA NA NA NA 0 0 "Uqcrc2_noRT" "non-targeting_noRT"
"22138" "Gm45326" 0 NA NA NA NA 0 0 "Uqcrc2_noRT" "non-targeting_noRT"
"22139" "Gm39204" 0 NA NA NA NA 0 0 "Uqcrc2_noRT" "non-targeting_noRT"
"22140" "1700011L22Rik" 0 NA NA NA NA 0 0 "Uqcrc2_noRT" "non-targeting_noRT"
"22141" "Gm30329" 0 NA NA NA NA 0 0 "Uqcrc2_noRT" "non-targeting_noRT"
"22142" "Gm45601" 0 NA NA NA NA 0 0 "Uqcrc2_noRT" "non-targeting_noRT"
"22143" "Gm45602" 0 NA NA NA NA 0 0 "Uqcrc2_noRT" "non-targeting_noRT"
"22144" "Gm45435" 0 NA NA NA NA 0 0 "Uqcrc2_noRT" "non-targeting_noRT"
"22145" "Hhip" 0 NA NA NA NA 0 0 "Uqcrc2_noRT" "non-targeting_noRT"
"22146" "Gm45431" 0 NA NA NA NA 0 0 "Uqcrc2_noRT" "non-targeting_noRT"
"22147" "Gm45430" 0 NA NA NA NA 0 0 "Uqcrc2_noRT" "non-targeting_noRT"
"22148" "Gypa" 0 NA NA NA NA 0 0 "Uqcrc2_noRT" "non-targeting_noRT"
"22149" "4930505O20Rik" 0 NA NA NA NA 0 0 "Uqcrc2_noRT" "non-targeting_noRT"
"22150" "Frem3" 0 NA NA NA NA 0 0 "Uqcrc2_noRT" "non-targeting_noRT"
"22151" "Gm27048" 0 NA NA NA NA 0 0 "Uqcrc2_noRT" "non-targeting_noRT"
"22152" "Gm45538" 0 NA NA NA NA 0 0 "Uqcrc2_noRT" "non-targeting_noRT"
"22153" "4930579O11Rik" 0 NA NA NA NA 0 0 "Uqcrc2_noRT" "non-targeting_noRT"
"22154" "Gm38590" 0 NA NA NA NA 0 0 "Uqcrc2_noRT" "non-targeting_noRT"
"22155" "Gm31545" 0 NA NA NA NA 0 0 "Uqcrc2_noRT" "non-targeting_noRT"
"22156" "Rnf150" 0 NA NA NA NA 0 0 "Uqcrc2_noRT" "non-targeting_noRT"
"22157" "Gm45449" 0 NA NA NA NA 0 0 "Uqcrc2_noRT" "non-targeting_noRT"
"22158" "Ucp1" 0 NA NA NA NA 0 0 "Uqcrc2_noRT" "non-targeting_noRT"
"22159" "Clgn" 0 NA NA NA NA 0 0 "Uqcrc2_noRT" "non-targeting_noRT"
"22160" "Olfr370" 0 NA NA NA NA 0 0 "Uqcrc2_noRT" "non-targeting_noRT"
"22161" "Gm45823" 0 NA NA NA NA 0 0 "Uqcrc2_noRT" "non-targeting_noRT"
"22162" "Adgre5" 0 NA NA NA NA 0 0 "Uqcrc2_noRT" "non-targeting_noRT"
"22163" "Gm10644" 0 NA NA NA NA 0 0 "Uqcrc2_noRT" "non-targeting_noRT"
"22164" "1700067K01Rik" 0 NA NA NA NA 0 0 "Uqcrc2_noRT" "non-targeting_noRT"
"22165" "Rln3" 0 NA NA NA NA 0 0 "Uqcrc2_noRT" "non-targeting_noRT"
"22166" "Podnl1" 0 NA NA NA NA 0 0 "Uqcrc2_noRT" "non-targeting_noRT"
"22167" "Gm26887" 0 NA NA NA NA 0 0 "Uqcrc2_noRT" "non-targeting_noRT"
"22168" "Mast1" 0 NA NA NA NA 0 0 "Uqcrc2_noRT" "non-targeting_noRT"
"22169" "Rtbdn" 0 NA NA NA NA 0 0 "Uqcrc2_noRT" "non-targeting_noRT"
"22170" "Gm49661" 0 NA NA NA NA 0 0 "Uqcrc2_noRT" "non-targeting_noRT"
"22171" "A230103J11Rik" 0 NA NA NA NA 0 0 "Uqcrc2_noRT" "non-targeting_noRT"
"22172" "Gm5741" 0 NA NA NA NA 0 0 "Uqcrc2_noRT" "non-targeting_noRT"
"22173" "Gm42031" 0 NA NA NA NA 0 0 "Uqcrc2_noRT" "non-targeting_noRT"
"22174" "Olfr371" 0 NA NA NA NA 0 0 "Uqcrc2_noRT" "non-targeting_noRT"
"22175" "Mylk3" 0 NA NA NA NA 0 0 "Uqcrc2_noRT" "non-targeting_noRT"
"22176" "AA672651" 0 NA NA NA NA 0 0 "Uqcrc2_noRT" "non-targeting_noRT"
"22177" "Gm45425" 0 NA NA NA NA 0 0 "Uqcrc2_noRT" "non-targeting_noRT"
"22178" "Gm39214" 0 NA NA NA NA 0 0 "Uqcrc2_noRT" "non-targeting_noRT"
"22179" "Hm629797" 0 NA NA NA NA 0 0 "Uqcrc2_noRT" "non-targeting_noRT"
"22180" "Abcc12" 0 NA NA NA NA 0 0 "Uqcrc2_noRT" "non-targeting_noRT"
"22181" "Gm27167" 0 NA NA NA NA 0 0 "Uqcrc2_noRT" "non-targeting_noRT"
"22182" "Gm27168" 0 NA NA NA NA 0 0 "Uqcrc2_noRT" "non-targeting_noRT"
"22183" "Gm5118" 0 NA NA NA NA 0 0 "Uqcrc2_noRT" "non-targeting_noRT"
"22184" "Gm27246" 0 NA NA NA NA 0 0 "Uqcrc2_noRT" "non-targeting_noRT"
"22185" "Gm10637" 0 NA NA NA NA 0 0 "Uqcrc2_noRT" "non-targeting_noRT"
"22186" "Gm27169" 0 NA NA NA NA 0 0 "Uqcrc2_noRT" "non-targeting_noRT"
"22187" "Gm27207" 0 NA NA NA NA 0 0 "Uqcrc2_noRT" "non-targeting_noRT"
"22188" "Gm27208" 0 NA NA NA NA 0 0 "Uqcrc2_noRT" "non-targeting_noRT"
"22189" "4930535O05Rik" 0 NA NA NA NA 0 0 "Uqcrc2_noRT" "non-targeting_noRT"
"22190" "Gm19872" 0 NA NA NA NA 0 0 "Uqcrc2_noRT" "non-targeting_noRT"
"22191" "Gm2694" 0 NA NA NA NA 0 0 "Uqcrc2_noRT" "non-targeting_noRT"
"22192" "Cbln1" 0 NA NA NA NA 0 0 "Uqcrc2_noRT" "non-targeting_noRT"
"22193" "Gm27016" 0 NA NA NA NA 0 0 "Uqcrc2_noRT" "non-targeting_noRT"
"22194" "1700120C18Rik" 0 NA NA NA NA 0 0 "Uqcrc2_noRT" "non-targeting_noRT"
"22195" "4933402J07Rik" 0 NA NA NA NA 0 0 "Uqcrc2_noRT" "non-targeting_noRT"
"22196" "Zfp423" 0 NA NA NA NA 0 0 "Uqcrc2_noRT" "non-targeting_noRT"
"22197" "9430002A10Rik" 0 NA NA NA NA 0 0 "Uqcrc2_noRT" "non-targeting_noRT"
"22198" "Nkd1" 0 NA NA NA NA 0 0 "Uqcrc2_noRT" "non-targeting_noRT"
"22199" "Nod2" 0 NA NA NA NA 0 0 "Uqcrc2_noRT" "non-targeting_noRT"
"22200" "Sall1" 0 NA NA NA NA 0 0 "Uqcrc2_noRT" "non-targeting_noRT"
"22201" "Tox3" 0 NA NA NA NA 0 0 "Uqcrc2_noRT" "non-targeting_noRT"
"22202" "Gm45639" 0 NA NA NA NA 0 0 "Uqcrc2_noRT" "non-targeting_noRT"
"22203" "Gm35850" 0 NA NA NA NA 0 0 "Uqcrc2_noRT" "non-targeting_noRT"
"22204" "Gm45641" 0 NA NA NA NA 0 0 "Uqcrc2_noRT" "non-targeting_noRT"
"22205" "Gm45464" 0 NA NA NA NA 0 0 "Uqcrc2_noRT" "non-targeting_noRT"
"22206" "Gm45666" 0 NA NA NA NA 0 0 "Uqcrc2_noRT" "non-targeting_noRT"
"22207" "Gm36243" 0 NA NA NA NA 0 0 "Uqcrc2_noRT" "non-targeting_noRT"
"22208" "Gm3235" 0 NA NA NA NA 0 0 "Uqcrc2_noRT" "non-targeting_noRT"
"22209" "Gm36325" 0 NA NA NA NA 0 0 "Uqcrc2_noRT" "non-targeting_noRT"
"22210" "Gm36380" 0 NA NA NA NA 0 0 "Uqcrc2_noRT" "non-targeting_noRT"
"22211" "Irx3" 0 NA NA NA NA 0 0 "Uqcrc2_noRT" "non-targeting_noRT"
"22212" "Irx3os" 0 NA NA NA NA 0 0 "Uqcrc2_noRT" "non-targeting_noRT"
"22213" "Gm28511" 0 NA NA NA NA 0 0 "Uqcrc2_noRT" "non-targeting_noRT"
"22214" "Gm28515" 0 NA NA NA NA 0 0 "Uqcrc2_noRT" "non-targeting_noRT"
"22215" "Gm36670" 0 NA NA NA NA 0 0 "Uqcrc2_noRT" "non-targeting_noRT"
"22216" "Gm36843" 0 NA NA NA NA 0 0 "Uqcrc2_noRT" "non-targeting_noRT"
"22217" "Gm28516" 0 NA NA NA NA 0 0 "Uqcrc2_noRT" "non-targeting_noRT"
"22218" "Gm45332" 0 NA NA NA NA 0 0 "Uqcrc2_noRT" "non-targeting_noRT"
"22219" "Gm45335" 0 NA NA NA NA 0 0 "Uqcrc2_noRT" "non-targeting_noRT"
"22220" "Gm45334" 0 NA NA NA NA 0 0 "Uqcrc2_noRT" "non-targeting_noRT"
"22221" "Irx6" 0 NA NA NA NA 0 0 "Uqcrc2_noRT" "non-targeting_noRT"
"22222" "Gm45505" 0 NA NA NA NA 0 0 "Uqcrc2_noRT" "non-targeting_noRT"
"22223" "Gm45472" 0 NA NA NA NA 0 0 "Uqcrc2_noRT" "non-targeting_noRT"
"22224" "Capns2" 0 NA NA NA NA 0 0 "Uqcrc2_noRT" "non-targeting_noRT"
"22225" "Slc6a2" 0 NA NA NA NA 0 0 "Uqcrc2_noRT" "non-targeting_noRT"
"22226" "Gm45463" 0 NA NA NA NA 0 0 "Uqcrc2_noRT" "non-targeting_noRT"
"22227" "Ces1b" 0 NA NA NA NA 0 0 "Uqcrc2_noRT" "non-targeting_noRT"
"22228" "Ces1c" 0 NA NA NA NA 0 0 "Uqcrc2_noRT" "non-targeting_noRT"
"22229" "Ces1d" 0 NA NA NA NA 0 0 "Uqcrc2_noRT" "non-targeting_noRT"
"22230" "Ces1e" 0 NA NA NA NA 0 0 "Uqcrc2_noRT" "non-targeting_noRT"
"22231" "Ces1f" 0 NA NA NA NA 0 0 "Uqcrc2_noRT" "non-targeting_noRT"
"22232" "Ces1g" 0 NA NA NA NA 0 0 "Uqcrc2_noRT" "non-targeting_noRT"
"22233" "Ces1h" 0 NA NA NA NA 0 0 "Uqcrc2_noRT" "non-targeting_noRT"
"22234" "Gm45765" 0 NA NA NA NA 0 0 "Uqcrc2_noRT" "non-targeting_noRT"
"22235" "Gm45764" 0 NA NA NA NA 0 0 "Uqcrc2_noRT" "non-targeting_noRT"
"22236" "Gm30132" 0 NA NA NA NA 0 0 "Uqcrc2_noRT" "non-targeting_noRT"
"22237" "Gm45766" 0 NA NA NA NA 0 0 "Uqcrc2_noRT" "non-targeting_noRT"
"22238" "Gm45708" 0 NA NA NA NA 0 0 "Uqcrc2_noRT" "non-targeting_noRT"
"22239" "Gm26843" 0 NA NA NA NA 0 0 "Uqcrc2_noRT" "non-targeting_noRT"
"22240" "Gm30606" 0 NA NA NA NA 0 0 "Uqcrc2_noRT" "non-targeting_noRT"
"22241" "4930488L21Rik" 0 NA NA NA NA 0 0 "Uqcrc2_noRT" "non-targeting_noRT"
"22242" "Gm39228" 0 NA NA NA NA 0 0 "Uqcrc2_noRT" "non-targeting_noRT"
"22243" "C78859" 0 NA NA NA NA 0 0 "Uqcrc2_noRT" "non-targeting_noRT"
"22244" "Gm15889" 0 NA NA NA NA 0 0 "Uqcrc2_noRT" "non-targeting_noRT"
"22245" "Gm15890" 0 NA NA NA NA 0 0 "Uqcrc2_noRT" "non-targeting_noRT"
"22246" "Ccl22" 0 NA NA NA NA 0 0 "Uqcrc2_noRT" "non-targeting_noRT"
"22247" "Cx3cl1" 0 NA NA NA NA 0 0 "Uqcrc2_noRT" "non-targeting_noRT"
"22248" "Ccl17" 0 NA NA NA NA 0 0 "Uqcrc2_noRT" "non-targeting_noRT"
"22249" "Adgrg5" 0 NA NA NA NA 0 0 "Uqcrc2_noRT" "non-targeting_noRT"
"22250" "Adgrg1" 0 NA NA NA NA 0 0 "Uqcrc2_noRT" "non-targeting_noRT"
"22251" "Adgrg3" 0 NA NA NA NA 0 0 "Uqcrc2_noRT" "non-targeting_noRT"
"22252" "Drc7" 0 NA NA NA NA 0 0 "Uqcrc2_noRT" "non-targeting_noRT"
"22253" "Gm31224" 0 NA NA NA NA 0 0 "Uqcrc2_noRT" "non-targeting_noRT"
"22254" "Gm45812" 0 NA NA NA NA 0 0 "Uqcrc2_noRT" "non-targeting_noRT"
"22255" "Gm31036" 0 NA NA NA NA 0 0 "Uqcrc2_noRT" "non-targeting_noRT"
"22256" "Cngb1" 0 NA NA NA NA 0 0 "Uqcrc2_noRT" "non-targeting_noRT"
"22257" "Tepp" 0 NA NA NA NA 0 0 "Uqcrc2_noRT" "non-targeting_noRT"
"22258" "4933406B17Rik" 0 NA NA NA NA 0 0 "Uqcrc2_noRT" "non-targeting_noRT"
"22259" "Ccdc113" 0 NA NA NA NA 0 0 "Uqcrc2_noRT" "non-targeting_noRT"
"22260" "Prss54" 0 NA NA NA NA 0 0 "Uqcrc2_noRT" "non-targeting_noRT"
"22261" "Gm45702" 0 NA NA NA NA 0 0 "Uqcrc2_noRT" "non-targeting_noRT"
"22262" "Gm31659" 0 NA NA NA NA 0 0 "Uqcrc2_noRT" "non-targeting_noRT"
"22263" "Gm45895" 0 NA NA NA NA 0 0 "Uqcrc2_noRT" "non-targeting_noRT"
"22264" "Gm32005" 0 NA NA NA NA 0 0 "Uqcrc2_noRT" "non-targeting_noRT"
"22265" "Gm32122" 0 NA NA NA NA 0 0 "Uqcrc2_noRT" "non-targeting_noRT"
"22266" "1700047G07Rik" 0 NA NA NA NA 0 0 "Uqcrc2_noRT" "non-targeting_noRT"
"22267" "Gm45703" 0 NA NA NA NA 0 0 "Uqcrc2_noRT" "non-targeting_noRT"
"22268" "Gm45788" 0 NA NA NA NA 0 0 "Uqcrc2_noRT" "non-targeting_noRT"
"22269" "Gm39231" 0 NA NA NA NA 0 0 "Uqcrc2_noRT" "non-targeting_noRT"
"22270" "Gm15679" 0 NA NA NA NA 0 0 "Uqcrc2_noRT" "non-targeting_noRT"
"22271" "Cdh8" 0 NA NA NA NA 0 0 "Uqcrc2_noRT" "non-targeting_noRT"
"22272" "Gm15680" 0 NA NA NA NA 0 0 "Uqcrc2_noRT" "non-targeting_noRT"
"22273" "A330008L17Rik" 0 NA NA NA NA 0 0 "Uqcrc2_noRT" "non-targeting_noRT"
"22274" "Gm39232" 0 NA NA NA NA 0 0 "Uqcrc2_noRT" "non-targeting_noRT"
"22275" "Cdh11" 0 NA NA NA NA 0 0 "Uqcrc2_noRT" "non-targeting_noRT"
"22276" "Gm45391" 0 NA NA NA NA 0 0 "Uqcrc2_noRT" "non-targeting_noRT"
"22277" "Gm32531" 0 NA NA NA NA 0 0 "Uqcrc2_noRT" "non-targeting_noRT"
"22278" "1600027J07Rik" 0 NA NA NA NA 0 0 "Uqcrc2_noRT" "non-targeting_noRT"
"22279" "Gm45277" 0 NA NA NA NA 0 0 "Uqcrc2_noRT" "non-targeting_noRT"
"22280" "4933400L20Rik" 0 NA NA NA NA 0 0 "Uqcrc2_noRT" "non-targeting_noRT"
"22281" "Gm29682" 0 NA NA NA NA 0 0 "Uqcrc2_noRT" "non-targeting_noRT"
"22282" "Cdh5" 0 NA NA NA NA 0 0 "Uqcrc2_noRT" "non-targeting_noRT"
"22283" "Bean1" 0 NA NA NA NA 0 0 "Uqcrc2_noRT" "non-targeting_noRT"
"22284" "Gm10631" 0 NA NA NA NA 0 0 "Uqcrc2_noRT" "non-targeting_noRT"
"22285" "Gm45892" 0 NA NA NA NA 0 0 "Uqcrc2_noRT" "non-targeting_noRT"
"22286" "Cmtm2a" 0 NA NA NA NA 0 0 "Uqcrc2_noRT" "non-targeting_noRT"
"22287" "Cmtm1" 0 NA NA NA NA 0 0 "Uqcrc2_noRT" "non-targeting_noRT"
"22288" "Gm11020" 0 NA NA NA NA 0 0 "Uqcrc2_noRT" "non-targeting_noRT"
"22289" "Cmtm2b" 0 NA NA NA NA 0 0 "Uqcrc2_noRT" "non-targeting_noRT"
"22290" "Gm45877" 0 NA NA NA NA 0 0 "Uqcrc2_noRT" "non-targeting_noRT"
"22291" "Terb1" 0 NA NA NA NA 0 0 "Uqcrc2_noRT" "non-targeting_noRT"
"22292" "Gm45843" 0 NA NA NA NA 0 0 "Uqcrc2_noRT" "non-targeting_noRT"
"22293" "Cdh16" 0 NA NA NA NA 0 0 "Uqcrc2_noRT" "non-targeting_noRT"
"22294" "1700082M22Rik" 0 NA NA NA NA 0 0 "Uqcrc2_noRT" "non-targeting_noRT"
"22295" "9230110F11Rik" 0 NA NA NA NA 0 0 "Uqcrc2_noRT" "non-targeting_noRT"
"22296" "Ces2a" 0 NA NA NA NA 0 0 "Uqcrc2_noRT" "non-targeting_noRT"
"22297" "4932416K20Rik" 0 NA NA NA NA 0 0 "Uqcrc2_noRT" "non-targeting_noRT"
"22298" "Ces2b" 0 NA NA NA NA 0 0 "Uqcrc2_noRT" "non-targeting_noRT"
"22299" "Ces2c" 0 NA NA NA NA 0 0 "Uqcrc2_noRT" "non-targeting_noRT"
"22300" "Ces2e" 0 NA NA NA NA 0 0 "Uqcrc2_noRT" "non-targeting_noRT"
"22301" "Ces2f" 0 NA NA NA NA 0 0 "Uqcrc2_noRT" "non-targeting_noRT"
"22302" "Ces2g" 0 NA NA NA NA 0 0 "Uqcrc2_noRT" "non-targeting_noRT"
"22303" "Ces2h" 0 NA NA NA NA 0 0 "Uqcrc2_noRT" "non-targeting_noRT"
"22304" "Ces3a" 0 NA NA NA NA 0 0 "Uqcrc2_noRT" "non-targeting_noRT"
"22305" "Ces3b" 0 NA NA NA NA 0 0 "Uqcrc2_noRT" "non-targeting_noRT"
"22306" "Gm3830" 0 NA NA NA NA 0 0 "Uqcrc2_noRT" "non-targeting_noRT"
"22307" "Gm20163" 0 NA NA NA NA 0 0 "Uqcrc2_noRT" "non-targeting_noRT"
"22308" "Lrrc29" 0 NA NA NA NA 0 0 "Uqcrc2_noRT" "non-targeting_noRT"
"22309" "Plekhg4" 0 NA NA NA NA 0 0 "Uqcrc2_noRT" "non-targeting_noRT"
"22310" "Kctd19" 0 NA NA NA NA 0 0 "Uqcrc2_noRT" "non-targeting_noRT"
"22311" "Lrrc36" 0 NA NA NA NA 0 0 "Uqcrc2_noRT" "non-targeting_noRT"
"22312" "Hsd11b2" 0 NA NA NA NA 0 0 "Uqcrc2_noRT" "non-targeting_noRT"
"22313" "4933405L10Rik" 0 NA NA NA NA 0 0 "Uqcrc2_noRT" "non-targeting_noRT"
"22314" "Tsnaxip1" 0 NA NA NA NA 0 0 "Uqcrc2_noRT" "non-targeting_noRT"
"22315" "Nrn1l" 0 NA NA NA NA 0 0 "Uqcrc2_noRT" "non-targeting_noRT"
"22316" "Gm16156" 0 NA NA NA NA 0 0 "Uqcrc2_noRT" "non-targeting_noRT"
"22317" "Lcat" 0 NA NA NA NA 0 0 "Uqcrc2_noRT" "non-targeting_noRT"
"22318" "Gm45752" 0 NA NA NA NA 0 0 "Uqcrc2_noRT" "non-targeting_noRT"
"22319" "Dpep3" 0 NA NA NA NA 0 0 "Uqcrc2_noRT" "non-targeting_noRT"
"22320" "Dpep2" 0 NA NA NA NA 0 0 "Uqcrc2_noRT" "non-targeting_noRT"
"22321" "Dpep2.1" 0 NA NA NA NA 0 0 "Uqcrc2_noRT" "non-targeting_noRT"
"22322" "Dpep2nb" 0 NA NA NA NA 0 0 "Uqcrc2_noRT" "non-targeting_noRT"
"22323" "1810019D21Rik" 0 NA NA NA NA 0 0 "Uqcrc2_noRT" "non-targeting_noRT"
"22324" "Smpd3" 0 NA NA NA NA 0 0 "Uqcrc2_noRT" "non-targeting_noRT"
"22325" "Gm10629" 0 NA NA NA NA 0 0 "Uqcrc2_noRT" "non-targeting_noRT"
"22326" "6030452D12Rik" 0 NA NA NA NA 0 0 "Uqcrc2_noRT" "non-targeting_noRT"
"22327" "Cdh3" 0 NA NA NA NA 0 0 "Uqcrc2_noRT" "non-targeting_noRT"
"22328" "1110028F18Rik" 0 NA NA NA NA 0 0 "Uqcrc2_noRT" "non-targeting_noRT"
"22329" "Has3" 0 NA NA NA NA 0 0 "Uqcrc2_noRT" "non-targeting_noRT"
"22330" "Gm16208" 0 NA NA NA NA 0 0 "Uqcrc2_noRT" "non-targeting_noRT"
"22331" "Pdf" 0 NA NA NA NA 0 0 "Uqcrc2_noRT" "non-targeting_noRT"
"22332" "Tmed6" 0 NA NA NA NA 0 0 "Uqcrc2_noRT" "non-targeting_noRT"
"22333" "5033426E14Rik" 0 NA NA NA NA 0 0 "Uqcrc2_noRT" "non-targeting_noRT"
"22334" "Gm39244" 0 NA NA NA NA 0 0 "Uqcrc2_noRT" "non-targeting_noRT"
"22335" "Lncbate1" 0 NA NA NA NA 0 0 "Uqcrc2_noRT" "non-targeting_noRT"
"22336" "Gm20686" 0 NA NA NA NA 0 0 "Uqcrc2_noRT" "non-targeting_noRT"
"22337" "D030068K23Rik" 0 NA NA NA NA 0 0 "Uqcrc2_noRT" "non-targeting_noRT"
"22338" "Hp" 0 NA NA NA NA 0 0 "Uqcrc2_noRT" "non-targeting_noRT"
"22339" "Pkd1l3" 0 NA NA NA NA 0 0 "Uqcrc2_noRT" "non-targeting_noRT"
"22340" "Gm16349" 0 NA NA NA NA 0 0 "Uqcrc2_noRT" "non-targeting_noRT"
"22341" "Marveld3" 0 NA NA NA NA 0 0 "Uqcrc2_noRT" "non-targeting_noRT"
"22342" "Tat" 0 NA NA NA NA 0 0 "Uqcrc2_noRT" "non-targeting_noRT"
"22343" "Chst4" 0 NA NA NA NA 0 0 "Uqcrc2_noRT" "non-targeting_noRT"
"22344" "8030455M16Rik" 0 NA NA NA NA 0 0 "Uqcrc2_noRT" "non-targeting_noRT"
"22345" "Zfp612" 0 NA NA NA NA 0 0 "Uqcrc2_noRT" "non-targeting_noRT"
"22346" "Gm17720" 0 NA NA NA NA 0 0 "Uqcrc2_noRT" "non-targeting_noRT"
"22347" "Tle7" 0 NA NA NA NA 0 0 "Uqcrc2_noRT" "non-targeting_noRT"
"22348" "Calb2" 0 NA NA NA NA 0 0 "Uqcrc2_noRT" "non-targeting_noRT"
"22349" "Gm26832" 0 NA NA NA NA 0 0 "Uqcrc2_noRT" "non-targeting_noRT"
"22350" "Hydin" 0 NA NA NA NA 0 0 "Uqcrc2_noRT" "non-targeting_noRT"
"22351" "Gm15895" 0 NA NA NA NA 0 0 "Uqcrc2_noRT" "non-targeting_noRT"
"22352" "Exosc6" 0 NA NA NA NA 0 0 "Uqcrc2_noRT" "non-targeting_noRT"
"22353" "Clec18a" 0 NA NA NA NA 0 0 "Uqcrc2_noRT" "non-targeting_noRT"
"22354" "Ldhd" 0 NA NA NA NA 0 0 "Uqcrc2_noRT" "non-targeting_noRT"
"22355" "Ctrb1" 0 NA NA NA NA 0 0 "Uqcrc2_noRT" "non-targeting_noRT"
"22356" "Gm26994" 0 NA NA NA NA 0 0 "Uqcrc2_noRT" "non-targeting_noRT"
"22357" "Cntnap4" 0 NA NA NA NA 0 0 "Uqcrc2_noRT" "non-targeting_noRT"
"22358" "Gm45904" 0 NA NA NA NA 0 0 "Uqcrc2_noRT" "non-targeting_noRT"
"22359" "Gm10280" 0 NA NA NA NA 0 0 "Uqcrc2_noRT" "non-targeting_noRT"
"22360" "Syce1l" 0 NA NA NA NA 0 0 "Uqcrc2_noRT" "non-targeting_noRT"
"22361" "Gm30052" 0 NA NA NA NA 0 0 "Uqcrc2_noRT" "non-targeting_noRT"
"22362" "Adamts18" 0 NA NA NA NA 0 0 "Uqcrc2_noRT" "non-targeting_noRT"
"22363" "Vat1l" 0 NA NA NA NA 0 0 "Uqcrc2_noRT" "non-targeting_noRT"
"22364" "4933408N05Rik" 0 NA NA NA NA 0 0 "Uqcrc2_noRT" "non-targeting_noRT"
"22365" "Clec3a" 0 NA NA NA NA 0 0 "Uqcrc2_noRT" "non-targeting_noRT"
"22366" "Gm16116" 0 NA NA NA NA 0 0 "Uqcrc2_noRT" "non-targeting_noRT"
"22367" "Gm16117" 0 NA NA NA NA 0 0 "Uqcrc2_noRT" "non-targeting_noRT"
"22368" "Gm16118" 0 NA NA NA NA 0 0 "Uqcrc2_noRT" "non-targeting_noRT"
"22369" "4930488N15Rik" 0 NA NA NA NA 0 0 "Uqcrc2_noRT" "non-targeting_noRT"
"22370" "Gm15655" 0 NA NA NA NA 0 0 "Uqcrc2_noRT" "non-targeting_noRT"
"22371" "4930422C21Rik" 0 NA NA NA NA 0 0 "Uqcrc2_noRT" "non-targeting_noRT"
"22372" "1700018P08Rik" 0 NA NA NA NA 0 0 "Uqcrc2_noRT" "non-targeting_noRT"
"22373" "Dynlrb2" 0 NA NA NA NA 0 0 "Uqcrc2_noRT" "non-targeting_noRT"
"22374" "Cdyl2" 0 NA NA NA NA 0 0 "Uqcrc2_noRT" "non-targeting_noRT"
"22375" "Pkd1l2" 0 NA NA NA NA 0 0 "Uqcrc2_noRT" "non-targeting_noRT"
"22376" "Gm15395" 0 NA NA NA NA 0 0 "Uqcrc2_noRT" "non-targeting_noRT"
"22377" "Plcg2" 0 NA NA NA NA 0 0 "Uqcrc2_noRT" "non-targeting_noRT"
"22378" "Sdr42e1" 0 NA NA NA NA 0 0 "Uqcrc2_noRT" "non-targeting_noRT"
"22379" "Gm31717" 0 NA NA NA NA 0 0 "Uqcrc2_noRT" "non-targeting_noRT"
"22380" "Gm38416" 0 NA NA NA NA 0 0 "Uqcrc2_noRT" "non-targeting_noRT"
"22381" "Hsd17b2" 0 NA NA NA NA 0 0 "Uqcrc2_noRT" "non-targeting_noRT"
"22382" "Gm31774" 0 NA NA NA NA 0 0 "Uqcrc2_noRT" "non-targeting_noRT"
"22383" "Cdh13" 0 NA NA NA NA 0 0 "Uqcrc2_noRT" "non-targeting_noRT"
"22384" "Gm45721" 0 NA NA NA NA 0 0 "Uqcrc2_noRT" "non-targeting_noRT"
"22385" "Gm45720" 0 NA NA NA NA 0 0 "Uqcrc2_noRT" "non-targeting_noRT"
"22386" "Gm45723" 0 NA NA NA NA 0 0 "Uqcrc2_noRT" "non-targeting_noRT"
"22387" "Necab2" 0 NA NA NA NA 0 0 "Uqcrc2_noRT" "non-targeting_noRT"
"22388" "Slc38a8" 0 NA NA NA NA 0 0 "Uqcrc2_noRT" "non-targeting_noRT"
"22389" "Dnaaf1" 0 NA NA NA NA 0 0 "Uqcrc2_noRT" "non-targeting_noRT"
"22390" "Adad2" 0 NA NA NA NA 0 0 "Uqcrc2_noRT" "non-targeting_noRT"
"22391" "Kcng4" 0 NA NA NA NA 0 0 "Uqcrc2_noRT" "non-targeting_noRT"
"22392" "Gm32352" 0 NA NA NA NA 0 0 "Uqcrc2_noRT" "non-targeting_noRT"
"22393" "Atp2c2" 0 NA NA NA NA 0 0 "Uqcrc2_noRT" "non-targeting_noRT"
"22394" "Gm15684" 0 NA NA NA NA 0 0 "Uqcrc2_noRT" "non-targeting_noRT"
"22395" "Gm15898" 0 NA NA NA NA 0 0 "Uqcrc2_noRT" "non-targeting_noRT"
"22396" "Fam92b" 0 NA NA NA NA 0 0 "Uqcrc2_noRT" "non-targeting_noRT"
"22397" "Gm26971" 0 NA NA NA NA 0 0 "Uqcrc2_noRT" "non-targeting_noRT"
"22398" "Gm10614" 0 NA NA NA NA 0 0 "Uqcrc2_noRT" "non-targeting_noRT"
"22399" "Gm26739" 0 NA NA NA NA 0 0 "Uqcrc2_noRT" "non-targeting_noRT"
"22400" "Gm26537" 0 NA NA NA NA 0 0 "Uqcrc2_noRT" "non-targeting_noRT"
"22401" "Gm26878" 0 NA NA NA NA 0 0 "Uqcrc2_noRT" "non-targeting_noRT"
"22402" "Gm28324" 0 NA NA NA NA 0 0 "Uqcrc2_noRT" "non-targeting_noRT"
"22403" "Foxl1" 0 NA NA NA NA 0 0 "Uqcrc2_noRT" "non-targeting_noRT"
"22404" "Gm26747" 0 NA NA NA NA 0 0 "Uqcrc2_noRT" "non-targeting_noRT"
"22405" "Gm26784" 0 NA NA NA NA 0 0 "Uqcrc2_noRT" "non-targeting_noRT"
"22406" "1700018B08Rik" 0 NA NA NA NA 0 0 "Uqcrc2_noRT" "non-targeting_noRT"
"22407" "Gm27045" 0 NA NA NA NA 0 0 "Uqcrc2_noRT" "non-targeting_noRT"
"22408" "1700030M09Rik" 0 NA NA NA NA 0 0 "Uqcrc2_noRT" "non-targeting_noRT"
"22409" "Gm27030" 0 NA NA NA NA 0 0 "Uqcrc2_noRT" "non-targeting_noRT"
"22410" "Gm45833" 0 NA NA NA NA 0 0 "Uqcrc2_noRT" "non-targeting_noRT"
"22411" "Jph3" 0 NA NA NA NA 0 0 "Uqcrc2_noRT" "non-targeting_noRT"
"22412" "Gm20406" 0 NA NA NA NA 0 0 "Uqcrc2_noRT" "non-targeting_noRT"
"22413" "Car5a" 0 NA NA NA NA 0 0 "Uqcrc2_noRT" "non-targeting_noRT"
"22414" "Gm27011" 0 NA NA NA NA 0 0 "Uqcrc2_noRT" "non-targeting_noRT"
"22415" "Gm45353" 0 NA NA NA NA 0 0 "Uqcrc2_noRT" "non-targeting_noRT"
"22416" "Trhr2" 0 NA NA NA NA 0 0 "Uqcrc2_noRT" "non-targeting_noRT"
"22417" "Gm20681" 0 NA NA NA NA 0 0 "Uqcrc2_noRT" "non-targeting_noRT"
"22418" "Il17c" 0 NA NA NA NA 0 0 "Uqcrc2_noRT" "non-targeting_noRT"
"22419" "Gm20735" 0 NA NA NA NA 0 0 "Uqcrc2_noRT" "non-targeting_noRT"
"22420" "Pabpn1l" 0 NA NA NA NA 0 0 "Uqcrc2_noRT" "non-targeting_noRT"
"22421" "Cbfa2t3" 0 NA NA NA NA 0 0 "Uqcrc2_noRT" "non-targeting_noRT"
"22422" "Gm10612" 0 NA NA NA NA 0 0 "Uqcrc2_noRT" "non-targeting_noRT"
"22423" "C230057M02Rik" 0 NA NA NA NA 0 0 "Uqcrc2_noRT" "non-targeting_noRT"
"22424" "A530010L16Rik" 0 NA NA NA NA 0 0 "Uqcrc2_noRT" "non-targeting_noRT"
"22425" "Gm39271" 0 NA NA NA NA 0 0 "Uqcrc2_noRT" "non-targeting_noRT"
"22426" "Cdh15" 0 NA NA NA NA 0 0 "Uqcrc2_noRT" "non-targeting_noRT"
"22427" "Sult5a1" 0 NA NA NA NA 0 0 "Uqcrc2_noRT" "non-targeting_noRT"
"22428" "Gm4316" 0 NA NA NA NA 0 0 "Uqcrc2_noRT" "non-targeting_noRT"
"22429" "Dpep1" 0 NA NA NA NA 0 0 "Uqcrc2_noRT" "non-targeting_noRT"
"22430" "Spata2l" 0 NA NA NA NA 0 0 "Uqcrc2_noRT" "non-targeting_noRT"
"22431" "4933417D19Rik" 0 NA NA NA NA 0 0 "Uqcrc2_noRT" "non-targeting_noRT"
"22432" "Gm45781" 0 NA NA NA NA 0 0 "Uqcrc2_noRT" "non-targeting_noRT"
"22433" "6030466F02Rik" 0 NA NA NA NA 0 0 "Uqcrc2_noRT" "non-targeting_noRT"
"22434" "Gm45866" 0 NA NA NA NA 0 0 "Uqcrc2_noRT" "non-targeting_noRT"
"22435" "2810455O05Rik" 0 NA NA NA NA 0 0 "Uqcrc2_noRT" "non-targeting_noRT"
"22436" "Gm29773" 0 NA NA NA NA 0 0 "Uqcrc2_noRT" "non-targeting_noRT"
"22437" "Gm45732" 0 NA NA NA NA 0 0 "Uqcrc2_noRT" "non-targeting_noRT"
"22438" "1810008B01Rik" 0 NA NA NA NA 0 0 "Uqcrc2_noRT" "non-targeting_noRT"
"22439" "Gm15775" 0 NA NA NA NA 0 0 "Uqcrc2_noRT" "non-targeting_noRT"
"22440" "Pgbd5" 0 NA NA NA NA 0 0 "Uqcrc2_noRT" "non-targeting_noRT"
"22441" "Agt" 0 NA NA NA NA 0 0 "Uqcrc2_noRT" "non-targeting_noRT"
"22442" "Capn9" 0 NA NA NA NA 0 0 "Uqcrc2_noRT" "non-targeting_noRT"
"22443" "Trim67" 0 NA NA NA NA 0 0 "Uqcrc2_noRT" "non-targeting_noRT"
"22444" "Gm45709" 0 NA NA NA NA 0 0 "Uqcrc2_noRT" "non-targeting_noRT"
"22445" "Disc1" 0 NA NA NA NA 0 0 "Uqcrc2_noRT" "non-targeting_noRT"
"22446" "Gm16237" 0 NA NA NA NA 0 0 "Uqcrc2_noRT" "non-targeting_noRT"
"22447" "4930567H12Rik" 0 NA NA NA NA 0 0 "Uqcrc2_noRT" "non-targeting_noRT"
"22448" "Map10" 0 NA NA NA NA 0 0 "Uqcrc2_noRT" "non-targeting_noRT"
"22449" "Pcnx2" 0 NA NA NA NA 0 0 "Uqcrc2_noRT" "non-targeting_noRT"
"22450" "A730098A19Rik" 0 NA NA NA NA 0 0 "Uqcrc2_noRT" "non-targeting_noRT"
"22451" "Map3k21" 0 NA NA NA NA 0 0 "Uqcrc2_noRT" "non-targeting_noRT"
"22452" "Gm45875" 0 NA NA NA NA 0 0 "Uqcrc2_noRT" "non-targeting_noRT"
"22453" "Gm45805" 0 NA NA NA NA 0 0 "Uqcrc2_noRT" "non-targeting_noRT"
"22454" "Gm31718" 0 NA NA NA NA 0 0 "Uqcrc2_noRT" "non-targeting_noRT"
"22455" "A630001O12Rik" 0 NA NA NA NA 0 0 "Uqcrc2_noRT" "non-targeting_noRT"
"22456" "Ccdc7a" 0 NA NA NA NA 0 0 "Uqcrc2_noRT" "non-targeting_noRT"
"22457" "Gm3952" 0 NA NA NA NA 0 0 "Uqcrc2_noRT" "non-targeting_noRT"
"22458" "Gm10999" 0 NA NA NA NA 0 0 "Uqcrc2_noRT" "non-targeting_noRT"
"22459" "Gm10722" 0 NA NA NA NA 0 0 "Uqcrc2_noRT" "non-targeting_noRT"
"22460" "Gm11168" 0 NA NA NA NA 0 0 "Uqcrc2_noRT" "non-targeting_noRT"
"22461" "Gm10720" 0 NA NA NA NA 0 0 "Uqcrc2_noRT" "non-targeting_noRT"
"22462" "Gm10718" 0 NA NA NA NA 0 0 "Uqcrc2_noRT" "non-targeting_noRT"
"22463" "Gm10717" 0 NA NA NA NA 0 0 "Uqcrc2_noRT" "non-targeting_noRT"
"22464" "Gm17535" 0 NA NA NA NA 0 0 "Uqcrc2_noRT" "non-targeting_noRT"
"22465" "Gm10715" 0 NA NA NA NA 0 0 "Uqcrc2_noRT" "non-targeting_noRT"
"22466" "4930433N12Rik" 0 NA NA NA NA 0 0 "Uqcrc2_noRT" "non-targeting_noRT"
"22467" "Gm31138" 0 NA NA NA NA 0 0 "Uqcrc2_noRT" "non-targeting_noRT"
"22468" "Gucy1a2" 0 NA NA NA NA 0 0 "Uqcrc2_noRT" "non-targeting_noRT"
"22469" "Gria4" 0 NA NA NA NA 0 0 "Uqcrc2_noRT" "non-targeting_noRT"
"22470" "Pdgfd" 0 NA NA NA NA 0 0 "Uqcrc2_noRT" "non-targeting_noRT"
"22471" "Ddi1" 0 NA NA NA NA 0 0 "Uqcrc2_noRT" "non-targeting_noRT"
"22472" "Mmp13" 0 NA NA NA NA 0 0 "Uqcrc2_noRT" "non-targeting_noRT"
"22473" "Mmp12" 0 NA NA NA NA 0 0 "Uqcrc2_noRT" "non-targeting_noRT"
"22474" "Mmp1b" 0 NA NA NA NA 0 0 "Uqcrc2_noRT" "non-targeting_noRT"
"22475" "Mmp3" 0 NA NA NA NA 0 0 "Uqcrc2_noRT" "non-targeting_noRT"
"22476" "Mmp10" 0 NA NA NA NA 0 0 "Uqcrc2_noRT" "non-targeting_noRT"
"22477" "Mmp8" 0 NA NA NA NA 0 0 "Uqcrc2_noRT" "non-targeting_noRT"
"22478" "Mmp27" 0 NA NA NA NA 0 0 "Uqcrc2_noRT" "non-targeting_noRT"
"22479" "Mmp20" 0 NA NA NA NA 0 0 "Uqcrc2_noRT" "non-targeting_noRT"
"22480" "AV064505" 0 NA NA NA NA 0 0 "Uqcrc2_noRT" "non-targeting_noRT"
"22481" "Mmp7" 0 NA NA NA NA 0 0 "Uqcrc2_noRT" "non-targeting_noRT"
"22482" "Gm20416" 0 NA NA NA NA 0 0 "Uqcrc2_noRT" "non-targeting_noRT"
"22483" "Gm32014" 0 NA NA NA NA 0 0 "Uqcrc2_noRT" "non-targeting_noRT"
"22484" "Pgr" 0 NA NA NA NA 0 0 "Uqcrc2_noRT" "non-targeting_noRT"
"22485" "Arhgap42" 0 NA NA NA NA 0 0 "Uqcrc2_noRT" "non-targeting_noRT"
"22486" "Gm16833" 0 NA NA NA NA 0 0 "Uqcrc2_noRT" "non-targeting_noRT"
"22487" "Gm46102" 0 NA NA NA NA 0 0 "Uqcrc2_noRT" "non-targeting_noRT"
"22488" "Gm47334" 0 NA NA NA NA 0 0 "Uqcrc2_noRT" "non-targeting_noRT"
"22489" "Cntn5" 0 NA NA NA NA 0 0 "Uqcrc2_noRT" "non-targeting_noRT"
"22490" "Gm32710" 0 NA NA NA NA 0 0 "Uqcrc2_noRT" "non-targeting_noRT"
"22491" "Gm47001" 0 NA NA NA NA 0 0 "Uqcrc2_noRT" "non-targeting_noRT"
"22492" "Gm47002" 0 NA NA NA NA 0 0 "Uqcrc2_noRT" "non-targeting_noRT"
"22493" "Gm47034" 0 NA NA NA NA 0 0 "Uqcrc2_noRT" "non-targeting_noRT"
"22494" "4930568E12Rik" 0 NA NA NA NA 0 0 "Uqcrc2_noRT" "non-targeting_noRT"
"22495" "Gm47051" 0 NA NA NA NA 0 0 "Uqcrc2_noRT" "non-targeting_noRT"
"22496" "Gm17571" 0 NA NA NA NA 0 0 "Uqcrc2_noRT" "non-targeting_noRT"
"22497" "Gm47535" 0 NA NA NA NA 0 0 "Uqcrc2_noRT" "non-targeting_noRT"
"22498" "Gm47557" 0 NA NA NA NA 0 0 "Uqcrc2_noRT" "non-targeting_noRT"
"22499" "1700019J19Rik" 0 NA NA NA NA 0 0 "Uqcrc2_noRT" "non-targeting_noRT"
"22500" "Gm47559" 0 NA NA NA NA 0 0 "Uqcrc2_noRT" "non-targeting_noRT"
"22501" "Gm47564" 0 NA NA NA NA 0 0 "Uqcrc2_noRT" "non-targeting_noRT"
"22502" "Gm47565" 0 NA NA NA NA 0 0 "Uqcrc2_noRT" "non-targeting_noRT"
"22503" "Gm34069" 0 NA NA NA NA 0 0 "Uqcrc2_noRT" "non-targeting_noRT"
"22504" "Gm47326" 0 NA NA NA NA 0 0 "Uqcrc2_noRT" "non-targeting_noRT"
"22505" "Gm47319" 0 NA NA NA NA 0 0 "Uqcrc2_noRT" "non-targeting_noRT"
"22506" "Gm34263" 0 NA NA NA NA 0 0 "Uqcrc2_noRT" "non-targeting_noRT"
"22507" "Gm7607" 0 NA NA NA NA 0 0 "Uqcrc2_noRT" "non-targeting_noRT"
"22508" "Gm10706" 0 NA NA NA NA 0 0 "Uqcrc2_noRT" "non-targeting_noRT"
"22509" "Fut4" 0 NA NA NA NA 0 0 "Uqcrc2_noRT" "non-targeting_noRT"
"22510" "1700012B09Rik" 0 NA NA NA NA 0 0 "Uqcrc2_noRT" "non-targeting_noRT"
"22511" "Gm16302" 0 NA NA NA NA 0 0 "Uqcrc2_noRT" "non-targeting_noRT"
"22512" "Gpr83" 0 NA NA NA NA 0 0 "Uqcrc2_noRT" "non-targeting_noRT"
"22513" "Izumo1r" 0 NA NA NA NA 0 0 "Uqcrc2_noRT" "non-targeting_noRT"
"22514" "Gm47214" 0 NA NA NA NA 0 0 "Uqcrc2_noRT" "non-targeting_noRT"
"22515" "Hephl1" 0 NA NA NA NA 0 0 "Uqcrc2_noRT" "non-targeting_noRT"
"22516" "Gm16568" 0 NA NA NA NA 0 0 "Uqcrc2_noRT" "non-targeting_noRT"
"22517" "Gm34973" 0 NA NA NA NA 0 0 "Uqcrc2_noRT" "non-targeting_noRT"
"22518" "Smco4" 0 NA NA NA NA 0 0 "Uqcrc2_noRT" "non-targeting_noRT"
"22519" "Deup1" 0 NA NA NA NA 0 0 "Uqcrc2_noRT" "non-targeting_noRT"
"22520" "4930540M03Rik" 0 NA NA NA NA 0 0 "Uqcrc2_noRT" "non-targeting_noRT"
"22521" "Mtnr1b" 0 NA NA NA NA 0 0 "Uqcrc2_noRT" "non-targeting_noRT"
"22522" "Fat3" 0 NA NA NA NA 0 0 "Uqcrc2_noRT" "non-targeting_noRT"
"22523" "Naalad2" 0 NA NA NA NA 0 0 "Uqcrc2_noRT" "non-targeting_noRT"
"22524" "Ubtfl1" 0 NA NA NA NA 0 0 "Uqcrc2_noRT" "non-targeting_noRT"
"22525" "Mbd3l2" 0 NA NA NA NA 0 0 "Uqcrc2_noRT" "non-targeting_noRT"
"22526" "Mbd3l1" 0 NA NA NA NA 0 0 "Uqcrc2_noRT" "non-targeting_noRT"
"22527" "Muc16" 0 NA NA NA NA 0 0 "Uqcrc2_noRT" "non-targeting_noRT"
"22528" "Olfr24" 0 NA NA NA NA 0 0 "Uqcrc2_noRT" "non-targeting_noRT"
"22529" "Olfr828" 0 NA NA NA NA 0 0 "Uqcrc2_noRT" "non-targeting_noRT"
"22530" "Olfr829" 0 NA NA NA NA 0 0 "Uqcrc2_noRT" "non-targeting_noRT"
"22531" "Olfr830" 0 NA NA NA NA 0 0 "Uqcrc2_noRT" "non-targeting_noRT"
"22532" "Olfr832" 0 NA NA NA NA 0 0 "Uqcrc2_noRT" "non-targeting_noRT"
"22533" "Olfr834" 0 NA NA NA NA 0 0 "Uqcrc2_noRT" "non-targeting_noRT"
"22534" "Olfr835" 0 NA NA NA NA 0 0 "Uqcrc2_noRT" "non-targeting_noRT"
"22535" "Olfr836" 0 NA NA NA NA 0 0 "Uqcrc2_noRT" "non-targeting_noRT"
"22536" "Olfr837" 0 NA NA NA NA 0 0 "Uqcrc2_noRT" "non-targeting_noRT"
"22537" "Olfr839-ps1" 0 NA NA NA NA 0 0 "Uqcrc2_noRT" "non-targeting_noRT"
"22538" "Olfr843" 0 NA NA NA NA 0 0 "Uqcrc2_noRT" "non-targeting_noRT"
"22539" "Olfr844" 0 NA NA NA NA 0 0 "Uqcrc2_noRT" "non-targeting_noRT"
"22540" "Olfr845" 0 NA NA NA NA 0 0 "Uqcrc2_noRT" "non-targeting_noRT"
"22541" "Olfr846" 0 NA NA NA NA 0 0 "Uqcrc2_noRT" "non-targeting_noRT"
"22542" "Olfr847" 0 NA NA NA NA 0 0 "Uqcrc2_noRT" "non-targeting_noRT"
"22543" "Olfr849" 0 NA NA NA NA 0 0 "Uqcrc2_noRT" "non-targeting_noRT"
"22544" "Olfr850" 0 NA NA NA NA 0 0 "Uqcrc2_noRT" "non-targeting_noRT"
"22545" "Olfr851" 0 NA NA NA NA 0 0 "Uqcrc2_noRT" "non-targeting_noRT"
"22546" "Olfr853" 0 NA NA NA NA 0 0 "Uqcrc2_noRT" "non-targeting_noRT"
"22547" "Olfr854" 0 NA NA NA NA 0 0 "Uqcrc2_noRT" "non-targeting_noRT"
"22548" "Olfr855" 0 NA NA NA NA 0 0 "Uqcrc2_noRT" "non-targeting_noRT"
"22549" "Olfr857" 0 NA NA NA NA 0 0 "Uqcrc2_noRT" "non-targeting_noRT"
"22550" "Olfr58" 0 NA NA NA NA 0 0 "Uqcrc2_noRT" "non-targeting_noRT"
"22551" "Olfr859" 0 NA NA NA NA 0 0 "Uqcrc2_noRT" "non-targeting_noRT"
"22552" "Gm45699" 0 NA NA NA NA 0 0 "Uqcrc2_noRT" "non-targeting_noRT"
"22553" "Olfr860" 0 NA NA NA NA 0 0 "Uqcrc2_noRT" "non-targeting_noRT"
"22554" "Olfr862" 0 NA NA NA NA 0 0 "Uqcrc2_noRT" "non-targeting_noRT"
"22555" "Olfr866" 0 NA NA NA NA 0 0 "Uqcrc2_noRT" "non-targeting_noRT"
"22556" "Olfr867" 0 NA NA NA NA 0 0 "Uqcrc2_noRT" "non-targeting_noRT"
"22557" "Olfr868" 0 NA NA NA NA 0 0 "Uqcrc2_noRT" "non-targeting_noRT"
"22558" "Olfr869" 0 NA NA NA NA 0 0 "Uqcrc2_noRT" "non-targeting_noRT"
"22559" "Olfr870" 0 NA NA NA NA 0 0 "Uqcrc2_noRT" "non-targeting_noRT"
"22560" "Olfr871" 0 NA NA NA NA 0 0 "Uqcrc2_noRT" "non-targeting_noRT"
"22561" "Olfr872" 0 NA NA NA NA 0 0 "Uqcrc2_noRT" "non-targeting_noRT"
"22562" "Olfr39" 0 NA NA NA NA 0 0 "Uqcrc2_noRT" "non-targeting_noRT"
"22563" "Olfr873" 0 NA NA NA NA 0 0 "Uqcrc2_noRT" "non-targeting_noRT"
"22564" "Olfr18" 0 NA NA NA NA 0 0 "Uqcrc2_noRT" "non-targeting_noRT"
"22565" "Olfm2" 0 NA NA NA NA 0 0 "Uqcrc2_noRT" "non-targeting_noRT"
"22566" "Rdh8" 0 NA NA NA NA 0 0 "Uqcrc2_noRT" "non-targeting_noRT"
"22567" "Icam5" 0 NA NA NA NA 0 0 "Uqcrc2_noRT" "non-targeting_noRT"
"22568" "Gm26592" 0 NA NA NA NA 0 0 "Uqcrc2_noRT" "non-targeting_noRT"
"22569" "1700084C06Rik" 0 NA NA NA NA 0 0 "Uqcrc2_noRT" "non-targeting_noRT"
"22570" "S1pr5" 0 NA NA NA NA 0 0 "Uqcrc2_noRT" "non-targeting_noRT"
"22571" "Ap1m2" 0 NA NA NA NA 0 0 "Uqcrc2_noRT" "non-targeting_noRT"
"22572" "Gm39302" 0 NA NA NA NA 0 0 "Uqcrc2_noRT" "non-targeting_noRT"
"22573" "Gm36198" 0 NA NA NA NA 0 0 "Uqcrc2_noRT" "non-targeting_noRT"
"22574" "AB124611" 0 NA NA NA NA 0 0 "Uqcrc2_noRT" "non-targeting_noRT"
"22575" "Angptl8" 0 NA NA NA NA 0 0 "Uqcrc2_noRT" "non-targeting_noRT"
"22576" "Ccdc151" 0 NA NA NA NA 0 0 "Uqcrc2_noRT" "non-targeting_noRT"
"22577" "6530413G14Rik" 0 NA NA NA NA 0 0 "Uqcrc2_noRT" "non-targeting_noRT"
"22578" "Zfp872" 0 NA NA NA NA 0 0 "Uqcrc2_noRT" "non-targeting_noRT"
"22579" "1810064F22Rik" 0 NA NA NA NA 0 0 "Uqcrc2_noRT" "non-targeting_noRT"
"22580" "Zfp810" 0 NA NA NA NA 0 0 "Uqcrc2_noRT" "non-targeting_noRT"
"22581" "Gm17545" 0 NA NA NA NA 0 0 "Uqcrc2_noRT" "non-targeting_noRT"
"22582" "Bmper" 0 NA NA NA NA 0 0 "Uqcrc2_noRT" "non-targeting_noRT"
"22583" "Gm47663" 0 NA NA NA NA 0 0 "Uqcrc2_noRT" "non-targeting_noRT"
"22584" "Npsr1" 0 NA NA NA NA 0 0 "Uqcrc2_noRT" "non-targeting_noRT"
"22585" "Gm15600" 0 NA NA NA NA 0 0 "Uqcrc2_noRT" "non-targeting_noRT"
"22586" "Gm47772" 0 NA NA NA NA 0 0 "Uqcrc2_noRT" "non-targeting_noRT"
"22587" "Dpy19l2" 0 NA NA NA NA 0 0 "Uqcrc2_noRT" "non-targeting_noRT"
"22588" "Cypt4" 0 NA NA NA NA 0 0 "Uqcrc2_noRT" "non-targeting_noRT"
"22589" "Tbx20" 0 NA NA NA NA 0 0 "Uqcrc2_noRT" "non-targeting_noRT"
"22590" "Gm29824" 0 NA NA NA NA 0 0 "Uqcrc2_noRT" "non-targeting_noRT"
"22591" "E130101E03Rik" 0 NA NA NA NA 0 0 "Uqcrc2_noRT" "non-targeting_noRT"
"22592" "Gm48256" 0 NA NA NA NA 0 0 "Uqcrc2_noRT" "non-targeting_noRT"
"22593" "Gm10181" 0 NA NA NA NA 0 0 "Uqcrc2_noRT" "non-targeting_noRT"
"22594" "Gm29642" 0 NA NA NA NA 0 0 "Uqcrc2_noRT" "non-targeting_noRT"
"22595" "Gm39312" 0 NA NA NA NA 0 0 "Uqcrc2_noRT" "non-targeting_noRT"
"22596" "Gm30313" 0 NA NA NA NA 0 0 "Uqcrc2_noRT" "non-targeting_noRT"
"22597" "Gm48393" 0 NA NA NA NA 0 0 "Uqcrc2_noRT" "non-targeting_noRT"
"22598" "B3gat1" 0 NA NA NA NA 0 0 "Uqcrc2_noRT" "non-targeting_noRT"
"22599" "Glb1l2" 0 NA NA NA NA 0 0 "Uqcrc2_noRT" "non-targeting_noRT"
"22600" "Glb1l3" 0 NA NA NA NA 0 0 "Uqcrc2_noRT" "non-targeting_noRT"
"22601" "Gm1110" 0 NA NA NA NA 0 0 "Uqcrc2_noRT" "non-targeting_noRT"
"22602" "Gm48796" 0 NA NA NA NA 0 0 "Uqcrc2_noRT" "non-targeting_noRT"
"22603" "Gm48801" 0 NA NA NA NA 0 0 "Uqcrc2_noRT" "non-targeting_noRT"
"22604" "Gm48803" 0 NA NA NA NA 0 0 "Uqcrc2_noRT" "non-targeting_noRT"
"22605" "Spata19" 0 NA NA NA NA 0 0 "Uqcrc2_noRT" "non-targeting_noRT"
"22606" "Gm48901" 0 NA NA NA NA 0 0 "Uqcrc2_noRT" "non-targeting_noRT"
"22607" "Gm48902" 0 NA NA NA NA 0 0 "Uqcrc2_noRT" "non-targeting_noRT"
"22608" "Gm15606" 0 NA NA NA NA 0 0 "Uqcrc2_noRT" "non-targeting_noRT"
"22609" "Gm48091" 0 NA NA NA NA 0 0 "Uqcrc2_noRT" "non-targeting_noRT"
"22610" "Gm15520" 0 NA NA NA NA 0 0 "Uqcrc2_noRT" "non-targeting_noRT"
"22611" "Gm15521" 0 NA NA NA NA 0 0 "Uqcrc2_noRT" "non-targeting_noRT"
"22612" "Gm47677" 0 NA NA NA NA 0 0 "Uqcrc2_noRT" "non-targeting_noRT"
"22613" "Gm30933" 0 NA NA NA NA 0 0 "Uqcrc2_noRT" "non-targeting_noRT"
"22614" "Gm47716" 0 NA NA NA NA 0 0 "Uqcrc2_noRT" "non-targeting_noRT"
"22615" "Gm31013" 0 NA NA NA NA 0 0 "Uqcrc2_noRT" "non-targeting_noRT"
"22616" "Adamts15" 0 NA NA NA NA 0 0 "Uqcrc2_noRT" "non-targeting_noRT"
"22617" "Adamts8" 0 NA NA NA NA 0 0 "Uqcrc2_noRT" "non-targeting_noRT"
"22618" "Gm29724" 0 NA NA NA NA 0 0 "Uqcrc2_noRT" "non-targeting_noRT"
"22619" "Gm17508" 0 NA NA NA NA 0 0 "Uqcrc2_noRT" "non-targeting_noRT"
"22620" "Tmem45b" 0 NA NA NA NA 0 0 "Uqcrc2_noRT" "non-targeting_noRT"
"22621" "4930434F21Rik" 0 NA NA NA NA 0 0 "Uqcrc2_noRT" "non-targeting_noRT"
"22622" "Gm31408" 0 NA NA NA NA 0 0 "Uqcrc2_noRT" "non-targeting_noRT"
"22623" "Gm47436" 0 NA NA NA NA 0 0 "Uqcrc2_noRT" "non-targeting_noRT"
"22624" "Barx2" 0 NA NA NA NA 0 0 "Uqcrc2_noRT" "non-targeting_noRT"
"22625" "Gm31497" 0 NA NA NA NA 0 0 "Uqcrc2_noRT" "non-targeting_noRT"
"22626" "Gm47465" 0 NA NA NA NA 0 0 "Uqcrc2_noRT" "non-targeting_noRT"
"22627" "Kcnj5" 0 NA NA NA NA 0 0 "Uqcrc2_noRT" "non-targeting_noRT"
"22628" "Gm39317" 0 NA NA NA NA 0 0 "Uqcrc2_noRT" "non-targeting_noRT"
"22629" "Kcnj1" 0 NA NA NA NA 0 0 "Uqcrc2_noRT" "non-targeting_noRT"
"22630" "Fli1" 0 NA NA NA NA 0 0 "Uqcrc2_noRT" "non-targeting_noRT"
"22631" "Gm27201" 0 NA NA NA NA 0 0 "Uqcrc2_noRT" "non-targeting_noRT"
"22632" "Gm47680" 0 NA NA NA NA 0 0 "Uqcrc2_noRT" "non-targeting_noRT"
"22633" "Gm27240" 0 NA NA NA NA 0 0 "Uqcrc2_noRT" "non-targeting_noRT"
"22634" "Gm3331" 0 NA NA NA NA 0 0 "Uqcrc2_noRT" "non-targeting_noRT"
"22635" "Gm27162" 0 NA NA NA NA 0 0 "Uqcrc2_noRT" "non-targeting_noRT"
"22636" "Gm27166" 0 NA NA NA NA 0 0 "Uqcrc2_noRT" "non-targeting_noRT"
"22637" "Gm32171" 0 NA NA NA NA 0 0 "Uqcrc2_noRT" "non-targeting_noRT"
"22638" "Gm47775" 0 NA NA NA NA 0 0 "Uqcrc2_noRT" "non-targeting_noRT"
"22639" "Gm47777" 0 NA NA NA NA 0 0 "Uqcrc2_noRT" "non-targeting_noRT"
"22640" "Gm47778" 0 NA NA NA NA 0 0 "Uqcrc2_noRT" "non-targeting_noRT"
"22641" "Gm47784" 0 NA NA NA NA 0 0 "Uqcrc2_noRT" "non-targeting_noRT"
"22642" "Gm47785" 0 NA NA NA NA 0 0 "Uqcrc2_noRT" "non-targeting_noRT"
"22643" "Gm27164" 0 NA NA NA NA 0 0 "Uqcrc2_noRT" "non-targeting_noRT"
"22644" "7630403G23Rik" 0 NA NA NA NA 0 0 "Uqcrc2_noRT" "non-targeting_noRT"
"22645" "Gm47858" 0 NA NA NA NA 0 0 "Uqcrc2_noRT" "non-targeting_noRT"
"22646" "Kirrel3os" 0 NA NA NA NA 0 0 "Uqcrc2_noRT" "non-targeting_noRT"
"22647" "Gm39318" 0 NA NA NA NA 0 0 "Uqcrc2_noRT" "non-targeting_noRT"
"22648" "4933422A05Rik" 0 NA NA NA NA 0 0 "Uqcrc2_noRT" "non-targeting_noRT"
"22649" "Gm33838" 0 NA NA NA NA 0 0 "Uqcrc2_noRT" "non-targeting_noRT"
"22650" "Gm1113" 0 NA NA NA NA 0 0 "Uqcrc2_noRT" "non-targeting_noRT"
"22651" "Pate4" 0 NA NA NA NA 0 0 "Uqcrc2_noRT" "non-targeting_noRT"
"22652" "Pate3" 0 NA NA NA NA 0 0 "Uqcrc2_noRT" "non-targeting_noRT"
"22653" "Pate1" 0 NA NA NA NA 0 0 "Uqcrc2_noRT" "non-targeting_noRT"
"22654" "Pate10" 0 NA NA NA NA 0 0 "Uqcrc2_noRT" "non-targeting_noRT"
"22655" "Pate7" 0 NA NA NA NA 0 0 "Uqcrc2_noRT" "non-targeting_noRT"
"22656" "Pate6" 0 NA NA NA NA 0 0 "Uqcrc2_noRT" "non-targeting_noRT"
"22657" "Pate5" 0 NA NA NA NA 0 0 "Uqcrc2_noRT" "non-targeting_noRT"
"22658" "Gm3428" 0 NA NA NA NA 0 0 "Uqcrc2_noRT" "non-targeting_noRT"
"22659" "Pate13" 0 NA NA NA NA 0 0 "Uqcrc2_noRT" "non-targeting_noRT"
"22660" "Gm27187" 0 NA NA NA NA 0 0 "Uqcrc2_noRT" "non-targeting_noRT"
"22661" "Gm5916" 0 NA NA NA NA 0 0 "Uqcrc2_noRT" "non-targeting_noRT"
"22662" "Gm3434" 0 NA NA NA NA 0 0 "Uqcrc2_noRT" "non-targeting_noRT"
"22663" "Pate12" 0 NA NA NA NA 0 0 "Uqcrc2_noRT" "non-targeting_noRT"
"22664" "Pate11" 0 NA NA NA NA 0 0 "Uqcrc2_noRT" "non-targeting_noRT"
"22665" "Pate9" 0 NA NA NA NA 0 0 "Uqcrc2_noRT" "non-targeting_noRT"
"22666" "Pate8" 0 NA NA NA NA 0 0 "Uqcrc2_noRT" "non-targeting_noRT"
"22667" "Pate14" 0 NA NA NA NA 0 0 "Uqcrc2_noRT" "non-targeting_noRT"
"22668" "1700027I24Rik" 0 NA NA NA NA 0 0 "Uqcrc2_noRT" "non-targeting_noRT"
"22669" "Acrv1" 0 NA NA NA NA 0 0 "Uqcrc2_noRT" "non-targeting_noRT"
"22670" "Gm26787" 0 NA NA NA NA 0 0 "Uqcrc2_noRT" "non-targeting_noRT"
"22671" "Pknox2" 0 NA NA NA NA 0 0 "Uqcrc2_noRT" "non-targeting_noRT"
"22672" "Gm3896" 0 NA NA NA NA 0 0 "Uqcrc2_noRT" "non-targeting_noRT"
"22673" "Gm48716" 0 NA NA NA NA 0 0 "Uqcrc2_noRT" "non-targeting_noRT"
"22674" "Slc37a2" 0 NA NA NA NA 0 0 "Uqcrc2_noRT" "non-targeting_noRT"
"22675" "Gm48081" 0 NA NA NA NA 0 0 "Uqcrc2_noRT" "non-targeting_noRT"
"22676" "Gm34885" 0 NA NA NA NA 0 0 "Uqcrc2_noRT" "non-targeting_noRT"
"22677" "Robo4" 0 NA NA NA NA 0 0 "Uqcrc2_noRT" "non-targeting_noRT"
"22678" "Robo3" 0 NA NA NA NA 0 0 "Uqcrc2_noRT" "non-targeting_noRT"
"22679" "Esam" 0 NA NA NA NA 0 0 "Uqcrc2_noRT" "non-targeting_noRT"
"22680" "Vsig2" 0 NA NA NA NA 0 0 "Uqcrc2_noRT" "non-targeting_noRT"
"22681" "Nrgn" 0 NA NA NA NA 0 0 "Uqcrc2_noRT" "non-targeting_noRT"
"22682" "Panx3" 0 NA NA NA NA 0 0 "Uqcrc2_noRT" "non-targeting_noRT"
"22683" "Olfr160" 0 NA NA NA NA 0 0 "Uqcrc2_noRT" "non-targeting_noRT"
"22684" "Olfr874" 0 NA NA NA NA 0 0 "Uqcrc2_noRT" "non-targeting_noRT"
"22685" "Olfr875" 0 NA NA NA NA 0 0 "Uqcrc2_noRT" "non-targeting_noRT"
"22686" "Olfr876" 0 NA NA NA NA 0 0 "Uqcrc2_noRT" "non-targeting_noRT"
"22687" "Olfr877" 0 NA NA NA NA 0 0 "Uqcrc2_noRT" "non-targeting_noRT"
"22688" "Olfr145" 0 NA NA NA NA 0 0 "Uqcrc2_noRT" "non-targeting_noRT"
"22689" "Olfr878" 0 NA NA NA NA 0 0 "Uqcrc2_noRT" "non-targeting_noRT"
"22690" "Olfr881" 0 NA NA NA NA 0 0 "Uqcrc2_noRT" "non-targeting_noRT"
"22691" "Olfr883" 0 NA NA NA NA 0 0 "Uqcrc2_noRT" "non-targeting_noRT"
"22692" "Olfr884" 0 NA NA NA NA 0 0 "Uqcrc2_noRT" "non-targeting_noRT"
"22693" "Olfr885" 0 NA NA NA NA 0 0 "Uqcrc2_noRT" "non-targeting_noRT"
"22694" "Olfr887" 0 NA NA NA NA 0 0 "Uqcrc2_noRT" "non-targeting_noRT"
"22695" "Olfr888" 0 NA NA NA NA 0 0 "Uqcrc2_noRT" "non-targeting_noRT"
"22696" "Olfr890" 0 NA NA NA NA 0 0 "Uqcrc2_noRT" "non-targeting_noRT"
"22697" "Olfr891" 0 NA NA NA NA 0 0 "Uqcrc2_noRT" "non-targeting_noRT"
"22698" "Olfr893" 0 NA NA NA NA 0 0 "Uqcrc2_noRT" "non-targeting_noRT"
"22699" "Olfr894" 0 NA NA NA NA 0 0 "Uqcrc2_noRT" "non-targeting_noRT"
"22700" "Olfr143" 0 NA NA NA NA 0 0 "Uqcrc2_noRT" "non-targeting_noRT"
"22701" "Olfr895" 0 NA NA NA NA 0 0 "Uqcrc2_noRT" "non-targeting_noRT"
"22702" "Olfr896-ps1" 0 NA NA NA NA 0 0 "Uqcrc2_noRT" "non-targeting_noRT"
"22703" "Olfr25" 0 NA NA NA NA 0 0 "Uqcrc2_noRT" "non-targeting_noRT"
"22704" "Olfr898" 0 NA NA NA NA 0 0 "Uqcrc2_noRT" "non-targeting_noRT"
"22705" "Olfr250" 0 NA NA NA NA 0 0 "Uqcrc2_noRT" "non-targeting_noRT"
"22706" "Olfr251" 0 NA NA NA NA 0 0 "Uqcrc2_noRT" "non-targeting_noRT"
"22707" "Olfr147" 0 NA NA NA NA 0 0 "Uqcrc2_noRT" "non-targeting_noRT"
"22708" "Olfr901" 0 NA NA NA NA 0 0 "Uqcrc2_noRT" "non-targeting_noRT"
"22709" "Olfr902" 0 NA NA NA NA 0 0 "Uqcrc2_noRT" "non-targeting_noRT"
"22710" "Olfr904" 0 NA NA NA NA 0 0 "Uqcrc2_noRT" "non-targeting_noRT"
"22711" "Olfr905" 0 NA NA NA NA 0 0 "Uqcrc2_noRT" "non-targeting_noRT"
"22712" "Olfr906" 0 NA NA NA NA 0 0 "Uqcrc2_noRT" "non-targeting_noRT"
"22713" "Olfr907" 0 NA NA NA NA 0 0 "Uqcrc2_noRT" "non-targeting_noRT"
"22714" "Olfr911-ps1" 0 NA NA NA NA 0 0 "Uqcrc2_noRT" "non-targeting_noRT"
"22715" "Olfr910" 0 NA NA NA NA 0 0 "Uqcrc2_noRT" "non-targeting_noRT"
"22716" "Olfr912" 0 NA NA NA NA 0 0 "Uqcrc2_noRT" "non-targeting_noRT"
"22717" "Olfr913" 0 NA NA NA NA 0 0 "Uqcrc2_noRT" "non-targeting_noRT"
"22718" "Olfr914" 0 NA NA NA NA 0 0 "Uqcrc2_noRT" "non-targeting_noRT"
"22719" "Olfr916" 0 NA NA NA NA 0 0 "Uqcrc2_noRT" "non-targeting_noRT"
"22720" "Olfr917" 0 NA NA NA NA 0 0 "Uqcrc2_noRT" "non-targeting_noRT"
"22721" "Olfr918" 0 NA NA NA NA 0 0 "Uqcrc2_noRT" "non-targeting_noRT"
"22722" "Olfr919" 0 NA NA NA NA 0 0 "Uqcrc2_noRT" "non-targeting_noRT"
"22723" "Olfr921" 0 NA NA NA NA 0 0 "Uqcrc2_noRT" "non-targeting_noRT"
"22724" "Olfr922" 0 NA NA NA NA 0 0 "Uqcrc2_noRT" "non-targeting_noRT"
"22725" "Olfr923" 0 NA NA NA NA 0 0 "Uqcrc2_noRT" "non-targeting_noRT"
"22726" "Olfr924" 0 NA NA NA NA 0 0 "Uqcrc2_noRT" "non-targeting_noRT"
"22727" "Olfr26" 0 NA NA NA NA 0 0 "Uqcrc2_noRT" "non-targeting_noRT"
"22728" "Olfr926" 0 NA NA NA NA 0 0 "Uqcrc2_noRT" "non-targeting_noRT"
"22729" "Olfr930" 0 NA NA NA NA 0 0 "Uqcrc2_noRT" "non-targeting_noRT"
"22730" "Olfr933" 0 NA NA NA NA 0 0 "Uqcrc2_noRT" "non-targeting_noRT"
"22731" "Olfr934" 0 NA NA NA NA 0 0 "Uqcrc2_noRT" "non-targeting_noRT"
"22732" "Olfr935" 0 NA NA NA NA 0 0 "Uqcrc2_noRT" "non-targeting_noRT"
"22733" "Olfr146" 0 NA NA NA NA 0 0 "Uqcrc2_noRT" "non-targeting_noRT"
"22734" "Olfr937" 0 NA NA NA NA 0 0 "Uqcrc2_noRT" "non-targeting_noRT"
"22735" "Olfr938" 0 NA NA NA NA 0 0 "Uqcrc2_noRT" "non-targeting_noRT"
"22736" "Olfr27" 0 NA NA NA NA 0 0 "Uqcrc2_noRT" "non-targeting_noRT"
"22737" "Olfr943" 0 NA NA NA NA 0 0 "Uqcrc2_noRT" "non-targeting_noRT"
"22738" "Olfr944" 0 NA NA NA NA 0 0 "Uqcrc2_noRT" "non-targeting_noRT"
"22739" "Olfr1537" 0 NA NA NA NA 0 0 "Uqcrc2_noRT" "non-targeting_noRT"
"22740" "Olfr945" 0 NA NA NA NA 0 0 "Uqcrc2_noRT" "non-targeting_noRT"
"22741" "Olfr948" 0 NA NA NA NA 0 0 "Uqcrc2_noRT" "non-targeting_noRT"
"22742" "Olfr951" 0 NA NA NA NA 0 0 "Uqcrc2_noRT" "non-targeting_noRT"
"22743" "Olfr952" 0 NA NA NA NA 0 0 "Uqcrc2_noRT" "non-targeting_noRT"
"22744" "Olfr954" 0 NA NA NA NA 0 0 "Uqcrc2_noRT" "non-targeting_noRT"
"22745" "Olfr955" 0 NA NA NA NA 0 0 "Uqcrc2_noRT" "non-targeting_noRT"
"22746" "Olfr44" 0 NA NA NA NA 0 0 "Uqcrc2_noRT" "non-targeting_noRT"
"22747" "Olfr957" 0 NA NA NA NA 0 0 "Uqcrc2_noRT" "non-targeting_noRT"
"22748" "Olfr958" 0 NA NA NA NA 0 0 "Uqcrc2_noRT" "non-targeting_noRT"
"22749" "Olfr959" 0 NA NA NA NA 0 0 "Uqcrc2_noRT" "non-targeting_noRT"
"22750" "AW551984" 0 NA NA NA NA 0 0 "Uqcrc2_noRT" "non-targeting_noRT"
"22751" "Olfr148" 0 NA NA NA NA 0 0 "Uqcrc2_noRT" "non-targeting_noRT"
"22752" "Olfr960" 0 NA NA NA NA 0 0 "Uqcrc2_noRT" "non-targeting_noRT"
"22753" "Olfr961" 0 NA NA NA NA 0 0 "Uqcrc2_noRT" "non-targeting_noRT"
"22754" "Olfr963" 0 NA NA NA NA 0 0 "Uqcrc2_noRT" "non-targeting_noRT"
"22755" "Olfr149" 0 NA NA NA NA 0 0 "Uqcrc2_noRT" "non-targeting_noRT"
"22756" "Olfr965" 0 NA NA NA NA 0 0 "Uqcrc2_noRT" "non-targeting_noRT"
"22757" "Olfr150" 0 NA NA NA NA 0 0 "Uqcrc2_noRT" "non-targeting_noRT"
"22758" "Olfr967" 0 NA NA NA NA 0 0 "Uqcrc2_noRT" "non-targeting_noRT"
"22759" "Olfr968" 0 NA NA NA NA 0 0 "Uqcrc2_noRT" "non-targeting_noRT"
"22760" "Olfr969" 0 NA NA NA NA 0 0 "Uqcrc2_noRT" "non-targeting_noRT"
"22761" "Olfr970" 0 NA NA NA NA 0 0 "Uqcrc2_noRT" "non-targeting_noRT"
"22762" "Olfr971" 0 NA NA NA NA 0 0 "Uqcrc2_noRT" "non-targeting_noRT"
"22763" "Olfr972" 0 NA NA NA NA 0 0 "Uqcrc2_noRT" "non-targeting_noRT"
"22764" "Olfr229" 0 NA NA NA NA 0 0 "Uqcrc2_noRT" "non-targeting_noRT"
"22765" "Olfr974" 0 NA NA NA NA 0 0 "Uqcrc2_noRT" "non-targeting_noRT"
"22766" "Olfr976" 0 NA NA NA NA 0 0 "Uqcrc2_noRT" "non-targeting_noRT"
"22767" "Olfr978" 0 NA NA NA NA 0 0 "Uqcrc2_noRT" "non-targeting_noRT"
"22768" "Olfr979" 0 NA NA NA NA 0 0 "Uqcrc2_noRT" "non-targeting_noRT"
"22769" "Olfr980" 0 NA NA NA NA 0 0 "Uqcrc2_noRT" "non-targeting_noRT"
"22770" "Olfr981" 0 NA NA NA NA 0 0 "Uqcrc2_noRT" "non-targeting_noRT"
"22771" "Olfr982" 0 NA NA NA NA 0 0 "Uqcrc2_noRT" "non-targeting_noRT"
"22772" "Olfr983" 0 NA NA NA NA 0 0 "Uqcrc2_noRT" "non-targeting_noRT"
"22773" "Olfr984" 0 NA NA NA NA 0 0 "Uqcrc2_noRT" "non-targeting_noRT"
"22774" "Olfr985" 0 NA NA NA NA 0 0 "Uqcrc2_noRT" "non-targeting_noRT"
"22775" "Tmem225" 0 NA NA NA NA 0 0 "Uqcrc2_noRT" "non-targeting_noRT"
"22776" "Scn3b" 0 NA NA NA NA 0 0 "Uqcrc2_noRT" "non-targeting_noRT"
"22777" "1700110K17Rik" 0 NA NA NA NA 0 0 "Uqcrc2_noRT" "non-targeting_noRT"
"22778" "Gm48129" 0 NA NA NA NA 0 0 "Uqcrc2_noRT" "non-targeting_noRT"
"22779" "Gm48127" 0 NA NA NA NA 0 0 "Uqcrc2_noRT" "non-targeting_noRT"
"22780" "Gm35177" 0 NA NA NA NA 0 0 "Uqcrc2_noRT" "non-targeting_noRT"
"22781" "Gm48277" 0 NA NA NA NA 0 0 "Uqcrc2_noRT" "non-targeting_noRT"
"22782" "Gm48284" 0 NA NA NA NA 0 0 "Uqcrc2_noRT" "non-targeting_noRT"
"22783" "Gm35371" 0 NA NA NA NA 0 0 "Uqcrc2_noRT" "non-targeting_noRT"
"22784" "Gm21915" 0 NA NA NA NA 0 0 "Uqcrc2_noRT" "non-targeting_noRT"
"22785" "Clmp" 0 NA NA NA NA 0 0 "Uqcrc2_noRT" "non-targeting_noRT"
"22786" "Gm48294" 0 NA NA NA NA 0 0 "Uqcrc2_noRT" "non-targeting_noRT"
"22787" "Gm16095" 0 NA NA NA NA 0 0 "Uqcrc2_noRT" "non-targeting_noRT"
"22788" "Gm48293" 0 NA NA NA NA 0 0 "Uqcrc2_noRT" "non-targeting_noRT"
"22789" "Gm16096" 0 NA NA NA NA 0 0 "Uqcrc2_noRT" "non-targeting_noRT"
"22790" "Bsx" 0 NA NA NA NA 0 0 "Uqcrc2_noRT" "non-targeting_noRT"
"22791" "Jhy" 0 NA NA NA NA 0 0 "Uqcrc2_noRT" "non-targeting_noRT"
"22792" "Gm35657" 0 NA NA NA NA 0 0 "Uqcrc2_noRT" "non-targeting_noRT"
"22793" "Gm48740" 0 NA NA NA NA 0 0 "Uqcrc2_noRT" "non-targeting_noRT"
"22794" "Gm48784" 0 NA NA NA NA 0 0 "Uqcrc2_noRT" "non-targeting_noRT"
"22795" "Gm35835" 0 NA NA NA NA 0 0 "Uqcrc2_noRT" "non-targeting_noRT"
"22796" "AC160966.1" 0 NA NA NA NA 0 0 "Uqcrc2_noRT" "non-targeting_noRT"
"22797" "Gm35940" 0 NA NA NA NA 0 0 "Uqcrc2_noRT" "non-targeting_noRT"
"22798" "Gm48814" 0 NA NA NA NA 0 0 "Uqcrc2_noRT" "non-targeting_noRT"
"22799" "Gm40513" 0 NA NA NA NA 0 0 "Uqcrc2_noRT" "non-targeting_noRT"
"22800" "Gm16214" 0 NA NA NA NA 0 0 "Uqcrc2_noRT" "non-targeting_noRT"
"22801" "Gm39321" 0 NA NA NA NA 0 0 "Uqcrc2_noRT" "non-targeting_noRT"
"22802" "4930546K05Rik" 0 NA NA NA NA 0 0 "Uqcrc2_noRT" "non-targeting_noRT"
"22803" "Gm36435" 0 NA NA NA NA 0 0 "Uqcrc2_noRT" "non-targeting_noRT"
"22804" "Gm47629" 0 NA NA NA NA 0 0 "Uqcrc2_noRT" "non-targeting_noRT"
"22805" "Gm16322" 0 NA NA NA NA 0 0 "Uqcrc2_noRT" "non-targeting_noRT"
"22806" "Grik4" 0 NA NA NA NA 0 0 "Uqcrc2_noRT" "non-targeting_noRT"
"22807" "Gm47931" 0 NA NA NA NA 0 0 "Uqcrc2_noRT" "non-targeting_noRT"
"22808" "Pou2f3" 0 NA NA NA NA 0 0 "Uqcrc2_noRT" "non-targeting_noRT"
"22809" "D630033O11Rik" 0 NA NA NA NA 0 0 "Uqcrc2_noRT" "non-targeting_noRT"
"22810" "Trim29" 0 NA NA NA NA 0 0 "Uqcrc2_noRT" "non-targeting_noRT"
"22811" "Gm36799" 0 NA NA NA NA 0 0 "Uqcrc2_noRT" "non-targeting_noRT"
"22812" "Gm47475" 0 NA NA NA NA 0 0 "Uqcrc2_noRT" "non-targeting_noRT"
"22813" "Gm28215" 0 NA NA NA NA 0 0 "Uqcrc2_noRT" "non-targeting_noRT"
"22814" "Gm36855" 0 NA NA NA NA 0 0 "Uqcrc2_noRT" "non-targeting_noRT"
"22815" "Gm29909" 0 NA NA NA NA 0 0 "Uqcrc2_noRT" "non-targeting_noRT"
"22816" "Gm29961" 0 NA NA NA NA 0 0 "Uqcrc2_noRT" "non-targeting_noRT"
"22817" "Gm30015" 0 NA NA NA NA 0 0 "Uqcrc2_noRT" "non-targeting_noRT"
"22818" "Nectin1" 0 NA NA NA NA 0 0 "Uqcrc2_noRT" "non-targeting_noRT"
"22819" "Gm3898" 0 NA NA NA NA 0 0 "Uqcrc2_noRT" "non-targeting_noRT"
"22820" "Gm30373" 0 NA NA NA NA 0 0 "Uqcrc2_noRT" "non-targeting_noRT"
"22821" "Gm10688" 0 NA NA NA NA 0 0 "Uqcrc2_noRT" "non-targeting_noRT"
"22822" "E230034D01Rik" 0 NA NA NA NA 0 0 "Uqcrc2_noRT" "non-targeting_noRT"
"22823" "Gm39323" 0 NA NA NA NA 0 0 "Uqcrc2_noRT" "non-targeting_noRT"
"22824" "Thy1" 0 NA NA NA NA 0 0 "Uqcrc2_noRT" "non-targeting_noRT"
"22825" "Gm39325" 0 NA NA NA NA 0 0 "Uqcrc2_noRT" "non-targeting_noRT"
"22826" "Mfrp" 0 NA NA NA NA 0 0 "Uqcrc2_noRT" "non-targeting_noRT"
"22827" "C1qtnf5" 0 NA NA NA NA 0 0 "Uqcrc2_noRT" "non-targeting_noRT"
"22828" "Gm20444" 0 NA NA NA NA 0 0 "Uqcrc2_noRT" "non-targeting_noRT"
"22829" "Ccdc153" 0 NA NA NA NA 0 0 "Uqcrc2_noRT" "non-targeting_noRT"
"22830" "Pdzd3" 0 NA NA NA NA 0 0 "Uqcrc2_noRT" "non-targeting_noRT"
"22831" "Abcg4" 0 NA NA NA NA 0 0 "Uqcrc2_noRT" "non-targeting_noRT"
"22832" "Gm48853" 0 NA NA NA NA 0 0 "Uqcrc2_noRT" "non-targeting_noRT"
"22833" "Gm47186" 0 NA NA NA NA 0 0 "Uqcrc2_noRT" "non-targeting_noRT"
"22834" "Foxr1" 0 NA NA NA NA 0 0 "Uqcrc2_noRT" "non-targeting_noRT"
"22835" "Upk2" 0 NA NA NA NA 0 0 "Uqcrc2_noRT" "non-targeting_noRT"
"22836" "Cxcr5" 0 NA NA NA NA 0 0 "Uqcrc2_noRT" "non-targeting_noRT"
"22837" "Gm47230" 0 NA NA NA NA 0 0 "Uqcrc2_noRT" "non-targeting_noRT"
"22838" "Gm47231" 0 NA NA NA NA 0 0 "Uqcrc2_noRT" "non-targeting_noRT"
"22839" "Gm47232" 0 NA NA NA NA 0 0 "Uqcrc2_noRT" "non-targeting_noRT"
"22840" "BC049987" 0 NA NA NA NA 0 0 "Uqcrc2_noRT" "non-targeting_noRT"
"22841" "Treh" 0 NA NA NA NA 0 0 "Uqcrc2_noRT" "non-targeting_noRT"
"22842" "Gm48702" 0 NA NA NA NA 0 0 "Uqcrc2_noRT" "non-targeting_noRT"
"22843" "Ttc36" 0 NA NA NA NA 0 0 "Uqcrc2_noRT" "non-targeting_noRT"
"22844" "Gm30934" 0 NA NA NA NA 0 0 "Uqcrc2_noRT" "non-targeting_noRT"
"22845" "Cd3d" 0 NA NA NA NA 0 0 "Uqcrc2_noRT" "non-targeting_noRT"
"22846" "Cd3e" 0 NA NA NA NA 0 0 "Uqcrc2_noRT" "non-targeting_noRT"
"22847" "Gm48719" 0 NA NA NA NA 0 0 "Uqcrc2_noRT" "non-targeting_noRT"
"22848" "Mpzl3" 0 NA NA NA NA 0 0 "Uqcrc2_noRT" "non-targeting_noRT"
"22849" "Gm10684" 0 NA NA NA NA 0 0 "Uqcrc2_noRT" "non-targeting_noRT"
"22850" "Scn2b" 0 NA NA NA NA 0 0 "Uqcrc2_noRT" "non-targeting_noRT"
"22851" "Scn4b" 0 NA NA NA NA 0 0 "Uqcrc2_noRT" "non-targeting_noRT"
"22852" "Gm39327" 0 NA NA NA NA 0 0 "Uqcrc2_noRT" "non-targeting_noRT"
"22853" "Tmprss4" 0 NA NA NA NA 0 0 "Uqcrc2_noRT" "non-targeting_noRT"
"22854" "Gm17099" 0 NA NA NA NA 0 0 "Uqcrc2_noRT" "non-targeting_noRT"
"22855" "BC049352" 0 NA NA NA NA 0 0 "Uqcrc2_noRT" "non-targeting_noRT"
"22856" "Il10ra" 0 NA NA NA NA 0 0 "Uqcrc2_noRT" "non-targeting_noRT"
"22857" "Lncbate3" 0 NA NA NA NA 0 0 "Uqcrc2_noRT" "non-targeting_noRT"
"22858" "Tmprss13" 0 NA NA NA NA 0 0 "Uqcrc2_noRT" "non-targeting_noRT"
"22859" "Fxyd6" 0 NA NA NA NA 0 0 "Uqcrc2_noRT" "non-targeting_noRT"
"22860" "Fxyd2" 0 NA NA NA NA 0 0 "Uqcrc2_noRT" "non-targeting_noRT"
"22861" "4833428L15Rik" 0 NA NA NA NA 0 0 "Uqcrc2_noRT" "non-targeting_noRT"
"22862" "Dscaml1" 0 NA NA NA NA 0 0 "Uqcrc2_noRT" "non-targeting_noRT"
"22863" "Gm48529" 0 NA NA NA NA 0 0 "Uqcrc2_noRT" "non-targeting_noRT"
"22864" "Apoa1" 0 NA NA NA NA 0 0 "Uqcrc2_noRT" "non-targeting_noRT"
"22865" "Apoc3" 0 NA NA NA NA 0 0 "Uqcrc2_noRT" "non-targeting_noRT"
"22866" "Apoa4" 0 NA NA NA NA 0 0 "Uqcrc2_noRT" "non-targeting_noRT"
"22867" "Gm10680" 0 NA NA NA NA 0 0 "Uqcrc2_noRT" "non-targeting_noRT"
"22868" "Apoa5" 0 NA NA NA NA 0 0 "Uqcrc2_noRT" "non-targeting_noRT"
"22869" "Gm47544" 0 NA NA NA NA 0 0 "Uqcrc2_noRT" "non-targeting_noRT"
"22870" "4931429L15Rik" 0 NA NA NA NA 0 0 "Uqcrc2_noRT" "non-targeting_noRT"
"22871" "Gm39329" 0 NA NA NA NA 0 0 "Uqcrc2_noRT" "non-targeting_noRT"
"22872" "4930448E22Rik" 0 NA NA NA NA 0 0 "Uqcrc2_noRT" "non-targeting_noRT"
"22873" "Gm31374" 0 NA NA NA NA 0 0 "Uqcrc2_noRT" "non-targeting_noRT"
"22874" "Gm47141" 0 NA NA NA NA 0 0 "Uqcrc2_noRT" "non-targeting_noRT"
"22875" "Gm47144" 0 NA NA NA NA 0 0 "Uqcrc2_noRT" "non-targeting_noRT"
"22876" "Gm31432" 0 NA NA NA NA 0 0 "Uqcrc2_noRT" "non-targeting_noRT"
"22877" "Gm48945" 0 NA NA NA NA 0 0 "Uqcrc2_noRT" "non-targeting_noRT"
"22878" "Gm31557" 0 NA NA NA NA 0 0 "Uqcrc2_noRT" "non-targeting_noRT"
"22879" "Gm31614" 0 NA NA NA NA 0 0 "Uqcrc2_noRT" "non-targeting_noRT"
"22880" "2900052N01Rik" 0 NA NA NA NA 0 0 "Uqcrc2_noRT" "non-targeting_noRT"
"22881" "Gm47153" 0 NA NA NA NA 0 0 "Uqcrc2_noRT" "non-targeting_noRT"
"22882" "Gm4791" 0 NA NA NA NA 0 0 "Uqcrc2_noRT" "non-targeting_noRT"
"22883" "Gm31698" 0 NA NA NA NA 0 0 "Uqcrc2_noRT" "non-targeting_noRT"
"22884" "Gm31816" 0 NA NA NA NA 0 0 "Uqcrc2_noRT" "non-targeting_noRT"
"22885" "A730065G17Rik" 0 NA NA NA NA 0 0 "Uqcrc2_noRT" "non-targeting_noRT"
"22886" "Gm40518" 0 NA NA NA NA 0 0 "Uqcrc2_noRT" "non-targeting_noRT"
"22887" "Nxpe2" 0 NA NA NA NA 0 0 "Uqcrc2_noRT" "non-targeting_noRT"
"22888" "Zbtb16" 0 NA NA NA NA 0 0 "Uqcrc2_noRT" "non-targeting_noRT"
"22889" "Gm32335" 0 NA NA NA NA 0 0 "Uqcrc2_noRT" "non-targeting_noRT"
"22890" "Htr3a" 0 NA NA NA NA 0 0 "Uqcrc2_noRT" "non-targeting_noRT"
"22891" "Htr3b" 0 NA NA NA NA 0 0 "Uqcrc2_noRT" "non-targeting_noRT"
"22892" "1700042D02Rik" 0 NA NA NA NA 0 0 "Uqcrc2_noRT" "non-targeting_noRT"
"22893" "Gm4894" 0 NA NA NA NA 0 0 "Uqcrc2_noRT" "non-targeting_noRT"
"22894" "Drd2" 0 NA NA NA NA 0 0 "Uqcrc2_noRT" "non-targeting_noRT"
"22895" "Ankk1" 0 NA NA NA NA 0 0 "Uqcrc2_noRT" "non-targeting_noRT"
"22896" "Gm11149" 0 NA NA NA NA 0 0 "Uqcrc2_noRT" "non-targeting_noRT"
"22897" "Gm47543" 0 NA NA NA NA 0 0 "Uqcrc2_noRT" "non-targeting_noRT"
"22898" "2310003N18Rik" 0 NA NA NA NA 0 0 "Uqcrc2_noRT" "non-targeting_noRT"
"22899" "Gm39336" 0 NA NA NA NA 0 0 "Uqcrc2_noRT" "non-targeting_noRT"
"22900" "Plet1os" 0 NA NA NA NA 0 0 "Uqcrc2_noRT" "non-targeting_noRT"
"22901" "Plet1" 0 NA NA NA NA 0 0 "Uqcrc2_noRT" "non-targeting_noRT"
"22902" "Gm47077" 0 NA NA NA NA 0 0 "Uqcrc2_noRT" "non-targeting_noRT"
"22903" "Bco2" 0 NA NA NA NA 0 0 "Uqcrc2_noRT" "non-targeting_noRT"
"22904" "Tex12" 0 NA NA NA NA 0 0 "Uqcrc2_noRT" "non-targeting_noRT"
"22905" "4833427G06Rik" 0 NA NA NA NA 0 0 "Uqcrc2_noRT" "non-targeting_noRT"
"22906" "Gm32742" 0 NA NA NA NA 0 0 "Uqcrc2_noRT" "non-targeting_noRT"
"22907" "Pou2af1" 0 NA NA NA NA 0 0 "Uqcrc2_noRT" "non-targeting_noRT"
"22908" "Gm47828" 0 NA NA NA NA 0 0 "Uqcrc2_noRT" "non-targeting_noRT"
"22909" "Colca2" 0 NA NA NA NA 0 0 "Uqcrc2_noRT" "non-targeting_noRT"
"22910" "2010007H06Rik" 0 NA NA NA NA 0 0 "Uqcrc2_noRT" "non-targeting_noRT"
"22911" "1810046K07Rik" 0 NA NA NA NA 0 0 "Uqcrc2_noRT" "non-targeting_noRT"
"22912" "Gm47854" 0 NA NA NA NA 0 0 "Uqcrc2_noRT" "non-targeting_noRT"
"22913" "Arhgap20" 0 NA NA NA NA 0 0 "Uqcrc2_noRT" "non-targeting_noRT"
"22914" "Arhgap20os" 0 NA NA NA NA 0 0 "Uqcrc2_noRT" "non-targeting_noRT"
"22915" "4933407I05Rik" 0 NA NA NA NA 0 0 "Uqcrc2_noRT" "non-targeting_noRT"
"22916" "Gm47957" 0 NA NA NA NA 0 0 "Uqcrc2_noRT" "non-targeting_noRT"
"22917" "Gm47960" 0 NA NA NA NA 0 0 "Uqcrc2_noRT" "non-targeting_noRT"
"22918" "Gm33125" 0 NA NA NA NA 0 0 "Uqcrc2_noRT" "non-targeting_noRT"
"22919" "AI593442" 0 NA NA NA NA 0 0 "Uqcrc2_noRT" "non-targeting_noRT"
"22920" "Gm1715" 0 NA NA NA NA 0 0 "Uqcrc2_noRT" "non-targeting_noRT"
"22921" "4930510E17Rik" 0 NA NA NA NA 0 0 "Uqcrc2_noRT" "non-targeting_noRT"
"22922" "Exph5" 0 NA NA NA NA 0 0 "Uqcrc2_noRT" "non-targeting_noRT"
"22923" "Rab39" 0 NA NA NA NA 0 0 "Uqcrc2_noRT" "non-targeting_noRT"
"22924" "Slc35f2" 0 NA NA NA NA 0 0 "Uqcrc2_noRT" "non-targeting_noRT"
"22925" "Sln" 0 NA NA NA NA 0 0 "Uqcrc2_noRT" "non-targeting_noRT"
"22926" "Elmod1" 0 NA NA NA NA 0 0 "Uqcrc2_noRT" "non-targeting_noRT"
"22927" "Tnfaip8l3" 0 NA NA NA NA 0 0 "Uqcrc2_noRT" "non-targeting_noRT"
"22928" "Gm48346" 0 NA NA NA NA 0 0 "Uqcrc2_noRT" "non-targeting_noRT"
"22929" "Cyp19a1" 0 NA NA NA NA 0 0 "Uqcrc2_noRT" "non-targeting_noRT"
"22930" "Gldnos" 0 NA NA NA NA 0 0 "Uqcrc2_noRT" "non-targeting_noRT"
"22931" "Gldn" 0 NA NA NA NA 0 0 "Uqcrc2_noRT" "non-targeting_noRT"
"22932" "Sh2d7" 0 NA NA NA NA 0 0 "Uqcrc2_noRT" "non-targeting_noRT"
"22933" "Cib2" 0 NA NA NA NA 0 0 "Uqcrc2_noRT" "non-targeting_noRT"
"22934" "Acsbg1" 0 NA NA NA NA 0 0 "Uqcrc2_noRT" "non-targeting_noRT"
"22935" "Dnaja4" 0 NA NA NA NA 0 0 "Uqcrc2_noRT" "non-targeting_noRT"
"22936" "Crabp1" 0 NA NA NA NA 0 0 "Uqcrc2_noRT" "non-targeting_noRT"
"22937" "Chrna5" 0 NA NA NA NA 0 0 "Uqcrc2_noRT" "non-targeting_noRT"
"22938" "Chrna3" 0 NA NA NA NA 0 0 "Uqcrc2_noRT" "non-targeting_noRT"
"22939" "Chrnb4" 0 NA NA NA NA 0 0 "Uqcrc2_noRT" "non-targeting_noRT"
"22940" "Gm47877" 0 NA NA NA NA 0 0 "Uqcrc2_noRT" "non-targeting_noRT"
"22941" "Gm47887" 0 NA NA NA NA 0 0 "Uqcrc2_noRT" "non-targeting_noRT"
"22942" "Isl2" 0 NA NA NA NA 0 0 "Uqcrc2_noRT" "non-targeting_noRT"
"22943" "Gm17226" 0 NA NA NA NA 0 0 "Uqcrc2_noRT" "non-targeting_noRT"
"22944" "4930563M21Rik" 0 NA NA NA NA 0 0 "Uqcrc2_noRT" "non-targeting_noRT"
"22945" "Gm29322" 0 NA NA NA NA 0 0 "Uqcrc2_noRT" "non-targeting_noRT"
"22946" "Peak1os" 0 NA NA NA NA 0 0 "Uqcrc2_noRT" "non-targeting_noRT"
"22947" "Gm47176" 0 NA NA NA NA 0 0 "Uqcrc2_noRT" "non-targeting_noRT"
"22948" "Gm26868" 0 NA NA NA NA 0 0 "Uqcrc2_noRT" "non-targeting_noRT"
"22949" "Lingo1" 0 NA NA NA NA 0 0 "Uqcrc2_noRT" "non-targeting_noRT"
"22950" "Gm47235" 0 NA NA NA NA 0 0 "Uqcrc2_noRT" "non-targeting_noRT"
"22951" "4930442G15Rik" 0 NA NA NA NA 0 0 "Uqcrc2_noRT" "non-targeting_noRT"
"22952" "Gm10658" 0 NA NA NA NA 0 0 "Uqcrc2_noRT" "non-targeting_noRT"
"22953" "1700041C23Rik" 0 NA NA NA NA 0 0 "Uqcrc2_noRT" "non-targeting_noRT"
"22954" "Trcg1" 0 NA NA NA NA 0 0 "Uqcrc2_noRT" "non-targeting_noRT"
"22955" "Rpp25" 0 NA NA NA NA 0 0 "Uqcrc2_noRT" "non-targeting_noRT"
"22956" "Lman1l" 0 NA NA NA NA 0 0 "Uqcrc2_noRT" "non-targeting_noRT"
"22957" "Cyp1a2" 0 NA NA NA NA 0 0 "Uqcrc2_noRT" "non-targeting_noRT"
"22958" "Cyp1a1" 0 NA NA NA NA 0 0 "Uqcrc2_noRT" "non-targeting_noRT"
"22959" "Gm17231" 0 NA NA NA NA 0 0 "Uqcrc2_noRT" "non-targeting_noRT"
"22960" "Cyp11a1" 0 NA NA NA NA 0 0 "Uqcrc2_noRT" "non-targeting_noRT"
"22961" "Ccdc33" 0 NA NA NA NA 0 0 "Uqcrc2_noRT" "non-targeting_noRT"
"22962" "Gm16130" 0 NA NA NA NA 0 0 "Uqcrc2_noRT" "non-targeting_noRT"
"22963" "Stra6" 0 NA NA NA NA 0 0 "Uqcrc2_noRT" "non-targeting_noRT"
"22964" "Gm16131" 0 NA NA NA NA 0 0 "Uqcrc2_noRT" "non-targeting_noRT"
"22965" "Islr" 0 NA NA NA NA 0 0 "Uqcrc2_noRT" "non-targeting_noRT"
"22966" "Islr2" 0 NA NA NA NA 0 0 "Uqcrc2_noRT" "non-targeting_noRT"
"22967" "Loxl1" 0 NA NA NA NA 0 0 "Uqcrc2_noRT" "non-targeting_noRT"
"22968" "Tbc1d21" 0 NA NA NA NA 0 0 "Uqcrc2_noRT" "non-targeting_noRT"
"22969" "1700072B07Rik" 0 NA NA NA NA 0 0 "Uqcrc2_noRT" "non-targeting_noRT"
"22970" "4930461G14Rik" 0 NA NA NA NA 0 0 "Uqcrc2_noRT" "non-targeting_noRT"
"22971" "Insyn1" 0 NA NA NA NA 0 0 "Uqcrc2_noRT" "non-targeting_noRT"
"22972" "Rec114" 0 NA NA NA NA 0 0 "Uqcrc2_noRT" "non-targeting_noRT"
"22973" "Hcn4" 0 NA NA NA NA 0 0 "Uqcrc2_noRT" "non-targeting_noRT"
"22974" "Gm47271" 0 NA NA NA NA 0 0 "Uqcrc2_noRT" "non-targeting_noRT"
"22975" "Gm33053" 0 NA NA NA NA 0 0 "Uqcrc2_noRT" "non-targeting_noRT"
"22976" "Celf6" 0 NA NA NA NA 0 0 "Uqcrc2_noRT" "non-targeting_noRT"
"22977" "Gm20275" 0 NA NA NA NA 0 0 "Uqcrc2_noRT" "non-targeting_noRT"
"22978" "Nr2e3" 0 NA NA NA NA 0 0 "Uqcrc2_noRT" "non-targeting_noRT"
"22979" "Gm7616" 0 NA NA NA NA 0 0 "Uqcrc2_noRT" "non-targeting_noRT"
"22980" "Gm15507" 0 NA NA NA NA 0 0 "Uqcrc2_noRT" "non-targeting_noRT"
"22981" "Thsd4" 0 NA NA NA NA 0 0 "Uqcrc2_noRT" "non-targeting_noRT"
"22982" "2010001M07Rik" 0 NA NA NA NA 0 0 "Uqcrc2_noRT" "non-targeting_noRT"
"22983" "9230112J17Rik" 0 NA NA NA NA 0 0 "Uqcrc2_noRT" "non-targeting_noRT"
"22984" "Gm49334" 0 NA NA NA NA 0 0 "Uqcrc2_noRT" "non-targeting_noRT"
"22985" "Larp6" 0 NA NA NA NA 0 0 "Uqcrc2_noRT" "non-targeting_noRT"
"22986" "1700036A12Rik" 0 NA NA NA NA 0 0 "Uqcrc2_noRT" "non-targeting_noRT"
"22987" "Gm47923" 0 NA NA NA NA 0 0 "Uqcrc2_noRT" "non-targeting_noRT"
"22988" "Gm5122" 0 NA NA NA NA 0 0 "Uqcrc2_noRT" "non-targeting_noRT"
"22989" "Gm33699" 0 NA NA NA NA 0 0 "Uqcrc2_noRT" "non-targeting_noRT"
"22990" "Gm39348" 0 NA NA NA NA 0 0 "Uqcrc2_noRT" "non-targeting_noRT"
"22991" "Gm34004" 0 NA NA NA NA 0 0 "Uqcrc2_noRT" "non-targeting_noRT"
"22992" "Gm33914" 0 NA NA NA NA 0 0 "Uqcrc2_noRT" "non-targeting_noRT"
"22993" "4933433G08Rik" 0 NA NA NA NA 0 0 "Uqcrc2_noRT" "non-targeting_noRT"
"22994" "I730028E13Rik" 0 NA NA NA NA 0 0 "Uqcrc2_noRT" "non-targeting_noRT"
"22995" "Gm34105" 0 NA NA NA NA 0 0 "Uqcrc2_noRT" "non-targeting_noRT"
"22996" "B930092H01Rik" 0 NA NA NA NA 0 0 "Uqcrc2_noRT" "non-targeting_noRT"
"22997" "Gm34322" 0 NA NA NA NA 0 0 "Uqcrc2_noRT" "non-targeting_noRT"
"22998" "Paqr5" 0 NA NA NA NA 0 0 "Uqcrc2_noRT" "non-targeting_noRT"
"22999" "Gm47262" 0 NA NA NA NA 0 0 "Uqcrc2_noRT" "non-targeting_noRT"
"23000" "A730043L09Rik" 0 NA NA NA NA 0 0 "Uqcrc2_noRT" "non-targeting_noRT"
"23001" "Spesp1" 0 NA NA NA NA 0 0 "Uqcrc2_noRT" "non-targeting_noRT"
"23002" "Gm35288" 0 NA NA NA NA 0 0 "Uqcrc2_noRT" "non-targeting_noRT"
"23003" "Itga11" 0 NA NA NA NA 0 0 "Uqcrc2_noRT" "non-targeting_noRT"
"23004" "Gm48193" 0 NA NA NA NA 0 0 "Uqcrc2_noRT" "non-targeting_noRT"
"23005" "Skor1" 0 NA NA NA NA 0 0 "Uqcrc2_noRT" "non-targeting_noRT"
"23006" "Iqch" 0 NA NA NA NA 0 0 "Uqcrc2_noRT" "non-targeting_noRT"
"23007" "Gm36033" 0 NA NA NA NA 0 0 "Uqcrc2_noRT" "non-targeting_noRT"
"23008" "Smad6" 0 NA NA NA NA 0 0 "Uqcrc2_noRT" "non-targeting_noRT"
"23009" "1700055C04Rik" 0 NA NA NA NA 0 0 "Uqcrc2_noRT" "non-targeting_noRT"
"23010" "Scarletltr" 0 NA NA NA NA 0 0 "Uqcrc2_noRT" "non-targeting_noRT"
"23011" "Megf11" 0 NA NA NA NA 0 0 "Uqcrc2_noRT" "non-targeting_noRT"
"23012" "Gm47350" 0 NA NA NA NA 0 0 "Uqcrc2_noRT" "non-targeting_noRT"
"23013" "Igdcc3" 0 NA NA NA NA 0 0 "Uqcrc2_noRT" "non-targeting_noRT"
"23014" "Cilp" 0 NA NA NA NA 0 0 "Uqcrc2_noRT" "non-targeting_noRT"
"23015" "Gm39363" 0 NA NA NA NA 0 0 "Uqcrc2_noRT" "non-targeting_noRT"
"23016" "Ubap1l" 0 NA NA NA NA 0 0 "Uqcrc2_noRT" "non-targeting_noRT"
"23017" "Kbtbd13" 0 NA NA NA NA 0 0 "Uqcrc2_noRT" "non-targeting_noRT"
"23018" "Slc51b" 0 NA NA NA NA 0 0 "Uqcrc2_noRT" "non-targeting_noRT"
"23019" "Gm47270" 0 NA NA NA NA 0 0 "Uqcrc2_noRT" "non-targeting_noRT"
"23020" "Ankdd1a" 0 NA NA NA NA 0 0 "Uqcrc2_noRT" "non-targeting_noRT"
"23021" "Gm17749" 0 NA NA NA NA 0 0 "Uqcrc2_noRT" "non-targeting_noRT"
"23022" "Dapk2" 0 NA NA NA NA 0 0 "Uqcrc2_noRT" "non-targeting_noRT"
"23023" "Gm15563" 0 NA NA NA NA 0 0 "Uqcrc2_noRT" "non-targeting_noRT"
"23024" "Car12" 0 NA NA NA NA 0 0 "Uqcrc2_noRT" "non-targeting_noRT"
"23025" "BC050972" 0 NA NA NA NA 0 0 "Uqcrc2_noRT" "non-targeting_noRT"
"23026" "Gm17098" 0 NA NA NA NA 0 0 "Uqcrc2_noRT" "non-targeting_noRT"
"23027" "Gm10646" 0 NA NA NA NA 0 0 "Uqcrc2_noRT" "non-targeting_noRT"
"23028" "Gm19299" 0 NA NA NA NA 0 0 "Uqcrc2_noRT" "non-targeting_noRT"
"23029" "Gm47047" 0 NA NA NA NA 0 0 "Uqcrc2_noRT" "non-targeting_noRT"
"23030" "M5C1000I18Rik" 0 NA NA NA NA 0 0 "Uqcrc2_noRT" "non-targeting_noRT"
"23031" "C2cd4b" 0 NA NA NA NA 0 0 "Uqcrc2_noRT" "non-targeting_noRT"
"23032" "C2cd4a" 0 NA NA NA NA 0 0 "Uqcrc2_noRT" "non-targeting_noRT"
"23033" "Gm20745" 0 NA NA NA NA 0 0 "Uqcrc2_noRT" "non-targeting_noRT"
"23034" "Gm28195" 0 NA NA NA NA 0 0 "Uqcrc2_noRT" "non-targeting_noRT"
"23035" "4930502A04Rik" 0 NA NA NA NA 0 0 "Uqcrc2_noRT" "non-targeting_noRT"
"23036" "Gm15511" 0 NA NA NA NA 0 0 "Uqcrc2_noRT" "non-targeting_noRT"
"23037" "Gm16144" 0 NA NA NA NA 0 0 "Uqcrc2_noRT" "non-targeting_noRT"
"23038" "Foxb1" 0 NA NA NA NA 0 0 "Uqcrc2_noRT" "non-targeting_noRT"
"23039" "B230323A14Rik" 0 NA NA NA NA 0 0 "Uqcrc2_noRT" "non-targeting_noRT"
"23040" "Gm28731" 0 NA NA NA NA 0 0 "Uqcrc2_noRT" "non-targeting_noRT"
"23041" "Gcnt3" 0 NA NA NA NA 0 0 "Uqcrc2_noRT" "non-targeting_noRT"
"23042" "2210414F02Rik" 0 NA NA NA NA 0 0 "Uqcrc2_noRT" "non-targeting_noRT"
"23043" "Fam81a" 0 NA NA NA NA 0 0 "Uqcrc2_noRT" "non-targeting_noRT"
"23044" "Gm10642" 0 NA NA NA NA 0 0 "Uqcrc2_noRT" "non-targeting_noRT"
"23045" "Lipc" 0 NA NA NA NA 0 0 "Uqcrc2_noRT" "non-targeting_noRT"
"23046" "Gm32017" 0 NA NA NA NA 0 0 "Uqcrc2_noRT" "non-targeting_noRT"
"23047" "Aqp9" 0 NA NA NA NA 0 0 "Uqcrc2_noRT" "non-targeting_noRT"
"23048" "Gm32511" 0 NA NA NA NA 0 0 "Uqcrc2_noRT" "non-targeting_noRT"
"23049" "Aldh1a2" 0 NA NA NA NA 0 0 "Uqcrc2_noRT" "non-targeting_noRT"
"23050" "Cgnl1" 0 NA NA NA NA 0 0 "Uqcrc2_noRT" "non-targeting_noRT"
"23051" "Gm27159" 0 NA NA NA NA 0 0 "Uqcrc2_noRT" "non-targeting_noRT"
"23052" "Gm27188" 0 NA NA NA NA 0 0 "Uqcrc2_noRT" "non-targeting_noRT"
"23053" "Gm27230" 0 NA NA NA NA 0 0 "Uqcrc2_noRT" "non-targeting_noRT"
"23054" "Gm27255" 0 NA NA NA NA 0 0 "Uqcrc2_noRT" "non-targeting_noRT"
"23055" "Gm27231" 0 NA NA NA NA 0 0 "Uqcrc2_noRT" "non-targeting_noRT"
"23056" "Gm27241" 0 NA NA NA NA 0 0 "Uqcrc2_noRT" "non-targeting_noRT"
"23057" "Gm27232" 0 NA NA NA NA 0 0 "Uqcrc2_noRT" "non-targeting_noRT"
"23058" "Gm27204" 0 NA NA NA NA 0 0 "Uqcrc2_noRT" "non-targeting_noRT"
"23059" "Rab27a" 0 NA NA NA NA 0 0 "Uqcrc2_noRT" "non-targeting_noRT"
"23060" "Khdc3" 0 NA NA NA NA 0 0 "Uqcrc2_noRT" "non-targeting_noRT"
"23061" "Gm27211" 0 NA NA NA NA 0 0 "Uqcrc2_noRT" "non-targeting_noRT"
"23062" "Unc13c" 0 NA NA NA NA 0 0 "Uqcrc2_noRT" "non-targeting_noRT"
"23063" "Wdr72" 0 NA NA NA NA 0 0 "Uqcrc2_noRT" "non-targeting_noRT"
"23064" "Gm28622" 0 NA NA NA NA 0 0 "Uqcrc2_noRT" "non-targeting_noRT"
"23065" "Gm16551" 0 NA NA NA NA 0 0 "Uqcrc2_noRT" "non-targeting_noRT"
"23066" "Gm28182" 0 NA NA NA NA 0 0 "Uqcrc2_noRT" "non-targeting_noRT"
"23067" "Onecut1" 0 NA NA NA NA 0 0 "Uqcrc2_noRT" "non-targeting_noRT"
"23068" "Myo5c" 0 NA NA NA NA 0 0 "Uqcrc2_noRT" "non-targeting_noRT"
"23069" "Gm48677" 0 NA NA NA NA 0 0 "Uqcrc2_noRT" "non-targeting_noRT"
"23070" "Bcl2l10" 0 NA NA NA NA 0 0 "Uqcrc2_noRT" "non-targeting_noRT"
"23071" "Scg3" 0 NA NA NA NA 0 0 "Uqcrc2_noRT" "non-targeting_noRT"
"23072" "Hmgcll1" 0 NA NA NA NA 0 0 "Uqcrc2_noRT" "non-targeting_noRT"
"23073" "Gfral" 0 NA NA NA NA 0 0 "Uqcrc2_noRT" "non-targeting_noRT"
"23074" "Hcrtr2" 0 NA NA NA NA 0 0 "Uqcrc2_noRT" "non-targeting_noRT"
"23075" "Gm27234" 0 NA NA NA NA 0 0 "Uqcrc2_noRT" "non-targeting_noRT"
"23076" "Fam83b" 0 NA NA NA NA 0 0 "Uqcrc2_noRT" "non-targeting_noRT"
"23077" "Gm34158" 0 NA NA NA NA 0 0 "Uqcrc2_noRT" "non-targeting_noRT"
"23078" "Gm47800" 0 NA NA NA NA 0 0 "Uqcrc2_noRT" "non-targeting_noRT"
"23079" "Tinag" 0 NA NA NA NA 0 0 "Uqcrc2_noRT" "non-targeting_noRT"
"23080" "5730403I07Rik" 0 NA NA NA NA 0 0 "Uqcrc2_noRT" "non-targeting_noRT"
"23081" "Klhl31" 0 NA NA NA NA 0 0 "Uqcrc2_noRT" "non-targeting_noRT"
"23082" "Gm47790" 0 NA NA NA NA 0 0 "Uqcrc2_noRT" "non-targeting_noRT"
"23083" "Gm47789" 0 NA NA NA NA 0 0 "Uqcrc2_noRT" "non-targeting_noRT"
"23084" "Gm47795" 0 NA NA NA NA 0 0 "Uqcrc2_noRT" "non-targeting_noRT"
"23085" "Gm34654" 0 NA NA NA NA 0 0 "Uqcrc2_noRT" "non-targeting_noRT"
"23086" "Gm47818" 0 NA NA NA NA 0 0 "Uqcrc2_noRT" "non-targeting_noRT"
"23087" "Gm34829" 0 NA NA NA NA 0 0 "Uqcrc2_noRT" "non-targeting_noRT"
"23088" "Gm39375" 0 NA NA NA NA 0 0 "Uqcrc2_noRT" "non-targeting_noRT"
"23089" "Gcm1" 0 NA NA NA NA 0 0 "Uqcrc2_noRT" "non-targeting_noRT"
"23090" "Gsta1" 0 NA NA NA NA 0 0 "Uqcrc2_noRT" "non-targeting_noRT"
"23091" "Gm3776" 0 NA NA NA NA 0 0 "Uqcrc2_noRT" "non-targeting_noRT"
"23092" "Gm10639" 0 NA NA NA NA 0 0 "Uqcrc2_noRT" "non-targeting_noRT"
"23093" "Omt2a" 0 NA NA NA NA 0 0 "Uqcrc2_noRT" "non-targeting_noRT"
"23094" "Omt2b" 0 NA NA NA NA 0 0 "Uqcrc2_noRT" "non-targeting_noRT"
"23095" "Gsta2" 0 NA NA NA NA 0 0 "Uqcrc2_noRT" "non-targeting_noRT"
"23096" "Dppa5a" 0 NA NA NA NA 0 0 "Uqcrc2_noRT" "non-targeting_noRT"
"23097" "4930542C12Rik" 0 NA NA NA NA 0 0 "Uqcrc2_noRT" "non-targeting_noRT"
"23098" "Ddx43" 0 NA NA NA NA 0 0 "Uqcrc2_noRT" "non-targeting_noRT"
"23099" "Gm47430" 0 NA NA NA NA 0 0 "Uqcrc2_noRT" "non-targeting_noRT"
"23100" "4921509A06Rik" 0 NA NA NA NA 0 0 "Uqcrc2_noRT" "non-targeting_noRT"
"23101" "Gm35024" 0 NA NA NA NA 0 0 "Uqcrc2_noRT" "non-targeting_noRT"
"23102" "Gm47499" 0 NA NA NA NA 0 0 "Uqcrc2_noRT" "non-targeting_noRT"
"23103" "Gm47501" 0 NA NA NA NA 0 0 "Uqcrc2_noRT" "non-targeting_noRT"
"23104" "Gm28620" 0 NA NA NA NA 0 0 "Uqcrc2_noRT" "non-targeting_noRT"
"23105" "Gm39377" 0 NA NA NA NA 0 0 "Uqcrc2_noRT" "non-targeting_noRT"
"23106" "Gm10635" 0 NA NA NA NA 0 0 "Uqcrc2_noRT" "non-targeting_noRT"
"23107" "4930562D21Rik" 0 NA NA NA NA 0 0 "Uqcrc2_noRT" "non-targeting_noRT"
"23108" "4930429F24Rik" 0 NA NA NA NA 0 0 "Uqcrc2_noRT" "non-targeting_noRT"
"23109" "Gm3211" 0 NA NA NA NA 0 0 "Uqcrc2_noRT" "non-targeting_noRT"
"23110" "Gm17477" 0 NA NA NA NA 0 0 "Uqcrc2_noRT" "non-targeting_noRT"
"23111" "Gm27227" 0 NA NA NA NA 0 0 "Uqcrc2_noRT" "non-targeting_noRT"
"23112" "Impg1" 0 NA NA NA NA 0 0 "Uqcrc2_noRT" "non-targeting_noRT"
"23113" "Gm48387" 0 NA NA NA NA 0 0 "Uqcrc2_noRT" "non-targeting_noRT"
"23114" "Gm39380" 0 NA NA NA NA 0 0 "Uqcrc2_noRT" "non-targeting_noRT"
"23115" "Gm27224" 0 NA NA NA NA 0 0 "Uqcrc2_noRT" "non-targeting_noRT"
"23116" "Gm26713" 0 NA NA NA NA 0 0 "Uqcrc2_noRT" "non-targeting_noRT"
"23117" "Gm27226" 0 NA NA NA NA 0 0 "Uqcrc2_noRT" "non-targeting_noRT"
"23118" "Htr1b" 0 NA NA NA NA 0 0 "Uqcrc2_noRT" "non-targeting_noRT"
"23119" "D430036J16Rik" 0 NA NA NA NA 0 0 "Uqcrc2_noRT" "non-targeting_noRT"
"23120" "Gm26907" 0 NA NA NA NA 0 0 "Uqcrc2_noRT" "non-targeting_noRT"
"23121" "Mei4" 0 NA NA NA NA 0 0 "Uqcrc2_noRT" "non-targeting_noRT"
"23122" "1700063H06Rik" 0 NA NA NA NA 0 0 "Uqcrc2_noRT" "non-targeting_noRT"
"23123" "Gm39383" 0 NA NA NA NA 0 0 "Uqcrc2_noRT" "non-targeting_noRT"
"23124" "Gm38398" 0 NA NA NA NA 0 0 "Uqcrc2_noRT" "non-targeting_noRT"
"23125" "Gm29054" 0 NA NA NA NA 0 0 "Uqcrc2_noRT" "non-targeting_noRT"
"23126" "Gm27216" 0 NA NA NA NA 0 0 "Uqcrc2_noRT" "non-targeting_noRT"
"23127" "Gm46123" 0 NA NA NA NA 0 0 "Uqcrc2_noRT" "non-targeting_noRT"
"23128" "Gm2087" 0 NA NA NA NA 0 0 "Uqcrc2_noRT" "non-targeting_noRT"
"23129" "Gm39384" 0 NA NA NA NA 0 0 "Uqcrc2_noRT" "non-targeting_noRT"
"23130" "Gm36120" 0 NA NA NA NA 0 0 "Uqcrc2_noRT" "non-targeting_noRT"
"23131" "Gm2109" 0 NA NA NA NA 0 0 "Uqcrc2_noRT" "non-targeting_noRT"
"23132" "Gm36278" 0 NA NA NA NA 0 0 "Uqcrc2_noRT" "non-targeting_noRT"
"23133" "Gm46124" 0 NA NA NA NA 0 0 "Uqcrc2_noRT" "non-targeting_noRT"
"23134" "Gm39388" 0 NA NA NA NA 0 0 "Uqcrc2_noRT" "non-targeting_noRT"
"23135" "4930554C24Rik" 0 NA NA NA NA 0 0 "Uqcrc2_noRT" "non-targeting_noRT"
"23136" "Gm48820" 0 NA NA NA NA 0 0 "Uqcrc2_noRT" "non-targeting_noRT"
"23137" "Gm28625" 0 NA NA NA NA 0 0 "Uqcrc2_noRT" "non-targeting_noRT"
"23138" "Gm48821" 0 NA NA NA NA 0 0 "Uqcrc2_noRT" "non-targeting_noRT"
"23139" "Gm48830" 0 NA NA NA NA 0 0 "Uqcrc2_noRT" "non-targeting_noRT"
"23140" "Gm48831" 0 NA NA NA NA 0 0 "Uqcrc2_noRT" "non-targeting_noRT"
"23141" "Gm11114" 0 NA NA NA NA 0 0 "Uqcrc2_noRT" "non-targeting_noRT"
"23142" "Gm48833" 0 NA NA NA NA 0 0 "Uqcrc2_noRT" "non-targeting_noRT"
"23143" "Gm48834" 0 NA NA NA NA 0 0 "Uqcrc2_noRT" "non-targeting_noRT"
"23144" "Gm48842" 0 NA NA NA NA 0 0 "Uqcrc2_noRT" "non-targeting_noRT"
"23145" "9330154J02Rik" 0 NA NA NA NA 0 0 "Uqcrc2_noRT" "non-targeting_noRT"
"23146" "Gm47604" 0 NA NA NA NA 0 0 "Uqcrc2_noRT" "non-targeting_noRT"
"23147" "A330041J22Rik" 0 NA NA NA NA 0 0 "Uqcrc2_noRT" "non-targeting_noRT"
"23148" "Prss35" 0 NA NA NA NA 0 0 "Uqcrc2_noRT" "non-targeting_noRT"
"23149" "Snap91" 0 NA NA NA NA 0 0 "Uqcrc2_noRT" "non-targeting_noRT"
"23150" "Gm36539" 0 NA NA NA NA 0 0 "Uqcrc2_noRT" "non-targeting_noRT"
"23151" "Ripply2" 0 NA NA NA NA 0 0 "Uqcrc2_noRT" "non-targeting_noRT"
"23152" "Mrap2" 0 NA NA NA NA 0 0 "Uqcrc2_noRT" "non-targeting_noRT"
"23153" "Tbx18" 0 NA NA NA NA 0 0 "Uqcrc2_noRT" "non-targeting_noRT"
"23154" "Gm28231" 0 NA NA NA NA 0 0 "Uqcrc2_noRT" "non-targeting_noRT"
"23155" "Trim43a" 0 NA NA NA NA 0 0 "Uqcrc2_noRT" "non-targeting_noRT"
"23156" "Gm10634" 0 NA NA NA NA 0 0 "Uqcrc2_noRT" "non-targeting_noRT"
"23157" "Bcl2a1d" 0 NA NA NA NA 0 0 "Uqcrc2_noRT" "non-targeting_noRT"
"23158" "Gm29562" 0 NA NA NA NA 0 0 "Uqcrc2_noRT" "non-targeting_noRT"
"23159" "Trim43c" 0 NA NA NA NA 0 0 "Uqcrc2_noRT" "non-targeting_noRT"
"23160" "9330159M07Rik" 0 NA NA NA NA 0 0 "Uqcrc2_noRT" "non-targeting_noRT"
"23161" "Gm26611" 0 NA NA NA NA 0 0 "Uqcrc2_noRT" "non-targeting_noRT"
"23162" "Gm2396" 0 NA NA NA NA 0 0 "Uqcrc2_noRT" "non-targeting_noRT"
"23163" "Bcl2a1a" 0 NA NA NA NA 0 0 "Uqcrc2_noRT" "non-targeting_noRT"
"23164" "Trim43b" 0 NA NA NA NA 0 0 "Uqcrc2_noRT" "non-targeting_noRT"
"23165" "4930579C12Rik" 0 NA NA NA NA 0 0 "Uqcrc2_noRT" "non-targeting_noRT"
"23166" "Bcl2a1b" 0 NA NA NA NA 0 0 "Uqcrc2_noRT" "non-targeting_noRT"
"23167" "Gm47403" 0 NA NA NA NA 0 0 "Uqcrc2_noRT" "non-targeting_noRT"
"23168" "Minar1" 0 NA NA NA NA 0 0 "Uqcrc2_noRT" "non-targeting_noRT"
"23169" "Gm47409" 0 NA NA NA NA 0 0 "Uqcrc2_noRT" "non-targeting_noRT"
"23170" "Ankrd34c" 0 NA NA NA NA 0 0 "Uqcrc2_noRT" "non-targeting_noRT"
"23171" "1700017I07Rik" 0 NA NA NA NA 0 0 "Uqcrc2_noRT" "non-targeting_noRT"
"23172" "4930524O08Rik" 0 NA NA NA NA 0 0 "Uqcrc2_noRT" "non-targeting_noRT"
"23173" "Gm30849" 0 NA NA NA NA 0 0 "Uqcrc2_noRT" "non-targeting_noRT"
"23174" "Gm28703" 0 NA NA NA NA 0 0 "Uqcrc2_noRT" "non-targeting_noRT"
"23175" "Gm29408" 0 NA NA NA NA 0 0 "Uqcrc2_noRT" "non-targeting_noRT"
"23176" "Gm28652" 0 NA NA NA NA 0 0 "Uqcrc2_noRT" "non-targeting_noRT"
"23177" "Gm29478" 0 NA NA NA NA 0 0 "Uqcrc2_noRT" "non-targeting_noRT"
"23178" "Gm31409" 0 NA NA NA NA 0 0 "Uqcrc2_noRT" "non-targeting_noRT"
"23179" "Plscr5" 0 NA NA NA NA 0 0 "Uqcrc2_noRT" "non-targeting_noRT"
"23180" "Gm29139" 0 NA NA NA NA 0 0 "Uqcrc2_noRT" "non-targeting_noRT"
"23181" "4933400C23Rik" 0 NA NA NA NA 0 0 "Uqcrc2_noRT" "non-targeting_noRT"
"23182" "Gm28054" 0 NA NA NA NA 0 0 "Uqcrc2_noRT" "non-targeting_noRT"
"23183" "1700034K08Rik" 0 NA NA NA NA 0 0 "Uqcrc2_noRT" "non-targeting_noRT"
"23184" "Gm29395" 0 NA NA NA NA 0 0 "Uqcrc2_noRT" "non-targeting_noRT"
"23185" "Gm16262" 0 NA NA NA NA 0 0 "Uqcrc2_noRT" "non-targeting_noRT"
"23186" "Chst2" 0 NA NA NA NA 0 0 "Uqcrc2_noRT" "non-targeting_noRT"
"23187" "Gm32281" 0 NA NA NA NA 0 0 "Uqcrc2_noRT" "non-targeting_noRT"
"23188" "Paqr9" 0 NA NA NA NA 0 0 "Uqcrc2_noRT" "non-targeting_noRT"
"23189" "Gm16126" 0 NA NA NA NA 0 0 "Uqcrc2_noRT" "non-targeting_noRT"
"23190" "Gm16127" 0 NA NA NA NA 0 0 "Uqcrc2_noRT" "non-targeting_noRT"
"23191" "C78334" 0 NA NA NA NA 0 0 "Uqcrc2_noRT" "non-targeting_noRT"
"23192" "Gm28085" 0 NA NA NA NA 0 0 "Uqcrc2_noRT" "non-targeting_noRT"
"23193" "BC043934" 0 NA NA NA NA 0 0 "Uqcrc2_noRT" "non-targeting_noRT"
"23194" "A930006L05Rik" 0 NA NA NA NA 0 0 "Uqcrc2_noRT" "non-targeting_noRT"
"23195" "C430002N11Rik" 0 NA NA NA NA 0 0 "Uqcrc2_noRT" "non-targeting_noRT"
"23196" "Gm16010" 0 NA NA NA NA 0 0 "Uqcrc2_noRT" "non-targeting_noRT"
"23197" "Gm16185" 0 NA NA NA NA 0 0 "Uqcrc2_noRT" "non-targeting_noRT"
"23198" "Trim42" 0 NA NA NA NA 0 0 "Uqcrc2_noRT" "non-targeting_noRT"
"23199" "Gm15891" 0 NA NA NA NA 0 0 "Uqcrc2_noRT" "non-targeting_noRT"
"23200" "Clstn2" 0 NA NA NA NA 0 0 "Uqcrc2_noRT" "non-targeting_noRT"
"23201" "4921534H16Rik" 0 NA NA NA NA 0 0 "Uqcrc2_noRT" "non-targeting_noRT"
"23202" "2610303G11Rik" 0 NA NA NA NA 0 0 "Uqcrc2_noRT" "non-targeting_noRT"
"23203" "Rbp1" 0 NA NA NA NA 0 0 "Uqcrc2_noRT" "non-targeting_noRT"
"23204" "Gm37637" 0 NA NA NA NA 0 0 "Uqcrc2_noRT" "non-targeting_noRT"
"23205" "E330023G01Rik" 0 NA NA NA NA 0 0 "Uqcrc2_noRT" "non-targeting_noRT"
"23206" "Prr23a1" 0 NA NA NA NA 0 0 "Uqcrc2_noRT" "non-targeting_noRT"
"23207" "Prr23a2" 0 NA NA NA NA 0 0 "Uqcrc2_noRT" "non-targeting_noRT"
"23208" "Prr23a3" 0 NA NA NA NA 0 0 "Uqcrc2_noRT" "non-targeting_noRT"
"23209" "7420426K07Rik" 0 NA NA NA NA 0 0 "Uqcrc2_noRT" "non-targeting_noRT"
"23210" "Foxl2os" 0 NA NA NA NA 0 0 "Uqcrc2_noRT" "non-targeting_noRT"
"23211" "Faiml" 0 NA NA NA NA 0 0 "Uqcrc2_noRT" "non-targeting_noRT"
"23212" "4930422M22Rik" 0 NA NA NA NA 0 0 "Uqcrc2_noRT" "non-targeting_noRT"
"23213" "Gm28087" 0 NA NA NA NA 0 0 "Uqcrc2_noRT" "non-targeting_noRT"
"23214" "Nme9" 0 NA NA NA NA 0 0 "Uqcrc2_noRT" "non-targeting_noRT"
"23215" "A4gnt" 0 NA NA NA NA 0 0 "Uqcrc2_noRT" "non-targeting_noRT"
"23216" "Cldn18" 0 NA NA NA NA 0 0 "Uqcrc2_noRT" "non-targeting_noRT"
"23217" "Gm16004" 0 NA NA NA NA 0 0 "Uqcrc2_noRT" "non-targeting_noRT"
"23218" "Gm47757" 0 NA NA NA NA 0 0 "Uqcrc2_noRT" "non-targeting_noRT"
"23219" "Sox14" 0 NA NA NA NA 0 0 "Uqcrc2_noRT" "non-targeting_noRT"
"23220" "4930519F24Rik" 0 NA NA NA NA 0 0 "Uqcrc2_noRT" "non-targeting_noRT"
"23221" "Gm28167" 0 NA NA NA NA 0 0 "Uqcrc2_noRT" "non-targeting_noRT"
"23222" "Gm28166" 0 NA NA NA NA 0 0 "Uqcrc2_noRT" "non-targeting_noRT"
"23223" "Il20rb" 0 NA NA NA NA 0 0 "Uqcrc2_noRT" "non-targeting_noRT"
"23224" "Gm28586" 0 NA NA NA NA 0 0 "Uqcrc2_noRT" "non-targeting_noRT"
"23225" "Slc35g2" 0 NA NA NA NA 0 0 "Uqcrc2_noRT" "non-targeting_noRT"
"23226" "Gm28979" 0 NA NA NA NA 0 0 "Uqcrc2_noRT" "non-targeting_noRT"
"23227" "Gm29521" 0 NA NA NA NA 0 0 "Uqcrc2_noRT" "non-targeting_noRT"
"23228" "9630041A04Rik" 0 NA NA NA NA 0 0 "Uqcrc2_noRT" "non-targeting_noRT"
"23229" "Ephb1" 0 NA NA NA NA 0 0 "Uqcrc2_noRT" "non-targeting_noRT"
"23230" "Gm29388" 0 NA NA NA NA 0 0 "Uqcrc2_noRT" "non-targeting_noRT"
"23231" "Gm29387" 0 NA NA NA NA 0 0 "Uqcrc2_noRT" "non-targeting_noRT"
"23232" "4930533D04Rik" 0 NA NA NA NA 0 0 "Uqcrc2_noRT" "non-targeting_noRT"
"23233" "Gm5627" 0 NA NA NA NA 0 0 "Uqcrc2_noRT" "non-targeting_noRT"
"23234" "Gm47416" 0 NA NA NA NA 0 0 "Uqcrc2_noRT" "non-targeting_noRT"
"23235" "Gm47468" 0 NA NA NA NA 0 0 "Uqcrc2_noRT" "non-targeting_noRT"
"23236" "Gm47328" 0 NA NA NA NA 0 0 "Uqcrc2_noRT" "non-targeting_noRT"
"23237" "5830418P13Rik" 0 NA NA NA NA 0 0 "Uqcrc2_noRT" "non-targeting_noRT"
"23238" "Bfsp2" 0 NA NA NA NA 0 0 "Uqcrc2_noRT" "non-targeting_noRT"
"23239" "Gm16252" 0 NA NA NA NA 0 0 "Uqcrc2_noRT" "non-targeting_noRT"
"23240" "Gm32743" 0 NA NA NA NA 0 0 "Uqcrc2_noRT" "non-targeting_noRT"
"23241" "4932413F04Rik" 0 NA NA NA NA 0 0 "Uqcrc2_noRT" "non-targeting_noRT"
"23242" "Gm29154" 0 NA NA NA NA 0 0 "Uqcrc2_noRT" "non-targeting_noRT"
"23243" "Ackr4" 0 NA NA NA NA 0 0 "Uqcrc2_noRT" "non-targeting_noRT"
"23244" "Gm28548" 0 NA NA NA NA 0 0 "Uqcrc2_noRT" "non-targeting_noRT"
"23245" "Cpne4" 0 NA NA NA NA 0 0 "Uqcrc2_noRT" "non-targeting_noRT"
"23246" "Gm47106" 0 NA NA NA NA 0 0 "Uqcrc2_noRT" "non-targeting_noRT"
"23247" "Nudt16l2" 0 NA NA NA NA 0 0 "Uqcrc2_noRT" "non-targeting_noRT"
"23248" "Nek11" 0 NA NA NA NA 0 0 "Uqcrc2_noRT" "non-targeting_noRT"
"23249" "Gm20643" 0 NA NA NA NA 0 0 "Uqcrc2_noRT" "non-targeting_noRT"
"23250" "Gm15619" 0 NA NA NA NA 0 0 "Uqcrc2_noRT" "non-targeting_noRT"
"23251" "Gm19667" 0 NA NA NA NA 0 0 "Uqcrc2_noRT" "non-targeting_noRT"
"23252" "Col6a6" 0 NA NA NA NA 0 0 "Uqcrc2_noRT" "non-targeting_noRT"
"23253" "Col6a5" 0 NA NA NA NA 0 0 "Uqcrc2_noRT" "non-targeting_noRT"
"23254" "Col6a4" 0 NA NA NA NA 0 0 "Uqcrc2_noRT" "non-targeting_noRT"
"23255" "Gm47575" 0 NA NA NA NA 0 0 "Uqcrc2_noRT" "non-targeting_noRT"
"23256" "Gm29208" 0 NA NA NA NA 0 0 "Uqcrc2_noRT" "non-targeting_noRT"
"23257" "D030055H07Rik" 0 NA NA NA NA 0 0 "Uqcrc2_noRT" "non-targeting_noRT"
"23258" "Tlr9" 0 NA NA NA NA 0 0 "Uqcrc2_noRT" "non-targeting_noRT"
"23259" "Gm29123" 0 NA NA NA NA 0 0 "Uqcrc2_noRT" "non-targeting_noRT"
"23260" "Gpr62" 0 NA NA NA NA 0 0 "Uqcrc2_noRT" "non-targeting_noRT"
"23261" "Iqcf1" 0 NA NA NA NA 0 0 "Uqcrc2_noRT" "non-targeting_noRT"
"23262" "Iqcf3" 0 NA NA NA NA 0 0 "Uqcrc2_noRT" "non-targeting_noRT"
"23263" "Iqcf5" 0 NA NA NA NA 0 0 "Uqcrc2_noRT" "non-targeting_noRT"
"23264" "Iqcf4" 0 NA NA NA NA 0 0 "Uqcrc2_noRT" "non-targeting_noRT"
"23265" "Iqcf6" 0 NA NA NA NA 0 0 "Uqcrc2_noRT" "non-targeting_noRT"
"23266" "Gm28111" 0 NA NA NA NA 0 0 "Uqcrc2_noRT" "non-targeting_noRT"
"23267" "Grm2" 0 NA NA NA NA 0 0 "Uqcrc2_noRT" "non-targeting_noRT"
"23268" "1700039M15Rik" 0 NA NA NA NA 0 0 "Uqcrc2_noRT" "non-targeting_noRT"
"23269" "Gm17041" 0 NA NA NA NA 0 0 "Uqcrc2_noRT" "non-targeting_noRT"
"23270" "6430571L13Rik" 0 NA NA NA NA 0 0 "Uqcrc2_noRT" "non-targeting_noRT"
"23271" "4930429P21Rik" 0 NA NA NA NA 0 0 "Uqcrc2_noRT" "non-targeting_noRT"
"23272" "Cacna2d2" 0 NA NA NA NA 0 0 "Uqcrc2_noRT" "non-targeting_noRT"
"23273" "Gm17141" 0 NA NA NA NA 0 0 "Uqcrc2_noRT" "non-targeting_noRT"
"23274" "Gm17118" 0 NA NA NA NA 0 0 "Uqcrc2_noRT" "non-targeting_noRT"
"23275" "Zmynd10" 0 NA NA NA NA 0 0 "Uqcrc2_noRT" "non-targeting_noRT"
"23276" "Gm34106" 0 NA NA NA NA 0 0 "Uqcrc2_noRT" "non-targeting_noRT"
"23277" "Gm9917" 0 NA NA NA NA 0 0 "Uqcrc2_noRT" "non-targeting_noRT"
"23278" "Gm16343" 0 NA NA NA NA 0 0 "Uqcrc2_noRT" "non-targeting_noRT"
"23279" "Lsmem2" 0 NA NA NA NA 0 0 "Uqcrc2_noRT" "non-targeting_noRT"
"23280" "Gm38150" 0 NA NA NA NA 0 0 "Uqcrc2_noRT" "non-targeting_noRT"
"23281" "Gnat1" 0 NA NA NA NA 0 0 "Uqcrc2_noRT" "non-targeting_noRT"
"23282" "Sema3f" 0 NA NA NA NA 0 0 "Uqcrc2_noRT" "non-targeting_noRT"
"23283" "Gm37850" 0 NA NA NA NA 0 0 "Uqcrc2_noRT" "non-targeting_noRT"
"23284" "Mst1r" 0 NA NA NA NA 0 0 "Uqcrc2_noRT" "non-targeting_noRT"
"23285" "Actl11" 0 NA NA NA NA 0 0 "Uqcrc2_noRT" "non-targeting_noRT"
"23286" "Gm37974" 0 NA NA NA NA 0 0 "Uqcrc2_noRT" "non-targeting_noRT"
"23287" "4930535L15Rik" 0 NA NA NA NA 0 0 "Uqcrc2_noRT" "non-targeting_noRT"
"23288" "Gm38134" 0 NA NA NA NA 0 0 "Uqcrc2_noRT" "non-targeting_noRT"
"23289" "Gm20529" 0 NA NA NA NA 0 0 "Uqcrc2_noRT" "non-targeting_noRT"
"23290" "Bsn" 0 NA NA NA NA 0 0 "Uqcrc2_noRT" "non-targeting_noRT"
"23291" "4930447F24Rik" 0 NA NA NA NA 0 0 "Uqcrc2_noRT" "non-targeting_noRT"
"23292" "Gm37963" 0 NA NA NA NA 0 0 "Uqcrc2_noRT" "non-targeting_noRT"
"23293" "Ccdc36" 0 NA NA NA NA 0 0 "Uqcrc2_noRT" "non-targeting_noRT"
"23294" "BC048562" 0 NA NA NA NA 0 0 "Uqcrc2_noRT" "non-targeting_noRT"
"23295" "Klhdc8b" 0 NA NA NA NA 0 0 "Uqcrc2_noRT" "non-targeting_noRT"
"23296" "Gm38163" 0 NA NA NA NA 0 0 "Uqcrc2_noRT" "non-targeting_noRT"
"23297" "Gm35025" 0 NA NA NA NA 0 0 "Uqcrc2_noRT" "non-targeting_noRT"
"23298" "Tmem89" 0 NA NA NA NA 0 0 "Uqcrc2_noRT" "non-targeting_noRT"
"23299" "Ucn2" 0 NA NA NA NA 0 0 "Uqcrc2_noRT" "non-targeting_noRT"
"23300" "Gm38004" 0 NA NA NA NA 0 0 "Uqcrc2_noRT" "non-targeting_noRT"
"23301" "Pfkfb4" 0 NA NA NA NA 0 0 "Uqcrc2_noRT" "non-targeting_noRT"
"23302" "Trex1" 0 NA NA NA NA 0 0 "Uqcrc2_noRT" "non-targeting_noRT"
"23303" "Gm7628" 0 NA NA NA NA 0 0 "Uqcrc2_noRT" "non-targeting_noRT"
"23304" "Fbxw21" 0 NA NA NA NA 0 0 "Uqcrc2_noRT" "non-targeting_noRT"
"23305" "Fbxw13" 0 NA NA NA NA 0 0 "Uqcrc2_noRT" "non-targeting_noRT"
"23306" "Fbxw20" 0 NA NA NA NA 0 0 "Uqcrc2_noRT" "non-targeting_noRT"
"23307" "Fbxw14" 0 NA NA NA NA 0 0 "Uqcrc2_noRT" "non-targeting_noRT"
"23308" "Fbxw28" 0 NA NA NA NA 0 0 "Uqcrc2_noRT" "non-targeting_noRT"
"23309" "Fbxw22" 0 NA NA NA NA 0 0 "Uqcrc2_noRT" "non-targeting_noRT"
"23310" "Fbxw16" 0 NA NA NA NA 0 0 "Uqcrc2_noRT" "non-targeting_noRT"
"23311" "Gm42493" 0 NA NA NA NA 0 0 "Uqcrc2_noRT" "non-targeting_noRT"
"23312" "Fbxw19" 0 NA NA NA NA 0 0 "Uqcrc2_noRT" "non-targeting_noRT"
"23313" "Gm42756" 0 NA NA NA NA 0 0 "Uqcrc2_noRT" "non-targeting_noRT"
"23314" "Fbxw15" 0 NA NA NA NA 0 0 "Uqcrc2_noRT" "non-targeting_noRT"
"23315" "Fbxw24" 0 NA NA NA NA 0 0 "Uqcrc2_noRT" "non-targeting_noRT"
"23316" "Fbxw25" 0 NA NA NA NA 0 0 "Uqcrc2_noRT" "non-targeting_noRT"
"23317" "Fbxw18" 0 NA NA NA NA 0 0 "Uqcrc2_noRT" "non-targeting_noRT"
"23318" "Fbxw26" 0 NA NA NA NA 0 0 "Uqcrc2_noRT" "non-targeting_noRT"
"23319" "Fbxw27" 0 NA NA NA NA 0 0 "Uqcrc2_noRT" "non-targeting_noRT"
"23320" "Spink8" 0 NA NA NA NA 0 0 "Uqcrc2_noRT" "non-targeting_noRT"
"23321" "Camp" 0 NA NA NA NA 0 0 "Uqcrc2_noRT" "non-targeting_noRT"
"23322" "Gm42775" 0 NA NA NA NA 0 0 "Uqcrc2_noRT" "non-targeting_noRT"
"23323" "Ngp" 0 NA NA NA NA 0 0 "Uqcrc2_noRT" "non-targeting_noRT"
"23324" "Kif9" 0 NA NA NA NA 0 0 "Uqcrc2_noRT" "non-targeting_noRT"
"23325" "Gm42470" 0 NA NA NA NA 0 0 "Uqcrc2_noRT" "non-targeting_noRT"
"23326" "Gm35715" 0 NA NA NA NA 0 0 "Uqcrc2_noRT" "non-targeting_noRT"
"23327" "Pth1r" 0 NA NA NA NA 0 0 "Uqcrc2_noRT" "non-targeting_noRT"
"23328" "Myl3" 0 NA NA NA NA 0 0 "Uqcrc2_noRT" "non-targeting_noRT"
"23329" "Prss42" 0 NA NA NA NA 0 0 "Uqcrc2_noRT" "non-targeting_noRT"
"23330" "Prss44" 0 NA NA NA NA 0 0 "Uqcrc2_noRT" "non-targeting_noRT"
"23331" "Prss43" 0 NA NA NA NA 0 0 "Uqcrc2_noRT" "non-targeting_noRT"
"23332" "Prss45" 0 NA NA NA NA 0 0 "Uqcrc2_noRT" "non-targeting_noRT"
"23333" "Prss46" 0 NA NA NA NA 0 0 "Uqcrc2_noRT" "non-targeting_noRT"
"23334" "Prss50" 0 NA NA NA NA 0 0 "Uqcrc2_noRT" "non-targeting_noRT"
"23335" "Fam240a" 0 NA NA NA NA 0 0 "Uqcrc2_noRT" "non-targeting_noRT"
"23336" "Tdgf1" 0 NA NA NA NA 0 0 "Uqcrc2_noRT" "non-targeting_noRT"
"23337" "Rtp3" 0 NA NA NA NA 0 0 "Uqcrc2_noRT" "non-targeting_noRT"
"23338" "1700061E17Rik" 0 NA NA NA NA 0 0 "Uqcrc2_noRT" "non-targeting_noRT"
"23339" "Gm10030" 0 NA NA NA NA 0 0 "Uqcrc2_noRT" "non-targeting_noRT"
"23340" "Ltf" 0 NA NA NA NA 0 0 "Uqcrc2_noRT" "non-targeting_noRT"
"23341" "Trank1" 0 NA NA NA NA 0 0 "Uqcrc2_noRT" "non-targeting_noRT"
"23342" "Dclk3" 0 NA NA NA NA 0 0 "Uqcrc2_noRT" "non-targeting_noRT"
"23343" "Gm42523" 0 NA NA NA NA 0 0 "Uqcrc2_noRT" "non-targeting_noRT"
"23344" "Gm43236" 0 NA NA NA NA 0 0 "Uqcrc2_noRT" "non-targeting_noRT"
"23345" "Stac" 0 NA NA NA NA 0 0 "Uqcrc2_noRT" "non-targeting_noRT"
"23346" "4930545L08Rik" 0 NA NA NA NA 0 0 "Uqcrc2_noRT" "non-targeting_noRT"
"23347" "Arpp21" 0 NA NA NA NA 0 0 "Uqcrc2_noRT" "non-targeting_noRT"
"23348" "2310075C17Rik" 0 NA NA NA NA 0 0 "Uqcrc2_noRT" "non-targeting_noRT"
"23349" "2900079G21Rik" 0 NA NA NA NA 0 0 "Uqcrc2_noRT" "non-targeting_noRT"
"23350" "4933411E02Rik" 0 NA NA NA NA 0 0 "Uqcrc2_noRT" "non-targeting_noRT"
"23351" "Gm36251" 0 NA NA NA NA 0 0 "Uqcrc2_noRT" "non-targeting_noRT"
"23352" "Gm4657" 0 NA NA NA NA 0 0 "Uqcrc2_noRT" "non-targeting_noRT"
"23353" "Gm36367" 0 NA NA NA NA 0 0 "Uqcrc2_noRT" "non-targeting_noRT"
"23354" "Gm39436" 0 NA NA NA NA 0 0 "Uqcrc2_noRT" "non-targeting_noRT"
"23355" "Gm36485" 0 NA NA NA NA 0 0 "Uqcrc2_noRT" "non-targeting_noRT"
"23356" "Gm47875" 0 NA NA NA NA 0 0 "Uqcrc2_noRT" "non-targeting_noRT"
"23357" "AU023762" 0 NA NA NA NA 0 0 "Uqcrc2_noRT" "non-targeting_noRT"
"23358" "Gm36745" 0 NA NA NA NA 0 0 "Uqcrc2_noRT" "non-targeting_noRT"
"23359" "Fbxl2" 0 NA NA NA NA 0 0 "Uqcrc2_noRT" "non-targeting_noRT"
"23360" "Gm47950" 0 NA NA NA NA 0 0 "Uqcrc2_noRT" "non-targeting_noRT"
"23361" "Susd5" 0 NA NA NA NA 0 0 "Uqcrc2_noRT" "non-targeting_noRT"
"23362" "Gm29825" 0 NA NA NA NA 0 0 "Uqcrc2_noRT" "non-targeting_noRT"
"23363" "4921528I07Rik" 0 NA NA NA NA 0 0 "Uqcrc2_noRT" "non-targeting_noRT"
"23364" "Bcl2a1c" 0 NA NA NA NA 0 0 "Uqcrc2_noRT" "non-targeting_noRT"
"23365" "Ccr4" 0 NA NA NA NA 0 0 "Uqcrc2_noRT" "non-targeting_noRT"
"23366" "C130032M10Rik" 0 NA NA NA NA 0 0 "Uqcrc2_noRT" "non-targeting_noRT"
"23367" "Osbpl10" 0 NA NA NA NA 0 0 "Uqcrc2_noRT" "non-targeting_noRT"
"23368" "Gm4665" 0 NA NA NA NA 0 0 "Uqcrc2_noRT" "non-targeting_noRT"
"23369" "Gm26962" 0 NA NA NA NA 0 0 "Uqcrc2_noRT" "non-targeting_noRT"
"23370" "Gm27002" 0 NA NA NA NA 0 0 "Uqcrc2_noRT" "non-targeting_noRT"
"23371" "D330037F02Rik" 0 NA NA NA NA 0 0 "Uqcrc2_noRT" "non-targeting_noRT"
"23372" "Gm48007" 0 NA NA NA NA 0 0 "Uqcrc2_noRT" "non-targeting_noRT"
"23373" "Gm16142" 0 NA NA NA NA 0 0 "Uqcrc2_noRT" "non-targeting_noRT"
"23374" "Gm4668" 0 NA NA NA NA 0 0 "Uqcrc2_noRT" "non-targeting_noRT"
"23375" "Gm48038" 0 NA NA NA NA 0 0 "Uqcrc2_noRT" "non-targeting_noRT"
"23376" "Gm31410" 0 NA NA NA NA 0 0 "Uqcrc2_noRT" "non-targeting_noRT"
"23377" "D730003K21Rik" 0 NA NA NA NA 0 0 "Uqcrc2_noRT" "non-targeting_noRT"
"23378" "Gm17396" 0 NA NA NA NA 0 0 "Uqcrc2_noRT" "non-targeting_noRT"
"23379" "Gm26614" 0 NA NA NA NA 0 0 "Uqcrc2_noRT" "non-targeting_noRT"
"23380" "Zcwpw2" 0 NA NA NA NA 0 0 "Uqcrc2_noRT" "non-targeting_noRT"
"23381" "Platr11" 0 NA NA NA NA 0 0 "Uqcrc2_noRT" "non-targeting_noRT"
"23382" "4933432G23Rik" 0 NA NA NA NA 0 0 "Uqcrc2_noRT" "non-targeting_noRT"
"23383" "Eomes" 0 NA NA NA NA 0 0 "Uqcrc2_noRT" "non-targeting_noRT"
"23384" "Gm33460" 0 NA NA NA NA 0 0 "Uqcrc2_noRT" "non-targeting_noRT"
"23385" "Gm45897" 0 NA NA NA NA 0 0 "Uqcrc2_noRT" "non-targeting_noRT"
"23386" "Gm16295" 0 NA NA NA NA 0 0 "Uqcrc2_noRT" "non-targeting_noRT"
"23387" "Acaa1b" 0 NA NA NA NA 0 0 "Uqcrc2_noRT" "non-targeting_noRT"
"23388" "Gm47289" 0 NA NA NA NA 0 0 "Uqcrc2_noRT" "non-targeting_noRT"
"23389" "Slc22a14" 0 NA NA NA NA 0 0 "Uqcrc2_noRT" "non-targeting_noRT"
"23390" "Slc22a13" 0 NA NA NA NA 0 0 "Uqcrc2_noRT" "non-targeting_noRT"
"23391" "Gm47320" 0 NA NA NA NA 0 0 "Uqcrc2_noRT" "non-targeting_noRT"
"23392" "4930516B21Rik" 0 NA NA NA NA 0 0 "Uqcrc2_noRT" "non-targeting_noRT"
"23393" "Scn5a" 0 NA NA NA NA 0 0 "Uqcrc2_noRT" "non-targeting_noRT"
"23394" "Scn10a" 0 NA NA NA NA 0 0 "Uqcrc2_noRT" "non-targeting_noRT"
"23395" "Scn11a" 0 NA NA NA NA 0 0 "Uqcrc2_noRT" "non-targeting_noRT"
"23396" "Gm2449" 0 NA NA NA NA 0 0 "Uqcrc2_noRT" "non-targeting_noRT"
"23397" "Cx3cr1" 0 NA NA NA NA 0 0 "Uqcrc2_noRT" "non-targeting_noRT"
"23398" "Gm47043" 0 NA NA NA NA 0 0 "Uqcrc2_noRT" "non-targeting_noRT"
"23399" "Gm49427" 0 NA NA NA NA 0 0 "Uqcrc2_noRT" "non-targeting_noRT"
"23400" "Xirp1" 0 NA NA NA NA 0 0 "Uqcrc2_noRT" "non-targeting_noRT"
"23401" "Gm33858" 0 NA NA NA NA 0 0 "Uqcrc2_noRT" "non-targeting_noRT"
"23402" "Ccr8" 0 NA NA NA NA 0 0 "Uqcrc2_noRT" "non-targeting_noRT"
"23403" "Gm5922" 0 NA NA NA NA 0 0 "Uqcrc2_noRT" "non-targeting_noRT"
"23404" "Mobp" 0 NA NA NA NA 0 0 "Uqcrc2_noRT" "non-targeting_noRT"
"23405" "Gm38642" 0 NA NA NA NA 0 0 "Uqcrc2_noRT" "non-targeting_noRT"
"23406" "Gm47059" 0 NA NA NA NA 0 0 "Uqcrc2_noRT" "non-targeting_noRT"
"23407" "Myrip" 0 NA NA NA NA 0 0 "Uqcrc2_noRT" "non-targeting_noRT"
"23408" "D830035M03Rik" 0 NA NA NA NA 0 0 "Uqcrc2_noRT" "non-targeting_noRT"
"23409" "Gm39456" 0 NA NA NA NA 0 0 "Uqcrc2_noRT" "non-targeting_noRT"
"23410" "Gm39458" 0 NA NA NA NA 0 0 "Uqcrc2_noRT" "non-targeting_noRT"
"23411" "Gm47064" 0 NA NA NA NA 0 0 "Uqcrc2_noRT" "non-targeting_noRT"
"23412" "Gm47066" 0 NA NA NA NA 0 0 "Uqcrc2_noRT" "non-targeting_noRT"
"23413" "Gm39459" 0 NA NA NA NA 0 0 "Uqcrc2_noRT" "non-targeting_noRT"
"23414" "Gm47068" 0 NA NA NA NA 0 0 "Uqcrc2_noRT" "non-targeting_noRT"
"23415" "Gm47069" 0 NA NA NA NA 0 0 "Uqcrc2_noRT" "non-targeting_noRT"
"23416" "Gm19385" 0 NA NA NA NA 0 0 "Uqcrc2_noRT" "non-targeting_noRT"
"23417" "Gm34425" 0 NA NA NA NA 0 0 "Uqcrc2_noRT" "non-targeting_noRT"
"23418" "Gm47070" 0 NA NA NA NA 0 0 "Uqcrc2_noRT" "non-targeting_noRT"
"23419" "Gm39460" 0 NA NA NA NA 0 0 "Uqcrc2_noRT" "non-targeting_noRT"
"23420" "1700020M21Rik" 0 NA NA NA NA 0 0 "Uqcrc2_noRT" "non-targeting_noRT"
"23421" "4930593C16Rik" 0 NA NA NA NA 0 0 "Uqcrc2_noRT" "non-targeting_noRT"
"23422" "Cck" 0 NA NA NA NA 0 0 "Uqcrc2_noRT" "non-targeting_noRT"
"23423" "Gm47095" 0 NA NA NA NA 0 0 "Uqcrc2_noRT" "non-targeting_noRT"
"23424" "Gm38661" 0 NA NA NA NA 0 0 "Uqcrc2_noRT" "non-targeting_noRT"
"23425" "Lyzl4" 0 NA NA NA NA 0 0 "Uqcrc2_noRT" "non-targeting_noRT"
"23426" "Lyzl4os" 0 NA NA NA NA 0 0 "Uqcrc2_noRT" "non-targeting_noRT"
"23427" "Vipr1" 0 NA NA NA NA 0 0 "Uqcrc2_noRT" "non-targeting_noRT"
"23428" "Hhatl" 0 NA NA NA NA 0 0 "Uqcrc2_noRT" "non-targeting_noRT"
"23429" "Gm17163" 0 NA NA NA NA 0 0 "Uqcrc2_noRT" "non-targeting_noRT"
"23430" "Gm47112" 0 NA NA NA NA 0 0 "Uqcrc2_noRT" "non-targeting_noRT"
"23431" "Gm47113" 0 NA NA NA NA 0 0 "Uqcrc2_noRT" "non-targeting_noRT"
"23432" "Ackr2" 0 NA NA NA NA 0 0 "Uqcrc2_noRT" "non-targeting_noRT"
"23433" "Cyp8b1" 0 NA NA NA NA 0 0 "Uqcrc2_noRT" "non-targeting_noRT"
"23434" "Gask1a" 0 NA NA NA NA 0 0 "Uqcrc2_noRT" "non-targeting_noRT"
"23435" "Gm39463" 0 NA NA NA NA 0 0 "Uqcrc2_noRT" "non-targeting_noRT"
"23436" "Gm47117" 0 NA NA NA NA 0 0 "Uqcrc2_noRT" "non-targeting_noRT"
"23437" "Gm39465" 0 NA NA NA NA 0 0 "Uqcrc2_noRT" "non-targeting_noRT"
"23438" "Gm39464" 0 NA NA NA NA 0 0 "Uqcrc2_noRT" "non-targeting_noRT"
"23439" "Gm47121" 0 NA NA NA NA 0 0 "Uqcrc2_noRT" "non-targeting_noRT"
"23440" "Gm47126" 0 NA NA NA NA 0 0 "Uqcrc2_noRT" "non-targeting_noRT"
"23441" "A730085K08Rik" 0 NA NA NA NA 0 0 "Uqcrc2_noRT" "non-targeting_noRT"
"23442" "Gm47128" 0 NA NA NA NA 0 0 "Uqcrc2_noRT" "non-targeting_noRT"
"23443" "Gm35454" 0 NA NA NA NA 0 0 "Uqcrc2_noRT" "non-targeting_noRT"
"23444" "Gm47131" 0 NA NA NA NA 0 0 "Uqcrc2_noRT" "non-targeting_noRT"
"23445" "Gm47133" 0 NA NA NA NA 0 0 "Uqcrc2_noRT" "non-targeting_noRT"
"23446" "Gm47134" 0 NA NA NA NA 0 0 "Uqcrc2_noRT" "non-targeting_noRT"
"23447" "Gm35501" 0 NA NA NA NA 0 0 "Uqcrc2_noRT" "non-targeting_noRT"
"23448" "Gm47136" 0 NA NA NA NA 0 0 "Uqcrc2_noRT" "non-targeting_noRT"
"23449" "Topaz1" 0 NA NA NA NA 0 0 "Uqcrc2_noRT" "non-targeting_noRT"
"23450" "Gm35549" 0 NA NA NA NA 0 0 "Uqcrc2_noRT" "non-targeting_noRT"
"23451" "Tgm4" 0 NA NA NA NA 0 0 "Uqcrc2_noRT" "non-targeting_noRT"
"23452" "Cdcp1" 0 NA NA NA NA 0 0 "Uqcrc2_noRT" "non-targeting_noRT"
"23453" "Gm47162" 0 NA NA NA NA 0 0 "Uqcrc2_noRT" "non-targeting_noRT"
"23454" "Slc6a20a" 0 NA NA NA NA 0 0 "Uqcrc2_noRT" "non-targeting_noRT"
"23455" "Gm17120" 0 NA NA NA NA 0 0 "Uqcrc2_noRT" "non-targeting_noRT"
"23456" "Gm17200" 0 NA NA NA NA 0 0 "Uqcrc2_noRT" "non-targeting_noRT"
"23457" "Gm17021" 0 NA NA NA NA 0 0 "Uqcrc2_noRT" "non-targeting_noRT"
"23458" "Ccr1" 0 NA NA NA NA 0 0 "Uqcrc2_noRT" "non-targeting_noRT"
"23459" "Ccr1l1" 0 NA NA NA NA 0 0 "Uqcrc2_noRT" "non-targeting_noRT"
"23460" "Ccr3" 0 NA NA NA NA 0 0 "Uqcrc2_noRT" "non-targeting_noRT"
"23461" "Ccr5" 0 NA NA NA NA 0 0 "Uqcrc2_noRT" "non-targeting_noRT"
"23462" "Gm47181" 0 NA NA NA NA 0 0 "Uqcrc2_noRT" "non-targeting_noRT"
"23463" "Gm21836" 0 NA NA NA NA 0 0 "Uqcrc2_noRT" "non-targeting_noRT"
"23464" "9230019H11Rik" 0 NA NA NA NA 0 0 "Uqcrc2_noRT" "non-targeting_noRT"
"23465" "B020014A21Rik" 0 NA NA NA NA 0 0 "Uqcrc2_noRT" "non-targeting_noRT"
"23466" "Iyd" 0 NA NA NA NA 0 0 "Uqcrc2_noRT" "non-targeting_noRT"
"23467" "Plekhg1" 0 NA NA NA NA 0 0 "Uqcrc2_noRT" "non-targeting_noRT"
"23468" "Gm30570" 0 NA NA NA NA 0 0 "Uqcrc2_noRT" "non-targeting_noRT"
"23469" "Gm16153" 0 NA NA NA NA 0 0 "Uqcrc2_noRT" "non-targeting_noRT"
"23470" "Myct1" 0 NA NA NA NA 0 0 "Uqcrc2_noRT" "non-targeting_noRT"
"23471" "Vip" 0 NA NA NA NA 0 0 "Uqcrc2_noRT" "non-targeting_noRT"
"23472" "Gm10945" 0 NA NA NA NA 0 0 "Uqcrc2_noRT" "non-targeting_noRT"
"23473" "Oprm1" 0 NA NA NA NA 0 0 "Uqcrc2_noRT" "non-targeting_noRT"
"23474" "Gm20470" 0 NA NA NA NA 0 0 "Uqcrc2_noRT" "non-targeting_noRT"
"23475" "B430219N15Rik" 0 NA NA NA NA 0 0 "Uqcrc2_noRT" "non-targeting_noRT"
"23476" "Zc3h12d" 0 NA NA NA NA 0 0 "Uqcrc2_noRT" "non-targeting_noRT"
"23477" "Gm48614" 0 NA NA NA NA 0 0 "Uqcrc2_noRT" "non-targeting_noRT"
"23478" "Gm30906" 0 NA NA NA NA 0 0 "Uqcrc2_noRT" "non-targeting_noRT"
"23479" "Gm48654" 0 NA NA NA NA 0 0 "Uqcrc2_noRT" "non-targeting_noRT"
"23480" "Gm26674" 0 NA NA NA NA 0 0 "Uqcrc2_noRT" "non-targeting_noRT"
"23481" "Gm48727" 0 NA NA NA NA 0 0 "Uqcrc2_noRT" "non-targeting_noRT"
"23482" "Gm48728" 0 NA NA NA NA 0 0 "Uqcrc2_noRT" "non-targeting_noRT"
"23483" "Gm48748" 0 NA NA NA NA 0 0 "Uqcrc2_noRT" "non-targeting_noRT"
"23484" "Gm48749" 0 NA NA NA NA 0 0 "Uqcrc2_noRT" "non-targeting_noRT"
"23485" "Gm48757" 0 NA NA NA NA 0 0 "Uqcrc2_noRT" "non-targeting_noRT"
"23486" "Gm48759" 0 NA NA NA NA 0 0 "Uqcrc2_noRT" "non-targeting_noRT"
"23487" "Gm46210" 0 NA NA NA NA 0 0 "Uqcrc2_noRT" "non-targeting_noRT"
"23488" "Gm28905" 0 NA NA NA NA 0 0 "Uqcrc2_noRT" "non-targeting_noRT"
"23489" "Gm48278" 0 NA NA NA NA 0 0 "Uqcrc2_noRT" "non-targeting_noRT"
"23490" "Gm48281" 0 NA NA NA NA 0 0 "Uqcrc2_noRT" "non-targeting_noRT"
"23491" "Gm48279" 0 NA NA NA NA 0 0 "Uqcrc2_noRT" "non-targeting_noRT"
"23492" "4930598N05Rik" 0 NA NA NA NA 0 0 "Uqcrc2_noRT" "non-targeting_noRT"
"23493" "Gm31904" 0 NA NA NA NA 0 0 "Uqcrc2_noRT" "non-targeting_noRT"
"23494" "Gm48324" 0 NA NA NA NA 0 0 "Uqcrc2_noRT" "non-targeting_noRT"
"23495" "Adgb" 0 NA NA NA NA 0 0 "Uqcrc2_noRT" "non-targeting_noRT"
"23496" "Rab32" 0 NA NA NA NA 0 0 "Uqcrc2_noRT" "non-targeting_noRT"
"23497" "Gm10944" 0 NA NA NA NA 0 0 "Uqcrc2_noRT" "non-targeting_noRT"
"23498" "4930567K20Rik" 0 NA NA NA NA 0 0 "Uqcrc2_noRT" "non-targeting_noRT"
"23499" "Gm16577" 0 NA NA NA NA 0 0 "Uqcrc2_noRT" "non-targeting_noRT"
"23500" "4930432B10Rik" 0 NA NA NA NA 0 0 "Uqcrc2_noRT" "non-targeting_noRT"
"23501" "Epm2a" 0 NA NA NA NA 0 0 "Uqcrc2_noRT" "non-targeting_noRT"
"23502" "Gm48680" 0 NA NA NA NA 0 0 "Uqcrc2_noRT" "non-targeting_noRT"
"23503" "Gm48697" 0 NA NA NA NA 0 0 "Uqcrc2_noRT" "non-targeting_noRT"
"23504" "Gm48721" 0 NA NA NA NA 0 0 "Uqcrc2_noRT" "non-targeting_noRT"
"23505" "Gm48722" 0 NA NA NA NA 0 0 "Uqcrc2_noRT" "non-targeting_noRT"
"23506" "Gm48723" 0 NA NA NA NA 0 0 "Uqcrc2_noRT" "non-targeting_noRT"
"23507" "Gm48724" 0 NA NA NA NA 0 0 "Uqcrc2_noRT" "non-targeting_noRT"
"23508" "Gm47691" 0 NA NA NA NA 0 0 "Uqcrc2_noRT" "non-targeting_noRT"
"23509" "Zc2hc1b" 0 NA NA NA NA 0 0 "Uqcrc2_noRT" "non-targeting_noRT"
"23510" "Gm48773" 0 NA NA NA NA 0 0 "Uqcrc2_noRT" "non-targeting_noRT"
"23511" "Gm32172" 0 NA NA NA NA 0 0 "Uqcrc2_noRT" "non-targeting_noRT"
"23512" "Gm32105" 0 NA NA NA NA 0 0 "Uqcrc2_noRT" "non-targeting_noRT"
"23513" "Gm28289" 0 NA NA NA NA 0 0 "Uqcrc2_noRT" "non-targeting_noRT"
"23514" "Gm48843" 0 NA NA NA NA 0 0 "Uqcrc2_noRT" "non-targeting_noRT"
"23515" "Gm48845" 0 NA NA NA NA 0 0 "Uqcrc2_noRT" "non-targeting_noRT"
"23516" "Gm48844" 0 NA NA NA NA 0 0 "Uqcrc2_noRT" "non-targeting_noRT"
"23517" "Gm40603" 0 NA NA NA NA 0 0 "Uqcrc2_noRT" "non-targeting_noRT"
"23518" "Gm48854" 0 NA NA NA NA 0 0 "Uqcrc2_noRT" "non-targeting_noRT"
"23519" "Gm46212" 0 NA NA NA NA 0 0 "Uqcrc2_noRT" "non-targeting_noRT"
"23520" "Gm16234" 0 NA NA NA NA 0 0 "Uqcrc2_noRT" "non-targeting_noRT"
"23521" "Nmbr" 0 NA NA NA NA 0 0 "Uqcrc2_noRT" "non-targeting_noRT"
"23522" "Gje1" 0 NA NA NA NA 0 0 "Uqcrc2_noRT" "non-targeting_noRT"
"23523" "B230364G03Rik" 0 NA NA NA NA 0 0 "Uqcrc2_noRT" "non-targeting_noRT"
"23524" "Gm47698" 0 NA NA NA NA 0 0 "Uqcrc2_noRT" "non-targeting_noRT"
"23525" "Gm47710" 0 NA NA NA NA 0 0 "Uqcrc2_noRT" "non-targeting_noRT"
"23526" "Gm47712" 0 NA NA NA NA 0 0 "Uqcrc2_noRT" "non-targeting_noRT"
"23527" "Gm40604" 0 NA NA NA NA 0 0 "Uqcrc2_noRT" "non-targeting_noRT"
"23528" "Gm32283" 0 NA NA NA NA 0 0 "Uqcrc2_noRT" "non-targeting_noRT"
"23529" "C330004P14Rik" 0 NA NA NA NA 0 0 "Uqcrc2_noRT" "non-targeting_noRT"
"23530" "Gm47729" 0 NA NA NA NA 0 0 "Uqcrc2_noRT" "non-targeting_noRT"
"23531" "Gm20125" 0 NA NA NA NA 0 0 "Uqcrc2_noRT" "non-targeting_noRT"
"23532" "Gm47760" 0 NA NA NA NA 0 0 "Uqcrc2_noRT" "non-targeting_noRT"
"23533" "Gm47769" 0 NA NA NA NA 0 0 "Uqcrc2_noRT" "non-targeting_noRT"
"23534" "Gm47770" 0 NA NA NA NA 0 0 "Uqcrc2_noRT" "non-targeting_noRT"
"23535" "Gm47771" 0 NA NA NA NA 0 0 "Uqcrc2_noRT" "non-targeting_noRT"
"23536" "Gm20655" 0 NA NA NA NA 0 0 "Uqcrc2_noRT" "non-targeting_noRT"
"23537" "Txlnb" 0 NA NA NA NA 0 0 "Uqcrc2_noRT" "non-targeting_noRT"
"23538" "Ect2l" 0 NA NA NA NA 0 0 "Uqcrc2_noRT" "non-targeting_noRT"
"23539" "Arfgef3" 0 NA NA NA NA 0 0 "Uqcrc2_noRT" "non-targeting_noRT"
"23540" "Gm32926" 0 NA NA NA NA 0 0 "Uqcrc2_noRT" "non-targeting_noRT"
"23541" "Gm4922" 0 NA NA NA NA 0 0 "Uqcrc2_noRT" "non-targeting_noRT"
"23542" "4930444F02Rik" 0 NA NA NA NA 0 0 "Uqcrc2_noRT" "non-targeting_noRT"
"23543" "Perp" 0 NA NA NA NA 0 0 "Uqcrc2_noRT" "non-targeting_noRT"
"23544" "Gm48483" 0 NA NA NA NA 0 0 "Uqcrc2_noRT" "non-targeting_noRT"
"23545" "1700124M09Rik" 0 NA NA NA NA 0 0 "Uqcrc2_noRT" "non-targeting_noRT"
"23546" "Gm48545" 0 NA NA NA NA 0 0 "Uqcrc2_noRT" "non-targeting_noRT"
"23547" "Gm20139" 0 NA NA NA NA 0 0 "Uqcrc2_noRT" "non-targeting_noRT"
"23548" "Gm33056" 0 NA NA NA NA 0 0 "Uqcrc2_noRT" "non-targeting_noRT"
"23549" "Olig3" 0 NA NA NA NA 0 0 "Uqcrc2_noRT" "non-targeting_noRT"
"23550" "Gm33104" 0 NA NA NA NA 0 0 "Uqcrc2_noRT" "non-targeting_noRT"
"23551" "Il22ra2" 0 NA NA NA NA 0 0 "Uqcrc2_noRT" "non-targeting_noRT"
"23552" "9230106D20Rik" 0 NA NA NA NA 0 0 "Uqcrc2_noRT" "non-targeting_noRT"
"23553" "Il20ra" 0 NA NA NA NA 0 0 "Uqcrc2_noRT" "non-targeting_noRT"
"23554" "Gm33332" 0 NA NA NA NA 0 0 "Uqcrc2_noRT" "non-targeting_noRT"
"23555" "Slc35d3" 0 NA NA NA NA 0 0 "Uqcrc2_noRT" "non-targeting_noRT"
"23556" "4930405J17Rik" 0 NA NA NA NA 0 0 "Uqcrc2_noRT" "non-targeting_noRT"
"23557" "Gm48249" 0 NA NA NA NA 0 0 "Uqcrc2_noRT" "non-targeting_noRT"
"23558" "Pde7b" 0 NA NA NA NA 0 0 "Uqcrc2_noRT" "non-targeting_noRT"
"23559" "Gm48651" 0 NA NA NA NA 0 0 "Uqcrc2_noRT" "non-targeting_noRT"
"23560" "Gm20149" 0 NA NA NA NA 0 0 "Uqcrc2_noRT" "non-targeting_noRT"
"23561" "Gm48189" 0 NA NA NA NA 0 0 "Uqcrc2_noRT" "non-targeting_noRT"
"23562" "Gm26577" 0 NA NA NA NA 0 0 "Uqcrc2_noRT" "non-targeting_noRT"
"23563" "Gm40608" 0 NA NA NA NA 0 0 "Uqcrc2_noRT" "non-targeting_noRT"
"23564" "Gm33619" 0 NA NA NA NA 0 0 "Uqcrc2_noRT" "non-targeting_noRT"
"23565" "Gm33728" 0 NA NA NA NA 0 0 "Uqcrc2_noRT" "non-targeting_noRT"
"23566" "4930455C13Rik" 0 NA NA NA NA 0 0 "Uqcrc2_noRT" "non-targeting_noRT"
"23567" "1700021A07Rik" 0 NA NA NA NA 0 0 "Uqcrc2_noRT" "non-targeting_noRT"
"23568" "1700020N01Rik" 0 NA NA NA NA 0 0 "Uqcrc2_noRT" "non-targeting_noRT"
"23569" "Gm5420" 0 NA NA NA NA 0 0 "Uqcrc2_noRT" "non-targeting_noRT"
"23570" "Gm29323" 0 NA NA NA NA 0 0 "Uqcrc2_noRT" "non-targeting_noRT"
"23571" "Platr6" 0 NA NA NA NA 0 0 "Uqcrc2_noRT" "non-targeting_noRT"
"23572" "4930444G20Rik" 0 NA NA NA NA 0 0 "Uqcrc2_noRT" "non-targeting_noRT"
"23573" "Gm26740" 0 NA NA NA NA 0 0 "Uqcrc2_noRT" "non-targeting_noRT"
"23574" "AC166256.1" 0 NA NA NA NA 0 0 "Uqcrc2_noRT" "non-targeting_noRT"
"23575" "Gm47634" 0 NA NA NA NA 0 0 "Uqcrc2_noRT" "non-targeting_noRT"
"23576" "Gm10824" 0 NA NA NA NA 0 0 "Uqcrc2_noRT" "non-targeting_noRT"
"23577" "Tcf21" 0 NA NA NA NA 0 0 "Uqcrc2_noRT" "non-targeting_noRT"
"23578" "Gm47843" 0 NA NA NA NA 0 0 "Uqcrc2_noRT" "non-targeting_noRT"
"23579" "4930520K02Rik" 0 NA NA NA NA 0 0 "Uqcrc2_noRT" "non-targeting_noRT"
"23580" "Vnn3" 0 NA NA NA NA 0 0 "Uqcrc2_noRT" "non-targeting_noRT"
"23581" "Vnn1" 0 NA NA NA NA 0 0 "Uqcrc2_noRT" "non-targeting_noRT"
"23582" "Taar1" 0 NA NA NA NA 0 0 "Uqcrc2_noRT" "non-targeting_noRT"
"23583" "Taar2" 0 NA NA NA NA 0 0 "Uqcrc2_noRT" "non-targeting_noRT"
"23584" "Taar3" 0 NA NA NA NA 0 0 "Uqcrc2_noRT" "non-targeting_noRT"
"23585" "Taar4" 0 NA NA NA NA 0 0 "Uqcrc2_noRT" "non-targeting_noRT"
"23586" "Taar5" 0 NA NA NA NA 0 0 "Uqcrc2_noRT" "non-targeting_noRT"
"23587" "Taar6" 0 NA NA NA NA 0 0 "Uqcrc2_noRT" "non-targeting_noRT"
"23588" "Taar7a" 0 NA NA NA NA 0 0 "Uqcrc2_noRT" "non-targeting_noRT"
"23589" "Taar7b" 0 NA NA NA NA 0 0 "Uqcrc2_noRT" "non-targeting_noRT"
"23590" "Taar7d" 0 NA NA NA NA 0 0 "Uqcrc2_noRT" "non-targeting_noRT"
"23591" "Taar7e" 0 NA NA NA NA 0 0 "Uqcrc2_noRT" "non-targeting_noRT"
"23592" "Taar7f" 0 NA NA NA NA 0 0 "Uqcrc2_noRT" "non-targeting_noRT"
"23593" "Taar8a" 0 NA NA NA NA 0 0 "Uqcrc2_noRT" "non-targeting_noRT"
"23594" "Taar8b" 0 NA NA NA NA 0 0 "Uqcrc2_noRT" "non-targeting_noRT"
"23595" "Taar8c" 0 NA NA NA NA 0 0 "Uqcrc2_noRT" "non-targeting_noRT"
"23596" "Taar9" 0 NA NA NA NA 0 0 "Uqcrc2_noRT" "non-targeting_noRT"
"23597" "Gm40614" 0 NA NA NA NA 0 0 "Uqcrc2_noRT" "non-targeting_noRT"
"23598" "Gm15271" 0 NA NA NA NA 0 0 "Uqcrc2_noRT" "non-targeting_noRT"
"23599" "Gm15270" 0 NA NA NA NA 0 0 "Uqcrc2_noRT" "non-targeting_noRT"
"23600" "Ccn2" 0 NA NA NA NA 0 0 "Uqcrc2_noRT" "non-targeting_noRT"
"23601" "Gm36172" 0 NA NA NA NA 0 0 "Uqcrc2_noRT" "non-targeting_noRT"
"23602" "Gm47715" 0 NA NA NA NA 0 0 "Uqcrc2_noRT" "non-targeting_noRT"
"23603" "Smlr1" 0 NA NA NA NA 0 0 "Uqcrc2_noRT" "non-targeting_noRT"
"23604" "Gm29571" 0 NA NA NA NA 0 0 "Uqcrc2_noRT" "non-targeting_noRT"
"23605" "Gm36908" 0 NA NA NA NA 0 0 "Uqcrc2_noRT" "non-targeting_noRT"
"23606" "Gm36543" 0 NA NA NA NA 0 0 "Uqcrc2_noRT" "non-targeting_noRT"
"23607" "4930401C15Rik" 0 NA NA NA NA 0 0 "Uqcrc2_noRT" "non-targeting_noRT"
"23608" "Gm9767" 0 NA NA NA NA 0 0 "Uqcrc2_noRT" "non-targeting_noRT"
"23609" "Samd3" 0 NA NA NA NA 0 0 "Uqcrc2_noRT" "non-targeting_noRT"
"23610" "Gm48893" 0 NA NA NA NA 0 0 "Uqcrc2_noRT" "non-targeting_noRT"
"23611" "Gm48084" 0 NA NA NA NA 0 0 "Uqcrc2_noRT" "non-targeting_noRT"
"23612" "Lama2" 0 NA NA NA NA 0 0 "Uqcrc2_noRT" "non-targeting_noRT"
"23613" "4930579H20Rik" 0 NA NA NA NA 0 0 "Uqcrc2_noRT" "non-targeting_noRT"
"23614" "Gm30165" 0 NA NA NA NA 0 0 "Uqcrc2_noRT" "non-targeting_noRT"
"23615" "Gm30228" 0 NA NA NA NA 0 0 "Uqcrc2_noRT" "non-targeting_noRT"
"23616" "Ptprk" 0 NA NA NA NA 0 0 "Uqcrc2_noRT" "non-targeting_noRT"
"23617" "Themis" 0 NA NA NA NA 0 0 "Uqcrc2_noRT" "non-targeting_noRT"
"23618" "2310057J18Rik" 0 NA NA NA NA 0 0 "Uqcrc2_noRT" "non-targeting_noRT"
"23619" "Gm40621" 0 NA NA NA NA 0 0 "Uqcrc2_noRT" "non-targeting_noRT"
"23620" "Rspo3" 0 NA NA NA NA 0 0 "Uqcrc2_noRT" "non-targeting_noRT"
"23621" "Gm48159" 0 NA NA NA NA 0 0 "Uqcrc2_noRT" "non-targeting_noRT"
"23622" "Gm48215" 0 NA NA NA NA 0 0 "Uqcrc2_noRT" "non-targeting_noRT"
"23623" "Gm30676" 0 NA NA NA NA 0 0 "Uqcrc2_noRT" "non-targeting_noRT"
"23624" "Gm48094" 0 NA NA NA NA 0 0 "Uqcrc2_noRT" "non-targeting_noRT"
"23625" "Gm48093" 0 NA NA NA NA 0 0 "Uqcrc2_noRT" "non-targeting_noRT"
"23626" "Gm47823" 0 NA NA NA NA 0 0 "Uqcrc2_noRT" "non-targeting_noRT"
"23627" "Trdn" 0 NA NA NA NA 0 0 "Uqcrc2_noRT" "non-targeting_noRT"
"23628" "D830005E20Rik" 0 NA NA NA NA 0 0 "Uqcrc2_noRT" "non-targeting_noRT"
"23629" "Clvs2" 0 NA NA NA NA 0 0 "Uqcrc2_noRT" "non-targeting_noRT"
"23630" "Gm15939" 0 NA NA NA NA 0 0 "Uqcrc2_noRT" "non-targeting_noRT"
"23631" "Sult3a2" 0 NA NA NA NA 0 0 "Uqcrc2_noRT" "non-targeting_noRT"
"23632" "Sult3a1" 0 NA NA NA NA 0 0 "Uqcrc2_noRT" "non-targeting_noRT"
"23633" "Rsph4a" 0 NA NA NA NA 0 0 "Uqcrc2_noRT" "non-targeting_noRT"
"23634" "Trappc3l" 0 NA NA NA NA 0 0 "Uqcrc2_noRT" "non-targeting_noRT"
"23635" "Calhm4" 0 NA NA NA NA 0 0 "Uqcrc2_noRT" "non-targeting_noRT"
"23636" "Calhm5" 0 NA NA NA NA 0 0 "Uqcrc2_noRT" "non-targeting_noRT"
"23637" "Gm26564" 0 NA NA NA NA 0 0 "Uqcrc2_noRT" "non-targeting_noRT"
"23638" "Gm47512" 0 NA NA NA NA 0 0 "Uqcrc2_noRT" "non-targeting_noRT"
"23639" "Col10a1" 0 NA NA NA NA 0 0 "Uqcrc2_noRT" "non-targeting_noRT"
"23640" "Frk" 0 NA NA NA NA 0 0 "Uqcrc2_noRT" "non-targeting_noRT"
"23641" "Gm49446" 0 NA NA NA NA 0 0 "Uqcrc2_noRT" "non-targeting_noRT"
"23642" "Gm47049" 0 NA NA NA NA 0 0 "Uqcrc2_noRT" "non-targeting_noRT"
"23643" "Hs3st5" 0 NA NA NA NA 0 0 "Uqcrc2_noRT" "non-targeting_noRT"
"23644" "5930403N24Rik" 0 NA NA NA NA 0 0 "Uqcrc2_noRT" "non-targeting_noRT"
"23645" "4930543K20Rik" 0 NA NA NA NA 0 0 "Uqcrc2_noRT" "non-targeting_noRT"
"23646" "Gm26535" 0 NA NA NA NA 0 0 "Uqcrc2_noRT" "non-targeting_noRT"
"23647" "Gm31378" 0 NA NA NA NA 0 0 "Uqcrc2_noRT" "non-targeting_noRT"
"23648" "4930591E09Rik" 0 NA NA NA NA 0 0 "Uqcrc2_noRT" "non-targeting_noRT"
"23649" "Gm48197" 0 NA NA NA NA 0 0 "Uqcrc2_noRT" "non-targeting_noRT"
"23650" "Rfpl4b" 0 NA NA NA NA 0 0 "Uqcrc2_noRT" "non-targeting_noRT"
"23651" "Ccn6" 0 NA NA NA NA 0 0 "Uqcrc2_noRT" "non-targeting_noRT"
"23652" "D030034A15Rik" 0 NA NA NA NA 0 0 "Uqcrc2_noRT" "non-targeting_noRT"
"23653" "Gm31562" 0 NA NA NA NA 0 0 "Uqcrc2_noRT" "non-targeting_noRT"
"23654" "Gm48486" 0 NA NA NA NA 0 0 "Uqcrc2_noRT" "non-targeting_noRT"
"23655" "Gm16364" 0 NA NA NA NA 0 0 "Uqcrc2_noRT" "non-targeting_noRT"
"23656" "Gm16364.1" 0 NA NA NA NA 0 0 "Uqcrc2_noRT" "non-targeting_noRT"
"23657" "4930547M16Rik" 0 NA NA NA NA 0 0 "Uqcrc2_noRT" "non-targeting_noRT"
"23658" "Mfsd4b1" 0 NA NA NA NA 0 0 "Uqcrc2_noRT" "non-targeting_noRT"
"23659" "Slc16a10" 0 NA NA NA NA 0 0 "Uqcrc2_noRT" "non-targeting_noRT"
"23660" "Gm31992" 0 NA NA NA NA 0 0 "Uqcrc2_noRT" "non-targeting_noRT"
"23661" "Gm47598" 0 NA NA NA NA 0 0 "Uqcrc2_noRT" "non-targeting_noRT"
"23662" "A930033M14Rik" 0 NA NA NA NA 0 0 "Uqcrc2_noRT" "non-targeting_noRT"
"23663" "Cdk19os" 0 NA NA NA NA 0 0 "Uqcrc2_noRT" "non-targeting_noRT"
"23664" "Slc22a16" 0 NA NA NA NA 0 0 "Uqcrc2_noRT" "non-targeting_noRT"
"23665" "Ddo" 0 NA NA NA NA 0 0 "Uqcrc2_noRT" "non-targeting_noRT"
"23666" "Mettl24" 0 NA NA NA NA 0 0 "Uqcrc2_noRT" "non-targeting_noRT"
"23667" "Gm48057" 0 NA NA NA NA 0 0 "Uqcrc2_noRT" "non-targeting_noRT"
"23668" "Gpr6" 0 NA NA NA NA 0 0 "Uqcrc2_noRT" "non-targeting_noRT"
"23669" "Gm32284" 0 NA NA NA NA 0 0 "Uqcrc2_noRT" "non-targeting_noRT"
"23670" "Gm32338" 0 NA NA NA NA 0 0 "Uqcrc2_noRT" "non-targeting_noRT"
"23671" "Ak9" 0 NA NA NA NA 0 0 "Uqcrc2_noRT" "non-targeting_noRT"
"23672" "Ppil6" 0 NA NA NA NA 0 0 "Uqcrc2_noRT" "non-targeting_noRT"
"23673" "Gm17196" 0 NA NA NA NA 0 0 "Uqcrc2_noRT" "non-targeting_noRT"
"23674" "5730435O14Rik" 0 NA NA NA NA 0 0 "Uqcrc2_noRT" "non-targeting_noRT"
"23675" "BC048559" 0 NA NA NA NA 0 0 "Uqcrc2_noRT" "non-targeting_noRT"
"23676" "Armc2" 0 NA NA NA NA 0 0 "Uqcrc2_noRT" "non-targeting_noRT"
"23677" "Nr2e1" 0 NA NA NA NA 0 0 "Uqcrc2_noRT" "non-targeting_noRT"
"23678" "Gm15200" 0 NA NA NA NA 0 0 "Uqcrc2_noRT" "non-targeting_noRT"
"23679" "Gm15199" 0 NA NA NA NA 0 0 "Uqcrc2_noRT" "non-targeting_noRT"
"23680" "Scml4" 0 NA NA NA NA 0 0 "Uqcrc2_noRT" "non-targeting_noRT"
"23681" "Gm48671" 0 NA NA NA NA 0 0 "Uqcrc2_noRT" "non-targeting_noRT"
"23682" "Gm47815" 0 NA NA NA NA 0 0 "Uqcrc2_noRT" "non-targeting_noRT"
"23683" "Gm29246" 0 NA NA NA NA 0 0 "Uqcrc2_noRT" "non-targeting_noRT"
"23684" "Gm47889" 0 NA NA NA NA 0 0 "Uqcrc2_noRT" "non-targeting_noRT"
"23685" "F930017D23Rik" 0 NA NA NA NA 0 0 "Uqcrc2_noRT" "non-targeting_noRT"
"23686" "Gm34481" 0 NA NA NA NA 0 0 "Uqcrc2_noRT" "non-targeting_noRT"
"23687" "Gm47927" 0 NA NA NA NA 0 0 "Uqcrc2_noRT" "non-targeting_noRT"
"23688" "Gm47926" 0 NA NA NA NA 0 0 "Uqcrc2_noRT" "non-targeting_noRT"
"23689" "Gm40634" 0 NA NA NA NA 0 0 "Uqcrc2_noRT" "non-targeting_noRT"
"23690" "1700027J07Rik" 0 NA NA NA NA 0 0 "Uqcrc2_noRT" "non-targeting_noRT"
"23691" "4933404K13Rik" 0 NA NA NA NA 0 0 "Uqcrc2_noRT" "non-targeting_noRT"
"23692" "Crybg1" 0 NA NA NA NA 0 0 "Uqcrc2_noRT" "non-targeting_noRT"
"23693" "Gm48061" 0 NA NA NA NA 0 0 "Uqcrc2_noRT" "non-targeting_noRT"
"23694" "Gm48065" 0 NA NA NA NA 0 0 "Uqcrc2_noRT" "non-targeting_noRT"
"23695" "Gm35154" 0 NA NA NA NA 0 0 "Uqcrc2_noRT" "non-targeting_noRT"
"23696" "Gm48066" 0 NA NA NA NA 0 0 "Uqcrc2_noRT" "non-targeting_noRT"
"23697" "Gm47389" 0 NA NA NA NA 0 0 "Uqcrc2_noRT" "non-targeting_noRT"
"23698" "4930431F10Rik" 0 NA NA NA NA 0 0 "Uqcrc2_noRT" "non-targeting_noRT"
"23699" "Gm47392" 0 NA NA NA NA 0 0 "Uqcrc2_noRT" "non-targeting_noRT"
"23700" "Gm47398" 0 NA NA NA NA 0 0 "Uqcrc2_noRT" "non-targeting_noRT"
"23701" "Gm40638" 0 NA NA NA NA 0 0 "Uqcrc2_noRT" "non-targeting_noRT"
"23702" "Gm40639" 0 NA NA NA NA 0 0 "Uqcrc2_noRT" "non-targeting_noRT"
"23703" "Popdc3" 0 NA NA NA NA 0 0 "Uqcrc2_noRT" "non-targeting_noRT"
"23704" "Gm15934" 0 NA NA NA NA 0 0 "Uqcrc2_noRT" "non-targeting_noRT"
"23705" "Bves" 0 NA NA NA NA 0 0 "Uqcrc2_noRT" "non-targeting_noRT"
"23706" "Lin28b" 0 NA NA NA NA 0 0 "Uqcrc2_noRT" "non-targeting_noRT"
"23707" "D030045P18Rik" 0 NA NA NA NA 0 0 "Uqcrc2_noRT" "non-targeting_noRT"
"23708" "Gm35430" 0 NA NA NA NA 0 0 "Uqcrc2_noRT" "non-targeting_noRT"
"23709" "Gm35552" 0 NA NA NA NA 0 0 "Uqcrc2_noRT" "non-targeting_noRT"
"23710" "Gm47568" 0 NA NA NA NA 0 0 "Uqcrc2_noRT" "non-targeting_noRT"
"23711" "Gm47354" 0 NA NA NA NA 0 0 "Uqcrc2_noRT" "non-targeting_noRT"
"23712" "Grik2" 0 NA NA NA NA 0 0 "Uqcrc2_noRT" "non-targeting_noRT"
"23713" "Gm26543" 0 NA NA NA NA 0 0 "Uqcrc2_noRT" "non-targeting_noRT"
"23714" "Gm47018" 0 NA NA NA NA 0 0 "Uqcrc2_noRT" "non-targeting_noRT"
"23715" "Gm48275" 0 NA NA NA NA 0 0 "Uqcrc2_noRT" "non-targeting_noRT"
"23716" "Sim1" 0 NA NA NA NA 0 0 "Uqcrc2_noRT" "non-targeting_noRT"
"23717" "Gm46189" 0 NA NA NA NA 0 0 "Uqcrc2_noRT" "non-targeting_noRT"
"23718" "Lilr4b" 0 NA NA NA NA 0 0 "Uqcrc2_noRT" "non-targeting_noRT"
"23719" "Gm40645" 0 NA NA NA NA 0 0 "Uqcrc2_noRT" "non-targeting_noRT"
"23720" "Lilrb4a" 0 NA NA NA NA 0 0 "Uqcrc2_noRT" "non-targeting_noRT"
"23721" "Gm46224" 0 NA NA NA NA 0 0 "Uqcrc2_noRT" "non-targeting_noRT"
"23722" "Fam162b" 0 NA NA NA NA 0 0 "Uqcrc2_noRT" "non-targeting_noRT"
"23723" "Gprc6a" 0 NA NA NA NA 0 0 "Uqcrc2_noRT" "non-targeting_noRT"
"23724" "1700042O05Rik" 0 NA NA NA NA 0 0 "Uqcrc2_noRT" "non-targeting_noRT"
"23725" "4933411G06Rik" 0 NA NA NA NA 0 0 "Uqcrc2_noRT" "non-targeting_noRT"
"23726" "Gm47613" 0 NA NA NA NA 0 0 "Uqcrc2_noRT" "non-targeting_noRT"
"23727" "Gm47614" 0 NA NA NA NA 0 0 "Uqcrc2_noRT" "non-targeting_noRT"
"23728" "Gm40646" 0 NA NA NA NA 0 0 "Uqcrc2_noRT" "non-targeting_noRT"
"23729" "Ros1" 0 NA NA NA NA 0 0 "Uqcrc2_noRT" "non-targeting_noRT"
"23730" "Gm26741" 0 NA NA NA NA 0 0 "Uqcrc2_noRT" "non-targeting_noRT"
"23731" "Nepn" 0 NA NA NA NA 0 0 "Uqcrc2_noRT" "non-targeting_noRT"
"23732" "Gm36065" 0 NA NA NA NA 0 0 "Uqcrc2_noRT" "non-targeting_noRT"
"23733" "Gm47622" 0 NA NA NA NA 0 0 "Uqcrc2_noRT" "non-targeting_noRT"
"23734" "Gm40649" 0 NA NA NA NA 0 0 "Uqcrc2_noRT" "non-targeting_noRT"
"23735" "Gm36173" 0 NA NA NA NA 0 0 "Uqcrc2_noRT" "non-targeting_noRT"
"23736" "Gm19395" 0 NA NA NA NA 0 0 "Uqcrc2_noRT" "non-targeting_noRT"
"23737" "Pln" 0 NA NA NA NA 0 0 "Uqcrc2_noRT" "non-targeting_noRT"
"23738" "Gm36229" 0 NA NA NA NA 0 0 "Uqcrc2_noRT" "non-targeting_noRT"
"23739" "Gm40650" 0 NA NA NA NA 0 0 "Uqcrc2_noRT" "non-targeting_noRT"
"23740" "Gm47738" 0 NA NA NA NA 0 0 "Uqcrc2_noRT" "non-targeting_noRT"
"23741" "Gm47739" 0 NA NA NA NA 0 0 "Uqcrc2_noRT" "non-targeting_noRT"
"23742" "Fam184a" 0 NA NA NA NA 0 0 "Uqcrc2_noRT" "non-targeting_noRT"
"23743" "Gm47915" 0 NA NA NA NA 0 0 "Uqcrc2_noRT" "non-targeting_noRT"
"23744" "Gm47917" 0 NA NA NA NA 0 0 "Uqcrc2_noRT" "non-targeting_noRT"
"23745" "Gm16998" 0 NA NA NA NA 0 0 "Uqcrc2_noRT" "non-targeting_noRT"
"23746" "Gm36595" 0 NA NA NA NA 0 0 "Uqcrc2_noRT" "non-targeting_noRT"
"23747" "4930452L12Rik" 0 NA NA NA NA 0 0 "Uqcrc2_noRT" "non-targeting_noRT"
"23748" "Gm48053" 0 NA NA NA NA 0 0 "Uqcrc2_noRT" "non-targeting_noRT"
"23749" "Gm36827" 0 NA NA NA NA 0 0 "Uqcrc2_noRT" "non-targeting_noRT"
"23750" "Gm40652" 0 NA NA NA NA 0 0 "Uqcrc2_noRT" "non-targeting_noRT"
"23751" "4930467K11Rik" 0 NA NA NA NA 0 0 "Uqcrc2_noRT" "non-targeting_noRT"
"23752" "Pkib" 0 NA NA NA NA 0 0 "Uqcrc2_noRT" "non-targeting_noRT"
"23753" "AW822073" 0 NA NA NA NA 0 0 "Uqcrc2_noRT" "non-targeting_noRT"
"23754" "Duxf3" 0 NA NA NA NA 0 0 "Uqcrc2_noRT" "non-targeting_noRT"
"23755" "Gm4981" 0 NA NA NA NA 0 0 "Uqcrc2_noRT" "non-targeting_noRT"
"23756" "Edar" 0 NA NA NA NA 0 0 "Uqcrc2_noRT" "non-targeting_noRT"
"23757" "BB019430" 0 NA NA NA NA 0 0 "Uqcrc2_noRT" "non-targeting_noRT"
"23758" "Gm17542" 0 NA NA NA NA 0 0 "Uqcrc2_noRT" "non-targeting_noRT"
"23759" "Sh3rf3" 0 NA NA NA NA 0 0 "Uqcrc2_noRT" "non-targeting_noRT"
"23760" "Pla2g12b" 0 NA NA NA NA 0 0 "Uqcrc2_noRT" "non-targeting_noRT"
"23761" "Oit3" 0 NA NA NA NA 0 0 "Uqcrc2_noRT" "non-targeting_noRT"
"23762" "Gm10322" 0 NA NA NA NA 0 0 "Uqcrc2_noRT" "non-targeting_noRT"
"23763" "Gm17059" 0 NA NA NA NA 0 0 "Uqcrc2_noRT" "non-targeting_noRT"
"23764" "Spock2" 0 NA NA NA NA 0 0 "Uqcrc2_noRT" "non-targeting_noRT"
"23765" "Cdh23" 0 NA NA NA NA 0 0 "Uqcrc2_noRT" "non-targeting_noRT"
"23766" "Gm17455" 0 NA NA NA NA 0 0 "Uqcrc2_noRT" "non-targeting_noRT"
"23767" "Slc29a3" 0 NA NA NA NA 0 0 "Uqcrc2_noRT" "non-targeting_noRT"
"23768" "Unc5b" 0 NA NA NA NA 0 0 "Uqcrc2_noRT" "non-targeting_noRT"
"23769" "Pldi" 0 NA NA NA NA 0 0 "Uqcrc2_noRT" "non-targeting_noRT"
"23770" "Gm26947" 0 NA NA NA NA 0 0 "Uqcrc2_noRT" "non-targeting_noRT"
"23771" "Gm20611" 0 NA NA NA NA 0 0 "Uqcrc2_noRT" "non-targeting_noRT"
"23772" "Gm20625" 0 NA NA NA NA 0 0 "Uqcrc2_noRT" "non-targeting_noRT"
"23773" "Gm20610" 0 NA NA NA NA 0 0 "Uqcrc2_noRT" "non-targeting_noRT"
"23774" "Tbata" 0 NA NA NA NA 0 0 "Uqcrc2_noRT" "non-targeting_noRT"
"23775" "Prf1" 0 NA NA NA NA 0 0 "Uqcrc2_noRT" "non-targeting_noRT"
"23776" "Nodal" 0 NA NA NA NA 0 0 "Uqcrc2_noRT" "non-targeting_noRT"
"23777" "D830039M14Rik" 0 NA NA NA NA 0 0 "Uqcrc2_noRT" "non-targeting_noRT"
"23778" "Gm47595" 0 NA NA NA NA 0 0 "Uqcrc2_noRT" "non-targeting_noRT"
"23779" "Gm47593" 0 NA NA NA NA 0 0 "Uqcrc2_noRT" "non-targeting_noRT"
"23780" "Gm28447" 0 NA NA NA NA 0 0 "Uqcrc2_noRT" "non-targeting_noRT"
"23781" "Npffr1" 0 NA NA NA NA 0 0 "Uqcrc2_noRT" "non-targeting_noRT"
"23782" "1700022H01Rik" 0 NA NA NA NA 0 0 "Uqcrc2_noRT" "non-targeting_noRT"
"23783" "Col13a1" 0 NA NA NA NA 0 0 "Uqcrc2_noRT" "non-targeting_noRT"
"23784" "Fam241b" 0 NA NA NA NA 0 0 "Uqcrc2_noRT" "non-targeting_noRT"
"23785" "Neurog3" 0 NA NA NA NA 0 0 "Uqcrc2_noRT" "non-targeting_noRT"
"23786" "Hkdc1" 0 NA NA NA NA 0 0 "Uqcrc2_noRT" "non-targeting_noRT"
"23787" "4933428P19Rik" 0 NA NA NA NA 0 0 "Uqcrc2_noRT" "non-targeting_noRT"
"23788" "Stox1" 0 NA NA NA NA 0 0 "Uqcrc2_noRT" "non-targeting_noRT"
"23789" "Gm16135" 0 NA NA NA NA 0 0 "Uqcrc2_noRT" "non-targeting_noRT"
"23790" "Pbld2" 0 NA NA NA NA 0 0 "Uqcrc2_noRT" "non-targeting_noRT"
"23791" "Gm16143" 0 NA NA NA NA 0 0 "Uqcrc2_noRT" "non-targeting_noRT"
"23792" "Pbld1" 0 NA NA NA NA 0 0 "Uqcrc2_noRT" "non-targeting_noRT"
"23793" "Gm48072" 0 NA NA NA NA 0 0 "Uqcrc2_noRT" "non-targeting_noRT"
"23794" "Atoh7" 0 NA NA NA NA 0 0 "Uqcrc2_noRT" "non-targeting_noRT"
"23795" "Mypn" 0 NA NA NA NA 0 0 "Uqcrc2_noRT" "non-targeting_noRT"
"23796" "1700120B22Rik" 0 NA NA NA NA 0 0 "Uqcrc2_noRT" "non-targeting_noRT"
"23797" "Gm26789" 0 NA NA NA NA 0 0 "Uqcrc2_noRT" "non-targeting_noRT"
"23798" "Gm16145" 0 NA NA NA NA 0 0 "Uqcrc2_noRT" "non-targeting_noRT"
"23799" "Gm7075" 0 NA NA NA NA 0 0 "Uqcrc2_noRT" "non-targeting_noRT"
"23800" "Ctnna3" 0 NA NA NA NA 0 0 "Uqcrc2_noRT" "non-targeting_noRT"
"23801" "Lrrtm3" 0 NA NA NA NA 0 0 "Uqcrc2_noRT" "non-targeting_noRT"
"23802" "Gm28881" 0 NA NA NA NA 0 0 "Uqcrc2_noRT" "non-targeting_noRT"
"23803" "Gm30853" 0 NA NA NA NA 0 0 "Uqcrc2_noRT" "non-targeting_noRT"
"23804" "1700023F02Rik" 0 NA NA NA NA 0 0 "Uqcrc2_noRT" "non-targeting_noRT"
"23805" "4930407I19Rik" 0 NA NA NA NA 0 0 "Uqcrc2_noRT" "non-targeting_noRT"
"23806" "Gm28139" 0 NA NA NA NA 0 0 "Uqcrc2_noRT" "non-targeting_noRT"
"23807" "Gm31181" 0 NA NA NA NA 0 0 "Uqcrc2_noRT" "non-targeting_noRT"
"23808" "Gm47895" 0 NA NA NA NA 0 0 "Uqcrc2_noRT" "non-targeting_noRT"
"23809" "Gm47896" 0 NA NA NA NA 0 0 "Uqcrc2_noRT" "non-targeting_noRT"
"23810" "Gm47897" 0 NA NA NA NA 0 0 "Uqcrc2_noRT" "non-targeting_noRT"
"23811" "Gm47900" 0 NA NA NA NA 0 0 "Uqcrc2_noRT" "non-targeting_noRT"
"23812" "Gm47903" 0 NA NA NA NA 0 0 "Uqcrc2_noRT" "non-targeting_noRT"
"23813" "1110002J07Rik" 0 NA NA NA NA 0 0 "Uqcrc2_noRT" "non-targeting_noRT"
"23814" "Gm26576" 0 NA NA NA NA 0 0 "Uqcrc2_noRT" "non-targeting_noRT"
"23815" "Gm31763" 0 NA NA NA NA 0 0 "Uqcrc2_noRT" "non-targeting_noRT"
"23816" "Gm49454" 0 NA NA NA NA 0 0 "Uqcrc2_noRT" "non-targeting_noRT"
"23817" "Gm32023" 0 NA NA NA NA 0 0 "Uqcrc2_noRT" "non-targeting_noRT"
"23818" "Gm47531" 0 NA NA NA NA 0 0 "Uqcrc2_noRT" "non-targeting_noRT"
"23819" "Gm32255" 0 NA NA NA NA 0 0 "Uqcrc2_noRT" "non-targeting_noRT"
"23820" "4930563J15Rik" 0 NA NA NA NA 0 0 "Uqcrc2_noRT" "non-targeting_noRT"
"23821" "Gm32364" 0 NA NA NA NA 0 0 "Uqcrc2_noRT" "non-targeting_noRT"
"23822" "Gm32515" 0 NA NA NA NA 0 0 "Uqcrc2_noRT" "non-targeting_noRT"
"23823" "1700030E10Rik" 0 NA NA NA NA 0 0 "Uqcrc2_noRT" "non-targeting_noRT"
"23824" "Gm49766" 0 NA NA NA NA 0 0 "Uqcrc2_noRT" "non-targeting_noRT"
"23825" "4930521O17Rik" 0 NA NA NA NA 0 0 "Uqcrc2_noRT" "non-targeting_noRT"
"23826" "Gm16212" 0 NA NA NA NA 0 0 "Uqcrc2_noRT" "non-targeting_noRT"
"23827" "Gm47078" 0 NA NA NA NA 0 0 "Uqcrc2_noRT" "non-targeting_noRT"
"23828" "4930545H06Rik" 0 NA NA NA NA 0 0 "Uqcrc2_noRT" "non-targeting_noRT"
"23829" "Gm32872" 0 NA NA NA NA 0 0 "Uqcrc2_noRT" "non-targeting_noRT"
"23830" "Tmem26" 0 NA NA NA NA 0 0 "Uqcrc2_noRT" "non-targeting_noRT"
"23831" "1700048P04Rik" 0 NA NA NA NA 0 0 "Uqcrc2_noRT" "non-targeting_noRT"
"23832" "Gm33035" 0 NA NA NA NA 0 0 "Uqcrc2_noRT" "non-targeting_noRT"
"23833" "Gm47107" 0 NA NA NA NA 0 0 "Uqcrc2_noRT" "non-targeting_noRT"
"23834" "Gm33263" 0 NA NA NA NA 0 0 "Uqcrc2_noRT" "non-targeting_noRT"
"23835" "Gm40685" 0 NA NA NA NA 0 0 "Uqcrc2_noRT" "non-targeting_noRT"
"23836" "Mrln" 0 NA NA NA NA 0 0 "Uqcrc2_noRT" "non-targeting_noRT"
"23837" "Slc16a9" 0 NA NA NA NA 0 0 "Uqcrc2_noRT" "non-targeting_noRT"
"23838" "Gm7097" 0 NA NA NA NA 0 0 "Uqcrc2_noRT" "non-targeting_noRT"
"23839" "Gm47946" 0 NA NA NA NA 0 0 "Uqcrc2_noRT" "non-targeting_noRT"
"23840" "Phyhipl" 0 NA NA NA NA 0 0 "Uqcrc2_noRT" "non-targeting_noRT"
"23841" "Gm33979" 0 NA NA NA NA 0 0 "Uqcrc2_noRT" "non-targeting_noRT"
"23842" "Gm48021" 0 NA NA NA NA 0 0 "Uqcrc2_noRT" "non-targeting_noRT"
"23843" "Gm48022" 0 NA NA NA NA 0 0 "Uqcrc2_noRT" "non-targeting_noRT"
"23844" "Gm40689" 0 NA NA NA NA 0 0 "Uqcrc2_noRT" "non-targeting_noRT"
"23845" "Gm48023" 0 NA NA NA NA 0 0 "Uqcrc2_noRT" "non-targeting_noRT"
"23846" "Gm48024" 0 NA NA NA NA 0 0 "Uqcrc2_noRT" "non-targeting_noRT"
"23847" "4930533K18Rik" 0 NA NA NA NA 0 0 "Uqcrc2_noRT" "non-targeting_noRT"
"23848" "Gm48036" 0 NA NA NA NA 0 0 "Uqcrc2_noRT" "non-targeting_noRT"
"23849" "Bicc1" 0 NA NA NA NA 0 0 "Uqcrc2_noRT" "non-targeting_noRT"
"23850" "Gm48025" 0 NA NA NA NA 0 0 "Uqcrc2_noRT" "non-targeting_noRT"
"23851" "Gm15647" 0 NA NA NA NA 0 0 "Uqcrc2_noRT" "non-targeting_noRT"
"23852" "C730027H18Rik" 0 NA NA NA NA 0 0 "Uqcrc2_noRT" "non-targeting_noRT"
"23853" "C730027H18Rik.1" 0 NA NA NA NA 0 0 "Uqcrc2_noRT" "non-targeting_noRT"
"23854" "Gm34376" 0 NA NA NA NA 0 0 "Uqcrc2_noRT" "non-targeting_noRT"
"23855" "Gm20609" 0 NA NA NA NA 0 0 "Uqcrc2_noRT" "non-targeting_noRT"
"23856" "4930551I15Rik" 0 NA NA NA NA 0 0 "Uqcrc2_noRT" "non-targeting_noRT"
"23857" "Gm47028" 0 NA NA NA NA 0 0 "Uqcrc2_noRT" "non-targeting_noRT"
"23858" "Gm34544" 0 NA NA NA NA 0 0 "Uqcrc2_noRT" "non-targeting_noRT"
"23859" "Gm34609" 0 NA NA NA NA 0 0 "Uqcrc2_noRT" "non-targeting_noRT"
"23860" "Gm34776" 0 NA NA NA NA 0 0 "Uqcrc2_noRT" "non-targeting_noRT"
"23861" "A330049N07Rik" 0 NA NA NA NA 0 0 "Uqcrc2_noRT" "non-targeting_noRT"
"23862" "Pcdh15" 0 NA NA NA NA 0 0 "Uqcrc2_noRT" "non-targeting_noRT"
"23863" "Gm15397" 0 NA NA NA NA 0 0 "Uqcrc2_noRT" "non-targeting_noRT"
"23864" "Rsph14" 0 NA NA NA NA 0 0 "Uqcrc2_noRT" "non-targeting_noRT"
"23865" "Adora2a" 0 NA NA NA NA 0 0 "Uqcrc2_noRT" "non-targeting_noRT"
"23866" "Upb1" 0 NA NA NA NA 0 0 "Uqcrc2_noRT" "non-targeting_noRT"
"23867" "Lrrc75b" 0 NA NA NA NA 0 0 "Uqcrc2_noRT" "non-targeting_noRT"
"23868" "Susd2" 0 NA NA NA NA 0 0 "Uqcrc2_noRT" "non-targeting_noRT"
"23869" "Gstt4" 0 NA NA NA NA 0 0 "Uqcrc2_noRT" "non-targeting_noRT"
"23870" "Derl3" 0 NA NA NA NA 0 0 "Uqcrc2_noRT" "non-targeting_noRT"
"23871" "Gm867" 0 NA NA NA NA 0 0 "Uqcrc2_noRT" "non-targeting_noRT"
"23872" "Vpreb3" 0 NA NA NA NA 0 0 "Uqcrc2_noRT" "non-targeting_noRT"
"23873" "Gm5134" 0 NA NA NA NA 0 0 "Uqcrc2_noRT" "non-targeting_noRT"
"23874" "Gm16220" 0 NA NA NA NA 0 0 "Uqcrc2_noRT" "non-targeting_noRT"
"23875" "Slc5a4b" 0 NA NA NA NA 0 0 "Uqcrc2_noRT" "non-targeting_noRT"
"23876" "Slc5a4a" 0 NA NA NA NA 0 0 "Uqcrc2_noRT" "non-targeting_noRT"
"23877" "Gm16240" 0 NA NA NA NA 0 0 "Uqcrc2_noRT" "non-targeting_noRT"
"23878" "1700094J05Rik" 0 NA NA NA NA 0 0 "Uqcrc2_noRT" "non-targeting_noRT"
"23879" "2610028H24Rik" 0 NA NA NA NA 0 0 "Uqcrc2_noRT" "non-targeting_noRT"
"23880" "4930483K19Rik" 0 NA NA NA NA 0 0 "Uqcrc2_noRT" "non-targeting_noRT"
"23881" "Spatc1l" 0 NA NA NA NA 0 0 "Uqcrc2_noRT" "non-targeting_noRT"
"23882" "Gm15343" 0 NA NA NA NA 0 0 "Uqcrc2_noRT" "non-targeting_noRT"
"23883" "Ftcd" 0 NA NA NA NA 0 0 "Uqcrc2_noRT" "non-targeting_noRT"
"23884" "Col6a2" 0 NA NA NA NA 0 0 "Uqcrc2_noRT" "non-targeting_noRT"
"23885" "Gm35608" 0 NA NA NA NA 0 0 "Uqcrc2_noRT" "non-targeting_noRT"
"23886" "Gm48276" 0 NA NA NA NA 0 0 "Uqcrc2_noRT" "non-targeting_noRT"
"23887" "Gm35721" 0 NA NA NA NA 0 0 "Uqcrc2_noRT" "non-targeting_noRT"
"23888" "Gm3137" 0 NA NA NA NA 0 0 "Uqcrc2_noRT" "non-targeting_noRT"
"23889" "Gm10787" 0 NA NA NA NA 0 0 "Uqcrc2_noRT" "non-targeting_noRT"
"23890" "Gm35920" 0 NA NA NA NA 0 0 "Uqcrc2_noRT" "non-targeting_noRT"
"23891" "Tspear" 0 NA NA NA NA 0 0 "Uqcrc2_noRT" "non-targeting_noRT"
"23892" "Gm19402" 0 NA NA NA NA 0 0 "Uqcrc2_noRT" "non-targeting_noRT"
"23893" "Gm9508" 0 NA NA NA NA 0 0 "Uqcrc2_noRT" "non-targeting_noRT"
"23894" "Gm10272" 0 NA NA NA NA 0 0 "Uqcrc2_noRT" "non-targeting_noRT"
"23895" "Gm10024" 0 NA NA NA NA 0 0 "Uqcrc2_noRT" "non-targeting_noRT"
"23896" "Gm10142" 0 NA NA NA NA 0 0 "Uqcrc2_noRT" "non-targeting_noRT"
"23897" "Krtap12-1" 0 NA NA NA NA 0 0 "Uqcrc2_noRT" "non-targeting_noRT"
"23898" "Gm10100" 0 NA NA NA NA 0 0 "Uqcrc2_noRT" "non-targeting_noRT"
"23899" "Gm18596" 0 NA NA NA NA 0 0 "Uqcrc2_noRT" "non-targeting_noRT"
"23900" "Gm9736" 0 NA NA NA NA 0 0 "Uqcrc2_noRT" "non-targeting_noRT"
"23901" "Gm3233" 0 NA NA NA NA 0 0 "Uqcrc2_noRT" "non-targeting_noRT"
"23902" "Gm3238" 0 NA NA NA NA 0 0 "Uqcrc2_noRT" "non-targeting_noRT"
"23903" "Gm7138" 0 NA NA NA NA 0 0 "Uqcrc2_noRT" "non-targeting_noRT"
"23904" "Gm3250" 0 NA NA NA NA 0 0 "Uqcrc2_noRT" "non-targeting_noRT"
"23905" "Gm7137" 0 NA NA NA NA 0 0 "Uqcrc2_noRT" "non-targeting_noRT"
"23906" "Gm9639" 0 NA NA NA NA 0 0 "Uqcrc2_noRT" "non-targeting_noRT"
"23907" "Gm19668" 0 NA NA NA NA 0 0 "Uqcrc2_noRT" "non-targeting_noRT"
"23908" "Gm9507" 0 NA NA NA NA 0 0 "Uqcrc2_noRT" "non-targeting_noRT"
"23909" "Gm49918" 0 NA NA NA NA 0 0 "Uqcrc2_noRT" "non-targeting_noRT"
"23910" "Krtap10-4" 0 NA NA NA NA 0 0 "Uqcrc2_noRT" "non-targeting_noRT"
"23911" "Krtap10-10" 0 NA NA NA NA 0 0 "Uqcrc2_noRT" "non-targeting_noRT"
"23912" "Gm36176" 0 NA NA NA NA 0 0 "Uqcrc2_noRT" "non-targeting_noRT"
"23913" "Gm10318" 0 NA NA NA NA 0 0 "Uqcrc2_noRT" "non-targeting_noRT"
"23914" "Gm3285" 0 NA NA NA NA 0 0 "Uqcrc2_noRT" "non-targeting_noRT"
"23915" "1700009J07Rik" 0 NA NA NA NA 0 0 "Uqcrc2_noRT" "non-targeting_noRT"
"23916" "Lrrc3" 0 NA NA NA NA 0 0 "Uqcrc2_noRT" "non-targeting_noRT"
"23917" "Trpm2" 0 NA NA NA NA 0 0 "Uqcrc2_noRT" "non-targeting_noRT"
"23918" "Aire" 0 NA NA NA NA 0 0 "Uqcrc2_noRT" "non-targeting_noRT"
"23919" "Dnmt3l" 0 NA NA NA NA 0 0 "Uqcrc2_noRT" "non-targeting_noRT"
"23920" "Gm47922" 0 NA NA NA NA 0 0 "Uqcrc2_noRT" "non-targeting_noRT"
"23921" "Gm40709" 0 NA NA NA NA 0 0 "Uqcrc2_noRT" "non-targeting_noRT"
"23922" "Gm47944" 0 NA NA NA NA 0 0 "Uqcrc2_noRT" "non-targeting_noRT"
"23923" "Olfr1358" 0 NA NA NA NA 0 0 "Uqcrc2_noRT" "non-targeting_noRT"
"23924" "Olfr1357" 0 NA NA NA NA 0 0 "Uqcrc2_noRT" "non-targeting_noRT"
"23925" "Gm47459" 0 NA NA NA NA 0 0 "Uqcrc2_noRT" "non-targeting_noRT"
"23926" "Casp14" 0 NA NA NA NA 0 0 "Uqcrc2_noRT" "non-targeting_noRT"
"23927" "Ccdc105" 0 NA NA NA NA 0 0 "Uqcrc2_noRT" "non-targeting_noRT"
"23928" "Gm30400" 0 NA NA NA NA 0 0 "Uqcrc2_noRT" "non-targeting_noRT"
"23929" "Slc1a6" 0 NA NA NA NA 0 0 "Uqcrc2_noRT" "non-targeting_noRT"
"23930" "Olfr1355" 0 NA NA NA NA 0 0 "Uqcrc2_noRT" "non-targeting_noRT"
"23931" "Olfr1354" 0 NA NA NA NA 0 0 "Uqcrc2_noRT" "non-targeting_noRT"
"23932" "Olfr8" 0 NA NA NA NA 0 0 "Uqcrc2_noRT" "non-targeting_noRT"
"23933" "Olfr1353" 0 NA NA NA NA 0 0 "Uqcrc2_noRT" "non-targeting_noRT"
"23934" "Gm47343" 0 NA NA NA NA 0 0 "Uqcrc2_noRT" "non-targeting_noRT"
"23935" "Olfr1352" 0 NA NA NA NA 0 0 "Uqcrc2_noRT" "non-targeting_noRT"
"23936" "Olfr1351" 0 NA NA NA NA 0 0 "Uqcrc2_noRT" "non-targeting_noRT"
"23937" "Olfr57" 0 NA NA NA NA 0 0 "Uqcrc2_noRT" "non-targeting_noRT"
"23938" "Vmn2r80" 0 NA NA NA NA 0 0 "Uqcrc2_noRT" "non-targeting_noRT"
"23939" "Vmn2r81" 0 NA NA NA NA 0 0 "Uqcrc2_noRT" "non-targeting_noRT"
"23940" "Vmn2r82" 0 NA NA NA NA 0 0 "Uqcrc2_noRT" "non-targeting_noRT"
"23941" "Vmn2r83" 0 NA NA NA NA 0 0 "Uqcrc2_noRT" "non-targeting_noRT"
"23942" "Theg" 0 NA NA NA NA 0 0 "Uqcrc2_noRT" "non-targeting_noRT"
"23943" "C2cd4c" 0 NA NA NA NA 0 0 "Uqcrc2_noRT" "non-targeting_noRT"
"23944" "Shc2" 0 NA NA NA NA 0 0 "Uqcrc2_noRT" "non-targeting_noRT"
"23945" "Gm47163" 0 NA NA NA NA 0 0 "Uqcrc2_noRT" "non-targeting_noRT"
"23946" "Odf3l2" 0 NA NA NA NA 0 0 "Uqcrc2_noRT" "non-targeting_noRT"
"23947" "Madcam1" 0 NA NA NA NA 0 0 "Uqcrc2_noRT" "non-targeting_noRT"
"23948" "Fgf22" 0 NA NA NA NA 0 0 "Uqcrc2_noRT" "non-targeting_noRT"
"23949" "Prss57" 0 NA NA NA NA 0 0 "Uqcrc2_noRT" "non-targeting_noRT"
"23950" "Gm48495" 0 NA NA NA NA 0 0 "Uqcrc2_noRT" "non-targeting_noRT"
"23951" "Prtn3" 0 NA NA NA NA 0 0 "Uqcrc2_noRT" "non-targeting_noRT"
"23952" "Elane" 0 NA NA NA NA 0 0 "Uqcrc2_noRT" "non-targeting_noRT"
"23953" "Cfd" 0 NA NA NA NA 0 0 "Uqcrc2_noRT" "non-targeting_noRT"
"23954" "Gm26602" 0 NA NA NA NA 0 0 "Uqcrc2_noRT" "non-targeting_noRT"
"23955" "Arhgap45" 0 NA NA NA NA 0 0 "Uqcrc2_noRT" "non-targeting_noRT"
"23956" "Efna2" 0 NA NA NA NA 0 0 "Uqcrc2_noRT" "non-targeting_noRT"
"23957" "Gm15122" 0 NA NA NA NA 0 0 "Uqcrc2_noRT" "non-targeting_noRT"
"23958" "Plk5" 0 NA NA NA NA 0 0 "Uqcrc2_noRT" "non-targeting_noRT"
"23959" "Gm15123" 0 NA NA NA NA 0 0 "Uqcrc2_noRT" "non-targeting_noRT"
"23960" "Gm15124" 0 NA NA NA NA 0 0 "Uqcrc2_noRT" "non-targeting_noRT"
"23961" "Onecut3" 0 NA NA NA NA 0 0 "Uqcrc2_noRT" "non-targeting_noRT"
"23962" "Atp8b3" 0 NA NA NA NA 0 0 "Uqcrc2_noRT" "non-targeting_noRT"
"23963" "Scamp4" 0 NA NA NA NA 0 0 "Uqcrc2_noRT" "non-targeting_noRT"
"23964" "Adat3" 0 NA NA NA NA 0 0 "Uqcrc2_noRT" "non-targeting_noRT"
"23965" "Gm17151" 0 NA NA NA NA 0 0 "Uqcrc2_noRT" "non-targeting_noRT"
"23966" "Tmprss9" 0 NA NA NA NA 0 0 "Uqcrc2_noRT" "non-targeting_noRT"
"23967" "Diras1" 0 NA NA NA NA 0 0 "Uqcrc2_noRT" "non-targeting_noRT"
"23968" "Atcayos" 0 NA NA NA NA 0 0 "Uqcrc2_noRT" "non-targeting_noRT"
"23969" "Nmrk2" 0 NA NA NA NA 0 0 "Uqcrc2_noRT" "non-targeting_noRT"
"23970" "Gm16315" 0 NA NA NA NA 0 0 "Uqcrc2_noRT" "non-targeting_noRT"
"23971" "Tbxa2r" 0 NA NA NA NA 0 0 "Uqcrc2_noRT" "non-targeting_noRT"
"23972" "Gm48552" 0 NA NA NA NA 0 0 "Uqcrc2_noRT" "non-targeting_noRT"
"23973" "Smim24" 0 NA NA NA NA 0 0 "Uqcrc2_noRT" "non-targeting_noRT"
"23974" "Celf5" 0 NA NA NA NA 0 0 "Uqcrc2_noRT" "non-targeting_noRT"
"23975" "Gm16105" 0 NA NA NA NA 0 0 "Uqcrc2_noRT" "non-targeting_noRT"
"23976" "Gm47697" 0 NA NA NA NA 0 0 "Uqcrc2_noRT" "non-targeting_noRT"
"23977" "Gm15917" 0 NA NA NA NA 0 0 "Uqcrc2_noRT" "non-targeting_noRT"
"23978" "Gm10778" 0 NA NA NA NA 0 0 "Uqcrc2_noRT" "non-targeting_noRT"
"23979" "Gm3055" 0 NA NA NA NA 0 0 "Uqcrc2_noRT" "non-targeting_noRT"
"23980" "Gm4767" 0 NA NA NA NA 0 0 "Uqcrc2_noRT" "non-targeting_noRT"
"23981" "Gm32687" 0 NA NA NA NA 0 0 "Uqcrc2_noRT" "non-targeting_noRT"
"23982" "Zfp781" 0 NA NA NA NA 0 0 "Uqcrc2_noRT" "non-targeting_noRT"
"23983" "4932415D10Rik" 0 NA NA NA NA 0 0 "Uqcrc2_noRT" "non-targeting_noRT"
"23984" "Gm1553" 0 NA NA NA NA 0 0 "Uqcrc2_noRT" "non-targeting_noRT"
"23985" "Gm47561" 0 NA NA NA NA 0 0 "Uqcrc2_noRT" "non-targeting_noRT"
"23986" "1700028I16Rik" 0 NA NA NA NA 0 0 "Uqcrc2_noRT" "non-targeting_noRT"
"23987" "1700025N21Rik" 0 NA NA NA NA 0 0 "Uqcrc2_noRT" "non-targeting_noRT"
"23988" "Gm40723" 0 NA NA NA NA 0 0 "Uqcrc2_noRT" "non-targeting_noRT"
"23989" "C230099D08Rik" 0 NA NA NA NA 0 0 "Uqcrc2_noRT" "non-targeting_noRT"
"23990" "Gm34184" 0 NA NA NA NA 0 0 "Uqcrc2_noRT" "non-targeting_noRT"
"23991" "Gm34113" 0 NA NA NA NA 0 0 "Uqcrc2_noRT" "non-targeting_noRT"
"23992" "Gm47253" 0 NA NA NA NA 0 0 "Uqcrc2_noRT" "non-targeting_noRT"
"23993" "4930463O16Rik" 0 NA NA NA NA 0 0 "Uqcrc2_noRT" "non-targeting_noRT"
"23994" "E230014E18Rik" 0 NA NA NA NA 0 0 "Uqcrc2_noRT" "non-targeting_noRT"
"23995" "Platr7" 0 NA NA NA NA 0 0 "Uqcrc2_noRT" "non-targeting_noRT"
"23996" "Rfx4" 0 NA NA NA NA 0 0 "Uqcrc2_noRT" "non-targeting_noRT"
"23997" "Fhl4" 0 NA NA NA NA 0 0 "Uqcrc2_noRT" "non-targeting_noRT"
"23998" "Gm38575" 0 NA NA NA NA 0 0 "Uqcrc2_noRT" "non-targeting_noRT"
"23999" "Btbd11" 0 NA NA NA NA 0 0 "Uqcrc2_noRT" "non-targeting_noRT"
"24000" "Gm47358" 0 NA NA NA NA 0 0 "Uqcrc2_noRT" "non-targeting_noRT"
"24001" "Gm1559" 0 NA NA NA NA 0 0 "Uqcrc2_noRT" "non-targeting_noRT"
"24002" "A230060F14Rik" 0 NA NA NA NA 0 0 "Uqcrc2_noRT" "non-targeting_noRT"
"24003" "4930486F22Rik" 0 NA NA NA NA 0 0 "Uqcrc2_noRT" "non-targeting_noRT"
"24004" "Gm6729" 0 NA NA NA NA 0 0 "Uqcrc2_noRT" "non-targeting_noRT"
"24005" "Gm48485" 0 NA NA NA NA 0 0 "Uqcrc2_noRT" "non-targeting_noRT"
"24006" "Gm15344" 0 NA NA NA NA 0 0 "Uqcrc2_noRT" "non-targeting_noRT"
"24007" "Gm16268" 0 NA NA NA NA 0 0 "Uqcrc2_noRT" "non-targeting_noRT"
"24008" "Stab2" 0 NA NA NA NA 0 0 "Uqcrc2_noRT" "non-targeting_noRT"
"24009" "Gm16280" 0 NA NA NA NA 0 0 "Uqcrc2_noRT" "non-targeting_noRT"
"24010" "Gm16271" 0 NA NA NA NA 0 0 "Uqcrc2_noRT" "non-targeting_noRT"
"24011" "1700113H08Rik" 0 NA NA NA NA 0 0 "Uqcrc2_noRT" "non-targeting_noRT"
"24012" "4930555G07Rik" 0 NA NA NA NA 0 0 "Uqcrc2_noRT" "non-targeting_noRT"
"24013" "Ascl1" 0 NA NA NA NA 0 0 "Uqcrc2_noRT" "non-targeting_noRT"
"24014" "Pah" 0 NA NA NA NA 0 0 "Uqcrc2_noRT" "non-targeting_noRT"
"24015" "Igf1os" 0 NA NA NA NA 0 0 "Uqcrc2_noRT" "non-targeting_noRT"
"24016" "Gm48306" 0 NA NA NA NA 0 0 "Uqcrc2_noRT" "non-targeting_noRT"
"24017" "Pmch" 0 NA NA NA NA 0 0 "Uqcrc2_noRT" "non-targeting_noRT"
"24018" "4921515L22Rik" 0 NA NA NA NA 0 0 "Uqcrc2_noRT" "non-targeting_noRT"
"24019" "Gm16235" 0 NA NA NA NA 0 0 "Uqcrc2_noRT" "non-targeting_noRT"
"24020" "Sycp3" 0 NA NA NA NA 0 0 "Uqcrc2_noRT" "non-targeting_noRT"
"24021" "Mybpc1" 0 NA NA NA NA 0 0 "Uqcrc2_noRT" "non-targeting_noRT"
"24022" "Spic" 0 NA NA NA NA 0 0 "Uqcrc2_noRT" "non-targeting_noRT"
"24023" "Ano4" 0 NA NA NA NA 0 0 "Uqcrc2_noRT" "non-targeting_noRT"
"24024" "Slc17a8" 0 NA NA NA NA 0 0 "Uqcrc2_noRT" "non-targeting_noRT"
"24025" "1500026H17Rik" 0 NA NA NA NA 0 0 "Uqcrc2_noRT" "non-targeting_noRT"
"24026" "4930534H03Rik" 0 NA NA NA NA 0 0 "Uqcrc2_noRT" "non-targeting_noRT"
"24027" "Gm47082" 0 NA NA NA NA 0 0 "Uqcrc2_noRT" "non-targeting_noRT"
"24028" "Gm31592" 0 NA NA NA NA 0 0 "Uqcrc2_noRT" "non-targeting_noRT"
"24029" "Gm20757" 0 NA NA NA NA 0 0 "Uqcrc2_noRT" "non-targeting_noRT"
"24030" "4930401A07Rik" 0 NA NA NA NA 0 0 "Uqcrc2_noRT" "non-targeting_noRT"
"24031" "Gm31822" 0 NA NA NA NA 0 0 "Uqcrc2_noRT" "non-targeting_noRT"
"24032" "Cfap54" 0 NA NA NA NA 0 0 "Uqcrc2_noRT" "non-targeting_noRT"
"24033" "Gm32468" 0 NA NA NA NA 0 0 "Uqcrc2_noRT" "non-targeting_noRT"
"24034" "Gm32688" 0 NA NA NA NA 0 0 "Uqcrc2_noRT" "non-targeting_noRT"
"24035" "Gm17745" 0 NA NA NA NA 0 0 "Uqcrc2_noRT" "non-targeting_noRT"
"24036" "Hal" 0 NA NA NA NA 0 0 "Uqcrc2_noRT" "non-targeting_noRT"
"24037" "4933408J17Rik" 0 NA NA NA NA 0 0 "Uqcrc2_noRT" "non-targeting_noRT"
"24038" "Gm47156" 0 NA NA NA NA 0 0 "Uqcrc2_noRT" "non-targeting_noRT"
"24039" "Ntn4" 0 NA NA NA NA 0 0 "Uqcrc2_noRT" "non-targeting_noRT"
"24040" "Gm15915" 0 NA NA NA NA 0 0 "Uqcrc2_noRT" "non-targeting_noRT"
"24041" "Gm15963" 0 NA NA NA NA 0 0 "Uqcrc2_noRT" "non-targeting_noRT"
"24042" "4930471D02Rik" 0 NA NA NA NA 0 0 "Uqcrc2_noRT" "non-targeting_noRT"
"24043" "Gm4792" 0 NA NA NA NA 0 0 "Uqcrc2_noRT" "non-targeting_noRT"
"24044" "Gm16155" 0 NA NA NA NA 0 0 "Uqcrc2_noRT" "non-targeting_noRT"
"24045" "Tmcc3os" 0 NA NA NA NA 0 0 "Uqcrc2_noRT" "non-targeting_noRT"
"24046" "Gm48657" 0 NA NA NA NA 0 0 "Uqcrc2_noRT" "non-targeting_noRT"
"24047" "Gm48689" 0 NA NA NA NA 0 0 "Uqcrc2_noRT" "non-targeting_noRT"
"24048" "Gm48867" 0 NA NA NA NA 0 0 "Uqcrc2_noRT" "non-targeting_noRT"
"24049" "Gm29684" 0 NA NA NA NA 0 0 "Uqcrc2_noRT" "non-targeting_noRT"
"24050" "Gm33091" 0 NA NA NA NA 0 0 "Uqcrc2_noRT" "non-targeting_noRT"
"24051" "2310039L15Rik" 0 NA NA NA NA 0 0 "Uqcrc2_noRT" "non-targeting_noRT"
"24052" "5730420D15Rik" 0 NA NA NA NA 0 0 "Uqcrc2_noRT" "non-targeting_noRT"
"24053" "Gm47599" 0 NA NA NA NA 0 0 "Uqcrc2_noRT" "non-targeting_noRT"
"24054" "Gm33336" 0 NA NA NA NA 0 0 "Uqcrc2_noRT" "non-targeting_noRT"
"24055" "Gm47667" 0 NA NA NA NA 0 0 "Uqcrc2_noRT" "non-targeting_noRT"
"24056" "Anapc15-ps" 0 NA NA NA NA 0 0 "Uqcrc2_noRT" "non-targeting_noRT"
"24057" "Gm47671" 0 NA NA NA NA 0 0 "Uqcrc2_noRT" "non-targeting_noRT"
"24058" "1110019B22Rik" 0 NA NA NA NA 0 0 "Uqcrc2_noRT" "non-targeting_noRT"
"24059" "Gm47708" 0 NA NA NA NA 0 0 "Uqcrc2_noRT" "non-targeting_noRT"
"24060" "4732465J04Rik" 0 NA NA NA NA 0 0 "Uqcrc2_noRT" "non-targeting_noRT"
"24061" "Gm47718" 0 NA NA NA NA 0 0 "Uqcrc2_noRT" "non-targeting_noRT"
"24062" "Gm47719" 0 NA NA NA NA 0 0 "Uqcrc2_noRT" "non-targeting_noRT"
"24063" "Gm33543" 0 NA NA NA NA 0 0 "Uqcrc2_noRT" "non-targeting_noRT"
"24064" "Gm47725" 0 NA NA NA NA 0 0 "Uqcrc2_noRT" "non-targeting_noRT"
"24065" "Gm5426" 0 NA NA NA NA 0 0 "Uqcrc2_noRT" "non-targeting_noRT"
"24066" "4930459C07Rik" 0 NA NA NA NA 0 0 "Uqcrc2_noRT" "non-targeting_noRT"
"24067" "Gm48428" 0 NA NA NA NA 0 0 "Uqcrc2_noRT" "non-targeting_noRT"
"24068" "Gm48505" 0 NA NA NA NA 0 0 "Uqcrc2_noRT" "non-targeting_noRT"
"24069" "Gm33843" 0 NA NA NA NA 0 0 "Uqcrc2_noRT" "non-targeting_noRT"
"24070" "Gm48521" 0 NA NA NA NA 0 0 "Uqcrc2_noRT" "non-targeting_noRT"
"24071" "Gm33981" 0 NA NA NA NA 0 0 "Uqcrc2_noRT" "non-targeting_noRT"
"24072" "4930556N09Rik" 0 NA NA NA NA 0 0 "Uqcrc2_noRT" "non-targeting_noRT"
"24073" "Lum" 0 NA NA NA NA 0 0 "Uqcrc2_noRT" "non-targeting_noRT"
"24074" "4930473O22Rik" 0 NA NA NA NA 0 0 "Uqcrc2_noRT" "non-targeting_noRT"
"24075" "Kera" 0 NA NA NA NA 0 0 "Uqcrc2_noRT" "non-targeting_noRT"
"24076" "Epyc" 0 NA NA NA NA 0 0 "Uqcrc2_noRT" "non-targeting_noRT"
"24077" "Gm10754" 0 NA NA NA NA 0 0 "Uqcrc2_noRT" "non-targeting_noRT"
"24078" "Ccer1" 0 NA NA NA NA 0 0 "Uqcrc2_noRT" "non-targeting_noRT"
"24079" "4930525C09Rik" 0 NA NA NA NA 0 0 "Uqcrc2_noRT" "non-targeting_noRT"
"24080" "C030005K15Rik" 0 NA NA NA NA 0 0 "Uqcrc2_noRT" "non-targeting_noRT"
"24081" "Gm8633" 0 NA NA NA NA 0 0 "Uqcrc2_noRT" "non-targeting_noRT"
"24082" "Gm34297" 0 NA NA NA NA 0 0 "Uqcrc2_noRT" "non-targeting_noRT"
"24083" "Gm5427" 0 NA NA NA NA 0 0 "Uqcrc2_noRT" "non-targeting_noRT"
"24084" "Gm16239" 0 NA NA NA NA 0 0 "Uqcrc2_noRT" "non-targeting_noRT"
"24085" "Gm48884" 0 NA NA NA NA 0 0 "Uqcrc2_noRT" "non-targeting_noRT"
"24086" "Gm34777" 0 NA NA NA NA 0 0 "Uqcrc2_noRT" "non-targeting_noRT"
"24087" "Gm34921" 0 NA NA NA NA 0 0 "Uqcrc2_noRT" "non-targeting_noRT"
"24088" "Gm48089" 0 NA NA NA NA 0 0 "Uqcrc2_noRT" "non-targeting_noRT"
"24089" "B530045E10Rik" 0 NA NA NA NA 0 0 "Uqcrc2_noRT" "non-targeting_noRT"
"24090" "Gm35035" 0 NA NA NA NA 0 0 "Uqcrc2_noRT" "non-targeting_noRT"
"24091" "Gm34983" 0 NA NA NA NA 0 0 "Uqcrc2_noRT" "non-targeting_noRT"
"24092" "Gm20110" 0 NA NA NA NA 0 0 "Uqcrc2_noRT" "non-targeting_noRT"
"24093" "Gm35101" 0 NA NA NA NA 0 0 "Uqcrc2_noRT" "non-targeting_noRT"
"24094" "Gm47578" 0 NA NA NA NA 0 0 "Uqcrc2_noRT" "non-targeting_noRT"
"24095" "Csl" 0 NA NA NA NA 0 0 "Uqcrc2_noRT" "non-targeting_noRT"
"24096" "Gm35206" 0 NA NA NA NA 0 0 "Uqcrc2_noRT" "non-targeting_noRT"
"24097" "Gm35533" 0 NA NA NA NA 0 0 "Uqcrc2_noRT" "non-targeting_noRT"
"24098" "Gm4301" 0 NA NA NA NA 0 0 "Uqcrc2_noRT" "non-targeting_noRT"
"24099" "Gm4302" 0 NA NA NA NA 0 0 "Uqcrc2_noRT" "non-targeting_noRT"
"24100" "Gm4303" 0 NA NA NA NA 0 0 "Uqcrc2_noRT" "non-targeting_noRT"
"24101" "Gm4305" 0 NA NA NA NA 0 0 "Uqcrc2_noRT" "non-targeting_noRT"
"24102" "Gm4307" 0 NA NA NA NA 0 0 "Uqcrc2_noRT" "non-targeting_noRT"
"24103" "Gm47631" 0 NA NA NA NA 0 0 "Uqcrc2_noRT" "non-targeting_noRT"
"24104" "Gm4312" 0 NA NA NA NA 0 0 "Uqcrc2_noRT" "non-targeting_noRT"
"24105" "Gm47956" 0 NA NA NA NA 0 0 "Uqcrc2_noRT" "non-targeting_noRT"
"24106" "1700017N19Rik" 0 NA NA NA NA 0 0 "Uqcrc2_noRT" "non-targeting_noRT"
"24107" "Gm35722" 0 NA NA NA NA 0 0 "Uqcrc2_noRT" "non-targeting_noRT"
"24108" "Mgat4c" 0 NA NA NA NA 0 0 "Uqcrc2_noRT" "non-targeting_noRT"
"24109" "Gm47031" 0 NA NA NA NA 0 0 "Uqcrc2_noRT" "non-targeting_noRT"
"24110" "Gm47033" 0 NA NA NA NA 0 0 "Uqcrc2_noRT" "non-targeting_noRT"
"24111" "Nts" 0 NA NA NA NA 0 0 "Uqcrc2_noRT" "non-targeting_noRT"
"24112" "Rassf9" 0 NA NA NA NA 0 0 "Uqcrc2_noRT" "non-targeting_noRT"
"24113" "Gm47143" 0 NA NA NA NA 0 0 "Uqcrc2_noRT" "non-targeting_noRT"
"24114" "Gm17028" 0 NA NA NA NA 0 0 "Uqcrc2_noRT" "non-targeting_noRT"
"24115" "Lrriq1" 0 NA NA NA NA 0 0 "Uqcrc2_noRT" "non-targeting_noRT"
"24116" "Gm47223" 0 NA NA NA NA 0 0 "Uqcrc2_noRT" "non-targeting_noRT"
"24117" "Gm47221" 0 NA NA NA NA 0 0 "Uqcrc2_noRT" "non-targeting_noRT"
"24118" "Gm47224" 0 NA NA NA NA 0 0 "Uqcrc2_noRT" "non-targeting_noRT"
"24119" "Gm47226" 0 NA NA NA NA 0 0 "Uqcrc2_noRT" "non-targeting_noRT"
"24120" "Gm21293" 0 NA NA NA NA 0 0 "Uqcrc2_noRT" "non-targeting_noRT"
"24121" "Gm6763" 0 NA NA NA NA 0 0 "Uqcrc2_noRT" "non-targeting_noRT"
"24122" "Gm8764" 0 NA NA NA NA 0 0 "Uqcrc2_noRT" "non-targeting_noRT"
"24123" "Gm21304" 0 NA NA NA NA 0 0 "Uqcrc2_noRT" "non-targeting_noRT"
"24124" "Gm21312" 0 NA NA NA NA 0 0 "Uqcrc2_noRT" "non-targeting_noRT"
"24125" "Gm20765" 0 NA NA NA NA 0 0 "Uqcrc2_noRT" "non-targeting_noRT"
"24126" "Gm4340" 0 NA NA NA NA 0 0 "Uqcrc2_noRT" "non-targeting_noRT"
"24127" "Tmtc2" 0 NA NA NA NA 0 0 "Uqcrc2_noRT" "non-targeting_noRT"
"24128" "Gm15663" 0 NA NA NA NA 0 0 "Uqcrc2_noRT" "non-targeting_noRT"
"24129" "4930532I03Rik" 0 NA NA NA NA 0 0 "Uqcrc2_noRT" "non-targeting_noRT"
"24130" "Acss3" 0 NA NA NA NA 0 0 "Uqcrc2_noRT" "non-targeting_noRT"
"24131" "Gm29674" 0 NA NA NA NA 0 0 "Uqcrc2_noRT" "non-targeting_noRT"
"24132" "Lin7a" 0 NA NA NA NA 0 0 "Uqcrc2_noRT" "non-targeting_noRT"
"24133" "Myf5" 0 NA NA NA NA 0 0 "Uqcrc2_noRT" "non-targeting_noRT"
"24134" "Myf6" 0 NA NA NA NA 0 0 "Uqcrc2_noRT" "non-targeting_noRT"
"24135" "Ptprq" 0 NA NA NA NA 0 0 "Uqcrc2_noRT" "non-targeting_noRT"
"24136" "Otogl" 0 NA NA NA NA 0 0 "Uqcrc2_noRT" "non-targeting_noRT"
"24137" "Gm29685" 0 NA NA NA NA 0 0 "Uqcrc2_noRT" "non-targeting_noRT"
"24138" "Pawr" 0 NA NA NA NA 0 0 "Uqcrc2_noRT" "non-targeting_noRT"
"24139" "Gm36283" 0 NA NA NA NA 0 0 "Uqcrc2_noRT" "non-targeting_noRT"
"24140" "Gm5136" 0 NA NA NA NA 0 0 "Uqcrc2_noRT" "non-targeting_noRT"
"24141" "9230102K24Rik" 0 NA NA NA NA 0 0 "Uqcrc2_noRT" "non-targeting_noRT"
"24142" "1700020G17Rik" 0 NA NA NA NA 0 0 "Uqcrc2_noRT" "non-targeting_noRT"
"24143" "Gm40761" 0 NA NA NA NA 0 0 "Uqcrc2_noRT" "non-targeting_noRT"
"24144" "4933440J02Rik" 0 NA NA NA NA 0 0 "Uqcrc2_noRT" "non-targeting_noRT"
"24145" "Gm47865" 0 NA NA NA NA 0 0 "Uqcrc2_noRT" "non-targeting_noRT"
"24146" "Gm20758" 0 NA NA NA NA 0 0 "Uqcrc2_noRT" "non-targeting_noRT"
"24147" "Glipr1" 0 NA NA NA NA 0 0 "Uqcrc2_noRT" "non-targeting_noRT"
"24148" "Glipr1l1" 0 NA NA NA NA 0 0 "Uqcrc2_noRT" "non-targeting_noRT"
"24149" "Glipr1l2" 0 NA NA NA NA 0 0 "Uqcrc2_noRT" "non-targeting_noRT"
"24150" "Glipr1l3" 0 NA NA NA NA 0 0 "Uqcrc2_noRT" "non-targeting_noRT"
"24151" "Caps2" 0 NA NA NA NA 0 0 "Uqcrc2_noRT" "non-targeting_noRT"
"24152" "Gm47419" 0 NA NA NA NA 0 0 "Uqcrc2_noRT" "non-targeting_noRT"
"24153" "Kcnc2" 0 NA NA NA NA 0 0 "Uqcrc2_noRT" "non-targeting_noRT"
"24154" "1700010J16Rik" 0 NA NA NA NA 0 0 "Uqcrc2_noRT" "non-targeting_noRT"
"24155" "Gm3942" 0 NA NA NA NA 0 0 "Uqcrc2_noRT" "non-targeting_noRT"
"24156" "Gm47524" 0 NA NA NA NA 0 0 "Uqcrc2_noRT" "non-targeting_noRT"
"24157" "Gm47532" 0 NA NA NA NA 0 0 "Uqcrc2_noRT" "non-targeting_noRT"
"24158" "Gm40765" 0 NA NA NA NA 0 0 "Uqcrc2_noRT" "non-targeting_noRT"
"24159" "Trhde" 0 NA NA NA NA 0 0 "Uqcrc2_noRT" "non-targeting_noRT"
"24160" "4930473D10Rik" 0 NA NA NA NA 0 0 "Uqcrc2_noRT" "non-targeting_noRT"
"24161" "Gm15723" 0 NA NA NA NA 0 0 "Uqcrc2_noRT" "non-targeting_noRT"
"24162" "Gm31182" 0 NA NA NA NA 0 0 "Uqcrc2_noRT" "non-targeting_noRT"
"24163" "Gm31267" 0 NA NA NA NA 0 0 "Uqcrc2_noRT" "non-targeting_noRT"
"24164" "Lgr5" 0 NA NA NA NA 0 0 "Uqcrc2_noRT" "non-targeting_noRT"
"24165" "A930009A15Rik" 0 NA NA NA NA 0 0 "Uqcrc2_noRT" "non-targeting_noRT"
"24166" "4930422I22Rik" 0 NA NA NA NA 0 0 "Uqcrc2_noRT" "non-targeting_noRT"
"24167" "Ptprr" 0 NA NA NA NA 0 0 "Uqcrc2_noRT" "non-targeting_noRT"
"24168" "Taf7l2" 0 NA NA NA NA 0 0 "Uqcrc2_noRT" "non-targeting_noRT"
"24169" "Ptprb" 0 NA NA NA NA 0 0 "Uqcrc2_noRT" "non-targeting_noRT"
"24170" "Kcnmb4os1" 0 NA NA NA NA 0 0 "Uqcrc2_noRT" "non-targeting_noRT"
"24171" "Kcnmb4os2" 0 NA NA NA NA 0 0 "Uqcrc2_noRT" "non-targeting_noRT"
"24172" "1700030O20Rik" 0 NA NA NA NA 0 0 "Uqcrc2_noRT" "non-targeting_noRT"
"24173" "4930579P08Rik" 0 NA NA NA NA 0 0 "Uqcrc2_noRT" "non-targeting_noRT"
"24174" "Gm10271" 0 NA NA NA NA 0 0 "Uqcrc2_noRT" "non-targeting_noRT"
"24175" "D630029K05Rik" 0 NA NA NA NA 0 0 "Uqcrc2_noRT" "non-targeting_noRT"
"24176" "Best3" 0 NA NA NA NA 0 0 "Uqcrc2_noRT" "non-targeting_noRT"
"24177" "Gm10747" 0 NA NA NA NA 0 0 "Uqcrc2_noRT" "non-targeting_noRT"
"24178" "Lrrc10" 0 NA NA NA NA 0 0 "Uqcrc2_noRT" "non-targeting_noRT"
"24179" "4930423D24Rik" 0 NA NA NA NA 0 0 "Uqcrc2_noRT" "non-targeting_noRT"
"24180" "Gm48772" 0 NA NA NA NA 0 0 "Uqcrc2_noRT" "non-targeting_noRT"
"24181" "9530003J23Rik" 0 NA NA NA NA 0 0 "Uqcrc2_noRT" "non-targeting_noRT"
"24182" "Lyz1" 0 NA NA NA NA 0 0 "Uqcrc2_noRT" "non-targeting_noRT"
"24183" "Gm32141" 0 NA NA NA NA 0 0 "Uqcrc2_noRT" "non-targeting_noRT"
"24184" "Gm32235" 0 NA NA NA NA 0 0 "Uqcrc2_noRT" "non-targeting_noRT"
"24185" "Gm32365" 0 NA NA NA NA 0 0 "Uqcrc2_noRT" "non-targeting_noRT"
"24186" "Gm32552" 0 NA NA NA NA 0 0 "Uqcrc2_noRT" "non-targeting_noRT"
"24187" "Gm40773" 0 NA NA NA NA 0 0 "Uqcrc2_noRT" "non-targeting_noRT"
"24188" "4933411E08Rik" 0 NA NA NA NA 0 0 "Uqcrc2_noRT" "non-targeting_noRT"
"24189" "5330439M10Rik" 0 NA NA NA NA 0 0 "Uqcrc2_noRT" "non-targeting_noRT"
"24190" "Gm47958" 0 NA NA NA NA 0 0 "Uqcrc2_noRT" "non-targeting_noRT"
"24191" "Il22" 0 NA NA NA NA 0 0 "Uqcrc2_noRT" "non-targeting_noRT"
"24192" "Gm32717" 0 NA NA NA NA 0 0 "Uqcrc2_noRT" "non-targeting_noRT"
"24193" "Gm32802" 0 NA NA NA NA 0 0 "Uqcrc2_noRT" "non-targeting_noRT"
"24194" "Iltifb" 0 NA NA NA NA 0 0 "Uqcrc2_noRT" "non-targeting_noRT"
"24195" "Gm9040" 0 NA NA NA NA 0 0 "Uqcrc2_noRT" "non-targeting_noRT"
"24196" "Gm9044" 0 NA NA NA NA 0 0 "Uqcrc2_noRT" "non-targeting_noRT"
"24197" "Gm9045" 0 NA NA NA NA 0 0 "Uqcrc2_noRT" "non-targeting_noRT"
"24198" "Gm9046" 0 NA NA NA NA 0 0 "Uqcrc2_noRT" "non-targeting_noRT"
"24199" "Gm9048" 0 NA NA NA NA 0 0 "Uqcrc2_noRT" "non-targeting_noRT"
"24200" "Gm9049" 0 NA NA NA NA 0 0 "Uqcrc2_noRT" "non-targeting_noRT"
"24201" "Ifng" 0 NA NA NA NA 0 0 "Uqcrc2_noRT" "non-targeting_noRT"
"24202" "Ifngas1" 0 NA NA NA NA 0 0 "Uqcrc2_noRT" "non-targeting_noRT"
"24203" "Gm33337" 0 NA NA NA NA 0 0 "Uqcrc2_noRT" "non-targeting_noRT"
"24204" "Gm47425" 0 NA NA NA NA 0 0 "Uqcrc2_noRT" "non-targeting_noRT"
"24205" "Gm4065" 0 NA NA NA NA 0 0 "Uqcrc2_noRT" "non-targeting_noRT"
"24206" "Gm38403" 0 NA NA NA NA 0 0 "Uqcrc2_noRT" "non-targeting_noRT"
"24207" "Gm47461" 0 NA NA NA NA 0 0 "Uqcrc2_noRT" "non-targeting_noRT"
"24208" "Gm33677" 0 NA NA NA NA 0 0 "Uqcrc2_noRT" "non-targeting_noRT"
"24209" "1700064J06Rik" 0 NA NA NA NA 0 0 "Uqcrc2_noRT" "non-targeting_noRT"
"24210" "Gm47480" 0 NA NA NA NA 0 0 "Uqcrc2_noRT" "non-targeting_noRT"
"24211" "Gm34045" 0 NA NA NA NA 0 0 "Uqcrc2_noRT" "non-targeting_noRT"
"24212" "1700025F24Rik" 0 NA NA NA NA 0 0 "Uqcrc2_noRT" "non-targeting_noRT"
"24213" "Grip1os3" 0 NA NA NA NA 0 0 "Uqcrc2_noRT" "non-targeting_noRT"
"24214" "Gm16321" 0 NA NA NA NA 0 0 "Uqcrc2_noRT" "non-targeting_noRT"
"24215" "Gm47027" 0 NA NA NA NA 0 0 "Uqcrc2_noRT" "non-targeting_noRT"
"24216" "Grip1os2" 0 NA NA NA NA 0 0 "Uqcrc2_noRT" "non-targeting_noRT"
"24217" "Grip1os1" 0 NA NA NA NA 0 0 "Uqcrc2_noRT" "non-targeting_noRT"
"24218" "Gm47009" 0 NA NA NA NA 0 0 "Uqcrc2_noRT" "non-targeting_noRT"
"24219" "9230105E05Rik" 0 NA NA NA NA 0 0 "Uqcrc2_noRT" "non-targeting_noRT"
"24220" "Gm48202" 0 NA NA NA NA 0 0 "Uqcrc2_noRT" "non-targeting_noRT"
"24221" "4921513I03Rik" 0 NA NA NA NA 0 0 "Uqcrc2_noRT" "non-targeting_noRT"
"24222" "Gm15961" 0 NA NA NA NA 0 0 "Uqcrc2_noRT" "non-targeting_noRT"
"24223" "Gm4473" 0 NA NA NA NA 0 0 "Uqcrc2_noRT" "non-targeting_noRT"
"24224" "Gm48341" 0 NA NA NA NA 0 0 "Uqcrc2_noRT" "non-targeting_noRT"
"24225" "Wif1" 0 NA NA NA NA 0 0 "Uqcrc2_noRT" "non-targeting_noRT"
"24226" "Gm48410" 0 NA NA NA NA 0 0 "Uqcrc2_noRT" "non-targeting_noRT"
"24227" "4930432O09Rik" 0 NA NA NA NA 0 0 "Uqcrc2_noRT" "non-targeting_noRT"
"24228" "Gm35404" 0 NA NA NA NA 0 0 "Uqcrc2_noRT" "non-targeting_noRT"
"24229" "Gm48435" 0 NA NA NA NA 0 0 "Uqcrc2_noRT" "non-targeting_noRT"
"24230" "Gm40787" 0 NA NA NA NA 0 0 "Uqcrc2_noRT" "non-targeting_noRT"
"24231" "Gm46204" 0 NA NA NA NA 0 0 "Uqcrc2_noRT" "non-targeting_noRT"
"24232" "Gm35696" 0 NA NA NA NA 0 0 "Uqcrc2_noRT" "non-targeting_noRT"
"24233" "D930020B18Rik" 0 NA NA NA NA 0 0 "Uqcrc2_noRT" "non-targeting_noRT"
"24234" "Gm35865" 0 NA NA NA NA 0 0 "Uqcrc2_noRT" "non-targeting_noRT"
"24235" "Gm4489" 0 NA NA NA NA 0 0 "Uqcrc2_noRT" "non-targeting_noRT"
"24236" "Gm36041" 0 NA NA NA NA 0 0 "Uqcrc2_noRT" "non-targeting_noRT"
"24237" "Gm48877" 0 NA NA NA NA 0 0 "Uqcrc2_noRT" "non-targeting_noRT"
"24238" "Avpr1a" 0 NA NA NA NA 0 0 "Uqcrc2_noRT" "non-targeting_noRT"
"24239" "A130077B15Rik" 0 NA NA NA NA 0 0 "Uqcrc2_noRT" "non-targeting_noRT"
"24240" "Gm4129" 0 NA NA NA NA 0 0 "Uqcrc2_noRT" "non-targeting_noRT"
"24241" "Gm47839" 0 NA NA NA NA 0 0 "Uqcrc2_noRT" "non-targeting_noRT"
"24242" "Gm36719" 0 NA NA NA NA 0 0 "Uqcrc2_noRT" "non-targeting_noRT"
"24243" "Slc16a7" 0 NA NA NA NA 0 0 "Uqcrc2_noRT" "non-targeting_noRT"
"24244" "Gm45604" 0 NA NA NA NA 0 0 "Uqcrc2_noRT" "non-targeting_noRT"
"24245" "1700021G15Rik" 0 NA NA NA NA 0 0 "Uqcrc2_noRT" "non-targeting_noRT"
"24246" "1700025K04Rik" 0 NA NA NA NA 0 0 "Uqcrc2_noRT" "non-targeting_noRT"
"24247" "Gm40797" 0 NA NA NA NA 0 0 "Uqcrc2_noRT" "non-targeting_noRT"
"24248" "Gm47966" 0 NA NA NA NA 0 0 "Uqcrc2_noRT" "non-targeting_noRT"
"24249" "4930484H19Rik" 0 NA NA NA NA 0 0 "Uqcrc2_noRT" "non-targeting_noRT"
"24250" "Gm47972" 0 NA NA NA NA 0 0 "Uqcrc2_noRT" "non-targeting_noRT"
"24251" "Cyp27b1" 0 NA NA NA NA 0 0 "Uqcrc2_noRT" "non-targeting_noRT"
"24252" "Agap2" 0 NA NA NA NA 0 0 "Uqcrc2_noRT" "non-targeting_noRT"
"24253" "Gm4189" 0 NA NA NA NA 0 0 "Uqcrc2_noRT" "non-targeting_noRT"
"24254" "Ddit3.1" 0 NA NA NA NA 0 0 "Uqcrc2_noRT" "non-targeting_noRT"
"24255" "Gli1" 0 NA NA NA NA 0 0 "Uqcrc2_noRT" "non-targeting_noRT"
"24256" "Gm47200" 0 NA NA NA NA 0 0 "Uqcrc2_noRT" "non-targeting_noRT"
"24257" "Inhbe" 0 NA NA NA NA 0 0 "Uqcrc2_noRT" "non-targeting_noRT"
"24258" "Inhbc" 0 NA NA NA NA 0 0 "Uqcrc2_noRT" "non-targeting_noRT"
"24259" "Ndufa4l2" 0 NA NA NA NA 0 0 "Uqcrc2_noRT" "non-targeting_noRT"
"24260" "Gm16217" 0 NA NA NA NA 0 0 "Uqcrc2_noRT" "non-targeting_noRT"
"24261" "Gm16229" 0 NA NA NA NA 0 0 "Uqcrc2_noRT" "non-targeting_noRT"
"24262" "Myo1a" 0 NA NA NA NA 0 0 "Uqcrc2_noRT" "non-targeting_noRT"
"24263" "Tac2" 0 NA NA NA NA 0 0 "Uqcrc2_noRT" "non-targeting_noRT"
"24264" "Gpr182" 0 NA NA NA NA 0 0 "Uqcrc2_noRT" "non-targeting_noRT"
"24265" "Rdh1" 0 NA NA NA NA 0 0 "Uqcrc2_noRT" "non-targeting_noRT"
"24266" "Rdh9" 0 NA NA NA NA 0 0 "Uqcrc2_noRT" "non-targeting_noRT"
"24267" "Rdh16" 0 NA NA NA NA 0 0 "Uqcrc2_noRT" "non-targeting_noRT"
"24268" "Rdh19" 0 NA NA NA NA 0 0 "Uqcrc2_noRT" "non-targeting_noRT"
"24269" "Rdh16f2" 0 NA NA NA NA 0 0 "Uqcrc2_noRT" "non-targeting_noRT"
"24270" "Rdh7" 0 NA NA NA NA 0 0 "Uqcrc2_noRT" "non-targeting_noRT"
"24271" "Sdr9c7" 0 NA NA NA NA 0 0 "Uqcrc2_noRT" "non-targeting_noRT"
"24272" "Hsd17b6" 0 NA NA NA NA 0 0 "Uqcrc2_noRT" "non-targeting_noRT"
"24273" "AC135859.1" 0 NA NA NA NA 0 0 "Uqcrc2_noRT" "non-targeting_noRT"
"24274" "Mip" 0 NA NA NA NA 0 0 "Uqcrc2_noRT" "non-targeting_noRT"
"24275" "Apof" 0 NA NA NA NA 0 0 "Uqcrc2_noRT" "non-targeting_noRT"
"24276" "Gm17201" 0 NA NA NA NA 0 0 "Uqcrc2_noRT" "non-targeting_noRT"
"24277" "Slc39a5" 0 NA NA NA NA 0 0 "Uqcrc2_noRT" "non-targeting_noRT"
"24278" "Gm47540" 0 NA NA NA NA 0 0 "Uqcrc2_noRT" "non-targeting_noRT"
"24279" "Gm26876" 0 NA NA NA NA 0 0 "Uqcrc2_noRT" "non-targeting_noRT"
"24280" "Gm47093" 0 NA NA NA NA 0 0 "Uqcrc2_noRT" "non-targeting_noRT"
"24281" "Mettl7b" 0 NA NA NA NA 0 0 "Uqcrc2_noRT" "non-targeting_noRT"
"24282" "9030616G12Rik" 0 NA NA NA NA 0 0 "Uqcrc2_noRT" "non-targeting_noRT"
"24283" "Olfr9" 0 NA NA NA NA 0 0 "Uqcrc2_noRT" "non-targeting_noRT"
"24284" "Olfr763" 0 NA NA NA NA 0 0 "Uqcrc2_noRT" "non-targeting_noRT"
"24285" "Olfr764-ps1" 0 NA NA NA NA 0 0 "Uqcrc2_noRT" "non-targeting_noRT"
"24286" "Olfr765" 0 NA NA NA NA 0 0 "Uqcrc2_noRT" "non-targeting_noRT"
"24287" "Olfr766-ps1" 0 NA NA NA NA 0 0 "Uqcrc2_noRT" "non-targeting_noRT"
"24288" "Olfr767" 0 NA NA NA NA 0 0 "Uqcrc2_noRT" "non-targeting_noRT"
"24289" "Olfr768" 0 NA NA NA NA 0 0 "Uqcrc2_noRT" "non-targeting_noRT"
"24290" "Olfr769" 0 NA NA NA NA 0 0 "Uqcrc2_noRT" "non-targeting_noRT"
"24291" "Olfr770" 0 NA NA NA NA 0 0 "Uqcrc2_noRT" "non-targeting_noRT"
"24292" "Olfr771" 0 NA NA NA NA 0 0 "Uqcrc2_noRT" "non-targeting_noRT"
"24293" "Olfr772" 0 NA NA NA NA 0 0 "Uqcrc2_noRT" "non-targeting_noRT"
"24294" "Olfr773" 0 NA NA NA NA 0 0 "Uqcrc2_noRT" "non-targeting_noRT"
"24295" "Olfr774" 0 NA NA NA NA 0 0 "Uqcrc2_noRT" "non-targeting_noRT"
"24296" "Olfr775" 0 NA NA NA NA 0 0 "Uqcrc2_noRT" "non-targeting_noRT"
"24297" "Olfr776" 0 NA NA NA NA 0 0 "Uqcrc2_noRT" "non-targeting_noRT"
"24298" "Olfr777" 0 NA NA NA NA 0 0 "Uqcrc2_noRT" "non-targeting_noRT"
"24299" "Olfr780" 0 NA NA NA NA 0 0 "Uqcrc2_noRT" "non-targeting_noRT"
"24300" "Olfr781" 0 NA NA NA NA 0 0 "Uqcrc2_noRT" "non-targeting_noRT"
"24301" "Olfr782" 0 NA NA NA NA 0 0 "Uqcrc2_noRT" "non-targeting_noRT"
"24302" "Olfr784" 0 NA NA NA NA 0 0 "Uqcrc2_noRT" "non-targeting_noRT"
"24303" "Olfr785" 0 NA NA NA NA 0 0 "Uqcrc2_noRT" "non-targeting_noRT"
"24304" "Olfr786" 0 NA NA NA NA 0 0 "Uqcrc2_noRT" "non-targeting_noRT"
"24305" "Olfr787" 0 NA NA NA NA 0 0 "Uqcrc2_noRT" "non-targeting_noRT"
"24306" "Olfr788" 0 NA NA NA NA 0 0 "Uqcrc2_noRT" "non-targeting_noRT"
"24307" "Olfr789" 0 NA NA NA NA 0 0 "Uqcrc2_noRT" "non-targeting_noRT"
"24308" "Olfr790" 0 NA NA NA NA 0 0 "Uqcrc2_noRT" "non-targeting_noRT"
"24309" "Olfr791" 0 NA NA NA NA 0 0 "Uqcrc2_noRT" "non-targeting_noRT"
"24310" "Olfr792" 0 NA NA NA NA 0 0 "Uqcrc2_noRT" "non-targeting_noRT"
"24311" "Olfr794" 0 NA NA NA NA 0 0 "Uqcrc2_noRT" "non-targeting_noRT"
"24312" "Olfr796" 0 NA NA NA NA 0 0 "Uqcrc2_noRT" "non-targeting_noRT"
"24313" "Olfr798" 0 NA NA NA NA 0 0 "Uqcrc2_noRT" "non-targeting_noRT"
"24314" "Olfr799" 0 NA NA NA NA 0 0 "Uqcrc2_noRT" "non-targeting_noRT"
"24315" "Olfr800" 0 NA NA NA NA 0 0 "Uqcrc2_noRT" "non-targeting_noRT"
"24316" "Olfr801" 0 NA NA NA NA 0 0 "Uqcrc2_noRT" "non-targeting_noRT"
"24317" "Olfr802" 0 NA NA NA NA 0 0 "Uqcrc2_noRT" "non-targeting_noRT"
"24318" "Olfr803" 0 NA NA NA NA 0 0 "Uqcrc2_noRT" "non-targeting_noRT"
"24319" "Olfr804" 0 NA NA NA NA 0 0 "Uqcrc2_noRT" "non-targeting_noRT"
"24320" "Olfr805" 0 NA NA NA NA 0 0 "Uqcrc2_noRT" "non-targeting_noRT"
"24321" "Olfr806" 0 NA NA NA NA 0 0 "Uqcrc2_noRT" "non-targeting_noRT"
"24322" "Olfr807" 0 NA NA NA NA 0 0 "Uqcrc2_noRT" "non-targeting_noRT"
"24323" "Olfr808" 0 NA NA NA NA 0 0 "Uqcrc2_noRT" "non-targeting_noRT"
"24324" "Olfr809" 0 NA NA NA NA 0 0 "Uqcrc2_noRT" "non-targeting_noRT"
"24325" "Olfr810" 0 NA NA NA NA 0 0 "Uqcrc2_noRT" "non-targeting_noRT"
"24326" "Olfr811" 0 NA NA NA NA 0 0 "Uqcrc2_noRT" "non-targeting_noRT"
"24327" "Olfr812" 0 NA NA NA NA 0 0 "Uqcrc2_noRT" "non-targeting_noRT"
"24328" "Olfr813" 0 NA NA NA NA 0 0 "Uqcrc2_noRT" "non-targeting_noRT"
"24329" "Olfr814" 0 NA NA NA NA 0 0 "Uqcrc2_noRT" "non-targeting_noRT"
"24330" "Olfr815" 0 NA NA NA NA 0 0 "Uqcrc2_noRT" "non-targeting_noRT"
"24331" "Olfr816" 0 NA NA NA NA 0 0 "Uqcrc2_noRT" "non-targeting_noRT"
"24332" "Olfr818" 0 NA NA NA NA 0 0 "Uqcrc2_noRT" "non-targeting_noRT"
"24333" "Olfr819" 0 NA NA NA NA 0 0 "Uqcrc2_noRT" "non-targeting_noRT"
"24334" "Olfr247" 0 NA NA NA NA 0 0 "Uqcrc2_noRT" "non-targeting_noRT"
"24335" "Gm10310" 0 NA NA NA NA 0 0 "Uqcrc2_noRT" "non-targeting_noRT"
"24336" "Olfr820" 0 NA NA NA NA 0 0 "Uqcrc2_noRT" "non-targeting_noRT"
"24337" "Olfr821" 0 NA NA NA NA 0 0 "Uqcrc2_noRT" "non-targeting_noRT"
"24338" "Olfr822" 0 NA NA NA NA 0 0 "Uqcrc2_noRT" "non-targeting_noRT"
"24339" "Olfr823" 0 NA NA NA NA 0 0 "Uqcrc2_noRT" "non-targeting_noRT"
"24340" "Olfr824" 0 NA NA NA NA 0 0 "Uqcrc2_noRT" "non-targeting_noRT"
"24341" "Olfr825" 0 NA NA NA NA 0 0 "Uqcrc2_noRT" "non-targeting_noRT"
"24342" "Olfr826" 0 NA NA NA NA 0 0 "Uqcrc2_noRT" "non-targeting_noRT"
"24343" "Olfr827" 0 NA NA NA NA 0 0 "Uqcrc2_noRT" "non-targeting_noRT"
"24344" "Neurod4" 0 NA NA NA NA 0 0 "Uqcrc2_noRT" "non-targeting_noRT"
"24345" "Tespa1" 0 NA NA NA NA 0 0 "Uqcrc2_noRT" "non-targeting_noRT"
"24346" "Vmn2r84" 0 NA NA NA NA 0 0 "Uqcrc2_noRT" "non-targeting_noRT"
"24347" "Vmn2r85" 0 NA NA NA NA 0 0 "Uqcrc2_noRT" "non-targeting_noRT"
"24348" "Vmn2r86" 0 NA NA NA NA 0 0 "Uqcrc2_noRT" "non-targeting_noRT"
"24349" "Vmn2r87" 0 NA NA NA NA 0 0 "Uqcrc2_noRT" "non-targeting_noRT"
"24350" "Gm11399" 0 NA NA NA NA 0 0 "Uqcrc2_noRT" "non-targeting_noRT"
"24351" "Gm12735" 0 NA NA NA NA 0 0 "Uqcrc2_noRT" "non-targeting_noRT"
"24352" "Gm12592" 0 NA NA NA NA 0 0 "Uqcrc2_noRT" "non-targeting_noRT"
"24353" "Gm11948" 0 NA NA NA NA 0 0 "Uqcrc2_noRT" "non-targeting_noRT"
"24354" "Pla2g3" 0 NA NA NA NA 0 0 "Uqcrc2_noRT" "non-targeting_noRT"
"24355" "Gm11946" 0 NA NA NA NA 0 0 "Uqcrc2_noRT" "non-targeting_noRT"
"24356" "Gm11947" 0 NA NA NA NA 0 0 "Uqcrc2_noRT" "non-targeting_noRT"
"24357" "4921536K21Rik" 0 NA NA NA NA 0 0 "Uqcrc2_noRT" "non-targeting_noRT"
"24358" "4930556J24Rik" 0 NA NA NA NA 0 0 "Uqcrc2_noRT" "non-targeting_noRT"
"24359" "Sec14l4" 0 NA NA NA NA 0 0 "Uqcrc2_noRT" "non-targeting_noRT"
"24360" "Sec14l3" 0 NA NA NA NA 0 0 "Uqcrc2_noRT" "non-targeting_noRT"
"24361" "Gm11959" 0 NA NA NA NA 0 0 "Uqcrc2_noRT" "non-targeting_noRT"
"24362" "Gm11958" 0 NA NA NA NA 0 0 "Uqcrc2_noRT" "non-targeting_noRT"
"24363" "Hormad2" 0 NA NA NA NA 0 0 "Uqcrc2_noRT" "non-targeting_noRT"
"24364" "Gm11032" 0 NA NA NA NA 0 0 "Uqcrc2_noRT" "non-targeting_noRT"
"24365" "Gm11961" 0 NA NA NA NA 0 0 "Uqcrc2_noRT" "non-targeting_noRT"
"24366" "Cabp7" 0 NA NA NA NA 0 0 "Uqcrc2_noRT" "non-targeting_noRT"
"24367" "Nefh" 0 NA NA NA NA 0 0 "Uqcrc2_noRT" "non-targeting_noRT"
"24368" "Rasl10a" 0 NA NA NA NA 0 0 "Uqcrc2_noRT" "non-targeting_noRT"
"24369" "Emid1" 0 NA NA NA NA 0 0 "Uqcrc2_noRT" "non-targeting_noRT"
"24370" "Ankrd36" 0 NA NA NA NA 0 0 "Uqcrc2_noRT" "non-targeting_noRT"
"24371" "Pgam2" 0 NA NA NA NA 0 0 "Uqcrc2_noRT" "non-targeting_noRT"
"24372" "Myl7" 0 NA NA NA NA 0 0 "Uqcrc2_noRT" "non-targeting_noRT"
"24373" "Gck" 0 NA NA NA NA 0 0 "Uqcrc2_noRT" "non-targeting_noRT"
"24374" "Gm11967" 0 NA NA NA NA 0 0 "Uqcrc2_noRT" "non-targeting_noRT"
"24375" "Camk2b" 0 NA NA NA NA 0 0 "Uqcrc2_noRT" "non-targeting_noRT"
"24376" "Wap" 0 NA NA NA NA 0 0 "Uqcrc2_noRT" "non-targeting_noRT"
"24377" "Ramp3" 0 NA NA NA NA 0 0 "Uqcrc2_noRT" "non-targeting_noRT"
"24378" "Gm11981" 0 NA NA NA NA 0 0 "Uqcrc2_noRT" "non-targeting_noRT"
"24379" "Gm11983" 0 NA NA NA NA 0 0 "Uqcrc2_noRT" "non-targeting_noRT"
"24380" "Adcy1" 0 NA NA NA NA 0 0 "Uqcrc2_noRT" "non-targeting_noRT"
"24381" "Cccd201" 0 NA NA NA NA 0 0 "Uqcrc2_noRT" "non-targeting_noRT"
"24382" "Igfbp1" 0 NA NA NA NA 0 0 "Uqcrc2_noRT" "non-targeting_noRT"
"24383" "Igfbp3" 0 NA NA NA NA 0 0 "Uqcrc2_noRT" "non-targeting_noRT"
"24384" "Gm11986" 0 NA NA NA NA 0 0 "Uqcrc2_noRT" "non-targeting_noRT"
"24385" "Pkd1l1" 0 NA NA NA NA 0 0 "Uqcrc2_noRT" "non-targeting_noRT"
"24386" "Sun3" 0 NA NA NA NA 0 0 "Uqcrc2_noRT" "non-targeting_noRT"
"24387" "Gm11992" 0 NA NA NA NA 0 0 "Uqcrc2_noRT" "non-targeting_noRT"
"24388" "Abca13" 0 NA NA NA NA 0 0 "Uqcrc2_noRT" "non-targeting_noRT"
"24389" "Vwc2" 0 NA NA NA NA 0 0 "Uqcrc2_noRT" "non-targeting_noRT"
"24390" "Zpbp" 0 NA NA NA NA 0 0 "Uqcrc2_noRT" "non-targeting_noRT"
"24391" "Spata48" 0 NA NA NA NA 0 0 "Uqcrc2_noRT" "non-targeting_noRT"
"24392" "Gm11998" 0 NA NA NA NA 0 0 "Uqcrc2_noRT" "non-targeting_noRT"
"24393" "4930512M02Rik" 0 NA NA NA NA 0 0 "Uqcrc2_noRT" "non-targeting_noRT"
"24394" "Gm11999" 0 NA NA NA NA 0 0 "Uqcrc2_noRT" "non-targeting_noRT"
"24395" "Ikzf1" 0 NA NA NA NA 0 0 "Uqcrc2_noRT" "non-targeting_noRT"
"24396" "Gm12000" 0 NA NA NA NA 0 0 "Uqcrc2_noRT" "non-targeting_noRT"
"24397" "Ddc" 0 NA NA NA NA 0 0 "Uqcrc2_noRT" "non-targeting_noRT"
"24398" "1700042O10Rik" 0 NA NA NA NA 0 0 "Uqcrc2_noRT" "non-targeting_noRT"
"24399" "Grb10" 0 NA NA NA NA 0 0 "Uqcrc2_noRT" "non-targeting_noRT"
"24400" "Gm12002" 0 NA NA NA NA 0 0 "Uqcrc2_noRT" "non-targeting_noRT"
"24401" "4930554G24Rik" 0 NA NA NA NA 0 0 "Uqcrc2_noRT" "non-targeting_noRT"
"24402" "1700046C09Rik" 0 NA NA NA NA 0 0 "Uqcrc2_noRT" "non-targeting_noRT"
"24403" "Pom121l12" 0 NA NA NA NA 0 0 "Uqcrc2_noRT" "non-targeting_noRT"
"24404" "Vstm2a" 0 NA NA NA NA 0 0 "Uqcrc2_noRT" "non-targeting_noRT"
"24405" "Egfr" 0 NA NA NA NA 0 0 "Uqcrc2_noRT" "non-targeting_noRT"
"24406" "Egfros" 0 NA NA NA NA 0 0 "Uqcrc2_noRT" "non-targeting_noRT"
"24407" "Cnrip1" 0 NA NA NA NA 0 0 "Uqcrc2_noRT" "non-targeting_noRT"
"24408" "Gm12018" 0 NA NA NA NA 0 0 "Uqcrc2_noRT" "non-targeting_noRT"
"24409" "Gm12022" 0 NA NA NA NA 0 0 "Uqcrc2_noRT" "non-targeting_noRT"
"24410" "Gm12023" 0 NA NA NA NA 0 0 "Uqcrc2_noRT" "non-targeting_noRT"
"24411" "Gm28401" 0 NA NA NA NA 0 0 "Uqcrc2_noRT" "non-targeting_noRT"
"24412" "Gm16140" 0 NA NA NA NA 0 0 "Uqcrc2_noRT" "non-targeting_noRT"
"24413" "Gm16141" 0 NA NA NA NA 0 0 "Uqcrc2_noRT" "non-targeting_noRT"
"24414" "4933406G16Rik" 0 NA NA NA NA 0 0 "Uqcrc2_noRT" "non-targeting_noRT"
"24415" "Gm12027" 0 NA NA NA NA 0 0 "Uqcrc2_noRT" "non-targeting_noRT"
"24416" "Gm12031" 0 NA NA NA NA 0 0 "Uqcrc2_noRT" "non-targeting_noRT"
"24417" "Gm12037" 0 NA NA NA NA 0 0 "Uqcrc2_noRT" "non-targeting_noRT"
"24418" "Gm12043" 0 NA NA NA NA 0 0 "Uqcrc2_noRT" "non-targeting_noRT"
"24419" "4932414J04Rik" 0 NA NA NA NA 0 0 "Uqcrc2_noRT" "non-targeting_noRT"
"24420" "Gm12050" 0 NA NA NA NA 0 0 "Uqcrc2_noRT" "non-targeting_noRT"
"24421" "Gm12051" 0 NA NA NA NA 0 0 "Uqcrc2_noRT" "non-targeting_noRT"
"24422" "Gm12055" 0 NA NA NA NA 0 0 "Uqcrc2_noRT" "non-targeting_noRT"
"24423" "Gm12056" 0 NA NA NA NA 0 0 "Uqcrc2_noRT" "non-targeting_noRT"
"24424" "Gm20456" 0 NA NA NA NA 0 0 "Uqcrc2_noRT" "non-targeting_noRT"
"24425" "1700061J23Rik" 0 NA NA NA NA 0 0 "Uqcrc2_noRT" "non-targeting_noRT"
"24426" "1700030C12Rik" 0 NA NA NA NA 0 0 "Uqcrc2_noRT" "non-targeting_noRT"
"24427" "Gm12061" 0 NA NA NA NA 0 0 "Uqcrc2_noRT" "non-targeting_noRT"
"24428" "A830031A19Rik" 0 NA NA NA NA 0 0 "Uqcrc2_noRT" "non-targeting_noRT"
"24429" "Gm12063" 0 NA NA NA NA 0 0 "Uqcrc2_noRT" "non-targeting_noRT"
"24430" "Bcl11a" 0 NA NA NA NA 0 0 "Uqcrc2_noRT" "non-targeting_noRT"
"24431" "Gm12064" 0 NA NA NA NA 0 0 "Uqcrc2_noRT" "non-targeting_noRT"
"24432" "4930538E20Rik" 0 NA NA NA NA 0 0 "Uqcrc2_noRT" "non-targeting_noRT"
"24433" "Gm12065" 0 NA NA NA NA 0 0 "Uqcrc2_noRT" "non-targeting_noRT"
"24434" "Gm12066" 0 NA NA NA NA 0 0 "Uqcrc2_noRT" "non-targeting_noRT"
"24435" "Gm12068" 0 NA NA NA NA 0 0 "Uqcrc2_noRT" "non-targeting_noRT"
"24436" "4933430M04Rik" 0 NA NA NA NA 0 0 "Uqcrc2_noRT" "non-targeting_noRT"
"24437" "Gm10466" 0 NA NA NA NA 0 0 "Uqcrc2_noRT" "non-targeting_noRT"
"24438" "Gm12665" 0 NA NA NA NA 0 0 "Uqcrc2_noRT" "non-targeting_noRT"
"24439" "4933427E13Rik" 0 NA NA NA NA 0 0 "Uqcrc2_noRT" "non-targeting_noRT"
"24440" "Gm12069" 0 NA NA NA NA 0 0 "Uqcrc2_noRT" "non-targeting_noRT"
"24441" "5730522E02Rik" 0 NA NA NA NA 0 0 "Uqcrc2_noRT" "non-targeting_noRT"
"24442" "Gm12081" 0 NA NA NA NA 0 0 "Uqcrc2_noRT" "non-targeting_noRT"
"24443" "Ccdc85a" 0 NA NA NA NA 0 0 "Uqcrc2_noRT" "non-targeting_noRT"
"24444" "2810471M01Rik" 0 NA NA NA NA 0 0 "Uqcrc2_noRT" "non-targeting_noRT"
"24445" "Gm12082" 0 NA NA NA NA 0 0 "Uqcrc2_noRT" "non-targeting_noRT"
"24446" "Efemp1" 0 NA NA NA NA 0 0 "Uqcrc2_noRT" "non-targeting_noRT"
"24447" "Gm12089" 0 NA NA NA NA 0 0 "Uqcrc2_noRT" "non-targeting_noRT"
"24448" "Clhc1" 0 NA NA NA NA 0 0 "Uqcrc2_noRT" "non-targeting_noRT"
"24449" "Gm12088" 0 NA NA NA NA 0 0 "Uqcrc2_noRT" "non-targeting_noRT"
"24450" "Gm12092" 0 NA NA NA NA 0 0 "Uqcrc2_noRT" "non-targeting_noRT"
"24451" "Gm8098" 0 NA NA NA NA 0 0 "Uqcrc2_noRT" "non-targeting_noRT"
"24452" "4930505A04Rik" 0 NA NA NA NA 0 0 "Uqcrc2_noRT" "non-targeting_noRT"
"24453" "Gm12100" 0 NA NA NA NA 0 0 "Uqcrc2_noRT" "non-targeting_noRT"
"24454" "Gm17332" 0 NA NA NA NA 0 0 "Uqcrc2_noRT" "non-targeting_noRT"
"24455" "Stc2" 0 NA NA NA NA 0 0 "Uqcrc2_noRT" "non-targeting_noRT"
"24456" "D630024D03Rik" 0 NA NA NA NA 0 0 "Uqcrc2_noRT" "non-targeting_noRT"
"24457" "Gm12107" 0 NA NA NA NA 0 0 "Uqcrc2_noRT" "non-targeting_noRT"
"24458" "4930524B15Rik" 0 NA NA NA NA 0 0 "Uqcrc2_noRT" "non-targeting_noRT"
"24459" "Nsg2" 0 NA NA NA NA 0 0 "Uqcrc2_noRT" "non-targeting_noRT"
"24460" "Gm12108" 0 NA NA NA NA 0 0 "Uqcrc2_noRT" "non-targeting_noRT"
"24461" "Il9r" 0 NA NA NA NA 0 0 "Uqcrc2_noRT" "non-targeting_noRT"
"24462" "Hba-x" 0 NA NA NA NA 0 0 "Uqcrc2_noRT" "non-targeting_noRT"
"24463" "Hbq1a" 0 NA NA NA NA 0 0 "Uqcrc2_noRT" "non-targeting_noRT"
"24464" "Efcab9" 0 NA NA NA NA 0 0 "Uqcrc2_noRT" "non-targeting_noRT"
"24465" "4930555O08Rik" 0 NA NA NA NA 0 0 "Uqcrc2_noRT" "non-targeting_noRT"
"24466" "Smim23" 0 NA NA NA NA 0 0 "Uqcrc2_noRT" "non-targeting_noRT"
"24467" "Gm12111" 0 NA NA NA NA 0 0 "Uqcrc2_noRT" "non-targeting_noRT"
"24468" "Gm12114" 0 NA NA NA NA 0 0 "Uqcrc2_noRT" "non-targeting_noRT"
"24469" "Fgf18" 0 NA NA NA NA 0 0 "Uqcrc2_noRT" "non-targeting_noRT"
"24470" "Gm12116" 0 NA NA NA NA 0 0 "Uqcrc2_noRT" "non-targeting_noRT"
"24471" "Gm12117" 0 NA NA NA NA 0 0 "Uqcrc2_noRT" "non-targeting_noRT"
"24472" "Gabrp" 0 NA NA NA NA 0 0 "Uqcrc2_noRT" "non-targeting_noRT"
"24473" "D130052B06Rik" 0 NA NA NA NA 0 0 "Uqcrc2_noRT" "non-targeting_noRT"
"24474" "Kcnip1" 0 NA NA NA NA 0 0 "Uqcrc2_noRT" "non-targeting_noRT"
"24475" "Gm12119" 0 NA NA NA NA 0 0 "Uqcrc2_noRT" "non-targeting_noRT"
"24476" "Gm12120" 0 NA NA NA NA 0 0 "Uqcrc2_noRT" "non-targeting_noRT"
"24477" "Kcnmb1" 0 NA NA NA NA 0 0 "Uqcrc2_noRT" "non-targeting_noRT"
"24478" "4930469K13Rik" 0 NA NA NA NA 0 0 "Uqcrc2_noRT" "non-targeting_noRT"
"24479" "Lcp2" 0 NA NA NA NA 0 0 "Uqcrc2_noRT" "non-targeting_noRT"
"24480" "Gm12121" 0 NA NA NA NA 0 0 "Uqcrc2_noRT" "non-targeting_noRT"
"24481" "Foxi1" 0 NA NA NA NA 0 0 "Uqcrc2_noRT" "non-targeting_noRT"
"24482" "Dock2" 0 NA NA NA NA 0 0 "Uqcrc2_noRT" "non-targeting_noRT"
"24483" "4930403D09Rik" 0 NA NA NA NA 0 0 "Uqcrc2_noRT" "non-targeting_noRT"
"24484" "Insyn2b" 0 NA NA NA NA 0 0 "Uqcrc2_noRT" "non-targeting_noRT"
"24485" "Gm12711" 0 NA NA NA NA 0 0 "Uqcrc2_noRT" "non-targeting_noRT"
"24486" "Slit3" 0 NA NA NA NA 0 0 "Uqcrc2_noRT" "non-targeting_noRT"
"24487" "Gm12122" 0 NA NA NA NA 0 0 "Uqcrc2_noRT" "non-targeting_noRT"
"24488" "Fbll1" 0 NA NA NA NA 0 0 "Uqcrc2_noRT" "non-targeting_noRT"
"24489" "Gm12126" 0 NA NA NA NA 0 0 "Uqcrc2_noRT" "non-targeting_noRT"
"24490" "Gm12127" 0 NA NA NA NA 0 0 "Uqcrc2_noRT" "non-targeting_noRT"
"24491" "Gm12128" 0 NA NA NA NA 0 0 "Uqcrc2_noRT" "non-targeting_noRT"
"24492" "Gm12130" 0 NA NA NA NA 0 0 "Uqcrc2_noRT" "non-targeting_noRT"
"24493" "Gm12132" 0 NA NA NA NA 0 0 "Uqcrc2_noRT" "non-targeting_noRT"
"24494" "3110004A20Rik" 0 NA NA NA NA 0 0 "Uqcrc2_noRT" "non-targeting_noRT"
"24495" "Platr13" 0 NA NA NA NA 0 0 "Uqcrc2_noRT" "non-targeting_noRT"
"24496" "A230004M16Rik" 0 NA NA NA NA 0 0 "Uqcrc2_noRT" "non-targeting_noRT"
"24497" "Gabrg2" 0 NA NA NA NA 0 0 "Uqcrc2_noRT" "non-targeting_noRT"
"24498" "Gabra1" 0 NA NA NA NA 0 0 "Uqcrc2_noRT" "non-targeting_noRT"
"24499" "Gabra6" 0 NA NA NA NA 0 0 "Uqcrc2_noRT" "non-targeting_noRT"
"24500" "Gabrb2" 0 NA NA NA NA 0 0 "Uqcrc2_noRT" "non-targeting_noRT"
"24501" "Gm12145" 0 NA NA NA NA 0 0 "Uqcrc2_noRT" "non-targeting_noRT"
"24502" "Atp10b" 0 NA NA NA NA 0 0 "Uqcrc2_noRT" "non-targeting_noRT"
"24503" "Gm12146" 0 NA NA NA NA 0 0 "Uqcrc2_noRT" "non-targeting_noRT"
"24504" "Gm12144" 0 NA NA NA NA 0 0 "Uqcrc2_noRT" "non-targeting_noRT"
"24505" "Gm12147" 0 NA NA NA NA 0 0 "Uqcrc2_noRT" "non-targeting_noRT"
"24506" "Gm12148" 0 NA NA NA NA 0 0 "Uqcrc2_noRT" "non-targeting_noRT"
"24507" "Ccnjl" 0 NA NA NA NA 0 0 "Uqcrc2_noRT" "non-targeting_noRT"
"24508" "Gm12150" 0 NA NA NA NA 0 0 "Uqcrc2_noRT" "non-targeting_noRT"
"24509" "4933415A04Rik" 0 NA NA NA NA 0 0 "Uqcrc2_noRT" "non-targeting_noRT"
"24510" "Fabp6" 0 NA NA NA NA 0 0 "Uqcrc2_noRT" "non-targeting_noRT"
"24511" "Gm12153" 0 NA NA NA NA 0 0 "Uqcrc2_noRT" "non-targeting_noRT"
"24512" "Gm12154" 0 NA NA NA NA 0 0 "Uqcrc2_noRT" "non-targeting_noRT"
"24513" "Il12b" 0 NA NA NA NA 0 0 "Uqcrc2_noRT" "non-targeting_noRT"
"24514" "4930597A21Rik" 0 NA NA NA NA 0 0 "Uqcrc2_noRT" "non-targeting_noRT"
"24515" "Gm12158" 0 NA NA NA NA 0 0 "Uqcrc2_noRT" "non-targeting_noRT"
"24516" "Gm12159" 0 NA NA NA NA 0 0 "Uqcrc2_noRT" "non-targeting_noRT"
"24517" "Gm12160" 0 NA NA NA NA 0 0 "Uqcrc2_noRT" "non-targeting_noRT"
"24518" "Gm12162" 0 NA NA NA NA 0 0 "Uqcrc2_noRT" "non-targeting_noRT"
"24519" "Sox30" 0 NA NA NA NA 0 0 "Uqcrc2_noRT" "non-targeting_noRT"
"24520" "Gm16033" 0 NA NA NA NA 0 0 "Uqcrc2_noRT" "non-targeting_noRT"
"24521" "Gm16034" 0 NA NA NA NA 0 0 "Uqcrc2_noRT" "non-targeting_noRT"
"24522" "Nipal4" 0 NA NA NA NA 0 0 "Uqcrc2_noRT" "non-targeting_noRT"
"24523" "Fndc9" 0 NA NA NA NA 0 0 "Uqcrc2_noRT" "non-targeting_noRT"
"24524" "Itk" 0 NA NA NA NA 0 0 "Uqcrc2_noRT" "non-targeting_noRT"
"24525" "Gm12167" 0 NA NA NA NA 0 0 "Uqcrc2_noRT" "non-targeting_noRT"
"24526" "Fam71b" 0 NA NA NA NA 0 0 "Uqcrc2_noRT" "non-targeting_noRT"
"24527" "Havcr2" 0 NA NA NA NA 0 0 "Uqcrc2_noRT" "non-targeting_noRT"
"24528" "Gm12169" 0 NA NA NA NA 0 0 "Uqcrc2_noRT" "non-targeting_noRT"
"24529" "Gm12171" 0 NA NA NA NA 0 0 "Uqcrc2_noRT" "non-targeting_noRT"
"24530" "BC053393" 0 NA NA NA NA 0 0 "Uqcrc2_noRT" "non-targeting_noRT"
"24531" "Dppa1" 0 NA NA NA NA 0 0 "Uqcrc2_noRT" "non-targeting_noRT"
"24532" "Gm4926" 0 NA NA NA NA 0 0 "Uqcrc2_noRT" "non-targeting_noRT"
"24533" "Timd2" 0 NA NA NA NA 0 0 "Uqcrc2_noRT" "non-targeting_noRT"
"24534" "Havcr1" 0 NA NA NA NA 0 0 "Uqcrc2_noRT" "non-targeting_noRT"
"24535" "Timd4" 0 NA NA NA NA 0 0 "Uqcrc2_noRT" "non-targeting_noRT"
"24536" "Gm16170" 0 NA NA NA NA 0 0 "Uqcrc2_noRT" "non-targeting_noRT"
"24537" "9930111J21Rik1" 0 NA NA NA NA 0 0 "Uqcrc2_noRT" "non-targeting_noRT"
"24538" "Olfr56" 0 NA NA NA NA 0 0 "Uqcrc2_noRT" "non-targeting_noRT"
"24539" "Olfr1396" 0 NA NA NA NA 0 0 "Uqcrc2_noRT" "non-targeting_noRT"
"24540" "Olfr1395" 0 NA NA NA NA 0 0 "Uqcrc2_noRT" "non-targeting_noRT"
"24541" "Olfr1394" 0 NA NA NA NA 0 0 "Uqcrc2_noRT" "non-targeting_noRT"
"24542" "Btnl9" 0 NA NA NA NA 0 0 "Uqcrc2_noRT" "non-targeting_noRT"
"24543" "Olfr1393" 0 NA NA NA NA 0 0 "Uqcrc2_noRT" "non-targeting_noRT"
"24544" "Olfr1392" 0 NA NA NA NA 0 0 "Uqcrc2_noRT" "non-targeting_noRT"
"24545" "Olfr10" 0 NA NA NA NA 0 0 "Uqcrc2_noRT" "non-targeting_noRT"
"24546" "Olfr1391" 0 NA NA NA NA 0 0 "Uqcrc2_noRT" "non-targeting_noRT"
"24547" "Olfr1390" 0 NA NA NA NA 0 0 "Uqcrc2_noRT" "non-targeting_noRT"
"24548" "Olfr1389" 0 NA NA NA NA 0 0 "Uqcrc2_noRT" "non-targeting_noRT"
"24549" "Olfr1388" 0 NA NA NA NA 0 0 "Uqcrc2_noRT" "non-targeting_noRT"
"24550" "Olfr1387" 0 NA NA NA NA 0 0 "Uqcrc2_noRT" "non-targeting_noRT"
"24551" "Olfr1386" 0 NA NA NA NA 0 0 "Uqcrc2_noRT" "non-targeting_noRT"
"24552" "Olfr1384" 0 NA NA NA NA 0 0 "Uqcrc2_noRT" "non-targeting_noRT"
"24553" "Olfr1383" 0 NA NA NA NA 0 0 "Uqcrc2_noRT" "non-targeting_noRT"
"24554" "Olfr1382" 0 NA NA NA NA 0 0 "Uqcrc2_noRT" "non-targeting_noRT"
"24555" "Olfr1381" 0 NA NA NA NA 0 0 "Uqcrc2_noRT" "non-targeting_noRT"
"24556" "Olfr1380" 0 NA NA NA NA 0 0 "Uqcrc2_noRT" "non-targeting_noRT"
"24557" "Flt4" 0 NA NA NA NA 0 0 "Uqcrc2_noRT" "non-targeting_noRT"
"24558" "Scgb3a1" 0 NA NA NA NA 0 0 "Uqcrc2_noRT" "non-targeting_noRT"
"24559" "Rasgef1c" 0 NA NA NA NA 0 0 "Uqcrc2_noRT" "non-targeting_noRT"
"24560" "Gm12195" 0 NA NA NA NA 0 0 "Uqcrc2_noRT" "non-targeting_noRT"
"24561" "Ltc4s" 0 NA NA NA NA 0 0 "Uqcrc2_noRT" "non-targeting_noRT"
"24562" "Gm26542" 0 NA NA NA NA 0 0 "Uqcrc2_noRT" "non-targeting_noRT"
"24563" "Cby3" 0 NA NA NA NA 0 0 "Uqcrc2_noRT" "non-targeting_noRT"
"24564" "Gm12198" 0 NA NA NA NA 0 0 "Uqcrc2_noRT" "non-targeting_noRT"
"24565" "Adamts2" 0 NA NA NA NA 0 0 "Uqcrc2_noRT" "non-targeting_noRT"
"24566" "Gm12199" 0 NA NA NA NA 0 0 "Uqcrc2_noRT" "non-targeting_noRT"
"24567" "Gm12200" 0 NA NA NA NA 0 0 "Uqcrc2_noRT" "non-targeting_noRT"
"24568" "Zfp879" 0 NA NA NA NA 0 0 "Uqcrc2_noRT" "non-targeting_noRT"
"24569" "Grm6" 0 NA NA NA NA 0 0 "Uqcrc2_noRT" "non-targeting_noRT"
"24570" "Gm12660" 0 NA NA NA NA 0 0 "Uqcrc2_noRT" "non-targeting_noRT"
"24571" "Zfp454" 0 NA NA NA NA 0 0 "Uqcrc2_noRT" "non-targeting_noRT"
"24572" "Zfp2" 0 NA NA NA NA 0 0 "Uqcrc2_noRT" "non-targeting_noRT"
"24573" "Zfp354b" 0 NA NA NA NA 0 0 "Uqcrc2_noRT" "non-targeting_noRT"
"24574" "4933414I15Rik" 0 NA NA NA NA 0 0 "Uqcrc2_noRT" "non-targeting_noRT"
"24575" "Prop1" 0 NA NA NA NA 0 0 "Uqcrc2_noRT" "non-targeting_noRT"
"24576" "Olfr1378" 0 NA NA NA NA 0 0 "Uqcrc2_noRT" "non-targeting_noRT"
"24577" "Olfr1377" 0 NA NA NA NA 0 0 "Uqcrc2_noRT" "non-targeting_noRT"
"24578" "Olfr51" 0 NA NA NA NA 0 0 "Uqcrc2_noRT" "non-targeting_noRT"
"24579" "Olfr54" 0 NA NA NA NA 0 0 "Uqcrc2_noRT" "non-targeting_noRT"
"24580" "Olfr1375" 0 NA NA NA NA 0 0 "Uqcrc2_noRT" "non-targeting_noRT"
"24581" "9230009I02Rik" 0 NA NA NA NA 0 0 "Uqcrc2_noRT" "non-targeting_noRT"
"24582" "Gm12569" 0 NA NA NA NA 0 0 "Uqcrc2_noRT" "non-targeting_noRT"
"24583" "Col23a1" 0 NA NA NA NA 0 0 "Uqcrc2_noRT" "non-targeting_noRT"
"24584" "Gm39822" 0 NA NA NA NA 0 0 "Uqcrc2_noRT" "non-targeting_noRT"
"24585" "Gm12205" 0 NA NA NA NA 0 0 "Uqcrc2_noRT" "non-targeting_noRT"
"24586" "Olfr1373" 0 NA NA NA NA 0 0 "Uqcrc2_noRT" "non-targeting_noRT"
"24587" "Olfr1371" 0 NA NA NA NA 0 0 "Uqcrc2_noRT" "non-targeting_noRT"
"24588" "A630014C17Rik" 0 NA NA NA NA 0 0 "Uqcrc2_noRT" "non-targeting_noRT"
"24589" "Fstl4" 0 NA NA NA NA 0 0 "Uqcrc2_noRT" "non-targeting_noRT"
"24590" "Gm11186" 0 NA NA NA NA 0 0 "Uqcrc2_noRT" "non-targeting_noRT"
"24591" "Gm10447" 0 NA NA NA NA 0 0 "Uqcrc2_noRT" "non-targeting_noRT"
"24592" "Gm12212" 0 NA NA NA NA 0 0 "Uqcrc2_noRT" "non-targeting_noRT"
"24593" "Sowaha" 0 NA NA NA NA 0 0 "Uqcrc2_noRT" "non-targeting_noRT"
"24594" "A430108G06Rik" 0 NA NA NA NA 0 0 "Uqcrc2_noRT" "non-targeting_noRT"
"24595" "Il4" 0 NA NA NA NA 0 0 "Uqcrc2_noRT" "non-targeting_noRT"
"24596" "Il13" 0 NA NA NA NA 0 0 "Uqcrc2_noRT" "non-targeting_noRT"
"24597" "Il5" 0 NA NA NA NA 0 0 "Uqcrc2_noRT" "non-targeting_noRT"
"24598" "Gm12214" 0 NA NA NA NA 0 0 "Uqcrc2_noRT" "non-targeting_noRT"
"24599" "4933405E24Rik" 0 NA NA NA NA 0 0 "Uqcrc2_noRT" "non-targeting_noRT"
"24600" "Csf2" 0 NA NA NA NA 0 0 "Uqcrc2_noRT" "non-targeting_noRT"
"24601" "Gm12223" 0 NA NA NA NA 0 0 "Uqcrc2_noRT" "non-targeting_noRT"
"24602" "Il3" 0 NA NA NA NA 0 0 "Uqcrc2_noRT" "non-targeting_noRT"
"24603" "Acsl6" 0 NA NA NA NA 0 0 "Uqcrc2_noRT" "non-targeting_noRT"
"24604" "Gm12224" 0 NA NA NA NA 0 0 "Uqcrc2_noRT" "non-targeting_noRT"
"24605" "Meikin" 0 NA NA NA NA 0 0 "Uqcrc2_noRT" "non-targeting_noRT"
"24606" "Gm12227" 0 NA NA NA NA 0 0 "Uqcrc2_noRT" "non-targeting_noRT"
"24607" "Lyrm7os" 0 NA NA NA NA 0 0 "Uqcrc2_noRT" "non-targeting_noRT"
"24608" "Gpx3" 0 NA NA NA NA 0 0 "Uqcrc2_noRT" "non-targeting_noRT"
"24609" "Slc36a2" 0 NA NA NA NA 0 0 "Uqcrc2_noRT" "non-targeting_noRT"
"24610" "Slc36a1os" 0 NA NA NA NA 0 0 "Uqcrc2_noRT" "non-targeting_noRT"
"24611" "Fat2" 0 NA NA NA NA 0 0 "Uqcrc2_noRT" "non-targeting_noRT"
"24612" "Gm12238" 0 NA NA NA NA 0 0 "Uqcrc2_noRT" "non-targeting_noRT"
"24613" "Glra1" 0 NA NA NA NA 0 0 "Uqcrc2_noRT" "non-targeting_noRT"
"24614" "Gm12236" 0 NA NA NA NA 0 0 "Uqcrc2_noRT" "non-targeting_noRT"
"24615" "Gm12239" 0 NA NA NA NA 0 0 "Uqcrc2_noRT" "non-targeting_noRT"
"24616" "Nmur2" 0 NA NA NA NA 0 0 "Uqcrc2_noRT" "non-targeting_noRT"
"24617" "Gria1" 0 NA NA NA NA 0 0 "Uqcrc2_noRT" "non-targeting_noRT"
"24618" "Gm12243" 0 NA NA NA NA 0 0 "Uqcrc2_noRT" "non-targeting_noRT"
"24619" "4933424L21Rik" 0 NA NA NA NA 0 0 "Uqcrc2_noRT" "non-targeting_noRT"
"24620" "4933426K07Rik" 0 NA NA NA NA 0 0 "Uqcrc2_noRT" "non-targeting_noRT"
"24621" "Hand1" 0 NA NA NA NA 0 0 "Uqcrc2_noRT" "non-targeting_noRT"
"24622" "Gm12249" 0 NA NA NA NA 0 0 "Uqcrc2_noRT" "non-targeting_noRT"
"24623" "Gm12248" 0 NA NA NA NA 0 0 "Uqcrc2_noRT" "non-targeting_noRT"
"24624" "Gm12246" 0 NA NA NA NA 0 0 "Uqcrc2_noRT" "non-targeting_noRT"
"24625" "4930438A08Rik" 0 NA NA NA NA 0 0 "Uqcrc2_noRT" "non-targeting_noRT"
"24626" "1700047K16Rik" 0 NA NA NA NA 0 0 "Uqcrc2_noRT" "non-targeting_noRT"
"24627" "Lypd8" 0 NA NA NA NA 0 0 "Uqcrc2_noRT" "non-targeting_noRT"
"24628" "1810065E05Rik" 0 NA NA NA NA 0 0 "Uqcrc2_noRT" "non-targeting_noRT"
"24629" "Gm12253" 0 NA NA NA NA 0 0 "Uqcrc2_noRT" "non-targeting_noRT"
"24630" "Lypd9" 0 NA NA NA NA 0 0 "Uqcrc2_noRT" "non-targeting_noRT"
"24631" "Olfr30" 0 NA NA NA NA 0 0 "Uqcrc2_noRT" "non-targeting_noRT"
"24632" "Olfr332" 0 NA NA NA NA 0 0 "Uqcrc2_noRT" "non-targeting_noRT"
"24633" "Olfr331" 0 NA NA NA NA 0 0 "Uqcrc2_noRT" "non-targeting_noRT"
"24634" "Olfr330" 0 NA NA NA NA 0 0 "Uqcrc2_noRT" "non-targeting_noRT"
"24635" "Olfr329-ps" 0 NA NA NA NA 0 0 "Uqcrc2_noRT" "non-targeting_noRT"
"24636" "Olfr328" 0 NA NA NA NA 0 0 "Uqcrc2_noRT" "non-targeting_noRT"
"24637" "Olfr224" 0 NA NA NA NA 0 0 "Uqcrc2_noRT" "non-targeting_noRT"
"24638" "Olfr325" 0 NA NA NA NA 0 0 "Uqcrc2_noRT" "non-targeting_noRT"
"24639" "Olfr324" 0 NA NA NA NA 0 0 "Uqcrc2_noRT" "non-targeting_noRT"
"24640" "2210407C18Rik" 0 NA NA NA NA 0 0 "Uqcrc2_noRT" "non-targeting_noRT"
"24641" "Olfr323" 0 NA NA NA NA 0 0 "Uqcrc2_noRT" "non-targeting_noRT"
"24642" "Trim58" 0 NA NA NA NA 0 0 "Uqcrc2_noRT" "non-targeting_noRT"
"24643" "Olfr322" 0 NA NA NA NA 0 0 "Uqcrc2_noRT" "non-targeting_noRT"
"24644" "Olfr320" 0 NA NA NA NA 0 0 "Uqcrc2_noRT" "non-targeting_noRT"
"24645" "Olfr319" 0 NA NA NA NA 0 0 "Uqcrc2_noRT" "non-targeting_noRT"
"24646" "Olfr318" 0 NA NA NA NA 0 0 "Uqcrc2_noRT" "non-targeting_noRT"
"24647" "Olfr317" 0 NA NA NA NA 0 0 "Uqcrc2_noRT" "non-targeting_noRT"
"24648" "Olfr316" 0 NA NA NA NA 0 0 "Uqcrc2_noRT" "non-targeting_noRT"
"24649" "Olfr315" 0 NA NA NA NA 0 0 "Uqcrc2_noRT" "non-targeting_noRT"
"24650" "Olfr314" 0 NA NA NA NA 0 0 "Uqcrc2_noRT" "non-targeting_noRT"
"24651" "Fam183b" 0 NA NA NA NA 0 0 "Uqcrc2_noRT" "non-targeting_noRT"
"24652" "Olfr313" 0 NA NA NA NA 0 0 "Uqcrc2_noRT" "non-targeting_noRT"
"24653" "Olfr312" 0 NA NA NA NA 0 0 "Uqcrc2_noRT" "non-targeting_noRT"
"24654" "Olfr311" 0 NA NA NA NA 0 0 "Uqcrc2_noRT" "non-targeting_noRT"
"24655" "Gm12259" 0 NA NA NA NA 0 0 "Uqcrc2_noRT" "non-targeting_noRT"
"24656" "Gm12256" 0 NA NA NA NA 0 0 "Uqcrc2_noRT" "non-targeting_noRT"
"24657" "Gm12257" 0 NA NA NA NA 0 0 "Uqcrc2_noRT" "non-targeting_noRT"
"24658" "Btnl10" 0 NA NA NA NA 0 0 "Uqcrc2_noRT" "non-targeting_noRT"
"24659" "Trim17" 0 NA NA NA NA 0 0 "Uqcrc2_noRT" "non-targeting_noRT"
"24660" "Gm10435" 0 NA NA NA NA 0 0 "Uqcrc2_noRT" "non-targeting_noRT"
"24661" "Gjc2" 0 NA NA NA NA 0 0 "Uqcrc2_noRT" "non-targeting_noRT"
"24662" "Wnt3a" 0 NA NA NA NA 0 0 "Uqcrc2_noRT" "non-targeting_noRT"
"24663" "Prss38" 0 NA NA NA NA 0 0 "Uqcrc2_noRT" "non-targeting_noRT"
"24664" "Gm15755" 0 NA NA NA NA 0 0 "Uqcrc2_noRT" "non-targeting_noRT"
"24665" "Nlrp3" 0 NA NA NA NA 0 0 "Uqcrc2_noRT" "non-targeting_noRT"
"24666" "Olfr222" 0 NA NA NA NA 0 0 "Uqcrc2_noRT" "non-targeting_noRT"
"24667" "Olfr223" 0 NA NA NA NA 0 0 "Uqcrc2_noRT" "non-targeting_noRT"
"24668" "1700007J10Rik" 0 NA NA NA NA 0 0 "Uqcrc2_noRT" "non-targeting_noRT"
"24669" "Pld6" 0 NA NA NA NA 0 0 "Uqcrc2_noRT" "non-targeting_noRT"
"24670" "Gm12714" 0 NA NA NA NA 0 0 "Uqcrc2_noRT" "non-targeting_noRT"
"24671" "1810063I02Rik" 0 NA NA NA NA 0 0 "Uqcrc2_noRT" "non-targeting_noRT"
"24672" "Rasd1" 0 NA NA NA NA 0 0 "Uqcrc2_noRT" "non-targeting_noRT"
"24673" "Gm12265" 0 NA NA NA NA 0 0 "Uqcrc2_noRT" "non-targeting_noRT"
"24674" "Myo15" 0 NA NA NA NA 0 0 "Uqcrc2_noRT" "non-targeting_noRT"
"24675" "Kcnj12" 0 NA NA NA NA 0 0 "Uqcrc2_noRT" "non-targeting_noRT"
"24676" "Aldh3a1" 0 NA NA NA NA 0 0 "Uqcrc2_noRT" "non-targeting_noRT"
"24677" "Rnf112" 0 NA NA NA NA 0 0 "Uqcrc2_noRT" "non-targeting_noRT"
"24678" "Mfap4" 0 NA NA NA NA 0 0 "Uqcrc2_noRT" "non-targeting_noRT"
"24679" "Gm12272" 0 NA NA NA NA 0 0 "Uqcrc2_noRT" "non-targeting_noRT"
"24680" "Slc5a10" 0 NA NA NA NA 0 0 "Uqcrc2_noRT" "non-targeting_noRT"
"24681" "Fam83g" 0 NA NA NA NA 0 0 "Uqcrc2_noRT" "non-targeting_noRT"
"24682" "Gm26964" 0 NA NA NA NA 0 0 "Uqcrc2_noRT" "non-targeting_noRT"
"24683" "Gm12273" 0 NA NA NA NA 0 0 "Uqcrc2_noRT" "non-targeting_noRT"
"24684" "Adora2b" 0 NA NA NA NA 0 0 "Uqcrc2_noRT" "non-targeting_noRT"
"24685" "Gm12949" 0 NA NA NA NA 0 0 "Uqcrc2_noRT" "non-targeting_noRT"
"24686" "Gm12280" 0 NA NA NA NA 0 0 "Uqcrc2_noRT" "non-targeting_noRT"
"24687" "Lrrc75aos1" 0 NA NA NA NA 0 0 "Uqcrc2_noRT" "non-targeting_noRT"
"24688" "Gm27194" 0 NA NA NA NA 0 0 "Uqcrc2_noRT" "non-targeting_noRT"
"24689" "Zfp286" 0 NA NA NA NA 0 0 "Uqcrc2_noRT" "non-targeting_noRT"
"24690" "Gm10428" 0 NA NA NA NA 0 0 "Uqcrc2_noRT" "non-targeting_noRT"
"24691" "Zfp286os" 0 NA NA NA NA 0 0 "Uqcrc2_noRT" "non-targeting_noRT"
"24692" "Trim16" 0 NA NA NA NA 0 0 "Uqcrc2_noRT" "non-targeting_noRT"
"24693" "Fbxw10" 0 NA NA NA NA 0 0 "Uqcrc2_noRT" "non-targeting_noRT"
"24694" "Tvp23bos" 0 NA NA NA NA 0 0 "Uqcrc2_noRT" "non-targeting_noRT"
"24695" "Cdrt4os2" 0 NA NA NA NA 0 0 "Uqcrc2_noRT" "non-targeting_noRT"
"24696" "Cdrt4os1" 0 NA NA NA NA 0 0 "Uqcrc2_noRT" "non-targeting_noRT"
"24697" "Tekt3" 0 NA NA NA NA 0 0 "Uqcrc2_noRT" "non-targeting_noRT"
"24698" "B430319H21Rik" 0 NA NA NA NA 0 0 "Uqcrc2_noRT" "non-targeting_noRT"
"24699" "B130011K05Rik" 0 NA NA NA NA 0 0 "Uqcrc2_noRT" "non-targeting_noRT"
"24700" "Hs3st3b1" 0 NA NA NA NA 0 0 "Uqcrc2_noRT" "non-targeting_noRT"
"24701" "9630013K17Rik" 0 NA NA NA NA 0 0 "Uqcrc2_noRT" "non-targeting_noRT"
"24702" "Gm12289" 0 NA NA NA NA 0 0 "Uqcrc2_noRT" "non-targeting_noRT"
"24703" "Gm12290" 0 NA NA NA NA 0 0 "Uqcrc2_noRT" "non-targeting_noRT"
"24704" "Hs3st3a1" 0 NA NA NA NA 0 0 "Uqcrc2_noRT" "non-targeting_noRT"
"24705" "Gm12292" 0 NA NA NA NA 0 0 "Uqcrc2_noRT" "non-targeting_noRT"
"24706" "Arhgap44" 0 NA NA NA NA 0 0 "Uqcrc2_noRT" "non-targeting_noRT"
"24707" "1700086D15Rik" 0 NA NA NA NA 0 0 "Uqcrc2_noRT" "non-targeting_noRT"
"24708" "Myocd" 0 NA NA NA NA 0 0 "Uqcrc2_noRT" "non-targeting_noRT"
"24709" "Gm12295" 0 NA NA NA NA 0 0 "Uqcrc2_noRT" "non-targeting_noRT"
"24710" "Dnah9" 0 NA NA NA NA 0 0 "Uqcrc2_noRT" "non-targeting_noRT"
"24711" "Gm12296" 0 NA NA NA NA 0 0 "Uqcrc2_noRT" "non-targeting_noRT"
"24712" "Shisa6" 0 NA NA NA NA 0 0 "Uqcrc2_noRT" "non-targeting_noRT"
"24713" "Gm12298" 0 NA NA NA NA 0 0 "Uqcrc2_noRT" "non-targeting_noRT"
"24714" "Pirt" 0 NA NA NA NA 0 0 "Uqcrc2_noRT" "non-targeting_noRT"
"24715" "Tmem238l" 0 NA NA NA NA 0 0 "Uqcrc2_noRT" "non-targeting_noRT"
"24716" "Gm12299" 0 NA NA NA NA 0 0 "Uqcrc2_noRT" "non-targeting_noRT"
"24717" "2310065F04Rik" 0 NA NA NA NA 0 0 "Uqcrc2_noRT" "non-targeting_noRT"
"24718" "Myh2" 0 NA NA NA NA 0 0 "Uqcrc2_noRT" "non-targeting_noRT"
"24719" "9430073C21Rik" 0 NA NA NA NA 0 0 "Uqcrc2_noRT" "non-targeting_noRT"
"24720" "Myh1" 0 NA NA NA NA 0 0 "Uqcrc2_noRT" "non-targeting_noRT"
"24721" "Myhas" 0 NA NA NA NA 0 0 "Uqcrc2_noRT" "non-targeting_noRT"
"24722" "Myh4" 0 NA NA NA NA 0 0 "Uqcrc2_noRT" "non-targeting_noRT"
"24723" "Myh8" 0 NA NA NA NA 0 0 "Uqcrc2_noRT" "non-targeting_noRT"
"24724" "Myh13" 0 NA NA NA NA 0 0 "Uqcrc2_noRT" "non-targeting_noRT"
"24725" "Gm12301" 0 NA NA NA NA 0 0 "Uqcrc2_noRT" "non-targeting_noRT"
"24726" "Rcvrn" 0 NA NA NA NA 0 0 "Uqcrc2_noRT" "non-targeting_noRT"
"24727" "Gsg1l2" 0 NA NA NA NA 0 0 "Uqcrc2_noRT" "non-targeting_noRT"
"24728" "Dhrs7c" 0 NA NA NA NA 0 0 "Uqcrc2_noRT" "non-targeting_noRT"
"24729" "Usp43" 0 NA NA NA NA 0 0 "Uqcrc2_noRT" "non-targeting_noRT"
"24730" "9130017K11Rik" 0 NA NA NA NA 0 0 "Uqcrc2_noRT" "non-targeting_noRT"
"24731" "Cfap52" 0 NA NA NA NA 0 0 "Uqcrc2_noRT" "non-targeting_noRT"
"24732" "C78197" 0 NA NA NA NA 0 0 "Uqcrc2_noRT" "non-targeting_noRT"
"24733" "Ntn1" 0 NA NA NA NA 0 0 "Uqcrc2_noRT" "non-targeting_noRT"
"24734" "Gm12305" 0 NA NA NA NA 0 0 "Uqcrc2_noRT" "non-targeting_noRT"
"24735" "Pik3r5" 0 NA NA NA NA 0 0 "Uqcrc2_noRT" "non-targeting_noRT"
"24736" "Pik3r6" 0 NA NA NA NA 0 0 "Uqcrc2_noRT" "non-targeting_noRT"
"24737" "Mfsd6l" 0 NA NA NA NA 0 0 "Uqcrc2_noRT" "non-targeting_noRT"
"24738" "Ccdc42os" 0 NA NA NA NA 0 0 "Uqcrc2_noRT" "non-targeting_noRT"
"24739" "Ccdc42" 0 NA NA NA NA 0 0 "Uqcrc2_noRT" "non-targeting_noRT"
"24740" "Rnf222" 0 NA NA NA NA 0 0 "Uqcrc2_noRT" "non-targeting_noRT"
"24741" "Odf4" 0 NA NA NA NA 0 0 "Uqcrc2_noRT" "non-targeting_noRT"
"24742" "9130213A22Rik" 0 NA NA NA NA 0 0 "Uqcrc2_noRT" "non-targeting_noRT"
"24743" "Aloxe3" 0 NA NA NA NA 0 0 "Uqcrc2_noRT" "non-targeting_noRT"
"24744" "Alox12b" 0 NA NA NA NA 0 0 "Uqcrc2_noRT" "non-targeting_noRT"
"24745" "Alox8" 0 NA NA NA NA 0 0 "Uqcrc2_noRT" "non-targeting_noRT"
"24746" "Gucy2e" 0 NA NA NA NA 0 0 "Uqcrc2_noRT" "non-targeting_noRT"
"24747" "Cntrobos" 0 NA NA NA NA 0 0 "Uqcrc2_noRT" "non-targeting_noRT"
"24748" "Sox15" 0 NA NA NA NA 0 0 "Uqcrc2_noRT" "non-targeting_noRT"
"24749" "Slc35g3" 0 NA NA NA NA 0 0 "Uqcrc2_noRT" "non-targeting_noRT"
"24750" "Fgf11" 0 NA NA NA NA 0 0 "Uqcrc2_noRT" "non-targeting_noRT"
"24751" "Tmem102" 0 NA NA NA NA 0 0 "Uqcrc2_noRT" "non-targeting_noRT"
"24752" "Gm39566" 0 NA NA NA NA 0 0 "Uqcrc2_noRT" "non-targeting_noRT"
"24753" "Spem2" 0 NA NA NA NA 0 0 "Uqcrc2_noRT" "non-targeting_noRT"
"24754" "Tnk1" 0 NA NA NA NA 0 0 "Uqcrc2_noRT" "non-targeting_noRT"
"24755" "Acap1" 0 NA NA NA NA 0 0 "Uqcrc2_noRT" "non-targeting_noRT"
"24756" "2810408A11Rik" 0 NA NA NA NA 0 0 "Uqcrc2_noRT" "non-targeting_noRT"
"24757" "Ybx2" 0 NA NA NA NA 0 0 "Uqcrc2_noRT" "non-targeting_noRT"
"24758" "Slc2a4" 0 NA NA NA NA 0 0 "Uqcrc2_noRT" "non-targeting_noRT"
"24759" "Cldn7" 0 NA NA NA NA 0 0 "Uqcrc2_noRT" "non-targeting_noRT"
"24760" "Asgr2" 0 NA NA NA NA 0 0 "Uqcrc2_noRT" "non-targeting_noRT"
"24761" "Mgl2" 0 NA NA NA NA 0 0 "Uqcrc2_noRT" "non-targeting_noRT"
"24762" "Clec10a" 0 NA NA NA NA 0 0 "Uqcrc2_noRT" "non-targeting_noRT"
"24763" "Slc16a11" 0 NA NA NA NA 0 0 "Uqcrc2_noRT" "non-targeting_noRT"
"24764" "Bcl6b" 0 NA NA NA NA 0 0 "Uqcrc2_noRT" "non-targeting_noRT"
"24765" "Alox12" 0 NA NA NA NA 0 0 "Uqcrc2_noRT" "non-targeting_noRT"
"24766" "Alox12e" 0 NA NA NA NA 0 0 "Uqcrc2_noRT" "non-targeting_noRT"
"24767" "Cxcl16" 0 NA NA NA NA 0 0 "Uqcrc2_noRT" "non-targeting_noRT"
"24768" "Tm4sf5" 0 NA NA NA NA 0 0 "Uqcrc2_noRT" "non-targeting_noRT"
"24769" "Vmo1" 0 NA NA NA NA 0 0 "Uqcrc2_noRT" "non-targeting_noRT"
"24770" "Gltpd2" 0 NA NA NA NA 0 0 "Uqcrc2_noRT" "non-targeting_noRT"
"24771" "Gm40193" 0 NA NA NA NA 0 0 "Uqcrc2_noRT" "non-targeting_noRT"
"24772" "Gm12316" 0 NA NA NA NA 0 0 "Uqcrc2_noRT" "non-targeting_noRT"
"24773" "Chrne" 0 NA NA NA NA 0 0 "Uqcrc2_noRT" "non-targeting_noRT"
"24774" "4930544D05Rik" 0 NA NA NA NA 0 0 "Uqcrc2_noRT" "non-targeting_noRT"
"24775" "Gm12315" 0 NA NA NA NA 0 0 "Uqcrc2_noRT" "non-targeting_noRT"
"24776" "Gp1ba" 0 NA NA NA NA 0 0 "Uqcrc2_noRT" "non-targeting_noRT"
"24777" "Scimp" 0 NA NA NA NA 0 0 "Uqcrc2_noRT" "non-targeting_noRT"
"24778" "6330403K07Rik" 0 NA NA NA NA 0 0 "Uqcrc2_noRT" "non-targeting_noRT"
"24779" "Nlrp1a" 0 NA NA NA NA 0 0 "Uqcrc2_noRT" "non-targeting_noRT"
"24780" "Nlrp1b" 0 NA NA NA NA 0 0 "Uqcrc2_noRT" "non-targeting_noRT"
"24781" "Gm16013" 0 NA NA NA NA 0 0 "Uqcrc2_noRT" "non-targeting_noRT"
"24782" "9230020A06Rik" 0 NA NA NA NA 0 0 "Uqcrc2_noRT" "non-targeting_noRT"
"24783" "Gm33351" 0 NA NA NA NA 0 0 "Uqcrc2_noRT" "non-targeting_noRT"
"24784" "Gm12324" 0 NA NA NA NA 0 0 "Uqcrc2_noRT" "non-targeting_noRT"
"24785" "Gm12325" 0 NA NA NA NA 0 0 "Uqcrc2_noRT" "non-targeting_noRT"
"24786" "Gm12326" 0 NA NA NA NA 0 0 "Uqcrc2_noRT" "non-targeting_noRT"
"24787" "4930401O10Rik" 0 NA NA NA NA 0 0 "Uqcrc2_noRT" "non-targeting_noRT"
"24788" "Aipl1" 0 NA NA NA NA 0 0 "Uqcrc2_noRT" "non-targeting_noRT"
"24789" "Pitpnm3" 0 NA NA NA NA 0 0 "Uqcrc2_noRT" "non-targeting_noRT"
"24790" "Gm43951" 0 NA NA NA NA 0 0 "Uqcrc2_noRT" "non-targeting_noRT"
"24791" "4930563E22Rik" 0 NA NA NA NA 0 0 "Uqcrc2_noRT" "non-targeting_noRT"
"24792" "1700051A21Rik" 0 NA NA NA NA 0 0 "Uqcrc2_noRT" "non-targeting_noRT"
"24793" "Smtnl2" 0 NA NA NA NA 0 0 "Uqcrc2_noRT" "non-targeting_noRT"
"24794" "Ggt6" 0 NA NA NA NA 0 0 "Uqcrc2_noRT" "non-targeting_noRT"
"24795" "Spns2" 0 NA NA NA NA 0 0 "Uqcrc2_noRT" "non-targeting_noRT"
"24796" "Spns3" 0 NA NA NA NA 0 0 "Uqcrc2_noRT" "non-targeting_noRT"
"24797" "P2rx1" 0 NA NA NA NA 0 0 "Uqcrc2_noRT" "non-targeting_noRT"
"24798" "4732414G09Rik" 0 NA NA NA NA 0 0 "Uqcrc2_noRT" "non-targeting_noRT"
"24799" "Camkk1" 0 NA NA NA NA 0 0 "Uqcrc2_noRT" "non-targeting_noRT"
"24800" "Itgae" 0 NA NA NA NA 0 0 "Uqcrc2_noRT" "non-targeting_noRT"
"24801" "P2rx5" 0 NA NA NA NA 0 0 "Uqcrc2_noRT" "non-targeting_noRT"
"24802" "Trpv1" 0 NA NA NA NA 0 0 "Uqcrc2_noRT" "non-targeting_noRT"
"24803" "Spata22" 0 NA NA NA NA 0 0 "Uqcrc2_noRT" "non-targeting_noRT"
"24804" "Olfr20" 0 NA NA NA NA 0 0 "Uqcrc2_noRT" "non-targeting_noRT"
"24805" "Olfr376" 0 NA NA NA NA 0 0 "Uqcrc2_noRT" "non-targeting_noRT"
"24806" "Olfr1" 0 NA NA NA NA 0 0 "Uqcrc2_noRT" "non-targeting_noRT"
"24807" "Olfr378" 0 NA NA NA NA 0 0 "Uqcrc2_noRT" "non-targeting_noRT"
"24808" "Olfr380" 0 NA NA NA NA 0 0 "Uqcrc2_noRT" "non-targeting_noRT"
"24809" "Olfr381" 0 NA NA NA NA 0 0 "Uqcrc2_noRT" "non-targeting_noRT"
"24810" "Olfr382" 0 NA NA NA NA 0 0 "Uqcrc2_noRT" "non-targeting_noRT"
"24811" "Olfr385" 0 NA NA NA NA 0 0 "Uqcrc2_noRT" "non-targeting_noRT"
"24812" "Olfr384" 0 NA NA NA NA 0 0 "Uqcrc2_noRT" "non-targeting_noRT"
"24813" "Zfp735" 0 NA NA NA NA 0 0 "Uqcrc2_noRT" "non-targeting_noRT"
"24814" "Olfr389" 0 NA NA NA NA 0 0 "Uqcrc2_noRT" "non-targeting_noRT"
"24815" "Olfr390" 0 NA NA NA NA 0 0 "Uqcrc2_noRT" "non-targeting_noRT"
"24816" "Olfr391-ps" 0 NA NA NA NA 0 0 "Uqcrc2_noRT" "non-targeting_noRT"
"24817" "Olfr392" 0 NA NA NA NA 0 0 "Uqcrc2_noRT" "non-targeting_noRT"
"24818" "Olfr393" 0 NA NA NA NA 0 0 "Uqcrc2_noRT" "non-targeting_noRT"
"24819" "Olfr394" 0 NA NA NA NA 0 0 "Uqcrc2_noRT" "non-targeting_noRT"
"24820" "Olfr395" 0 NA NA NA NA 0 0 "Uqcrc2_noRT" "non-targeting_noRT"
"24821" "Olfr23" 0 NA NA NA NA 0 0 "Uqcrc2_noRT" "non-targeting_noRT"
"24822" "Olfr397" 0 NA NA NA NA 0 0 "Uqcrc2_noRT" "non-targeting_noRT"
"24823" "Olfr398" 0 NA NA NA NA 0 0 "Uqcrc2_noRT" "non-targeting_noRT"
"24824" "Olfr139" 0 NA NA NA NA 0 0 "Uqcrc2_noRT" "non-targeting_noRT"
"24825" "Olfr399" 0 NA NA NA NA 0 0 "Uqcrc2_noRT" "non-targeting_noRT"
"24826" "Zfp616" 0 NA NA NA NA 0 0 "Uqcrc2_noRT" "non-targeting_noRT"
"24827" "Olfr401" 0 NA NA NA NA 0 0 "Uqcrc2_noRT" "non-targeting_noRT"
"24828" "Olfr402" 0 NA NA NA NA 0 0 "Uqcrc2_noRT" "non-targeting_noRT"
"24829" "Olfr403" 0 NA NA NA NA 0 0 "Uqcrc2_noRT" "non-targeting_noRT"
"24830" "Olfr43" 0 NA NA NA NA 0 0 "Uqcrc2_noRT" "non-targeting_noRT"
"24831" "Olfr406" 0 NA NA NA NA 0 0 "Uqcrc2_noRT" "non-targeting_noRT"
"24832" "Olfr59" 0 NA NA NA NA 0 0 "Uqcrc2_noRT" "non-targeting_noRT"
"24833" "Olfr410" 0 NA NA NA NA 0 0 "Uqcrc2_noRT" "non-targeting_noRT"
"24834" "Olfr411" 0 NA NA NA NA 0 0 "Uqcrc2_noRT" "non-targeting_noRT"
"24835" "Olfr412" 0 NA NA NA NA 0 0 "Uqcrc2_noRT" "non-targeting_noRT"
"24836" "Rap1gap2" 0 NA NA NA NA 0 0 "Uqcrc2_noRT" "non-targeting_noRT"
"24837" "Ccdc92b" 0 NA NA NA NA 0 0 "Uqcrc2_noRT" "non-targeting_noRT"
"24838" "Gm28180" 0 NA NA NA NA 0 0 "Uqcrc2_noRT" "non-targeting_noRT"
"24839" "Hic1" 0 NA NA NA NA 0 0 "Uqcrc2_noRT" "non-targeting_noRT"
"24840" "1700016P03Rik" 0 NA NA NA NA 0 0 "Uqcrc2_noRT" "non-targeting_noRT"
"24841" "Dph1" 0 NA NA NA NA 0 0 "Uqcrc2_noRT" "non-targeting_noRT"
"24842" "Rtn4rl1" 0 NA NA NA NA 0 0 "Uqcrc2_noRT" "non-targeting_noRT"
"24843" "Gm12336" 0 NA NA NA NA 0 0 "Uqcrc2_noRT" "non-targeting_noRT"
"24844" "Serpinf2" 0 NA NA NA NA 0 0 "Uqcrc2_noRT" "non-targeting_noRT"
"24845" "Gm45606" 0 NA NA NA NA 0 0 "Uqcrc2_noRT" "non-targeting_noRT"
"24846" "4931413K12Rik" 0 NA NA NA NA 0 0 "Uqcrc2_noRT" "non-targeting_noRT"
"24847" "Doc2b" 0 NA NA NA NA 0 0 "Uqcrc2_noRT" "non-targeting_noRT"
"24848" "Gm12339" 0 NA NA NA NA 0 0 "Uqcrc2_noRT" "non-targeting_noRT"
"24849" "Gm16075" 0 NA NA NA NA 0 0 "Uqcrc2_noRT" "non-targeting_noRT"
"24850" "1700016K19Rik" 0 NA NA NA NA 0 0 "Uqcrc2_noRT" "non-targeting_noRT"
"24851" "Bhlha9" 0 NA NA NA NA 0 0 "Uqcrc2_noRT" "non-targeting_noRT"
"24852" "Trarg1" 0 NA NA NA NA 0 0 "Uqcrc2_noRT" "non-targeting_noRT"
"24853" "Tmigd1" 0 NA NA NA NA 0 0 "Uqcrc2_noRT" "non-targeting_noRT"
"24854" "Slc6a4" 0 NA NA NA NA 0 0 "Uqcrc2_noRT" "non-targeting_noRT"
"24855" "Gm12343" 0 NA NA NA NA 0 0 "Uqcrc2_noRT" "non-targeting_noRT"
"24856" "Efcab5" 0 NA NA NA NA 0 0 "Uqcrc2_noRT" "non-targeting_noRT"
"24857" "Gm45027" 0 NA NA NA NA 0 0 "Uqcrc2_noRT" "non-targeting_noRT"
"24858" "Gm10392" 0 NA NA NA NA 0 0 "Uqcrc2_noRT" "non-targeting_noRT"
"24859" "Cryba1" 0 NA NA NA NA 0 0 "Uqcrc2_noRT" "non-targeting_noRT"
"24860" "Pipox" 0 NA NA NA NA 0 0 "Uqcrc2_noRT" "non-targeting_noRT"
"24861" "Gm11190" 0 NA NA NA NA 0 0 "Uqcrc2_noRT" "non-targeting_noRT"
"24862" "Sez6" 0 NA NA NA NA 0 0 "Uqcrc2_noRT" "non-targeting_noRT"
"24863" "Gm11192" 0 NA NA NA NA 0 0 "Uqcrc2_noRT" "non-targeting_noRT"
"24864" "Gm3948" 0 NA NA NA NA 0 0 "Uqcrc2_noRT" "non-targeting_noRT"
"24865" "Foxn1" 0 NA NA NA NA 0 0 "Uqcrc2_noRT" "non-targeting_noRT"
"24866" "Slc13a2os" 0 NA NA NA NA 0 0 "Uqcrc2_noRT" "non-targeting_noRT"
"24867" "Slc13a2" 0 NA NA NA NA 0 0 "Uqcrc2_noRT" "non-targeting_noRT"
"24868" "Gm11195" 0 NA NA NA NA 0 0 "Uqcrc2_noRT" "non-targeting_noRT"
"24869" "Sarm1" 0 NA NA NA NA 0 0 "Uqcrc2_noRT" "non-targeting_noRT"
"24870" "Vtn" 0 NA NA NA NA 0 0 "Uqcrc2_noRT" "non-targeting_noRT"
"24871" "Sebox" 0 NA NA NA NA 0 0 "Uqcrc2_noRT" "non-targeting_noRT"
"24872" "Nos2" 0 NA NA NA NA 0 0 "Uqcrc2_noRT" "non-targeting_noRT"
"24873" "Gm11201" 0 NA NA NA NA 0 0 "Uqcrc2_noRT" "non-targeting_noRT"
"24874" "Gm44787" 0 NA NA NA NA 0 0 "Uqcrc2_noRT" "non-targeting_noRT"
"24875" "AU040972" 0 NA NA NA NA 0 0 "Uqcrc2_noRT" "non-targeting_noRT"
"24876" "Omg" 0 NA NA NA NA 0 0 "Uqcrc2_noRT" "non-targeting_noRT"
"24877" "Evi2" 0 NA NA NA NA 0 0 "Uqcrc2_noRT" "non-targeting_noRT"
"24878" "Evi2b" 0 NA NA NA NA 0 0 "Uqcrc2_noRT" "non-targeting_noRT"
"24879" "Evi2a" 0 NA NA NA NA 0 0 "Uqcrc2_noRT" "non-targeting_noRT"
"24880" "Rab11fip4os2" 0 NA NA NA NA 0 0 "Uqcrc2_noRT" "non-targeting_noRT"
"24881" "9130204K15Rik" 0 NA NA NA NA 0 0 "Uqcrc2_noRT" "non-targeting_noRT"
"24882" "Adap2" 0 NA NA NA NA 0 0 "Uqcrc2_noRT" "non-targeting_noRT"
"24883" "Myo1d" 0 NA NA NA NA 0 0 "Uqcrc2_noRT" "non-targeting_noRT"
"24884" "C030013C21Rik" 0 NA NA NA NA 0 0 "Uqcrc2_noRT" "non-targeting_noRT"
"24885" "Tmem98" 0 NA NA NA NA 0 0 "Uqcrc2_noRT" "non-targeting_noRT"
"24886" "4930507D10Rik" 0 NA NA NA NA 0 0 "Uqcrc2_noRT" "non-targeting_noRT"
"24887" "Spaca3" 0 NA NA NA NA 0 0 "Uqcrc2_noRT" "non-targeting_noRT"
"24888" "Asic2" 0 NA NA NA NA 0 0 "Uqcrc2_noRT" "non-targeting_noRT"
"24889" "Gm11417" 0 NA NA NA NA 0 0 "Uqcrc2_noRT" "non-targeting_noRT"
"24890" "4930527B05Rik" 0 NA NA NA NA 0 0 "Uqcrc2_noRT" "non-targeting_noRT"
"24891" "Gm11418" 0 NA NA NA NA 0 0 "Uqcrc2_noRT" "non-targeting_noRT"
"24892" "5530401A14Rik" 0 NA NA NA NA 0 0 "Uqcrc2_noRT" "non-targeting_noRT"
"24893" "Gm31522" 0 NA NA NA NA 0 0 "Uqcrc2_noRT" "non-targeting_noRT"
"24894" "Gm11419" 0 NA NA NA NA 0 0 "Uqcrc2_noRT" "non-targeting_noRT"
"24895" "Gm17268" 0 NA NA NA NA 0 0 "Uqcrc2_noRT" "non-targeting_noRT"
"24896" "Ccl7" 0 NA NA NA NA 0 0 "Uqcrc2_noRT" "non-targeting_noRT"
"24897" "Ccl11" 0 NA NA NA NA 0 0 "Uqcrc2_noRT" "non-targeting_noRT"
"24898" "Ccl12" 0 NA NA NA NA 0 0 "Uqcrc2_noRT" "non-targeting_noRT"
"24899" "Ccl8" 0 NA NA NA NA 0 0 "Uqcrc2_noRT" "non-targeting_noRT"
"24900" "Ccl1" 0 NA NA NA NA 0 0 "Uqcrc2_noRT" "non-targeting_noRT"
"24901" "Gm38577" 0 NA NA NA NA 0 0 "Uqcrc2_noRT" "non-targeting_noRT"
"24902" "Tmem132e" 0 NA NA NA NA 0 0 "Uqcrc2_noRT" "non-targeting_noRT"
"24903" "Gm11426" 0 NA NA NA NA 0 0 "Uqcrc2_noRT" "non-targeting_noRT"
"24904" "Fndc8" 0 NA NA NA NA 0 0 "Uqcrc2_noRT" "non-targeting_noRT"
"24905" "Unc45b" 0 NA NA NA NA 0 0 "Uqcrc2_noRT" "non-targeting_noRT"
"24906" "Unc45bos" 0 NA NA NA NA 0 0 "Uqcrc2_noRT" "non-targeting_noRT"
"24907" "Slfn5os" 0 NA NA NA NA 0 0 "Uqcrc2_noRT" "non-targeting_noRT"
"24908" "Gm48462" 0 NA NA NA NA 0 0 "Uqcrc2_noRT" "non-targeting_noRT"
"24909" "Slfn1" 0 NA NA NA NA 0 0 "Uqcrc2_noRT" "non-targeting_noRT"
"24910" "Slfn14" 0 NA NA NA NA 0 0 "Uqcrc2_noRT" "non-targeting_noRT"
"24911" "Rasl10b" 0 NA NA NA NA 0 0 "Uqcrc2_noRT" "non-targeting_noRT"
"24912" "Gas2l2" 0 NA NA NA NA 0 0 "Uqcrc2_noRT" "non-targeting_noRT"
"24913" "Heatr9" 0 NA NA NA NA 0 0 "Uqcrc2_noRT" "non-targeting_noRT"
"24914" "Ccl9" 0 NA NA NA NA 0 0 "Uqcrc2_noRT" "non-targeting_noRT"
"24915" "E230016K23Rik" 0 NA NA NA NA 0 0 "Uqcrc2_noRT" "non-targeting_noRT"
"24916" "Ccl6" 0 NA NA NA NA 0 0 "Uqcrc2_noRT" "non-targeting_noRT"
"24917" "Rpl9-ps1" 0 NA NA NA NA 0 0 "Uqcrc2_noRT" "non-targeting_noRT"
"24918" "Ccl3" 0 NA NA NA NA 0 0 "Uqcrc2_noRT" "non-targeting_noRT"
"24919" "Ccl4" 0 NA NA NA NA 0 0 "Uqcrc2_noRT" "non-targeting_noRT"
"24920" "Wfdc17" 0 NA NA NA NA 0 0 "Uqcrc2_noRT" "non-targeting_noRT"
"24921" "Wfdc18" 0 NA NA NA NA 0 0 "Uqcrc2_noRT" "non-targeting_noRT"
"24922" "Gm12576" 0 NA NA NA NA 0 0 "Uqcrc2_noRT" "non-targeting_noRT"
"24923" "Hnf1b" 0 NA NA NA NA 0 0 "Uqcrc2_noRT" "non-targeting_noRT"
"24924" "Gm11437" 0 NA NA NA NA 0 0 "Uqcrc2_noRT" "non-targeting_noRT"
"24925" "Lhx1" 0 NA NA NA NA 0 0 "Uqcrc2_noRT" "non-targeting_noRT"
"24926" "Lhx1os" 0 NA NA NA NA 0 0 "Uqcrc2_noRT" "non-targeting_noRT"
"24927" "1700109G15Rik" 0 NA NA NA NA 0 0 "Uqcrc2_noRT" "non-targeting_noRT"
"24928" "Gm11431" 0 NA NA NA NA 0 0 "Uqcrc2_noRT" "non-targeting_noRT"
"24929" "Car4" 0 NA NA NA NA 0 0 "Uqcrc2_noRT" "non-targeting_noRT"
"24930" "1700125H20Rik" 0 NA NA NA NA 0 0 "Uqcrc2_noRT" "non-targeting_noRT"
"24931" "Bcas3os1" 0 NA NA NA NA 0 0 "Uqcrc2_noRT" "non-targeting_noRT"
"24932" "Bcas3os2" 0 NA NA NA NA 0 0 "Uqcrc2_noRT" "non-targeting_noRT"
"24933" "2610027K06Rik" 0 NA NA NA NA 0 0 "Uqcrc2_noRT" "non-targeting_noRT"
"24934" "Gm11444" 0 NA NA NA NA 0 0 "Uqcrc2_noRT" "non-targeting_noRT"
"24935" "Gm11479" 0 NA NA NA NA 0 0 "Uqcrc2_noRT" "non-targeting_noRT"
"24936" "Hsf5" 0 NA NA NA NA 0 0 "Uqcrc2_noRT" "non-targeting_noRT"
"24937" "Rnf43" 0 NA NA NA NA 0 0 "Uqcrc2_noRT" "non-targeting_noRT"
"24938" "1110028F11Rik" 0 NA NA NA NA 0 0 "Uqcrc2_noRT" "non-targeting_noRT"
"24939" "Mir142hg" 0 NA NA NA NA 0 0 "Uqcrc2_noRT" "non-targeting_noRT"
"24940" "Mpo" 0 NA NA NA NA 0 0 "Uqcrc2_noRT" "non-targeting_noRT"
"24941" "Gm11505" 0 NA NA NA NA 0 0 "Uqcrc2_noRT" "non-targeting_noRT"
"24942" "Lpo" 0 NA NA NA NA 0 0 "Uqcrc2_noRT" "non-targeting_noRT"
"24943" "Epx" 0 NA NA NA NA 0 0 "Uqcrc2_noRT" "non-targeting_noRT"
"24944" "Olfr462" 0 NA NA NA NA 0 0 "Uqcrc2_noRT" "non-targeting_noRT"
"24945" "Olfr463" 0 NA NA NA NA 0 0 "Uqcrc2_noRT" "non-targeting_noRT"
"24946" "Olfr464" 0 NA NA NA NA 0 0 "Uqcrc2_noRT" "non-targeting_noRT"
"24947" "Gm11508" 0 NA NA NA NA 0 0 "Uqcrc2_noRT" "non-targeting_noRT"
"24948" "Ccdc182" 0 NA NA NA NA 0 0 "Uqcrc2_noRT" "non-targeting_noRT"
"24949" "Gm15893" 0 NA NA NA NA 0 0 "Uqcrc2_noRT" "non-targeting_noRT"
"24950" "Gm11493" 0 NA NA NA NA 0 0 "Uqcrc2_noRT" "non-targeting_noRT"
"24951" "4930556N13Rik" 0 NA NA NA NA 0 0 "Uqcrc2_noRT" "non-targeting_noRT"
"24952" "Scpep1os" 0 NA NA NA NA 0 0 "Uqcrc2_noRT" "non-targeting_noRT"
"24953" "Elobl" 0 NA NA NA NA 0 0 "Uqcrc2_noRT" "non-targeting_noRT"
"24954" "Dgkeos" 0 NA NA NA NA 0 0 "Uqcrc2_noRT" "non-targeting_noRT"
"24955" "Gm525" 0 NA NA NA NA 0 0 "Uqcrc2_noRT" "non-targeting_noRT"
"24956" "Gm11497" 0 NA NA NA NA 0 0 "Uqcrc2_noRT" "non-targeting_noRT"
"24957" "Nog" 0 NA NA NA NA 0 0 "Uqcrc2_noRT" "non-targeting_noRT"
"24958" "Gm2018" 0 NA NA NA NA 0 0 "Uqcrc2_noRT" "non-targeting_noRT"
"24959" "Ankfn1" 0 NA NA NA NA 0 0 "Uqcrc2_noRT" "non-targeting_noRT"
"24960" "Tmem100" 0 NA NA NA NA 0 0 "Uqcrc2_noRT" "non-targeting_noRT"
"24961" "Gm11494" 0 NA NA NA NA 0 0 "Uqcrc2_noRT" "non-targeting_noRT"
"24962" "Hlf" 0 NA NA NA NA 0 0 "Uqcrc2_noRT" "non-targeting_noRT"
"24963" "4930405D11Rik" 0 NA NA NA NA 0 0 "Uqcrc2_noRT" "non-targeting_noRT"
"24964" "Kif2b" 0 NA NA NA NA 0 0 "Uqcrc2_noRT" "non-targeting_noRT"
"24965" "Gm21885" 0 NA NA NA NA 0 0 "Uqcrc2_noRT" "non-targeting_noRT"
"24966" "Abcc3" 0 NA NA NA NA 0 0 "Uqcrc2_noRT" "non-targeting_noRT"
"24967" "Cacna1g" 0 NA NA NA NA 0 0 "Uqcrc2_noRT" "non-targeting_noRT"
"24968" "Spata20" 0 NA NA NA NA 0 0 "Uqcrc2_noRT" "non-targeting_noRT"
"24969" "Epn3" 0 NA NA NA NA 0 0 "Uqcrc2_noRT" "non-targeting_noRT"
"24970" "Chad" 0 NA NA NA NA 0 0 "Uqcrc2_noRT" "non-targeting_noRT"
"24971" "Gm11542" 0 NA NA NA NA 0 0 "Uqcrc2_noRT" "non-targeting_noRT"
"24972" "Gm11541" 0 NA NA NA NA 0 0 "Uqcrc2_noRT" "non-targeting_noRT"
"24973" "Cdc34b" 0 NA NA NA NA 0 0 "Uqcrc2_noRT" "non-targeting_noRT"
"24974" "Tmem92" 0 NA NA NA NA 0 0 "Uqcrc2_noRT" "non-targeting_noRT"
"24975" "Gm11513" 0 NA NA NA NA 0 0 "Uqcrc2_noRT" "non-targeting_noRT"
"24976" "Itga3" 0 NA NA NA NA 0 0 "Uqcrc2_noRT" "non-targeting_noRT"
"24977" "Dlx3" 0 NA NA NA NA 0 0 "Uqcrc2_noRT" "non-targeting_noRT"
"24978" "Dlx4" 0 NA NA NA NA 0 0 "Uqcrc2_noRT" "non-targeting_noRT"
"24979" "Gm11515" 0 NA NA NA NA 0 0 "Uqcrc2_noRT" "non-targeting_noRT"
"24980" "Tac4" 0 NA NA NA NA 0 0 "Uqcrc2_noRT" "non-targeting_noRT"
"24981" "Gm11521" 0 NA NA NA NA 0 0 "Uqcrc2_noRT" "non-targeting_noRT"
"24982" "Gm29477" 0 NA NA NA NA 0 0 "Uqcrc2_noRT" "non-targeting_noRT"
"24983" "Nxph3" 0 NA NA NA NA 0 0 "Uqcrc2_noRT" "non-targeting_noRT"
"24984" "Gm11528" 0 NA NA NA NA 0 0 "Uqcrc2_noRT" "non-targeting_noRT"
"24985" "Gm9796" 0 NA NA NA NA 0 0 "Uqcrc2_noRT" "non-targeting_noRT"
"24986" "Phospho1" 0 NA NA NA NA 0 0 "Uqcrc2_noRT" "non-targeting_noRT"
"24987" "Abi3" 0 NA NA NA NA 0 0 "Uqcrc2_noRT" "non-targeting_noRT"
"24988" "B4galnt2" 0 NA NA NA NA 0 0 "Uqcrc2_noRT" "non-targeting_noRT"
"24989" "Gm11534" 0 NA NA NA NA 0 0 "Uqcrc2_noRT" "non-targeting_noRT"
"24990" "Igf2bp1" 0 NA NA NA NA 0 0 "Uqcrc2_noRT" "non-targeting_noRT"
"24991" "Gm29202" 0 NA NA NA NA 0 0 "Uqcrc2_noRT" "non-targeting_noRT"
"24992" "Gip" 0 NA NA NA NA 0 0 "Uqcrc2_noRT" "non-targeting_noRT"
"24993" "Calcoco2" 0 NA NA NA NA 0 0 "Uqcrc2_noRT" "non-targeting_noRT"
"24994" "Ttll6" 0 NA NA NA NA 0 0 "Uqcrc2_noRT" "non-targeting_noRT"
"24995" "Gm11535" 0 NA NA NA NA 0 0 "Uqcrc2_noRT" "non-targeting_noRT"
"24996" "Hoxb13" 0 NA NA NA NA 0 0 "Uqcrc2_noRT" "non-targeting_noRT"
"24997" "Gm53" 0 NA NA NA NA 0 0 "Uqcrc2_noRT" "non-targeting_noRT"
"24998" "Hoxb9" 0 NA NA NA NA 0 0 "Uqcrc2_noRT" "non-targeting_noRT"
"24999" "Hoxb8" 0 NA NA NA NA 0 0 "Uqcrc2_noRT" "non-targeting_noRT"
"25000" "Hoxb7" 0 NA NA NA NA 0 0 "Uqcrc2_noRT" "non-targeting_noRT"
"25001" "Hoxb5os" 0 NA NA NA NA 0 0 "Uqcrc2_noRT" "non-targeting_noRT"
"25002" "Hoxb6" 0 NA NA NA NA 0 0 "Uqcrc2_noRT" "non-targeting_noRT"
"25003" "Hoxb5" 0 NA NA NA NA 0 0 "Uqcrc2_noRT" "non-targeting_noRT"
"25004" "Hoxb4" 0 NA NA NA NA 0 0 "Uqcrc2_noRT" "non-targeting_noRT"
"25005" "Hoxb3" 0 NA NA NA NA 0 0 "Uqcrc2_noRT" "non-targeting_noRT"
"25006" "Gm11536" 0 NA NA NA NA 0 0 "Uqcrc2_noRT" "non-targeting_noRT"
"25007" "Hoxb3os" 0 NA NA NA NA 0 0 "Uqcrc2_noRT" "non-targeting_noRT"
"25008" "Hoxb2" 0 NA NA NA NA 0 0 "Uqcrc2_noRT" "non-targeting_noRT"
"25009" "Hoxb1" 0 NA NA NA NA 0 0 "Uqcrc2_noRT" "non-targeting_noRT"
"25010" "Gm11529" 0 NA NA NA NA 0 0 "Uqcrc2_noRT" "non-targeting_noRT"
"25011" "Skap1" 0 NA NA NA NA 0 0 "Uqcrc2_noRT" "non-targeting_noRT"
"25012" "Gm11537" 0 NA NA NA NA 0 0 "Uqcrc2_noRT" "non-targeting_noRT"
"25013" "Gm11523" 0 NA NA NA NA 0 0 "Uqcrc2_noRT" "non-targeting_noRT"
"25014" "Gm11525" 0 NA NA NA NA 0 0 "Uqcrc2_noRT" "non-targeting_noRT"
"25015" "Sp6" 0 NA NA NA NA 0 0 "Uqcrc2_noRT" "non-targeting_noRT"
"25016" "Gm11532" 0 NA NA NA NA 0 0 "Uqcrc2_noRT" "non-targeting_noRT"
"25017" "Lrrc46" 0 NA NA NA NA 0 0 "Uqcrc2_noRT" "non-targeting_noRT"
"25018" "Gm11574" 0 NA NA NA NA 0 0 "Uqcrc2_noRT" "non-targeting_noRT"
"25019" "Tbx21" 0 NA NA NA NA 0 0 "Uqcrc2_noRT" "non-targeting_noRT"
"25020" "Gm11592" 0 NA NA NA NA 0 0 "Uqcrc2_noRT" "non-targeting_noRT"
"25021" "Gpr179" 0 NA NA NA NA 0 0 "Uqcrc2_noRT" "non-targeting_noRT"
"25022" "4933428G20Rik" 0 NA NA NA NA 0 0 "Uqcrc2_noRT" "non-targeting_noRT"
"25023" "2410003L11Rik" 0 NA NA NA NA 0 0 "Uqcrc2_noRT" "non-targeting_noRT"
"25024" "Epop" 0 NA NA NA NA 0 0 "Uqcrc2_noRT" "non-targeting_noRT"
"25025" "Gm11613" 0 NA NA NA NA 0 0 "Uqcrc2_noRT" "non-targeting_noRT"
"25026" "Gm11614" 0 NA NA NA NA 0 0 "Uqcrc2_noRT" "non-targeting_noRT"
"25027" "Gm11630" 0 NA NA NA NA 0 0 "Uqcrc2_noRT" "non-targeting_noRT"
"25028" "Plxdc1" 0 NA NA NA NA 0 0 "Uqcrc2_noRT" "non-targeting_noRT"
"25029" "Gm11629" 0 NA NA NA NA 0 0 "Uqcrc2_noRT" "non-targeting_noRT"
"25030" "Stac2" 0 NA NA NA NA 0 0 "Uqcrc2_noRT" "non-targeting_noRT"
"25031" "Gm11632" 0 NA NA NA NA 0 0 "Uqcrc2_noRT" "non-targeting_noRT"
"25032" "Neurod2" 0 NA NA NA NA 0 0 "Uqcrc2_noRT" "non-targeting_noRT"
"25033" "1700003D09Rik" 0 NA NA NA NA 0 0 "Uqcrc2_noRT" "non-targeting_noRT"
"25034" "Tcap" 0 NA NA NA NA 0 0 "Uqcrc2_noRT" "non-targeting_noRT"
"25035" "Pnmt" 0 NA NA NA NA 0 0 "Uqcrc2_noRT" "non-targeting_noRT"
"25036" "Gm12352" 0 NA NA NA NA 0 0 "Uqcrc2_noRT" "non-targeting_noRT"
"25037" "Ikzf3" 0 NA NA NA NA 0 0 "Uqcrc2_noRT" "non-targeting_noRT"
"25038" "Zpbp2" 0 NA NA NA NA 0 0 "Uqcrc2_noRT" "non-targeting_noRT"
"25039" "Lrrc3c" 0 NA NA NA NA 0 0 "Uqcrc2_noRT" "non-targeting_noRT"
"25040" "Gsdma3" 0 NA NA NA NA 0 0 "Uqcrc2_noRT" "non-targeting_noRT"
"25041" "Gsdma2" 0 NA NA NA NA 0 0 "Uqcrc2_noRT" "non-targeting_noRT"
"25042" "Gsdma" 0 NA NA NA NA 0 0 "Uqcrc2_noRT" "non-targeting_noRT"
"25043" "Gm12356" 0 NA NA NA NA 0 0 "Uqcrc2_noRT" "non-targeting_noRT"
"25044" "Gjd3" 0 NA NA NA NA 0 0 "Uqcrc2_noRT" "non-targeting_noRT"
"25045" "Ccr7" 0 NA NA NA NA 0 0 "Uqcrc2_noRT" "non-targeting_noRT"
"25046" "Krt222" 0 NA NA NA NA 0 0 "Uqcrc2_noRT" "non-targeting_noRT"
"25047" "Krt25" 0 NA NA NA NA 0 0 "Uqcrc2_noRT" "non-targeting_noRT"
"25048" "Krt26" 0 NA NA NA NA 0 0 "Uqcrc2_noRT" "non-targeting_noRT"
"25049" "Krt27" 0 NA NA NA NA 0 0 "Uqcrc2_noRT" "non-targeting_noRT"
"25050" "Krt28" 0 NA NA NA NA 0 0 "Uqcrc2_noRT" "non-targeting_noRT"
"25051" "Krt10" 0 NA NA NA NA 0 0 "Uqcrc2_noRT" "non-targeting_noRT"
"25052" "Gm11940" 0 NA NA NA NA 0 0 "Uqcrc2_noRT" "non-targeting_noRT"
"25053" "Krt12" 0 NA NA NA NA 0 0 "Uqcrc2_noRT" "non-targeting_noRT"
"25054" "A830036E02Rik" 0 NA NA NA NA 0 0 "Uqcrc2_noRT" "non-targeting_noRT"
"25055" "Krt20" 0 NA NA NA NA 0 0 "Uqcrc2_noRT" "non-targeting_noRT"
"25056" "Krt23" 0 NA NA NA NA 0 0 "Uqcrc2_noRT" "non-targeting_noRT"
"25057" "Krt39" 0 NA NA NA NA 0 0 "Uqcrc2_noRT" "non-targeting_noRT"
"25058" "Krt40" 0 NA NA NA NA 0 0 "Uqcrc2_noRT" "non-targeting_noRT"
"25059" "Krtap3-3" 0 NA NA NA NA 0 0 "Uqcrc2_noRT" "non-targeting_noRT"
"25060" "Krtap3-2" 0 NA NA NA NA 0 0 "Uqcrc2_noRT" "non-targeting_noRT"
"25061" "Gm11939" 0 NA NA NA NA 0 0 "Uqcrc2_noRT" "non-targeting_noRT"
"25062" "Krtap3-1" 0 NA NA NA NA 0 0 "Uqcrc2_noRT" "non-targeting_noRT"
"25063" "Krtap1-5" 0 NA NA NA NA 0 0 "Uqcrc2_noRT" "non-targeting_noRT"
"25064" "Krtap1-4" 0 NA NA NA NA 0 0 "Uqcrc2_noRT" "non-targeting_noRT"
"25065" "Krtap1-3" 0 NA NA NA NA 0 0 "Uqcrc2_noRT" "non-targeting_noRT"
"25066" "Krtap9-3" 0 NA NA NA NA 0 0 "Uqcrc2_noRT" "non-targeting_noRT"
"25067" "Gm11938" 0 NA NA NA NA 0 0 "Uqcrc2_noRT" "non-targeting_noRT"
"25068" "Gm11937" 0 NA NA NA NA 0 0 "Uqcrc2_noRT" "non-targeting_noRT"
"25069" "Krtap2-4" 0 NA NA NA NA 0 0 "Uqcrc2_noRT" "non-targeting_noRT"
"25070" "Gm11562" 0 NA NA NA NA 0 0 "Uqcrc2_noRT" "non-targeting_noRT"
"25071" "Krtap4-1" 0 NA NA NA NA 0 0 "Uqcrc2_noRT" "non-targeting_noRT"
"25072" "Krtap4-2" 0 NA NA NA NA 0 0 "Uqcrc2_noRT" "non-targeting_noRT"
"25073" "Krtap4-7" 0 NA NA NA NA 0 0 "Uqcrc2_noRT" "non-targeting_noRT"
"25074" "Gm11555" 0 NA NA NA NA 0 0 "Uqcrc2_noRT" "non-targeting_noRT"
"25075" "Gm11563" 0 NA NA NA NA 0 0 "Uqcrc2_noRT" "non-targeting_noRT"
"25076" "Krtap4-6" 0 NA NA NA NA 0 0 "Uqcrc2_noRT" "non-targeting_noRT"
"25077" "Gm14190" 0 NA NA NA NA 0 0 "Uqcrc2_noRT" "non-targeting_noRT"
"25078" "Gm14180" 0 NA NA NA NA 0 0 "Uqcrc2_noRT" "non-targeting_noRT"
"25079" "Gm11595" 0 NA NA NA NA 0 0 "Uqcrc2_noRT" "non-targeting_noRT"
"25080" "Krtap4-8" 0 NA NA NA NA 0 0 "Uqcrc2_noRT" "non-targeting_noRT"
"25081" "Krtap4-9" 0 NA NA NA NA 0 0 "Uqcrc2_noRT" "non-targeting_noRT"
"25082" "Gm11596" 0 NA NA NA NA 0 0 "Uqcrc2_noRT" "non-targeting_noRT"
"25083" "Gm11569" 0 NA NA NA NA 0 0 "Uqcrc2_noRT" "non-targeting_noRT"
"25084" "Gm11554" 0 NA NA NA NA 0 0 "Uqcrc2_noRT" "non-targeting_noRT"
"25085" "Krtap4-13" 0 NA NA NA NA 0 0 "Uqcrc2_noRT" "non-targeting_noRT"
"25086" "Gm11564" 0 NA NA NA NA 0 0 "Uqcrc2_noRT" "non-targeting_noRT"
"25087" "2300003K06Rik" 0 NA NA NA NA 0 0 "Uqcrc2_noRT" "non-targeting_noRT"
"25088" "Krtap4-16" 0 NA NA NA NA 0 0 "Uqcrc2_noRT" "non-targeting_noRT"
"25089" "Gm11568" 0 NA NA NA NA 0 0 "Uqcrc2_noRT" "non-targeting_noRT"
"25090" "Gm11559" 0 NA NA NA NA 0 0 "Uqcrc2_noRT" "non-targeting_noRT"
"25091" "Krtap9-1" 0 NA NA NA NA 0 0 "Uqcrc2_noRT" "non-targeting_noRT"
"25092" "Gm11567" 0 NA NA NA NA 0 0 "Uqcrc2_noRT" "non-targeting_noRT"
"25093" "Krtap31-1" 0 NA NA NA NA 0 0 "Uqcrc2_noRT" "non-targeting_noRT"
"25094" "Gm11565" 0 NA NA NA NA 0 0 "Uqcrc2_noRT" "non-targeting_noRT"
"25095" "Krtap31-2" 0 NA NA NA NA 0 0 "Uqcrc2_noRT" "non-targeting_noRT"
"25096" "Krtap9-5" 0 NA NA NA NA 0 0 "Uqcrc2_noRT" "non-targeting_noRT"
"25097" "Krtap29-1" 0 NA NA NA NA 0 0 "Uqcrc2_noRT" "non-targeting_noRT"
"25098" "Krtap16-1" 0 NA NA NA NA 0 0 "Uqcrc2_noRT" "non-targeting_noRT"
"25099" "Krtap17-1" 0 NA NA NA NA 0 0 "Uqcrc2_noRT" "non-targeting_noRT"
"25100" "Krt33a" 0 NA NA NA NA 0 0 "Uqcrc2_noRT" "non-targeting_noRT"
"25101" "Krt33b" 0 NA NA NA NA 0 0 "Uqcrc2_noRT" "non-targeting_noRT"
"25102" "Krt34" 0 NA NA NA NA 0 0 "Uqcrc2_noRT" "non-targeting_noRT"
"25103" "Krt31" 0 NA NA NA NA 0 0 "Uqcrc2_noRT" "non-targeting_noRT"
"25104" "Gm11571" 0 NA NA NA NA 0 0 "Uqcrc2_noRT" "non-targeting_noRT"
"25105" "Krt32" 0 NA NA NA NA 0 0 "Uqcrc2_noRT" "non-targeting_noRT"
"25106" "Krt35" 0 NA NA NA NA 0 0 "Uqcrc2_noRT" "non-targeting_noRT"
"25107" "Krt36" 0 NA NA NA NA 0 0 "Uqcrc2_noRT" "non-targeting_noRT"
"25108" "Gm12347" 0 NA NA NA NA 0 0 "Uqcrc2_noRT" "non-targeting_noRT"
"25109" "Krt13" 0 NA NA NA NA 0 0 "Uqcrc2_noRT" "non-targeting_noRT"
"25110" "Krt15" 0 NA NA NA NA 0 0 "Uqcrc2_noRT" "non-targeting_noRT"
"25111" "Krt19" 0 NA NA NA NA 0 0 "Uqcrc2_noRT" "non-targeting_noRT"
"25112" "Krt9" 0 NA NA NA NA 0 0 "Uqcrc2_noRT" "non-targeting_noRT"
"25113" "Krt14" 0 NA NA NA NA 0 0 "Uqcrc2_noRT" "non-targeting_noRT"
"25114" "Krt16" 0 NA NA NA NA 0 0 "Uqcrc2_noRT" "non-targeting_noRT"
"25115" "Krt17" 0 NA NA NA NA 0 0 "Uqcrc2_noRT" "non-targeting_noRT"
"25116" "Krt42" 0 NA NA NA NA 0 0 "Uqcrc2_noRT" "non-targeting_noRT"
"25117" "Gm14206" 0 NA NA NA NA 0 0 "Uqcrc2_noRT" "non-targeting_noRT"
"25118" "Gm12349" 0 NA NA NA NA 0 0 "Uqcrc2_noRT" "non-targeting_noRT"
"25119" "Gast" 0 NA NA NA NA 0 0 "Uqcrc2_noRT" "non-targeting_noRT"
"25120" "Gm20394" 0 NA NA NA NA 0 0 "Uqcrc2_noRT" "non-targeting_noRT"
"25121" "Gm12348" 0 NA NA NA NA 0 0 "Uqcrc2_noRT" "non-targeting_noRT"
"25122" "Klhl10" 0 NA NA NA NA 0 0 "Uqcrc2_noRT" "non-targeting_noRT"
"25123" "Zfp385c" 0 NA NA NA NA 0 0 "Uqcrc2_noRT" "non-targeting_noRT"
"25124" "Dhx58os" 0 NA NA NA NA 0 0 "Uqcrc2_noRT" "non-targeting_noRT"
"25125" "Hspb9" 0 NA NA NA NA 0 0 "Uqcrc2_noRT" "non-targeting_noRT"
"25126" "Hcrt" 0 NA NA NA NA 0 0 "Uqcrc2_noRT" "non-targeting_noRT"
"25127" "Hsd17b1" 0 NA NA NA NA 0 0 "Uqcrc2_noRT" "non-targeting_noRT"
"25128" "Ccr10" 0 NA NA NA NA 0 0 "Uqcrc2_noRT" "non-targeting_noRT"
"25129" "Gm11615" 0 NA NA NA NA 0 0 "Uqcrc2_noRT" "non-targeting_noRT"
"25130" "Gm28156" 0 NA NA NA NA 0 0 "Uqcrc2_noRT" "non-targeting_noRT"
"25131" "G6pc" 0 NA NA NA NA 0 0 "Uqcrc2_noRT" "non-targeting_noRT"
"25132" "Gm11626" 0 NA NA NA NA 0 0 "Uqcrc2_noRT" "non-targeting_noRT"
"25133" "Gm11634" 0 NA NA NA NA 0 0 "Uqcrc2_noRT" "non-targeting_noRT"
"25134" "Meox1" 0 NA NA NA NA 0 0 "Uqcrc2_noRT" "non-targeting_noRT"
"25135" "Gm11551" 0 NA NA NA NA 0 0 "Uqcrc2_noRT" "non-targeting_noRT"
"25136" "4930417O22Rik" 0 NA NA NA NA 0 0 "Uqcrc2_noRT" "non-targeting_noRT"
"25137" "Sost" 0 NA NA NA NA 0 0 "Uqcrc2_noRT" "non-targeting_noRT"
"25138" "Gm20659" 0 NA NA NA NA 0 0 "Uqcrc2_noRT" "non-targeting_noRT"
"25139" "Cfap97d1" 0 NA NA NA NA 0 0 "Uqcrc2_noRT" "non-targeting_noRT"
"25140" "E130111B04Rik" 0 NA NA NA NA 0 0 "Uqcrc2_noRT" "non-targeting_noRT"
"25141" "Cd300lg" 0 NA NA NA NA 0 0 "Uqcrc2_noRT" "non-targeting_noRT"
"25142" "Ppy" 0 NA NA NA NA 0 0 "Uqcrc2_noRT" "non-targeting_noRT"
"25143" "Pyy" 0 NA NA NA NA 0 0 "Uqcrc2_noRT" "non-targeting_noRT"
"25144" "Nags" 0 NA NA NA NA 0 0 "Uqcrc2_noRT" "non-targeting_noRT"
"25145" "Gm11586" 0 NA NA NA NA 0 0 "Uqcrc2_noRT" "non-targeting_noRT"
"25146" "Slc4a1" 0 NA NA NA NA 0 0 "Uqcrc2_noRT" "non-targeting_noRT"
"25147" "Bloodlinc" 0 NA NA NA NA 0 0 "Uqcrc2_noRT" "non-targeting_noRT"
"25148" "Gm11636" 0 NA NA NA NA 0 0 "Uqcrc2_noRT" "non-targeting_noRT"
"25149" "2810433D01Rik" 0 NA NA NA NA 0 0 "Uqcrc2_noRT" "non-targeting_noRT"
"25150" "Meioc" 0 NA NA NA NA 0 0 "Uqcrc2_noRT" "non-targeting_noRT"
"25151" "Adam11" 0 NA NA NA NA 0 0 "Uqcrc2_noRT" "non-targeting_noRT"
"25152" "Higd1b" 0 NA NA NA NA 0 0 "Uqcrc2_noRT" "non-targeting_noRT"
"25153" "Fam187a" 0 NA NA NA NA 0 0 "Uqcrc2_noRT" "non-targeting_noRT"
"25154" "2410004I01Rik" 0 NA NA NA NA 0 0 "Uqcrc2_noRT" "non-targeting_noRT"
"25155" "Fmnl1" 0 NA NA NA NA 0 0 "Uqcrc2_noRT" "non-targeting_noRT"
"25156" "Gm20511" 0 NA NA NA NA 0 0 "Uqcrc2_noRT" "non-targeting_noRT"
"25157" "1700023F06Rik" 0 NA NA NA NA 0 0 "Uqcrc2_noRT" "non-targeting_noRT"
"25158" "Spata32" 0 NA NA NA NA 0 0 "Uqcrc2_noRT" "non-targeting_noRT"
"25159" "1700028N14Rik" 0 NA NA NA NA 0 0 "Uqcrc2_noRT" "non-targeting_noRT"
"25160" "Arhgap27os3" 0 NA NA NA NA 0 0 "Uqcrc2_noRT" "non-targeting_noRT"
"25161" "Gm39397" 0 NA NA NA NA 0 0 "Uqcrc2_noRT" "non-targeting_noRT"
"25162" "Lrrc37a" 0 NA NA NA NA 0 0 "Uqcrc2_noRT" "non-targeting_noRT"
"25163" "Gm884" 0 NA NA NA NA 0 0 "Uqcrc2_noRT" "non-targeting_noRT"
"25164" "Lyzl6" 0 NA NA NA NA 0 0 "Uqcrc2_noRT" "non-targeting_noRT"
"25165" "Rprml" 0 NA NA NA NA 0 0 "Uqcrc2_noRT" "non-targeting_noRT"
"25166" "Gm11642" 0 NA NA NA NA 0 0 "Uqcrc2_noRT" "non-targeting_noRT"
"25167" "Wnt9b" 0 NA NA NA NA 0 0 "Uqcrc2_noRT" "non-targeting_noRT"
"25168" "Wnt3" 0 NA NA NA NA 0 0 "Uqcrc2_noRT" "non-targeting_noRT"
"25169" "Crhr1" 0 NA NA NA NA 0 0 "Uqcrc2_noRT" "non-targeting_noRT"
"25170" "Sppl2c" 0 NA NA NA NA 0 0 "Uqcrc2_noRT" "non-targeting_noRT"
"25171" "Gm11659" 0 NA NA NA NA 0 0 "Uqcrc2_noRT" "non-targeting_noRT"
"25172" "Gm11665" 0 NA NA NA NA 0 0 "Uqcrc2_noRT" "non-targeting_noRT"
"25173" "Gm11639" 0 NA NA NA NA 0 0 "Uqcrc2_noRT" "non-targeting_noRT"
"25174" "Efcab3" 0 NA NA NA NA 0 0 "Uqcrc2_noRT" "non-targeting_noRT"
"25175" "Mrc2" 0 NA NA NA NA 0 0 "Uqcrc2_noRT" "non-targeting_noRT"
"25176" "Gm11638" 0 NA NA NA NA 0 0 "Uqcrc2_noRT" "non-targeting_noRT"
"25177" "Gm11640" 0 NA NA NA NA 0 0 "Uqcrc2_noRT" "non-targeting_noRT"
"25178" "Gm11651" 0 NA NA NA NA 0 0 "Uqcrc2_noRT" "non-targeting_noRT"
"25179" "Ace" 0 NA NA NA NA 0 0 "Uqcrc2_noRT" "non-targeting_noRT"
"25180" "Kcnh6" 0 NA NA NA NA 0 0 "Uqcrc2_noRT" "non-targeting_noRT"
"25181" "Gm11646" 0 NA NA NA NA 0 0 "Uqcrc2_noRT" "non-targeting_noRT"
"25182" "Gm11672" 0 NA NA NA NA 0 0 "Uqcrc2_noRT" "non-targeting_noRT"
"25183" "Cd79b" 0 NA NA NA NA 0 0 "Uqcrc2_noRT" "non-targeting_noRT"
"25184" "Scn4a" 0 NA NA NA NA 0 0 "Uqcrc2_noRT" "non-targeting_noRT"
"25185" "Prr29" 0 NA NA NA NA 0 0 "Uqcrc2_noRT" "non-targeting_noRT"
"25186" "Icam2" 0 NA NA NA NA 0 0 "Uqcrc2_noRT" "non-targeting_noRT"
"25187" "Pecam1" 0 NA NA NA NA 0 0 "Uqcrc2_noRT" "non-targeting_noRT"
"25188" "Gm11706" 0 NA NA NA NA 0 0 "Uqcrc2_noRT" "non-targeting_noRT"
"25189" "Gm11707" 0 NA NA NA NA 0 0 "Uqcrc2_noRT" "non-targeting_noRT"
"25190" "Gm11716" 0 NA NA NA NA 0 0 "Uqcrc2_noRT" "non-targeting_noRT"
"25191" "Gm11712" 0 NA NA NA NA 0 0 "Uqcrc2_noRT" "non-targeting_noRT"
"25192" "Gm11714" 0 NA NA NA NA 0 0 "Uqcrc2_noRT" "non-targeting_noRT"
"25193" "Gm11722" 0 NA NA NA NA 0 0 "Uqcrc2_noRT" "non-targeting_noRT"
"25194" "C330019F10Rik" 0 NA NA NA NA 0 0 "Uqcrc2_noRT" "non-targeting_noRT"
"25195" "Cacng1" 0 NA NA NA NA 0 0 "Uqcrc2_noRT" "non-targeting_noRT"
"25196" "Gm11657" 0 NA NA NA NA 0 0 "Uqcrc2_noRT" "non-targeting_noRT"
"25197" "Gm11655" 0 NA NA NA NA 0 0 "Uqcrc2_noRT" "non-targeting_noRT"
"25198" "Gm11656" 0 NA NA NA NA 0 0 "Uqcrc2_noRT" "non-targeting_noRT"
"25199" "Cep112os1" 0 NA NA NA NA 0 0 "Uqcrc2_noRT" "non-targeting_noRT"
"25200" "Gm11670" 0 NA NA NA NA 0 0 "Uqcrc2_noRT" "non-targeting_noRT"
"25201" "E030025P04Rik" 0 NA NA NA NA 0 0 "Uqcrc2_noRT" "non-targeting_noRT"
"25202" "1700096J18Rik" 0 NA NA NA NA 0 0 "Uqcrc2_noRT" "non-targeting_noRT"
"25203" "9930022D16Rik" 0 NA NA NA NA 0 0 "Uqcrc2_noRT" "non-targeting_noRT"
"25204" "Gm15642" 0 NA NA NA NA 0 0 "Uqcrc2_noRT" "non-targeting_noRT"
"25205" "Arsg" 0 NA NA NA NA 0 0 "Uqcrc2_noRT" "non-targeting_noRT"
"25206" "Gm11685" 0 NA NA NA NA 0 0 "Uqcrc2_noRT" "non-targeting_noRT"
"25207" "Fam20a" 0 NA NA NA NA 0 0 "Uqcrc2_noRT" "non-targeting_noRT"
"25208" "Gm11684" 0 NA NA NA NA 0 0 "Uqcrc2_noRT" "non-targeting_noRT"
"25209" "Gm11683" 0 NA NA NA NA 0 0 "Uqcrc2_noRT" "non-targeting_noRT"
"25210" "1700023C21Rik" 0 NA NA NA NA 0 0 "Uqcrc2_noRT" "non-targeting_noRT"
"25211" "Abca8b" 0 NA NA NA NA 0 0 "Uqcrc2_noRT" "non-targeting_noRT"
"25212" "Gm11697" 0 NA NA NA NA 0 0 "Uqcrc2_noRT" "non-targeting_noRT"
"25213" "Abca8a" 0 NA NA NA NA 0 0 "Uqcrc2_noRT" "non-targeting_noRT"
"25214" "Abca9" 0 NA NA NA NA 0 0 "Uqcrc2_noRT" "non-targeting_noRT"
"25215" "Abca6" 0 NA NA NA NA 0 0 "Uqcrc2_noRT" "non-targeting_noRT"
"25216" "Abca5" 0 NA NA NA NA 0 0 "Uqcrc2_noRT" "non-targeting_noRT"
"25217" "Map2k6" 0 NA NA NA NA 0 0 "Uqcrc2_noRT" "non-targeting_noRT"
"25218" "Gm11682" 0 NA NA NA NA 0 0 "Uqcrc2_noRT" "non-targeting_noRT"
"25219" "Kcnj16" 0 NA NA NA NA 0 0 "Uqcrc2_noRT" "non-targeting_noRT"
"25220" "Kcnj2" 0 NA NA NA NA 0 0 "Uqcrc2_noRT" "non-targeting_noRT"
"25221" "Gm11674" 0 NA NA NA NA 0 0 "Uqcrc2_noRT" "non-targeting_noRT"
"25222" "Gm11680" 0 NA NA NA NA 0 0 "Uqcrc2_noRT" "non-targeting_noRT"
"25223" "BC006965" 0 NA NA NA NA 0 0 "Uqcrc2_noRT" "non-targeting_noRT"
"25224" "Sox9" 0 NA NA NA NA 0 0 "Uqcrc2_noRT" "non-targeting_noRT"
"25225" "Gm11681" 0 NA NA NA NA 0 0 "Uqcrc2_noRT" "non-targeting_noRT"
"25226" "4933434M16Rik" 0 NA NA NA NA 0 0 "Uqcrc2_noRT" "non-targeting_noRT"
"25227" "Cpsf4l" 0 NA NA NA NA 0 0 "Uqcrc2_noRT" "non-targeting_noRT"
"25228" "Sdk2" 0 NA NA NA NA 0 0 "Uqcrc2_noRT" "non-targeting_noRT"
"25229" "1700025D23Rik" 0 NA NA NA NA 0 0 "Uqcrc2_noRT" "non-targeting_noRT"
"25230" "1700001J04Rik" 0 NA NA NA NA 0 0 "Uqcrc2_noRT" "non-targeting_noRT"
"25231" "1700092K14Rik" 0 NA NA NA NA 0 0 "Uqcrc2_noRT" "non-targeting_noRT"
"25232" "Gm11690" 0 NA NA NA NA 0 0 "Uqcrc2_noRT" "non-targeting_noRT"
"25233" "Gm11691" 0 NA NA NA NA 0 0 "Uqcrc2_noRT" "non-targeting_noRT"
"25234" "4932435O22Rik" 0 NA NA NA NA 0 0 "Uqcrc2_noRT" "non-targeting_noRT"
"25235" "Gpr142" 0 NA NA NA NA 0 0 "Uqcrc2_noRT" "non-targeting_noRT"
"25236" "Gprc5c" 0 NA NA NA NA 0 0 "Uqcrc2_noRT" "non-targeting_noRT"
"25237" "Cd300a" 0 NA NA NA NA 0 0 "Uqcrc2_noRT" "non-targeting_noRT"
"25238" "Cd300lb" 0 NA NA NA NA 0 0 "Uqcrc2_noRT" "non-targeting_noRT"
"25239" "Cd300c" 0 NA NA NA NA 0 0 "Uqcrc2_noRT" "non-targeting_noRT"
"25240" "Cd300ld" 0 NA NA NA NA 0 0 "Uqcrc2_noRT" "non-targeting_noRT"
"25241" "Cd300c2" 0 NA NA NA NA 0 0 "Uqcrc2_noRT" "non-targeting_noRT"
"25242" "Cd300ld2" 0 NA NA NA NA 0 0 "Uqcrc2_noRT" "non-targeting_noRT"
"25243" "Cd300ld4" 0 NA NA NA NA 0 0 "Uqcrc2_noRT" "non-targeting_noRT"
"25244" "Cd300ld5" 0 NA NA NA NA 0 0 "Uqcrc2_noRT" "non-targeting_noRT"
"25245" "Cd300ld3" 0 NA NA NA NA 0 0 "Uqcrc2_noRT" "non-targeting_noRT"
"25246" "Cd300e" 0 NA NA NA NA 0 0 "Uqcrc2_noRT" "non-targeting_noRT"
"25247" "Cd300lf" 0 NA NA NA NA 0 0 "Uqcrc2_noRT" "non-targeting_noRT"
"25248" "Grin2c" 0 NA NA NA NA 0 0 "Uqcrc2_noRT" "non-targeting_noRT"
"25249" "Otop2" 0 NA NA NA NA 0 0 "Uqcrc2_noRT" "non-targeting_noRT"
"25250" "Ush1g" 0 NA NA NA NA 0 0 "Uqcrc2_noRT" "non-targeting_noRT"
"25251" "Otop3" 0 NA NA NA NA 0 0 "Uqcrc2_noRT" "non-targeting_noRT"
"25252" "Ict1os" 0 NA NA NA NA 0 0 "Uqcrc2_noRT" "non-targeting_noRT"
"25253" "Trim80" 0 NA NA NA NA 0 0 "Uqcrc2_noRT" "non-targeting_noRT"
"25254" "Gm11695" 0 NA NA NA NA 0 0 "Uqcrc2_noRT" "non-targeting_noRT"
"25255" "Slc16a5" 0 NA NA NA NA 0 0 "Uqcrc2_noRT" "non-targeting_noRT"
"25256" "Myo15b" 0 NA NA NA NA 0 0 "Uqcrc2_noRT" "non-targeting_noRT"
"25257" "Smim6" 0 NA NA NA NA 0 0 "Uqcrc2_noRT" "non-targeting_noRT"
"25258" "Recql5os1" 0 NA NA NA NA 0 0 "Uqcrc2_noRT" "non-targeting_noRT"
"25259" "Galr2" 0 NA NA NA NA 0 0 "Uqcrc2_noRT" "non-targeting_noRT"
"25260" "Foxj1" 0 NA NA NA NA 0 0 "Uqcrc2_noRT" "non-targeting_noRT"
"25261" "Qrich2" 0 NA NA NA NA 0 0 "Uqcrc2_noRT" "non-targeting_noRT"
"25262" "Gm11739" 0 NA NA NA NA 0 0 "Uqcrc2_noRT" "non-targeting_noRT"
"25263" "Gm29292" 0 NA NA NA NA 0 0 "Uqcrc2_noRT" "non-targeting_noRT"
"25264" "Aanat" 0 NA NA NA NA 0 0 "Uqcrc2_noRT" "non-targeting_noRT"
"25265" "Cygb" 0 NA NA NA NA 0 0 "Uqcrc2_noRT" "non-targeting_noRT"
"25266" "St6galnac2.1" 0 NA NA NA NA 0 0 "Uqcrc2_noRT" "non-targeting_noRT"
"25267" "BC018473" 0 NA NA NA NA 0 0 "Uqcrc2_noRT" "non-targeting_noRT"
"25268" "St6galnac1" 0 NA NA NA NA 0 0 "Uqcrc2_noRT" "non-targeting_noRT"
"25269" "Mgat5b" 0 NA NA NA NA 0 0 "Uqcrc2_noRT" "non-targeting_noRT"
"25270" "Gm11728" 0 NA NA NA NA 0 0 "Uqcrc2_noRT" "non-targeting_noRT"
"25271" "Gm11731" 0 NA NA NA NA 0 0 "Uqcrc2_noRT" "non-targeting_noRT"
"25272" "Gm11730" 0 NA NA NA NA 0 0 "Uqcrc2_noRT" "non-targeting_noRT"
"25273" "Gm11729" 0 NA NA NA NA 0 0 "Uqcrc2_noRT" "non-targeting_noRT"
"25274" "Gm11732" 0 NA NA NA NA 0 0 "Uqcrc2_noRT" "non-targeting_noRT"
"25275" "Gm34418" 0 NA NA NA NA 0 0 "Uqcrc2_noRT" "non-targeting_noRT"
"25276" "Gm11733" 0 NA NA NA NA 0 0 "Uqcrc2_noRT" "non-targeting_noRT"
"25277" "Gm11734" 0 NA NA NA NA 0 0 "Uqcrc2_noRT" "non-targeting_noRT"
"25278" "Gm11723" 0 NA NA NA NA 0 0 "Uqcrc2_noRT" "non-targeting_noRT"
"25279" "Gm11724" 0 NA NA NA NA 0 0 "Uqcrc2_noRT" "non-targeting_noRT"
"25280" "6030468B19Rik" 0 NA NA NA NA 0 0 "Uqcrc2_noRT" "non-targeting_noRT"
"25281" "Tmem235" 0 NA NA NA NA 0 0 "Uqcrc2_noRT" "non-targeting_noRT"
"25282" "Gm11725" 0 NA NA NA NA 0 0 "Uqcrc2_noRT" "non-targeting_noRT"
"25283" "Gm11738" 0 NA NA NA NA 0 0 "Uqcrc2_noRT" "non-targeting_noRT"
"25284" "Cep295nl" 0 NA NA NA NA 0 0 "Uqcrc2_noRT" "non-targeting_noRT"
"25285" "Gm11747" 0 NA NA NA NA 0 0 "Uqcrc2_noRT" "non-targeting_noRT"
"25286" "Gm11748" 0 NA NA NA NA 0 0 "Uqcrc2_noRT" "non-targeting_noRT"
"25287" "Engase" 0 NA NA NA NA 0 0 "Uqcrc2_noRT" "non-targeting_noRT"
"25288" "Rbfox3" 0 NA NA NA NA 0 0 "Uqcrc2_noRT" "non-targeting_noRT"
"25289" "Gm11750" 0 NA NA NA NA 0 0 "Uqcrc2_noRT" "non-targeting_noRT"
"25290" "Gm11749" 0 NA NA NA NA 0 0 "Uqcrc2_noRT" "non-targeting_noRT"
"25291" "Enpp7" 0 NA NA NA NA 0 0 "Uqcrc2_noRT" "non-targeting_noRT"
"25292" "Gm11754" 0 NA NA NA NA 0 0 "Uqcrc2_noRT" "non-targeting_noRT"
"25293" "Gm11755" 0 NA NA NA NA 0 0 "Uqcrc2_noRT" "non-targeting_noRT"
"25294" "Gm11753" 0 NA NA NA NA 0 0 "Uqcrc2_noRT" "non-targeting_noRT"
"25295" "Gm11752" 0 NA NA NA NA 0 0 "Uqcrc2_noRT" "non-targeting_noRT"
"25296" "Gm11762" 0 NA NA NA NA 0 0 "Uqcrc2_noRT" "non-targeting_noRT"
"25297" "Rptoros" 0 NA NA NA NA 0 0 "Uqcrc2_noRT" "non-targeting_noRT"
"25298" "Gm11766" 0 NA NA NA NA 0 0 "Uqcrc2_noRT" "non-targeting_noRT"
"25299" "Gm11769" 0 NA NA NA NA 0 0 "Uqcrc2_noRT" "non-targeting_noRT"
"25300" "2810410L24Rik" 0 NA NA NA NA 0 0 "Uqcrc2_noRT" "non-targeting_noRT"
"25301" "Gm11770" 0 NA NA NA NA 0 0 "Uqcrc2_noRT" "non-targeting_noRT"
"25302" "Fscn2" 0 NA NA NA NA 0 0 "Uqcrc2_noRT" "non-targeting_noRT"
"25303" "Tspan10" 0 NA NA NA NA 0 0 "Uqcrc2_noRT" "non-targeting_noRT"
"25304" "Pde6g" 0 NA NA NA NA 0 0 "Uqcrc2_noRT" "non-targeting_noRT"
"25305" "Gm11788" 0 NA NA NA NA 0 0 "Uqcrc2_noRT" "non-targeting_noRT"
"25306" "Gm11789" 0 NA NA NA NA 0 0 "Uqcrc2_noRT" "non-targeting_noRT"
"25307" "Gcgr" 0 NA NA NA NA 0 0 "Uqcrc2_noRT" "non-targeting_noRT"
"25308" "Myadml2" 0 NA NA NA NA 0 0 "Uqcrc2_noRT" "non-targeting_noRT"
"25309" "Notum" 0 NA NA NA NA 0 0 "Uqcrc2_noRT" "non-targeting_noRT"
"25310" "Notumos" 0 NA NA NA NA 0 0 "Uqcrc2_noRT" "non-targeting_noRT"
"25311" "Gm17178" 0 NA NA NA NA 0 0 "Uqcrc2_noRT" "non-targeting_noRT"
"25312" "Cbr2" 0 NA NA NA NA 0 0 "Uqcrc2_noRT" "non-targeting_noRT"
"25313" "Gm11773" 0 NA NA NA NA 0 0 "Uqcrc2_noRT" "non-targeting_noRT"
"25314" "Gm28192" 0 NA NA NA NA 0 0 "Uqcrc2_noRT" "non-targeting_noRT"
"25315" "Gm11775" 0 NA NA NA NA 0 0 "Uqcrc2_noRT" "non-targeting_noRT"
"25316" "Cd7" 0 NA NA NA NA 0 0 "Uqcrc2_noRT" "non-targeting_noRT"
"25317" "Sectm1b" 0 NA NA NA NA 0 0 "Uqcrc2_noRT" "non-targeting_noRT"
"25318" "Sectm1a" 0 NA NA NA NA 0 0 "Uqcrc2_noRT" "non-targeting_noRT"
"25319" "Gm11791" 0 NA NA NA NA 0 0 "Uqcrc2_noRT" "non-targeting_noRT"
"25320" "Uts2r" 0 NA NA NA NA 0 0 "Uqcrc2_noRT" "non-targeting_noRT"
"25321" "Fn3k" 0 NA NA NA NA 0 0 "Uqcrc2_noRT" "non-targeting_noRT"
"25322" "Zfp750" 0 NA NA NA NA 0 0 "Uqcrc2_noRT" "non-targeting_noRT"
"25323" "Gm12589" 0 NA NA NA NA 0 0 "Uqcrc2_noRT" "non-targeting_noRT"
"25324" "Gm29513" 0 NA NA NA NA 0 0 "Uqcrc2_noRT" "non-targeting_noRT"
"25325" "Gm15643" 0 NA NA NA NA 0 0 "Uqcrc2_noRT" "non-targeting_noRT"
"25326" "Ptchd3" 0 NA NA NA NA 0 0 "Uqcrc2_noRT" "non-targeting_noRT"
"25327" "Gm12590" 0 NA NA NA NA 0 0 "Uqcrc2_noRT" "non-targeting_noRT"
"25328" "Gm26520" 0 NA NA NA NA 0 0 "Uqcrc2_noRT" "non-targeting_noRT"
"25329" "Gm48512" 0 NA NA NA NA 0 0 "Uqcrc2_noRT" "non-targeting_noRT"
"25330" "Dtnbos" 0 NA NA NA NA 0 0 "Uqcrc2_noRT" "non-targeting_noRT"
"25331" "Dnmt3aos" 0 NA NA NA NA 0 0 "Uqcrc2_noRT" "non-targeting_noRT"
"25332" "Gm48001" 0 NA NA NA NA 0 0 "Uqcrc2_noRT" "non-targeting_noRT"
"25333" "4921501I09Rik" 0 NA NA NA NA 0 0 "Uqcrc2_noRT" "non-targeting_noRT"
"25334" "2900045O20Rik" 0 NA NA NA NA 0 0 "Uqcrc2_noRT" "non-targeting_noRT"
"25335" "Gm31938" 0 NA NA NA NA 0 0 "Uqcrc2_noRT" "non-targeting_noRT"
"25336" "Mfsd2b" 0 NA NA NA NA 0 0 "Uqcrc2_noRT" "non-targeting_noRT"
"25337" "Klhl29" 0 NA NA NA NA 0 0 "Uqcrc2_noRT" "non-targeting_noRT"
"25338" "2810032G03Rik" 0 NA NA NA NA 0 0 "Uqcrc2_noRT" "non-targeting_noRT"
"25339" "Gm32442" 0 NA NA NA NA 0 0 "Uqcrc2_noRT" "non-targeting_noRT"
"25340" "1700101O22Rik" 0 NA NA NA NA 0 0 "Uqcrc2_noRT" "non-targeting_noRT"
"25341" "Gm32828" 0 NA NA NA NA 0 0 "Uqcrc2_noRT" "non-targeting_noRT"
"25342" "Gm48633" 0 NA NA NA NA 0 0 "Uqcrc2_noRT" "non-targeting_noRT"
"25343" "Apob" 0 NA NA NA NA 0 0 "Uqcrc2_noRT" "non-targeting_noRT"
"25344" "Gm33037" 0 NA NA NA NA 0 0 "Uqcrc2_noRT" "non-targeting_noRT"
"25345" "Gm48898" 0 NA NA NA NA 0 0 "Uqcrc2_noRT" "non-targeting_noRT"
"25346" "Gdf7" 0 NA NA NA NA 0 0 "Uqcrc2_noRT" "non-targeting_noRT"
"25347" "Gm48071" 0 NA NA NA NA 0 0 "Uqcrc2_noRT" "non-targeting_noRT"
"25348" "Gm48075" 0 NA NA NA NA 0 0 "Uqcrc2_noRT" "non-targeting_noRT"
"25349" "5033421B08Rik" 0 NA NA NA NA 0 0 "Uqcrc2_noRT" "non-targeting_noRT"
"25350" "Slc7a15" 0 NA NA NA NA 0 0 "Uqcrc2_noRT" "non-targeting_noRT"
"25351" "9930038B18Rik" 0 NA NA NA NA 0 0 "Uqcrc2_noRT" "non-targeting_noRT"
"25352" "Gm47391" 0 NA NA NA NA 0 0 "Uqcrc2_noRT" "non-targeting_noRT"
"25353" "Matn3" 0 NA NA NA NA 0 0 "Uqcrc2_noRT" "non-targeting_noRT"
"25354" "Gm46323" 0 NA NA NA NA 0 0 "Uqcrc2_noRT" "non-targeting_noRT"
"25355" "Gm48762" 0 NA NA NA NA 0 0 "Uqcrc2_noRT" "non-targeting_noRT"
"25356" "Gm48764" 0 NA NA NA NA 0 0 "Uqcrc2_noRT" "non-targeting_noRT"
"25357" "1700022H16Rik" 0 NA NA NA NA 0 0 "Uqcrc2_noRT" "non-targeting_noRT"
"25358" "Osr1" 0 NA NA NA NA 0 0 "Uqcrc2_noRT" "non-targeting_noRT"
"25359" "Gm48790" 0 NA NA NA NA 0 0 "Uqcrc2_noRT" "non-targeting_noRT"
"25360" "Gm48791" 0 NA NA NA NA 0 0 "Uqcrc2_noRT" "non-targeting_noRT"
"25361" "Nt5c1b" 0 NA NA NA NA 0 0 "Uqcrc2_noRT" "non-targeting_noRT"
"25362" "Gm38407" 0 NA NA NA NA 0 0 "Uqcrc2_noRT" "non-targeting_noRT"
"25363" "7420701I03Rik" 0 NA NA NA NA 0 0 "Uqcrc2_noRT" "non-targeting_noRT"
"25364" "Kcns3" 0 NA NA NA NA 0 0 "Uqcrc2_noRT" "non-targeting_noRT"
"25365" "9530020I12Rik" 0 NA NA NA NA 0 0 "Uqcrc2_noRT" "non-targeting_noRT"
"25366" "Msgn1" 0 NA NA NA NA 0 0 "Uqcrc2_noRT" "non-targeting_noRT"
"25367" "Vsnl1" 0 NA NA NA NA 0 0 "Uqcrc2_noRT" "non-targeting_noRT"
"25368" "4930511A02Rik" 0 NA NA NA NA 0 0 "Uqcrc2_noRT" "non-targeting_noRT"
"25369" "Rad51ap2" 0 NA NA NA NA 0 0 "Uqcrc2_noRT" "non-targeting_noRT"
"25370" "Gm47808" 0 NA NA NA NA 0 0 "Uqcrc2_noRT" "non-targeting_noRT"
"25371" "Gm47833" 0 NA NA NA NA 0 0 "Uqcrc2_noRT" "non-targeting_noRT"
"25372" "Gm34237" 0 NA NA NA NA 0 0 "Uqcrc2_noRT" "non-targeting_noRT"
"25373" "4921511I17Rik" 0 NA NA NA NA 0 0 "Uqcrc2_noRT" "non-targeting_noRT"
"25374" "Platr19" 0 NA NA NA NA 0 0 "Uqcrc2_noRT" "non-targeting_noRT"
"25375" "Gm48187" 0 NA NA NA NA 0 0 "Uqcrc2_noRT" "non-targeting_noRT"
"25376" "4930519A11Rik" 0 NA NA NA NA 0 0 "Uqcrc2_noRT" "non-targeting_noRT"
"25377" "Gm40271" 0 NA NA NA NA 0 0 "Uqcrc2_noRT" "non-targeting_noRT"
"25378" "Mycn" 0 NA NA NA NA 0 0 "Uqcrc2_noRT" "non-targeting_noRT"
"25379" "Gm35208" 0 NA NA NA NA 0 0 "Uqcrc2_noRT" "non-targeting_noRT"
"25380" "Gm48209" 0 NA NA NA NA 0 0 "Uqcrc2_noRT" "non-targeting_noRT"
"25381" "Gm35298" 0 NA NA NA NA 0 0 "Uqcrc2_noRT" "non-targeting_noRT"
"25382" "Gm48213" 0 NA NA NA NA 0 0 "Uqcrc2_noRT" "non-targeting_noRT"
"25383" "Gm48311" 0 NA NA NA NA 0 0 "Uqcrc2_noRT" "non-targeting_noRT"
"25384" "Gm35725" 0 NA NA NA NA 0 0 "Uqcrc2_noRT" "non-targeting_noRT"
"25385" "Gm35890" 0 NA NA NA NA 0 0 "Uqcrc2_noRT" "non-targeting_noRT"
"25386" "Gm48479" 0 NA NA NA NA 0 0 "Uqcrc2_noRT" "non-targeting_noRT"
"25387" "Gm48480" 0 NA NA NA NA 0 0 "Uqcrc2_noRT" "non-targeting_noRT"
"25388" "Lratd1" 0 NA NA NA NA 0 0 "Uqcrc2_noRT" "non-targeting_noRT"
"25389" "Gm16497" 0 NA NA NA NA 0 0 "Uqcrc2_noRT" "non-targeting_noRT"
"25390" "4930448C13Rik" 0 NA NA NA NA 0 0 "Uqcrc2_noRT" "non-targeting_noRT"
"25391" "Gm48539" 0 NA NA NA NA 0 0 "Uqcrc2_noRT" "non-targeting_noRT"
"25392" "Gm5432" 0 NA NA NA NA 0 0 "Uqcrc2_noRT" "non-targeting_noRT"
"25393" "Gm48558" 0 NA NA NA NA 0 0 "Uqcrc2_noRT" "non-targeting_noRT"
"25394" "Gm48584" 0 NA NA NA NA 0 0 "Uqcrc2_noRT" "non-targeting_noRT"
"25395" "Gm36235" 0 NA NA NA NA 0 0 "Uqcrc2_noRT" "non-targeting_noRT"
"25396" "Gm48607" 0 NA NA NA NA 0 0 "Uqcrc2_noRT" "non-targeting_noRT"
"25397" "Gm36372" 0 NA NA NA NA 0 0 "Uqcrc2_noRT" "non-targeting_noRT"
"25398" "Gm48606" 0 NA NA NA NA 0 0 "Uqcrc2_noRT" "non-targeting_noRT"
"25399" "Gm48605" 0 NA NA NA NA 0 0 "Uqcrc2_noRT" "non-targeting_noRT"
"25400" "Ntsr2" 0 NA NA NA NA 0 0 "Uqcrc2_noRT" "non-targeting_noRT"
"25401" "Gm48140" 0 NA NA NA NA 0 0 "Uqcrc2_noRT" "non-targeting_noRT"
"25402" "Gm48227" 0 NA NA NA NA 0 0 "Uqcrc2_noRT" "non-targeting_noRT"
"25403" "2410004P03Rik" 0 NA NA NA NA 0 0 "Uqcrc2_noRT" "non-targeting_noRT"
"25404" "Gm48538" 0 NA NA NA NA 0 0 "Uqcrc2_noRT" "non-targeting_noRT"
"25405" "Kcnf1" 0 NA NA NA NA 0 0 "Uqcrc2_noRT" "non-targeting_noRT"
"25406" "Atp6v1c2" 0 NA NA NA NA 0 0 "Uqcrc2_noRT" "non-targeting_noRT"
"25407" "Gm46336" 0 NA NA NA NA 0 0 "Uqcrc2_noRT" "non-targeting_noRT"
"25408" "Gm36752" 0 NA NA NA NA 0 0 "Uqcrc2_noRT" "non-targeting_noRT"
"25409" "Gm36862" 0 NA NA NA NA 0 0 "Uqcrc2_noRT" "non-targeting_noRT"
"25410" "Gm48313" 0 NA NA NA NA 0 0 "Uqcrc2_noRT" "non-targeting_noRT"
"25411" "5730507C01Rik" 0 NA NA NA NA 0 0 "Uqcrc2_noRT" "non-targeting_noRT"
"25412" "Gm49764" 0 NA NA NA NA 0 0 "Uqcrc2_noRT" "non-targeting_noRT"
"25413" "Gm40849" 0 NA NA NA NA 0 0 "Uqcrc2_noRT" "non-targeting_noRT"
"25414" "Gm49957" 0 NA NA NA NA 0 0 "Uqcrc2_noRT" "non-targeting_noRT"
"25415" "Gm29737" 0 NA NA NA NA 0 0 "Uqcrc2_noRT" "non-targeting_noRT"
"25416" "Gm49769" 0 NA NA NA NA 0 0 "Uqcrc2_noRT" "non-targeting_noRT"
"25417" "Gm49371" 0 NA NA NA NA 0 0 "Uqcrc2_noRT" "non-targeting_noRT"
"25418" "Gm21863" 0 NA NA NA NA 0 0 "Uqcrc2_noRT" "non-targeting_noRT"
"25419" "Gm49692" 0 NA NA NA NA 0 0 "Uqcrc2_noRT" "non-targeting_noRT"
"25420" "Gm10479" 0 NA NA NA NA 0 0 "Uqcrc2_noRT" "non-targeting_noRT"
"25421" "Gm49698" 0 NA NA NA NA 0 0 "Uqcrc2_noRT" "non-targeting_noRT"
"25422" "Gm48693" 0 NA NA NA NA 0 0 "Uqcrc2_noRT" "non-targeting_noRT"
"25423" "Gm49700" 0 NA NA NA NA 0 0 "Uqcrc2_noRT" "non-targeting_noRT"
"25424" "Gm20535" 0 NA NA NA NA 0 0 "Uqcrc2_noRT" "non-targeting_noRT"
"25425" "Gm4425" 0 NA NA NA NA 0 0 "Uqcrc2_noRT" "non-targeting_noRT"
"25426" "Gm47997" 0 NA NA NA NA 0 0 "Uqcrc2_noRT" "non-targeting_noRT"
"25427" "9030624G23Rik" 0 NA NA NA NA 0 0 "Uqcrc2_noRT" "non-targeting_noRT"
"25428" "Cys1" 0 NA NA NA NA 0 0 "Uqcrc2_noRT" "non-targeting_noRT"
"25429" "Gm48896" 0 NA NA NA NA 0 0 "Uqcrc2_noRT" "non-targeting_noRT"
"25430" "2900060N12Rik" 0 NA NA NA NA 0 0 "Uqcrc2_noRT" "non-targeting_noRT"
"25431" "Gm36236" 0 NA NA NA NA 0 0 "Uqcrc2_noRT" "non-targeting_noRT"
"25432" "Gm47701" 0 NA NA NA NA 0 0 "Uqcrc2_noRT" "non-targeting_noRT"
"25433" "Gm17746" 0 NA NA NA NA 0 0 "Uqcrc2_noRT" "non-targeting_noRT"
"25434" "Gm36287" 0 NA NA NA NA 0 0 "Uqcrc2_noRT" "non-targeting_noRT"
"25435" "Gm47705" 0 NA NA NA NA 0 0 "Uqcrc2_noRT" "non-targeting_noRT"
"25436" "Gm47713" 0 NA NA NA NA 0 0 "Uqcrc2_noRT" "non-targeting_noRT"
"25437" "Gm36723" 0 NA NA NA NA 0 0 "Uqcrc2_noRT" "non-targeting_noRT"
"25438" "Gm47733" 0 NA NA NA NA 0 0 "Uqcrc2_noRT" "non-targeting_noRT"
"25439" "Gm29687" 0 NA NA NA NA 0 0 "Uqcrc2_noRT" "non-targeting_noRT"
"25440" "4930480M12Rik" 0 NA NA NA NA 0 0 "Uqcrc2_noRT" "non-targeting_noRT"
"25441" "Gm29968" 0 NA NA NA NA 0 0 "Uqcrc2_noRT" "non-targeting_noRT"
"25442" "4930549C15Rik" 0 NA NA NA NA 0 0 "Uqcrc2_noRT" "non-targeting_noRT"
"25443" "1700020D12Rik" 0 NA NA NA NA 0 0 "Uqcrc2_noRT" "non-targeting_noRT"
"25444" "Gm47847" 0 NA NA NA NA 0 0 "Uqcrc2_noRT" "non-targeting_noRT"
"25445" "4933409F18Rik" 0 NA NA NA NA 0 0 "Uqcrc2_noRT" "non-targeting_noRT"
"25446" "Gm9866" 0 NA NA NA NA 0 0 "Uqcrc2_noRT" "non-targeting_noRT"
"25447" "Sox11" 0 NA NA NA NA 0 0 "Uqcrc2_noRT" "non-targeting_noRT"
"25448" "Gm4166" 0 NA NA NA NA 0 0 "Uqcrc2_noRT" "non-targeting_noRT"
"25449" "Gm45941" 0 NA NA NA NA 0 0 "Uqcrc2_noRT" "non-targeting_noRT"
"25450" "Gm31025" 0 NA NA NA NA 0 0 "Uqcrc2_noRT" "non-targeting_noRT"
"25451" "Gm47872" 0 NA NA NA NA 0 0 "Uqcrc2_noRT" "non-targeting_noRT"
"25452" "Gm47871" 0 NA NA NA NA 0 0 "Uqcrc2_noRT" "non-targeting_noRT"
"25453" "Dcdc2c" 0 NA NA NA NA 0 0 "Uqcrc2_noRT" "non-targeting_noRT"
"25454" "Allc" 0 NA NA NA NA 0 0 "Uqcrc2_noRT" "non-targeting_noRT"
"25455" "Colec11" 0 NA NA NA NA 0 0 "Uqcrc2_noRT" "non-targeting_noRT"
"25456" "Gm48905" 0 NA NA NA NA 0 0 "Uqcrc2_noRT" "non-targeting_noRT"
"25457" "Gm31508" 0 NA NA NA NA 0 0 "Uqcrc2_noRT" "non-targeting_noRT"
"25458" "4833405L11Rik" 0 NA NA NA NA 0 0 "Uqcrc2_noRT" "non-targeting_noRT"
"25459" "Gm31333" 0 NA NA NA NA 0 0 "Uqcrc2_noRT" "non-targeting_noRT"
"25460" "Gm20208" 0 NA NA NA NA 0 0 "Uqcrc2_noRT" "non-targeting_noRT"
"25461" "C630031E19Rik" 0 NA NA NA NA 0 0 "Uqcrc2_noRT" "non-targeting_noRT"
"25462" "Tpo" 0 NA NA NA NA 0 0 "Uqcrc2_noRT" "non-targeting_noRT"
"25463" "Gm15691" 0 NA NA NA NA 0 0 "Uqcrc2_noRT" "non-targeting_noRT"
"25464" "Sntg2" 0 NA NA NA NA 0 0 "Uqcrc2_noRT" "non-targeting_noRT"
"25465" "2310016D03Rik" 0 NA NA NA NA 0 0 "Uqcrc2_noRT" "non-targeting_noRT"
"25466" "Gm28806" 0 NA NA NA NA 0 0 "Uqcrc2_noRT" "non-targeting_noRT"
"25467" "Alkal2" 0 NA NA NA NA 0 0 "Uqcrc2_noRT" "non-targeting_noRT"
"25468" "Gm32443" 0 NA NA NA NA 0 0 "Uqcrc2_noRT" "non-targeting_noRT"
"25469" "6030469F06Rik" 0 NA NA NA NA 0 0 "Uqcrc2_noRT" "non-targeting_noRT"
"25470" "Gm6993" 0 NA NA NA NA 0 0 "Uqcrc2_noRT" "non-targeting_noRT"
"25471" "Slc26a3" 0 NA NA NA NA 0 0 "Uqcrc2_noRT" "non-targeting_noRT"
"25472" "Gm29542" 0 NA NA NA NA 0 0 "Uqcrc2_noRT" "non-targeting_noRT"
"25473" "Slc26a4" 0 NA NA NA NA 0 0 "Uqcrc2_noRT" "non-targeting_noRT"
"25474" "Gpr22" 0 NA NA NA NA 0 0 "Uqcrc2_noRT" "non-targeting_noRT"
"25475" "Gm48809" 0 NA NA NA NA 0 0 "Uqcrc2_noRT" "non-targeting_noRT"
"25476" "Prkar2b" 0 NA NA NA NA 0 0 "Uqcrc2_noRT" "non-targeting_noRT"
"25477" "Gm33111" 0 NA NA NA NA 0 0 "Uqcrc2_noRT" "non-targeting_noRT"
"25478" "5430401H09Rik" 0 NA NA NA NA 0 0 "Uqcrc2_noRT" "non-targeting_noRT"
"25479" "Pik3cg" 0 NA NA NA NA 0 0 "Uqcrc2_noRT" "non-targeting_noRT"
"25480" "Gm33308" 0 NA NA NA NA 0 0 "Uqcrc2_noRT" "non-targeting_noRT"
"25481" "Gm40375" 0 NA NA NA NA 0 0 "Uqcrc2_noRT" "non-targeting_noRT"
"25482" "Gm47948" 0 NA NA NA NA 0 0 "Uqcrc2_noRT" "non-targeting_noRT"
"25483" "Cdhr3" 0 NA NA NA NA 0 0 "Uqcrc2_noRT" "non-targeting_noRT"
"25484" "F730043M19Rik" 0 NA NA NA NA 0 0 "Uqcrc2_noRT" "non-targeting_noRT"
"25485" "Gm16267" 0 NA NA NA NA 0 0 "Uqcrc2_noRT" "non-targeting_noRT"
"25486" "Atxn7l1os1" 0 NA NA NA NA 0 0 "Uqcrc2_noRT" "non-targeting_noRT"
"25487" "Atxn7l1os2" 0 NA NA NA NA 0 0 "Uqcrc2_noRT" "non-targeting_noRT"
"25488" "Efcab10" 0 NA NA NA NA 0 0 "Uqcrc2_noRT" "non-targeting_noRT"
"25489" "Gm40383" 0 NA NA NA NA 0 0 "Uqcrc2_noRT" "non-targeting_noRT"
"25490" "Ferd3l" 0 NA NA NA NA 0 0 "Uqcrc2_noRT" "non-targeting_noRT"
"25491" "Gm47357" 0 NA NA NA NA 0 0 "Uqcrc2_noRT" "non-targeting_noRT"
"25492" "Prps1l1" 0 NA NA NA NA 0 0 "Uqcrc2_noRT" "non-targeting_noRT"
"25493" "Gm48236" 0 NA NA NA NA 0 0 "Uqcrc2_noRT" "non-targeting_noRT"
"25494" "Gm48237" 0 NA NA NA NA 0 0 "Uqcrc2_noRT" "non-targeting_noRT"
"25495" "Gm34047" 0 NA NA NA NA 0 0 "Uqcrc2_noRT" "non-targeting_noRT"
"25496" "Agr3" 0 NA NA NA NA 0 0 "Uqcrc2_noRT" "non-targeting_noRT"
"25497" "Agr2" 0 NA NA NA NA 0 0 "Uqcrc2_noRT" "non-targeting_noRT"
"25498" "Lrrc72" 0 NA NA NA NA 0 0 "Uqcrc2_noRT" "non-targeting_noRT"
"25499" "Gm40392" 0 NA NA NA NA 0 0 "Uqcrc2_noRT" "non-targeting_noRT"
"25500" "Sostdc1" 0 NA NA NA NA 0 0 "Uqcrc2_noRT" "non-targeting_noRT"
"25501" "Gm34215" 0 NA NA NA NA 0 0 "Uqcrc2_noRT" "non-targeting_noRT"
"25502" "Gm40394" 0 NA NA NA NA 0 0 "Uqcrc2_noRT" "non-targeting_noRT"
"25503" "Gm48613" 0 NA NA NA NA 0 0 "Uqcrc2_noRT" "non-targeting_noRT"
"25504" "Gm48616" 0 NA NA NA NA 0 0 "Uqcrc2_noRT" "non-targeting_noRT"
"25505" "Gm48617" 0 NA NA NA NA 0 0 "Uqcrc2_noRT" "non-targeting_noRT"
"25506" "Gm29007" 0 NA NA NA NA 0 0 "Uqcrc2_noRT" "non-targeting_noRT"
"25507" "Meox2" 0 NA NA NA NA 0 0 "Uqcrc2_noRT" "non-targeting_noRT"
"25508" "Agmo" 0 NA NA NA NA 0 0 "Uqcrc2_noRT" "non-targeting_noRT"
"25509" "Gm34408" 0 NA NA NA NA 0 0 "Uqcrc2_noRT" "non-targeting_noRT"
"25510" "Gm48715" 0 NA NA NA NA 0 0 "Uqcrc2_noRT" "non-targeting_noRT"
"25511" "4930428E07Rik" 0 NA NA NA NA 0 0 "Uqcrc2_noRT" "non-targeting_noRT"
"25512" "Gm34611" 0 NA NA NA NA 0 0 "Uqcrc2_noRT" "non-targeting_noRT"
"25513" "Gm34662" 0 NA NA NA NA 0 0 "Uqcrc2_noRT" "non-targeting_noRT"
"25514" "Gm34809" 0 NA NA NA NA 0 0 "Uqcrc2_noRT" "non-targeting_noRT"
"25515" "Gm47855" 0 NA NA NA NA 0 0 "Uqcrc2_noRT" "non-targeting_noRT"
"25516" "Gm34923" 0 NA NA NA NA 0 0 "Uqcrc2_noRT" "non-targeting_noRT"
"25517" "Gm47859" 0 NA NA NA NA 0 0 "Uqcrc2_noRT" "non-targeting_noRT"
"25518" "Gm47868" 0 NA NA NA NA 0 0 "Uqcrc2_noRT" "non-targeting_noRT"
"25519" "Arl4aos" 0 NA NA NA NA 0 0 "Uqcrc2_noRT" "non-targeting_noRT"
"25520" "Lsmem1" 0 NA NA NA NA 0 0 "Uqcrc2_noRT" "non-targeting_noRT"
"25521" "Gm17024" 0 NA NA NA NA 0 0 "Uqcrc2_noRT" "non-targeting_noRT"
"25522" "Gm47375" 0 NA NA NA NA 0 0 "Uqcrc2_noRT" "non-targeting_noRT"
"25523" "Gm47376" 0 NA NA NA NA 0 0 "Uqcrc2_noRT" "non-targeting_noRT"
"25524" "Gm47373" 0 NA NA NA NA 0 0 "Uqcrc2_noRT" "non-targeting_noRT"
"25525" "Gm47368" 0 NA NA NA NA 0 0 "Uqcrc2_noRT" "non-targeting_noRT"
"25526" "Lrrn3" 0 NA NA NA NA 0 0 "Uqcrc2_noRT" "non-targeting_noRT"
"25527" "Gm47371" 0 NA NA NA NA 0 0 "Uqcrc2_noRT" "non-targeting_noRT"
"25528" "Gm46348" 0 NA NA NA NA 0 0 "Uqcrc2_noRT" "non-targeting_noRT"
"25529" "Gm47013" 0 NA NA NA NA 0 0 "Uqcrc2_noRT" "non-targeting_noRT"
"25530" "Gm47020" 0 NA NA NA NA 0 0 "Uqcrc2_noRT" "non-targeting_noRT"
"25531" "Gm33340" 0 NA NA NA NA 0 0 "Uqcrc2_noRT" "non-targeting_noRT"
"25532" "Gm47030" 0 NA NA NA NA 0 0 "Uqcrc2_noRT" "non-targeting_noRT"
"25533" "Gm10165" 0 NA NA NA NA 0 0 "Uqcrc2_noRT" "non-targeting_noRT"
"25534" "Gm46349" 0 NA NA NA NA 0 0 "Uqcrc2_noRT" "non-targeting_noRT"
"25535" "Stxbp6" 0 NA NA NA NA 0 0 "Uqcrc2_noRT" "non-targeting_noRT"
"25536" "Gm15902" 0 NA NA NA NA 0 0 "Uqcrc2_noRT" "non-targeting_noRT"
"25537" "Gm48508" 0 NA NA NA NA 0 0 "Uqcrc2_noRT" "non-targeting_noRT"
"25538" "Gm9921" 0 NA NA NA NA 0 0 "Uqcrc2_noRT" "non-targeting_noRT"
"25539" "Gm33680" 0 NA NA NA NA 0 0 "Uqcrc2_noRT" "non-targeting_noRT"
"25540" "Gm48522" 0 NA NA NA NA 0 0 "Uqcrc2_noRT" "non-targeting_noRT"
"25541" "Gm48535" 0 NA NA NA NA 0 0 "Uqcrc2_noRT" "non-targeting_noRT"
"25542" "B230217J21Rik" 0 NA NA NA NA 0 0 "Uqcrc2_noRT" "non-targeting_noRT"
"25543" "Gm48578" 0 NA NA NA NA 0 0 "Uqcrc2_noRT" "non-targeting_noRT"
"25544" "Gm34304" 0 NA NA NA NA 0 0 "Uqcrc2_noRT" "non-targeting_noRT"
"25545" "1810007C17Rik" 0 NA NA NA NA 0 0 "Uqcrc2_noRT" "non-targeting_noRT"
"25546" "Gm40418" 0 NA NA NA NA 0 0 "Uqcrc2_noRT" "non-targeting_noRT"
"25547" "Gm48779" 0 NA NA NA NA 0 0 "Uqcrc2_noRT" "non-targeting_noRT"
"25548" "Gm40421" 0 NA NA NA NA 0 0 "Uqcrc2_noRT" "non-targeting_noRT"
"25549" "1700008C04Rik" 0 NA NA NA NA 0 0 "Uqcrc2_noRT" "non-targeting_noRT"
"25550" "Coch" 0 NA NA NA NA 0 0 "Uqcrc2_noRT" "non-targeting_noRT"
"25551" "Gpr33" 0 NA NA NA NA 0 0 "Uqcrc2_noRT" "non-targeting_noRT"
"25552" "Gm47431" 0 NA NA NA NA 0 0 "Uqcrc2_noRT" "non-targeting_noRT"
"25553" "Gm35135" 0 NA NA NA NA 0 0 "Uqcrc2_noRT" "non-targeting_noRT"
"25554" "Gm35188" 0 NA NA NA NA 0 0 "Uqcrc2_noRT" "non-targeting_noRT"
"25555" "1700031P21Rik" 0 NA NA NA NA 0 0 "Uqcrc2_noRT" "non-targeting_noRT"
"25556" "Gm35239" 0 NA NA NA NA 0 0 "Uqcrc2_noRT" "non-targeting_noRT"
"25557" "1700030L22Rik" 0 NA NA NA NA 0 0 "Uqcrc2_noRT" "non-targeting_noRT"
"25558" "1700060O08Rik" 0 NA NA NA NA 0 0 "Uqcrc2_noRT" "non-targeting_noRT"
"25559" "Gm35818" 0 NA NA NA NA 0 0 "Uqcrc2_noRT" "non-targeting_noRT"
"25560" "1700104L18Rik" 0 NA NA NA NA 0 0 "Uqcrc2_noRT" "non-targeting_noRT"
"25561" "Gm47552" 0 NA NA NA NA 0 0 "Uqcrc2_noRT" "non-targeting_noRT"
"25562" "Gm7550" 0 NA NA NA NA 0 0 "Uqcrc2_noRT" "non-targeting_noRT"
"25563" "Gm46328" 0 NA NA NA NA 0 0 "Uqcrc2_noRT" "non-targeting_noRT"
"25564" "Gm10465" 0 NA NA NA NA 0 0 "Uqcrc2_noRT" "non-targeting_noRT"
"25565" "Gm40884" 0 NA NA NA NA 0 0 "Uqcrc2_noRT" "non-targeting_noRT"
"25566" "Gm20403" 0 NA NA NA NA 0 0 "Uqcrc2_noRT" "non-targeting_noRT"
"25567" "Srp54b" 0 NA NA NA NA 0 0 "Uqcrc2_noRT" "non-targeting_noRT"
"25568" "Aldoart2" 0 NA NA NA NA 0 0 "Uqcrc2_noRT" "non-targeting_noRT"
"25569" "Insm2" 0 NA NA NA NA 0 0 "Uqcrc2_noRT" "non-targeting_noRT"
"25570" "Gm47682" 0 NA NA NA NA 0 0 "Uqcrc2_noRT" "non-targeting_noRT"
"25571" "Gm19990" 0 NA NA NA NA 0 0 "Uqcrc2_noRT" "non-targeting_noRT"
"25572" "Sfta3-ps" 0 NA NA NA NA 0 0 "Uqcrc2_noRT" "non-targeting_noRT"
"25573" "Nkx2-1" 0 NA NA NA NA 0 0 "Uqcrc2_noRT" "non-targeting_noRT"
"25574" "Gm26973" 0 NA NA NA NA 0 0 "Uqcrc2_noRT" "non-targeting_noRT"
"25575" "C87198" 0 NA NA NA NA 0 0 "Uqcrc2_noRT" "non-targeting_noRT"
"25576" "Nkx2-9" 0 NA NA NA NA 0 0 "Uqcrc2_noRT" "non-targeting_noRT"
"25577" "Gm15524" 0 NA NA NA NA 0 0 "Uqcrc2_noRT" "non-targeting_noRT"
"25578" "Slc25a21" 0 NA NA NA NA 0 0 "Uqcrc2_noRT" "non-targeting_noRT"
"25579" "Gm16246" 0 NA NA NA NA 0 0 "Uqcrc2_noRT" "non-targeting_noRT"
"25580" "Ttc6" 0 NA NA NA NA 0 0 "Uqcrc2_noRT" "non-targeting_noRT"
"25581" "4921518K17Rik" 0 NA NA NA NA 0 0 "Uqcrc2_noRT" "non-targeting_noRT"
"25582" "BC042761" 0 NA NA NA NA 0 0 "Uqcrc2_noRT" "non-targeting_noRT"
"25583" "Sstr1" 0 NA NA NA NA 0 0 "Uqcrc2_noRT" "non-targeting_noRT"
"25584" "Clec14a" 0 NA NA NA NA 0 0 "Uqcrc2_noRT" "non-targeting_noRT"
"25585" "Gm47645" 0 NA NA NA NA 0 0 "Uqcrc2_noRT" "non-targeting_noRT"
"25586" "Gm48301" 0 NA NA NA NA 0 0 "Uqcrc2_noRT" "non-targeting_noRT"
"25587" "Gm20063" 0 NA NA NA NA 0 0 "Uqcrc2_noRT" "non-targeting_noRT"
"25588" "Lrfn5" 0 NA NA NA NA 0 0 "Uqcrc2_noRT" "non-targeting_noRT"
"25589" "Gm48421" 0 NA NA NA NA 0 0 "Uqcrc2_noRT" "non-targeting_noRT"
"25590" "Gm48422" 0 NA NA NA NA 0 0 "Uqcrc2_noRT" "non-targeting_noRT"
"25591" "Fscb" 0 NA NA NA NA 0 0 "Uqcrc2_noRT" "non-targeting_noRT"
"25592" "Gm48559" 0 NA NA NA NA 0 0 "Uqcrc2_noRT" "non-targeting_noRT"
"25593" "4930471E15Rik" 0 NA NA NA NA 0 0 "Uqcrc2_noRT" "non-targeting_noRT"
"25594" "Gm31063" 0 NA NA NA NA 0 0 "Uqcrc2_noRT" "non-targeting_noRT"
"25595" "Wdr20rt" 0 NA NA NA NA 0 0 "Uqcrc2_noRT" "non-targeting_noRT"
"25596" "Rpl10l" 0 NA NA NA NA 0 0 "Uqcrc2_noRT" "non-targeting_noRT"
"25597" "Gm47979" 0 NA NA NA NA 0 0 "Uqcrc2_noRT" "non-targeting_noRT"
"25598" "Gm47432" 0 NA NA NA NA 0 0 "Uqcrc2_noRT" "non-targeting_noRT"
"25599" "Gm47453" 0 NA NA NA NA 0 0 "Uqcrc2_noRT" "non-targeting_noRT"
"25600" "Gm47456" 0 NA NA NA NA 0 0 "Uqcrc2_noRT" "non-targeting_noRT"
"25601" "Gm47489" 0 NA NA NA NA 0 0 "Uqcrc2_noRT" "non-targeting_noRT"
"25602" "Gm47515" 0 NA NA NA NA 0 0 "Uqcrc2_noRT" "non-targeting_noRT"
"25603" "Gm2912" 0 NA NA NA NA 0 0 "Uqcrc2_noRT" "non-targeting_noRT"
"25604" "Gm31447" 0 NA NA NA NA 0 0 "Uqcrc2_noRT" "non-targeting_noRT"
"25605" "Gm15561" 0 NA NA NA NA 0 0 "Uqcrc2_noRT" "non-targeting_noRT"
"25606" "Cdkl1" 0 NA NA NA NA 0 0 "Uqcrc2_noRT" "non-targeting_noRT"
"25607" "4930512B01Rik" 0 NA NA NA NA 0 0 "Uqcrc2_noRT" "non-targeting_noRT"
"25608" "Gm48695" 0 NA NA NA NA 0 0 "Uqcrc2_noRT" "non-targeting_noRT"
"25609" "Abhd12b" 0 NA NA NA NA 0 0 "Uqcrc2_noRT" "non-targeting_noRT"
"25610" "Pygl" 0 NA NA NA NA 0 0 "Uqcrc2_noRT" "non-targeting_noRT"
"25611" "F730035M05Rik" 0 NA NA NA NA 0 0 "Uqcrc2_noRT" "non-targeting_noRT"
"25612" "Trim9" 0 NA NA NA NA 0 0 "Uqcrc2_noRT" "non-targeting_noRT"
"25613" "Gm48747" 0 NA NA NA NA 0 0 "Uqcrc2_noRT" "non-targeting_noRT"
"25614" "Gm32151" 0 NA NA NA NA 0 0 "Uqcrc2_noRT" "non-targeting_noRT"
"25615" "Gm32219" 0 NA NA NA NA 0 0 "Uqcrc2_noRT" "non-targeting_noRT"
"25616" "Gm24474" 0 NA NA NA NA 0 0 "Uqcrc2_noRT" "non-targeting_noRT"
"25617" "Gm48866" 0 NA NA NA NA 0 0 "Uqcrc2_noRT" "non-targeting_noRT"
"25618" "Gm32369" 0 NA NA NA NA 0 0 "Uqcrc2_noRT" "non-targeting_noRT"
"25619" "Gm46355" 0 NA NA NA NA 0 0 "Uqcrc2_noRT" "non-targeting_noRT"
"25620" "Tomm20l" 0 NA NA NA NA 0 0 "Uqcrc2_noRT" "non-targeting_noRT"
"25621" "Dact1" 0 NA NA NA NA 0 0 "Uqcrc2_noRT" "non-targeting_noRT"
"25622" "4930474H06Rik" 0 NA NA NA NA 0 0 "Uqcrc2_noRT" "non-targeting_noRT"
"25623" "Gm33016" 0 NA NA NA NA 0 0 "Uqcrc2_noRT" "non-targeting_noRT"
"25624" "Gm40438" 0 NA NA NA NA 0 0 "Uqcrc2_noRT" "non-targeting_noRT"
"25625" "1700083H02Rik" 0 NA NA NA NA 0 0 "Uqcrc2_noRT" "non-targeting_noRT"
"25626" "4930404H11Rik" 0 NA NA NA NA 0 0 "Uqcrc2_noRT" "non-targeting_noRT"
"25627" "9630002D21Rik" 0 NA NA NA NA 0 0 "Uqcrc2_noRT" "non-targeting_noRT"
"25628" "Ccdc175" 0 NA NA NA NA 0 0 "Uqcrc2_noRT" "non-targeting_noRT"
"25629" "Rtn1" 0 NA NA NA NA 0 0 "Uqcrc2_noRT" "non-targeting_noRT"
"25630" "Lrrc9" 0 NA NA NA NA 0 0 "Uqcrc2_noRT" "non-targeting_noRT"
"25631" "Gm4756" 0 NA NA NA NA 0 0 "Uqcrc2_noRT" "non-targeting_noRT"
"25632" "Gm33785" 0 NA NA NA NA 0 0 "Uqcrc2_noRT" "non-targeting_noRT"
"25633" "4930447C04Rik" 0 NA NA NA NA 0 0 "Uqcrc2_noRT" "non-targeting_noRT"
"25634" "Six6" 0 NA NA NA NA 0 0 "Uqcrc2_noRT" "non-targeting_noRT"
"25635" "Gm26709" 0 NA NA NA NA 0 0 "Uqcrc2_noRT" "non-targeting_noRT"
"25636" "D830013O20Rik" 0 NA NA NA NA 0 0 "Uqcrc2_noRT" "non-targeting_noRT"
"25637" "Gm33929" 0 NA NA NA NA 0 0 "Uqcrc2_noRT" "non-targeting_noRT"
"25638" "Gm48656" 0 NA NA NA NA 0 0 "Uqcrc2_noRT" "non-targeting_noRT"
"25639" "Gm34016" 0 NA NA NA NA 0 0 "Uqcrc2_noRT" "non-targeting_noRT"
"25640" "Tmem30b" 0 NA NA NA NA 0 0 "Uqcrc2_noRT" "non-targeting_noRT"
"25641" "2210039B01Rik" 0 NA NA NA NA 0 0 "Uqcrc2_noRT" "non-targeting_noRT"
"25642" "Gm8075" 0 NA NA NA NA 0 0 "Uqcrc2_noRT" "non-targeting_noRT"
"25643" "Gm48823" 0 NA NA NA NA 0 0 "Uqcrc2_noRT" "non-targeting_noRT"
"25644" "Syt16" 0 NA NA NA NA 0 0 "Uqcrc2_noRT" "non-targeting_noRT"
"25645" "Gm29587" 0 NA NA NA NA 0 0 "Uqcrc2_noRT" "non-targeting_noRT"
"25646" "Dbpht2" 0 NA NA NA NA 0 0 "Uqcrc2_noRT" "non-targeting_noRT"
"25647" "Gm11042" 0 NA NA NA NA 0 0 "Uqcrc2_noRT" "non-targeting_noRT"
"25648" "Gm39473" 0 NA NA NA NA 0 0 "Uqcrc2_noRT" "non-targeting_noRT"
"25649" "4930442G10Rik" 0 NA NA NA NA 0 0 "Uqcrc2_noRT" "non-targeting_noRT"
"25650" "Kcnh5" 0 NA NA NA NA 0 0 "Uqcrc2_noRT" "non-targeting_noRT"
"25651" "AC124742.1" 0 NA NA NA NA 0 0 "Uqcrc2_noRT" "non-targeting_noRT"
"25652" "Esr2" 0 NA NA NA NA 0 0 "Uqcrc2_noRT" "non-targeting_noRT"
"25653" "Tex21" 0 NA NA NA NA 0 0 "Uqcrc2_noRT" "non-targeting_noRT"
"25654" "Gm47525" 0 NA NA NA NA 0 0 "Uqcrc2_noRT" "non-targeting_noRT"
"25655" "Gm34868" 0 NA NA NA NA 0 0 "Uqcrc2_noRT" "non-targeting_noRT"
"25656" "4930426I24Rik" 0 NA NA NA NA 0 0 "Uqcrc2_noRT" "non-targeting_noRT"
"25657" "Ppp1r36" 0 NA NA NA NA 0 0 "Uqcrc2_noRT" "non-targeting_noRT"
"25658" "AI463170" 0 NA NA NA NA 0 0 "Uqcrc2_noRT" "non-targeting_noRT"
"25659" "Sptb" 0 NA NA NA NA 0 0 "Uqcrc2_noRT" "non-targeting_noRT"
"25660" "Gm35041" 0 NA NA NA NA 0 0 "Uqcrc2_noRT" "non-targeting_noRT"
"25661" "Gm35189" 0 NA NA NA NA 0 0 "Uqcrc2_noRT" "non-targeting_noRT"
"25662" "9530018F02Rik" 0 NA NA NA NA 0 0 "Uqcrc2_noRT" "non-targeting_noRT"
"25663" "Gm35240" 0 NA NA NA NA 0 0 "Uqcrc2_noRT" "non-targeting_noRT"
"25664" "4930458K08Rik" 0 NA NA NA NA 0 0 "Uqcrc2_noRT" "non-targeting_noRT"
"25665" "Gm6657" 0 NA NA NA NA 0 0 "Uqcrc2_noRT" "non-targeting_noRT"
"25666" "9230116L04Rik" 0 NA NA NA NA 0 0 "Uqcrc2_noRT" "non-targeting_noRT"
"25667" "Gm48780" 0 NA NA NA NA 0 0 "Uqcrc2_noRT" "non-targeting_noRT"
"25668" "Rdh12" 0 NA NA NA NA 0 0 "Uqcrc2_noRT" "non-targeting_noRT"
"25669" "9430078K24Rik" 0 NA NA NA NA 0 0 "Uqcrc2_noRT" "non-targeting_noRT"
"25670" "Gm36660" 0 NA NA NA NA 0 0 "Uqcrc2_noRT" "non-targeting_noRT"
"25671" "Gm47752" 0 NA NA NA NA 0 0 "Uqcrc2_noRT" "non-targeting_noRT"
"25672" "1300014J16Rik" 0 NA NA NA NA 0 0 "Uqcrc2_noRT" "non-targeting_noRT"
"25673" "Gm47765" 0 NA NA NA NA 0 0 "Uqcrc2_noRT" "non-targeting_noRT"
"25674" "Gm47767" 0 NA NA NA NA 0 0 "Uqcrc2_noRT" "non-targeting_noRT"
"25675" "Gm47766" 0 NA NA NA NA 0 0 "Uqcrc2_noRT" "non-targeting_noRT"
"25676" "Gm50278" 0 NA NA NA NA 0 0 "Uqcrc2_noRT" "non-targeting_noRT"
"25677" "2310002D06Rik" 0 NA NA NA NA 0 0 "Uqcrc2_noRT" "non-targeting_noRT"
"25678" "Gm26777" 0 NA NA NA NA 0 0 "Uqcrc2_noRT" "non-targeting_noRT"
"25679" "Galnt16" 0 NA NA NA NA 0 0 "Uqcrc2_noRT" "non-targeting_noRT"
"25680" "4933406B15Rik" 0 NA NA NA NA 0 0 "Uqcrc2_noRT" "non-targeting_noRT"
"25681" "Gm47879" 0 NA NA NA NA 0 0 "Uqcrc2_noRT" "non-targeting_noRT"
"25682" "Plekhd1os" 0 NA NA NA NA 0 0 "Uqcrc2_noRT" "non-targeting_noRT"
"25683" "Plekhd1" 0 NA NA NA NA 0 0 "Uqcrc2_noRT" "non-targeting_noRT"
"25684" "Ccdc177" 0 NA NA NA NA 0 0 "Uqcrc2_noRT" "non-targeting_noRT"
"25685" "Gm26796" 0 NA NA NA NA 0 0 "Uqcrc2_noRT" "non-targeting_noRT"
"25686" "Gm47941" 0 NA NA NA NA 0 0 "Uqcrc2_noRT" "non-targeting_noRT"
"25687" "1700052I22Rik" 0 NA NA NA NA 0 0 "Uqcrc2_noRT" "non-targeting_noRT"
"25688" "Slc10a1" 0 NA NA NA NA 0 0 "Uqcrc2_noRT" "non-targeting_noRT"
"25689" "Gm3693" 0 NA NA NA NA 0 0 "Uqcrc2_noRT" "non-targeting_noRT"
"25690" "Gm28370" 0 NA NA NA NA 0 0 "Uqcrc2_noRT" "non-targeting_noRT"
"25691" "Gm17191" 0 NA NA NA NA 0 0 "Uqcrc2_noRT" "non-targeting_noRT"
"25692" "6530401F13Rik" 0 NA NA NA NA 0 0 "Uqcrc2_noRT" "non-targeting_noRT"
"25693" "Adam21" 0 NA NA NA NA 0 0 "Uqcrc2_noRT" "non-targeting_noRT"
"25694" "Gm16572" 0 NA NA NA NA 0 0 "Uqcrc2_noRT" "non-targeting_noRT"
"25695" "Gm49654" 0 NA NA NA NA 0 0 "Uqcrc2_noRT" "non-targeting_noRT"
"25696" "Map3k9" 0 NA NA NA NA 0 0 "Uqcrc2_noRT" "non-targeting_noRT"
"25697" "4930423D22Rik" 0 NA NA NA NA 0 0 "Uqcrc2_noRT" "non-targeting_noRT"
"25698" "Gm47080" 0 NA NA NA NA 0 0 "Uqcrc2_noRT" "non-targeting_noRT"
"25699" "Gm49749" 0 NA NA NA NA 0 0 "Uqcrc2_noRT" "non-targeting_noRT"
"25700" "Gm48242" 0 NA NA NA NA 0 0 "Uqcrc2_noRT" "non-targeting_noRT"
"25701" "Rgs6" 0 NA NA NA NA 0 0 "Uqcrc2_noRT" "non-targeting_noRT"
"25702" "1700085C21Rik" 0 NA NA NA NA 0 0 "Uqcrc2_noRT" "non-targeting_noRT"
"25703" "Gm29530" 0 NA NA NA NA 0 0 "Uqcrc2_noRT" "non-targeting_noRT"
"25704" "Gm47666" 0 NA NA NA NA 0 0 "Uqcrc2_noRT" "non-targeting_noRT"
"25705" "Gm46367" 0 NA NA NA NA 0 0 "Uqcrc2_noRT" "non-targeting_noRT"
"25706" "Gm26571" 0 NA NA NA NA 0 0 "Uqcrc2_noRT" "non-targeting_noRT"
"25707" "Heatr4" 0 NA NA NA NA 0 0 "Uqcrc2_noRT" "non-targeting_noRT"
"25708" "4732463B04Rik" 0 NA NA NA NA 0 0 "Uqcrc2_noRT" "non-targeting_noRT"
"25709" "Acot3" 0 NA NA NA NA 0 0 "Uqcrc2_noRT" "non-targeting_noRT"
"25710" "Acot6" 0 NA NA NA NA 0 0 "Uqcrc2_noRT" "non-targeting_noRT"
"25711" "Pnma1" 0 NA NA NA NA 0 0 "Uqcrc2_noRT" "non-targeting_noRT"
"25712" "Gm47447" 0 NA NA NA NA 0 0 "Uqcrc2_noRT" "non-targeting_noRT"
"25713" "Ptgr2" 0 NA NA NA NA 0 0 "Uqcrc2_noRT" "non-targeting_noRT"
"25714" "Gm47484" 0 NA NA NA NA 0 0 "Uqcrc2_noRT" "non-targeting_noRT"
"25715" "Bbof1" 0 NA NA NA NA 0 0 "Uqcrc2_noRT" "non-targeting_noRT"
"25716" "Rnf113a2" 0 NA NA NA NA 0 0 "Uqcrc2_noRT" "non-targeting_noRT"
"25717" "Vsx2" 0 NA NA NA NA 0 0 "Uqcrc2_noRT" "non-targeting_noRT"
"25718" "Vrtn" 0 NA NA NA NA 0 0 "Uqcrc2_noRT" "non-targeting_noRT"
"25719" "Syndig1l" 0 NA NA NA NA 0 0 "Uqcrc2_noRT" "non-targeting_noRT"
"25720" "Gm48573" 0 NA NA NA NA 0 0 "Uqcrc2_noRT" "non-targeting_noRT"
"25721" "Ltbp2" 0 NA NA NA NA 0 0 "Uqcrc2_noRT" "non-targeting_noRT"
"25722" "D030025P21Rik" 0 NA NA NA NA 0 0 "Uqcrc2_noRT" "non-targeting_noRT"
"25723" "Gm48709" 0 NA NA NA NA 0 0 "Uqcrc2_noRT" "non-targeting_noRT"
"25724" "Gm17139" 0 NA NA NA NA 0 0 "Uqcrc2_noRT" "non-targeting_noRT"
"25725" "Gm47819" 0 NA NA NA NA 0 0 "Uqcrc2_noRT" "non-targeting_noRT"
"25726" "Gm40477" 0 NA NA NA NA 0 0 "Uqcrc2_noRT" "non-targeting_noRT"
"25727" "Flvcr2" 0 NA NA NA NA 0 0 "Uqcrc2_noRT" "non-targeting_noRT"
"25728" "Gm26531" 0 NA NA NA NA 0 0 "Uqcrc2_noRT" "non-targeting_noRT"
"25729" "Gm48008" 0 NA NA NA NA 0 0 "Uqcrc2_noRT" "non-targeting_noRT"
"25730" "Gm805" 0 NA NA NA NA 0 0 "Uqcrc2_noRT" "non-targeting_noRT"
"25731" "4732487G21Rik" 0 NA NA NA NA 0 0 "Uqcrc2_noRT" "non-targeting_noRT"
"25732" "Esrrb" 0 NA NA NA NA 0 0 "Uqcrc2_noRT" "non-targeting_noRT"
"25733" "Vash1" 0 NA NA NA NA 0 0 "Uqcrc2_noRT" "non-targeting_noRT"
"25734" "Angel1" 0 NA NA NA NA 0 0 "Uqcrc2_noRT" "non-targeting_noRT"
"25735" "Lrrc74a" 0 NA NA NA NA 0 0 "Uqcrc2_noRT" "non-targeting_noRT"
"25736" "Zdhhc22" 0 NA NA NA NA 0 0 "Uqcrc2_noRT" "non-targeting_noRT"
"25737" "Tmem63c" 0 NA NA NA NA 0 0 "Uqcrc2_noRT" "non-targeting_noRT"
"25738" "Ngb" 0 NA NA NA NA 0 0 "Uqcrc2_noRT" "non-targeting_noRT"
"25739" "Noxred1" 0 NA NA NA NA 0 0 "Uqcrc2_noRT" "non-targeting_noRT"
"25740" "Gm29362" 0 NA NA NA NA 0 0 "Uqcrc2_noRT" "non-targeting_noRT"
"25741" "Gm5788" 0 NA NA NA NA 0 0 "Uqcrc2_noRT" "non-targeting_noRT"
"25742" "Gm8300" 0 NA NA NA NA 0 0 "Uqcrc2_noRT" "non-targeting_noRT"
"25743" "Oog1" 0 NA NA NA NA 0 0 "Uqcrc2_noRT" "non-targeting_noRT"
"25744" "Gm4027" 0 NA NA NA NA 0 0 "Uqcrc2_noRT" "non-targeting_noRT"
"25745" "Gm16381" 0 NA NA NA NA 0 0 "Uqcrc2_noRT" "non-targeting_noRT"
"25746" "Gm21319" 0 NA NA NA NA 0 0 "Uqcrc2_noRT" "non-targeting_noRT"
"25747" "Gm21936" 0 NA NA NA NA 0 0 "Uqcrc2_noRT" "non-targeting_noRT"
"25748" "BB287469" 0 NA NA NA NA 0 0 "Uqcrc2_noRT" "non-targeting_noRT"
"25749" "Gm2001" 0 NA NA NA NA 0 0 "Uqcrc2_noRT" "non-targeting_noRT"
"25750" "Gm2016" 0 NA NA NA NA 0 0 "Uqcrc2_noRT" "non-targeting_noRT"
"25751" "Gm2022" 0 NA NA NA NA 0 0 "Uqcrc2_noRT" "non-targeting_noRT"
"25752" "Gm2035" 0 NA NA NA NA 0 0 "Uqcrc2_noRT" "non-targeting_noRT"
"25753" "Gm2042" 0 NA NA NA NA 0 0 "Uqcrc2_noRT" "non-targeting_noRT"
"25754" "Gm2075" 0 NA NA NA NA 0 0 "Uqcrc2_noRT" "non-targeting_noRT"
"25755" "Gm6803" 0 NA NA NA NA 0 0 "Uqcrc2_noRT" "non-targeting_noRT"
"25756" "Gm2056" 0 NA NA NA NA 0 0 "Uqcrc2_noRT" "non-targeting_noRT"
"25757" "Gm16368" 0 NA NA NA NA 0 0 "Uqcrc2_noRT" "non-targeting_noRT"
"25758" "Gm10436" 0 NA NA NA NA 0 0 "Uqcrc2_noRT" "non-targeting_noRT"
"25759" "Gm8332" 0 NA NA NA NA 0 0 "Uqcrc2_noRT" "non-targeting_noRT"
"25760" "Gm5662" 0 NA NA NA NA 0 0 "Uqcrc2_noRT" "non-targeting_noRT"
"25761" "Gm5039" 0 NA NA NA NA 0 0 "Uqcrc2_noRT" "non-targeting_noRT"
"25762" "3200001D21Rik" 0 NA NA NA NA 0 0 "Uqcrc2_noRT" "non-targeting_noRT"
"25763" "4930473H19Rik" 0 NA NA NA NA 0 0 "Uqcrc2_noRT" "non-targeting_noRT"
"25764" "Gm48665" 0 NA NA NA NA 0 0 "Uqcrc2_noRT" "non-targeting_noRT"
"25765" "Gm48664" 0 NA NA NA NA 0 0 "Uqcrc2_noRT" "non-targeting_noRT"
"25766" "1700040E09Rik" 0 NA NA NA NA 0 0 "Uqcrc2_noRT" "non-targeting_noRT"
"25767" "Gm2270" 0 NA NA NA NA 0 0 "Uqcrc2_noRT" "non-targeting_noRT"
"25768" "Gm47684" 0 NA NA NA NA 0 0 "Uqcrc2_noRT" "non-targeting_noRT"
"25769" "Gm40538" 0 NA NA NA NA 0 0 "Uqcrc2_noRT" "non-targeting_noRT"
"25770" "Dio2" 0 NA NA NA NA 0 0 "Uqcrc2_noRT" "non-targeting_noRT"
"25771" "4930544I03Rik" 0 NA NA NA NA 0 0 "Uqcrc2_noRT" "non-targeting_noRT"
"25772" "1700105G05Rik" 0 NA NA NA NA 0 0 "Uqcrc2_noRT" "non-targeting_noRT"
"25773" "5430427M07Rik" 0 NA NA NA NA 0 0 "Uqcrc2_noRT" "non-targeting_noRT"
"25774" "Tshr" 0 NA NA NA NA 0 0 "Uqcrc2_noRT" "non-targeting_noRT"
"25775" "Gm47804" 0 NA NA NA NA 0 0 "Uqcrc2_noRT" "non-targeting_noRT"
"25776" "Gm8378" 0 NA NA NA NA 0 0 "Uqcrc2_noRT" "non-targeting_noRT"
"25777" "Gm16876" 0 NA NA NA NA 0 0 "Uqcrc2_noRT" "non-targeting_noRT"
"25778" "Gm40548" 0 NA NA NA NA 0 0 "Uqcrc2_noRT" "non-targeting_noRT"
"25779" "4930559C10Rik" 0 NA NA NA NA 0 0 "Uqcrc2_noRT" "non-targeting_noRT"
"25780" "Gm47396" 0 NA NA NA NA 0 0 "Uqcrc2_noRT" "non-targeting_noRT"
"25781" "Gm47397" 0 NA NA NA NA 0 0 "Uqcrc2_noRT" "non-targeting_noRT"
"25782" "Gm40552" 0 NA NA NA NA 0 0 "Uqcrc2_noRT" "non-targeting_noRT"
"25783" "Gm35274" 0 NA NA NA NA 0 0 "Uqcrc2_noRT" "non-targeting_noRT"
"25784" "Gm47415" 0 NA NA NA NA 0 0 "Uqcrc2_noRT" "non-targeting_noRT"
"25785" "Gm47439" 0 NA NA NA NA 0 0 "Uqcrc2_noRT" "non-targeting_noRT"
"25786" "Gpr65" 0 NA NA NA NA 0 0 "Uqcrc2_noRT" "non-targeting_noRT"
"25787" "Gm47566" 0 NA NA NA NA 0 0 "Uqcrc2_noRT" "non-targeting_noRT"
"25788" "Gm40893" 0 NA NA NA NA 0 0 "Uqcrc2_noRT" "non-targeting_noRT"
"25789" "Gm47109" 0 NA NA NA NA 0 0 "Uqcrc2_noRT" "non-targeting_noRT"
"25790" "Gm47116" 0 NA NA NA NA 0 0 "Uqcrc2_noRT" "non-targeting_noRT"
"25791" "4930474N09Rik" 0 NA NA NA NA 0 0 "Uqcrc2_noRT" "non-targeting_noRT"
"25792" "Gm20682" 0 NA NA NA NA 0 0 "Uqcrc2_noRT" "non-targeting_noRT"
"25793" "Gm26839" 0 NA NA NA NA 0 0 "Uqcrc2_noRT" "non-targeting_noRT"
"25794" "Gm47177" 0 NA NA NA NA 0 0 "Uqcrc2_noRT" "non-targeting_noRT"
"25795" "1700064M15Rik" 0 NA NA NA NA 0 0 "Uqcrc2_noRT" "non-targeting_noRT"
"25796" "Gm19951" 0 NA NA NA NA 0 0 "Uqcrc2_noRT" "non-targeting_noRT"
"25797" "Gm47207" 0 NA NA NA NA 0 0 "Uqcrc2_noRT" "non-targeting_noRT"
"25798" "Kcnk13" 0 NA NA NA NA 0 0 "Uqcrc2_noRT" "non-targeting_noRT"
"25799" "4930477G07Rik" 0 NA NA NA NA 0 0 "Uqcrc2_noRT" "non-targeting_noRT"
"25800" "Gm10433" 0 NA NA NA NA 0 0 "Uqcrc2_noRT" "non-targeting_noRT"
"25801" "Gm48383" 0 NA NA NA NA 0 0 "Uqcrc2_noRT" "non-targeting_noRT"
"25802" "Dglucy" 0 NA NA NA NA 0 0 "Uqcrc2_noRT" "non-targeting_noRT"
"25803" "Gpr68" 0 NA NA NA NA 0 0 "Uqcrc2_noRT" "non-targeting_noRT"
"25804" "A630072L19Rik" 0 NA NA NA NA 0 0 "Uqcrc2_noRT" "non-targeting_noRT"
"25805" "Gm36756" 0 NA NA NA NA 0 0 "Uqcrc2_noRT" "non-targeting_noRT"
"25806" "Gm47639" 0 NA NA NA NA 0 0 "Uqcrc2_noRT" "non-targeting_noRT"
"25807" "Catsperb" 0 NA NA NA NA 0 0 "Uqcrc2_noRT" "non-targeting_noRT"
"25808" "Tc2n" 0 NA NA NA NA 0 0 "Uqcrc2_noRT" "non-targeting_noRT"
"25809" "Gm20036" 0 NA NA NA NA 0 0 "Uqcrc2_noRT" "non-targeting_noRT"
"25810" "Gm16339" 0 NA NA NA NA 0 0 "Uqcrc2_noRT" "non-targeting_noRT"
"25811" "Slc24a4" 0 NA NA NA NA 0 0 "Uqcrc2_noRT" "non-targeting_noRT"
"25812" "Gm30198" 0 NA NA NA NA 0 0 "Uqcrc2_noRT" "non-targeting_noRT"
"25813" "Chga" 0 NA NA NA NA 0 0 "Uqcrc2_noRT" "non-targeting_noRT"
"25814" "Gm20069" 0 NA NA NA NA 0 0 "Uqcrc2_noRT" "non-targeting_noRT"
"25815" "Gm47167" 0 NA NA NA NA 0 0 "Uqcrc2_noRT" "non-targeting_noRT"
"25816" "Cox8c" 0 NA NA NA NA 0 0 "Uqcrc2_noRT" "non-targeting_noRT"
"25817" "Unc79" 0 NA NA NA NA 0 0 "Uqcrc2_noRT" "non-targeting_noRT"
"25818" "Prima1" 0 NA NA NA NA 0 0 "Uqcrc2_noRT" "non-targeting_noRT"
"25819" "Fam181a" 0 NA NA NA NA 0 0 "Uqcrc2_noRT" "non-targeting_noRT"
"25820" "Gm29508" 0 NA NA NA NA 0 0 "Uqcrc2_noRT" "non-targeting_noRT"
"25821" "Asb2" 0 NA NA NA NA 0 0 "Uqcrc2_noRT" "non-targeting_noRT"
"25822" "Gm15523" 0 NA NA NA NA 0 0 "Uqcrc2_noRT" "non-targeting_noRT"
"25823" "Ifi27l2b" 0 NA NA NA NA 0 0 "Uqcrc2_noRT" "non-targeting_noRT"
"25824" "Gm47267" 0 NA NA NA NA 0 0 "Uqcrc2_noRT" "non-targeting_noRT"
"25825" "Ppp4r4" 0 NA NA NA NA 0 0 "Uqcrc2_noRT" "non-targeting_noRT"
"25826" "Serpina10" 0 NA NA NA NA 0 0 "Uqcrc2_noRT" "non-targeting_noRT"
"25827" "Serpina6" 0 NA NA NA NA 0 0 "Uqcrc2_noRT" "non-targeting_noRT"
"25828" "Serpina16" 0 NA NA NA NA 0 0 "Uqcrc2_noRT" "non-targeting_noRT"
"25829" "Serpina1f" 0 NA NA NA NA 0 0 "Uqcrc2_noRT" "non-targeting_noRT"
"25830" "Serpina1b" 0 NA NA NA NA 0 0 "Uqcrc2_noRT" "non-targeting_noRT"
"25831" "Serpina1d" 0 NA NA NA NA 0 0 "Uqcrc2_noRT" "non-targeting_noRT"
"25832" "Serpina1a" 0 NA NA NA NA 0 0 "Uqcrc2_noRT" "non-targeting_noRT"
"25833" "Serpina1c" 0 NA NA NA NA 0 0 "Uqcrc2_noRT" "non-targeting_noRT"
"25834" "B430119L08Rik" 0 NA NA NA NA 0 0 "Uqcrc2_noRT" "non-targeting_noRT"
"25835" "Serpina1e" 0 NA NA NA NA 0 0 "Uqcrc2_noRT" "non-targeting_noRT"
"25836" "Serpina11" 0 NA NA NA NA 0 0 "Uqcrc2_noRT" "non-targeting_noRT"
"25837" "Serpina9" 0 NA NA NA NA 0 0 "Uqcrc2_noRT" "non-targeting_noRT"
"25838" "Serpina5" 0 NA NA NA NA 0 0 "Uqcrc2_noRT" "non-targeting_noRT"
"25839" "Serpina3a" 0 NA NA NA NA 0 0 "Uqcrc2_noRT" "non-targeting_noRT"
"25840" "Serpina3b" 0 NA NA NA NA 0 0 "Uqcrc2_noRT" "non-targeting_noRT"
"25841" "Serpina3c" 0 NA NA NA NA 0 0 "Uqcrc2_noRT" "non-targeting_noRT"
"25842" "Serpina3f" 0 NA NA NA NA 0 0 "Uqcrc2_noRT" "non-targeting_noRT"
"25843" "Serpina3i" 0 NA NA NA NA 0 0 "Uqcrc2_noRT" "non-targeting_noRT"
"25844" "Serpina3j" 0 NA NA NA NA 0 0 "Uqcrc2_noRT" "non-targeting_noRT"
"25845" "Gsc" 0 NA NA NA NA 0 0 "Uqcrc2_noRT" "non-targeting_noRT"
"25846" "Gm10000" 0 NA NA NA NA 0 0 "Uqcrc2_noRT" "non-targeting_noRT"
"25847" "Gm49732" 0 NA NA NA NA 0 0 "Uqcrc2_noRT" "non-targeting_noRT"
"25848" "4930408O17Rik" 0 NA NA NA NA 0 0 "Uqcrc2_noRT" "non-targeting_noRT"
"25849" "Gm47648" 0 NA NA NA NA 0 0 "Uqcrc2_noRT" "non-targeting_noRT"
"25850" "Tcl1b2" 0 NA NA NA NA 0 0 "Uqcrc2_noRT" "non-targeting_noRT"
"25851" "Tcl1b1" 0 NA NA NA NA 0 0 "Uqcrc2_noRT" "non-targeting_noRT"
"25852" "Tcl1b5" 0 NA NA NA NA 0 0 "Uqcrc2_noRT" "non-targeting_noRT"
"25853" "Tcl1b3" 0 NA NA NA NA 0 0 "Uqcrc2_noRT" "non-targeting_noRT"
"25854" "Tcl1b4" 0 NA NA NA NA 0 0 "Uqcrc2_noRT" "non-targeting_noRT"
"25855" "Tcl1" 0 NA NA NA NA 0 0 "Uqcrc2_noRT" "non-targeting_noRT"
"25856" "Tunar" 0 NA NA NA NA 0 0 "Uqcrc2_noRT" "non-targeting_noRT"
"25857" "Gm2721" 0 NA NA NA NA 0 0 "Uqcrc2_noRT" "non-targeting_noRT"
"25858" "Gm46376" 0 NA NA NA NA 0 0 "Uqcrc2_noRT" "non-targeting_noRT"
"25859" "D430019H16Rik" 0 NA NA NA NA 0 0 "Uqcrc2_noRT" "non-targeting_noRT"
"25860" "AU015791" 0 NA NA NA NA 0 0 "Uqcrc2_noRT" "non-targeting_noRT"
"25861" "Gm47796" 0 NA NA NA NA 0 0 "Uqcrc2_noRT" "non-targeting_noRT"
"25862" "Bdkrb2" 0 NA NA NA NA 0 0 "Uqcrc2_noRT" "non-targeting_noRT"
"25863" "Bdkrb1" 0 NA NA NA NA 0 0 "Uqcrc2_noRT" "non-targeting_noRT"
"25864" "Gm48807" 0 NA NA NA NA 0 0 "Uqcrc2_noRT" "non-targeting_noRT"
"25865" "Gm19554" 0 NA NA NA NA 0 0 "Uqcrc2_noRT" "non-targeting_noRT"
"25866" "Gm32635" 0 NA NA NA NA 0 0 "Uqcrc2_noRT" "non-targeting_noRT"
"25867" "Gm47646" 0 NA NA NA NA 0 0 "Uqcrc2_noRT" "non-targeting_noRT"
"25868" "Gm17032" 0 NA NA NA NA 0 0 "Uqcrc2_noRT" "non-targeting_noRT"
"25869" "1700121N20Rik" 0 NA NA NA NA 0 0 "Uqcrc2_noRT" "non-targeting_noRT"
"25870" "Gm17033" 0 NA NA NA NA 0 0 "Uqcrc2_noRT" "non-targeting_noRT"
"25871" "4933406K04Rik" 0 NA NA NA NA 0 0 "Uqcrc2_noRT" "non-targeting_noRT"
"25872" "1700013N06Rik" 0 NA NA NA NA 0 0 "Uqcrc2_noRT" "non-targeting_noRT"
"25873" "Gm16087" 0 NA NA NA NA 0 0 "Uqcrc2_noRT" "non-targeting_noRT"
"25874" "Gm16086" 0 NA NA NA NA 0 0 "Uqcrc2_noRT" "non-targeting_noRT"
"25875" "Gm16085" 0 NA NA NA NA 0 0 "Uqcrc2_noRT" "non-targeting_noRT"
"25876" "Gm16084" 0 NA NA NA NA 0 0 "Uqcrc2_noRT" "non-targeting_noRT"
"25877" "Gm2800" 0 NA NA NA NA 0 0 "Uqcrc2_noRT" "non-targeting_noRT"
"25878" "Gm3234" 0 NA NA NA NA 0 0 "Uqcrc2_noRT" "non-targeting_noRT"
"25879" "3110018I06Rik" 0 NA NA NA NA 0 0 "Uqcrc2_noRT" "non-targeting_noRT"
"25880" "4930465M20Rik" 0 NA NA NA NA 0 0 "Uqcrc2_noRT" "non-targeting_noRT"
"25881" "Gm15208" 0 NA NA NA NA 0 0 "Uqcrc2_noRT" "non-targeting_noRT"
"25882" "Bcl11b" 0 NA NA NA NA 0 0 "Uqcrc2_noRT" "non-targeting_noRT"
"25883" "Hhipl1" 0 NA NA NA NA 0 0 "Uqcrc2_noRT" "non-targeting_noRT"
"25884" "4930478K11Rik" 0 NA NA NA NA 0 0 "Uqcrc2_noRT" "non-targeting_noRT"
"25885" "Cyp46a1" 0 NA NA NA NA 0 0 "Uqcrc2_noRT" "non-targeting_noRT"
"25886" "Gm16596" 0 NA NA NA NA 0 0 "Uqcrc2_noRT" "non-targeting_noRT"
"25887" "Degs2" 0 NA NA NA NA 0 0 "Uqcrc2_noRT" "non-targeting_noRT"
"25888" "Gm33467" 0 NA NA NA NA 0 0 "Uqcrc2_noRT" "non-targeting_noRT"
"25889" "Gm33682" 0 NA NA NA NA 0 0 "Uqcrc2_noRT" "non-targeting_noRT"
"25890" "Begain" 0 NA NA NA NA 0 0 "Uqcrc2_noRT" "non-targeting_noRT"
"25891" "Dlk1" 0 NA NA NA NA 0 0 "Uqcrc2_noRT" "non-targeting_noRT"
"25892" "Gm34081" 0 NA NA NA NA 0 0 "Uqcrc2_noRT" "non-targeting_noRT"
"25893" "Meg3" 0 NA NA NA NA 0 0 "Uqcrc2_noRT" "non-targeting_noRT"
"25894" "Rtl1" 0 NA NA NA NA 0 0 "Uqcrc2_noRT" "non-targeting_noRT"
"25895" "Rian" 0 NA NA NA NA 0 0 "Uqcrc2_noRT" "non-targeting_noRT"
"25896" "B830012L14Rik" 0 NA NA NA NA 0 0 "Uqcrc2_noRT" "non-targeting_noRT"
"25897" "4930511J24Rik" 0 NA NA NA NA 0 0 "Uqcrc2_noRT" "non-targeting_noRT"
"25898" "Gm34667" 0 NA NA NA NA 0 0 "Uqcrc2_noRT" "non-targeting_noRT"
"25899" "Gm34719" 0 NA NA NA NA 0 0 "Uqcrc2_noRT" "non-targeting_noRT"
"25900" "3110009F21Rik" 0 NA NA NA NA 0 0 "Uqcrc2_noRT" "non-targeting_noRT"
"25901" "Gm34785" 0 NA NA NA NA 0 0 "Uqcrc2_noRT" "non-targeting_noRT"
"25902" "Gm40576" 0 NA NA NA NA 0 0 "Uqcrc2_noRT" "non-targeting_noRT"
"25903" "Dio3os" 0 NA NA NA NA 0 0 "Uqcrc2_noRT" "non-targeting_noRT"
"25904" "Dio3" 0 NA NA NA NA 0 0 "Uqcrc2_noRT" "non-targeting_noRT"
"25905" "Gm35558" 0 NA NA NA NA 0 0 "Uqcrc2_noRT" "non-targeting_noRT"
"25906" "Gm35558.1" 0 NA NA NA NA 0 0 "Uqcrc2_noRT" "non-targeting_noRT"
"25907" "Gm17111" 0 NA NA NA NA 0 0 "Uqcrc2_noRT" "non-targeting_noRT"
"25908" "1700001K19Rik" 0 NA NA NA NA 0 0 "Uqcrc2_noRT" "non-targeting_noRT"
"25909" "4921507G05Rik" 0 NA NA NA NA 0 0 "Uqcrc2_noRT" "non-targeting_noRT"
"25910" "6030440G07Rik" 0 NA NA NA NA 0 0 "Uqcrc2_noRT" "non-targeting_noRT"
"25911" "4930595D18Rik" 0 NA NA NA NA 0 0 "Uqcrc2_noRT" "non-targeting_noRT"
"25912" "Lbhd2" 0 NA NA NA NA 0 0 "Uqcrc2_noRT" "non-targeting_noRT"
"25913" "Gm10425" 0 NA NA NA NA 0 0 "Uqcrc2_noRT" "non-targeting_noRT"
"25914" "Gm40578" 0 NA NA NA NA 0 0 "Uqcrc2_noRT" "non-targeting_noRT"
"25915" "Gm266" 0 NA NA NA NA 0 0 "Uqcrc2_noRT" "non-targeting_noRT"
"25916" "Gm15995" 0 NA NA NA NA 0 0 "Uqcrc2_noRT" "non-targeting_noRT"
"25917" "Gm15996" 0 NA NA NA NA 0 0 "Uqcrc2_noRT" "non-targeting_noRT"
"25918" "Tdrd9" 0 NA NA NA NA 0 0 "Uqcrc2_noRT" "non-targeting_noRT"
"25919" "Rd3l" 0 NA NA NA NA 0 0 "Uqcrc2_noRT" "non-targeting_noRT"
"25920" "Aspg" 0 NA NA NA NA 0 0 "Uqcrc2_noRT" "non-targeting_noRT"
"25921" "Kif26a" 0 NA NA NA NA 0 0 "Uqcrc2_noRT" "non-targeting_noRT"
"25922" "E330035G20Rik" 0 NA NA NA NA 0 0 "Uqcrc2_noRT" "non-targeting_noRT"
"25923" "A730018C14Rik" 0 NA NA NA NA 0 0 "Uqcrc2_noRT" "non-targeting_noRT"
"25924" "B020018J22Rik" 0 NA NA NA NA 0 0 "Uqcrc2_noRT" "non-targeting_noRT"
"25925" "A530016L24Rik" 0 NA NA NA NA 0 0 "Uqcrc2_noRT" "non-targeting_noRT"
"25926" "Pld4" 0 NA NA NA NA 0 0 "Uqcrc2_noRT" "non-targeting_noRT"
"25927" "Gpr132" 0 NA NA NA NA 0 0 "Uqcrc2_noRT" "non-targeting_noRT"
"25928" "1700127F24Rik" 0 NA NA NA NA 0 0 "Uqcrc2_noRT" "non-targeting_noRT"
"25929" "Jag2" 0 NA NA NA NA 0 0 "Uqcrc2_noRT" "non-targeting_noRT"
"25930" "Gm47541" 0 NA NA NA NA 0 0 "Uqcrc2_noRT" "non-targeting_noRT"
"25931" "9230104M06Rik" 0 NA NA NA NA 0 0 "Uqcrc2_noRT" "non-targeting_noRT"
"25932" "Tex22" 0 NA NA NA NA 0 0 "Uqcrc2_noRT" "non-targeting_noRT"
"25933" "Igha" 0 NA NA NA NA 0 0 "Uqcrc2_noRT" "non-targeting_noRT"
"25934" "Ighe" 0 NA NA NA NA 0 0 "Uqcrc2_noRT" "non-targeting_noRT"
"25935" "Ighg2c" 0 NA NA NA NA 0 0 "Uqcrc2_noRT" "non-targeting_noRT"
"25936" "Ighg2b" 0 NA NA NA NA 0 0 "Uqcrc2_noRT" "non-targeting_noRT"
"25937" "Gm37944" 0 NA NA NA NA 0 0 "Uqcrc2_noRT" "non-targeting_noRT"
"25938" "Ighg1" 0 NA NA NA NA 0 0 "Uqcrc2_noRT" "non-targeting_noRT"
"25939" "Ighg3" 0 NA NA NA NA 0 0 "Uqcrc2_noRT" "non-targeting_noRT"
"25940" "Ighd" 0 NA NA NA NA 0 0 "Uqcrc2_noRT" "non-targeting_noRT"
"25941" "Ighm" 0 NA NA NA NA 0 0 "Uqcrc2_noRT" "non-targeting_noRT"
"25942" "Ighj4" 0 NA NA NA NA 0 0 "Uqcrc2_noRT" "non-targeting_noRT"
"25943" "Ighj3" 0 NA NA NA NA 0 0 "Uqcrc2_noRT" "non-targeting_noRT"
"25944" "Ighj2" 0 NA NA NA NA 0 0 "Uqcrc2_noRT" "non-targeting_noRT"
"25945" "Ighj1" 0 NA NA NA NA 0 0 "Uqcrc2_noRT" "non-targeting_noRT"
"25946" "Ighd4-1" 0 NA NA NA NA 0 0 "Uqcrc2_noRT" "non-targeting_noRT"
"25947" "Ighd3-2" 0 NA NA NA NA 0 0 "Uqcrc2_noRT" "non-targeting_noRT"
"25948" "Ighd5-6" 0 NA NA NA NA 0 0 "Uqcrc2_noRT" "non-targeting_noRT"
"25949" "Ighd2-8" 0 NA NA NA NA 0 0 "Uqcrc2_noRT" "non-targeting_noRT"
"25950" "Ighd5-5" 0 NA NA NA NA 0 0 "Uqcrc2_noRT" "non-targeting_noRT"
"25951" "Ighd2-7" 0 NA NA NA NA 0 0 "Uqcrc2_noRT" "non-targeting_noRT"
"25952" "Ighd5-8" 0 NA NA NA NA 0 0 "Uqcrc2_noRT" "non-targeting_noRT"
"25953" "Ighd5-4" 0 NA NA NA NA 0 0 "Uqcrc2_noRT" "non-targeting_noRT"
"25954" "Ighd2-6" 0 NA NA NA NA 0 0 "Uqcrc2_noRT" "non-targeting_noRT"
"25955" "Ighd5-7" 0 NA NA NA NA 0 0 "Uqcrc2_noRT" "non-targeting_noRT"
"25956" "Ighd5-3" 0 NA NA NA NA 0 0 "Uqcrc2_noRT" "non-targeting_noRT"
"25957" "Ighd2-5" 0 NA NA NA NA 0 0 "Uqcrc2_noRT" "non-targeting_noRT"
"25958" "Gm37327" 0 NA NA NA NA 0 0 "Uqcrc2_noRT" "non-targeting_noRT"
"25959" "Ighd5-2" 0 NA NA NA NA 0 0 "Uqcrc2_noRT" "non-targeting_noRT"
"25960" "Ighd2-4" 0 NA NA NA NA 0 0 "Uqcrc2_noRT" "non-targeting_noRT"
"25961" "Ighd2-3" 0 NA NA NA NA 0 0 "Uqcrc2_noRT" "non-targeting_noRT"
"25962" "Ighd1-1" 0 NA NA NA NA 0 0 "Uqcrc2_noRT" "non-targeting_noRT"
"25963" "Adam6b" 0 NA NA NA NA 0 0 "Uqcrc2_noRT" "non-targeting_noRT"
"25964" "Ighd3-1" 0 NA NA NA NA 0 0 "Uqcrc2_noRT" "non-targeting_noRT"
"25965" "Gm16968" 0 NA NA NA NA 0 0 "Uqcrc2_noRT" "non-targeting_noRT"
"25966" "Adam6a" 0 NA NA NA NA 0 0 "Uqcrc2_noRT" "non-targeting_noRT"
"25967" "Ighv5-1" 0 NA NA NA NA 0 0 "Uqcrc2_noRT" "non-targeting_noRT"
"25968" "Ighv2-1" 0 NA NA NA NA 0 0 "Uqcrc2_noRT" "non-targeting_noRT"
"25969" "Ighv5-2" 0 NA NA NA NA 0 0 "Uqcrc2_noRT" "non-targeting_noRT"
"25970" "Ighv2-2" 0 NA NA NA NA 0 0 "Uqcrc2_noRT" "non-targeting_noRT"
"25971" "Ighv5-3" 0 NA NA NA NA 0 0 "Uqcrc2_noRT" "non-targeting_noRT"
"25972" "Ighv5-4" 0 NA NA NA NA 0 0 "Uqcrc2_noRT" "non-targeting_noRT"
"25973" "Ighv6-1" 0 NA NA NA NA 0 0 "Uqcrc2_noRT" "non-targeting_noRT"
"25974" "Ighv2-3" 0 NA NA NA NA 0 0 "Uqcrc2_noRT" "non-targeting_noRT"
"25975" "Ighv5-5" 0 NA NA NA NA 0 0 "Uqcrc2_noRT" "non-targeting_noRT"
"25976" "Ighv5-6" 0 NA NA NA NA 0 0 "Uqcrc2_noRT" "non-targeting_noRT"
"25977" "Ighv5-7" 0 NA NA NA NA 0 0 "Uqcrc2_noRT" "non-targeting_noRT"
"25978" "Ighv2-4" 0 NA NA NA NA 0 0 "Uqcrc2_noRT" "non-targeting_noRT"
"25979" "Ighv5-8" 0 NA NA NA NA 0 0 "Uqcrc2_noRT" "non-targeting_noRT"
"25980" "Ighv5-8.1" 0 NA NA NA NA 0 0 "Uqcrc2_noRT" "non-targeting_noRT"
"25981" "Ighv5-9" 0 NA NA NA NA 0 0 "Uqcrc2_noRT" "non-targeting_noRT"
"25982" "Ighv5-10" 0 NA NA NA NA 0 0 "Uqcrc2_noRT" "non-targeting_noRT"
"25983" "Ighv2-5" 0 NA NA NA NA 0 0 "Uqcrc2_noRT" "non-targeting_noRT"
"25984" "Ighv5-11" 0 NA NA NA NA 0 0 "Uqcrc2_noRT" "non-targeting_noRT"
"25985" "Ighv5-12" 0 NA NA NA NA 0 0 "Uqcrc2_noRT" "non-targeting_noRT"
"25986" "Ighv2-6" 0 NA NA NA NA 0 0 "Uqcrc2_noRT" "non-targeting_noRT"
"25987" "Gm37976" 0 NA NA NA NA 0 0 "Uqcrc2_noRT" "non-targeting_noRT"
"25988" "Gm37418" 0 NA NA NA NA 0 0 "Uqcrc2_noRT" "non-targeting_noRT"
"25989" "Ighv5-9-1" 0 NA NA NA NA 0 0 "Uqcrc2_noRT" "non-targeting_noRT"
"25990" "Gm38203" 0 NA NA NA NA 0 0 "Uqcrc2_noRT" "non-targeting_noRT"
"25991" "Ighv5-12-4" 0 NA NA NA NA 0 0 "Uqcrc2_noRT" "non-targeting_noRT"
"25992" "Gm38205" 0 NA NA NA NA 0 0 "Uqcrc2_noRT" "non-targeting_noRT"
"25993" "Ighv2-9-1" 0 NA NA NA NA 0 0 "Uqcrc2_noRT" "non-targeting_noRT"
"25994" "Gm37722" 0 NA NA NA NA 0 0 "Uqcrc2_noRT" "non-targeting_noRT"
"25995" "Ighv5-13" 0 NA NA NA NA 0 0 "Uqcrc2_noRT" "non-targeting_noRT"
"25996" "Ighv2-6-8" 0 NA NA NA NA 0 0 "Uqcrc2_noRT" "non-targeting_noRT"
"25997" "Gm7003" 0 NA NA NA NA 0 0 "Uqcrc2_noRT" "non-targeting_noRT"
"25998" "Ighv2-7" 0 NA NA NA NA 0 0 "Uqcrc2_noRT" "non-targeting_noRT"
"25999" "Ighv5-15" 0 NA NA NA NA 0 0 "Uqcrc2_noRT" "non-targeting_noRT"
"26000" "Ighv5-16" 0 NA NA NA NA 0 0 "Uqcrc2_noRT" "non-targeting_noRT"
"26001" "Ighv5-17" 0 NA NA NA NA 0 0 "Uqcrc2_noRT" "non-targeting_noRT"
"26002" "Ighv5-18" 0 NA NA NA NA 0 0 "Uqcrc2_noRT" "non-targeting_noRT"
"26003" "Ighv2-8" 0 NA NA NA NA 0 0 "Uqcrc2_noRT" "non-targeting_noRT"
"26004" "Ighv2-9" 0 NA NA NA NA 0 0 "Uqcrc2_noRT" "non-targeting_noRT"
"26005" "Ighv5-19" 0 NA NA NA NA 0 0 "Uqcrc2_noRT" "non-targeting_noRT"
"26006" "Ighv7-1" 0 NA NA NA NA 0 0 "Uqcrc2_noRT" "non-targeting_noRT"
"26007" "Ighv7-2" 0 NA NA NA NA 0 0 "Uqcrc2_noRT" "non-targeting_noRT"
"26008" "Ighv14-1" 0 NA NA NA NA 0 0 "Uqcrc2_noRT" "non-targeting_noRT"
"26009" "Ighv4-1" 0 NA NA NA NA 0 0 "Uqcrc2_noRT" "non-targeting_noRT"
"26010" "Ighv3-1" 0 NA NA NA NA 0 0 "Uqcrc2_noRT" "non-targeting_noRT"
"26011" "Gm37961" 0 NA NA NA NA 0 0 "Uqcrc2_noRT" "non-targeting_noRT"
"26012" "Ighv11-1" 0 NA NA NA NA 0 0 "Uqcrc2_noRT" "non-targeting_noRT"
"26013" "Ighv14-2" 0 NA NA NA NA 0 0 "Uqcrc2_noRT" "non-targeting_noRT"
"26014" "Ighv4-2" 0 NA NA NA NA 0 0 "Uqcrc2_noRT" "non-targeting_noRT"
"26015" "Ighv3-2" 0 NA NA NA NA 0 0 "Uqcrc2_noRT" "non-targeting_noRT"
"26016" "Ighv11-2" 0 NA NA NA NA 0 0 "Uqcrc2_noRT" "non-targeting_noRT"
"26017" "Ighv14-3" 0 NA NA NA NA 0 0 "Uqcrc2_noRT" "non-targeting_noRT"
"26018" "Ighv16-1" 0 NA NA NA NA 0 0 "Uqcrc2_noRT" "non-targeting_noRT"
"26019" "Ighv6-2" 0 NA NA NA NA 0 0 "Uqcrc2_noRT" "non-targeting_noRT"
"26020" "Ighv9-1" 0 NA NA NA NA 0 0 "Uqcrc2_noRT" "non-targeting_noRT"
"26021" "Ighv12-1" 0 NA NA NA NA 0 0 "Uqcrc2_noRT" "non-targeting_noRT"
"26022" "Ighv9-2" 0 NA NA NA NA 0 0 "Uqcrc2_noRT" "non-targeting_noRT"
"26023" "Ighv12-2" 0 NA NA NA NA 0 0 "Uqcrc2_noRT" "non-targeting_noRT"
"26024" "Ighv9-3" 0 NA NA NA NA 0 0 "Uqcrc2_noRT" "non-targeting_noRT"
"26025" "Ighv7-3" 0 NA NA NA NA 0 0 "Uqcrc2_noRT" "non-targeting_noRT"
"26026" "Ighv15-1" 0 NA NA NA NA 0 0 "Uqcrc2_noRT" "non-targeting_noRT"
"26027" "Ighv14-4" 0 NA NA NA NA 0 0 "Uqcrc2_noRT" "non-targeting_noRT"
"26028" "Ighv3-3" 0 NA NA NA NA 0 0 "Uqcrc2_noRT" "non-targeting_noRT"
"26029" "Ighv7-4" 0 NA NA NA NA 0 0 "Uqcrc2_noRT" "non-targeting_noRT"
"26030" "Ighv3-4" 0 NA NA NA NA 0 0 "Uqcrc2_noRT" "non-targeting_noRT"
"26031" "Ighv3-5" 0 NA NA NA NA 0 0 "Uqcrc2_noRT" "non-targeting_noRT"
"26032" "Ighv13-1" 0 NA NA NA NA 0 0 "Uqcrc2_noRT" "non-targeting_noRT"
"26033" "Ighv3-6" 0 NA NA NA NA 0 0 "Uqcrc2_noRT" "non-targeting_noRT"
"26034" "Ighv9-4" 0 NA NA NA NA 0 0 "Uqcrc2_noRT" "non-targeting_noRT"
"26035" "Ighv3-7" 0 NA NA NA NA 0 0 "Uqcrc2_noRT" "non-targeting_noRT"
"26036" "Ighv5-21" 0 NA NA NA NA 0 0 "Uqcrc2_noRT" "non-targeting_noRT"
"26037" "Ighv3-8" 0 NA NA NA NA 0 0 "Uqcrc2_noRT" "non-targeting_noRT"
"26038" "Ighv8-1" 0 NA NA NA NA 0 0 "Uqcrc2_noRT" "non-targeting_noRT"
"26039" "Ighv1-1" 0 NA NA NA NA 0 0 "Uqcrc2_noRT" "non-targeting_noRT"
"26040" "Ighv13-2" 0 NA NA NA NA 0 0 "Uqcrc2_noRT" "non-targeting_noRT"
"26041" "Ighv12-3" 0 NA NA NA NA 0 0 "Uqcrc2_noRT" "non-targeting_noRT"
"26042" "Ighv6-3" 0 NA NA NA NA 0 0 "Uqcrc2_noRT" "non-targeting_noRT"
"26043" "Ighv6-4" 0 NA NA NA NA 0 0 "Uqcrc2_noRT" "non-targeting_noRT"
"26044" "Ighv6-5" 0 NA NA NA NA 0 0 "Uqcrc2_noRT" "non-targeting_noRT"
"26045" "Ighv6-6" 0 NA NA NA NA 0 0 "Uqcrc2_noRT" "non-targeting_noRT"
"26046" "Ighv6-7" 0 NA NA NA NA 0 0 "Uqcrc2_noRT" "non-targeting_noRT"
"26047" "Ighv8-2" 0 NA NA NA NA 0 0 "Uqcrc2_noRT" "non-targeting_noRT"
"26048" "Ighv1-2" 0 NA NA NA NA 0 0 "Uqcrc2_noRT" "non-targeting_noRT"
"26049" "Ighv10-1" 0 NA NA NA NA 0 0 "Uqcrc2_noRT" "non-targeting_noRT"
"26050" "Ighv1-3" 0 NA NA NA NA 0 0 "Uqcrc2_noRT" "non-targeting_noRT"
"26051" "Ighv1-4" 0 NA NA NA NA 0 0 "Uqcrc2_noRT" "non-targeting_noRT"
"26052" "Ighv10-2" 0 NA NA NA NA 0 0 "Uqcrc2_noRT" "non-targeting_noRT"
"26053" "Ighv1-5" 0 NA NA NA NA 0 0 "Uqcrc2_noRT" "non-targeting_noRT"
"26054" "Ighv10-3" 0 NA NA NA NA 0 0 "Uqcrc2_noRT" "non-targeting_noRT"
"26055" "Ighv1-6" 0 NA NA NA NA 0 0 "Uqcrc2_noRT" "non-targeting_noRT"
"26056" "Ighv1-7" 0 NA NA NA NA 0 0 "Uqcrc2_noRT" "non-targeting_noRT"
"26057" "Ighv10-4" 0 NA NA NA NA 0 0 "Uqcrc2_noRT" "non-targeting_noRT"
"26058" "Ighv1-8" 0 NA NA NA NA 0 0 "Uqcrc2_noRT" "non-targeting_noRT"
"26059" "Ighv15-2" 0 NA NA NA NA 0 0 "Uqcrc2_noRT" "non-targeting_noRT"
"26060" "Ighv1-9" 0 NA NA NA NA 0 0 "Uqcrc2_noRT" "non-targeting_noRT"
"26061" "Ighv1-10" 0 NA NA NA NA 0 0 "Uqcrc2_noRT" "non-targeting_noRT"
"26062" "Ighv1-11" 0 NA NA NA NA 0 0 "Uqcrc2_noRT" "non-targeting_noRT"
"26063" "Ighv1-12" 0 NA NA NA NA 0 0 "Uqcrc2_noRT" "non-targeting_noRT"
"26064" "Ighv1-13" 0 NA NA NA NA 0 0 "Uqcrc2_noRT" "non-targeting_noRT"
"26065" "Ighv1-13.1" 0 NA NA NA NA 0 0 "Uqcrc2_noRT" "non-targeting_noRT"
"26066" "Ighv1-14" 0 NA NA NA NA 0 0 "Uqcrc2_noRT" "non-targeting_noRT"
"26067" "Ighv1-15" 0 NA NA NA NA 0 0 "Uqcrc2_noRT" "non-targeting_noRT"
"26068" "Ighv1-16" 0 NA NA NA NA 0 0 "Uqcrc2_noRT" "non-targeting_noRT"
"26069" "Ighv1-17-1" 0 NA NA NA NA 0 0 "Uqcrc2_noRT" "non-targeting_noRT"
"26070" "Ighv1-17" 0 NA NA NA NA 0 0 "Uqcrc2_noRT" "non-targeting_noRT"
"26071" "Ighv1-18" 0 NA NA NA NA 0 0 "Uqcrc2_noRT" "non-targeting_noRT"
"26072" "Ighv1-19-1" 0 NA NA NA NA 0 0 "Uqcrc2_noRT" "non-targeting_noRT"
"26073" "Ighv1-19" 0 NA NA NA NA 0 0 "Uqcrc2_noRT" "non-targeting_noRT"
"26074" "Ighv1-20" 0 NA NA NA NA 0 0 "Uqcrc2_noRT" "non-targeting_noRT"
"26075" "Ighv1-21-1" 0 NA NA NA NA 0 0 "Uqcrc2_noRT" "non-targeting_noRT"
"26076" "Ighv1-21" 0 NA NA NA NA 0 0 "Uqcrc2_noRT" "non-targeting_noRT"
"26077" "Ighv1-22" 0 NA NA NA NA 0 0 "Uqcrc2_noRT" "non-targeting_noRT"
"26078" "Ighv1-23" 0 NA NA NA NA 0 0 "Uqcrc2_noRT" "non-targeting_noRT"
"26079" "Ighv1-24" 0 NA NA NA NA 0 0 "Uqcrc2_noRT" "non-targeting_noRT"
"26080" "Ighv1-25" 0 NA NA NA NA 0 0 "Uqcrc2_noRT" "non-targeting_noRT"
"26081" "Ighv1-26" 0 NA NA NA NA 0 0 "Uqcrc2_noRT" "non-targeting_noRT"
"26082" "Ighv1-27" 0 NA NA NA NA 0 0 "Uqcrc2_noRT" "non-targeting_noRT"
"26083" "Ighv1-28" 0 NA NA NA NA 0 0 "Uqcrc2_noRT" "non-targeting_noRT"
"26084" "Ighv1-29" 0 NA NA NA NA 0 0 "Uqcrc2_noRT" "non-targeting_noRT"
"26085" "Ighv1-30" 0 NA NA NA NA 0 0 "Uqcrc2_noRT" "non-targeting_noRT"
"26086" "Ighv1-31" 0 NA NA NA NA 0 0 "Uqcrc2_noRT" "non-targeting_noRT"
"26087" "Ighv1-32" 0 NA NA NA NA 0 0 "Uqcrc2_noRT" "non-targeting_noRT"
"26088" "Ighv1-33" 0 NA NA NA NA 0 0 "Uqcrc2_noRT" "non-targeting_noRT"
"26089" "Ighv1-34" 0 NA NA NA NA 0 0 "Uqcrc2_noRT" "non-targeting_noRT"
"26090" "Ighv1-35" 0 NA NA NA NA 0 0 "Uqcrc2_noRT" "non-targeting_noRT"
"26091" "Ighv1-36" 0 NA NA NA NA 0 0 "Uqcrc2_noRT" "non-targeting_noRT"
"26092" "Ighv1-37" 0 NA NA NA NA 0 0 "Uqcrc2_noRT" "non-targeting_noRT"
"26093" "Ighv1-38" 0 NA NA NA NA 0 0 "Uqcrc2_noRT" "non-targeting_noRT"
"26094" "Ighv1-39" 0 NA NA NA NA 0 0 "Uqcrc2_noRT" "non-targeting_noRT"
"26095" "Ighv1-40" 0 NA NA NA NA 0 0 "Uqcrc2_noRT" "non-targeting_noRT"
"26096" "Ighv1-41" 0 NA NA NA NA 0 0 "Uqcrc2_noRT" "non-targeting_noRT"
"26097" "Ighv1-42" 0 NA NA NA NA 0 0 "Uqcrc2_noRT" "non-targeting_noRT"
"26098" "Ighv1-43" 0 NA NA NA NA 0 0 "Uqcrc2_noRT" "non-targeting_noRT"
"26099" "Ighv1-44" 0 NA NA NA NA 0 0 "Uqcrc2_noRT" "non-targeting_noRT"
"26100" "Ighv1-45" 0 NA NA NA NA 0 0 "Uqcrc2_noRT" "non-targeting_noRT"
"26101" "Ighv1-46" 0 NA NA NA NA 0 0 "Uqcrc2_noRT" "non-targeting_noRT"
"26102" "Ighv1-47" 0 NA NA NA NA 0 0 "Uqcrc2_noRT" "non-targeting_noRT"
"26103" "Ighv8-3" 0 NA NA NA NA 0 0 "Uqcrc2_noRT" "non-targeting_noRT"
"26104" "Ighv8-4" 0 NA NA NA NA 0 0 "Uqcrc2_noRT" "non-targeting_noRT"
"26105" "Ighv1-48" 0 NA NA NA NA 0 0 "Uqcrc2_noRT" "non-targeting_noRT"
"26106" "Ighv1-49" 0 NA NA NA NA 0 0 "Uqcrc2_noRT" "non-targeting_noRT"
"26107" "Ighv8-5" 0 NA NA NA NA 0 0 "Uqcrc2_noRT" "non-targeting_noRT"
"26108" "Ighv1-50" 0 NA NA NA NA 0 0 "Uqcrc2_noRT" "non-targeting_noRT"
"26109" "Ighv1-51" 0 NA NA NA NA 0 0 "Uqcrc2_noRT" "non-targeting_noRT"
"26110" "Ighv1-52" 0 NA NA NA NA 0 0 "Uqcrc2_noRT" "non-targeting_noRT"
"26111" "Ighv1-53" 0 NA NA NA NA 0 0 "Uqcrc2_noRT" "non-targeting_noRT"
"26112" "Ighv8-6" 0 NA NA NA NA 0 0 "Uqcrc2_noRT" "non-targeting_noRT"
"26113" "Ighv1-54" 0 NA NA NA NA 0 0 "Uqcrc2_noRT" "non-targeting_noRT"
"26114" "Ighv1-55" 0 NA NA NA NA 0 0 "Uqcrc2_noRT" "non-targeting_noRT"
"26115" "Ighv1-56" 0 NA NA NA NA 0 0 "Uqcrc2_noRT" "non-targeting_noRT"
"26116" "Ighv8-7" 0 NA NA NA NA 0 0 "Uqcrc2_noRT" "non-targeting_noRT"
"26117" "Gm30948" 0 NA NA NA NA 0 0 "Uqcrc2_noRT" "non-targeting_noRT"
"26118" "Ighv1-57" 0 NA NA NA NA 0 0 "Uqcrc2_noRT" "non-targeting_noRT"
"26119" "Ighv8-8" 0 NA NA NA NA 0 0 "Uqcrc2_noRT" "non-targeting_noRT"
"26120" "Ighv1-58" 0 NA NA NA NA 0 0 "Uqcrc2_noRT" "non-targeting_noRT"
"26121" "Ighv1-59" 0 NA NA NA NA 0 0 "Uqcrc2_noRT" "non-targeting_noRT"
"26122" "Ighv1-60" 0 NA NA NA NA 0 0 "Uqcrc2_noRT" "non-targeting_noRT"
"26123" "Ighv1-61" 0 NA NA NA NA 0 0 "Uqcrc2_noRT" "non-targeting_noRT"
"26124" "Ighv1-62" 0 NA NA NA NA 0 0 "Uqcrc2_noRT" "non-targeting_noRT"
"26125" "Ighv1-62-1" 0 NA NA NA NA 0 0 "Uqcrc2_noRT" "non-targeting_noRT"
"26126" "Gm19331" 0 NA NA NA NA 0 0 "Uqcrc2_noRT" "non-targeting_noRT"
"26127" "Gm37511" 0 NA NA NA NA 0 0 "Uqcrc2_noRT" "non-targeting_noRT"
"26128" "Gm38184" 0 NA NA NA NA 0 0 "Uqcrc2_noRT" "non-targeting_noRT"
"26129" "Ighv1-62-2" 0 NA NA NA NA 0 0 "Uqcrc2_noRT" "non-targeting_noRT"
"26130" "Ighv1-62-3" 0 NA NA NA NA 0 0 "Uqcrc2_noRT" "non-targeting_noRT"
"26131" "Ighv8-9" 0 NA NA NA NA 0 0 "Uqcrc2_noRT" "non-targeting_noRT"
"26132" "Ighv1-63" 0 NA NA NA NA 0 0 "Uqcrc2_noRT" "non-targeting_noRT"
"26133" "Ighv1-64" 0 NA NA NA NA 0 0 "Uqcrc2_noRT" "non-targeting_noRT"
"26134" "Ighv8-10" 0 NA NA NA NA 0 0 "Uqcrc2_noRT" "non-targeting_noRT"
"26135" "Ighv1-65" 0 NA NA NA NA 0 0 "Uqcrc2_noRT" "non-targeting_noRT"
"26136" "Ighv8-11" 0 NA NA NA NA 0 0 "Uqcrc2_noRT" "non-targeting_noRT"
"26137" "Ighv1-66" 0 NA NA NA NA 0 0 "Uqcrc2_noRT" "non-targeting_noRT"
"26138" "Ighv1-67" 0 NA NA NA NA 0 0 "Uqcrc2_noRT" "non-targeting_noRT"
"26139" "Ighv1-68" 0 NA NA NA NA 0 0 "Uqcrc2_noRT" "non-targeting_noRT"
"26140" "Ighv1-69" 0 NA NA NA NA 0 0 "Uqcrc2_noRT" "non-targeting_noRT"
"26141" "Ighv8-12" 0 NA NA NA NA 0 0 "Uqcrc2_noRT" "non-targeting_noRT"
"26142" "Ighv1-70" 0 NA NA NA NA 0 0 "Uqcrc2_noRT" "non-targeting_noRT"
"26143" "Ighv1-71" 0 NA NA NA NA 0 0 "Uqcrc2_noRT" "non-targeting_noRT"
"26144" "Ighv1-72" 0 NA NA NA NA 0 0 "Uqcrc2_noRT" "non-targeting_noRT"
"26145" "Ighv8-13" 0 NA NA NA NA 0 0 "Uqcrc2_noRT" "non-targeting_noRT"
"26146" "Ighv1-73" 0 NA NA NA NA 0 0 "Uqcrc2_noRT" "non-targeting_noRT"
"26147" "Ighv1-74" 0 NA NA NA NA 0 0 "Uqcrc2_noRT" "non-targeting_noRT"
"26148" "Ighv8-14" 0 NA NA NA NA 0 0 "Uqcrc2_noRT" "non-targeting_noRT"
"26149" "Ighv1-75" 0 NA NA NA NA 0 0 "Uqcrc2_noRT" "non-targeting_noRT"
"26150" "Ighv8-15" 0 NA NA NA NA 0 0 "Uqcrc2_noRT" "non-targeting_noRT"
"26151" "Ighv1-76" 0 NA NA NA NA 0 0 "Uqcrc2_noRT" "non-targeting_noRT"
"26152" "Ighv8-16" 0 NA NA NA NA 0 0 "Uqcrc2_noRT" "non-targeting_noRT"
"26153" "Ighv1-77" 0 NA NA NA NA 0 0 "Uqcrc2_noRT" "non-targeting_noRT"
"26154" "Ighv1-78" 0 NA NA NA NA 0 0 "Uqcrc2_noRT" "non-targeting_noRT"
"26155" "Gm42643" 0 NA NA NA NA 0 0 "Uqcrc2_noRT" "non-targeting_noRT"
"26156" "Ighv1-79" 0 NA NA NA NA 0 0 "Uqcrc2_noRT" "non-targeting_noRT"
"26157" "Ighv1-80" 0 NA NA NA NA 0 0 "Uqcrc2_noRT" "non-targeting_noRT"
"26158" "Ighv1-81" 0 NA NA NA NA 0 0 "Uqcrc2_noRT" "non-targeting_noRT"
"26159" "Gm42990" 0 NA NA NA NA 0 0 "Uqcrc2_noRT" "non-targeting_noRT"
"26160" "Ighv1-82" 0 NA NA NA NA 0 0 "Uqcrc2_noRT" "non-targeting_noRT"
"26161" "Ighv1-83" 0 NA NA NA NA 0 0 "Uqcrc2_noRT" "non-targeting_noRT"
"26162" "Ighv1-84" 0 NA NA NA NA 0 0 "Uqcrc2_noRT" "non-targeting_noRT"
"26163" "Ighv1-85" 0 NA NA NA NA 0 0 "Uqcrc2_noRT" "non-targeting_noRT"
"26164" "Ighv1-86" 0 NA NA NA NA 0 0 "Uqcrc2_noRT" "non-targeting_noRT"
"26165" "Vipr2" 0 NA NA NA NA 0 0 "Uqcrc2_noRT" "non-targeting_noRT"
"26166" "Gm20658" 0 NA NA NA NA 0 0 "Uqcrc2_noRT" "non-targeting_noRT"
"26167" "Gm11027" 0 NA NA NA NA 0 0 "Uqcrc2_noRT" "non-targeting_noRT"
"26168" "Gm48079" 0 NA NA NA NA 0 0 "Uqcrc2_noRT" "non-targeting_noRT"
"26169" "Ptprn2" 0 NA NA NA NA 0 0 "Uqcrc2_noRT" "non-targeting_noRT"
"26170" "Gm10421" 0 NA NA NA NA 0 0 "Uqcrc2_noRT" "non-targeting_noRT"
"26171" "Gm5441" 0 NA NA NA NA 0 0 "Uqcrc2_noRT" "non-targeting_noRT"
"26172" "Rapgef5" 0 NA NA NA NA 0 0 "Uqcrc2_noRT" "non-targeting_noRT"
"26173" "A930023M06Rik" 0 NA NA NA NA 0 0 "Uqcrc2_noRT" "non-targeting_noRT"
"26174" "D230030E09Rik" 0 NA NA NA NA 0 0 "Uqcrc2_noRT" "non-targeting_noRT"
"26175" "Sp8" 0 NA NA NA NA 0 0 "Uqcrc2_noRT" "non-targeting_noRT"
"26176" "Abcb5" 0 NA NA NA NA 0 0 "Uqcrc2_noRT" "non-targeting_noRT"
"26177" "Gm48681" 0 NA NA NA NA 0 0 "Uqcrc2_noRT" "non-targeting_noRT"
"26178" "Tmem196" 0 NA NA NA NA 0 0 "Uqcrc2_noRT" "non-targeting_noRT"
"26179" "Gm46400" 0 NA NA NA NA 0 0 "Uqcrc2_noRT" "non-targeting_noRT"
"26180" "Gm40653" 0 NA NA NA NA 0 0 "Uqcrc2_noRT" "non-targeting_noRT"
"26181" "Gm48530" 0 NA NA NA NA 0 0 "Uqcrc2_noRT" "non-targeting_noRT"
"26182" "Gm47695" 0 NA NA NA NA 0 0 "Uqcrc2_noRT" "non-targeting_noRT"
"26183" "Gm35190" 0 NA NA NA NA 0 0 "Uqcrc2_noRT" "non-targeting_noRT"
"26184" "Calml3" 0 NA NA NA NA 0 0 "Uqcrc2_noRT" "non-targeting_noRT"
"26185" "Gm40655" 0 NA NA NA NA 0 0 "Uqcrc2_noRT" "non-targeting_noRT"
"26186" "Calm4" 0 NA NA NA NA 0 0 "Uqcrc2_noRT" "non-targeting_noRT"
"26187" "Calm5" 0 NA NA NA NA 0 0 "Uqcrc2_noRT" "non-targeting_noRT"
"26188" "Tubal3" 0 NA NA NA NA 0 0 "Uqcrc2_noRT" "non-targeting_noRT"
"26189" "Ucn3" 0 NA NA NA NA 0 0 "Uqcrc2_noRT" "non-targeting_noRT"
"26190" "Akr1c14" 0 NA NA NA NA 0 0 "Uqcrc2_noRT" "non-targeting_noRT"
"26191" "Gm47904" 0 NA NA NA NA 0 0 "Uqcrc2_noRT" "non-targeting_noRT"
"26192" "Akr1c18" 0 NA NA NA NA 0 0 "Uqcrc2_noRT" "non-targeting_noRT"
"26193" "Gm47925" 0 NA NA NA NA 0 0 "Uqcrc2_noRT" "non-targeting_noRT"
"26194" "Akr1c19" 0 NA NA NA NA 0 0 "Uqcrc2_noRT" "non-targeting_noRT"
"26195" "Akr1c6" 0 NA NA NA NA 0 0 "Uqcrc2_noRT" "non-targeting_noRT"
"26196" "Gm48010" 0 NA NA NA NA 0 0 "Uqcrc2_noRT" "non-targeting_noRT"
"26197" "Akr1c20" 0 NA NA NA NA 0 0 "Uqcrc2_noRT" "non-targeting_noRT"
"26198" "Akr1c21" 0 NA NA NA NA 0 0 "Uqcrc2_noRT" "non-targeting_noRT"
"26199" "Gm40658" 0 NA NA NA NA 0 0 "Uqcrc2_noRT" "non-targeting_noRT"
"26200" "Gm5444" 0 NA NA NA NA 0 0 "Uqcrc2_noRT" "non-targeting_noRT"
"26201" "Gm40660" 0 NA NA NA NA 0 0 "Uqcrc2_noRT" "non-targeting_noRT"
"26202" "1700016G22Rik" 0 NA NA NA NA 0 0 "Uqcrc2_noRT" "non-targeting_noRT"
"26203" "Gm47507" 0 NA NA NA NA 0 0 "Uqcrc2_noRT" "non-targeting_noRT"
"26204" "Gm46401" 0 NA NA NA NA 0 0 "Uqcrc2_noRT" "non-targeting_noRT"
"26205" "Gm47514" 0 NA NA NA NA 0 0 "Uqcrc2_noRT" "non-targeting_noRT"
"26206" "Gm47548" 0 NA NA NA NA 0 0 "Uqcrc2_noRT" "non-targeting_noRT"
"26207" "Gm47549" 0 NA NA NA NA 0 0 "Uqcrc2_noRT" "non-targeting_noRT"
"26208" "Gm35615" 0 NA NA NA NA 0 0 "Uqcrc2_noRT" "non-targeting_noRT"
"26209" "Gm28465" 0 NA NA NA NA 0 0 "Uqcrc2_noRT" "non-targeting_noRT"
"26210" "Gm40662" 0 NA NA NA NA 0 0 "Uqcrc2_noRT" "non-targeting_noRT"
"26211" "Gm40663" 0 NA NA NA NA 0 0 "Uqcrc2_noRT" "non-targeting_noRT"
"26212" "Gm36074" 0 NA NA NA NA 0 0 "Uqcrc2_noRT" "non-targeting_noRT"
"26213" "Gm48257" 0 NA NA NA NA 0 0 "Uqcrc2_noRT" "non-targeting_noRT"
"26214" "Adarb2" 0 NA NA NA NA 0 0 "Uqcrc2_noRT" "non-targeting_noRT"
"26215" "Gm9745" 0 NA NA NA NA 0 0 "Uqcrc2_noRT" "non-targeting_noRT"
"26216" "Idi2" 0 NA NA NA NA 0 0 "Uqcrc2_noRT" "non-targeting_noRT"
"26217" "Gm36264" 0 NA NA NA NA 0 0 "Uqcrc2_noRT" "non-targeting_noRT"
"26218" "Gm48825" 0 NA NA NA NA 0 0 "Uqcrc2_noRT" "non-targeting_noRT"
"26219" "Gm36423" 0 NA NA NA NA 0 0 "Uqcrc2_noRT" "non-targeting_noRT"
"26220" "Gm47802" 0 NA NA NA NA 0 0 "Uqcrc2_noRT" "non-targeting_noRT"
"26221" "Chrm3" 0 NA NA NA NA 0 0 "Uqcrc2_noRT" "non-targeting_noRT"
"26222" "Gm47405" 0 NA NA NA NA 0 0 "Uqcrc2_noRT" "non-targeting_noRT"
"26223" "Gm47404" 0 NA NA NA NA 0 0 "Uqcrc2_noRT" "non-targeting_noRT"
"26224" "Gm26861" 0 NA NA NA NA 0 0 "Uqcrc2_noRT" "non-targeting_noRT"
"26225" "Gm47407" 0 NA NA NA NA 0 0 "Uqcrc2_noRT" "non-targeting_noRT"
"26226" "Gm36525" 0 NA NA NA NA 0 0 "Uqcrc2_noRT" "non-targeting_noRT"
"26227" "Gm47408" 0 NA NA NA NA 0 0 "Uqcrc2_noRT" "non-targeting_noRT"
"26228" "Gm47486" 0 NA NA NA NA 0 0 "Uqcrc2_noRT" "non-targeting_noRT"
"26229" "Ryr2" 0 NA NA NA NA 0 0 "Uqcrc2_noRT" "non-targeting_noRT"
"26230" "Actn2" 0 NA NA NA NA 0 0 "Uqcrc2_noRT" "non-targeting_noRT"
"26231" "Edaradd" 0 NA NA NA NA 0 0 "Uqcrc2_noRT" "non-targeting_noRT"
"26232" "Gm30239" 0 NA NA NA NA 0 0 "Uqcrc2_noRT" "non-targeting_noRT"
"26233" "Prl2c3" 0 NA NA NA NA 0 0 "Uqcrc2_noRT" "non-targeting_noRT"
"26234" "Prl2c2" 0 NA NA NA NA 0 0 "Uqcrc2_noRT" "non-targeting_noRT"
"26235" "Gm48544" 0 NA NA NA NA 0 0 "Uqcrc2_noRT" "non-targeting_noRT"
"26236" "Prl2c5" 0 NA NA NA NA 0 0 "Uqcrc2_noRT" "non-targeting_noRT"
"26237" "Gm48682" 0 NA NA NA NA 0 0 "Uqcrc2_noRT" "non-targeting_noRT"
"26238" "Gng4" 0 NA NA NA NA 0 0 "Uqcrc2_noRT" "non-targeting_noRT"
"26239" "Gm47884" 0 NA NA NA NA 0 0 "Uqcrc2_noRT" "non-targeting_noRT"
"26240" "Hecw1" 0 NA NA NA NA 0 0 "Uqcrc2_noRT" "non-targeting_noRT"
"26241" "Gm30893" 0 NA NA NA NA 0 0 "Uqcrc2_noRT" "non-targeting_noRT"
"26242" "Gm20043" 0 NA NA NA NA 0 0 "Uqcrc2_noRT" "non-targeting_noRT"
"26243" "Gm6556" 0 NA NA NA NA 0 0 "Uqcrc2_noRT" "non-targeting_noRT"
"26244" "Gm26645" 0 NA NA NA NA 0 0 "Uqcrc2_noRT" "non-targeting_noRT"
"26245" "4933412O06Rik" 0 NA NA NA NA 0 0 "Uqcrc2_noRT" "non-targeting_noRT"
"26246" "A530046M15Rik" 0 NA NA NA NA 0 0 "Uqcrc2_noRT" "non-targeting_noRT"
"26247" "Gm31450" 0 NA NA NA NA 0 0 "Uqcrc2_noRT" "non-targeting_noRT"
"26248" "Gm48444" 0 NA NA NA NA 0 0 "Uqcrc2_noRT" "non-targeting_noRT"
"26249" "Gm48491" 0 NA NA NA NA 0 0 "Uqcrc2_noRT" "non-targeting_noRT"
"26250" "Gm48492" 0 NA NA NA NA 0 0 "Uqcrc2_noRT" "non-targeting_noRT"
"26251" "Gm48503" 0 NA NA NA NA 0 0 "Uqcrc2_noRT" "non-targeting_noRT"
"26252" "Gm48754" 0 NA NA NA NA 0 0 "Uqcrc2_noRT" "non-targeting_noRT"
"26253" "Gm48799" 0 NA NA NA NA 0 0 "Uqcrc2_noRT" "non-targeting_noRT"
"26254" "4930448F12Rik" 0 NA NA NA NA 0 0 "Uqcrc2_noRT" "non-targeting_noRT"
"26255" "Pou6f2" 0 NA NA NA NA 0 0 "Uqcrc2_noRT" "non-targeting_noRT"
"26256" "Gm48829" 0 NA NA NA NA 0 0 "Uqcrc2_noRT" "non-targeting_noRT"
"26257" "Gm47658" 0 NA NA NA NA 0 0 "Uqcrc2_noRT" "non-targeting_noRT"
"26258" "Gm47661" 0 NA NA NA NA 0 0 "Uqcrc2_noRT" "non-targeting_noRT"
"26259" "Gm31887" 0 NA NA NA NA 0 0 "Uqcrc2_noRT" "non-targeting_noRT"
"26260" "Tcrg-V7" 0 NA NA NA NA 0 0 "Uqcrc2_noRT" "non-targeting_noRT"
"26261" "Tcrg-V4" 0 NA NA NA NA 0 0 "Uqcrc2_noRT" "non-targeting_noRT"
"26262" "Tcrg-V6" 0 NA NA NA NA 0 0 "Uqcrc2_noRT" "non-targeting_noRT"
"26263" "Tcrg-V5" 0 NA NA NA NA 0 0 "Uqcrc2_noRT" "non-targeting_noRT"
"26264" "Trgj1" 0 NA NA NA NA 0 0 "Uqcrc2_noRT" "non-targeting_noRT"
"26265" "Tcrg-C1" 0 NA NA NA NA 0 0 "Uqcrc2_noRT" "non-targeting_noRT"
"26266" "Tcrg-V3" 0 NA NA NA NA 0 0 "Uqcrc2_noRT" "non-targeting_noRT"
"26267" "Trgj3" 0 NA NA NA NA 0 0 "Uqcrc2_noRT" "non-targeting_noRT"
"26268" "Tcrg-C3" 0 NA NA NA NA 0 0 "Uqcrc2_noRT" "non-targeting_noRT"
"26269" "Tcrg-C2" 0 NA NA NA NA 0 0 "Uqcrc2_noRT" "non-targeting_noRT"
"26270" "Trgj2" 0 NA NA NA NA 0 0 "Uqcrc2_noRT" "non-targeting_noRT"
"26271" "Trgv2" 0 NA NA NA NA 0 0 "Uqcrc2_noRT" "non-targeting_noRT"
"26272" "Tcrg-V1" 0 NA NA NA NA 0 0 "Uqcrc2_noRT" "non-targeting_noRT"
"26273" "Trgj4" 0 NA NA NA NA 0 0 "Uqcrc2_noRT" "non-targeting_noRT"
"26274" "Tcrg-C4" 0 NA NA NA NA 0 0 "Uqcrc2_noRT" "non-targeting_noRT"
"26275" "9330199G10Rik" 0 NA NA NA NA 0 0 "Uqcrc2_noRT" "non-targeting_noRT"
"26276" "Epdr1" 0 NA NA NA NA 0 0 "Uqcrc2_noRT" "non-targeting_noRT"
"26277" "Sfrp4" 0 NA NA NA NA 0 0 "Uqcrc2_noRT" "non-targeting_noRT"
"26278" "Nme8" 0 NA NA NA NA 0 0 "Uqcrc2_noRT" "non-targeting_noRT"
"26279" "Gpr141b" 0 NA NA NA NA 0 0 "Uqcrc2_noRT" "non-targeting_noRT"
"26280" "Elmo1" 0 NA NA NA NA 0 0 "Uqcrc2_noRT" "non-targeting_noRT"
"26281" "Gm32036" 0 NA NA NA NA 0 0 "Uqcrc2_noRT" "non-targeting_noRT"
"26282" "Gm47664" 0 NA NA NA NA 0 0 "Uqcrc2_noRT" "non-targeting_noRT"
"26283" "Aoah" 0 NA NA NA NA 0 0 "Uqcrc2_noRT" "non-targeting_noRT"
"26284" "Olfr1370" 0 NA NA NA NA 0 0 "Uqcrc2_noRT" "non-targeting_noRT"
"26285" "Olfr1369-ps1" 0 NA NA NA NA 0 0 "Uqcrc2_noRT" "non-targeting_noRT"
"26286" "Olfr263" 0 NA NA NA NA 0 0 "Uqcrc2_noRT" "non-targeting_noRT"
"26287" "Olfr1368" 0 NA NA NA NA 0 0 "Uqcrc2_noRT" "non-targeting_noRT"
"26288" "Gm47806" 0 NA NA NA NA 0 0 "Uqcrc2_noRT" "non-targeting_noRT"
"26289" "Gpx5" 0 NA NA NA NA 0 0 "Uqcrc2_noRT" "non-targeting_noRT"
"26290" "Gpx6" 0 NA NA NA NA 0 0 "Uqcrc2_noRT" "non-targeting_noRT"
"26291" "Olfr1367" 0 NA NA NA NA 0 0 "Uqcrc2_noRT" "non-targeting_noRT"
"26292" "Pgbd1" 0 NA NA NA NA 0 0 "Uqcrc2_noRT" "non-targeting_noRT"
"26293" "Nkapl" 0 NA NA NA NA 0 0 "Uqcrc2_noRT" "non-targeting_noRT"
"26294" "Gm40828" 0 NA NA NA NA 0 0 "Uqcrc2_noRT" "non-targeting_noRT"
"26295" "Zkscan4" 0 NA NA NA NA 0 0 "Uqcrc2_noRT" "non-targeting_noRT"
"26296" "AK157302" 0 NA NA NA NA 0 0 "Uqcrc2_noRT" "non-targeting_noRT"
"26297" "Olfr1366" 0 NA NA NA NA 0 0 "Uqcrc2_noRT" "non-targeting_noRT"
"26298" "Olfr1535" 0 NA NA NA NA 0 0 "Uqcrc2_noRT" "non-targeting_noRT"
"26299" "Olfr1364" 0 NA NA NA NA 0 0 "Uqcrc2_noRT" "non-targeting_noRT"
"26300" "Olfr1362" 0 NA NA NA NA 0 0 "Uqcrc2_noRT" "non-targeting_noRT"
"26301" "Olfr11" 0 NA NA NA NA 0 0 "Uqcrc2_noRT" "non-targeting_noRT"
"26302" "Olfr1361" 0 NA NA NA NA 0 0 "Uqcrc2_noRT" "non-targeting_noRT"
"26303" "Olfr1360" 0 NA NA NA NA 0 0 "Uqcrc2_noRT" "non-targeting_noRT"
"26304" "Olfr1359" 0 NA NA NA NA 0 0 "Uqcrc2_noRT" "non-targeting_noRT"
"26305" "Gm11274" 0 NA NA NA NA 0 0 "Uqcrc2_noRT" "non-targeting_noRT"
"26306" "Hist1h2bq" 0 NA NA NA NA 0 0 "Uqcrc2_noRT" "non-targeting_noRT"
"26307" "Hist1h2ao" 0 NA NA NA NA 0 0 "Uqcrc2_noRT" "non-targeting_noRT"
"26308" "Hist1h4m" 0 NA NA NA NA 0 0 "Uqcrc2_noRT" "non-targeting_noRT"
"26309" "Gm11280" 0 NA NA NA NA 0 0 "Uqcrc2_noRT" "non-targeting_noRT"
"26310" "Pom121l2" 0 NA NA NA NA 0 0 "Uqcrc2_noRT" "non-targeting_noRT"
"26311" "Gm11292" 0 NA NA NA NA 0 0 "Uqcrc2_noRT" "non-targeting_noRT"
"26312" "Hist1h2ah" 0 NA NA NA NA 0 0 "Uqcrc2_noRT" "non-targeting_noRT"
"26313" "Hist1h2bk" 0 NA NA NA NA 0 0 "Uqcrc2_noRT" "non-targeting_noRT"
"26314" "Hist1h4i" 0 NA NA NA NA 0 0 "Uqcrc2_noRT" "non-targeting_noRT"
"26315" "Hist1h2ag" 0 NA NA NA NA 0 0 "Uqcrc2_noRT" "non-targeting_noRT"
"26316" "Hist1h2bj" 0 NA NA NA NA 0 0 "Uqcrc2_noRT" "non-targeting_noRT"
"26317" "Vmn1r188" 0 NA NA NA NA 0 0 "Uqcrc2_noRT" "non-targeting_noRT"
"26318" "Vmn1r189" 0 NA NA NA NA 0 0 "Uqcrc2_noRT" "non-targeting_noRT"
"26319" "Vmn1r191" 0 NA NA NA NA 0 0 "Uqcrc2_noRT" "non-targeting_noRT"
"26320" "Vmn1r192" 0 NA NA NA NA 0 0 "Uqcrc2_noRT" "non-targeting_noRT"
"26321" "Vmn1r193" 0 NA NA NA NA 0 0 "Uqcrc2_noRT" "non-targeting_noRT"
"26322" "Vmn1r194" 0 NA NA NA NA 0 0 "Uqcrc2_noRT" "non-targeting_noRT"
"26323" "Vmn1r195" 0 NA NA NA NA 0 0 "Uqcrc2_noRT" "non-targeting_noRT"
"26324" "Vmn1r196" 0 NA NA NA NA 0 0 "Uqcrc2_noRT" "non-targeting_noRT"
"26325" "Vmn1r197" 0 NA NA NA NA 0 0 "Uqcrc2_noRT" "non-targeting_noRT"
"26326" "Vmn1r198" 0 NA NA NA NA 0 0 "Uqcrc2_noRT" "non-targeting_noRT"
"26327" "Vmn1r199" 0 NA NA NA NA 0 0 "Uqcrc2_noRT" "non-targeting_noRT"
"26328" "Vmn1r200" 0 NA NA NA NA 0 0 "Uqcrc2_noRT" "non-targeting_noRT"
"26329" "Vmn1r201" 0 NA NA NA NA 0 0 "Uqcrc2_noRT" "non-targeting_noRT"
"26330" "Vmn1r202" 0 NA NA NA NA 0 0 "Uqcrc2_noRT" "non-targeting_noRT"
"26331" "Vmn1r203" 0 NA NA NA NA 0 0 "Uqcrc2_noRT" "non-targeting_noRT"
"26332" "Gm11300" 0 NA NA NA NA 0 0 "Uqcrc2_noRT" "non-targeting_noRT"
"26333" "Vmn1r204" 0 NA NA NA NA 0 0 "Uqcrc2_noRT" "non-targeting_noRT"
"26334" "Vmn1r205" 0 NA NA NA NA 0 0 "Uqcrc2_noRT" "non-targeting_noRT"
"26335" "Vmn1r206" 0 NA NA NA NA 0 0 "Uqcrc2_noRT" "non-targeting_noRT"
"26336" "Gm11309" 0 NA NA NA NA 0 0 "Uqcrc2_noRT" "non-targeting_noRT"
"26337" "Vmn1r208" 0 NA NA NA NA 0 0 "Uqcrc2_noRT" "non-targeting_noRT"
"26338" "Gm11314" 0 NA NA NA NA 0 0 "Uqcrc2_noRT" "non-targeting_noRT"
"26339" "Vmn1r209" 0 NA NA NA NA 0 0 "Uqcrc2_noRT" "non-targeting_noRT"
"26340" "Vmn1r210" 0 NA NA NA NA 0 0 "Uqcrc2_noRT" "non-targeting_noRT"
"26341" "Vmn1r211" 0 NA NA NA NA 0 0 "Uqcrc2_noRT" "non-targeting_noRT"
"26342" "Vmn1r212" 0 NA NA NA NA 0 0 "Uqcrc2_noRT" "non-targeting_noRT"
"26343" "Vmn1r214" 0 NA NA NA NA 0 0 "Uqcrc2_noRT" "non-targeting_noRT"
"26344" "Vmn1r215" 0 NA NA NA NA 0 0 "Uqcrc2_noRT" "non-targeting_noRT"
"26345" "Vmn1r216" 0 NA NA NA NA 0 0 "Uqcrc2_noRT" "non-targeting_noRT"
"26346" "Vmn1r217" 0 NA NA NA NA 0 0 "Uqcrc2_noRT" "non-targeting_noRT"
"26347" "Vmn1r218" 0 NA NA NA NA 0 0 "Uqcrc2_noRT" "non-targeting_noRT"
"26348" "Vmn1r219" 0 NA NA NA NA 0 0 "Uqcrc2_noRT" "non-targeting_noRT"
"26349" "Vmn1r220" 0 NA NA NA NA 0 0 "Uqcrc2_noRT" "non-targeting_noRT"
"26350" "Vmn1r221" 0 NA NA NA NA 0 0 "Uqcrc2_noRT" "non-targeting_noRT"
"26351" "Vmn1r222" 0 NA NA NA NA 0 0 "Uqcrc2_noRT" "non-targeting_noRT"
"26352" "Vmn1r223" 0 NA NA NA NA 0 0 "Uqcrc2_noRT" "non-targeting_noRT"
"26353" "4930557F10Rik" 0 NA NA NA NA 0 0 "Uqcrc2_noRT" "non-targeting_noRT"
"26354" "4933404K08Rik" 0 NA NA NA NA 0 0 "Uqcrc2_noRT" "non-targeting_noRT"
"26355" "4930586N03Rik" 0 NA NA NA NA 0 0 "Uqcrc2_noRT" "non-targeting_noRT"
"26356" "Btn1a1" 0 NA NA NA NA 0 0 "Uqcrc2_noRT" "non-targeting_noRT"
"26357" "Btn2a2" 0 NA NA NA NA 0 0 "Uqcrc2_noRT" "non-targeting_noRT"
"26358" "Gm11335" 0 NA NA NA NA 0 0 "Uqcrc2_noRT" "non-targeting_noRT"
"26359" "Hist1h1t" 0 NA NA NA NA 0 0 "Uqcrc2_noRT" "non-targeting_noRT"
"26360" "4930558J22Rik" 0 NA NA NA NA 0 0 "Uqcrc2_noRT" "non-targeting_noRT"
"26361" "Hist1h4b" 0 NA NA NA NA 0 0 "Uqcrc2_noRT" "non-targeting_noRT"
"26362" "Trim38" 0 NA NA NA NA 0 0 "Uqcrc2_noRT" "non-targeting_noRT"
"26363" "Gm11337" 0 NA NA NA NA 0 0 "Uqcrc2_noRT" "non-targeting_noRT"
"26364" "Slc17a2" 0 NA NA NA NA 0 0 "Uqcrc2_noRT" "non-targeting_noRT"
"26365" "Slc17a3" 0 NA NA NA NA 0 0 "Uqcrc2_noRT" "non-targeting_noRT"
"26366" "Slc17a1" 0 NA NA NA NA 0 0 "Uqcrc2_noRT" "non-targeting_noRT"
"26367" "Slc17a4" 0 NA NA NA NA 0 0 "Uqcrc2_noRT" "non-targeting_noRT"
"26368" "Hist1h2ba" 0 NA NA NA NA 0 0 "Uqcrc2_noRT" "non-targeting_noRT"
"26369" "Hist1h2aa" 0 NA NA NA NA 0 0 "Uqcrc2_noRT" "non-targeting_noRT"
"26370" "Scgn" 0 NA NA NA NA 0 0 "Uqcrc2_noRT" "non-targeting_noRT"
"26371" "Gm11339" 0 NA NA NA NA 0 0 "Uqcrc2_noRT" "non-targeting_noRT"
"26372" "Gm11342" 0 NA NA NA NA 0 0 "Uqcrc2_noRT" "non-targeting_noRT"
"26373" "Armh2" 0 NA NA NA NA 0 0 "Uqcrc2_noRT" "non-targeting_noRT"
"26374" "D130043K22Rik" 0 NA NA NA NA 0 0 "Uqcrc2_noRT" "non-targeting_noRT"
"26375" "4932702P03Rik" 0 NA NA NA NA 0 0 "Uqcrc2_noRT" "non-targeting_noRT"
"26376" "Gpld1" 0 NA NA NA NA 0 0 "Uqcrc2_noRT" "non-targeting_noRT"
"26377" "Dcdc2a" 0 NA NA NA NA 0 0 "Uqcrc2_noRT" "non-targeting_noRT"
"26378" "Nrsn1" 0 NA NA NA NA 0 0 "Uqcrc2_noRT" "non-targeting_noRT"
"26379" "Gm11351" 0 NA NA NA NA 0 0 "Uqcrc2_noRT" "non-targeting_noRT"
"26380" "1700092E19Rik" 0 NA NA NA NA 0 0 "Uqcrc2_noRT" "non-targeting_noRT"
"26381" "Hdgfl1" 0 NA NA NA NA 0 0 "Uqcrc2_noRT" "non-targeting_noRT"
"26382" "4921520N01Rik" 0 NA NA NA NA 0 0 "Uqcrc2_noRT" "non-targeting_noRT"
"26383" "Gm47888" 0 NA NA NA NA 0 0 "Uqcrc2_noRT" "non-targeting_noRT"
"26384" "Prl" 0 NA NA NA NA 0 0 "Uqcrc2_noRT" "non-targeting_noRT"
"26385" "Prl3d1" 0 NA NA NA NA 0 0 "Uqcrc2_noRT" "non-targeting_noRT"
"26386" "Prl3d2" 0 NA NA NA NA 0 0 "Uqcrc2_noRT" "non-targeting_noRT"
"26387" "Prl3d3" 0 NA NA NA NA 0 0 "Uqcrc2_noRT" "non-targeting_noRT"
"26388" "Prl3c1" 0 NA NA NA NA 0 0 "Uqcrc2_noRT" "non-targeting_noRT"
"26389" "Prl3b1" 0 NA NA NA NA 0 0 "Uqcrc2_noRT" "non-targeting_noRT"
"26390" "Prl3a1" 0 NA NA NA NA 0 0 "Uqcrc2_noRT" "non-targeting_noRT"
"26391" "4930511O05Rik" 0 NA NA NA NA 0 0 "Uqcrc2_noRT" "non-targeting_noRT"
"26392" "Prl6a1" 0 NA NA NA NA 0 0 "Uqcrc2_noRT" "non-targeting_noRT"
"26393" "Prl8a2" 0 NA NA NA NA 0 0 "Uqcrc2_noRT" "non-targeting_noRT"
"26394" "Prl2b1" 0 NA NA NA NA 0 0 "Uqcrc2_noRT" "non-targeting_noRT"
"26395" "Prl8a6" 0 NA NA NA NA 0 0 "Uqcrc2_noRT" "non-targeting_noRT"
"26396" "Prl8a8" 0 NA NA NA NA 0 0 "Uqcrc2_noRT" "non-targeting_noRT"
"26397" "Prl8a9" 0 NA NA NA NA 0 0 "Uqcrc2_noRT" "non-targeting_noRT"
"26398" "Prl8a1" 0 NA NA NA NA 0 0 "Uqcrc2_noRT" "non-targeting_noRT"
"26399" "Prl7b1" 0 NA NA NA NA 0 0 "Uqcrc2_noRT" "non-targeting_noRT"
"26400" "Prl7a1" 0 NA NA NA NA 0 0 "Uqcrc2_noRT" "non-targeting_noRT"
"26401" "Prl7a2" 0 NA NA NA NA 0 0 "Uqcrc2_noRT" "non-targeting_noRT"
"26402" "Prl7d1" 0 NA NA NA NA 0 0 "Uqcrc2_noRT" "non-targeting_noRT"
"26403" "Prl7c1" 0 NA NA NA NA 0 0 "Uqcrc2_noRT" "non-targeting_noRT"
"26404" "Prl2a1" 0 NA NA NA NA 0 0 "Uqcrc2_noRT" "non-targeting_noRT"
"26405" "Prl2c1" 0 NA NA NA NA 0 0 "Uqcrc2_noRT" "non-targeting_noRT"
"26406" "Prl4a1" 0 NA NA NA NA 0 0 "Uqcrc2_noRT" "non-targeting_noRT"
"26407" "Prl5a1" 0 NA NA NA NA 0 0 "Uqcrc2_noRT" "non-targeting_noRT"
"26408" "Gm40841" 0 NA NA NA NA 0 0 "Uqcrc2_noRT" "non-targeting_noRT"
"26409" "Gm34639" 0 NA NA NA NA 0 0 "Uqcrc2_noRT" "non-targeting_noRT"
"26410" "A330102I10Rik" 0 NA NA NA NA 0 0 "Uqcrc2_noRT" "non-targeting_noRT"
"26411" "Gm11364" 0 NA NA NA NA 0 0 "Uqcrc2_noRT" "non-targeting_noRT"
"26412" "Gm11365" 0 NA NA NA NA 0 0 "Uqcrc2_noRT" "non-targeting_noRT"
"26413" "Gm11368" 0 NA NA NA NA 0 0 "Uqcrc2_noRT" "non-targeting_noRT"
"26414" "4930519D14Rik" 0 NA NA NA NA 0 0 "Uqcrc2_noRT" "non-targeting_noRT"
"26415" "Irf4" 0 NA NA NA NA 0 0 "Uqcrc2_noRT" "non-targeting_noRT"
"26416" "Gm29675" 0 NA NA NA NA 0 0 "Uqcrc2_noRT" "non-targeting_noRT"
"26417" "Hus1b" 0 NA NA NA NA 0 0 "Uqcrc2_noRT" "non-targeting_noRT"
"26418" "Gm48662" 0 NA NA NA NA 0 0 "Uqcrc2_noRT" "non-targeting_noRT"
"26419" "4930401O12Rik" 0 NA NA NA NA 0 0 "Uqcrc2_noRT" "non-targeting_noRT"
"26420" "Gm11373" 0 NA NA NA NA 0 0 "Uqcrc2_noRT" "non-targeting_noRT"
"26421" "G630018N14Rik" 0 NA NA NA NA 0 0 "Uqcrc2_noRT" "non-targeting_noRT"
"26422" "Gm11376" 0 NA NA NA NA 0 0 "Uqcrc2_noRT" "non-targeting_noRT"
"26423" "A530084C06Rik" 0 NA NA NA NA 0 0 "Uqcrc2_noRT" "non-targeting_noRT"
"26424" "Foxq1" 0 NA NA NA NA 0 0 "Uqcrc2_noRT" "non-targeting_noRT"
"26425" "Gm11377" 0 NA NA NA NA 0 0 "Uqcrc2_noRT" "non-targeting_noRT"
"26426" "1700018A04Rik" 0 NA NA NA NA 0 0 "Uqcrc2_noRT" "non-targeting_noRT"
"26427" "Gm11378" 0 NA NA NA NA 0 0 "Uqcrc2_noRT" "non-targeting_noRT"
"26428" "Foxf2" 0 NA NA NA NA 0 0 "Uqcrc2_noRT" "non-targeting_noRT"
"26429" "Gm11379" 0 NA NA NA NA 0 0 "Uqcrc2_noRT" "non-targeting_noRT"
"26430" "Gm35732" 0 NA NA NA NA 0 0 "Uqcrc2_noRT" "non-targeting_noRT"
"26431" "Gm11381" 0 NA NA NA NA 0 0 "Uqcrc2_noRT" "non-targeting_noRT"
"26432" "Gm48073" 0 NA NA NA NA 0 0 "Uqcrc2_noRT" "non-targeting_noRT"
"26433" "Mylk4" 0 NA NA NA NA 0 0 "Uqcrc2_noRT" "non-targeting_noRT"
"26434" "D930007J09Rik" 0 NA NA NA NA 0 0 "Uqcrc2_noRT" "non-targeting_noRT"
"26435" "Serpinb1c" 0 NA NA NA NA 0 0 "Uqcrc2_noRT" "non-targeting_noRT"
"26436" "Gm47662" 0 NA NA NA NA 0 0 "Uqcrc2_noRT" "non-targeting_noRT"
"26437" "Gm36099" 0 NA NA NA NA 0 0 "Uqcrc2_noRT" "non-targeting_noRT"
"26438" "Serpinb1b" 0 NA NA NA NA 0 0 "Uqcrc2_noRT" "non-targeting_noRT"
"26439" "Serpinb9c" 0 NA NA NA NA 0 0 "Uqcrc2_noRT" "non-targeting_noRT"
"26440" "Serpinb9d" 0 NA NA NA NA 0 0 "Uqcrc2_noRT" "non-targeting_noRT"
"26441" "Serpinb9e" 0 NA NA NA NA 0 0 "Uqcrc2_noRT" "non-targeting_noRT"
"26442" "Serpinb9f" 0 NA NA NA NA 0 0 "Uqcrc2_noRT" "non-targeting_noRT"
"26443" "Serpinb9h" 0 NA NA NA NA 0 0 "Uqcrc2_noRT" "non-targeting_noRT"
"26444" "Serpinb9g" 0 NA NA NA NA 0 0 "Uqcrc2_noRT" "non-targeting_noRT"
"26445" "Gm6093" 0 NA NA NA NA 0 0 "Uqcrc2_noRT" "non-targeting_noRT"
"26446" "Gm47916" 0 NA NA NA NA 0 0 "Uqcrc2_noRT" "non-targeting_noRT"
"26447" "Serpinb6d" 0 NA NA NA NA 0 0 "Uqcrc2_noRT" "non-targeting_noRT"
"26448" "Serpinb6e" 0 NA NA NA NA 0 0 "Uqcrc2_noRT" "non-targeting_noRT"
"26449" "Serpinb6c" 0 NA NA NA NA 0 0 "Uqcrc2_noRT" "non-targeting_noRT"
"26450" "1110046J04Rik" 0 NA NA NA NA 0 0 "Uqcrc2_noRT" "non-targeting_noRT"
"26451" "Gm47076" 0 NA NA NA NA 0 0 "Uqcrc2_noRT" "non-targeting_noRT"
"26452" "Gm36500" 0 NA NA NA NA 0 0 "Uqcrc2_noRT" "non-targeting_noRT"
"26453" "Gm47127" 0 NA NA NA NA 0 0 "Uqcrc2_noRT" "non-targeting_noRT"
"26454" "Gm15908" 0 NA NA NA NA 0 0 "Uqcrc2_noRT" "non-targeting_noRT"
"26455" "Gm47150" 0 NA NA NA NA 0 0 "Uqcrc2_noRT" "non-targeting_noRT"
"26456" "Gm47151" 0 NA NA NA NA 0 0 "Uqcrc2_noRT" "non-targeting_noRT"
"26457" "Gm47152" 0 NA NA NA NA 0 0 "Uqcrc2_noRT" "non-targeting_noRT"
"26458" "Fam50b" 0 NA NA NA NA 0 0 "Uqcrc2_noRT" "non-targeting_noRT"
"26459" "Gm47157" 0 NA NA NA NA 0 0 "Uqcrc2_noRT" "non-targeting_noRT"
"26460" "Fam217a" 0 NA NA NA NA 0 0 "Uqcrc2_noRT" "non-targeting_noRT"
"26461" "4933417A18Rik" 0 NA NA NA NA 0 0 "Uqcrc2_noRT" "non-targeting_noRT"
"26462" "Eci3" 0 NA NA NA NA 0 0 "Uqcrc2_noRT" "non-targeting_noRT"
"26463" "Gm16984" 0 NA NA NA NA 0 0 "Uqcrc2_noRT" "non-targeting_noRT"
"26464" "Gm48626" 0 NA NA NA NA 0 0 "Uqcrc2_noRT" "non-targeting_noRT"
"26465" "Gm40910" 0 NA NA NA NA 0 0 "Uqcrc2_noRT" "non-targeting_noRT"
"26466" "Gm48629" 0 NA NA NA NA 0 0 "Uqcrc2_noRT" "non-targeting_noRT"
"26467" "4930529N20Rik" 0 NA NA NA NA 0 0 "Uqcrc2_noRT" "non-targeting_noRT"
"26468" "1700011B04Rik" 0 NA NA NA NA 0 0 "Uqcrc2_noRT" "non-targeting_noRT"
"26469" "1700019C18Rik" 0 NA NA NA NA 0 0 "Uqcrc2_noRT" "non-targeting_noRT"
"26470" "Gm48694" 0 NA NA NA NA 0 0 "Uqcrc2_noRT" "non-targeting_noRT"
"26471" "Gm48703" 0 NA NA NA NA 0 0 "Uqcrc2_noRT" "non-targeting_noRT"
"26472" "Gm48704" 0 NA NA NA NA 0 0 "Uqcrc2_noRT" "non-targeting_noRT"
"26473" "Gm48707" 0 NA NA NA NA 0 0 "Uqcrc2_noRT" "non-targeting_noRT"
"26474" "Gm48746" 0 NA NA NA NA 0 0 "Uqcrc2_noRT" "non-targeting_noRT"
"26475" "Gm30127" 0 NA NA NA NA 0 0 "Uqcrc2_noRT" "non-targeting_noRT"
"26476" "Gm48770" 0 NA NA NA NA 0 0 "Uqcrc2_noRT" "non-targeting_noRT"
"26477" "Gm48765" 0 NA NA NA NA 0 0 "Uqcrc2_noRT" "non-targeting_noRT"
"26478" "Gm48767" 0 NA NA NA NA 0 0 "Uqcrc2_noRT" "non-targeting_noRT"
"26479" "Gm46409" 0 NA NA NA NA 0 0 "Uqcrc2_noRT" "non-targeting_noRT"
"26480" "Nrn1" 0 NA NA NA NA 0 0 "Uqcrc2_noRT" "non-targeting_noRT"
"26481" "Gm30177" 0 NA NA NA NA 0 0 "Uqcrc2_noRT" "non-targeting_noRT"
"26482" "Gm49144" 0 NA NA NA NA 0 0 "Uqcrc2_noRT" "non-targeting_noRT"
"26483" "Gm47675" 0 NA NA NA NA 0 0 "Uqcrc2_noRT" "non-targeting_noRT"
"26484" "F13a1" 0 NA NA NA NA 0 0 "Uqcrc2_noRT" "non-targeting_noRT"
"26485" "Gm30489" 0 NA NA NA NA 0 0 "Uqcrc2_noRT" "non-targeting_noRT"
"26486" "Gm47707" 0 NA NA NA NA 0 0 "Uqcrc2_noRT" "non-targeting_noRT"
"26487" "Gm30600" 0 NA NA NA NA 0 0 "Uqcrc2_noRT" "non-targeting_noRT"
"26488" "Gm47709" 0 NA NA NA NA 0 0 "Uqcrc2_noRT" "non-targeting_noRT"
"26489" "Gm47711" 0 NA NA NA NA 0 0 "Uqcrc2_noRT" "non-targeting_noRT"
"26490" "Ly86" 0 NA NA NA NA 0 0 "Uqcrc2_noRT" "non-targeting_noRT"
"26491" "Gm4035" 0 NA NA NA NA 0 0 "Uqcrc2_noRT" "non-targeting_noRT"
"26492" "Gm47730" 0 NA NA NA NA 0 0 "Uqcrc2_noRT" "non-targeting_noRT"
"26493" "Gm29459" 0 NA NA NA NA 0 0 "Uqcrc2_noRT" "non-targeting_noRT"
"26494" "Gm29458" 0 NA NA NA NA 0 0 "Uqcrc2_noRT" "non-targeting_noRT"
"26495" "Gm47731" 0 NA NA NA NA 0 0 "Uqcrc2_noRT" "non-targeting_noRT"
"26496" "Gm47732" 0 NA NA NA NA 0 0 "Uqcrc2_noRT" "non-targeting_noRT"
"26497" "Gm47734" 0 NA NA NA NA 0 0 "Uqcrc2_noRT" "non-targeting_noRT"
"26498" "Gm29590" 0 NA NA NA NA 0 0 "Uqcrc2_noRT" "non-targeting_noRT"
"26499" "Lncbate6" 0 NA NA NA NA 0 0 "Uqcrc2_noRT" "non-targeting_noRT"
"26500" "Gm47751" 0 NA NA NA NA 0 0 "Uqcrc2_noRT" "non-targeting_noRT"
"26501" "Gm47754" 0 NA NA NA NA 0 0 "Uqcrc2_noRT" "non-targeting_noRT"
"26502" "Gm40915" 0 NA NA NA NA 0 0 "Uqcrc2_noRT" "non-targeting_noRT"
"26503" "Gm40916" 0 NA NA NA NA 0 0 "Uqcrc2_noRT" "non-targeting_noRT"
"26504" "AI463229" 0 NA NA NA NA 0 0 "Uqcrc2_noRT" "non-targeting_noRT"
"26505" "Gm49350" 0 NA NA NA NA 0 0 "Uqcrc2_noRT" "non-targeting_noRT"
"26506" "Gm40918" 0 NA NA NA NA 0 0 "Uqcrc2_noRT" "non-targeting_noRT"
"26507" "Gm31600" 0 NA NA NA NA 0 0 "Uqcrc2_noRT" "non-targeting_noRT"
"26508" "Gm46411" 0 NA NA NA NA 0 0 "Uqcrc2_noRT" "non-targeting_noRT"
"26509" "Dsp" 0 NA NA NA NA 0 0 "Uqcrc2_noRT" "non-targeting_noRT"
"26510" "Gm47990" 0 NA NA NA NA 0 0 "Uqcrc2_noRT" "non-targeting_noRT"
"26511" "Bmp6" 0 NA NA NA NA 0 0 "Uqcrc2_noRT" "non-targeting_noRT"
"26512" "4930579J19Rik" 0 NA NA NA NA 0 0 "Uqcrc2_noRT" "non-targeting_noRT"
"26513" "Gm48056" 0 NA NA NA NA 0 0 "Uqcrc2_noRT" "non-targeting_noRT"
"26514" "Gm40922" 0 NA NA NA NA 0 0 "Uqcrc2_noRT" "non-targeting_noRT"
"26515" "Gm47400" 0 NA NA NA NA 0 0 "Uqcrc2_noRT" "non-targeting_noRT"
"26516" "Gm46392" 0 NA NA NA NA 0 0 "Uqcrc2_noRT" "non-targeting_noRT"
"26517" "Gm47510" 0 NA NA NA NA 0 0 "Uqcrc2_noRT" "non-targeting_noRT"
"26518" "Gm47511" 0 NA NA NA NA 0 0 "Uqcrc2_noRT" "non-targeting_noRT"
"26519" "Gm47348" 0 NA NA NA NA 0 0 "Uqcrc2_noRT" "non-targeting_noRT"
"26520" "Gm3509" 0 NA NA NA NA 0 0 "Uqcrc2_noRT" "non-targeting_noRT"
"26521" "Gm47349" 0 NA NA NA NA 0 0 "Uqcrc2_noRT" "non-targeting_noRT"
"26522" "Gm47351" 0 NA NA NA NA 0 0 "Uqcrc2_noRT" "non-targeting_noRT"
"26523" "Gm47352" 0 NA NA NA NA 0 0 "Uqcrc2_noRT" "non-targeting_noRT"
"26524" "Gm32243" 0 NA NA NA NA 0 0 "Uqcrc2_noRT" "non-targeting_noRT"
"26525" "Gm40923" 0 NA NA NA NA 0 0 "Uqcrc2_noRT" "non-targeting_noRT"
"26526" "A230103O09Rik" 0 NA NA NA NA 0 0 "Uqcrc2_noRT" "non-targeting_noRT"
"26527" "Gm47316" 0 NA NA NA NA 0 0 "Uqcrc2_noRT" "non-targeting_noRT"
"26528" "Ofcc1" 0 NA NA NA NA 0 0 "Uqcrc2_noRT" "non-targeting_noRT"
"26529" "Gm47039" 0 NA NA NA NA 0 0 "Uqcrc2_noRT" "non-targeting_noRT"
"26530" "Gm9979" 0 NA NA NA NA 0 0 "Uqcrc2_noRT" "non-targeting_noRT"
"26531" "Gm26688" 0 NA NA NA NA 0 0 "Uqcrc2_noRT" "non-targeting_noRT"
"26532" "Gm47067" 0 NA NA NA NA 0 0 "Uqcrc2_noRT" "non-targeting_noRT"
"26533" "Gm48107" 0 NA NA NA NA 0 0 "Uqcrc2_noRT" "non-targeting_noRT"
"26534" "Gcnt2" 0 NA NA NA NA 0 0 "Uqcrc2_noRT" "non-targeting_noRT"
"26535" "Gm31683" 0 NA NA NA NA 0 0 "Uqcrc2_noRT" "non-targeting_noRT"
"26536" "A730081D07Rik" 0 NA NA NA NA 0 0 "Uqcrc2_noRT" "non-targeting_noRT"
"26537" "Mak" 0 NA NA NA NA 0 0 "Uqcrc2_noRT" "non-targeting_noRT"
"26538" "Gcm2" 0 NA NA NA NA 0 0 "Uqcrc2_noRT" "non-targeting_noRT"
"26539" "Sycp2l" 0 NA NA NA NA 0 0 "Uqcrc2_noRT" "non-targeting_noRT"
"26540" "Gm48510" 0 NA NA NA NA 0 0 "Uqcrc2_noRT" "non-targeting_noRT"
"26541" "Elovl2" 0 NA NA NA NA 0 0 "Uqcrc2_noRT" "non-targeting_noRT"
"26542" "Gm32063" 0 NA NA NA NA 0 0 "Uqcrc2_noRT" "non-targeting_noRT"
"26543" "Gm17364" 0 NA NA NA NA 0 0 "Uqcrc2_noRT" "non-targeting_noRT"
"26544" "Gm26877" 0 NA NA NA NA 0 0 "Uqcrc2_noRT" "non-targeting_noRT"
"26545" "Gm48571" 0 NA NA NA NA 0 0 "Uqcrc2_noRT" "non-targeting_noRT"
"26546" "Gm48570" 0 NA NA NA NA 0 0 "Uqcrc2_noRT" "non-targeting_noRT"
"26547" "Gm32401" 0 NA NA NA NA 0 0 "Uqcrc2_noRT" "non-targeting_noRT"
"26548" "Gm32184" 0 NA NA NA NA 0 0 "Uqcrc2_noRT" "non-targeting_noRT"
"26549" "Gm5082" 0 NA NA NA NA 0 0 "Uqcrc2_noRT" "non-targeting_noRT"
"26550" "Adtrp" 0 NA NA NA NA 0 0 "Uqcrc2_noRT" "non-targeting_noRT"
"26551" "1700061E18Rik" 0 NA NA NA NA 0 0 "Uqcrc2_noRT" "non-targeting_noRT"
"26552" "Gm28564" 0 NA NA NA NA 0 0 "Uqcrc2_noRT" "non-targeting_noRT"
"26553" "Gm10790" 0 NA NA NA NA 0 0 "Uqcrc2_noRT" "non-targeting_noRT"
"26554" "Edn1" 0 NA NA NA NA 0 0 "Uqcrc2_noRT" "non-targeting_noRT"
"26555" "Gm47118" 0 NA NA NA NA 0 0 "Uqcrc2_noRT" "non-targeting_noRT"
"26556" "Gm15810" 0 NA NA NA NA 0 0 "Uqcrc2_noRT" "non-targeting_noRT"
"26557" "Gm15809" 0 NA NA NA NA 0 0 "Uqcrc2_noRT" "non-targeting_noRT"
"26558" "Gm15813" 0 NA NA NA NA 0 0 "Uqcrc2_noRT" "non-targeting_noRT"
"26559" "Gm47683" 0 NA NA NA NA 0 0 "Uqcrc2_noRT" "non-targeting_noRT"
"26560" "Gm32939" 0 NA NA NA NA 0 0 "Uqcrc2_noRT" "non-targeting_noRT"
"26561" "Gm47728" 0 NA NA NA NA 0 0 "Uqcrc2_noRT" "non-targeting_noRT"
"26562" "Gm20751" 0 NA NA NA NA 0 0 "Uqcrc2_noRT" "non-targeting_noRT"
"26563" "Cd83" 0 NA NA NA NA 0 0 "Uqcrc2_noRT" "non-targeting_noRT"
"26564" "Gm33115" 0 NA NA NA NA 0 0 "Uqcrc2_noRT" "non-targeting_noRT"
"26565" "Gm33195" 0 NA NA NA NA 0 0 "Uqcrc2_noRT" "non-targeting_noRT"
"26566" "Gm2233" 0 NA NA NA NA 0 0 "Uqcrc2_noRT" "non-targeting_noRT"
"26567" "Gm33489" 0 NA NA NA NA 0 0 "Uqcrc2_noRT" "non-targeting_noRT"
"26568" "Gm33630" 0 NA NA NA NA 0 0 "Uqcrc2_noRT" "non-targeting_noRT"
"26569" "Gm5083" 0 NA NA NA NA 0 0 "Uqcrc2_noRT" "non-targeting_noRT"
"26570" "Gm33684" 0 NA NA NA NA 0 0 "Uqcrc2_noRT" "non-targeting_noRT"
"26571" "A330076C08Rik" 0 NA NA NA NA 0 0 "Uqcrc2_noRT" "non-targeting_noRT"
"26572" "Gm47781" 0 NA NA NA NA 0 0 "Uqcrc2_noRT" "non-targeting_noRT"
"26573" "Gm29676" 0 NA NA NA NA 0 0 "Uqcrc2_noRT" "non-targeting_noRT"
"26574" "Gm33958" 0 NA NA NA NA 0 0 "Uqcrc2_noRT" "non-targeting_noRT"
"26575" "Gm27007" 0 NA NA NA NA 0 0 "Uqcrc2_noRT" "non-targeting_noRT"
"26576" "1700029N11Rik" 0 NA NA NA NA 0 0 "Uqcrc2_noRT" "non-targeting_noRT"
"26577" "Gm34084" 0 NA NA NA NA 0 0 "Uqcrc2_noRT" "non-targeting_noRT"
"26578" "Gm47792" 0 NA NA NA NA 0 0 "Uqcrc2_noRT" "non-targeting_noRT"
"26579" "Gm34276" 0 NA NA NA NA 0 0 "Uqcrc2_noRT" "non-targeting_noRT"
"26580" "Gm47805" 0 NA NA NA NA 0 0 "Uqcrc2_noRT" "non-targeting_noRT"
"26581" "Gm40932" 0 NA NA NA NA 0 0 "Uqcrc2_noRT" "non-targeting_noRT"
"26582" "Gm47448" 0 NA NA NA NA 0 0 "Uqcrc2_noRT" "non-targeting_noRT"
"26583" "Gm34466" 0 NA NA NA NA 0 0 "Uqcrc2_noRT" "non-targeting_noRT"
"26584" "Gm47460" 0 NA NA NA NA 0 0 "Uqcrc2_noRT" "non-targeting_noRT"
"26585" "4930453C13Rik" 0 NA NA NA NA 0 0 "Uqcrc2_noRT" "non-targeting_noRT"
"26586" "Gm45949" 0 NA NA NA NA 0 0 "Uqcrc2_noRT" "non-targeting_noRT"
"26587" "Gm10113" 0 NA NA NA NA 0 0 "Uqcrc2_noRT" "non-targeting_noRT"
"26588" "Stmnd1" 0 NA NA NA NA 0 0 "Uqcrc2_noRT" "non-targeting_noRT"
"26589" "Rbm24" 0 NA NA NA NA 0 0 "Uqcrc2_noRT" "non-targeting_noRT"
"26590" "Gm35110" 0 NA NA NA NA 0 0 "Uqcrc2_noRT" "non-targeting_noRT"
"26591" "Cap2" 0 NA NA NA NA 0 0 "Uqcrc2_noRT" "non-targeting_noRT"
"26592" "Gm47523" 0 NA NA NA NA 0 0 "Uqcrc2_noRT" "non-targeting_noRT"
"26593" "Gm48250" 0 NA NA NA NA 0 0 "Uqcrc2_noRT" "non-targeting_noRT"
"26594" "Nhlrc1" 0 NA NA NA NA 0 0 "Uqcrc2_noRT" "non-targeting_noRT"
"26595" "1700026N04Rik" 0 NA NA NA NA 0 0 "Uqcrc2_noRT" "non-targeting_noRT"
"26596" "A930002C04Rik" 0 NA NA NA NA 0 0 "Uqcrc2_noRT" "non-targeting_noRT"
"26597" "Gm48612" 0 NA NA NA NA 0 0 "Uqcrc2_noRT" "non-targeting_noRT"
"26598" "Gm35733" 0 NA NA NA NA 0 0 "Uqcrc2_noRT" "non-targeting_noRT"
"26599" "4930471G24Rik" 0 NA NA NA NA 0 0 "Uqcrc2_noRT" "non-targeting_noRT"
"26600" "G630093K05Rik" 0 NA NA NA NA 0 0 "Uqcrc2_noRT" "non-targeting_noRT"
"26601" "4931429P17Rik" 0 NA NA NA NA 0 0 "Uqcrc2_noRT" "non-targeting_noRT"
"26602" "Gm36101" 0 NA NA NA NA 0 0 "Uqcrc2_noRT" "non-targeting_noRT"
"26603" "A330033J07Rik" 0 NA NA NA NA 0 0 "Uqcrc2_noRT" "non-targeting_noRT"
"26604" "Gm36346" 0 NA NA NA NA 0 0 "Uqcrc2_noRT" "non-targeting_noRT"
"26605" "Gm49291" 0 NA NA NA NA 0 0 "Uqcrc2_noRT" "non-targeting_noRT"
"26606" "Id4" 0 NA NA NA NA 0 0 "Uqcrc2_noRT" "non-targeting_noRT"
"26607" "A330048O09Rik" 0 NA NA NA NA 0 0 "Uqcrc2_noRT" "non-targeting_noRT"
"26608" "Gm48648" 0 NA NA NA NA 0 0 "Uqcrc2_noRT" "non-targeting_noRT"
"26609" "Gm36550" 0 NA NA NA NA 0 0 "Uqcrc2_noRT" "non-targeting_noRT"
"26610" "Barx1" 0 NA NA NA NA 0 0 "Uqcrc2_noRT" "non-targeting_noRT"
"26611" "Phf2os1" 0 NA NA NA NA 0 0 "Uqcrc2_noRT" "non-targeting_noRT"
"26612" "Susd3" 0 NA NA NA NA 0 0 "Uqcrc2_noRT" "non-targeting_noRT"
"26613" "Ecm2" 0 NA NA NA NA 0 0 "Uqcrc2_noRT" "non-targeting_noRT"
"26614" "Aspn" 0 NA NA NA NA 0 0 "Uqcrc2_noRT" "non-targeting_noRT"
"26615" "Ogn" 0 NA NA NA NA 0 0 "Uqcrc2_noRT" "non-targeting_noRT"
"26616" "Gm30302" 0 NA NA NA NA 0 0 "Uqcrc2_noRT" "non-targeting_noRT"
"26617" "Gm47977" 0 NA NA NA NA 0 0 "Uqcrc2_noRT" "non-targeting_noRT"
"26618" "Gm48051" 0 NA NA NA NA 0 0 "Uqcrc2_noRT" "non-targeting_noRT"
"26619" "4933433N18Rik" 0 NA NA NA NA 0 0 "Uqcrc2_noRT" "non-targeting_noRT"
"26620" "Gm906" 0 NA NA NA NA 0 0 "Uqcrc2_noRT" "non-targeting_noRT"
"26621" "Gm31126" 0 NA NA NA NA 0 0 "Uqcrc2_noRT" "non-targeting_noRT"
"26622" "Gm8739" 0 NA NA NA NA 0 0 "Uqcrc2_noRT" "non-targeting_noRT"
"26623" "Gm47429" 0 NA NA NA NA 0 0 "Uqcrc2_noRT" "non-targeting_noRT"
"26624" "Nutm2" 0 NA NA NA NA 0 0 "Uqcrc2_noRT" "non-targeting_noRT"
"26625" "Gm8765" 0 NA NA NA NA 0 0 "Uqcrc2_noRT" "non-targeting_noRT"
"26626" "4930518P08Rik" 0 NA NA NA NA 0 0 "Uqcrc2_noRT" "non-targeting_noRT"
"26627" "Nxnl2" 0 NA NA NA NA 0 0 "Uqcrc2_noRT" "non-targeting_noRT"
"26628" "S1pr3" 0 NA NA NA NA 0 0 "Uqcrc2_noRT" "non-targeting_noRT"
"26629" "Gm26651" 0 NA NA NA NA 0 0 "Uqcrc2_noRT" "non-targeting_noRT"
"26630" "Gm48190" 0 NA NA NA NA 0 0 "Uqcrc2_noRT" "non-targeting_noRT"
"26631" "4921525O09Rik" 0 NA NA NA NA 0 0 "Uqcrc2_noRT" "non-targeting_noRT"
"26632" "Gm48199" 0 NA NA NA NA 0 0 "Uqcrc2_noRT" "non-targeting_noRT"
"26633" "Diras2" 0 NA NA NA NA 0 0 "Uqcrc2_noRT" "non-targeting_noRT"
"26634" "BB123696" 0 NA NA NA NA 0 0 "Uqcrc2_noRT" "non-targeting_noRT"
"26635" "Gm33424" 0 NA NA NA NA 0 0 "Uqcrc2_noRT" "non-targeting_noRT"
"26636" "Gm48336" 0 NA NA NA NA 0 0 "Uqcrc2_noRT" "non-targeting_noRT"
"26637" "Ror2" 0 NA NA NA NA 0 0 "Uqcrc2_noRT" "non-targeting_noRT"
"26638" "Gm2762" 0 NA NA NA NA 0 0 "Uqcrc2_noRT" "non-targeting_noRT"
"26639" "Gm43262" 0 NA NA NA NA 0 0 "Uqcrc2_noRT" "non-targeting_noRT"
"26640" "Msx2" 0 NA NA NA NA 0 0 "Uqcrc2_noRT" "non-targeting_noRT"
"26641" "Gm34022" 0 NA NA NA NA 0 0 "Uqcrc2_noRT" "non-targeting_noRT"
"26642" "9530014B07Rik" 0 NA NA NA NA 0 0 "Uqcrc2_noRT" "non-targeting_noRT"
"26643" "4930555G21Rik" 0 NA NA NA NA 0 0 "Uqcrc2_noRT" "non-targeting_noRT"
"26644" "Gm34278" 0 NA NA NA NA 0 0 "Uqcrc2_noRT" "non-targeting_noRT"
"26645" "Gm48548" 0 NA NA NA NA 0 0 "Uqcrc2_noRT" "non-targeting_noRT"
"26646" "E130119H09Rik" 0 NA NA NA NA 0 0 "Uqcrc2_noRT" "non-targeting_noRT"
"26647" "Gm34557" 0 NA NA NA NA 0 0 "Uqcrc2_noRT" "non-targeting_noRT"
"26648" "Drd1" 0 NA NA NA NA 0 0 "Uqcrc2_noRT" "non-targeting_noRT"
"26649" "Gm16578" 0 NA NA NA NA 0 0 "Uqcrc2_noRT" "non-targeting_noRT"
"26650" "Gm48615" 0 NA NA NA NA 0 0 "Uqcrc2_noRT" "non-targeting_noRT"
"26651" "Gm48623" 0 NA NA NA NA 0 0 "Uqcrc2_noRT" "non-targeting_noRT"
"26652" "Gm48622" 0 NA NA NA NA 0 0 "Uqcrc2_noRT" "non-targeting_noRT"
"26653" "Cplx2" 0 NA NA NA NA 0 0 "Uqcrc2_noRT" "non-targeting_noRT"
"26654" "Gm16248" 0 NA NA NA NA 0 0 "Uqcrc2_noRT" "non-targeting_noRT"
"26655" "Cdhr2" 0 NA NA NA NA 0 0 "Uqcrc2_noRT" "non-targeting_noRT"
"26656" "Gprin1" 0 NA NA NA NA 0 0 "Uqcrc2_noRT" "non-targeting_noRT"
"26657" "Sncb" 0 NA NA NA NA 0 0 "Uqcrc2_noRT" "non-targeting_noRT"
"26658" "Gm16249" 0 NA NA NA NA 0 0 "Uqcrc2_noRT" "non-targeting_noRT"
"26659" "Eif4e1b" 0 NA NA NA NA 0 0 "Uqcrc2_noRT" "non-targeting_noRT"
"26660" "Tspan17" 0 NA NA NA NA 0 0 "Uqcrc2_noRT" "non-targeting_noRT"
"26661" "Gm29431" 0 NA NA NA NA 0 0 "Uqcrc2_noRT" "non-targeting_noRT"
"26662" "5330429C05Rik" 0 NA NA NA NA 0 0 "Uqcrc2_noRT" "non-targeting_noRT"
"26663" "4930526F13Rik" 0 NA NA NA NA 0 0 "Uqcrc2_noRT" "non-targeting_noRT"
"26664" "Unc5a" 0 NA NA NA NA 0 0 "Uqcrc2_noRT" "non-targeting_noRT"
"26665" "Hk3" 0 NA NA NA NA 0 0 "Uqcrc2_noRT" "non-targeting_noRT"
"26666" "Gm17617" 0 NA NA NA NA 0 0 "Uqcrc2_noRT" "non-targeting_noRT"
"26667" "Fgfr4" 0 NA NA NA NA 0 0 "Uqcrc2_noRT" "non-targeting_noRT"
"26668" "Rgs14" 0 NA NA NA NA 0 0 "Uqcrc2_noRT" "non-targeting_noRT"
"26669" "Slc34a1" 0 NA NA NA NA 0 0 "Uqcrc2_noRT" "non-targeting_noRT"
"26670" "Pfn3" 0 NA NA NA NA 0 0 "Uqcrc2_noRT" "non-targeting_noRT"
"26671" "F12" 0 NA NA NA NA 0 0 "Uqcrc2_noRT" "non-targeting_noRT"
"26672" "Gm46416" 0 NA NA NA NA 0 0 "Uqcrc2_noRT" "non-targeting_noRT"
"26673" "Gm15911" 0 NA NA NA NA 0 0 "Uqcrc2_noRT" "non-targeting_noRT"
"26674" "4930451E10Rik" 0 NA NA NA NA 0 0 "Uqcrc2_noRT" "non-targeting_noRT"
"26675" "Catsper3" 0 NA NA NA NA 0 0 "Uqcrc2_noRT" "non-targeting_noRT"
"26676" "Pitx1" 0 NA NA NA NA 0 0 "Uqcrc2_noRT" "non-targeting_noRT"
"26677" "Gm47071" 0 NA NA NA NA 0 0 "Uqcrc2_noRT" "non-targeting_noRT"
"26678" "Gm28760" 0 NA NA NA NA 0 0 "Uqcrc2_noRT" "non-targeting_noRT"
"26679" "Tifab" 0 NA NA NA NA 0 0 "Uqcrc2_noRT" "non-targeting_noRT"
"26680" "4930550C17Rik" 0 NA NA NA NA 0 0 "Uqcrc2_noRT" "non-targeting_noRT"
"26681" "Neurog1" 0 NA NA NA NA 0 0 "Uqcrc2_noRT" "non-targeting_noRT"
"26682" "Cxcl14" 0 NA NA NA NA 0 0 "Uqcrc2_noRT" "non-targeting_noRT"
"26683" "Gm10782" 0 NA NA NA NA 0 0 "Uqcrc2_noRT" "non-targeting_noRT"
"26684" "Gm3045" 0 NA NA NA NA 0 0 "Uqcrc2_noRT" "non-targeting_noRT"
"26685" "Slc25a48" 0 NA NA NA NA 0 0 "Uqcrc2_noRT" "non-targeting_noRT"
"26686" "Il9" 0 NA NA NA NA 0 0 "Uqcrc2_noRT" "non-targeting_noRT"
"26687" "Lect2" 0 NA NA NA NA 0 0 "Uqcrc2_noRT" "non-targeting_noRT"
"26688" "2010203P06Rik" 0 NA NA NA NA 0 0 "Uqcrc2_noRT" "non-targeting_noRT"
"26689" "Gm45623" 0 NA NA NA NA 0 0 "Uqcrc2_noRT" "non-targeting_noRT"
"26690" "Trpc7" 0 NA NA NA NA 0 0 "Uqcrc2_noRT" "non-targeting_noRT"
"26691" "Spock1" 0 NA NA NA NA 0 0 "Uqcrc2_noRT" "non-targeting_noRT"
"26692" "Gm48295" 0 NA NA NA NA 0 0 "Uqcrc2_noRT" "non-targeting_noRT"
"26693" "Gm48441" 0 NA NA NA NA 0 0 "Uqcrc2_noRT" "non-targeting_noRT"
"26694" "Gm26555" 0 NA NA NA NA 0 0 "Uqcrc2_noRT" "non-targeting_noRT"
"26695" "Gm47918" 0 NA NA NA NA 0 0 "Uqcrc2_noRT" "non-targeting_noRT"
"26696" "4930455J16Rik" 0 NA NA NA NA 0 0 "Uqcrc2_noRT" "non-targeting_noRT"
"26697" "Gm47947" 0 NA NA NA NA 0 0 "Uqcrc2_noRT" "non-targeting_noRT"
"26698" "Gm40968" 0 NA NA NA NA 0 0 "Uqcrc2_noRT" "non-targeting_noRT"
"26699" "Ntrk2" 0 NA NA NA NA 0 0 "Uqcrc2_noRT" "non-targeting_noRT"
"26700" "Gm47423" 0 NA NA NA NA 0 0 "Uqcrc2_noRT" "non-targeting_noRT"
"26701" "4930415C11Rik" 0 NA NA NA NA 0 0 "Uqcrc2_noRT" "non-targeting_noRT"
"26702" "Gm34307" 0 NA NA NA NA 0 0 "Uqcrc2_noRT" "non-targeting_noRT"
"26703" "Gm34354" 0 NA NA NA NA 0 0 "Uqcrc2_noRT" "non-targeting_noRT"
"26704" "Gm47359" 0 NA NA NA NA 0 0 "Uqcrc2_noRT" "non-targeting_noRT"
"26705" "Gm34558" 0 NA NA NA NA 0 0 "Uqcrc2_noRT" "non-targeting_noRT"
"26706" "Gm34672" 0 NA NA NA NA 0 0 "Uqcrc2_noRT" "non-targeting_noRT"
"26707" "Gm47360" 0 NA NA NA NA 0 0 "Uqcrc2_noRT" "non-targeting_noRT"
"26708" "Gm34721" 0 NA NA NA NA 0 0 "Uqcrc2_noRT" "non-targeting_noRT"
"26709" "Gm34788" 0 NA NA NA NA 0 0 "Uqcrc2_noRT" "non-targeting_noRT"
"26710" "4930455M05Rik" 0 NA NA NA NA 0 0 "Uqcrc2_noRT" "non-targeting_noRT"
"26711" "4921517D22Rik" 0 NA NA NA NA 0 0 "Uqcrc2_noRT" "non-targeting_noRT"
"26712" "Spata31d1a" 0 NA NA NA NA 0 0 "Uqcrc2_noRT" "non-targeting_noRT"
"26713" "Spata31d1b" 0 NA NA NA NA 0 0 "Uqcrc2_noRT" "non-targeting_noRT"
"26714" "Spata31d1d" 0 NA NA NA NA 0 0 "Uqcrc2_noRT" "non-targeting_noRT"
"26715" "Gm46419" 0 NA NA NA NA 0 0 "Uqcrc2_noRT" "non-targeting_noRT"
"26716" "4930528D03Rik" 0 NA NA NA NA 0 0 "Uqcrc2_noRT" "non-targeting_noRT"
"26717" "1700014D04Rik" 0 NA NA NA NA 0 0 "Uqcrc2_noRT" "non-targeting_noRT"
"26718" "Gm48194" 0 NA NA NA NA 0 0 "Uqcrc2_noRT" "non-targeting_noRT"
"26719" "Gm34961" 0 NA NA NA NA 0 0 "Uqcrc2_noRT" "non-targeting_noRT"
"26720" "Gm48384" 0 NA NA NA NA 0 0 "Uqcrc2_noRT" "non-targeting_noRT"
"26721" "Gm19866" 0 NA NA NA NA 0 0 "Uqcrc2_noRT" "non-targeting_noRT"
"26722" "A530065N20Rik" 0 NA NA NA NA 0 0 "Uqcrc2_noRT" "non-targeting_noRT"
"26723" "Gm48396" 0 NA NA NA NA 0 0 "Uqcrc2_noRT" "non-targeting_noRT"
"26724" "Gm48397" 0 NA NA NA NA 0 0 "Uqcrc2_noRT" "non-targeting_noRT"
"26725" "Gas1" 0 NA NA NA NA 0 0 "Uqcrc2_noRT" "non-targeting_noRT"
"26726" "Gm48488" 0 NA NA NA NA 0 0 "Uqcrc2_noRT" "non-targeting_noRT"
"26727" "Gm5084" 0 NA NA NA NA 0 0 "Uqcrc2_noRT" "non-targeting_noRT"
"26728" "Gm35333" 0 NA NA NA NA 0 0 "Uqcrc2_noRT" "non-targeting_noRT"
"26729" "Gm48500" 0 NA NA NA NA 0 0 "Uqcrc2_noRT" "non-targeting_noRT"
"26730" "A530001N23Rik" 0 NA NA NA NA 0 0 "Uqcrc2_noRT" "non-targeting_noRT"
"26731" "Dapk1" 0 NA NA NA NA 0 0 "Uqcrc2_noRT" "non-targeting_noRT"
"26732" "BC051665" 0 NA NA NA NA 0 0 "Uqcrc2_noRT" "non-targeting_noRT"
"26733" "Ctsll3" 0 NA NA NA NA 0 0 "Uqcrc2_noRT" "non-targeting_noRT"
"26734" "4930486L24Rik" 0 NA NA NA NA 0 0 "Uqcrc2_noRT" "non-targeting_noRT"
"26735" "Ctla2b" 0 NA NA NA NA 0 0 "Uqcrc2_noRT" "non-targeting_noRT"
"26736" "Tpbpb" 0 NA NA NA NA 0 0 "Uqcrc2_noRT" "non-targeting_noRT"
"26737" "Ctla2a" 0 NA NA NA NA 0 0 "Uqcrc2_noRT" "non-targeting_noRT"
"26738" "Tpbpa" 0 NA NA NA NA 0 0 "Uqcrc2_noRT" "non-targeting_noRT"
"26739" "Gm40975" 0 NA NA NA NA 0 0 "Uqcrc2_noRT" "non-targeting_noRT"
"26740" "Ctsj" 0 NA NA NA NA 0 0 "Uqcrc2_noRT" "non-targeting_noRT"
"26741" "Ctsq" 0 NA NA NA NA 0 0 "Uqcrc2_noRT" "non-targeting_noRT"
"26742" "Ctsr" 0 NA NA NA NA 0 0 "Uqcrc2_noRT" "non-targeting_noRT"
"26743" "Cts6" 0 NA NA NA NA 0 0 "Uqcrc2_noRT" "non-targeting_noRT"
"26744" "Cts8" 0 NA NA NA NA 0 0 "Uqcrc2_noRT" "non-targeting_noRT"
"26745" "Cts7" 0 NA NA NA NA 0 0 "Uqcrc2_noRT" "non-targeting_noRT"
"26746" "Ctsm" 0 NA NA NA NA 0 0 "Uqcrc2_noRT" "non-targeting_noRT"
"26747" "Cts3" 0 NA NA NA NA 0 0 "Uqcrc2_noRT" "non-targeting_noRT"
"26748" "Gm49357" 0 NA NA NA NA 0 0 "Uqcrc2_noRT" "non-targeting_noRT"
"26749" "Gm48116" 0 NA NA NA NA 0 0 "Uqcrc2_noRT" "non-targeting_noRT"
"26750" "Gm48228" 0 NA NA NA NA 0 0 "Uqcrc2_noRT" "non-targeting_noRT"
"26751" "Gm40977" 0 NA NA NA NA 0 0 "Uqcrc2_noRT" "non-targeting_noRT"
"26752" "Gm19792" 0 NA NA NA NA 0 0 "Uqcrc2_noRT" "non-targeting_noRT"
"26753" "Gm3604" 0 NA NA NA NA 0 0 "Uqcrc2_noRT" "non-targeting_noRT"
"26754" "Gm48795" 0 NA NA NA NA 0 0 "Uqcrc2_noRT" "non-targeting_noRT"
"26755" "Fbp2" 0 NA NA NA NA 0 0 "Uqcrc2_noRT" "non-targeting_noRT"
"26756" "Fbp1" 0 NA NA NA NA 0 0 "Uqcrc2_noRT" "non-targeting_noRT"
"26757" "Gm48812" 0 NA NA NA NA 0 0 "Uqcrc2_noRT" "non-targeting_noRT"
"26758" "Gm30409" 0 NA NA NA NA 0 0 "Uqcrc2_noRT" "non-targeting_noRT"
"26759" "Gm47587" 0 NA NA NA NA 0 0 "Uqcrc2_noRT" "non-targeting_noRT"
"26760" "Gm30655" 0 NA NA NA NA 0 0 "Uqcrc2_noRT" "non-targeting_noRT"
"26761" "Gm30709" 0 NA NA NA NA 0 0 "Uqcrc2_noRT" "non-targeting_noRT"
"26762" "1700024I08Rik" 0 NA NA NA NA 0 0 "Uqcrc2_noRT" "non-targeting_noRT"
"26763" "Gm47390" 0 NA NA NA NA 0 0 "Uqcrc2_noRT" "non-targeting_noRT"
"26764" "Gm47418" 0 NA NA NA NA 0 0 "Uqcrc2_noRT" "non-targeting_noRT"
"26765" "Gm47424" 0 NA NA NA NA 0 0 "Uqcrc2_noRT" "non-targeting_noRT"
"26766" "Hsd17b3" 0 NA NA NA NA 0 0 "Uqcrc2_noRT" "non-targeting_noRT"
"26767" "Gm47003" 0 NA NA NA NA 0 0 "Uqcrc2_noRT" "non-targeting_noRT"
"26768" "Gm47123" 0 NA NA NA NA 0 0 "Uqcrc2_noRT" "non-targeting_noRT"
"26769" "1700015C15Rik" 0 NA NA NA NA 0 0 "Uqcrc2_noRT" "non-targeting_noRT"
"26770" "Gm31218" 0 NA NA NA NA 0 0 "Uqcrc2_noRT" "non-targeting_noRT"
"26771" "Fam240b" 0 NA NA NA NA 0 0 "Uqcrc2_noRT" "non-targeting_noRT"
"26772" "Gm47193" 0 NA NA NA NA 0 0 "Uqcrc2_noRT" "non-targeting_noRT"
"26773" "Gm47194" 0 NA NA NA NA 0 0 "Uqcrc2_noRT" "non-targeting_noRT"
"26774" "Cntnap3" 0 NA NA NA NA 0 0 "Uqcrc2_noRT" "non-targeting_noRT"
"26775" "Spata31" 0 NA NA NA NA 0 0 "Uqcrc2_noRT" "non-targeting_noRT"
"26776" "Spata31d1c" 0 NA NA NA NA 0 0 "Uqcrc2_noRT" "non-targeting_noRT"
"26777" "Prss47" 0 NA NA NA NA 0 0 "Uqcrc2_noRT" "non-targeting_noRT"
"26778" "Olfr465-ps1" 0 NA NA NA NA 0 0 "Uqcrc2_noRT" "non-targeting_noRT"
"26779" "Olfr466" 0 NA NA NA NA 0 0 "Uqcrc2_noRT" "non-targeting_noRT"
"26780" "Nlrp4f" 0 NA NA NA NA 0 0 "Uqcrc2_noRT" "non-targeting_noRT"
"26781" "Gm47249" 0 NA NA NA NA 0 0 "Uqcrc2_noRT" "non-targeting_noRT"
"26782" "Gm47251" 0 NA NA NA NA 0 0 "Uqcrc2_noRT" "non-targeting_noRT"
"26783" "Gm10775" 0 NA NA NA NA 0 0 "Uqcrc2_noRT" "non-targeting_noRT"
"26784" "Gm7762" 0 NA NA NA NA 0 0 "Uqcrc2_noRT" "non-targeting_noRT"
"26785" "Gm40983" 0 NA NA NA NA 0 0 "Uqcrc2_noRT" "non-targeting_noRT"
"26786" "Gm48168" 0 NA NA NA NA 0 0 "Uqcrc2_noRT" "non-targeting_noRT"
"26787" "Gm48166" 0 NA NA NA NA 0 0 "Uqcrc2_noRT" "non-targeting_noRT"
"26788" "Gm10139" 0 NA NA NA NA 0 0 "Uqcrc2_noRT" "non-targeting_noRT"
"26789" "Gm26639" 0 NA NA NA NA 0 0 "Uqcrc2_noRT" "non-targeting_noRT"
"26790" "Gm48170" 0 NA NA NA NA 0 0 "Uqcrc2_noRT" "non-targeting_noRT"
"26791" "Gm40987" 0 NA NA NA NA 0 0 "Uqcrc2_noRT" "non-targeting_noRT"
"26792" "Gm48221" 0 NA NA NA NA 0 0 "Uqcrc2_noRT" "non-targeting_noRT"
"26793" "Gm48222" 0 NA NA NA NA 0 0 "Uqcrc2_noRT" "non-targeting_noRT"
"26794" "AC192334.1" 0 NA NA NA NA 0 0 "Uqcrc2_noRT" "non-targeting_noRT"
"26795" "Gm48223" 0 NA NA NA NA 0 0 "Uqcrc2_noRT" "non-targeting_noRT"
"26796" "Gm10772" 0 NA NA NA NA 0 0 "Uqcrc2_noRT" "non-targeting_noRT"
"26797" "Gm26754" 0 NA NA NA NA 0 0 "Uqcrc2_noRT" "non-targeting_noRT"
"26798" "2410141K09Rik" 0 NA NA NA NA 0 0 "Uqcrc2_noRT" "non-targeting_noRT"
"26799" "Gm26806" 0 NA NA NA NA 0 0 "Uqcrc2_noRT" "non-targeting_noRT"
"26800" "Gm40988" 0 NA NA NA NA 0 0 "Uqcrc2_noRT" "non-targeting_noRT"
"26801" "Gm48412" 0 NA NA NA NA 0 0 "Uqcrc2_noRT" "non-targeting_noRT"
"26802" "4933433G19Rik" 0 NA NA NA NA 0 0 "Uqcrc2_noRT" "non-targeting_noRT"
"26803" "Zfp708" 0 NA NA NA NA 0 0 "Uqcrc2_noRT" "non-targeting_noRT"
"26804" "Gm28557" 0 NA NA NA NA 0 0 "Uqcrc2_noRT" "non-targeting_noRT"
"26805" "Gm48732" 0 NA NA NA NA 0 0 "Uqcrc2_noRT" "non-targeting_noRT"
"26806" "Gm49064" 0 NA NA NA NA 0 0 "Uqcrc2_noRT" "non-targeting_noRT"
"26807" "F630042J09Rik" 0 NA NA NA NA 0 0 "Uqcrc2_noRT" "non-targeting_noRT"
"26808" "Zfp457" 0 NA NA NA NA 0 0 "Uqcrc2_noRT" "non-targeting_noRT"
"26809" "Gm48824" 0 NA NA NA NA 0 0 "Uqcrc2_noRT" "non-targeting_noRT"
"26810" "Gm17039" 0 NA NA NA NA 0 0 "Uqcrc2_noRT" "non-targeting_noRT"
"26811" "Zfp456" 0 NA NA NA NA 0 0 "Uqcrc2_noRT" "non-targeting_noRT"
"26812" "Zfp429" 0 NA NA NA NA 0 0 "Uqcrc2_noRT" "non-targeting_noRT"
"26813" "Gm48900" 0 NA NA NA NA 0 0 "Uqcrc2_noRT" "non-targeting_noRT"
"26814" "Zfp459" 0 NA NA NA NA 0 0 "Uqcrc2_noRT" "non-targeting_noRT"
"26815" "Gm48899" 0 NA NA NA NA 0 0 "Uqcrc2_noRT" "non-targeting_noRT"
"26816" "Gm48095" 0 NA NA NA NA 0 0 "Uqcrc2_noRT" "non-targeting_noRT"
"26817" "4930525G20Rik" 0 NA NA NA NA 0 0 "Uqcrc2_noRT" "non-targeting_noRT"
"26818" "Gm10037" 0 NA NA NA NA 0 0 "Uqcrc2_noRT" "non-targeting_noRT"
"26819" "BC048507" 0 NA NA NA NA 0 0 "Uqcrc2_noRT" "non-targeting_noRT"
"26820" "Gm7969" 0 NA NA NA NA 0 0 "Uqcrc2_noRT" "non-targeting_noRT"
"26821" "Gm48419" 0 NA NA NA NA 0 0 "Uqcrc2_noRT" "non-targeting_noRT"
"26822" "Gm48423" 0 NA NA NA NA 0 0 "Uqcrc2_noRT" "non-targeting_noRT"
"26823" "Gm8016" 0 NA NA NA NA 0 0 "Uqcrc2_noRT" "non-targeting_noRT"
"26824" "Gm48436" 0 NA NA NA NA 0 0 "Uqcrc2_noRT" "non-targeting_noRT"
"26825" "Gm48556" 0 NA NA NA NA 0 0 "Uqcrc2_noRT" "non-targeting_noRT"
"26826" "Gm35161" 0 NA NA NA NA 0 0 "Uqcrc2_noRT" "non-targeting_noRT"
"26827" "Gm26844" 0 NA NA NA NA 0 0 "Uqcrc2_noRT" "non-targeting_noRT"
"26828" "Gm35514" 0 NA NA NA NA 0 0 "Uqcrc2_noRT" "non-targeting_noRT"
"26829" "Gm17108" 0 NA NA NA NA 0 0 "Uqcrc2_noRT" "non-targeting_noRT"
"26830" "Gm35618" 0 NA NA NA NA 0 0 "Uqcrc2_noRT" "non-targeting_noRT"
"26831" "Gm48819" 0 NA NA NA NA 0 0 "Uqcrc2_noRT" "non-targeting_noRT"
"26832" "Ube2ql1" 0 NA NA NA NA 0 0 "Uqcrc2_noRT" "non-targeting_noRT"
"26833" "4930547H16Rik" 0 NA NA NA NA 0 0 "Uqcrc2_noRT" "non-targeting_noRT"
"26834" "4933416O17Rik" 0 NA NA NA NA 0 0 "Uqcrc2_noRT" "non-targeting_noRT"
"26835" "1700084F23Rik" 0 NA NA NA NA 0 0 "Uqcrc2_noRT" "non-targeting_noRT"
"26836" "Gm3772" 0 NA NA NA NA 0 0 "Uqcrc2_noRT" "non-targeting_noRT"
"26837" "AU017674" 0 NA NA NA NA 0 0 "Uqcrc2_noRT" "non-targeting_noRT"
"26838" "4930520P13Rik" 0 NA NA NA NA 0 0 "Uqcrc2_noRT" "non-targeting_noRT"
"26839" "1700100L14Rik" 0 NA NA NA NA 0 0 "Uqcrc2_noRT" "non-targeting_noRT"
"26840" "D030007L05Rik" 0 NA NA NA NA 0 0 "Uqcrc2_noRT" "non-targeting_noRT"
"26841" "Gm36377" 0 NA NA NA NA 0 0 "Uqcrc2_noRT" "non-targeting_noRT"
"26842" "Gm36426" 0 NA NA NA NA 0 0 "Uqcrc2_noRT" "non-targeting_noRT"
"26843" "Gm36607" 0 NA NA NA NA 0 0 "Uqcrc2_noRT" "non-targeting_noRT"
"26844" "Adamts16" 0 NA NA NA NA 0 0 "Uqcrc2_noRT" "non-targeting_noRT"
"26845" "Gm36529" 0 NA NA NA NA 0 0 "Uqcrc2_noRT" "non-targeting_noRT"
"26846" "8030423J24Rik" 0 NA NA NA NA 0 0 "Uqcrc2_noRT" "non-targeting_noRT"
"26847" "1700112M02Rik" 0 NA NA NA NA 0 0 "Uqcrc2_noRT" "non-targeting_noRT"
"26848" "Gm40999" 0 NA NA NA NA 0 0 "Uqcrc2_noRT" "non-targeting_noRT"
"26849" "Irx1" 0 NA NA NA NA 0 0 "Uqcrc2_noRT" "non-targeting_noRT"
"26850" "Gm20554" 0 NA NA NA NA 0 0 "Uqcrc2_noRT" "non-targeting_noRT"
"26851" "Gm47902" 0 NA NA NA NA 0 0 "Uqcrc2_noRT" "non-targeting_noRT"
"26852" "D730050B12Rik" 0 NA NA NA NA 0 0 "Uqcrc2_noRT" "non-targeting_noRT"
"26853" "Irx4" 0 NA NA NA NA 0 0 "Uqcrc2_noRT" "non-targeting_noRT"
"26854" "Eprn" 0 NA NA NA NA 0 0 "Uqcrc2_noRT" "non-targeting_noRT"
"26855" "Slc6a3" 0 NA NA NA NA 0 0 "Uqcrc2_noRT" "non-targeting_noRT"
"26856" "Slc6a18" 0 NA NA NA NA 0 0 "Uqcrc2_noRT" "non-targeting_noRT"
"26857" "Gm41002" 0 NA NA NA NA 0 0 "Uqcrc2_noRT" "non-targeting_noRT"
"26858" "Zdhhc11" 0 NA NA NA NA 0 0 "Uqcrc2_noRT" "non-targeting_noRT"
"26859" "Gm15912" 0 NA NA NA NA 0 0 "Uqcrc2_noRT" "non-targeting_noRT"
"26860" "Slc9a3" 0 NA NA NA NA 0 0 "Uqcrc2_noRT" "non-targeting_noRT"
"26861" "Lrrc14b" 0 NA NA NA NA 0 0 "Uqcrc2_noRT" "non-targeting_noRT"
"26862" "Gm47428" 0 NA NA NA NA 0 0 "Uqcrc2_noRT" "non-targeting_noRT"
"26863" "Gm49762" 0 NA NA NA NA 0 0 "Uqcrc2_noRT" "non-targeting_noRT"
"26864" "Gm49763" 0 NA NA NA NA 0 0 "Uqcrc2_noRT" "non-targeting_noRT"
"26865" "Gm47467" 0 NA NA NA NA 0 0 "Uqcrc2_noRT" "non-targeting_noRT"
"26866" "Gm47469" 0 NA NA NA NA 0 0 "Uqcrc2_noRT" "non-targeting_noRT"
"26867" "Pcsk1" 0 NA NA NA NA 0 0 "Uqcrc2_noRT" "non-targeting_noRT"
"26868" "1700037F03Rik" 0 NA NA NA NA 0 0 "Uqcrc2_noRT" "non-targeting_noRT"
"26869" "Gm48302" 0 NA NA NA NA 0 0 "Uqcrc2_noRT" "non-targeting_noRT"
"26870" "Spata9" 0 NA NA NA NA 0 0 "Uqcrc2_noRT" "non-targeting_noRT"
"26871" "Gpr150" 0 NA NA NA NA 0 0 "Uqcrc2_noRT" "non-targeting_noRT"
"26872" "Fam81b" 0 NA NA NA NA 0 0 "Uqcrc2_noRT" "non-targeting_noRT"
"26873" "Gm31219" 0 NA NA NA NA 0 0 "Uqcrc2_noRT" "non-targeting_noRT"
"26874" "Gm38604" 0 NA NA NA NA 0 0 "Uqcrc2_noRT" "non-targeting_noRT"
"26875" "Gm48399" 0 NA NA NA NA 0 0 "Uqcrc2_noRT" "non-targeting_noRT"
"26876" "Gm31946" 0 NA NA NA NA 0 0 "Uqcrc2_noRT" "non-targeting_noRT"
"26877" "Gm32067" 0 NA NA NA NA 0 0 "Uqcrc2_noRT" "non-targeting_noRT"
"26878" "Gm48402" 0 NA NA NA NA 0 0 "Uqcrc2_noRT" "non-targeting_noRT"
"26879" "Gm29318" 0 NA NA NA NA 0 0 "Uqcrc2_noRT" "non-targeting_noRT"
"26880" "Gm28526" 0 NA NA NA NA 0 0 "Uqcrc2_noRT" "non-targeting_noRT"
"26881" "1700023H06Rik" 0 NA NA NA NA 0 0 "Uqcrc2_noRT" "non-targeting_noRT"
"26882" "5430425K12Rik" 0 NA NA NA NA 0 0 "Uqcrc2_noRT" "non-targeting_noRT"
"26883" "Gm4211" 0 NA NA NA NA 0 0 "Uqcrc2_noRT" "non-targeting_noRT"
"26884" "9330111N05Rik" 0 NA NA NA NA 0 0 "Uqcrc2_noRT" "non-targeting_noRT"
"26885" "Gm49375" 0 NA NA NA NA 0 0 "Uqcrc2_noRT" "non-targeting_noRT"
"26886" "Gm48155" 0 NA NA NA NA 0 0 "Uqcrc2_noRT" "non-targeting_noRT"
"26887" "2310067P03Rik" 0 NA NA NA NA 0 0 "Uqcrc2_noRT" "non-targeting_noRT"
"26888" "Gm26803" 0 NA NA NA NA 0 0 "Uqcrc2_noRT" "non-targeting_noRT"
"26889" "Gm4241" 0 NA NA NA NA 0 0 "Uqcrc2_noRT" "non-targeting_noRT"
"26890" "Gm17750" 0 NA NA NA NA 0 0 "Uqcrc2_noRT" "non-targeting_noRT"
"26891" "Gm49223" 0 NA NA NA NA 0 0 "Uqcrc2_noRT" "non-targeting_noRT"
"26892" "Gm34585" 0 NA NA NA NA 0 0 "Uqcrc2_noRT" "non-targeting_noRT"
"26893" "Hapln1" 0 NA NA NA NA 0 0 "Uqcrc2_noRT" "non-targeting_noRT"
"26894" "Gm29680" 0 NA NA NA NA 0 0 "Uqcrc2_noRT" "non-targeting_noRT"
"26895" "Gm47520" 0 NA NA NA NA 0 0 "Uqcrc2_noRT" "non-targeting_noRT"
"26896" "Atp6ap1l" 0 NA NA NA NA 0 0 "Uqcrc2_noRT" "non-targeting_noRT"
"26897" "Gm47381" 0 NA NA NA NA 0 0 "Uqcrc2_noRT" "non-targeting_noRT"
"26898" "A830009L08Rik" 0 NA NA NA NA 0 0 "Uqcrc2_noRT" "non-targeting_noRT"
"26899" "Gm29540" 0 NA NA NA NA 0 0 "Uqcrc2_noRT" "non-targeting_noRT"
"26900" "4833422C13Rik" 0 NA NA NA NA 0 0 "Uqcrc2_noRT" "non-targeting_noRT"
"26901" "Acot12" 0 NA NA NA NA 0 0 "Uqcrc2_noRT" "non-targeting_noRT"
"26902" "Ckmt2" 0 NA NA NA NA 0 0 "Uqcrc2_noRT" "non-targeting_noRT"
"26903" "1700119I11Rik" 0 NA NA NA NA 0 0 "Uqcrc2_noRT" "non-targeting_noRT"
"26904" "Rasgrf2" 0 NA NA NA NA 0 0 "Uqcrc2_noRT" "non-targeting_noRT"
"26905" "Gm20379" 0 NA NA NA NA 0 0 "Uqcrc2_noRT" "non-targeting_noRT"
"26906" "C030017D09Rik" 0 NA NA NA NA 0 0 "Uqcrc2_noRT" "non-targeting_noRT"
"26907" "Ankrd34b" 0 NA NA NA NA 0 0 "Uqcrc2_noRT" "non-targeting_noRT"
"26908" "Spz1" 0 NA NA NA NA 0 0 "Uqcrc2_noRT" "non-targeting_noRT"
"26909" "Thbs4" 0 NA NA NA NA 0 0 "Uqcrc2_noRT" "non-targeting_noRT"
"26910" "Gm31630" 0 NA NA NA NA 0 0 "Uqcrc2_noRT" "non-targeting_noRT"
"26911" "Cmya5" 0 NA NA NA NA 0 0 "Uqcrc2_noRT" "non-targeting_noRT"
"26912" "Gm4814" 0 NA NA NA NA 0 0 "Uqcrc2_noRT" "non-targeting_noRT"
"26913" "A630019I02Rik" 0 NA NA NA NA 0 0 "Uqcrc2_noRT" "non-targeting_noRT"
"26914" "Bhmt" 0 NA NA NA NA 0 0 "Uqcrc2_noRT" "non-targeting_noRT"
"26915" "Gm15622" 0 NA NA NA NA 0 0 "Uqcrc2_noRT" "non-targeting_noRT"
"26916" "Bhmt2" 0 NA NA NA NA 0 0 "Uqcrc2_noRT" "non-targeting_noRT"
"26917" "Dmgdh" 0 NA NA NA NA 0 0 "Uqcrc2_noRT" "non-targeting_noRT"
"26918" "AW495222" 0 NA NA NA NA 0 0 "Uqcrc2_noRT" "non-targeting_noRT"
"26919" "Gm47210" 0 NA NA NA NA 0 0 "Uqcrc2_noRT" "non-targeting_noRT"
"26920" "Gm47216" 0 NA NA NA NA 0 0 "Uqcrc2_noRT" "non-targeting_noRT"
"26921" "Gm15907" 0 NA NA NA NA 0 0 "Uqcrc2_noRT" "non-targeting_noRT"
"26922" "Gm32089" 0 NA NA NA NA 0 0 "Uqcrc2_noRT" "non-targeting_noRT"
"26923" "Gm48102" 0 NA NA NA NA 0 0 "Uqcrc2_noRT" "non-targeting_noRT"
"26924" "Gm48287" 0 NA NA NA NA 0 0 "Uqcrc2_noRT" "non-targeting_noRT"
"26925" "Gm32305" 0 NA NA NA NA 0 0 "Uqcrc2_noRT" "non-targeting_noRT"
"26926" "Gm32351" 0 NA NA NA NA 0 0 "Uqcrc2_noRT" "non-targeting_noRT"
"26927" "Otp" 0 NA NA NA NA 0 0 "Uqcrc2_noRT" "non-targeting_noRT"
"26928" "Gm48350" 0 NA NA NA NA 0 0 "Uqcrc2_noRT" "non-targeting_noRT"
"26929" "Gm48420" 0 NA NA NA NA 0 0 "Uqcrc2_noRT" "non-targeting_noRT"
"26930" "Pde8b" 0 NA NA NA NA 0 0 "Uqcrc2_noRT" "non-targeting_noRT"
"26931" "Gm16243" 0 NA NA NA NA 0 0 "Uqcrc2_noRT" "non-targeting_noRT"
"26932" "Crhbp" 0 NA NA NA NA 0 0 "Uqcrc2_noRT" "non-targeting_noRT"
"26933" "S100z" 0 NA NA NA NA 0 0 "Uqcrc2_noRT" "non-targeting_noRT"
"26934" "F2rl1" 0 NA NA NA NA 0 0 "Uqcrc2_noRT" "non-targeting_noRT"
"26935" "Gm48730" 0 NA NA NA NA 0 0 "Uqcrc2_noRT" "non-targeting_noRT"
"26936" "F2rl2" 0 NA NA NA NA 0 0 "Uqcrc2_noRT" "non-targeting_noRT"
"26937" "AC171003.1" 0 NA NA NA NA 0 0 "Uqcrc2_noRT" "non-targeting_noRT"
"26938" "AC163685.1" 0 NA NA NA NA 0 0 "Uqcrc2_noRT" "non-targeting_noRT"
"26939" "Gm17190" 0 NA NA NA NA 0 0 "Uqcrc2_noRT" "non-targeting_noRT"
"26940" "Gm29543" 0 NA NA NA NA 0 0 "Uqcrc2_noRT" "non-targeting_noRT"
"26941" "Ankdd1b" 0 NA NA NA NA 0 0 "Uqcrc2_noRT" "non-targeting_noRT"
"26942" "Gm17622" 0 NA NA NA NA 0 0 "Uqcrc2_noRT" "non-targeting_noRT"
"26943" "Gm48133" 0 NA NA NA NA 0 0 "Uqcrc2_noRT" "non-targeting_noRT"
"26944" "Ankrd31" 0 NA NA NA NA 0 0 "Uqcrc2_noRT" "non-targeting_noRT"
"26945" "Gcnt4" 0 NA NA NA NA 0 0 "Uqcrc2_noRT" "non-targeting_noRT"
"26946" "Gm48597" 0 NA NA NA NA 0 0 "Uqcrc2_noRT" "non-targeting_noRT"
"26947" "1700029F12Rik" 0 NA NA NA NA 0 0 "Uqcrc2_noRT" "non-targeting_noRT"
"26948" "Fam169a" 0 NA NA NA NA 0 0 "Uqcrc2_noRT" "non-targeting_noRT"
"26949" "C430039J16Rik" 0 NA NA NA NA 0 0 "Uqcrc2_noRT" "non-targeting_noRT"
"26950" "Gm33447" 0 NA NA NA NA 0 0 "Uqcrc2_noRT" "non-targeting_noRT"
"26951" "Gm2379" 0 NA NA NA NA 0 0 "Uqcrc2_noRT" "non-targeting_noRT"
"26952" "Gm41030" 0 NA NA NA NA 0 0 "Uqcrc2_noRT" "non-targeting_noRT"
"26953" "Gm5086" 0 NA NA NA NA 0 0 "Uqcrc2_noRT" "non-targeting_noRT"
"26954" "5330416C01Rik" 0 NA NA NA NA 0 0 "Uqcrc2_noRT" "non-targeting_noRT"
"26955" "Gm10260" 0 NA NA NA NA 0 0 "Uqcrc2_noRT" "non-targeting_noRT"
"26956" "Gm41031" 0 NA NA NA NA 0 0 "Uqcrc2_noRT" "non-targeting_noRT"
"26957" "Gm34388" 0 NA NA NA NA 0 0 "Uqcrc2_noRT" "non-targeting_noRT"
"26958" "Gm21976" 0 NA NA NA NA 0 0 "Uqcrc2_noRT" "non-targeting_noRT"
"26959" "Foxd1" 0 NA NA NA NA 0 0 "Uqcrc2_noRT" "non-targeting_noRT"
"26960" "2310005E17Rik" 0 NA NA NA NA 0 0 "Uqcrc2_noRT" "non-targeting_noRT"
"26961" "Gm29501" 0 NA NA NA NA 0 0 "Uqcrc2_noRT" "non-targeting_noRT"
"26962" "Gm48050" 0 NA NA NA NA 0 0 "Uqcrc2_noRT" "non-targeting_noRT"
"26963" "Tmem174" 0 NA NA NA NA 0 0 "Uqcrc2_noRT" "non-targeting_noRT"
"26964" "Tmem171" 0 NA NA NA NA 0 0 "Uqcrc2_noRT" "non-targeting_noRT"
"26965" "Gm35215" 0 NA NA NA NA 0 0 "Uqcrc2_noRT" "non-targeting_noRT"
"26966" "1700024P04Rik" 0 NA NA NA NA 0 0 "Uqcrc2_noRT" "non-targeting_noRT"
"26967" "Gm35279" 0 NA NA NA NA 0 0 "Uqcrc2_noRT" "non-targeting_noRT"
"26968" "A930014D07Rik" 0 NA NA NA NA 0 0 "Uqcrc2_noRT" "non-targeting_noRT"
"26969" "2310020H05Rik" 0 NA NA NA NA 0 0 "Uqcrc2_noRT" "non-targeting_noRT"
"26970" "Gm807" 0 NA NA NA NA 0 0 "Uqcrc2_noRT" "non-targeting_noRT"
"26971" "Zfp366" 0 NA NA NA NA 0 0 "Uqcrc2_noRT" "non-targeting_noRT"
"26972" "Cartpt" 0 NA NA NA NA 0 0 "Uqcrc2_noRT" "non-targeting_noRT"
"26973" "BC001981" 0 NA NA NA NA 0 0 "Uqcrc2_noRT" "non-targeting_noRT"
"26974" "Naip1" 0 NA NA NA NA 0 0 "Uqcrc2_noRT" "non-targeting_noRT"
"26975" "Gm48596" 0 NA NA NA NA 0 0 "Uqcrc2_noRT" "non-targeting_noRT"
"26976" "Marveld2" 0 NA NA NA NA 0 0 "Uqcrc2_noRT" "non-targeting_noRT"
"26977" "Taf9" 0 NA NA NA NA 0 0 "Uqcrc2_noRT" "non-targeting_noRT"
"26978" "Gm29502" 0 NA NA NA NA 0 0 "Uqcrc2_noRT" "non-targeting_noRT"
"26979" "5930438M14Rik" 0 NA NA NA NA 0 0 "Uqcrc2_noRT" "non-targeting_noRT"
"26980" "4932411K12Rik" 0 NA NA NA NA 0 0 "Uqcrc2_noRT" "non-targeting_noRT"
"26981" "Gm41043" 0 NA NA NA NA 0 0 "Uqcrc2_noRT" "non-targeting_noRT"
"26982" "Gm47533" 0 NA NA NA NA 0 0 "Uqcrc2_noRT" "non-targeting_noRT"
"26983" "Gm29341" 0 NA NA NA NA 0 0 "Uqcrc2_noRT" "non-targeting_noRT"
"26984" "Gm47007" 0 NA NA NA NA 0 0 "Uqcrc2_noRT" "non-targeting_noRT"
"26985" "Gm29927" 0 NA NA NA NA 0 0 "Uqcrc2_noRT" "non-targeting_noRT"
"26986" "Cd180" 0 NA NA NA NA 0 0 "Uqcrc2_noRT" "non-targeting_noRT"
"26987" "1700099I09Rik" 0 NA NA NA NA 0 0 "Uqcrc2_noRT" "non-targeting_noRT"
"26988" "Gm17160" 0 NA NA NA NA 0 0 "Uqcrc2_noRT" "non-targeting_noRT"
"26989" "Gm30551" 0 NA NA NA NA 0 0 "Uqcrc2_noRT" "non-targeting_noRT"
"26990" "Gm47849" 0 NA NA NA NA 0 0 "Uqcrc2_noRT" "non-targeting_noRT"
"26991" "2610204G07Rik" 0 NA NA NA NA 0 0 "Uqcrc2_noRT" "non-targeting_noRT"
"26992" "Shisal2b" 0 NA NA NA NA 0 0 "Uqcrc2_noRT" "non-targeting_noRT"
"26993" "Rgs7bp" 0 NA NA NA NA 0 0 "Uqcrc2_noRT" "non-targeting_noRT"
"26994" "4933425L06Rik" 0 NA NA NA NA 0 0 "Uqcrc2_noRT" "non-targeting_noRT"
"26995" "Rnf180" 0 NA NA NA NA 0 0 "Uqcrc2_noRT" "non-targeting_noRT"
"26996" "Htr1a" 0 NA NA NA NA 0 0 "Uqcrc2_noRT" "non-targeting_noRT"
"26997" "Gm10739" 0 NA NA NA NA 0 0 "Uqcrc2_noRT" "non-targeting_noRT"
"26998" "Gm30411" 0 NA NA NA NA 0 0 "Uqcrc2_noRT" "non-targeting_noRT"
"26999" "Gm28989" 0 NA NA NA NA 0 0 "Uqcrc2_noRT" "non-targeting_noRT"
"27000" "Gm28988" 0 NA NA NA NA 0 0 "Uqcrc2_noRT" "non-targeting_noRT"
"27001" "Gm31452" 0 NA NA NA NA 0 0 "Uqcrc2_noRT" "non-targeting_noRT"
"27002" "AI197445" 0 NA NA NA NA 0 0 "Uqcrc2_noRT" "non-targeting_noRT"
"27003" "Gm32004" 0 NA NA NA NA 0 0 "Uqcrc2_noRT" "non-targeting_noRT"
"27004" "B230220B15Rik" 0 NA NA NA NA 0 0 "Uqcrc2_noRT" "non-targeting_noRT"
"27005" "Pde4d" 0 NA NA NA NA 0 0 "Uqcrc2_noRT" "non-targeting_noRT"
"27006" "Rab3c" 0 NA NA NA NA 0 0 "Uqcrc2_noRT" "non-targeting_noRT"
"27007" "Gapt" 0 NA NA NA NA 0 0 "Uqcrc2_noRT" "non-targeting_noRT"
"27008" "Gm33045" 0 NA NA NA NA 0 0 "Uqcrc2_noRT" "non-targeting_noRT"
"27009" "Gm33172" 0 NA NA NA NA 0 0 "Uqcrc2_noRT" "non-targeting_noRT"
"27010" "4930526H09Rik" 0 NA NA NA NA 0 0 "Uqcrc2_noRT" "non-targeting_noRT"
"27011" "Gm38397" 0 NA NA NA NA 0 0 "Uqcrc2_noRT" "non-targeting_noRT"
"27012" "3110015C05Rik" 0 NA NA NA NA 0 0 "Uqcrc2_noRT" "non-targeting_noRT"
"27013" "Actbl2" 0 NA NA NA NA 0 0 "Uqcrc2_noRT" "non-targeting_noRT"
"27014" "Gm6270" 0 NA NA NA NA 0 0 "Uqcrc2_noRT" "non-targeting_noRT"
"27015" "Gm15290" 0 NA NA NA NA 0 0 "Uqcrc2_noRT" "non-targeting_noRT"
"27016" "Gm15288" 0 NA NA NA NA 0 0 "Uqcrc2_noRT" "non-targeting_noRT"
"27017" "Gm15286" 0 NA NA NA NA 0 0 "Uqcrc2_noRT" "non-targeting_noRT"
"27018" "Gm10198" 0 NA NA NA NA 0 0 "Uqcrc2_noRT" "non-targeting_noRT"
"27019" "Gm15287" 0 NA NA NA NA 0 0 "Uqcrc2_noRT" "non-targeting_noRT"
"27020" "Gm15327" 0 NA NA NA NA 0 0 "Uqcrc2_noRT" "non-targeting_noRT"
"27021" "Gm15325" 0 NA NA NA NA 0 0 "Uqcrc2_noRT" "non-targeting_noRT"
"27022" "Gm15324" 0 NA NA NA NA 0 0 "Uqcrc2_noRT" "non-targeting_noRT"
"27023" "Gm15322" 0 NA NA NA NA 0 0 "Uqcrc2_noRT" "non-targeting_noRT"
"27024" "Gm15323" 0 NA NA NA NA 0 0 "Uqcrc2_noRT" "non-targeting_noRT"
"27025" "Gm48802" 0 NA NA NA NA 0 0 "Uqcrc2_noRT" "non-targeting_noRT"
"27026" "Ankrd55" 0 NA NA NA NA 0 0 "Uqcrc2_noRT" "non-targeting_noRT"
"27027" "Gm48837" 0 NA NA NA NA 0 0 "Uqcrc2_noRT" "non-targeting_noRT"
"27028" "2810403G07Rik" 0 NA NA NA NA 0 0 "Uqcrc2_noRT" "non-targeting_noRT"
"27029" "Gm48876" 0 NA NA NA NA 0 0 "Uqcrc2_noRT" "non-targeting_noRT"
"27030" "Gm48879" 0 NA NA NA NA 0 0 "Uqcrc2_noRT" "non-targeting_noRT"
"27031" "Il31ra" 0 NA NA NA NA 0 0 "Uqcrc2_noRT" "non-targeting_noRT"
"27032" "Ddx4" 0 NA NA NA NA 0 0 "Uqcrc2_noRT" "non-targeting_noRT"
"27033" "Gm47827" 0 NA NA NA NA 0 0 "Uqcrc2_noRT" "non-targeting_noRT"
"27034" "Gm47850" 0 NA NA NA NA 0 0 "Uqcrc2_noRT" "non-targeting_noRT"
"27035" "Mcidas" 0 NA NA NA NA 0 0 "Uqcrc2_noRT" "non-targeting_noRT"
"27036" "Cdc20b" 0 NA NA NA NA 0 0 "Uqcrc2_noRT" "non-targeting_noRT"
"27037" "4930563N14Rik" 0 NA NA NA NA 0 0 "Uqcrc2_noRT" "non-targeting_noRT"
"27038" "Gzma" 0 NA NA NA NA 0 0 "Uqcrc2_noRT" "non-targeting_noRT"
"27039" "1700084D21Rik" 0 NA NA NA NA 0 0 "Uqcrc2_noRT" "non-targeting_noRT"
"27040" "Gzmk" 0 NA NA NA NA 0 0 "Uqcrc2_noRT" "non-targeting_noRT"
"27041" "Esm1" 0 NA NA NA NA 0 0 "Uqcrc2_noRT" "non-targeting_noRT"
"27042" "BC067074" 0 NA NA NA NA 0 0 "Uqcrc2_noRT" "non-targeting_noRT"
"27043" "Gm41071" 0 NA NA NA NA 0 0 "Uqcrc2_noRT" "non-targeting_noRT"
"27044" "4921509O07Rik" 0 NA NA NA NA 0 0 "Uqcrc2_noRT" "non-targeting_noRT"
"27045" "Gm34471" 0 NA NA NA NA 0 0 "Uqcrc2_noRT" "non-targeting_noRT"
"27046" "Hspb3" 0 NA NA NA NA 0 0 "Uqcrc2_noRT" "non-targeting_noRT"
"27047" "Gm34586" 0 NA NA NA NA 0 0 "Uqcrc2_noRT" "non-targeting_noRT"
"27048" "A430090L17Rik" 0 NA NA NA NA 0 0 "Uqcrc2_noRT" "non-targeting_noRT"
"27049" "Gm47040" 0 NA NA NA NA 0 0 "Uqcrc2_noRT" "non-targeting_noRT"
"27050" "4930467J12Rik" 0 NA NA NA NA 0 0 "Uqcrc2_noRT" "non-targeting_noRT"
"27051" "4930544M13Rik" 0 NA NA NA NA 0 0 "Uqcrc2_noRT" "non-targeting_noRT"
"27052" "Isl1" 0 NA NA NA NA 0 0 "Uqcrc2_noRT" "non-targeting_noRT"
"27053" "Gm47914" 0 NA NA NA NA 0 0 "Uqcrc2_noRT" "non-targeting_noRT"
"27054" "Gm47913" 0 NA NA NA NA 0 0 "Uqcrc2_noRT" "non-targeting_noRT"
"27055" "4930435F18Rik" 0 NA NA NA NA 0 0 "Uqcrc2_noRT" "non-targeting_noRT"
"27056" "Gm6416" 0 NA NA NA NA 0 0 "Uqcrc2_noRT" "non-targeting_noRT"
"27057" "Gm17509" 0 NA NA NA NA 0 0 "Uqcrc2_noRT" "non-targeting_noRT"
"27058" "4933413L06Rik" 0 NA NA NA NA 0 0 "Uqcrc2_noRT" "non-targeting_noRT"
"27059" "B430218F22Rik" 0 NA NA NA NA 0 0 "Uqcrc2_noRT" "non-targeting_noRT"
"27060" "1700003P14Rik" 0 NA NA NA NA 0 0 "Uqcrc2_noRT" "non-targeting_noRT"
"27061" "Gm10732" 0 NA NA NA NA 0 0 "Uqcrc2_noRT" "non-targeting_noRT"
"27062" "Fgf10" 0 NA NA NA NA 0 0 "Uqcrc2_noRT" "non-targeting_noRT"
"27063" "Gm16263" 0 NA NA NA NA 0 0 "Uqcrc2_noRT" "non-targeting_noRT"
"27064" "Gm47336" 0 NA NA NA NA 0 0 "Uqcrc2_noRT" "non-targeting_noRT"
"27065" "Nnt.1" 0 NA NA NA NA 0 0 "Uqcrc2_noRT" "non-targeting_noRT"
"27066" "Gm9752" 0 NA NA NA NA 0 0 "Uqcrc2_noRT" "non-targeting_noRT"
"27067" "Ccl28" 0 NA NA NA NA 0 0 "Uqcrc2_noRT" "non-targeting_noRT"
"27068" "1700074H08Rik" 0 NA NA NA NA 0 0 "Uqcrc2_noRT" "non-targeting_noRT"
"27069" "Gm48342" 0 NA NA NA NA 0 0 "Uqcrc2_noRT" "non-targeting_noRT"
"27070" "AF067063" 0 NA NA NA NA 0 0 "Uqcrc2_noRT" "non-targeting_noRT"
"27071" "D13Ertd608e" 0 NA NA NA NA 0 0 "Uqcrc2_noRT" "non-targeting_noRT"
"27072" "Tcstv1" 0 NA NA NA NA 0 0 "Uqcrc2_noRT" "non-targeting_noRT"
"27073" "Gm21761" 0 NA NA NA NA 0 0 "Uqcrc2_noRT" "non-targeting_noRT"
"27074" "B020031M17Rik" 0 NA NA NA NA 0 0 "Uqcrc2_noRT" "non-targeting_noRT"
"27075" "Gm36161" 0 NA NA NA NA 0 0 "Uqcrc2_noRT" "non-targeting_noRT"
"27076" "Gm36079" 0 NA NA NA NA 0 0 "Uqcrc2_noRT" "non-targeting_noRT"
"27077" "Gm21188" 0 NA NA NA NA 0 0 "Uqcrc2_noRT" "non-targeting_noRT"
"27078" "Gm20767" 0 NA NA NA NA 0 0 "Uqcrc2_noRT" "non-targeting_noRT"
"27079" "Gm21818" 0 NA NA NA NA 0 0 "Uqcrc2_noRT" "non-targeting_noRT"
"27080" "Gm21762" 0 NA NA NA NA 0 0 "Uqcrc2_noRT" "non-targeting_noRT"
"27081" "Gm21731" 0 NA NA NA NA 0 0 "Uqcrc2_noRT" "non-targeting_noRT"
"27082" "AF067061" 0 NA NA NA NA 0 0 "Uqcrc2_noRT" "non-targeting_noRT"
"27083" "BC147527" 0 NA NA NA NA 0 0 "Uqcrc2_noRT" "non-targeting_noRT"
"27084" "Tcstv3" 0 NA NA NA NA 0 0 "Uqcrc2_noRT" "non-targeting_noRT"
"27085" "Gm2888" 0 NA NA NA NA 0 0 "Uqcrc2_noRT" "non-targeting_noRT"
"27086" "Gm2897" 0 NA NA NA NA 0 0 "Uqcrc2_noRT" "non-targeting_noRT"
"27087" "Gm10340" 0 NA NA NA NA 0 0 "Uqcrc2_noRT" "non-targeting_noRT"
"27088" "Gm17188" 0 NA NA NA NA 0 0 "Uqcrc2_noRT" "non-targeting_noRT"
"27089" "Gm5795" 0 NA NA NA NA 0 0 "Uqcrc2_noRT" "non-targeting_noRT"
"27090" "D830030K20Rik" 0 NA NA NA NA 0 0 "Uqcrc2_noRT" "non-targeting_noRT"
"27091" "1700110I01Rik" 0 NA NA NA NA 0 0 "Uqcrc2_noRT" "non-targeting_noRT"
"27092" "Gm2956" 0 NA NA NA NA 0 0 "Uqcrc2_noRT" "non-targeting_noRT"
"27093" "Gm10413" 0 NA NA NA NA 0 0 "Uqcrc2_noRT" "non-targeting_noRT"
"27094" "Gm10409" 0 NA NA NA NA 0 0 "Uqcrc2_noRT" "non-targeting_noRT"
"27095" "Gm3005" 0 NA NA NA NA 0 0 "Uqcrc2_noRT" "non-targeting_noRT"
"27096" "Gm10408" 0 NA NA NA NA 0 0 "Uqcrc2_noRT" "non-targeting_noRT"
"27097" "Gm3012" 0 NA NA NA NA 0 0 "Uqcrc2_noRT" "non-targeting_noRT"
"27098" "Gm3020" 0 NA NA NA NA 0 0 "Uqcrc2_noRT" "non-targeting_noRT"
"27099" "Gm3043" 0 NA NA NA NA 0 0 "Uqcrc2_noRT" "non-targeting_noRT"
"27100" "Gm3002" 0 NA NA NA NA 0 0 "Uqcrc2_noRT" "non-targeting_noRT"
"27101" "Gm26886" 0 NA NA NA NA 0 0 "Uqcrc2_noRT" "non-targeting_noRT"
"27102" "Gm3033" 0 NA NA NA NA 0 0 "Uqcrc2_noRT" "non-targeting_noRT"
"27103" "Gm2916" 0 NA NA NA NA 0 0 "Uqcrc2_noRT" "non-targeting_noRT"
"27104" "Gm3029" 0 NA NA NA NA 0 0 "Uqcrc2_noRT" "non-targeting_noRT"
"27105" "Gm3095" 0 NA NA NA NA 0 0 "Uqcrc2_noRT" "non-targeting_noRT"
"27106" "Gm3099" 0 NA NA NA NA 0 0 "Uqcrc2_noRT" "non-targeting_noRT"
"27107" "Gm5796" 0 NA NA NA NA 0 0 "Uqcrc2_noRT" "non-targeting_noRT"
"27108" "Gm3115" 0 NA NA NA NA 0 0 "Uqcrc2_noRT" "non-targeting_noRT"
"27109" "Gm8108" 0 NA NA NA NA 0 0 "Uqcrc2_noRT" "non-targeting_noRT"
"27110" "Gm3127" 0 NA NA NA NA 0 0 "Uqcrc2_noRT" "non-targeting_noRT"
"27111" "Gm2974" 0 NA NA NA NA 0 0 "Uqcrc2_noRT" "non-targeting_noRT"
"27112" "Gm3138" 0 NA NA NA NA 0 0 "Uqcrc2_noRT" "non-targeting_noRT"
"27113" "Gm3149" 0 NA NA NA NA 0 0 "Uqcrc2_noRT" "non-targeting_noRT"
"27114" "2610042L04Rik" 0 NA NA NA NA 0 0 "Uqcrc2_noRT" "non-targeting_noRT"
"27115" "Gm3159" 0 NA NA NA NA 0 0 "Uqcrc2_noRT" "non-targeting_noRT"
"27116" "Gm3164" 0 NA NA NA NA 0 0 "Uqcrc2_noRT" "non-targeting_noRT"
"27117" "Gm3173" 0 NA NA NA NA 0 0 "Uqcrc2_noRT" "non-targeting_noRT"
"27118" "Gm3182" 0 NA NA NA NA 0 0 "Uqcrc2_noRT" "non-targeting_noRT"
"27119" "Gm26655" 0 NA NA NA NA 0 0 "Uqcrc2_noRT" "non-targeting_noRT"
"27120" "Gm3047" 0 NA NA NA NA 0 0 "Uqcrc2_noRT" "non-targeting_noRT"
"27121" "Gm8159" 0 NA NA NA NA 0 0 "Uqcrc2_noRT" "non-targeting_noRT"
"27122" "Gm3239" 0 NA NA NA NA 0 0 "Uqcrc2_noRT" "non-targeting_noRT"
"27123" "Gm7876" 0 NA NA NA NA 0 0 "Uqcrc2_noRT" "non-targeting_noRT"
"27124" "Gm3252" 0 NA NA NA NA 0 0 "Uqcrc2_noRT" "non-targeting_noRT"
"27125" "Gm9602" 0 NA NA NA NA 0 0 "Uqcrc2_noRT" "non-targeting_noRT"
"27126" "Gm3269" 0 NA NA NA NA 0 0 "Uqcrc2_noRT" "non-targeting_noRT"
"27127" "Gm3264" 0 NA NA NA NA 0 0 "Uqcrc2_noRT" "non-targeting_noRT"
"27128" "Gm26650" 0 NA NA NA NA 0 0 "Uqcrc2_noRT" "non-targeting_noRT"
"27129" "Gm3278" 0 NA NA NA NA 0 0 "Uqcrc2_noRT" "non-targeting_noRT"
"27130" "Gm8297" 0 NA NA NA NA 0 0 "Uqcrc2_noRT" "non-targeting_noRT"
"27131" "Gm3298" 0 NA NA NA NA 0 0 "Uqcrc2_noRT" "non-targeting_noRT"
"27132" "4930555G01Rik" 0 NA NA NA NA 0 0 "Uqcrc2_noRT" "non-targeting_noRT"
"27133" "Gm8281" 0 NA NA NA NA 0 0 "Uqcrc2_noRT" "non-targeting_noRT"
"27134" "Gm8279" 0 NA NA NA NA 0 0 "Uqcrc2_noRT" "non-targeting_noRT"
"27135" "Gm26552" 0 NA NA NA NA 0 0 "Uqcrc2_noRT" "non-targeting_noRT"
"27136" "Gm3317" 0 NA NA NA NA 0 0 "Uqcrc2_noRT" "non-targeting_noRT"
"27137" "Gm8271" 0 NA NA NA NA 0 0 "Uqcrc2_noRT" "non-targeting_noRT"
"27138" "Gm3526" 0 NA NA NA NA 0 0 "Uqcrc2_noRT" "non-targeting_noRT"
"27139" "Gm3542" 0 NA NA NA NA 0 0 "Uqcrc2_noRT" "non-targeting_noRT"
"27140" "Gm3500" 0 NA NA NA NA 0 0 "Uqcrc2_noRT" "non-targeting_noRT"
"27141" "Gm3194" 0 NA NA NA NA 0 0 "Uqcrc2_noRT" "non-targeting_noRT"
"27142" "Gm8246" 0 NA NA NA NA 0 0 "Uqcrc2_noRT" "non-targeting_noRT"
"27143" "Gm3187" 0 NA NA NA NA 0 0 "Uqcrc2_noRT" "non-targeting_noRT"
"27144" "Gm3488" 0 NA NA NA NA 0 0 "Uqcrc2_noRT" "non-targeting_noRT"
"27145" "Gm26893" 0 NA NA NA NA 0 0 "Uqcrc2_noRT" "non-targeting_noRT"
"27146" "Gm3532" 0 NA NA NA NA 0 0 "Uqcrc2_noRT" "non-targeting_noRT"
"27147" "Gm3383" 0 NA NA NA NA 0 0 "Uqcrc2_noRT" "non-targeting_noRT"
"27148" "Gm8265" 0 NA NA NA NA 0 0 "Uqcrc2_noRT" "non-targeting_noRT"
"27149" "Gm9603" 0 NA NA NA NA 0 0 "Uqcrc2_noRT" "non-targeting_noRT"
"27150" "Gm3373" 0 NA NA NA NA 0 0 "Uqcrc2_noRT" "non-targeting_noRT"
"27151" "Gm3424" 0 NA NA NA NA 0 0 "Uqcrc2_noRT" "non-targeting_noRT"
"27152" "Gm8237" 0 NA NA NA NA 0 0 "Uqcrc2_noRT" "non-targeting_noRT"
"27153" "Gm3248" 0 NA NA NA NA 0 0 "Uqcrc2_noRT" "non-targeting_noRT"
"27154" "Gm3453" 0 NA NA NA NA 0 0 "Uqcrc2_noRT" "non-targeting_noRT"
"27155" "Gm8206" 0 NA NA NA NA 0 0 "Uqcrc2_noRT" "non-targeting_noRT"
"27156" "Gm6337" 0 NA NA NA NA 0 0 "Uqcrc2_noRT" "non-targeting_noRT"
"27157" "Gm3468" 0 NA NA NA NA 0 0 "Uqcrc2_noRT" "non-targeting_noRT"
"27158" "Gm3476" 0 NA NA NA NA 0 0 "Uqcrc2_noRT" "non-targeting_noRT"
"27159" "Gm21560" 0 NA NA NA NA 0 0 "Uqcrc2_noRT" "non-targeting_noRT"
"27160" "Gm3411" 0 NA NA NA NA 0 0 "Uqcrc2_noRT" "non-targeting_noRT"
"27161" "Gm21103" 0 NA NA NA NA 0 0 "Uqcrc2_noRT" "non-targeting_noRT"
"27162" "Gm26630" 0 NA NA NA NA 0 0 "Uqcrc2_noRT" "non-targeting_noRT"
"27163" "Gm16440" 0 NA NA NA NA 0 0 "Uqcrc2_noRT" "non-targeting_noRT"
"27164" "Gm3591" 0 NA NA NA NA 0 0 "Uqcrc2_noRT" "non-targeting_noRT"
"27165" "Gm3594" 0 NA NA NA NA 0 0 "Uqcrc2_noRT" "non-targeting_noRT"
"27166" "Gm8356" 0 NA NA NA NA 0 0 "Uqcrc2_noRT" "non-targeting_noRT"
"27167" "Gm3629" 0 NA NA NA NA 0 0 "Uqcrc2_noRT" "non-targeting_noRT"
"27168" "Gm3460" 0 NA NA NA NA 0 0 "Uqcrc2_noRT" "non-targeting_noRT"
"27169" "Gm10251" 0 NA NA NA NA 0 0 "Uqcrc2_noRT" "non-targeting_noRT"
"27170" "Gm26680" 0 NA NA NA NA 0 0 "Uqcrc2_noRT" "non-targeting_noRT"
"27171" "Gm8050" 0 NA NA NA NA 0 0 "Uqcrc2_noRT" "non-targeting_noRT"
"27172" "Gm3636" 0 NA NA NA NA 0 0 "Uqcrc2_noRT" "non-targeting_noRT"
"27173" "Gm8362" 0 NA NA NA NA 0 0 "Uqcrc2_noRT" "non-targeting_noRT"
"27174" "Gm3642" 0 NA NA NA NA 0 0 "Uqcrc2_noRT" "non-targeting_noRT"
"27175" "Gm3667" 0 NA NA NA NA 0 0 "Uqcrc2_noRT" "non-targeting_noRT"
"27176" "Gm6356" 0 NA NA NA NA 0 0 "Uqcrc2_noRT" "non-targeting_noRT"
"27177" "Gm10406" 0 NA NA NA NA 0 0 "Uqcrc2_noRT" "non-targeting_noRT"
"27178" "Gm3685" 0 NA NA NA NA 0 0 "Uqcrc2_noRT" "non-targeting_noRT"
"27179" "Gm3696" 0 NA NA NA NA 0 0 "Uqcrc2_noRT" "non-targeting_noRT"
"27180" "Gm6676" 0 NA NA NA NA 0 0 "Uqcrc2_noRT" "non-targeting_noRT"
"27181" "Gm3512" 0 NA NA NA NA 0 0 "Uqcrc2_noRT" "non-targeting_noRT"
"27182" "Gm16434" 0 NA NA NA NA 0 0 "Uqcrc2_noRT" "non-targeting_noRT"
"27183" "Gm3727" 0 NA NA NA NA 0 0 "Uqcrc2_noRT" "non-targeting_noRT"
"27184" "Gm3739" 0 NA NA NA NA 0 0 "Uqcrc2_noRT" "non-targeting_noRT"
"27185" "Gm5797" 0 NA NA NA NA 0 0 "Uqcrc2_noRT" "non-targeting_noRT"
"27186" "Gm8374" 0 NA NA NA NA 0 0 "Uqcrc2_noRT" "non-targeting_noRT"
"27187" "Gm10339" 0 NA NA NA NA 0 0 "Uqcrc2_noRT" "non-targeting_noRT"
"27188" "4933406F09Rik" 0 NA NA NA NA 0 0 "Uqcrc2_noRT" "non-targeting_noRT"
"27189" "Gm3755" 0 NA NA NA NA 0 0 "Uqcrc2_noRT" "non-targeting_noRT"
"27190" "Gm3752" 0 NA NA NA NA 0 0 "Uqcrc2_noRT" "non-targeting_noRT"
"27191" "Gm3558" 0 NA NA NA NA 0 0 "Uqcrc2_noRT" "non-targeting_noRT"
"27192" "Gm10338" 0 NA NA NA NA 0 0 "Uqcrc2_noRT" "non-targeting_noRT"
"27193" "Gm10128" 0 NA NA NA NA 0 0 "Uqcrc2_noRT" "non-targeting_noRT"
"27194" "Gm16741" 0 NA NA NA NA 0 0 "Uqcrc2_noRT" "non-targeting_noRT"
"27195" "Gm45521" 0 NA NA NA NA 0 0 "Uqcrc2_noRT" "non-targeting_noRT"
"27196" "Dnase1l3" 0 NA NA NA NA 0 0 "Uqcrc2_noRT" "non-targeting_noRT"
"27197" "Fam107a" 0 NA NA NA NA 0 0 "Uqcrc2_noRT" "non-targeting_noRT"
"27198" "Oit1" 0 NA NA NA NA 0 0 "Uqcrc2_noRT" "non-targeting_noRT"
"27199" "2610318M16Rik" 0 NA NA NA NA 0 0 "Uqcrc2_noRT" "non-targeting_noRT"
"27200" "4930452B06Rik" 0 NA NA NA NA 0 0 "Uqcrc2_noRT" "non-targeting_noRT"
"27201" "4930455B14Rik" 0 NA NA NA NA 0 0 "Uqcrc2_noRT" "non-targeting_noRT"
"27202" "Gm48370" 0 NA NA NA NA 0 0 "Uqcrc2_noRT" "non-targeting_noRT"
"27203" "Gm48371" 0 NA NA NA NA 0 0 "Uqcrc2_noRT" "non-targeting_noRT"
"27204" "Fhit" 0 NA NA NA NA 0 0 "Uqcrc2_noRT" "non-targeting_noRT"
"27205" "Gm48439" 0 NA NA NA NA 0 0 "Uqcrc2_noRT" "non-targeting_noRT"
"27206" "Fhitos" 0 NA NA NA NA 0 0 "Uqcrc2_noRT" "non-targeting_noRT"
"27207" "Gm3839" 0 NA NA NA NA 0 0 "Uqcrc2_noRT" "non-targeting_noRT"
"27208" "Gm48594" 0 NA NA NA NA 0 0 "Uqcrc2_noRT" "non-targeting_noRT"
"27209" "Gm48595" 0 NA NA NA NA 0 0 "Uqcrc2_noRT" "non-targeting_noRT"
"27210" "Gm3848" 0 NA NA NA NA 0 0 "Uqcrc2_noRT" "non-targeting_noRT"
"27211" "Fezf2" 0 NA NA NA NA 0 0 "Uqcrc2_noRT" "non-targeting_noRT"
"27212" "Cadps" 0 NA NA NA NA 0 0 "Uqcrc2_noRT" "non-targeting_noRT"
"27213" "Gm48526" 0 NA NA NA NA 0 0 "Uqcrc2_noRT" "non-targeting_noRT"
"27214" "Gm5087" 0 NA NA NA NA 0 0 "Uqcrc2_noRT" "non-targeting_noRT"
"27215" "Synpr" 0 NA NA NA NA 0 0 "Uqcrc2_noRT" "non-targeting_noRT"
"27216" "Sntn" 0 NA NA NA NA 0 0 "Uqcrc2_noRT" "non-targeting_noRT"
"27217" "Gm281" 0 NA NA NA NA 0 0 "Uqcrc2_noRT" "non-targeting_noRT"
"27218" "Olfr720" 0 NA NA NA NA 0 0 "Uqcrc2_noRT" "non-targeting_noRT"
"27219" "Gm48857" 0 NA NA NA NA 0 0 "Uqcrc2_noRT" "non-targeting_noRT"
"27220" "Olfr31" 0 NA NA NA NA 0 0 "Uqcrc2_noRT" "non-targeting_noRT"
"27221" "Gm48860" 0 NA NA NA NA 0 0 "Uqcrc2_noRT" "non-targeting_noRT"
"27222" "Il3ra" 0 NA NA NA NA 0 0 "Uqcrc2_noRT" "non-targeting_noRT"
"27223" "Olfr721-ps1" 0 NA NA NA NA 0 0 "Uqcrc2_noRT" "non-targeting_noRT"
"27224" "Nek10" 0 NA NA NA NA 0 0 "Uqcrc2_noRT" "non-targeting_noRT"
"27225" "Gm31577" 0 NA NA NA NA 0 0 "Uqcrc2_noRT" "non-targeting_noRT"
"27226" "Lrrc3b" 0 NA NA NA NA 0 0 "Uqcrc2_noRT" "non-targeting_noRT"
"27227" "B230110C06Rik" 0 NA NA NA NA 0 0 "Uqcrc2_noRT" "non-targeting_noRT"
"27228" "Gm47782" 0 NA NA NA NA 0 0 "Uqcrc2_noRT" "non-targeting_noRT"
"27229" "Gm31804" 0 NA NA NA NA 0 0 "Uqcrc2_noRT" "non-targeting_noRT"
"27230" "Gm47780" 0 NA NA NA NA 0 0 "Uqcrc2_noRT" "non-targeting_noRT"
"27231" "1700062C10Rik" 0 NA NA NA NA 0 0 "Uqcrc2_noRT" "non-targeting_noRT"
"27232" "Gm47794" 0 NA NA NA NA 0 0 "Uqcrc2_noRT" "non-targeting_noRT"
"27233" "5430414B19Rik" 0 NA NA NA NA 0 0 "Uqcrc2_noRT" "non-targeting_noRT"
"27234" "Gm47798" 0 NA NA NA NA 0 0 "Uqcrc2_noRT" "non-targeting_noRT"
"27235" "Gm48163" 0 NA NA NA NA 0 0 "Uqcrc2_noRT" "non-targeting_noRT"
"27236" "Rarb" 0 NA NA NA NA 0 0 "Uqcrc2_noRT" "non-targeting_noRT"
"27237" "Gm48162" 0 NA NA NA NA 0 0 "Uqcrc2_noRT" "non-targeting_noRT"
"27238" "Thrb" 0 NA NA NA NA 0 0 "Uqcrc2_noRT" "non-targeting_noRT"
"27239" "Gm48321" 0 NA NA NA NA 0 0 "Uqcrc2_noRT" "non-targeting_noRT"
"27240" "Gm48099" 0 NA NA NA NA 0 0 "Uqcrc2_noRT" "non-targeting_noRT"
"27241" "Gm21738" 0 NA NA NA NA 0 0 "Uqcrc2_noRT" "non-targeting_noRT"
"27242" "Gm48105" 0 NA NA NA NA 0 0 "Uqcrc2_noRT" "non-targeting_noRT"
"27243" "Gm2244" 0 NA NA NA NA 0 0 "Uqcrc2_noRT" "non-targeting_noRT"
"27244" "Gm5458" 0 NA NA NA NA 0 0 "Uqcrc2_noRT" "non-targeting_noRT"
"27245" "Gm41102" 0 NA NA NA NA 0 0 "Uqcrc2_noRT" "non-targeting_noRT"
"27246" "4930469B13Rik" 0 NA NA NA NA 0 0 "Uqcrc2_noRT" "non-targeting_noRT"
"27247" "Nid2" 0 NA NA NA NA 0 0 "Uqcrc2_noRT" "non-targeting_noRT"
"27248" "D14Ertd670e" 0 NA NA NA NA 0 0 "Uqcrc2_noRT" "non-targeting_noRT"
"27249" "Gm48283" 0 NA NA NA NA 0 0 "Uqcrc2_noRT" "non-targeting_noRT"
"27250" "Kcnk5" 0 NA NA NA NA 0 0 "Uqcrc2_noRT" "non-targeting_noRT"
"27251" "Gm48395" 0 NA NA NA NA 0 0 "Uqcrc2_noRT" "non-targeting_noRT"
"27252" "Kcnk16" 0 NA NA NA NA 0 0 "Uqcrc2_noRT" "non-targeting_noRT"
"27253" "Gm30054" 0 NA NA NA NA 0 0 "Uqcrc2_noRT" "non-targeting_noRT"
"27254" "Cfap70" 0 NA NA NA NA 0 0 "Uqcrc2_noRT" "non-targeting_noRT"
"27255" "7330404K18Rik" 0 NA NA NA NA 0 0 "Uqcrc2_noRT" "non-targeting_noRT"
"27256" "Myoz1" 0 NA NA NA NA 0 0 "Uqcrc2_noRT" "non-targeting_noRT"
"27257" "Synpo2l" 0 NA NA NA NA 0 0 "Uqcrc2_noRT" "non-targeting_noRT"
"27258" "Plau" 0 NA NA NA NA 0 0 "Uqcrc2_noRT" "non-targeting_noRT"
"27259" "Gm30363" 0 NA NA NA NA 0 0 "Uqcrc2_noRT" "non-targeting_noRT"
"27260" "Dupd1" 0 NA NA NA NA 0 0 "Uqcrc2_noRT" "non-targeting_noRT"
"27261" "Dusp13" 0 NA NA NA NA 0 0 "Uqcrc2_noRT" "non-targeting_noRT"
"27262" "Gm15935" 0 NA NA NA NA 0 0 "Uqcrc2_noRT" "non-targeting_noRT"
"27263" "4931407E12Rik" 0 NA NA NA NA 0 0 "Uqcrc2_noRT" "non-targeting_noRT"
"27264" "Zfp503" 0 NA NA NA NA 0 0 "Uqcrc2_noRT" "non-targeting_noRT"
"27265" "Lrmda" 0 NA NA NA NA 0 0 "Uqcrc2_noRT" "non-targeting_noRT"
"27266" "Gm7480" 0 NA NA NA NA 0 0 "Uqcrc2_noRT" "non-targeting_noRT"
"27267" "4930405A10Rik" 0 NA NA NA NA 0 0 "Uqcrc2_noRT" "non-targeting_noRT"
"27268" "Gm47601" 0 NA NA NA NA 0 0 "Uqcrc2_noRT" "non-targeting_noRT"
"27269" "Gm10248" 0 NA NA NA NA 0 0 "Uqcrc2_noRT" "non-targeting_noRT"
"27270" "Kcnma1" 0 NA NA NA NA 0 0 "Uqcrc2_noRT" "non-targeting_noRT"
"27271" "Gm29626" 0 NA NA NA NA 0 0 "Uqcrc2_noRT" "non-targeting_noRT"
"27272" "4930519K11Rik" 0 NA NA NA NA 0 0 "Uqcrc2_noRT" "non-targeting_noRT"
"27273" "Gm31392" 0 NA NA NA NA 0 0 "Uqcrc2_noRT" "non-targeting_noRT"
"27274" "AC163638.2" 0 NA NA NA NA 0 0 "Uqcrc2_noRT" "non-targeting_noRT"
"27275" "Gm17105" 0 NA NA NA NA 0 0 "Uqcrc2_noRT" "non-targeting_noRT"
"27276" "E330034G19Rik" 0 NA NA NA NA 0 0 "Uqcrc2_noRT" "non-targeting_noRT"
"27277" "Gm47774" 0 NA NA NA NA 0 0 "Uqcrc2_noRT" "non-targeting_noRT"
"27278" "Gm47814" 0 NA NA NA NA 0 0 "Uqcrc2_noRT" "non-targeting_noRT"
"27279" "4930542C16Rik" 0 NA NA NA NA 0 0 "Uqcrc2_noRT" "non-targeting_noRT"
"27280" "4930428N03Rik" 0 NA NA NA NA 0 0 "Uqcrc2_noRT" "non-targeting_noRT"
"27281" "Gm47906" 0 NA NA NA NA 0 0 "Uqcrc2_noRT" "non-targeting_noRT"
"27282" "Gm10398" 0 NA NA NA NA 0 0 "Uqcrc2_noRT" "non-targeting_noRT"
"27283" "Gm38408" 0 NA NA NA NA 0 0 "Uqcrc2_noRT" "non-targeting_noRT"
"27284" "Gm32123" 0 NA NA NA NA 0 0 "Uqcrc2_noRT" "non-targeting_noRT"
"27285" "Gm32224" 0 NA NA NA NA 0 0 "Uqcrc2_noRT" "non-targeting_noRT"
"27286" "4930572O13Rik" 0 NA NA NA NA 0 0 "Uqcrc2_noRT" "non-targeting_noRT"
"27287" "Gm26660" 0 NA NA NA NA 0 0 "Uqcrc2_noRT" "non-targeting_noRT"
"27288" "Gm17747" 0 NA NA NA NA 0 0 "Uqcrc2_noRT" "non-targeting_noRT"
"27289" "Gm47920" 0 NA NA NA NA 0 0 "Uqcrc2_noRT" "non-targeting_noRT"
"27290" "Gm47921" 0 NA NA NA NA 0 0 "Uqcrc2_noRT" "non-targeting_noRT"
"27291" "Ppifos" 0 NA NA NA NA 0 0 "Uqcrc2_noRT" "non-targeting_noRT"
"27292" "Zcchc24" 0 NA NA NA NA 0 0 "Uqcrc2_noRT" "non-targeting_noRT"
"27293" "Anxa11os" 0 NA NA NA NA 0 0 "Uqcrc2_noRT" "non-targeting_noRT"
"27294" "Plac9a" 0 NA NA NA NA 0 0 "Uqcrc2_noRT" "non-targeting_noRT"
"27295" "Tmem254a" 0 NA NA NA NA 0 0 "Uqcrc2_noRT" "non-targeting_noRT"
"27296" "Cphx1" 0 NA NA NA NA 0 0 "Uqcrc2_noRT" "non-targeting_noRT"
"27297" "Duxbl1" 0 NA NA NA NA 0 0 "Uqcrc2_noRT" "non-targeting_noRT"
"27298" "Gm9780" 0 NA NA NA NA 0 0 "Uqcrc2_noRT" "non-targeting_noRT"
"27299" "Tmem254c" 0 NA NA NA NA 0 0 "Uqcrc2_noRT" "non-targeting_noRT"
"27300" "Cphx2" 0 NA NA NA NA 0 0 "Uqcrc2_noRT" "non-targeting_noRT"
"27301" "Cphx3" 0 NA NA NA NA 0 0 "Uqcrc2_noRT" "non-targeting_noRT"
"27302" "Duxbl2" 0 NA NA NA NA 0 0 "Uqcrc2_noRT" "non-targeting_noRT"
"27303" "Plac9b" 0 NA NA NA NA 0 0 "Uqcrc2_noRT" "non-targeting_noRT"
"27304" "Tmem254b" 0 NA NA NA NA 0 0 "Uqcrc2_noRT" "non-targeting_noRT"
"27305" "Duxbl3" 0 NA NA NA NA 0 0 "Uqcrc2_noRT" "non-targeting_noRT"
"27306" "Gm34059" 0 NA NA NA NA 0 0 "Uqcrc2_noRT" "non-targeting_noRT"
"27307" "Slmapos2" 0 NA NA NA NA 0 0 "Uqcrc2_noRT" "non-targeting_noRT"
"27308" "9930004E17Rik" 0 NA NA NA NA 0 0 "Uqcrc2_noRT" "non-targeting_noRT"
"27309" "Dnah12" 0 NA NA NA NA 0 0 "Uqcrc2_noRT" "non-targeting_noRT"
"27310" "Asb14" 0 NA NA NA NA 0 0 "Uqcrc2_noRT" "non-targeting_noRT"
"27311" "Hesx1" 0 NA NA NA NA 0 0 "Uqcrc2_noRT" "non-targeting_noRT"
"27312" "Il17rd" 0 NA NA NA NA 0 0 "Uqcrc2_noRT" "non-targeting_noRT"
"27313" "Arhgef3" 0 NA NA NA NA 0 0 "Uqcrc2_noRT" "non-targeting_noRT"
"27314" "Erc2" 0 NA NA NA NA 0 0 "Uqcrc2_noRT" "non-targeting_noRT"
"27315" "Gm45645" 0 NA NA NA NA 0 0 "Uqcrc2_noRT" "non-targeting_noRT"
"27316" "Wnt5a" 0 NA NA NA NA 0 0 "Uqcrc2_noRT" "non-targeting_noRT"
"27317" "Gm2670" 0 NA NA NA NA 0 0 "Uqcrc2_noRT" "non-targeting_noRT"
"27318" "Gm35164" 0 NA NA NA NA 0 0 "Uqcrc2_noRT" "non-targeting_noRT"
"27319" "Gm35217" 0 NA NA NA NA 0 0 "Uqcrc2_noRT" "non-targeting_noRT"
"27320" "Cacna2d3" 0 NA NA NA NA 0 0 "Uqcrc2_noRT" "non-targeting_noRT"
"27321" "Lrtm1" 0 NA NA NA NA 0 0 "Uqcrc2_noRT" "non-targeting_noRT"
"27322" "Gm48004" 0 NA NA NA NA 0 0 "Uqcrc2_noRT" "non-targeting_noRT"
"27323" "Gm48006" 0 NA NA NA NA 0 0 "Uqcrc2_noRT" "non-targeting_noRT"
"27324" "Gm48003" 0 NA NA NA NA 0 0 "Uqcrc2_noRT" "non-targeting_noRT"
"27325" "Gm48058" 0 NA NA NA NA 0 0 "Uqcrc2_noRT" "non-targeting_noRT"
"27326" "Gm41118" 0 NA NA NA NA 0 0 "Uqcrc2_noRT" "non-targeting_noRT"
"27327" "Gm35281" 0 NA NA NA NA 0 0 "Uqcrc2_noRT" "non-targeting_noRT"
"27328" "Gm47414" 0 NA NA NA NA 0 0 "Uqcrc2_noRT" "non-targeting_noRT"
"27329" "Chdh" 0 NA NA NA NA 0 0 "Uqcrc2_noRT" "non-targeting_noRT"
"27330" "Cacna1d" 0 NA NA NA NA 0 0 "Uqcrc2_noRT" "non-targeting_noRT"
"27331" "CT009536.1" 0 NA NA NA NA 0 0 "Uqcrc2_noRT" "non-targeting_noRT"
"27332" "Gm7644" 0 NA NA NA NA 0 0 "Uqcrc2_noRT" "non-targeting_noRT"
"27333" "1700087M22Rik" 0 NA NA NA NA 0 0 "Uqcrc2_noRT" "non-targeting_noRT"
"27334" "Mustn1" 0 NA NA NA NA 0 0 "Uqcrc2_noRT" "non-targeting_noRT"
"27335" "Itih4" 0 NA NA NA NA 0 0 "Uqcrc2_noRT" "non-targeting_noRT"
"27336" "Itih3" 0 NA NA NA NA 0 0 "Uqcrc2_noRT" "non-targeting_noRT"
"27337" "Itih1" 0 NA NA NA NA 0 0 "Uqcrc2_noRT" "non-targeting_noRT"
"27338" "Stab1" 0 NA NA NA NA 0 0 "Uqcrc2_noRT" "non-targeting_noRT"
"27339" "Gm35823" 0 NA NA NA NA 0 0 "Uqcrc2_noRT" "non-targeting_noRT"
"27340" "Gm49217" 0 NA NA NA NA 0 0 "Uqcrc2_noRT" "non-targeting_noRT"
"27341" "Gm49791" 0 NA NA NA NA 0 0 "Uqcrc2_noRT" "non-targeting_noRT"
"27342" "Colq" 0 NA NA NA NA 0 0 "Uqcrc2_noRT" "non-targeting_noRT"
"27343" "D830044D21Rik" 0 NA NA NA NA 0 0 "Uqcrc2_noRT" "non-targeting_noRT"
"27344" "4930425P05Rik" 0 NA NA NA NA 0 0 "Uqcrc2_noRT" "non-targeting_noRT"
"27345" "Galnt15" 0 NA NA NA NA 0 0 "Uqcrc2_noRT" "non-targeting_noRT"
"27346" "Msmb" 0 NA NA NA NA 0 0 "Uqcrc2_noRT" "non-targeting_noRT"
"27347" "Gm48914" 0 NA NA NA NA 0 0 "Uqcrc2_noRT" "non-targeting_noRT"
"27348" "1700024G13Rik" 0 NA NA NA NA 0 0 "Uqcrc2_noRT" "non-targeting_noRT"
"27349" "Chat" 0 NA NA NA NA 0 0 "Uqcrc2_noRT" "non-targeting_noRT"
"27350" "Slc18a3" 0 NA NA NA NA 0 0 "Uqcrc2_noRT" "non-targeting_noRT"
"27351" "Gm2990" 0 NA NA NA NA 0 0 "Uqcrc2_noRT" "non-targeting_noRT"
"27352" "Prrxl1" 0 NA NA NA NA 0 0 "Uqcrc2_noRT" "non-targeting_noRT"
"27353" "3425401B19Rik" 0 NA NA NA NA 0 0 "Uqcrc2_noRT" "non-targeting_noRT"
"27354" "Gm28651" 0 NA NA NA NA 0 0 "Uqcrc2_noRT" "non-targeting_noRT"
"27355" "Tmem273" 0 NA NA NA NA 0 0 "Uqcrc2_noRT" "non-targeting_noRT"
"27356" "Fam170b" 0 NA NA NA NA 0 0 "Uqcrc2_noRT" "non-targeting_noRT"
"27357" "Vstm4" 0 NA NA NA NA 0 0 "Uqcrc2_noRT" "non-targeting_noRT"
"27358" "Wdfy4" 0 NA NA NA NA 0 0 "Uqcrc2_noRT" "non-targeting_noRT"
"27359" "Lrrc18" 0 NA NA NA NA 0 0 "Uqcrc2_noRT" "non-targeting_noRT"
"27360" "Gm49030" 0 NA NA NA NA 0 0 "Uqcrc2_noRT" "non-targeting_noRT"
"27361" "Frmpd2" 0 NA NA NA NA 0 0 "Uqcrc2_noRT" "non-targeting_noRT"
"27362" "Ptpn20" 0 NA NA NA NA 0 0 "Uqcrc2_noRT" "non-targeting_noRT"
"27363" "Gm49108" 0 NA NA NA NA 0 0 "Uqcrc2_noRT" "non-targeting_noRT"
"27364" "4930503F20Rik" 0 NA NA NA NA 0 0 "Uqcrc2_noRT" "non-targeting_noRT"
"27365" "Gdf10" 0 NA NA NA NA 0 0 "Uqcrc2_noRT" "non-targeting_noRT"
"27366" "Gdf2" 0 NA NA NA NA 0 0 "Uqcrc2_noRT" "non-targeting_noRT"
"27367" "Rbp3" 0 NA NA NA NA 0 0 "Uqcrc2_noRT" "non-targeting_noRT"
"27368" "Zfp488" 0 NA NA NA NA 0 0 "Uqcrc2_noRT" "non-targeting_noRT"
"27369" "Gm5460" 0 NA NA NA NA 0 0 "Uqcrc2_noRT" "non-targeting_noRT"
"27370" "A630023A22Rik" 0 NA NA NA NA 0 0 "Uqcrc2_noRT" "non-targeting_noRT"
"27371" "Antxrl" 0 NA NA NA NA 0 0 "Uqcrc2_noRT" "non-targeting_noRT"
"27372" "Anxa8" 0 NA NA NA NA 0 0 "Uqcrc2_noRT" "non-targeting_noRT"
"27373" "Gm30556" 0 NA NA NA NA 0 0 "Uqcrc2_noRT" "non-targeting_noRT"
"27374" "Gprin2" 0 NA NA NA NA 0 0 "Uqcrc2_noRT" "non-targeting_noRT"
"27375" "Syt15" 0 NA NA NA NA 0 0 "Uqcrc2_noRT" "non-targeting_noRT"
"27376" "Gm49201" 0 NA NA NA NA 0 0 "Uqcrc2_noRT" "non-targeting_noRT"
"27377" "Fam25c" 0 NA NA NA NA 0 0 "Uqcrc2_noRT" "non-targeting_noRT"
"27378" "Gm17110" 0 NA NA NA NA 0 0 "Uqcrc2_noRT" "non-targeting_noRT"
"27379" "9230112D13Rik" 0 NA NA NA NA 0 0 "Uqcrc2_noRT" "non-targeting_noRT"
"27380" "Ldb3" 0 NA NA NA NA 0 0 "Uqcrc2_noRT" "non-targeting_noRT"
"27381" "Opn4" 0 NA NA NA NA 0 0 "Uqcrc2_noRT" "non-targeting_noRT"
"27382" "Gm49012" 0 NA NA NA NA 0 0 "Uqcrc2_noRT" "non-targeting_noRT"
"27383" "Gm49024" 0 NA NA NA NA 0 0 "Uqcrc2_noRT" "non-targeting_noRT"
"27384" "Gm49025" 0 NA NA NA NA 0 0 "Uqcrc2_noRT" "non-targeting_noRT"
"27385" "A930038B10Rik" 0 NA NA NA NA 0 0 "Uqcrc2_noRT" "non-targeting_noRT"
"27386" "Gm49032" 0 NA NA NA NA 0 0 "Uqcrc2_noRT" "non-targeting_noRT"
"27387" "Grid1" 0 NA NA NA NA 0 0 "Uqcrc2_noRT" "non-targeting_noRT"
"27388" "4930596D02Rik" 0 NA NA NA NA 0 0 "Uqcrc2_noRT" "non-targeting_noRT"
"27389" "4930474N05Rik" 0 NA NA NA NA 0 0 "Uqcrc2_noRT" "non-targeting_noRT"
"27390" "Rgr" 0 NA NA NA NA 0 0 "Uqcrc2_noRT" "non-targeting_noRT"
"27391" "Lrit1" 0 NA NA NA NA 0 0 "Uqcrc2_noRT" "non-targeting_noRT"
"27392" "Lrit2" 0 NA NA NA NA 0 0 "Uqcrc2_noRT" "non-targeting_noRT"
"27393" "Cdhr1" 0 NA NA NA NA 0 0 "Uqcrc2_noRT" "non-targeting_noRT"
"27394" "2610528A11Rik" 0 NA NA NA NA 0 0 "Uqcrc2_noRT" "non-targeting_noRT"
"27395" "Gm31393" 0 NA NA NA NA 0 0 "Uqcrc2_noRT" "non-targeting_noRT"
"27396" "Gm31456" 0 NA NA NA NA 0 0 "Uqcrc2_noRT" "non-targeting_noRT"
"27397" "Nrg3" 0 NA NA NA NA 0 0 "Uqcrc2_noRT" "non-targeting_noRT"
"27398" "Gm20641" 0 NA NA NA NA 0 0 "Uqcrc2_noRT" "non-targeting_noRT"
"27399" "Nrg3os" 0 NA NA NA NA 0 0 "Uqcrc2_noRT" "non-targeting_noRT"
"27400" "Gm20642" 0 NA NA NA NA 0 0 "Uqcrc2_noRT" "non-targeting_noRT"
"27401" "1700109I08Rik" 0 NA NA NA NA 0 0 "Uqcrc2_noRT" "non-targeting_noRT"
"27402" "Sh2d4b" 0 NA NA NA NA 0 0 "Uqcrc2_noRT" "non-targeting_noRT"
"27403" "Dydc2" 0 NA NA NA NA 0 0 "Uqcrc2_noRT" "non-targeting_noRT"
"27404" "Dydc1" 0 NA NA NA NA 0 0 "Uqcrc2_noRT" "non-targeting_noRT"
"27405" "Mat1a" 0 NA NA NA NA 0 0 "Uqcrc2_noRT" "non-targeting_noRT"
"27406" "Sftpa1" 0 NA NA NA NA 0 0 "Uqcrc2_noRT" "non-targeting_noRT"
"27407" "Mbl1" 0 NA NA NA NA 0 0 "Uqcrc2_noRT" "non-targeting_noRT"
"27408" "Sftpd" 0 NA NA NA NA 0 0 "Uqcrc2_noRT" "non-targeting_noRT"
"27409" "Gm2832" 0 NA NA NA NA 0 0 "Uqcrc2_noRT" "non-targeting_noRT"
"27410" "Gm5798" 0 NA NA NA NA 0 0 "Uqcrc2_noRT" "non-targeting_noRT"
"27411" "Gm7945" 0 NA NA NA NA 0 0 "Uqcrc2_noRT" "non-targeting_noRT"
"27412" "Gm6482" 0 NA NA NA NA 0 0 "Uqcrc2_noRT" "non-targeting_noRT"
"27413" "Gm7954" 0 NA NA NA NA 0 0 "Uqcrc2_noRT" "non-targeting_noRT"
"27414" "Gm3486" 0 NA NA NA NA 0 0 "Uqcrc2_noRT" "non-targeting_noRT"
"27415" "Gm7970" 0 NA NA NA NA 0 0 "Uqcrc2_noRT" "non-targeting_noRT"
"27416" "1700049E17Rik2" 0 NA NA NA NA 0 0 "Uqcrc2_noRT" "non-targeting_noRT"
"27417" "Gm3072" 0 NA NA NA NA 0 0 "Uqcrc2_noRT" "non-targeting_noRT"
"27418" "Gm3676" 0 NA NA NA NA 0 0 "Uqcrc2_noRT" "non-targeting_noRT"
"27419" "Gm8068" 0 NA NA NA NA 0 0 "Uqcrc2_noRT" "non-targeting_noRT"
"27420" "Gm7929" 0 NA NA NA NA 0 0 "Uqcrc2_noRT" "non-targeting_noRT"
"27421" "Gm47189" 0 NA NA NA NA 0 0 "Uqcrc2_noRT" "non-targeting_noRT"
"27422" "Gm7980" 0 NA NA NA NA 0 0 "Uqcrc2_noRT" "non-targeting_noRT"
"27423" "1700049E17Rik1" 0 NA NA NA NA 0 0 "Uqcrc2_noRT" "non-targeting_noRT"
"27424" "Gm6401" 0 NA NA NA NA 0 0 "Uqcrc2_noRT" "non-targeting_noRT"
"27425" "Gm3543" 0 NA NA NA NA 0 0 "Uqcrc2_noRT" "non-targeting_noRT"
"27426" "Gm7951" 0 NA NA NA NA 0 0 "Uqcrc2_noRT" "non-targeting_noRT"
"27427" "Gm17027" 0 NA NA NA NA 0 0 "Uqcrc2_noRT" "non-targeting_noRT"
"27428" "Gm3573" 0 NA NA NA NA 0 0 "Uqcrc2_noRT" "non-targeting_noRT"
"27429" "Gm17026" 0 NA NA NA NA 0 0 "Uqcrc2_noRT" "non-targeting_noRT"
"27430" "Gm9611" 0 NA NA NA NA 0 0 "Uqcrc2_noRT" "non-targeting_noRT"
"27431" "Gm7995" 0 NA NA NA NA 0 0 "Uqcrc2_noRT" "non-targeting_noRT"
"27432" "Gm8005" 0 NA NA NA NA 0 0 "Uqcrc2_noRT" "non-targeting_noRT"
"27433" "Gm8011" 0 NA NA NA NA 0 0 "Uqcrc2_noRT" "non-targeting_noRT"
"27434" "Gm8020" 0 NA NA NA NA 0 0 "Uqcrc2_noRT" "non-targeting_noRT"
"27435" "Gm8024" 0 NA NA NA NA 0 0 "Uqcrc2_noRT" "non-targeting_noRT"
"27436" "Gm17124" 0 NA NA NA NA 0 0 "Uqcrc2_noRT" "non-targeting_noRT"
"27437" "Gm3633" 0 NA NA NA NA 0 0 "Uqcrc2_noRT" "non-targeting_noRT"
"27438" "Gm10378" 0 NA NA NA NA 0 0 "Uqcrc2_noRT" "non-targeting_noRT"
"27439" "Gm3015" 0 NA NA NA NA 0 0 "Uqcrc2_noRT" "non-targeting_noRT"
"27440" "Gm10377" 0 NA NA NA NA 0 0 "Uqcrc2_noRT" "non-targeting_noRT"
"27441" "Gm21977" 0 NA NA NA NA 0 0 "Uqcrc2_noRT" "non-targeting_noRT"
"27442" "Gm8082" 0 NA NA NA NA 0 0 "Uqcrc2_noRT" "non-targeting_noRT"
"27443" "Gm10376" 0 NA NA NA NA 0 0 "Uqcrc2_noRT" "non-targeting_noRT"
"27444" "Gm8094" 0 NA NA NA NA 0 0 "Uqcrc2_noRT" "non-targeting_noRT"
"27445" "Gm8104" 0 NA NA NA NA 0 0 "Uqcrc2_noRT" "non-targeting_noRT"
"27446" "Gm8122" 0 NA NA NA NA 0 0 "Uqcrc2_noRT" "non-targeting_noRT"
"27447" "Gm8127" 0 NA NA NA NA 0 0 "Uqcrc2_noRT" "non-targeting_noRT"
"27448" "1700001F09Rik" 0 NA NA NA NA 0 0 "Uqcrc2_noRT" "non-targeting_noRT"
"27449" "Gm17654" 0 NA NA NA NA 0 0 "Uqcrc2_noRT" "non-targeting_noRT"
"27450" "Gm10375" 0 NA NA NA NA 0 0 "Uqcrc2_noRT" "non-targeting_noRT"
"27451" "Gm8165" 0 NA NA NA NA 0 0 "Uqcrc2_noRT" "non-targeting_noRT"
"27452" "Gm16506" 0 NA NA NA NA 0 0 "Uqcrc2_noRT" "non-targeting_noRT"
"27453" "Gm49965" 0 NA NA NA NA 0 0 "Uqcrc2_noRT" "non-targeting_noRT"
"27454" "Gm8180" 0 NA NA NA NA 0 0 "Uqcrc2_noRT" "non-targeting_noRT"
"27455" "Gm41138" 0 NA NA NA NA 0 0 "Uqcrc2_noRT" "non-targeting_noRT"
"27456" "Gm49083" 0 NA NA NA NA 0 0 "Uqcrc2_noRT" "non-targeting_noRT"
"27457" "Ear1" 0 NA NA NA NA 0 0 "Uqcrc2_noRT" "non-targeting_noRT"
"27458" "Ear10" 0 NA NA NA NA 0 0 "Uqcrc2_noRT" "non-targeting_noRT"
"27459" "Gm8113" 0 NA NA NA NA 0 0 "Uqcrc2_noRT" "non-targeting_noRT"
"27460" "Ang5" 0 NA NA NA NA 0 0 "Uqcrc2_noRT" "non-targeting_noRT"
"27461" "Gm49087" 0 NA NA NA NA 0 0 "Uqcrc2_noRT" "non-targeting_noRT"
"27462" "Ang6" 0 NA NA NA NA 0 0 "Uqcrc2_noRT" "non-targeting_noRT"
"27463" "Gm3287" 0 NA NA NA NA 0 0 "Uqcrc2_noRT" "non-targeting_noRT"
"27464" "Gm49099" 0 NA NA NA NA 0 0 "Uqcrc2_noRT" "non-targeting_noRT"
"27465" "Gm49101" 0 NA NA NA NA 0 0 "Uqcrc2_noRT" "non-targeting_noRT"
"27466" "Ear2" 0 NA NA NA NA 0 0 "Uqcrc2_noRT" "non-targeting_noRT"
"27467" "Gm3327" 0 NA NA NA NA 0 0 "Uqcrc2_noRT" "non-targeting_noRT"
"27468" "1700047E10Rik" 0 NA NA NA NA 0 0 "Uqcrc2_noRT" "non-targeting_noRT"
"27469" "Gm8220" 0 NA NA NA NA 0 0 "Uqcrc2_noRT" "non-targeting_noRT"
"27470" "Gm8232" 0 NA NA NA NA 0 0 "Uqcrc2_noRT" "non-targeting_noRT"
"27471" "Gm49779" 0 NA NA NA NA 0 0 "Uqcrc2_noRT" "non-targeting_noRT"
"27472" "BC061237" 0 NA NA NA NA 0 0 "Uqcrc2_noRT" "non-targeting_noRT"
"27473" "Gm17093" 0 NA NA NA NA 0 0 "Uqcrc2_noRT" "non-targeting_noRT"
"27474" "Gm8247" 0 NA NA NA NA 0 0 "Uqcrc2_noRT" "non-targeting_noRT"
"27475" "Gm8257" 0 NA NA NA NA 0 0 "Uqcrc2_noRT" "non-targeting_noRT"
"27476" "Gm8267" 0 NA NA NA NA 0 0 "Uqcrc2_noRT" "non-targeting_noRT"
"27477" "Gm34060" 0 NA NA NA NA 0 0 "Uqcrc2_noRT" "non-targeting_noRT"
"27478" "Gm49145" 0 NA NA NA NA 0 0 "Uqcrc2_noRT" "non-targeting_noRT"
"27479" "Ptgdr" 0 NA NA NA NA 0 0 "Uqcrc2_noRT" "non-targeting_noRT"
"27480" "4930431P03Rik" 0 NA NA NA NA 0 0 "Uqcrc2_noRT" "non-targeting_noRT"
"27481" "Gm17173" 0 NA NA NA NA 0 0 "Uqcrc2_noRT" "non-targeting_noRT"
"27482" "Ptger2" 0 NA NA NA NA 0 0 "Uqcrc2_noRT" "non-targeting_noRT"
"27483" "Gm49180" 0 NA NA NA NA 0 0 "Uqcrc2_noRT" "non-targeting_noRT"
"27484" "Gm49194" 0 NA NA NA NA 0 0 "Uqcrc2_noRT" "non-targeting_noRT"
"27485" "Gm34250" 0 NA NA NA NA 0 0 "Uqcrc2_noRT" "non-targeting_noRT"
"27486" "Gm49123" 0 NA NA NA NA 0 0 "Uqcrc2_noRT" "non-targeting_noRT"
"27487" "Gm49124" 0 NA NA NA NA 0 0 "Uqcrc2_noRT" "non-targeting_noRT"
"27488" "A530076I17Rik" 0 NA NA NA NA 0 0 "Uqcrc2_noRT" "non-targeting_noRT"
"27489" "Gm15218" 0 NA NA NA NA 0 0 "Uqcrc2_noRT" "non-targeting_noRT"
"27490" "Gm49192" 0 NA NA NA NA 0 0 "Uqcrc2_noRT" "non-targeting_noRT"
"27491" "Gm15217" 0 NA NA NA NA 0 0 "Uqcrc2_noRT" "non-targeting_noRT"
"27492" "Bmp4" 0 NA NA NA NA 0 0 "Uqcrc2_noRT" "non-targeting_noRT"
"27493" "Gm15222" 0 NA NA NA NA 0 0 "Uqcrc2_noRT" "non-targeting_noRT"
"27494" "Gm15221" 0 NA NA NA NA 0 0 "Uqcrc2_noRT" "non-targeting_noRT"
"27495" "Gm48910" 0 NA NA NA NA 0 0 "Uqcrc2_noRT" "non-targeting_noRT"
"27496" "Gm48911" 0 NA NA NA NA 0 0 "Uqcrc2_noRT" "non-targeting_noRT"
"27497" "Gm34756" 0 NA NA NA NA 0 0 "Uqcrc2_noRT" "non-targeting_noRT"
"27498" "Gm48912" 0 NA NA NA NA 0 0 "Uqcrc2_noRT" "non-targeting_noRT"
"27499" "E130120K24Rik" 0 NA NA NA NA 0 0 "Uqcrc2_noRT" "non-targeting_noRT"
"27500" "Rubie" 0 NA NA NA NA 0 0 "Uqcrc2_noRT" "non-targeting_noRT"
"27501" "4933425B07Rik" 0 NA NA NA NA 0 0 "Uqcrc2_noRT" "non-targeting_noRT"
"27502" "D330046F09Rik" 0 NA NA NA NA 0 0 "Uqcrc2_noRT" "non-targeting_noRT"
"27503" "Gm48917" 0 NA NA NA NA 0 0 "Uqcrc2_noRT" "non-targeting_noRT"
"27504" "Gm48924" 0 NA NA NA NA 0 0 "Uqcrc2_noRT" "non-targeting_noRT"
"27505" "Gm48949" 0 NA NA NA NA 0 0 "Uqcrc2_noRT" "non-targeting_noRT"
"27506" "Gm34934" 0 NA NA NA NA 0 0 "Uqcrc2_noRT" "non-targeting_noRT"
"27507" "2810457G06Rik" 0 NA NA NA NA 0 0 "Uqcrc2_noRT" "non-targeting_noRT"
"27508" "Gm15562" 0 NA NA NA NA 0 0 "Uqcrc2_noRT" "non-targeting_noRT"
"27509" "Gm10371" 0 NA NA NA NA 0 0 "Uqcrc2_noRT" "non-targeting_noRT"
"27510" "Gm49150" 0 NA NA NA NA 0 0 "Uqcrc2_noRT" "non-targeting_noRT"
"27511" "Gm48975" 0 NA NA NA NA 0 0 "Uqcrc2_noRT" "non-targeting_noRT"
"27512" "Gm35166" 0 NA NA NA NA 0 0 "Uqcrc2_noRT" "non-targeting_noRT"
"27513" "Gm49004" 0 NA NA NA NA 0 0 "Uqcrc2_noRT" "non-targeting_noRT"
"27514" "4930538L07Rik" 0 NA NA NA NA 0 0 "Uqcrc2_noRT" "non-targeting_noRT"
"27515" "Gm41148" 0 NA NA NA NA 0 0 "Uqcrc2_noRT" "non-targeting_noRT"
"27516" "Gm49302" 0 NA NA NA NA 0 0 "Uqcrc2_noRT" "non-targeting_noRT"
"27517" "Gm35360" 0 NA NA NA NA 0 0 "Uqcrc2_noRT" "non-targeting_noRT"
"27518" "4930447J18Rik" 0 NA NA NA NA 0 0 "Uqcrc2_noRT" "non-targeting_noRT"
"27519" "Gm49303" 0 NA NA NA NA 0 0 "Uqcrc2_noRT" "non-targeting_noRT"
"27520" "Gm49304" 0 NA NA NA NA 0 0 "Uqcrc2_noRT" "non-targeting_noRT"
"27521" "Gm49305" 0 NA NA NA NA 0 0 "Uqcrc2_noRT" "non-targeting_noRT"
"27522" "Gm49306" 0 NA NA NA NA 0 0 "Uqcrc2_noRT" "non-targeting_noRT"
"27523" "Peli2" 0 NA NA NA NA 0 0 "Uqcrc2_noRT" "non-targeting_noRT"
"27524" "1700128I11Rik" 0 NA NA NA NA 0 0 "Uqcrc2_noRT" "non-targeting_noRT"
"27525" "Gm49519" 0 NA NA NA NA 0 0 "Uqcrc2_noRT" "non-targeting_noRT"
"27526" "4930572G02Rik" 0 NA NA NA NA 0 0 "Uqcrc2_noRT" "non-targeting_noRT"
"27527" "Gm49120" 0 NA NA NA NA 0 0 "Uqcrc2_noRT" "non-targeting_noRT"
"27528" "Gm35766" 0 NA NA NA NA 0 0 "Uqcrc2_noRT" "non-targeting_noRT"
"27529" "Gm49151" 0 NA NA NA NA 0 0 "Uqcrc2_noRT" "non-targeting_noRT"
"27530" "Otx2" 0 NA NA NA NA 0 0 "Uqcrc2_noRT" "non-targeting_noRT"
"27531" "Otx2os1" 0 NA NA NA NA 0 0 "Uqcrc2_noRT" "non-targeting_noRT"
"27532" "Gm49156" 0 NA NA NA NA 0 0 "Uqcrc2_noRT" "non-targeting_noRT"
"27533" "Gm534" 0 NA NA NA NA 0 0 "Uqcrc2_noRT" "non-targeting_noRT"
"27534" "4933429O19Rik" 0 NA NA NA NA 0 0 "Uqcrc2_noRT" "non-targeting_noRT"
"27535" "Gm48935" 0 NA NA NA NA 0 0 "Uqcrc2_noRT" "non-targeting_noRT"
"27536" "ccdc198" 0 NA NA NA NA 0 0 "Uqcrc2_noRT" "non-targeting_noRT"
"27537" "Slc35f4" 0 NA NA NA NA 0 0 "Uqcrc2_noRT" "non-targeting_noRT"
"27538" "Gm48940" 0 NA NA NA NA 0 0 "Uqcrc2_noRT" "non-targeting_noRT"
"27539" "Armh4" 0 NA NA NA NA 0 0 "Uqcrc2_noRT" "non-targeting_noRT"
"27540" "Gm36146" 0 NA NA NA NA 0 0 "Uqcrc2_noRT" "non-targeting_noRT"
"27541" "Olfr722" 0 NA NA NA NA 0 0 "Uqcrc2_noRT" "non-targeting_noRT"
"27542" "Olfr723" 0 NA NA NA NA 0 0 "Uqcrc2_noRT" "non-targeting_noRT"
"27543" "Olfr724" 0 NA NA NA NA 0 0 "Uqcrc2_noRT" "non-targeting_noRT"
"27544" "Olfr725" 0 NA NA NA NA 0 0 "Uqcrc2_noRT" "non-targeting_noRT"
"27545" "Olfr726" 0 NA NA NA NA 0 0 "Uqcrc2_noRT" "non-targeting_noRT"
"27546" "Olfr727" 0 NA NA NA NA 0 0 "Uqcrc2_noRT" "non-targeting_noRT"
"27547" "Olfr728" 0 NA NA NA NA 0 0 "Uqcrc2_noRT" "non-targeting_noRT"
"27548" "Olfr729" 0 NA NA NA NA 0 0 "Uqcrc2_noRT" "non-targeting_noRT"
"27549" "Olfr730" 0 NA NA NA NA 0 0 "Uqcrc2_noRT" "non-targeting_noRT"
"27550" "Olfr731" 0 NA NA NA NA 0 0 "Uqcrc2_noRT" "non-targeting_noRT"
"27551" "Olfr732" 0 NA NA NA NA 0 0 "Uqcrc2_noRT" "non-targeting_noRT"
"27552" "Olfr733" 0 NA NA NA NA 0 0 "Uqcrc2_noRT" "non-targeting_noRT"
"27553" "Olfr734" 0 NA NA NA NA 0 0 "Uqcrc2_noRT" "non-targeting_noRT"
"27554" "Olfr735" 0 NA NA NA NA 0 0 "Uqcrc2_noRT" "non-targeting_noRT"
"27555" "Tlr11" 0 NA NA NA NA 0 0 "Uqcrc2_noRT" "non-targeting_noRT"
"27556" "Olfr736" 0 NA NA NA NA 0 0 "Uqcrc2_noRT" "non-targeting_noRT"
"27557" "Olfr738" 0 NA NA NA NA 0 0 "Uqcrc2_noRT" "non-targeting_noRT"
"27558" "Olfr739" 0 NA NA NA NA 0 0 "Uqcrc2_noRT" "non-targeting_noRT"
"27559" "Olfr740" 0 NA NA NA NA 0 0 "Uqcrc2_noRT" "non-targeting_noRT"
"27560" "Olfr741" 0 NA NA NA NA 0 0 "Uqcrc2_noRT" "non-targeting_noRT"
"27561" "Olfr742" 0 NA NA NA NA 0 0 "Uqcrc2_noRT" "non-targeting_noRT"
"27562" "Olfr743" 0 NA NA NA NA 0 0 "Uqcrc2_noRT" "non-targeting_noRT"
"27563" "Olfr744" 0 NA NA NA NA 0 0 "Uqcrc2_noRT" "non-targeting_noRT"
"27564" "Olfr745" 0 NA NA NA NA 0 0 "Uqcrc2_noRT" "non-targeting_noRT"
"27565" "Olfr746" 0 NA NA NA NA 0 0 "Uqcrc2_noRT" "non-targeting_noRT"
"27566" "Olfr747" 0 NA NA NA NA 0 0 "Uqcrc2_noRT" "non-targeting_noRT"
"27567" "Olfr748" 0 NA NA NA NA 0 0 "Uqcrc2_noRT" "non-targeting_noRT"
"27568" "Olfr749" 0 NA NA NA NA 0 0 "Uqcrc2_noRT" "non-targeting_noRT"
"27569" "Rnase10" 0 NA NA NA NA 0 0 "Uqcrc2_noRT" "non-targeting_noRT"
"27570" "Rnase9" 0 NA NA NA NA 0 0 "Uqcrc2_noRT" "non-targeting_noRT"
"27571" "Rnase11" 0 NA NA NA NA 0 0 "Uqcrc2_noRT" "non-targeting_noRT"
"27572" "Rnase12" 0 NA NA NA NA 0 0 "Uqcrc2_noRT" "non-targeting_noRT"
"27573" "Olfr750" 0 NA NA NA NA 0 0 "Uqcrc2_noRT" "non-targeting_noRT"
"27574" "Eddm3b" 0 NA NA NA NA 0 0 "Uqcrc2_noRT" "non-targeting_noRT"
"27575" "Rnase6" 0 NA NA NA NA 0 0 "Uqcrc2_noRT" "non-targeting_noRT"
"27576" "1810028F09Rik" 0 NA NA NA NA 0 0 "Uqcrc2_noRT" "non-targeting_noRT"
"27577" "Rnase1" 0 NA NA NA NA 0 0 "Uqcrc2_noRT" "non-targeting_noRT"
"27578" "Rnase2b" 0 NA NA NA NA 0 0 "Uqcrc2_noRT" "non-targeting_noRT"
"27579" "Ang2" 0 NA NA NA NA 0 0 "Uqcrc2_noRT" "non-targeting_noRT"
"27580" "Ear14" 0 NA NA NA NA 0 0 "Uqcrc2_noRT" "non-targeting_noRT"
"27581" "Rnase2a" 0 NA NA NA NA 0 0 "Uqcrc2_noRT" "non-targeting_noRT"
"27582" "Gm21718" 0 NA NA NA NA 0 0 "Uqcrc2_noRT" "non-targeting_noRT"
"27583" "4930597G03Rik" 0 NA NA NA NA 0 0 "Uqcrc2_noRT" "non-targeting_noRT"
"27584" "Gm7247" 0 NA NA NA NA 0 0 "Uqcrc2_noRT" "non-targeting_noRT"
"27585" "Vmn2r88" 0 NA NA NA NA 0 0 "Uqcrc2_noRT" "non-targeting_noRT"
"27586" "Vmn2r89" 0 NA NA NA NA 0 0 "Uqcrc2_noRT" "non-targeting_noRT"
"27587" "Gm17175" 0 NA NA NA NA 0 0 "Uqcrc2_noRT" "non-targeting_noRT"
"27588" "Gm17174" 0 NA NA NA NA 0 0 "Uqcrc2_noRT" "non-targeting_noRT"
"27589" "Gm17078" 0 NA NA NA NA 0 0 "Uqcrc2_noRT" "non-targeting_noRT"
"27590" "Gm17079" 0 NA NA NA NA 0 0 "Uqcrc2_noRT" "non-targeting_noRT"
"27591" "Gm5800" 0 NA NA NA NA 0 0 "Uqcrc2_noRT" "non-targeting_noRT"
"27592" "Ang4" 0 NA NA NA NA 0 0 "Uqcrc2_noRT" "non-targeting_noRT"
"27593" "AY358078" 0 NA NA NA NA 0 0 "Uqcrc2_noRT" "non-targeting_noRT"
"27594" "Ear6" 0 NA NA NA NA 0 0 "Uqcrc2_noRT" "non-targeting_noRT"
"27595" "Slc39a2" 0 NA NA NA NA 0 0 "Uqcrc2_noRT" "non-targeting_noRT"
"27596" "Tppp2" 0 NA NA NA NA 0 0 "Uqcrc2_noRT" "non-targeting_noRT"
"27597" "Rnase13" 0 NA NA NA NA 0 0 "Uqcrc2_noRT" "non-targeting_noRT"
"27598" "Gm49076" 0 NA NA NA NA 0 0 "Uqcrc2_noRT" "non-targeting_noRT"
"27599" "Gm16617" 0 NA NA NA NA 0 0 "Uqcrc2_noRT" "non-targeting_noRT"
"27600" "Tmem253" 0 NA NA NA NA 0 0 "Uqcrc2_noRT" "non-targeting_noRT"
"27601" "Gm49086" 0 NA NA NA NA 0 0 "Uqcrc2_noRT" "non-targeting_noRT"
"27602" "Gm49256" 0 NA NA NA NA 0 0 "Uqcrc2_noRT" "non-targeting_noRT"
"27603" "Olfr221" 0 NA NA NA NA 0 0 "Uqcrc2_noRT" "non-targeting_noRT"
"27604" "Olfr1513" 0 NA NA NA NA 0 0 "Uqcrc2_noRT" "non-targeting_noRT"
"27605" "Olfr1512" 0 NA NA NA NA 0 0 "Uqcrc2_noRT" "non-targeting_noRT"
"27606" "Olfr1511" 0 NA NA NA NA 0 0 "Uqcrc2_noRT" "non-targeting_noRT"
"27607" "Olfr1510" 0 NA NA NA NA 0 0 "Uqcrc2_noRT" "non-targeting_noRT"
"27608" "Trav1" 0 NA NA NA NA 0 0 "Uqcrc2_noRT" "non-targeting_noRT"
"27609" "Olfr1509" 0 NA NA NA NA 0 0 "Uqcrc2_noRT" "non-targeting_noRT"
"27610" "Olfr1508" 0 NA NA NA NA 0 0 "Uqcrc2_noRT" "non-targeting_noRT"
"27611" "Olfr1507" 0 NA NA NA NA 0 0 "Uqcrc2_noRT" "non-targeting_noRT"
"27612" "Trav2" 0 NA NA NA NA 0 0 "Uqcrc2_noRT" "non-targeting_noRT"
"27613" "Trav3-1" 0 NA NA NA NA 0 0 "Uqcrc2_noRT" "non-targeting_noRT"
"27614" "Trav4-1" 0 NA NA NA NA 0 0 "Uqcrc2_noRT" "non-targeting_noRT"
"27615" "Trav5-1" 0 NA NA NA NA 0 0 "Uqcrc2_noRT" "non-targeting_noRT"
"27616" "Trav6-1" 0 NA NA NA NA 0 0 "Uqcrc2_noRT" "non-targeting_noRT"
"27617" "Trav7-1" 0 NA NA NA NA 0 0 "Uqcrc2_noRT" "non-targeting_noRT"
"27618" "Trav6-2" 0 NA NA NA NA 0 0 "Uqcrc2_noRT" "non-targeting_noRT"
"27619" "Trav7d-2" 0 NA NA NA NA 0 0 "Uqcrc2_noRT" "non-targeting_noRT"
"27620" "Trav4d-2" 0 NA NA NA NA 0 0 "Uqcrc2_noRT" "non-targeting_noRT"
"27621" "Trav6d-3" 0 NA NA NA NA 0 0 "Uqcrc2_noRT" "non-targeting_noRT"
"27622" "Trav7d-3" 0 NA NA NA NA 0 0 "Uqcrc2_noRT" "non-targeting_noRT"
"27623" "Trav6d-4" 0 NA NA NA NA 0 0 "Uqcrc2_noRT" "non-targeting_noRT"
"27624" "Trav7d-4" 0 NA NA NA NA 0 0 "Uqcrc2_noRT" "non-targeting_noRT"
"27625" "Trav8d-1" 0 NA NA NA NA 0 0 "Uqcrc2_noRT" "non-targeting_noRT"
"27626" "Trav9d-1" 0 NA NA NA NA 0 0 "Uqcrc2_noRT" "non-targeting_noRT"
"27627" "Trav6d-5" 0 NA NA NA NA 0 0 "Uqcrc2_noRT" "non-targeting_noRT"
"27628" "Trav10d" 0 NA NA NA NA 0 0 "Uqcrc2_noRT" "non-targeting_noRT"
"27629" "Trav6d-6" 0 NA NA NA NA 0 0 "Uqcrc2_noRT" "non-targeting_noRT"
"27630" "Trav11d" 0 NA NA NA NA 0 0 "Uqcrc2_noRT" "non-targeting_noRT"
"27631" "Trav7d-5" 0 NA NA NA NA 0 0 "Uqcrc2_noRT" "non-targeting_noRT"
"27632" "Trav12d-1" 0 NA NA NA NA 0 0 "Uqcrc2_noRT" "non-targeting_noRT"
"27633" "Trav13d-1" 0 NA NA NA NA 0 0 "Uqcrc2_noRT" "non-targeting_noRT"
"27634" "Trav14d-1" 0 NA NA NA NA 0 0 "Uqcrc2_noRT" "non-targeting_noRT"
"27635" "Trav15d-1-dv6d-1" 0 NA NA NA NA 0 0 "Uqcrc2_noRT" "non-targeting_noRT"
"27636" "Trav3d-2" 0 NA NA NA NA 0 0 "Uqcrc2_noRT" "non-targeting_noRT"
"27637" "Trav9d-2" 0 NA NA NA NA 0 0 "Uqcrc2_noRT" "non-targeting_noRT"
"27638" "Trav4d-3" 0 NA NA NA NA 0 0 "Uqcrc2_noRT" "non-targeting_noRT"
"27639" "Trav5d-2" 0 NA NA NA NA 0 0 "Uqcrc2_noRT" "non-targeting_noRT"
"27640" "Trav12d-2" 0 NA NA NA NA 0 0 "Uqcrc2_noRT" "non-targeting_noRT"
"27641" "Trav9d-3" 0 NA NA NA NA 0 0 "Uqcrc2_noRT" "non-targeting_noRT"
"27642" "Trav5d-3" 0 NA NA NA NA 0 0 "Uqcrc2_noRT" "non-targeting_noRT"
"27643" "Trav12d-3" 0 NA NA NA NA 0 0 "Uqcrc2_noRT" "non-targeting_noRT"
"27644" "Trav13d-2" 0 NA NA NA NA 0 0 "Uqcrc2_noRT" "non-targeting_noRT"
"27645" "Trav14d-2" 0 NA NA NA NA 0 0 "Uqcrc2_noRT" "non-targeting_noRT"
"27646" "Trav15d-2-dv6d-2" 0 NA NA NA NA 0 0 "Uqcrc2_noRT" "non-targeting_noRT"
"27647" "Trav3d-3" 0 NA NA NA NA 0 0 "Uqcrc2_noRT" "non-targeting_noRT"
"27648" "Trav9d-4" 0 NA NA NA NA 0 0 "Uqcrc2_noRT" "non-targeting_noRT"
"27649" "Trav4d-4" 0 NA NA NA NA 0 0 "Uqcrc2_noRT" "non-targeting_noRT"
"27650" "Trav5d-4" 0 NA NA NA NA 0 0 "Uqcrc2_noRT" "non-targeting_noRT"
"27651" "Trav6d-7" 0 NA NA NA NA 0 0 "Uqcrc2_noRT" "non-targeting_noRT"
"27652" "C920008G01Rik" 0 NA NA NA NA 0 0 "Uqcrc2_noRT" "non-targeting_noRT"
"27653" "Gm30214" 0 NA NA NA NA 0 0 "Uqcrc2_noRT" "non-targeting_noRT"
"27654" "Trav13d-3" 0 NA NA NA NA 0 0 "Uqcrc2_noRT" "non-targeting_noRT"
"27655" "Trav8d-2" 0 NA NA NA NA 0 0 "Uqcrc2_noRT" "non-targeting_noRT"
"27656" "Trav16d-dv11" 0 NA NA NA NA 0 0 "Uqcrc2_noRT" "non-targeting_noRT"
"27657" "Trav13d-4" 0 NA NA NA NA 0 0 "Uqcrc2_noRT" "non-targeting_noRT"
"27658" "Trav14d-3-dv8" 0 NA NA NA NA 0 0 "Uqcrc2_noRT" "non-targeting_noRT"
"27659" "Trav15d-3" 0 NA NA NA NA 0 0 "Uqcrc2_noRT" "non-targeting_noRT"
"27660" "Trav7n-4" 0 NA NA NA NA 0 0 "Uqcrc2_noRT" "non-targeting_noRT"
"27661" "Trav9n-1" 0 NA NA NA NA 0 0 "Uqcrc2_noRT" "non-targeting_noRT"
"27662" "Trav6n-5" 0 NA NA NA NA 0 0 "Uqcrc2_noRT" "non-targeting_noRT"
"27663" "Trav10n" 0 NA NA NA NA 0 0 "Uqcrc2_noRT" "non-targeting_noRT"
"27664" "Trav6n-6" 0 NA NA NA NA 0 0 "Uqcrc2_noRT" "non-targeting_noRT"
"27665" "Trav11n" 0 NA NA NA NA 0 0 "Uqcrc2_noRT" "non-targeting_noRT"
"27666" "Trav7n-5" 0 NA NA NA NA 0 0 "Uqcrc2_noRT" "non-targeting_noRT"
"27667" "Trav12n-1" 0 NA NA NA NA 0 0 "Uqcrc2_noRT" "non-targeting_noRT"
"27668" "Trav13n-1" 0 NA NA NA NA 0 0 "Uqcrc2_noRT" "non-targeting_noRT"
"27669" "Trav14n-1" 0 NA NA NA NA 0 0 "Uqcrc2_noRT" "non-targeting_noRT"
"27670" "Trav15n-1" 0 NA NA NA NA 0 0 "Uqcrc2_noRT" "non-targeting_noRT"
"27671" "Trav3n-2" 0 NA NA NA NA 0 0 "Uqcrc2_noRT" "non-targeting_noRT"
"27672" "Trav9n-2" 0 NA NA NA NA 0 0 "Uqcrc2_noRT" "non-targeting_noRT"
"27673" "Trav4n-3" 0 NA NA NA NA 0 0 "Uqcrc2_noRT" "non-targeting_noRT"
"27674" "Trav5n-2" 0 NA NA NA NA 0 0 "Uqcrc2_noRT" "non-targeting_noRT"
"27675" "Trav12n-2" 0 NA NA NA NA 0 0 "Uqcrc2_noRT" "non-targeting_noRT"
"27676" "Trav9n-3" 0 NA NA NA NA 0 0 "Uqcrc2_noRT" "non-targeting_noRT"
"27677" "Trav5n-3" 0 NA NA NA NA 0 0 "Uqcrc2_noRT" "non-targeting_noRT"
"27678" "Trav12n-3" 0 NA NA NA NA 0 0 "Uqcrc2_noRT" "non-targeting_noRT"
"27679" "Trav13n-2" 0 NA NA NA NA 0 0 "Uqcrc2_noRT" "non-targeting_noRT"
"27680" "Trav14n-2" 0 NA NA NA NA 0 0 "Uqcrc2_noRT" "non-targeting_noRT"
"27681" "Trav15n-2" 0 NA NA NA NA 0 0 "Uqcrc2_noRT" "non-targeting_noRT"
"27682" "Trav3n-3" 0 NA NA NA NA 0 0 "Uqcrc2_noRT" "non-targeting_noRT"
"27683" "Trav9n-4" 0 NA NA NA NA 0 0 "Uqcrc2_noRT" "non-targeting_noRT"
"27684" "Trav4n-4" 0 NA NA NA NA 0 0 "Uqcrc2_noRT" "non-targeting_noRT"
"27685" "Trav5n-4" 0 NA NA NA NA 0 0 "Uqcrc2_noRT" "non-targeting_noRT"
"27686" "Trav6n-7" 0 NA NA NA NA 0 0 "Uqcrc2_noRT" "non-targeting_noRT"
"27687" "Trav7n-6" 0 NA NA NA NA 0 0 "Uqcrc2_noRT" "non-targeting_noRT"
"27688" "Gm43650" 0 NA NA NA NA 0 0 "Uqcrc2_noRT" "non-targeting_noRT"
"27689" "Trav13n-3" 0 NA NA NA NA 0 0 "Uqcrc2_noRT" "non-targeting_noRT"
"27690" "Trav8n-2" 0 NA NA NA NA 0 0 "Uqcrc2_noRT" "non-targeting_noRT"
"27691" "Trav16n" 0 NA NA NA NA 0 0 "Uqcrc2_noRT" "non-targeting_noRT"
"27692" "Trav13n-4" 0 NA NA NA NA 0 0 "Uqcrc2_noRT" "non-targeting_noRT"
"27693" "Trav14n-3" 0 NA NA NA NA 0 0 "Uqcrc2_noRT" "non-targeting_noRT"
"27694" "Trav15n-3" 0 NA NA NA NA 0 0 "Uqcrc2_noRT" "non-targeting_noRT"
"27695" "Trav7-2" 0 NA NA NA NA 0 0 "Uqcrc2_noRT" "non-targeting_noRT"
"27696" "Trav4-2" 0 NA NA NA NA 0 0 "Uqcrc2_noRT" "non-targeting_noRT"
"27697" "Trav6-3" 0 NA NA NA NA 0 0 "Uqcrc2_noRT" "non-targeting_noRT"
"27698" "Trav7-3" 0 NA NA NA NA 0 0 "Uqcrc2_noRT" "non-targeting_noRT"
"27699" "Trav6-4" 0 NA NA NA NA 0 0 "Uqcrc2_noRT" "non-targeting_noRT"
"27700" "Trav7-4" 0 NA NA NA NA 0 0 "Uqcrc2_noRT" "non-targeting_noRT"
"27701" "Trav8-1" 0 NA NA NA NA 0 0 "Uqcrc2_noRT" "non-targeting_noRT"
"27702" "Trav9-1" 0 NA NA NA NA 0 0 "Uqcrc2_noRT" "non-targeting_noRT"
"27703" "Trav6-5" 0 NA NA NA NA 0 0 "Uqcrc2_noRT" "non-targeting_noRT"
"27704" "Trav10" 0 NA NA NA NA 0 0 "Uqcrc2_noRT" "non-targeting_noRT"
"27705" "Trav6-6" 0 NA NA NA NA 0 0 "Uqcrc2_noRT" "non-targeting_noRT"
"27706" "Trav11" 0 NA NA NA NA 0 0 "Uqcrc2_noRT" "non-targeting_noRT"
"27707" "Trav7-5" 0 NA NA NA NA 0 0 "Uqcrc2_noRT" "non-targeting_noRT"
"27708" "Trav12-1" 0 NA NA NA NA 0 0 "Uqcrc2_noRT" "non-targeting_noRT"
"27709" "Trav13-1" 0 NA NA NA NA 0 0 "Uqcrc2_noRT" "non-targeting_noRT"
"27710" "Trav14-1" 0 NA NA NA NA 0 0 "Uqcrc2_noRT" "non-targeting_noRT"
"27711" "Trav15-1-dv6-1" 0 NA NA NA NA 0 0 "Uqcrc2_noRT" "non-targeting_noRT"
"27712" "Trav3-2" 0 NA NA NA NA 0 0 "Uqcrc2_noRT" "non-targeting_noRT"
"27713" "Trav9-2" 0 NA NA NA NA 0 0 "Uqcrc2_noRT" "non-targeting_noRT"
"27714" "Trav4-3" 0 NA NA NA NA 0 0 "Uqcrc2_noRT" "non-targeting_noRT"
"27715" "Trav5-2" 0 NA NA NA NA 0 0 "Uqcrc2_noRT" "non-targeting_noRT"
"27716" "Trav12-2" 0 NA NA NA NA 0 0 "Uqcrc2_noRT" "non-targeting_noRT"
"27717" "Trav12-3" 0 NA NA NA NA 0 0 "Uqcrc2_noRT" "non-targeting_noRT"
"27718" "Trav13-2" 0 NA NA NA NA 0 0 "Uqcrc2_noRT" "non-targeting_noRT"
"27719" "Trav14-2" 0 NA NA NA NA 0 0 "Uqcrc2_noRT" "non-targeting_noRT"
"27720" "Trav15-2-dv6-2" 0 NA NA NA NA 0 0 "Uqcrc2_noRT" "non-targeting_noRT"
"27721" "Trav3-3" 0 NA NA NA NA 0 0 "Uqcrc2_noRT" "non-targeting_noRT"
"27722" "Trav9-4" 0 NA NA NA NA 0 0 "Uqcrc2_noRT" "non-targeting_noRT"
"27723" "Trav4-4-dv10" 0 NA NA NA NA 0 0 "Uqcrc2_noRT" "non-targeting_noRT"
"27724" "Trav5-4" 0 NA NA NA NA 0 0 "Uqcrc2_noRT" "non-targeting_noRT"
"27725" "Trav6-7-dv9" 0 NA NA NA NA 0 0 "Uqcrc2_noRT" "non-targeting_noRT"
"27726" "Trav7-6" 0 NA NA NA NA 0 0 "Uqcrc2_noRT" "non-targeting_noRT"
"27727" "Trav13-3" 0 NA NA NA NA 0 0 "Uqcrc2_noRT" "non-targeting_noRT"
"27728" "Trav8-2" 0 NA NA NA NA 0 0 "Uqcrc2_noRT" "non-targeting_noRT"
"27729" "Trav16" 0 NA NA NA NA 0 0 "Uqcrc2_noRT" "non-targeting_noRT"
"27730" "Trav13-4-dv7" 0 NA NA NA NA 0 0 "Uqcrc2_noRT" "non-targeting_noRT"
"27731" "Trav14-3" 0 NA NA NA NA 0 0 "Uqcrc2_noRT" "non-targeting_noRT"
"27732" "Trav15-3" 0 NA NA NA NA 0 0 "Uqcrc2_noRT" "non-targeting_noRT"
"27733" "Trav3-4" 0 NA NA NA NA 0 0 "Uqcrc2_noRT" "non-targeting_noRT"
"27734" "Trav12-4" 0 NA NA NA NA 0 0 "Uqcrc2_noRT" "non-targeting_noRT"
"27735" "B230359F08Rik" 0 NA NA NA NA 0 0 "Uqcrc2_noRT" "non-targeting_noRT"
"27736" "Trav17" 0 NA NA NA NA 0 0 "Uqcrc2_noRT" "non-targeting_noRT"
"27737" "Trav18" 0 NA NA NA NA 0 0 "Uqcrc2_noRT" "non-targeting_noRT"
"27738" "Trav19" 0 NA NA NA NA 0 0 "Uqcrc2_noRT" "non-targeting_noRT"
"27739" "Trav20" 0 NA NA NA NA 0 0 "Uqcrc2_noRT" "non-targeting_noRT"
"27740" "Trav21-dv12" 0 NA NA NA NA 0 0 "Uqcrc2_noRT" "non-targeting_noRT"
"27741" "Trdv1" 0 NA NA NA NA 0 0 "Uqcrc2_noRT" "non-targeting_noRT"
"27742" "Gm43647" 0 NA NA NA NA 0 0 "Uqcrc2_noRT" "non-targeting_noRT"
"27743" "Trav22" 0 NA NA NA NA 0 0 "Uqcrc2_noRT" "non-targeting_noRT"
"27744" "Trdv2-1" 0 NA NA NA NA 0 0 "Uqcrc2_noRT" "non-targeting_noRT"
"27745" "Trdv2-2" 0 NA NA NA NA 0 0 "Uqcrc2_noRT" "non-targeting_noRT"
"27746" "Trav23" 0 NA NA NA NA 0 0 "Uqcrc2_noRT" "non-targeting_noRT"
"27747" "Trdv3" 0 NA NA NA NA 0 0 "Uqcrc2_noRT" "non-targeting_noRT"
"27748" "Gm30275" 0 NA NA NA NA 0 0 "Uqcrc2_noRT" "non-targeting_noRT"
"27749" "Trdv4" 0 NA NA NA NA 0 0 "Uqcrc2_noRT" "non-targeting_noRT"
"27750" "Trdd1" 0 NA NA NA NA 0 0 "Uqcrc2_noRT" "non-targeting_noRT"
"27751" "Trdd2" 0 NA NA NA NA 0 0 "Uqcrc2_noRT" "non-targeting_noRT"
"27752" "Trdj1" 0 NA NA NA NA 0 0 "Uqcrc2_noRT" "non-targeting_noRT"
"27753" "Gm43434" 0 NA NA NA NA 0 0 "Uqcrc2_noRT" "non-targeting_noRT"
"27754" "Trdj2" 0 NA NA NA NA 0 0 "Uqcrc2_noRT" "non-targeting_noRT"
"27755" "Trdc" 0 NA NA NA NA 0 0 "Uqcrc2_noRT" "non-targeting_noRT"
"27756" "Trdv5" 0 NA NA NA NA 0 0 "Uqcrc2_noRT" "non-targeting_noRT"
"27757" "Traj61" 0 NA NA NA NA 0 0 "Uqcrc2_noRT" "non-targeting_noRT"
"27758" "Traj60" 0 NA NA NA NA 0 0 "Uqcrc2_noRT" "non-targeting_noRT"
"27759" "Traj59" 0 NA NA NA NA 0 0 "Uqcrc2_noRT" "non-targeting_noRT"
"27760" "Traj58" 0 NA NA NA NA 0 0 "Uqcrc2_noRT" "non-targeting_noRT"
"27761" "Traj57" 0 NA NA NA NA 0 0 "Uqcrc2_noRT" "non-targeting_noRT"
"27762" "Traj56" 0 NA NA NA NA 0 0 "Uqcrc2_noRT" "non-targeting_noRT"
"27763" "Traj55" 0 NA NA NA NA 0 0 "Uqcrc2_noRT" "non-targeting_noRT"
"27764" "Traj54" 0 NA NA NA NA 0 0 "Uqcrc2_noRT" "non-targeting_noRT"
"27765" "Traj53" 0 NA NA NA NA 0 0 "Uqcrc2_noRT" "non-targeting_noRT"
"27766" "Traj52" 0 NA NA NA NA 0 0 "Uqcrc2_noRT" "non-targeting_noRT"
"27767" "Traj51" 0 NA NA NA NA 0 0 "Uqcrc2_noRT" "non-targeting_noRT"
"27768" "Traj50" 0 NA NA NA NA 0 0 "Uqcrc2_noRT" "non-targeting_noRT"
"27769" "Traj49" 0 NA NA NA NA 0 0 "Uqcrc2_noRT" "non-targeting_noRT"
"27770" "Traj48" 0 NA NA NA NA 0 0 "Uqcrc2_noRT" "non-targeting_noRT"
"27771" "Traj47" 0 NA NA NA NA 0 0 "Uqcrc2_noRT" "non-targeting_noRT"
"27772" "Traj46" 0 NA NA NA NA 0 0 "Uqcrc2_noRT" "non-targeting_noRT"
"27773" "Traj45" 0 NA NA NA NA 0 0 "Uqcrc2_noRT" "non-targeting_noRT"
"27774" "Traj44" 0 NA NA NA NA 0 0 "Uqcrc2_noRT" "non-targeting_noRT"
"27775" "Traj43" 0 NA NA NA NA 0 0 "Uqcrc2_noRT" "non-targeting_noRT"
"27776" "Traj42" 0 NA NA NA NA 0 0 "Uqcrc2_noRT" "non-targeting_noRT"
"27777" "Traj41" 0 NA NA NA NA 0 0 "Uqcrc2_noRT" "non-targeting_noRT"
"27778" "Traj40" 0 NA NA NA NA 0 0 "Uqcrc2_noRT" "non-targeting_noRT"
"27779" "Traj39" 0 NA NA NA NA 0 0 "Uqcrc2_noRT" "non-targeting_noRT"
"27780" "Traj38" 0 NA NA NA NA 0 0 "Uqcrc2_noRT" "non-targeting_noRT"
"27781" "Traj37" 0 NA NA NA NA 0 0 "Uqcrc2_noRT" "non-targeting_noRT"
"27782" "Traj36" 0 NA NA NA NA 0 0 "Uqcrc2_noRT" "non-targeting_noRT"
"27783" "Traj35" 0 NA NA NA NA 0 0 "Uqcrc2_noRT" "non-targeting_noRT"
"27784" "Traj34" 0 NA NA NA NA 0 0 "Uqcrc2_noRT" "non-targeting_noRT"
"27785" "Traj33" 0 NA NA NA NA 0 0 "Uqcrc2_noRT" "non-targeting_noRT"
"27786" "Traj32" 0 NA NA NA NA 0 0 "Uqcrc2_noRT" "non-targeting_noRT"
"27787" "Traj31" 0 NA NA NA NA 0 0 "Uqcrc2_noRT" "non-targeting_noRT"
"27788" "Traj30" 0 NA NA NA NA 0 0 "Uqcrc2_noRT" "non-targeting_noRT"
"27789" "Traj29" 0 NA NA NA NA 0 0 "Uqcrc2_noRT" "non-targeting_noRT"
"27790" "Traj28" 0 NA NA NA NA 0 0 "Uqcrc2_noRT" "non-targeting_noRT"
"27791" "Traj27" 0 NA NA NA NA 0 0 "Uqcrc2_noRT" "non-targeting_noRT"
"27792" "Traj26" 0 NA NA NA NA 0 0 "Uqcrc2_noRT" "non-targeting_noRT"
"27793" "Traj25" 0 NA NA NA NA 0 0 "Uqcrc2_noRT" "non-targeting_noRT"
"27794" "Traj24" 0 NA NA NA NA 0 0 "Uqcrc2_noRT" "non-targeting_noRT"
"27795" "Traj23" 0 NA NA NA NA 0 0 "Uqcrc2_noRT" "non-targeting_noRT"
"27796" "Traj22" 0 NA NA NA NA 0 0 "Uqcrc2_noRT" "non-targeting_noRT"
"27797" "Traj21" 0 NA NA NA NA 0 0 "Uqcrc2_noRT" "non-targeting_noRT"
"27798" "Traj20" 0 NA NA NA NA 0 0 "Uqcrc2_noRT" "non-targeting_noRT"
"27799" "Traj19" 0 NA NA NA NA 0 0 "Uqcrc2_noRT" "non-targeting_noRT"
"27800" "Traj18" 0 NA NA NA NA 0 0 "Uqcrc2_noRT" "non-targeting_noRT"
"27801" "Traj17" 0 NA NA NA NA 0 0 "Uqcrc2_noRT" "non-targeting_noRT"
"27802" "Traj16" 0 NA NA NA NA 0 0 "Uqcrc2_noRT" "non-targeting_noRT"
"27803" "Traj15" 0 NA NA NA NA 0 0 "Uqcrc2_noRT" "non-targeting_noRT"
"27804" "Traj14" 0 NA NA NA NA 0 0 "Uqcrc2_noRT" "non-targeting_noRT"
"27805" "Traj13" 0 NA NA NA NA 0 0 "Uqcrc2_noRT" "non-targeting_noRT"
"27806" "Traj12" 0 NA NA NA NA 0 0 "Uqcrc2_noRT" "non-targeting_noRT"
"27807" "Traj11" 0 NA NA NA NA 0 0 "Uqcrc2_noRT" "non-targeting_noRT"
"27808" "Traj9" 0 NA NA NA NA 0 0 "Uqcrc2_noRT" "non-targeting_noRT"
"27809" "Traj8" 0 NA NA NA NA 0 0 "Uqcrc2_noRT" "non-targeting_noRT"
"27810" "Traj7" 0 NA NA NA NA 0 0 "Uqcrc2_noRT" "non-targeting_noRT"
"27811" "Traj6" 0 NA NA NA NA 0 0 "Uqcrc2_noRT" "non-targeting_noRT"
"27812" "Traj5" 0 NA NA NA NA 0 0 "Uqcrc2_noRT" "non-targeting_noRT"
"27813" "Traj4" 0 NA NA NA NA 0 0 "Uqcrc2_noRT" "non-targeting_noRT"
"27814" "Traj3" 0 NA NA NA NA 0 0 "Uqcrc2_noRT" "non-targeting_noRT"
"27815" "Traj2" 0 NA NA NA NA 0 0 "Uqcrc2_noRT" "non-targeting_noRT"
"27816" "Traj1" 0 NA NA NA NA 0 0 "Uqcrc2_noRT" "non-targeting_noRT"
"27817" "Olfr49" 0 NA NA NA NA 0 0 "Uqcrc2_noRT" "non-targeting_noRT"
"27818" "Slc7a7" 0 NA NA NA NA 0 0 "Uqcrc2_noRT" "non-targeting_noRT"
"27819" "Gm10366" 0 NA NA NA NA 0 0 "Uqcrc2_noRT" "non-targeting_noRT"
"27820" "Rem2" 0 NA NA NA NA 0 0 "Uqcrc2_noRT" "non-targeting_noRT"
"27821" "Gm17606" 0 NA NA NA NA 0 0 "Uqcrc2_noRT" "non-targeting_noRT"
"27822" "4930579G18Rik" 0 NA NA NA NA 0 0 "Uqcrc2_noRT" "non-targeting_noRT"
"27823" "Gm29776" 0 NA NA NA NA 0 0 "Uqcrc2_noRT" "non-targeting_noRT"
"27824" "Cebpe" 0 NA NA NA NA 0 0 "Uqcrc2_noRT" "non-targeting_noRT"
"27825" "Slc7a8" 0 NA NA NA NA 0 0 "Uqcrc2_noRT" "non-targeting_noRT"
"27826" "Rnf212b" 0 NA NA NA NA 0 0 "Uqcrc2_noRT" "non-targeting_noRT"
"27827" "Il25" 0 NA NA NA NA 0 0 "Uqcrc2_noRT" "non-targeting_noRT"
"27828" "Gm49130" 0 NA NA NA NA 0 0 "Uqcrc2_noRT" "non-targeting_noRT"
"27829" "Myh6" 0 NA NA NA NA 0 0 "Uqcrc2_noRT" "non-targeting_noRT"
"27830" "Mhrt" 0 NA NA NA NA 0 0 "Uqcrc2_noRT" "non-targeting_noRT"
"27831" "Myh7" 0 NA NA NA NA 0 0 "Uqcrc2_noRT" "non-targeting_noRT"
"27832" "Gm29015" 0 NA NA NA NA 0 0 "Uqcrc2_noRT" "non-targeting_noRT"
"27833" "Gm17428" 0 NA NA NA NA 0 0 "Uqcrc2_noRT" "non-targeting_noRT"
"27834" "Gm31251" 0 NA NA NA NA 0 0 "Uqcrc2_noRT" "non-targeting_noRT"
"27835" "Jph4" 0 NA NA NA NA 0 0 "Uqcrc2_noRT" "non-targeting_noRT"
"27836" "Dhrs2" 0 NA NA NA NA 0 0 "Uqcrc2_noRT" "non-targeting_noRT"
"27837" "Gm49022" 0 NA NA NA NA 0 0 "Uqcrc2_noRT" "non-targeting_noRT"
"27838" "Dhrs4" 0 NA NA NA NA 0 0 "Uqcrc2_noRT" "non-targeting_noRT"
"27839" "Carmil3" 0 NA NA NA NA 0 0 "Uqcrc2_noRT" "non-targeting_noRT"
"27840" "Cpne6" 0 NA NA NA NA 0 0 "Uqcrc2_noRT" "non-targeting_noRT"
"27841" "Nrl" 0 NA NA NA NA 0 0 "Uqcrc2_noRT" "non-targeting_noRT"
"27842" "Gm10876" 0 NA NA NA NA 0 0 "Uqcrc2_noRT" "non-targeting_noRT"
"27843" "A730061H03Rik" 0 NA NA NA NA 0 0 "Uqcrc2_noRT" "non-targeting_noRT"
"27844" "Gm15932" 0 NA NA NA NA 0 0 "Uqcrc2_noRT" "non-targeting_noRT"
"27845" "Fitm1" 0 NA NA NA NA 0 0 "Uqcrc2_noRT" "non-targeting_noRT"
"27846" "Rec8" 0 NA NA NA NA 0 0 "Uqcrc2_noRT" "non-targeting_noRT"
"27847" "Tssk4" 0 NA NA NA NA 0 0 "Uqcrc2_noRT" "non-targeting_noRT"
"27848" "Gm49067" 0 NA NA NA NA 0 0 "Uqcrc2_noRT" "non-targeting_noRT"
"27849" "Tgm1" 0 NA NA NA NA 0 0 "Uqcrc2_noRT" "non-targeting_noRT"
"27850" "Cideb" 0 NA NA NA NA 0 0 "Uqcrc2_noRT" "non-targeting_noRT"
"27851" "Ltb4r2" 0 NA NA NA NA 0 0 "Uqcrc2_noRT" "non-targeting_noRT"
"27852" "Adcy4" 0 NA NA NA NA 0 0 "Uqcrc2_noRT" "non-targeting_noRT"
"27853" "Nfatc4" 0 NA NA NA NA 0 0 "Uqcrc2_noRT" "non-targeting_noRT"
"27854" "Nynrin" 0 NA NA NA NA 0 0 "Uqcrc2_noRT" "non-targeting_noRT"
"27855" "Cbln3" 0 NA NA NA NA 0 0 "Uqcrc2_noRT" "non-targeting_noRT"
"27856" "Gm48925" 0 NA NA NA NA 0 0 "Uqcrc2_noRT" "non-targeting_noRT"
"27857" "Cma1" 0 NA NA NA NA 0 0 "Uqcrc2_noRT" "non-targeting_noRT"
"27858" "Cma2" 0 NA NA NA NA 0 0 "Uqcrc2_noRT" "non-targeting_noRT"
"27859" "Mcpt1" 0 NA NA NA NA 0 0 "Uqcrc2_noRT" "non-targeting_noRT"
"27860" "Mcpt9" 0 NA NA NA NA 0 0 "Uqcrc2_noRT" "non-targeting_noRT"
"27861" "Mcpt2" 0 NA NA NA NA 0 0 "Uqcrc2_noRT" "non-targeting_noRT"
"27862" "Mcpt4" 0 NA NA NA NA 0 0 "Uqcrc2_noRT" "non-targeting_noRT"
"27863" "Mcpt8" 0 NA NA NA NA 0 0 "Uqcrc2_noRT" "non-targeting_noRT"
"27864" "Ctsg" 0 NA NA NA NA 0 0 "Uqcrc2_noRT" "non-targeting_noRT"
"27865" "Gzme" 0 NA NA NA NA 0 0 "Uqcrc2_noRT" "non-targeting_noRT"
"27866" "Gzmd" 0 NA NA NA NA 0 0 "Uqcrc2_noRT" "non-targeting_noRT"
"27867" "Gzmg" 0 NA NA NA NA 0 0 "Uqcrc2_noRT" "non-targeting_noRT"
"27868" "Gzmn" 0 NA NA NA NA 0 0 "Uqcrc2_noRT" "non-targeting_noRT"
"27869" "Gm4022" 0 NA NA NA NA 0 0 "Uqcrc2_noRT" "non-targeting_noRT"
"27870" "Gzmf" 0 NA NA NA NA 0 0 "Uqcrc2_noRT" "non-targeting_noRT"
"27871" "Gzmc" 0 NA NA NA NA 0 0 "Uqcrc2_noRT" "non-targeting_noRT"
"27872" "Gzmb" 0 NA NA NA NA 0 0 "Uqcrc2_noRT" "non-targeting_noRT"
"27873" "Atp12a" 0 NA NA NA NA 0 0 "Uqcrc2_noRT" "non-targeting_noRT"
"27874" "Gm10873" 0 NA NA NA NA 0 0 "Uqcrc2_noRT" "non-targeting_noRT"
"27875" "Rnf17" 0 NA NA NA NA 0 0 "Uqcrc2_noRT" "non-targeting_noRT"
"27876" "Gm16573" 0 NA NA NA NA 0 0 "Uqcrc2_noRT" "non-targeting_noRT"
"27877" "B020004C17Rik" 0 NA NA NA NA 0 0 "Uqcrc2_noRT" "non-targeting_noRT"
"27878" "Gja3" 0 NA NA NA NA 0 0 "Uqcrc2_noRT" "non-targeting_noRT"
"27879" "Gjb2" 0 NA NA NA NA 0 0 "Uqcrc2_noRT" "non-targeting_noRT"
"27880" "Gm4491" 0 NA NA NA NA 0 0 "Uqcrc2_noRT" "non-targeting_noRT"
"27881" "Gjb6" 0 NA NA NA NA 0 0 "Uqcrc2_noRT" "non-targeting_noRT"
"27882" "Ift88os" 0 NA NA NA NA 0 0 "Uqcrc2_noRT" "non-targeting_noRT"
"27883" "1700039M10Rik" 0 NA NA NA NA 0 0 "Uqcrc2_noRT" "non-targeting_noRT"
"27884" "Fgf9" 0 NA NA NA NA 0 0 "Uqcrc2_noRT" "non-targeting_noRT"
"27885" "Gm33321" 0 NA NA NA NA 0 0 "Uqcrc2_noRT" "non-targeting_noRT"
"27886" "Gm48447" 0 NA NA NA NA 0 0 "Uqcrc2_noRT" "non-targeting_noRT"
"27887" "Gm33472" 0 NA NA NA NA 0 0 "Uqcrc2_noRT" "non-targeting_noRT"
"27888" "Gm41162" 0 NA NA NA NA 0 0 "Uqcrc2_noRT" "non-targeting_noRT"
"27889" "Gm48453" 0 NA NA NA NA 0 0 "Uqcrc2_noRT" "non-targeting_noRT"
"27890" "1700129C05Rik" 0 NA NA NA NA 0 0 "Uqcrc2_noRT" "non-targeting_noRT"
"27891" "Gm5142" 0 NA NA NA NA 0 0 "Uqcrc2_noRT" "non-targeting_noRT"
"27892" "Phf11c" 0 NA NA NA NA 0 0 "Uqcrc2_noRT" "non-targeting_noRT"
"27893" "Shisa2" 0 NA NA NA NA 0 0 "Uqcrc2_noRT" "non-targeting_noRT"
"27894" "Atp8a2" 0 NA NA NA NA 0 0 "Uqcrc2_noRT" "non-targeting_noRT"
"27895" "4930563I02Rik" 0 NA NA NA NA 0 0 "Uqcrc2_noRT" "non-targeting_noRT"
"27896" "Amer2" 0 NA NA NA NA 0 0 "Uqcrc2_noRT" "non-targeting_noRT"
"27897" "Gm29266" 0 NA NA NA NA 0 0 "Uqcrc2_noRT" "non-targeting_noRT"
"27898" "C1qtnf9" 0 NA NA NA NA 0 0 "Uqcrc2_noRT" "non-targeting_noRT"
"27899" "Mipepos" 0 NA NA NA NA 0 0 "Uqcrc2_noRT" "non-targeting_noRT"
"27900" "Gm41168" 0 NA NA NA NA 0 0 "Uqcrc2_noRT" "non-targeting_noRT"
"27901" "Sgcg" 0 NA NA NA NA 0 0 "Uqcrc2_noRT" "non-targeting_noRT"
"27902" "1700109G14Rik" 0 NA NA NA NA 0 0 "Uqcrc2_noRT" "non-targeting_noRT"
"27903" "Arl11" 0 NA NA NA NA 0 0 "Uqcrc2_noRT" "non-targeting_noRT"
"27904" "4930556J02Rik" 0 NA NA NA NA 0 0 "Uqcrc2_noRT" "non-targeting_noRT"
"27905" "Kcnrg" 0 NA NA NA NA 0 0 "Uqcrc2_noRT" "non-targeting_noRT"
"27906" "Gm26916" 0 NA NA NA NA 0 0 "Uqcrc2_noRT" "non-targeting_noRT"
"27907" "Gm27017" 0 NA NA NA NA 0 0 "Uqcrc2_noRT" "non-targeting_noRT"
"27908" "Gm35419" 0 NA NA NA NA 0 0 "Uqcrc2_noRT" "non-targeting_noRT"
"27909" "Gm26969" 0 NA NA NA NA 0 0 "Uqcrc2_noRT" "non-targeting_noRT"
"27910" "Gm4131" 0 NA NA NA NA 0 0 "Uqcrc2_noRT" "non-targeting_noRT"
"27911" "Fam124a" 0 NA NA NA NA 0 0 "Uqcrc2_noRT" "non-targeting_noRT"
"27912" "Serpine3" 0 NA NA NA NA 0 0 "Uqcrc2_noRT" "non-targeting_noRT"
"27913" "Defb48" 0 NA NA NA NA 0 0 "Uqcrc2_noRT" "non-targeting_noRT"
"27914" "Defb47" 0 NA NA NA NA 0 0 "Uqcrc2_noRT" "non-targeting_noRT"
"27915" "Defb43" 0 NA NA NA NA 0 0 "Uqcrc2_noRT" "non-targeting_noRT"
"27916" "Defb30" 0 NA NA NA NA 0 0 "Uqcrc2_noRT" "non-targeting_noRT"
"27917" "Defb42" 0 NA NA NA NA 0 0 "Uqcrc2_noRT" "non-targeting_noRT"
"27918" "Gata4" 0 NA NA NA NA 0 0 "Uqcrc2_noRT" "non-targeting_noRT"
"27919" "Gm49390" 0 NA NA NA NA 0 0 "Uqcrc2_noRT" "non-targeting_noRT"
"27920" "Gm5463" 0 NA NA NA NA 0 0 "Uqcrc2_noRT" "non-targeting_noRT"
"27921" "Blk" 0 NA NA NA NA 0 0 "Uqcrc2_noRT" "non-targeting_noRT"
"27922" "Fam167a" 0 NA NA NA NA 0 0 "Uqcrc2_noRT" "non-targeting_noRT"
"27923" "Tdh" 0 NA NA NA NA 0 0 "Uqcrc2_noRT" "non-targeting_noRT"
"27924" "Gm17232" 0 NA NA NA NA 0 0 "Uqcrc2_noRT" "non-targeting_noRT"
"27925" "Gm15918" 0 NA NA NA NA 0 0 "Uqcrc2_noRT" "non-targeting_noRT"
"27926" "Sox7" 0 NA NA NA NA 0 0 "Uqcrc2_noRT" "non-targeting_noRT"
"27927" "4930578I06Rik" 0 NA NA NA NA 0 0 "Uqcrc2_noRT" "non-targeting_noRT"
"27928" "Rp1l1" 0 NA NA NA NA 0 0 "Uqcrc2_noRT" "non-targeting_noRT"
"27929" "Prss55" 0 NA NA NA NA 0 0 "Uqcrc2_noRT" "non-targeting_noRT"
"27930" "Prss51" 0 NA NA NA NA 0 0 "Uqcrc2_noRT" "non-targeting_noRT"
"27931" "4930471C04Rik" 0 NA NA NA NA 0 0 "Uqcrc2_noRT" "non-targeting_noRT"
"27932" "Prss52" 0 NA NA NA NA 0 0 "Uqcrc2_noRT" "non-targeting_noRT"
"27933" "Gm17116" 0 NA NA NA NA 0 0 "Uqcrc2_noRT" "non-targeting_noRT"
"27934" "9630015K15Rik" 0 NA NA NA NA 0 0 "Uqcrc2_noRT" "non-targeting_noRT"
"27935" "Gm47202" 0 NA NA NA NA 0 0 "Uqcrc2_noRT" "non-targeting_noRT"
"27936" "Mir124a-1hg" 0 NA NA NA NA 0 0 "Uqcrc2_noRT" "non-targeting_noRT"
"27937" "Gm30008" 0 NA NA NA NA 0 0 "Uqcrc2_noRT" "non-targeting_noRT"
"27938" "Gm41177" 0 NA NA NA NA 0 0 "Uqcrc2_noRT" "non-targeting_noRT"
"27939" "Gm48433" 0 NA NA NA NA 0 0 "Uqcrc2_noRT" "non-targeting_noRT"
"27940" "Pnoc" 0 NA NA NA NA 0 0 "Uqcrc2_noRT" "non-targeting_noRT"
"27941" "Gulo" 0 NA NA NA NA 0 0 "Uqcrc2_noRT" "non-targeting_noRT"
"27942" "Adam2" 0 NA NA NA NA 0 0 "Uqcrc2_noRT" "non-targeting_noRT"
"27943" "Chrna2" 0 NA NA NA NA 0 0 "Uqcrc2_noRT" "non-targeting_noRT"
"27944" "Gm41183" 0 NA NA NA NA 0 0 "Uqcrc2_noRT" "non-targeting_noRT"
"27945" "Stmn4" 0 NA NA NA NA 0 0 "Uqcrc2_noRT" "non-targeting_noRT"
"27946" "Adra1a" 0 NA NA NA NA 0 0 "Uqcrc2_noRT" "non-targeting_noRT"
"27947" "Gm10032" 0 NA NA NA NA 0 0 "Uqcrc2_noRT" "non-targeting_noRT"
"27948" "Gm5464" 0 NA NA NA NA 0 0 "Uqcrc2_noRT" "non-targeting_noRT"
"27949" "Pnma2" 0 NA NA NA NA 0 0 "Uqcrc2_noRT" "non-targeting_noRT"
"27950" "Gm30806" 0 NA NA NA NA 0 0 "Uqcrc2_noRT" "non-targeting_noRT"
"27951" "Gm20675" 0 NA NA NA NA 0 0 "Uqcrc2_noRT" "non-targeting_noRT"
"27952" "Ebf2" 0 NA NA NA NA 0 0 "Uqcrc2_noRT" "non-targeting_noRT"
"27953" "Gm6878" 0 NA NA NA NA 0 0 "Uqcrc2_noRT" "non-targeting_noRT"
"27954" "1700120O09Rik" 0 NA NA NA NA 0 0 "Uqcrc2_noRT" "non-targeting_noRT"
"27955" "4930438E09Rik" 0 NA NA NA NA 0 0 "Uqcrc2_noRT" "non-targeting_noRT"
"27956" "Gm10860" 0 NA NA NA NA 0 0 "Uqcrc2_noRT" "non-targeting_noRT"
"27957" "Gm38409" 0 NA NA NA NA 0 0 "Uqcrc2_noRT" "non-targeting_noRT"
"27958" "Nefm" 0 NA NA NA NA 0 0 "Uqcrc2_noRT" "non-targeting_noRT"
"27959" "Nefl" 0 NA NA NA NA 0 0 "Uqcrc2_noRT" "non-targeting_noRT"
"27960" "Gm47212" 0 NA NA NA NA 0 0 "Uqcrc2_noRT" "non-targeting_noRT"
"27961" "Gm31227" 0 NA NA NA NA 0 0 "Uqcrc2_noRT" "non-targeting_noRT"
"27962" "Adam7" 0 NA NA NA NA 0 0 "Uqcrc2_noRT" "non-targeting_noRT"
"27963" "Adamdec1" 0 NA NA NA NA 0 0 "Uqcrc2_noRT" "non-targeting_noRT"
"27964" "Adam28" 0 NA NA NA NA 0 0 "Uqcrc2_noRT" "non-targeting_noRT"
"27965" "Gm41192" 0 NA NA NA NA 0 0 "Uqcrc2_noRT" "non-targeting_noRT"
"27966" "Stc1" 0 NA NA NA NA 0 0 "Uqcrc2_noRT" "non-targeting_noRT"
"27967" "1700092C10Rik" 0 NA NA NA NA 0 0 "Uqcrc2_noRT" "non-targeting_noRT"
"27968" "Nkx2-6" 0 NA NA NA NA 0 0 "Uqcrc2_noRT" "non-targeting_noRT"
"27969" "Nkx3-1" 0 NA NA NA NA 0 0 "Uqcrc2_noRT" "non-targeting_noRT"
"27970" "Gm27222" 0 NA NA NA NA 0 0 "Uqcrc2_noRT" "non-targeting_noRT"
"27971" "Gm27223" 0 NA NA NA NA 0 0 "Uqcrc2_noRT" "non-targeting_noRT"
"27972" "Synb" 0 NA NA NA NA 0 0 "Uqcrc2_noRT" "non-targeting_noRT"
"27973" "Gm16677" 0 NA NA NA NA 0 0 "Uqcrc2_noRT" "non-targeting_noRT"
"27974" "Entpd4" 0 NA NA NA NA 0 0 "Uqcrc2_noRT" "non-targeting_noRT"
"27975" "Gm27221" 0 NA NA NA NA 0 0 "Uqcrc2_noRT" "non-targeting_noRT"
"27976" "Gm16867" 0 NA NA NA NA 0 0 "Uqcrc2_noRT" "non-targeting_noRT"
"27977" "Gm27175" 0 NA NA NA NA 0 0 "Uqcrc2_noRT" "non-targeting_noRT"
"27978" "Gm27179" 0 NA NA NA NA 0 0 "Uqcrc2_noRT" "non-targeting_noRT"
"27979" "Gm27174" 0 NA NA NA NA 0 0 "Uqcrc2_noRT" "non-targeting_noRT"
"27980" "Entpd4b" 0 NA NA NA NA 0 0 "Uqcrc2_noRT" "non-targeting_noRT"
"27981" "Gm27176" 0 NA NA NA NA 0 0 "Uqcrc2_noRT" "non-targeting_noRT"
"27982" "Gm27177" 0 NA NA NA NA 0 0 "Uqcrc2_noRT" "non-targeting_noRT"
"27983" "Pebp4" 0 NA NA NA NA 0 0 "Uqcrc2_noRT" "non-targeting_noRT"
"27984" "Gm33524" 0 NA NA NA NA 0 0 "Uqcrc2_noRT" "non-targeting_noRT"
"27985" "Gm49417" 0 NA NA NA NA 0 0 "Uqcrc2_noRT" "non-targeting_noRT"
"27986" "Piwil2" 0 NA NA NA NA 0 0 "Uqcrc2_noRT" "non-targeting_noRT"
"27987" "Phyhip" 0 NA NA NA NA 0 0 "Uqcrc2_noRT" "non-targeting_noRT"
"27988" "Fgf17" 0 NA NA NA NA 0 0 "Uqcrc2_noRT" "non-targeting_noRT"
"27989" "Npm2" 0 NA NA NA NA 0 0 "Uqcrc2_noRT" "non-targeting_noRT"
"27990" "Dok2" 0 NA NA NA NA 0 0 "Uqcrc2_noRT" "non-targeting_noRT"
"27991" "2410012E07Rik" 0 NA NA NA NA 0 0 "Uqcrc2_noRT" "non-targeting_noRT"
"27992" "Gm49289" 0 NA NA NA NA 0 0 "Uqcrc2_noRT" "non-targeting_noRT"
"27993" "Gm4251" 0 NA NA NA NA 0 0 "Uqcrc2_noRT" "non-targeting_noRT"
"27994" "4930429C20Rik" 0 NA NA NA NA 0 0 "Uqcrc2_noRT" "non-targeting_noRT"
"27995" "4930434J06Rik" 0 NA NA NA NA 0 0 "Uqcrc2_noRT" "non-targeting_noRT"
"27996" "Gm9195" 0 NA NA NA NA 0 0 "Uqcrc2_noRT" "non-targeting_noRT"
"27997" "Gm16549" 0 NA NA NA NA 0 0 "Uqcrc2_noRT" "non-targeting_noRT"
"27998" "Gm49293" 0 NA NA NA NA 0 0 "Uqcrc2_noRT" "non-targeting_noRT"
"27999" "Gm41206" 0 NA NA NA NA 0 0 "Uqcrc2_noRT" "non-targeting_noRT"
"28000" "Gm17233" 0 NA NA NA NA 0 0 "Uqcrc2_noRT" "non-targeting_noRT"
"28001" "Nudt15" 0 NA NA NA NA 0 0 "Uqcrc2_noRT" "non-targeting_noRT"
"28002" "Gm21750" 0 NA NA NA NA 0 0 "Uqcrc2_noRT" "non-targeting_noRT"
"28003" "Gm49165" 0 NA NA NA NA 0 0 "Uqcrc2_noRT" "non-targeting_noRT"
"28004" "Gm49171" 0 NA NA NA NA 0 0 "Uqcrc2_noRT" "non-targeting_noRT"
"28005" "4933402J15Rik" 0 NA NA NA NA 0 0 "Uqcrc2_noRT" "non-targeting_noRT"
"28006" "Gm49175" 0 NA NA NA NA 0 0 "Uqcrc2_noRT" "non-targeting_noRT"
"28007" "Htr2a" 0 NA NA NA NA 0 0 "Uqcrc2_noRT" "non-targeting_noRT"
"28008" "Lrch1" 0 NA NA NA NA 0 0 "Uqcrc2_noRT" "non-targeting_noRT"
"28009" "Gm10847" 0 NA NA NA NA 0 0 "Uqcrc2_noRT" "non-targeting_noRT"
"28010" "Gm4278" 0 NA NA NA NA 0 0 "Uqcrc2_noRT" "non-targeting_noRT"
"28011" "Rubcnl" 0 NA NA NA NA 0 0 "Uqcrc2_noRT" "non-targeting_noRT"
"28012" "Lrrc63" 0 NA NA NA NA 0 0 "Uqcrc2_noRT" "non-targeting_noRT"
"28013" "Lcp1" 0 NA NA NA NA 0 0 "Uqcrc2_noRT" "non-targeting_noRT"
"28014" "Gm15628" 0 NA NA NA NA 0 0 "Uqcrc2_noRT" "non-targeting_noRT"
"28015" "Gm15629" 0 NA NA NA NA 0 0 "Uqcrc2_noRT" "non-targeting_noRT"
"28016" "Cpb2" 0 NA NA NA NA 0 0 "Uqcrc2_noRT" "non-targeting_noRT"
"28017" "Gm49200" 0 NA NA NA NA 0 0 "Uqcrc2_noRT" "non-targeting_noRT"
"28018" "Siah3" 0 NA NA NA NA 0 0 "Uqcrc2_noRT" "non-targeting_noRT"
"28019" "Spert" 0 NA NA NA NA 0 0 "Uqcrc2_noRT" "non-targeting_noRT"
"28020" "Kctd4" 0 NA NA NA NA 0 0 "Uqcrc2_noRT" "non-targeting_noRT"
"28021" "2900040C04Rik" 0 NA NA NA NA 0 0 "Uqcrc2_noRT" "non-targeting_noRT"
"28022" "E130202H07Rik" 0 NA NA NA NA 0 0 "Uqcrc2_noRT" "non-targeting_noRT"
"28023" "1700108F19Rik" 0 NA NA NA NA 0 0 "Uqcrc2_noRT" "non-targeting_noRT"
"28024" "4930431P22Rik" 0 NA NA NA NA 0 0 "Uqcrc2_noRT" "non-targeting_noRT"
"28025" "Gm30246" 0 NA NA NA NA 0 0 "Uqcrc2_noRT" "non-targeting_noRT"
"28026" "Gm48968" 0 NA NA NA NA 0 0 "Uqcrc2_noRT" "non-targeting_noRT"
"28027" "Gm48969" 0 NA NA NA NA 0 0 "Uqcrc2_noRT" "non-targeting_noRT"
"28028" "Enox1" 0 NA NA NA NA 0 0 "Uqcrc2_noRT" "non-targeting_noRT"
"28029" "Gm49002" 0 NA NA NA NA 0 0 "Uqcrc2_noRT" "non-targeting_noRT"
"28030" "Gm6994" 0 NA NA NA NA 0 0 "Uqcrc2_noRT" "non-targeting_noRT"
"28031" "Gm49003" 0 NA NA NA NA 0 0 "Uqcrc2_noRT" "non-targeting_noRT"
"28032" "Gm30467" 0 NA NA NA NA 0 0 "Uqcrc2_noRT" "non-targeting_noRT"
"28033" "Gm1587" 0 NA NA NA NA 0 0 "Uqcrc2_noRT" "non-targeting_noRT"
"28034" "Gm48954" 0 NA NA NA NA 0 0 "Uqcrc2_noRT" "non-targeting_noRT"
"28035" "Gm19301" 0 NA NA NA NA 0 0 "Uqcrc2_noRT" "non-targeting_noRT"
"28036" "Fam216b" 0 NA NA NA NA 0 0 "Uqcrc2_noRT" "non-targeting_noRT"
"28037" "Tnfsf11" 0 NA NA NA NA 0 0 "Uqcrc2_noRT" "non-targeting_noRT"
"28038" "Gm49016" 0 NA NA NA NA 0 0 "Uqcrc2_noRT" "non-targeting_noRT"
"28039" "Gm49015" 0 NA NA NA NA 0 0 "Uqcrc2_noRT" "non-targeting_noRT"
"28040" "Zfp957" 0 NA NA NA NA 0 0 "Uqcrc2_noRT" "non-targeting_noRT"
"28041" "Kbtbd6" 0 NA NA NA NA 0 0 "Uqcrc2_noRT" "non-targeting_noRT"
"28042" "Pcdh8" 0 NA NA NA NA 0 0 "Uqcrc2_noRT" "non-targeting_noRT"
"28043" "Gm9748" 0 NA NA NA NA 0 0 "Uqcrc2_noRT" "non-targeting_noRT"
"28044" "Gm6999" 0 NA NA NA NA 0 0 "Uqcrc2_noRT" "non-targeting_noRT"
"28045" "Gm10845" 0 NA NA NA NA 0 0 "Uqcrc2_noRT" "non-targeting_noRT"
"28046" "Gm49542" 0 NA NA NA NA 0 0 "Uqcrc2_noRT" "non-targeting_noRT"
"28047" "Olfm4" 0 NA NA NA NA 0 0 "Uqcrc2_noRT" "non-targeting_noRT"
"28048" "Gm49046" 0 NA NA NA NA 0 0 "Uqcrc2_noRT" "non-targeting_noRT"
"28049" "Gm41219" 0 NA NA NA NA 0 0 "Uqcrc2_noRT" "non-targeting_noRT"
"28050" "Gm49048" 0 NA NA NA NA 0 0 "Uqcrc2_noRT" "non-targeting_noRT"
"28051" "Gm49054" 0 NA NA NA NA 0 0 "Uqcrc2_noRT" "non-targeting_noRT"
"28052" "Gm32455" 0 NA NA NA NA 0 0 "Uqcrc2_noRT" "non-targeting_noRT"
"28053" "Gm32729" 0 NA NA NA NA 0 0 "Uqcrc2_noRT" "non-targeting_noRT"
"28054" "4930529K09Rik" 0 NA NA NA NA 0 0 "Uqcrc2_noRT" "non-targeting_noRT"
"28055" "Gm32815" 0 NA NA NA NA 0 0 "Uqcrc2_noRT" "non-targeting_noRT"
"28056" "Gm32913" 0 NA NA NA NA 0 0 "Uqcrc2_noRT" "non-targeting_noRT"
"28057" "Gm33203" 0 NA NA NA NA 0 0 "Uqcrc2_noRT" "non-targeting_noRT"
"28058" "Pcdh20" 0 NA NA NA NA 0 0 "Uqcrc2_noRT" "non-targeting_noRT"
"28059" "Gm41225" 0 NA NA NA NA 0 0 "Uqcrc2_noRT" "non-targeting_noRT"
"28060" "Gm48941" 0 NA NA NA NA 0 0 "Uqcrc2_noRT" "non-targeting_noRT"
"28061" "4930474H20Rik" 0 NA NA NA NA 0 0 "Uqcrc2_noRT" "non-targeting_noRT"
"28062" "Gm33246" 0 NA NA NA NA 0 0 "Uqcrc2_noRT" "non-targeting_noRT"
"28063" "Gm48942" 0 NA NA NA NA 0 0 "Uqcrc2_noRT" "non-targeting_noRT"
"28064" "4930433E05Rik" 0 NA NA NA NA 0 0 "Uqcrc2_noRT" "non-targeting_noRT"
"28065" "Gm33450" 0 NA NA NA NA 0 0 "Uqcrc2_noRT" "non-targeting_noRT"
"28066" "Spertl" 0 NA NA NA NA 0 0 "Uqcrc2_noRT" "non-targeting_noRT"
"28067" "Gm49007" 0 NA NA NA NA 0 0 "Uqcrc2_noRT" "non-targeting_noRT"
"28068" "Gm33525" 0 NA NA NA NA 0 0 "Uqcrc2_noRT" "non-targeting_noRT"
"28069" "Dach1" 0 NA NA NA NA 0 0 "Uqcrc2_noRT" "non-targeting_noRT"
"28070" "Gm49018" 0 NA NA NA NA 0 0 "Uqcrc2_noRT" "non-targeting_noRT"
"28071" "Gm41230" 0 NA NA NA NA 0 0 "Uqcrc2_noRT" "non-targeting_noRT"
"28072" "Gm49225" 0 NA NA NA NA 0 0 "Uqcrc2_noRT" "non-targeting_noRT"
"28073" "4930517O19Rik" 0 NA NA NA NA 0 0 "Uqcrc2_noRT" "non-targeting_noRT"
"28074" "Gm41231" 0 NA NA NA NA 0 0 "Uqcrc2_noRT" "non-targeting_noRT"
"28075" "6330576A10Rik" 0 NA NA NA NA 0 0 "Uqcrc2_noRT" "non-targeting_noRT"
"28076" "Gm49237" 0 NA NA NA NA 0 0 "Uqcrc2_noRT" "non-targeting_noRT"
"28077" "Prr30" 0 NA NA NA NA 0 0 "Uqcrc2_noRT" "non-targeting_noRT"
"28078" "Gm49292" 0 NA NA NA NA 0 0 "Uqcrc2_noRT" "non-targeting_noRT"
"28079" "Gm34589" 0 NA NA NA NA 0 0 "Uqcrc2_noRT" "non-targeting_noRT"
"28080" "1700087I21Rik" 0 NA NA NA NA 0 0 "Uqcrc2_noRT" "non-targeting_noRT"
"28081" "Gm34907" 0 NA NA NA NA 0 0 "Uqcrc2_noRT" "non-targeting_noRT"
"28082" "Scel" 0 NA NA NA NA 0 0 "Uqcrc2_noRT" "non-targeting_noRT"
"28083" "Slain1os" 0 NA NA NA NA 0 0 "Uqcrc2_noRT" "non-targeting_noRT"
"28084" "Ednrb" 0 NA NA NA NA 0 0 "Uqcrc2_noRT" "non-targeting_noRT"
"28085" "4930432J09Rik" 0 NA NA NA NA 0 0 "Uqcrc2_noRT" "non-targeting_noRT"
"28086" "D130079A08Rik" 0 NA NA NA NA 0 0 "Uqcrc2_noRT" "non-targeting_noRT"
"28087" "D130009I18Rik" 0 NA NA NA NA 0 0 "Uqcrc2_noRT" "non-targeting_noRT"
"28088" "5430440P10Rik" 0 NA NA NA NA 0 0 "Uqcrc2_noRT" "non-targeting_noRT"
"28089" "4930449E01Rik" 0 NA NA NA NA 0 0 "Uqcrc2_noRT" "non-targeting_noRT"
"28090" "Gm35909" 0 NA NA NA NA 0 0 "Uqcrc2_noRT" "non-targeting_noRT"
"28091" "Gm6145" 0 NA NA NA NA 0 0 "Uqcrc2_noRT" "non-targeting_noRT"
"28092" "Gm48970" 0 NA NA NA NA 0 0 "Uqcrc2_noRT" "non-targeting_noRT"
"28093" "Trim52" 0 NA NA NA NA 0 0 "Uqcrc2_noRT" "non-targeting_noRT"
"28094" "Gm48972" 0 NA NA NA NA 0 0 "Uqcrc2_noRT" "non-targeting_noRT"
"28095" "Gm36107" 0 NA NA NA NA 0 0 "Uqcrc2_noRT" "non-targeting_noRT"
"28096" "1700128A07Rik" 0 NA NA NA NA 0 0 "Uqcrc2_noRT" "non-targeting_noRT"
"28097" "Gm48977" 0 NA NA NA NA 0 0 "Uqcrc2_noRT" "non-targeting_noRT"
"28098" "Gm48992" 0 NA NA NA NA 0 0 "Uqcrc2_noRT" "non-targeting_noRT"
"28099" "4930524C18Rik" 0 NA NA NA NA 0 0 "Uqcrc2_noRT" "non-targeting_noRT"
"28100" "Gm49010" 0 NA NA NA NA 0 0 "Uqcrc2_noRT" "non-targeting_noRT"
"28101" "1700100I10Rik" 0 NA NA NA NA 0 0 "Uqcrc2_noRT" "non-targeting_noRT"
"28102" "Gm31072" 0 NA NA NA NA 0 0 "Uqcrc2_noRT" "non-targeting_noRT"
"28103" "Gpc5" 0 NA NA NA NA 0 0 "Uqcrc2_noRT" "non-targeting_noRT"
"28104" "4930505G20Rik" 0 NA NA NA NA 0 0 "Uqcrc2_noRT" "non-targeting_noRT"
"28105" "Gm20713" 0 NA NA NA NA 0 0 "Uqcrc2_noRT" "non-targeting_noRT"
"28106" "Dct" 0 NA NA NA NA 0 0 "Uqcrc2_noRT" "non-targeting_noRT"
"28107" "4930435M08Rik" 0 NA NA NA NA 0 0 "Uqcrc2_noRT" "non-targeting_noRT"
"28108" "4933431J24Rik" 0 NA NA NA NA 0 0 "Uqcrc2_noRT" "non-targeting_noRT"
"28109" "Sox21" 0 NA NA NA NA 0 0 "Uqcrc2_noRT" "non-targeting_noRT"
"28110" "Gm4675" 0 NA NA NA NA 0 0 "Uqcrc2_noRT" "non-targeting_noRT"
"28111" "Gm9376" 0 NA NA NA NA 0 0 "Uqcrc2_noRT" "non-targeting_noRT"
"28112" "Gm32093" 0 NA NA NA NA 0 0 "Uqcrc2_noRT" "non-targeting_noRT"
"28113" "Gm26791" 0 NA NA NA NA 0 0 "Uqcrc2_noRT" "non-targeting_noRT"
"28114" "1700044C05Rik" 0 NA NA NA NA 0 0 "Uqcrc2_noRT" "non-targeting_noRT"
"28115" "Gm27198" 0 NA NA NA NA 0 0 "Uqcrc2_noRT" "non-targeting_noRT"
"28116" "Hs6st3" 0 NA NA NA NA 0 0 "Uqcrc2_noRT" "non-targeting_noRT"
"28117" "1700006F04Rik" 0 NA NA NA NA 0 0 "Uqcrc2_noRT" "non-targeting_noRT"
"28118" "4930404K13Rik" 0 NA NA NA NA 0 0 "Uqcrc2_noRT" "non-targeting_noRT"
"28119" "Oxgr1" 0 NA NA NA NA 0 0 "Uqcrc2_noRT" "non-targeting_noRT"
"28120" "Gm4681" 0 NA NA NA NA 0 0 "Uqcrc2_noRT" "non-targeting_noRT"
"28121" "Gm48997" 0 NA NA NA NA 0 0 "Uqcrc2_noRT" "non-targeting_noRT"
"28122" "Gm26679" 0 NA NA NA NA 0 0 "Uqcrc2_noRT" "non-targeting_noRT"
"28123" "Gm49008" 0 NA NA NA NA 0 0 "Uqcrc2_noRT" "non-targeting_noRT"
"28124" "Gm17613" 0 NA NA NA NA 0 0 "Uqcrc2_noRT" "non-targeting_noRT"
"28125" "Gm41253" 0 NA NA NA NA 0 0 "Uqcrc2_noRT" "non-targeting_noRT"
"28126" "Gm33299" 0 NA NA NA NA 0 0 "Uqcrc2_noRT" "non-targeting_noRT"
"28127" "Slc15a1" 0 NA NA NA NA 0 0 "Uqcrc2_noRT" "non-targeting_noRT"
"28128" "Gpr18" 0 NA NA NA NA 0 0 "Uqcrc2_noRT" "non-targeting_noRT"
"28129" "Gpr183" 0 NA NA NA NA 0 0 "Uqcrc2_noRT" "non-targeting_noRT"
"28130" "Timm8a2" 0 NA NA NA NA 0 0 "Uqcrc2_noRT" "non-targeting_noRT"
"28131" "Gm49236" 0 NA NA NA NA 0 0 "Uqcrc2_noRT" "non-targeting_noRT"
"28132" "1700108J01Rik" 0 NA NA NA NA 0 0 "Uqcrc2_noRT" "non-targeting_noRT"
"28133" "Gm5089" 0 NA NA NA NA 0 0 "Uqcrc2_noRT" "non-targeting_noRT"
"28134" "Gm5089.1" 0 NA NA NA NA 0 0 "Uqcrc2_noRT" "non-targeting_noRT"
"28135" "Gm10837" 0 NA NA NA NA 0 0 "Uqcrc2_noRT" "non-targeting_noRT"
"28136" "4930594M22Rik.1" 0 NA NA NA NA 0 0 "Uqcrc2_noRT" "non-targeting_noRT"
"28137" "Gm33906" 0 NA NA NA NA 0 0 "Uqcrc2_noRT" "non-targeting_noRT"
"28138" "Fgf14" 0 NA NA NA NA 0 0 "Uqcrc2_noRT" "non-targeting_noRT"
"28139" "Gm28932" 0 NA NA NA NA 0 0 "Uqcrc2_noRT" "non-targeting_noRT"
"28140" "1700024B18Rik" 0 NA NA NA NA 0 0 "Uqcrc2_noRT" "non-targeting_noRT"
"28141" "4930404O17Rik" 0 NA NA NA NA 0 0 "Uqcrc2_noRT" "non-targeting_noRT"
"28142" "Gm49231" 0 NA NA NA NA 0 0 "Uqcrc2_noRT" "non-targeting_noRT"
"28143" "Gm2093" 0 NA NA NA NA 0 0 "Uqcrc2_noRT" "non-targeting_noRT"
"28144" "C6" 0 NA NA NA NA 0 0 "Uqcrc2_noRT" "non-targeting_noRT"
"28145" "Gm15938" 0 NA NA NA NA 0 0 "Uqcrc2_noRT" "non-targeting_noRT"
"28146" "Ptger4" 0 NA NA NA NA 0 0 "Uqcrc2_noRT" "non-targeting_noRT"
"28147" "Gm16311" 0 NA NA NA NA 0 0 "Uqcrc2_noRT" "non-targeting_noRT"
"28148" "Gm2245" 0 NA NA NA NA 0 0 "Uqcrc2_noRT" "non-targeting_noRT"
"28149" "Egflam" 0 NA NA NA NA 0 0 "Uqcrc2_noRT" "non-targeting_noRT"
"28150" "Gm16029" 0 NA NA NA NA 0 0 "Uqcrc2_noRT" "non-targeting_noRT"
"28151" "Gm49247" 0 NA NA NA NA 0 0 "Uqcrc2_noRT" "non-targeting_noRT"
"28152" "Gm2310" 0 NA NA NA NA 0 0 "Uqcrc2_noRT" "non-targeting_noRT"
"28153" "Ranbp3l" 0 NA NA NA NA 0 0 "Uqcrc2_noRT" "non-targeting_noRT"
"28154" "Ugt3a1" 0 NA NA NA NA 0 0 "Uqcrc2_noRT" "non-targeting_noRT"
"28155" "Capsl" 0 NA NA NA NA 0 0 "Uqcrc2_noRT" "non-targeting_noRT"
"28156" "Il7r" 0 NA NA NA NA 0 0 "Uqcrc2_noRT" "non-targeting_noRT"
"28157" "Agxt2" 0 NA NA NA NA 0 0 "Uqcrc2_noRT" "non-targeting_noRT"
"28158" "Ttc23l" 0 NA NA NA NA 0 0 "Uqcrc2_noRT" "non-targeting_noRT"
"28159" "Gm10389" 0 NA NA NA NA 0 0 "Uqcrc2_noRT" "non-targeting_noRT"
"28160" "Gm19276" 0 NA NA NA NA 0 0 "Uqcrc2_noRT" "non-targeting_noRT"
"28161" "C1qtnf3" 0 NA NA NA NA 0 0 "Uqcrc2_noRT" "non-targeting_noRT"
"28162" "Slc45a2" 0 NA NA NA NA 0 0 "Uqcrc2_noRT" "non-targeting_noRT"
"28163" "Rxfp3" 0 NA NA NA NA 0 0 "Uqcrc2_noRT" "non-targeting_noRT"
"28164" "Gm49106" 0 NA NA NA NA 0 0 "Uqcrc2_noRT" "non-targeting_noRT"
"28165" "Gm49107" 0 NA NA NA NA 0 0 "Uqcrc2_noRT" "non-targeting_noRT"
"28166" "Gm41271" 0 NA NA NA NA 0 0 "Uqcrc2_noRT" "non-targeting_noRT"
"28167" "Npr3" 0 NA NA NA NA 0 0 "Uqcrc2_noRT" "non-targeting_noRT"
"28168" "Gm5144" 0 NA NA NA NA 0 0 "Uqcrc2_noRT" "non-targeting_noRT"
"28169" "1700047G03Rik" 0 NA NA NA NA 0 0 "Uqcrc2_noRT" "non-targeting_noRT"
"28170" "Gm34759" 0 NA NA NA NA 0 0 "Uqcrc2_noRT" "non-targeting_noRT"
"28171" "Gm49240" 0 NA NA NA NA 0 0 "Uqcrc2_noRT" "non-targeting_noRT"
"28172" "Gm49113" 0 NA NA NA NA 0 0 "Uqcrc2_noRT" "non-targeting_noRT"
"28173" "4930557F08Rik" 0 NA NA NA NA 0 0 "Uqcrc2_noRT" "non-targeting_noRT"
"28174" "Gm41276" 0 NA NA NA NA 0 0 "Uqcrc2_noRT" "non-targeting_noRT"
"28175" "Gm49126" 0 NA NA NA NA 0 0 "Uqcrc2_noRT" "non-targeting_noRT"
"28176" "Cdh9" 0 NA NA NA NA 0 0 "Uqcrc2_noRT" "non-targeting_noRT"
"28177" "Gm49127" 0 NA NA NA NA 0 0 "Uqcrc2_noRT" "non-targeting_noRT"
"28178" "Gm49128" 0 NA NA NA NA 0 0 "Uqcrc2_noRT" "non-targeting_noRT"
"28179" "Gm41277" 0 NA NA NA NA 0 0 "Uqcrc2_noRT" "non-targeting_noRT"
"28180" "4921515E04Rik" 0 NA NA NA NA 0 0 "Uqcrc2_noRT" "non-targeting_noRT"
"28181" "C030047K22Rik" 0 NA NA NA NA 0 0 "Uqcrc2_noRT" "non-targeting_noRT"
"28182" "Gm35496" 0 NA NA NA NA 0 0 "Uqcrc2_noRT" "non-targeting_noRT"
"28183" "Gm49160" 0 NA NA NA NA 0 0 "Uqcrc2_noRT" "non-targeting_noRT"
"28184" "Gm49162" 0 NA NA NA NA 0 0 "Uqcrc2_noRT" "non-targeting_noRT"
"28185" "Gm49166" 0 NA NA NA NA 0 0 "Uqcrc2_noRT" "non-targeting_noRT"
"28186" "Gm49685" 0 NA NA NA NA 0 0 "Uqcrc2_noRT" "non-targeting_noRT"
"28187" "Cdh12" 0 NA NA NA NA 0 0 "Uqcrc2_noRT" "non-targeting_noRT"
"28188" "Acot10" 0 NA NA NA NA 0 0 "Uqcrc2_noRT" "non-targeting_noRT"
"28189" "Gm49191" 0 NA NA NA NA 0 0 "Uqcrc2_noRT" "non-targeting_noRT"
"28190" "Gm49729" 0 NA NA NA NA 0 0 "Uqcrc2_noRT" "non-targeting_noRT"
"28191" "Gm35769" 0 NA NA NA NA 0 0 "Uqcrc2_noRT" "non-targeting_noRT"
"28192" "Gm2824" 0 NA NA NA NA 0 0 "Uqcrc2_noRT" "non-targeting_noRT"
"28193" "Gm35996" 0 NA NA NA NA 0 0 "Uqcrc2_noRT" "non-targeting_noRT"
"28194" "9230109A22Rik" 0 NA NA NA NA 0 0 "Uqcrc2_noRT" "non-targeting_noRT"
"28195" "4930445E18Rik" 0 NA NA NA NA 0 0 "Uqcrc2_noRT" "non-targeting_noRT"
"28196" "Gm5468" 0 NA NA NA NA 0 0 "Uqcrc2_noRT" "non-targeting_noRT"
"28197" "Gm48956" 0 NA NA NA NA 0 0 "Uqcrc2_noRT" "non-targeting_noRT"
"28198" "Gm48957" 0 NA NA NA NA 0 0 "Uqcrc2_noRT" "non-targeting_noRT"
"28199" "Gm36642" 0 NA NA NA NA 0 0 "Uqcrc2_noRT" "non-targeting_noRT"
"28200" "Gm41279" 0 NA NA NA NA 0 0 "Uqcrc2_noRT" "non-targeting_noRT"
"28201" "Fbxl7" 0 NA NA NA NA 0 0 "Uqcrc2_noRT" "non-targeting_noRT"
"28202" "Gm49267" 0 NA NA NA NA 0 0 "Uqcrc2_noRT" "non-targeting_noRT"
"28203" "Gm36899" 0 NA NA NA NA 0 0 "Uqcrc2_noRT" "non-targeting_noRT"
"28204" "Gm31458" 0 NA NA NA NA 0 0 "Uqcrc2_noRT" "non-targeting_noRT"
"28205" "Gm49233" 0 NA NA NA NA 0 0 "Uqcrc2_noRT" "non-targeting_noRT"
"28206" "Dnah5" 0 NA NA NA NA 0 0 "Uqcrc2_noRT" "non-targeting_noRT"
"28207" "4930570B17Rik" 0 NA NA NA NA 0 0 "Uqcrc2_noRT" "non-targeting_noRT"
"28208" "9630009A06Rik" 0 NA NA NA NA 0 0 "Uqcrc2_noRT" "non-targeting_noRT"
"28209" "4930430F21Rik" 0 NA NA NA NA 0 0 "Uqcrc2_noRT" "non-targeting_noRT"
"28210" "Ankrd33b" 0 NA NA NA NA 0 0 "Uqcrc2_noRT" "non-targeting_noRT"
"28211" "Gm49208" 0 NA NA NA NA 0 0 "Uqcrc2_noRT" "non-targeting_noRT"
"28212" "Gm49216" 0 NA NA NA NA 0 0 "Uqcrc2_noRT" "non-targeting_noRT"
"28213" "Tas2r119" 0 NA NA NA NA 0 0 "Uqcrc2_noRT" "non-targeting_noRT"
"28214" "4930518I17Rik" 0 NA NA NA NA 0 0 "Uqcrc2_noRT" "non-targeting_noRT"
"28215" "Snhg18" 0 NA NA NA NA 0 0 "Uqcrc2_noRT" "non-targeting_noRT"
"28216" "4930465K09Rik" 0 NA NA NA NA 0 0 "Uqcrc2_noRT" "non-targeting_noRT"
"28217" "Gm41289" 0 NA NA NA NA 0 0 "Uqcrc2_noRT" "non-targeting_noRT"
"28218" "Gm32618" 0 NA NA NA NA 0 0 "Uqcrc2_noRT" "non-targeting_noRT"
"28219" "Gm32764" 0 NA NA NA NA 0 0 "Uqcrc2_noRT" "non-targeting_noRT"
"28220" "4930592A05Rik" 0 NA NA NA NA 0 0 "Uqcrc2_noRT" "non-targeting_noRT"
"28221" "Gm41290" 0 NA NA NA NA 0 0 "Uqcrc2_noRT" "non-targeting_noRT"
"28222" "9430069I07Rik" 0 NA NA NA NA 0 0 "Uqcrc2_noRT" "non-targeting_noRT"
"28223" "Erich5" 0 NA NA NA NA 0 0 "Uqcrc2_noRT" "non-targeting_noRT"
"28224" "Nipal2" 0 NA NA NA NA 0 0 "Uqcrc2_noRT" "non-targeting_noRT"
"28225" "4930413F20Rik" 0 NA NA NA NA 0 0 "Uqcrc2_noRT" "non-targeting_noRT"
"28226" "Kcns2" 0 NA NA NA NA 0 0 "Uqcrc2_noRT" "non-targeting_noRT"
"28227" "Gm33497" 0 NA NA NA NA 0 0 "Uqcrc2_noRT" "non-targeting_noRT"
"28228" "BC048602" 0 NA NA NA NA 0 0 "Uqcrc2_noRT" "non-targeting_noRT"
"28229" "Fbxo43" 0 NA NA NA NA 0 0 "Uqcrc2_noRT" "non-targeting_noRT"
"28230" "Gm41293" 0 NA NA NA NA 0 0 "Uqcrc2_noRT" "non-targeting_noRT"
"28231" "Gm33936" 0 NA NA NA NA 0 0 "Uqcrc2_noRT" "non-targeting_noRT"
"28232" "Gm34150" 0 NA NA NA NA 0 0 "Uqcrc2_noRT" "non-targeting_noRT"
"28233" "Gm34093" 0 NA NA NA NA 0 0 "Uqcrc2_noRT" "non-targeting_noRT"
"28234" "Gm49224" 0 NA NA NA NA 0 0 "Uqcrc2_noRT" "non-targeting_noRT"
"28235" "Snx31" 0 NA NA NA NA 0 0 "Uqcrc2_noRT" "non-targeting_noRT"
"28236" "Gm49262" 0 NA NA NA NA 0 0 "Uqcrc2_noRT" "non-targeting_noRT"
"28237" "Gm46515" 0 NA NA NA NA 0 0 "Uqcrc2_noRT" "non-targeting_noRT"
"28238" "Gm10385" 0 NA NA NA NA 0 0 "Uqcrc2_noRT" "non-targeting_noRT"
"28239" "Gm49263" 0 NA NA NA NA 0 0 "Uqcrc2_noRT" "non-targeting_noRT"
"28240" "Gm49282" 0 NA NA NA NA 0 0 "Uqcrc2_noRT" "non-targeting_noRT"
"28241" "Gm10384" 0 NA NA NA NA 0 0 "Uqcrc2_noRT" "non-targeting_noRT"
"28242" "Gm41300" 0 NA NA NA NA 0 0 "Uqcrc2_noRT" "non-targeting_noRT"
"28243" "Gm34590" 0 NA NA NA NA 0 0 "Uqcrc2_noRT" "non-targeting_noRT"
"28244" "Gm16136" 0 NA NA NA NA 0 0 "Uqcrc2_noRT" "non-targeting_noRT"
"28245" "Gm16137" 0 NA NA NA NA 0 0 "Uqcrc2_noRT" "non-targeting_noRT"
"28246" "Gm15941" 0 NA NA NA NA 0 0 "Uqcrc2_noRT" "non-targeting_noRT"
"28247" "Gm15942" 0 NA NA NA NA 0 0 "Uqcrc2_noRT" "non-targeting_noRT"
"28248" "Gm15940" 0 NA NA NA NA 0 0 "Uqcrc2_noRT" "non-targeting_noRT"
"28249" "Gm35167" 0 NA NA NA NA 0 0 "Uqcrc2_noRT" "non-targeting_noRT"
"28250" "Odf1" 0 NA NA NA NA 0 0 "Uqcrc2_noRT" "non-targeting_noRT"
"28251" "Gm49313" 0 NA NA NA NA 0 0 "Uqcrc2_noRT" "non-targeting_noRT"
"28252" "Gm35248" 0 NA NA NA NA 0 0 "Uqcrc2_noRT" "non-targeting_noRT"
"28253" "Gm41307" 0 NA NA NA NA 0 0 "Uqcrc2_noRT" "non-targeting_noRT"
"28254" "G930009F23Rik" 0 NA NA NA NA 0 0 "Uqcrc2_noRT" "non-targeting_noRT"
"28255" "1100001I12Rik" 0 NA NA NA NA 0 0 "Uqcrc2_noRT" "non-targeting_noRT"
"28256" "Gm45924" 0 NA NA NA NA 0 0 "Uqcrc2_noRT" "non-targeting_noRT"
"28257" "Gm49097" 0 NA NA NA NA 0 0 "Uqcrc2_noRT" "non-targeting_noRT"
"28258" "Gm26704" 0 NA NA NA NA 0 0 "Uqcrc2_noRT" "non-targeting_noRT"
"28259" "Fzd6" 0 NA NA NA NA 0 0 "Uqcrc2_noRT" "non-targeting_noRT"
"28260" "Gm49786" 0 NA NA NA NA 0 0 "Uqcrc2_noRT" "non-targeting_noRT"
"28261" "Dcstamp" 0 NA NA NA NA 0 0 "Uqcrc2_noRT" "non-targeting_noRT"
"28262" "Dpys" 0 NA NA NA NA 0 0 "Uqcrc2_noRT" "non-targeting_noRT"
"28263" "Gm16291" 0 NA NA NA NA 0 0 "Uqcrc2_noRT" "non-targeting_noRT"
"28264" "AU022793" 0 NA NA NA NA 0 0 "Uqcrc2_noRT" "non-targeting_noRT"
"28265" "Gm33251" 0 NA NA NA NA 0 0 "Uqcrc2_noRT" "non-targeting_noRT"
"28266" "9330182O14Rik" 0 NA NA NA NA 0 0 "Uqcrc2_noRT" "non-targeting_noRT"
"28267" "Gm33301" 0 NA NA NA NA 0 0 "Uqcrc2_noRT" "non-targeting_noRT"
"28268" "Gm41311" 0 NA NA NA NA 0 0 "Uqcrc2_noRT" "non-targeting_noRT"
"28269" "Gm16294" 0 NA NA NA NA 0 0 "Uqcrc2_noRT" "non-targeting_noRT"
"28270" "Abra" 0 NA NA NA NA 0 0 "Uqcrc2_noRT" "non-targeting_noRT"
"28271" "Gm49439" 0 NA NA NA NA 0 0 "Uqcrc2_noRT" "non-targeting_noRT"
"28272" "Gm49441" 0 NA NA NA NA 0 0 "Uqcrc2_noRT" "non-targeting_noRT"
"28273" "Gm49452" 0 NA NA NA NA 0 0 "Uqcrc2_noRT" "non-targeting_noRT"
"28274" "Gm17473" 0 NA NA NA NA 0 0 "Uqcrc2_noRT" "non-targeting_noRT"
"28275" "Rspo2" 0 NA NA NA NA 0 0 "Uqcrc2_noRT" "non-targeting_noRT"
"28276" "Gm49271" 0 NA NA NA NA 0 0 "Uqcrc2_noRT" "non-targeting_noRT"
"28277" "Gm10373" 0 NA NA NA NA 0 0 "Uqcrc2_noRT" "non-targeting_noRT"
"28278" "Trhr" 0 NA NA NA NA 0 0 "Uqcrc2_noRT" "non-targeting_noRT"
"28279" "Pkhd1l1" 0 NA NA NA NA 0 0 "Uqcrc2_noRT" "non-targeting_noRT"
"28280" "Kcnv1" 0 NA NA NA NA 0 0 "Uqcrc2_noRT" "non-targeting_noRT"
"28281" "1700022A22Rik" 0 NA NA NA NA 0 0 "Uqcrc2_noRT" "non-targeting_noRT"
"28282" "4930523O13Rik" 0 NA NA NA NA 0 0 "Uqcrc2_noRT" "non-targeting_noRT"
"28283" "4930548G14Rik" 0 NA NA NA NA 0 0 "Uqcrc2_noRT" "non-targeting_noRT"
"28284" "Csmd3" 0 NA NA NA NA 0 0 "Uqcrc2_noRT" "non-targeting_noRT"
"28285" "Gm41318" 0 NA NA NA NA 0 0 "Uqcrc2_noRT" "non-targeting_noRT"
"28286" "Gm49198" 0 NA NA NA NA 0 0 "Uqcrc2_noRT" "non-targeting_noRT"
"28287" "Gm48913" 0 NA NA NA NA 0 0 "Uqcrc2_noRT" "non-targeting_noRT"
"28288" "Gm19303" 0 NA NA NA NA 0 0 "Uqcrc2_noRT" "non-targeting_noRT"
"28289" "Gm34562" 0 NA NA NA NA 0 0 "Uqcrc2_noRT" "non-targeting_noRT"
"28290" "Gm34678" 0 NA NA NA NA 0 0 "Uqcrc2_noRT" "non-targeting_noRT"
"28291" "Gm48923" 0 NA NA NA NA 0 0 "Uqcrc2_noRT" "non-targeting_noRT"
"28292" "Aard" 0 NA NA NA NA 0 0 "Uqcrc2_noRT" "non-targeting_noRT"
"28293" "Slc30a8" 0 NA NA NA NA 0 0 "Uqcrc2_noRT" "non-targeting_noRT"
"28294" "Gm41322" 0 NA NA NA NA 0 0 "Uqcrc2_noRT" "non-targeting_noRT"
"28295" "Gm34794" 0 NA NA NA NA 0 0 "Uqcrc2_noRT" "non-targeting_noRT"
"28296" "Samd12" 0 NA NA NA NA 0 0 "Uqcrc2_noRT" "non-targeting_noRT"
"28297" "1700015H07Rik" 0 NA NA NA NA 0 0 "Uqcrc2_noRT" "non-targeting_noRT"
"28298" "Gm7489" 0 NA NA NA NA 0 0 "Uqcrc2_noRT" "non-targeting_noRT"
"28299" "Colec10" 0 NA NA NA NA 0 0 "Uqcrc2_noRT" "non-targeting_noRT"
"28300" "Mal2" 0 NA NA NA NA 0 0 "Uqcrc2_noRT" "non-targeting_noRT"
"28301" "Ccn3" 0 NA NA NA NA 0 0 "Uqcrc2_noRT" "non-targeting_noRT"
"28302" "Gm26684" 0 NA NA NA NA 0 0 "Uqcrc2_noRT" "non-targeting_noRT"
"28303" "4930478E11Rik" 0 NA NA NA NA 0 0 "Uqcrc2_noRT" "non-targeting_noRT"
"28304" "Gm41325" 0 NA NA NA NA 0 0 "Uqcrc2_noRT" "non-targeting_noRT"
"28305" "Gm9920" 0 NA NA NA NA 0 0 "Uqcrc2_noRT" "non-targeting_noRT"
"28306" "Col14a1" 0 NA NA NA NA 0 0 "Uqcrc2_noRT" "non-targeting_noRT"
"28307" "1700040F17Rik" 0 NA NA NA NA 0 0 "Uqcrc2_noRT" "non-targeting_noRT"
"28308" "Gm49257" 0 NA NA NA NA 0 0 "Uqcrc2_noRT" "non-targeting_noRT"
"28309" "Sntb1" 0 NA NA NA NA 0 0 "Uqcrc2_noRT" "non-targeting_noRT"
"28310" "Gm46516" 0 NA NA NA NA 0 0 "Uqcrc2_noRT" "non-targeting_noRT"
"28311" "Gm49211" 0 NA NA NA NA 0 0 "Uqcrc2_noRT" "non-targeting_noRT"
"28312" "Gm49212" 0 NA NA NA NA 0 0 "Uqcrc2_noRT" "non-targeting_noRT"
"28313" "Zhx2" 0 NA NA NA NA 0 0 "Uqcrc2_noRT" "non-targeting_noRT"
"28314" "Gm16006" 0 NA NA NA NA 0 0 "Uqcrc2_noRT" "non-targeting_noRT"
"28315" "9330154K18Rik" 0 NA NA NA NA 0 0 "Uqcrc2_noRT" "non-targeting_noRT"
"28316" "Gm15943" 0 NA NA NA NA 0 0 "Uqcrc2_noRT" "non-targeting_noRT"
"28317" "Klhl38" 0 NA NA NA NA 0 0 "Uqcrc2_noRT" "non-targeting_noRT"
"28318" "Anxa13" 0 NA NA NA NA 0 0 "Uqcrc2_noRT" "non-targeting_noRT"
"28319" "Fer1l6" 0 NA NA NA NA 0 0 "Uqcrc2_noRT" "non-targeting_noRT"
"28320" "4930544F09Rik" 0 NA NA NA NA 0 0 "Uqcrc2_noRT" "non-targeting_noRT"
"28321" "Gm36617" 0 NA NA NA NA 0 0 "Uqcrc2_noRT" "non-targeting_noRT"
"28322" "Gm36677" 0 NA NA NA NA 0 0 "Uqcrc2_noRT" "non-targeting_noRT"
"28323" "Gm19510" 0 NA NA NA NA 0 0 "Uqcrc2_noRT" "non-targeting_noRT"
"28324" "4933412E24Rik" 0 NA NA NA NA 0 0 "Uqcrc2_noRT" "non-targeting_noRT"
"28325" "Gm2682" 0 NA NA NA NA 0 0 "Uqcrc2_noRT" "non-targeting_noRT"
"28326" "Gm48946" 0 NA NA NA NA 0 0 "Uqcrc2_noRT" "non-targeting_noRT"
"28327" "A1bg" 0 NA NA NA NA 0 0 "Uqcrc2_noRT" "non-targeting_noRT"
"28328" "4930402D18Rik" 0 NA NA NA NA 0 0 "Uqcrc2_noRT" "non-targeting_noRT"
"28329" "Gm38563" 0 NA NA NA NA 0 0 "Uqcrc2_noRT" "non-targeting_noRT"
"28330" "Gm49497" 0 NA NA NA NA 0 0 "Uqcrc2_noRT" "non-targeting_noRT"
"28331" "Gm29904" 0 NA NA NA NA 0 0 "Uqcrc2_noRT" "non-targeting_noRT"
"28332" "Gm49498" 0 NA NA NA NA 0 0 "Uqcrc2_noRT" "non-targeting_noRT"
"28333" "D030024E09Rik" 0 NA NA NA NA 0 0 "Uqcrc2_noRT" "non-targeting_noRT"
"28334" "Gm41333" 0 NA NA NA NA 0 0 "Uqcrc2_noRT" "non-targeting_noRT"
"28335" "Gm49014" 0 NA NA NA NA 0 0 "Uqcrc2_noRT" "non-targeting_noRT"
"28336" "4930449C09Rik" 0 NA NA NA NA 0 0 "Uqcrc2_noRT" "non-targeting_noRT"
"28337" "Gm41336" 0 NA NA NA NA 0 0 "Uqcrc2_noRT" "non-targeting_noRT"
"28338" "Gm49019" 0 NA NA NA NA 0 0 "Uqcrc2_noRT" "non-targeting_noRT"
"28339" "Gsdmc" 0 NA NA NA NA 0 0 "Uqcrc2_noRT" "non-targeting_noRT"
"28340" "Gsdmc2" 0 NA NA NA NA 0 0 "Uqcrc2_noRT" "non-targeting_noRT"
"28341" "Gsdmc3" 0 NA NA NA NA 0 0 "Uqcrc2_noRT" "non-targeting_noRT"
"28342" "Gsdmc4" 0 NA NA NA NA 0 0 "Uqcrc2_noRT" "non-targeting_noRT"
"28343" "Gm20717" 0 NA NA NA NA 0 0 "Uqcrc2_noRT" "non-targeting_noRT"
"28344" "1700010G06Rik" 0 NA NA NA NA 0 0 "Uqcrc2_noRT" "non-targeting_noRT"
"28345" "Gm30563" 0 NA NA NA NA 0 0 "Uqcrc2_noRT" "non-targeting_noRT"
"28346" "Gm30691" 0 NA NA NA NA 0 0 "Uqcrc2_noRT" "non-targeting_noRT"
"28347" "Adcy8" 0 NA NA NA NA 0 0 "Uqcrc2_noRT" "non-targeting_noRT"
"28348" "Gm21798" 0 NA NA NA NA 0 0 "Uqcrc2_noRT" "non-targeting_noRT"
"28349" "Gm21961" 0 NA NA NA NA 0 0 "Uqcrc2_noRT" "non-targeting_noRT"
"28350" "Gm20405" 0 NA NA NA NA 0 0 "Uqcrc2_noRT" "non-targeting_noRT"
"28351" "Kcnq3" 0 NA NA NA NA 0 0 "Uqcrc2_noRT" "non-targeting_noRT"
"28352" "Gm27153" 0 NA NA NA NA 0 0 "Uqcrc2_noRT" "non-targeting_noRT"
"28353" "Gm27242" 0 NA NA NA NA 0 0 "Uqcrc2_noRT" "non-targeting_noRT"
"28354" "Gm30929" 0 NA NA NA NA 0 0 "Uqcrc2_noRT" "non-targeting_noRT"
"28355" "Tg" 0 NA NA NA NA 0 0 "Uqcrc2_noRT" "non-targeting_noRT"
"28356" "Gm17140" 0 NA NA NA NA 0 0 "Uqcrc2_noRT" "non-targeting_noRT"
"28357" "Sla" 0 NA NA NA NA 0 0 "Uqcrc2_noRT" "non-targeting_noRT"
"28358" "Ccn4" 0 NA NA NA NA 0 0 "Uqcrc2_noRT" "non-targeting_noRT"
"28359" "Ndrg1" 0 NA NA NA NA 0 0 "Uqcrc2_noRT" "non-targeting_noRT"
"28360" "Gm17035" 0 NA NA NA NA 0 0 "Uqcrc2_noRT" "non-targeting_noRT"
"28361" "Gm2895" 0 NA NA NA NA 0 0 "Uqcrc2_noRT" "non-targeting_noRT"
"28362" "Gm31342" 0 NA NA NA NA 0 0 "Uqcrc2_noRT" "non-targeting_noRT"
"28363" "St3gal1" 0 NA NA NA NA 0 0 "Uqcrc2_noRT" "non-targeting_noRT"
"28364" "1700012I11Rik" 0 NA NA NA NA 0 0 "Uqcrc2_noRT" "non-targeting_noRT"
"28365" "Gm20732" 0 NA NA NA NA 0 0 "Uqcrc2_noRT" "non-targeting_noRT"
"28366" "Gm49415" 0 NA NA NA NA 0 0 "Uqcrc2_noRT" "non-targeting_noRT"
"28367" "Gm7125" 0 NA NA NA NA 0 0 "Uqcrc2_noRT" "non-targeting_noRT"
"28368" "Khdrbs3" 0 NA NA NA NA 0 0 "Uqcrc2_noRT" "non-targeting_noRT"
"28369" "Gm49422" 0 NA NA NA NA 0 0 "Uqcrc2_noRT" "non-targeting_noRT"
"28370" "4930504C09Rik" 0 NA NA NA NA 0 0 "Uqcrc2_noRT" "non-targeting_noRT"
"28371" "Gm19782" 0 NA NA NA NA 0 0 "Uqcrc2_noRT" "non-targeting_noRT"
"28372" "Gm16308" 0 NA NA NA NA 0 0 "Uqcrc2_noRT" "non-targeting_noRT"
"28373" "Gm49457" 0 NA NA NA NA 0 0 "Uqcrc2_noRT" "non-targeting_noRT"
"28374" "Kcnk9" 0 NA NA NA NA 0 0 "Uqcrc2_noRT" "non-targeting_noRT"
"28375" "Gm49460" 0 NA NA NA NA 0 0 "Uqcrc2_noRT" "non-targeting_noRT"
"28376" "1700085D07Rik" 0 NA NA NA NA 0 0 "Uqcrc2_noRT" "non-targeting_noRT"
"28377" "Dennd3" 0 NA NA NA NA 0 0 "Uqcrc2_noRT" "non-targeting_noRT"
"28378" "1700010B13Rik" 0 NA NA NA NA 0 0 "Uqcrc2_noRT" "non-targeting_noRT"
"28379" "Gpr20" 0 NA NA NA NA 0 0 "Uqcrc2_noRT" "non-targeting_noRT"
"28380" "Mroh5" 0 NA NA NA NA 0 0 "Uqcrc2_noRT" "non-targeting_noRT"
"28381" "Gm6569" 0 NA NA NA NA 0 0 "Uqcrc2_noRT" "non-targeting_noRT"
"28382" "Gm32405" 0 NA NA NA NA 0 0 "Uqcrc2_noRT" "non-targeting_noRT"
"28383" "Adgrb1" 0 NA NA NA NA 0 0 "Uqcrc2_noRT" "non-targeting_noRT"
"28384" "Mroh4" 0 NA NA NA NA 0 0 "Uqcrc2_noRT" "non-targeting_noRT"
"28385" "Arc" 0 NA NA NA NA 0 0 "Uqcrc2_noRT" "non-targeting_noRT"
"28386" "Psca" 0 NA NA NA NA 0 0 "Uqcrc2_noRT" "non-targeting_noRT"
"28387" "Slurp1" 0 NA NA NA NA 0 0 "Uqcrc2_noRT" "non-targeting_noRT"
"28388" "Lypd2" 0 NA NA NA NA 0 0 "Uqcrc2_noRT" "non-targeting_noRT"
"28389" "Slurp2" 0 NA NA NA NA 0 0 "Uqcrc2_noRT" "non-targeting_noRT"
"28390" "Ly6d" 0 NA NA NA NA 0 0 "Uqcrc2_noRT" "non-targeting_noRT"
"28391" "Ly6g6g" 0 NA NA NA NA 0 0 "Uqcrc2_noRT" "non-targeting_noRT"
"28392" "Gm17189" 0 NA NA NA NA 0 0 "Uqcrc2_noRT" "non-targeting_noRT"
"28393" "Ly6k" 0 NA NA NA NA 0 0 "Uqcrc2_noRT" "non-targeting_noRT"
"28394" "Gml" 0 NA NA NA NA 0 0 "Uqcrc2_noRT" "non-targeting_noRT"
"28395" "Gml2" 0 NA NA NA NA 0 0 "Uqcrc2_noRT" "non-targeting_noRT"
"28396" "Cyp11b1" 0 NA NA NA NA 0 0 "Uqcrc2_noRT" "non-targeting_noRT"
"28397" "Cyp11b2" 0 NA NA NA NA 0 0 "Uqcrc2_noRT" "non-targeting_noRT"
"28398" "Ly6m" 0 NA NA NA NA 0 0 "Uqcrc2_noRT" "non-targeting_noRT"
"28399" "Gm28068" 0 NA NA NA NA 0 0 "Uqcrc2_noRT" "non-targeting_noRT"
"28400" "Gm28502" 0 NA NA NA NA 0 0 "Uqcrc2_noRT" "non-targeting_noRT"
"28401" "Ly6c2" 0 NA NA NA NA 0 0 "Uqcrc2_noRT" "non-targeting_noRT"
"28402" "Ly6g" 0 NA NA NA NA 0 0 "Uqcrc2_noRT" "non-targeting_noRT"
"28403" "Ly6g2" 0 NA NA NA NA 0 0 "Uqcrc2_noRT" "non-targeting_noRT"
"28404" "Ly6f" 0 NA NA NA NA 0 0 "Uqcrc2_noRT" "non-targeting_noRT"
"28405" "Ly6l" 0 NA NA NA NA 0 0 "Uqcrc2_noRT" "non-targeting_noRT"
"28406" "Ly6h" 0 NA NA NA NA 0 0 "Uqcrc2_noRT" "non-targeting_noRT"
"28407" "Gpihbp1" 0 NA NA NA NA 0 0 "Uqcrc2_noRT" "non-targeting_noRT"
"28408" "Gm15945" 0 NA NA NA NA 0 0 "Uqcrc2_noRT" "non-targeting_noRT"
"28409" "Mroh6" 0 NA NA NA NA 0 0 "Uqcrc2_noRT" "non-targeting_noRT"
"28410" "Naprt" 0 NA NA NA NA 0 0 "Uqcrc2_noRT" "non-targeting_noRT"
"28411" "Ccdc166" 0 NA NA NA NA 0 0 "Uqcrc2_noRT" "non-targeting_noRT"
"28412" "Mapk15" 0 NA NA NA NA 0 0 "Uqcrc2_noRT" "non-targeting_noRT"
"28413" "Fam83h" 0 NA NA NA NA 0 0 "Uqcrc2_noRT" "non-targeting_noRT"
"28414" "Iqank1" 0 NA NA NA NA 0 0 "Uqcrc2_noRT" "non-targeting_noRT"
"28415" "Gm48952" 0 NA NA NA NA 0 0 "Uqcrc2_noRT" "non-targeting_noRT"
"28416" "Gm41349" 0 NA NA NA NA 0 0 "Uqcrc2_noRT" "non-targeting_noRT"
"28417" "Eppk1" 0 NA NA NA NA 0 0 "Uqcrc2_noRT" "non-targeting_noRT"
"28418" "BC024139" 0 NA NA NA NA 0 0 "Uqcrc2_noRT" "non-targeting_noRT"
"28419" "Mirt2" 0 NA NA NA NA 0 0 "Uqcrc2_noRT" "non-targeting_noRT"
"28420" "Spatc1" 0 NA NA NA NA 0 0 "Uqcrc2_noRT" "non-targeting_noRT"
"28421" "Tssk5" 0 NA NA NA NA 0 0 "Uqcrc2_noRT" "non-targeting_noRT"
"28422" "Scx" 0 NA NA NA NA 0 0 "Uqcrc2_noRT" "non-targeting_noRT"
"28423" "Scrt1" 0 NA NA NA NA 0 0 "Uqcrc2_noRT" "non-targeting_noRT"
"28424" "Tmem249" 0 NA NA NA NA 0 0 "Uqcrc2_noRT" "non-targeting_noRT"
"28425" "Kifc2" 0 NA NA NA NA 0 0 "Uqcrc2_noRT" "non-targeting_noRT"
"28426" "Foxh1" 0 NA NA NA NA 0 0 "Uqcrc2_noRT" "non-targeting_noRT"
"28427" "Gm49527" 0 NA NA NA NA 0 0 "Uqcrc2_noRT" "non-targeting_noRT"
"28428" "Gm35933" 0 NA NA NA NA 0 0 "Uqcrc2_noRT" "non-targeting_noRT"
"28429" "Gm49540" 0 NA NA NA NA 0 0 "Uqcrc2_noRT" "non-targeting_noRT"
"28430" "1700109K24Rik" 0 NA NA NA NA 0 0 "Uqcrc2_noRT" "non-targeting_noRT"
"28431" "Gm20688" 0 NA NA NA NA 0 0 "Uqcrc2_noRT" "non-targeting_noRT"
"28432" "Apol7b" 0 NA NA NA NA 0 0 "Uqcrc2_noRT" "non-targeting_noRT"
"28433" "4930571N24Rik" 0 NA NA NA NA 0 0 "Uqcrc2_noRT" "non-targeting_noRT"
"28434" "Apol10a" 0 NA NA NA NA 0 0 "Uqcrc2_noRT" "non-targeting_noRT"
"28435" "Apol11a" 0 NA NA NA NA 0 0 "Uqcrc2_noRT" "non-targeting_noRT"
"28436" "Apol7c" 0 NA NA NA NA 0 0 "Uqcrc2_noRT" "non-targeting_noRT"
"28437" "1700025B11Rik" 0 NA NA NA NA 0 0 "Uqcrc2_noRT" "non-targeting_noRT"
"28438" "Gm36245" 0 NA NA NA NA 0 0 "Uqcrc2_noRT" "non-targeting_noRT"
"28439" "Gm36329" 0 NA NA NA NA 0 0 "Uqcrc2_noRT" "non-targeting_noRT"
"28440" "Cacng2" 0 NA NA NA NA 0 0 "Uqcrc2_noRT" "non-targeting_noRT"
"28441" "A730060N03Rik" 0 NA NA NA NA 0 0 "Uqcrc2_noRT" "non-targeting_noRT"
"28442" "Pvalb" 0 NA NA NA NA 0 0 "Uqcrc2_noRT" "non-targeting_noRT"
"28443" "Ncf4" 0 NA NA NA NA 0 0 "Uqcrc2_noRT" "non-targeting_noRT"
"28444" "Csf2rb2" 0 NA NA NA NA 0 0 "Uqcrc2_noRT" "non-targeting_noRT"
"28445" "Csf2rb" 0 NA NA NA NA 0 0 "Uqcrc2_noRT" "non-targeting_noRT"
"28446" "Tex33" 0 NA NA NA NA 0 0 "Uqcrc2_noRT" "non-targeting_noRT"
"28447" "Gm49481" 0 NA NA NA NA 0 0 "Uqcrc2_noRT" "non-targeting_noRT"
"28448" "Gm36644" 0 NA NA NA NA 0 0 "Uqcrc2_noRT" "non-targeting_noRT"
"28449" "Gm49490" 0 NA NA NA NA 0 0 "Uqcrc2_noRT" "non-targeting_noRT"
"28450" "Sstr3" 0 NA NA NA NA 0 0 "Uqcrc2_noRT" "non-targeting_noRT"
"28451" "1700041B01Rik" 0 NA NA NA NA 0 0 "Uqcrc2_noRT" "non-targeting_noRT"
"28452" "Lgals2" 0 NA NA NA NA 0 0 "Uqcrc2_noRT" "non-targeting_noRT"
"28453" "Gm26634" 0 NA NA NA NA 0 0 "Uqcrc2_noRT" "non-targeting_noRT"
"28454" "1700027A07Rik" 0 NA NA NA NA 0 0 "Uqcrc2_noRT" "non-targeting_noRT"
"28455" "Gm10865" 0 NA NA NA NA 0 0 "Uqcrc2_noRT" "non-targeting_noRT"
"28456" "Gm17753" 0 NA NA NA NA 0 0 "Uqcrc2_noRT" "non-targeting_noRT"
"28457" "Galr3" 0 NA NA NA NA 0 0 "Uqcrc2_noRT" "non-targeting_noRT"
"28458" "Gm3924" 0 NA NA NA NA 0 0 "Uqcrc2_noRT" "non-targeting_noRT"
"28459" "Slc16a8" 0 NA NA NA NA 0 0 "Uqcrc2_noRT" "non-targeting_noRT"
"28460" "Gm20420" 0 NA NA NA NA 0 0 "Uqcrc2_noRT" "non-targeting_noRT"
"28461" "Gm16059" 0 NA NA NA NA 0 0 "Uqcrc2_noRT" "non-targeting_noRT"
"28462" "Kcnj4" 0 NA NA NA NA 0 0 "Uqcrc2_noRT" "non-targeting_noRT"
"28463" "Dmc1" 0 NA NA NA NA 0 0 "Uqcrc2_noRT" "non-targeting_noRT"
"28464" "Gm16575" 0 NA NA NA NA 0 0 "Uqcrc2_noRT" "non-targeting_noRT"
"28465" "Gm10856" 0 NA NA NA NA 0 0 "Uqcrc2_noRT" "non-targeting_noRT"
"28466" "AC113595.1" 0 NA NA NA NA 0 0 "Uqcrc2_noRT" "non-targeting_noRT"
"28467" "Pdgfb" 0 NA NA NA NA 0 0 "Uqcrc2_noRT" "non-targeting_noRT"
"28468" "Gm41361" 0 NA NA NA NA 0 0 "Uqcrc2_noRT" "non-targeting_noRT"
"28469" "Mgat3" 0 NA NA NA NA 0 0 "Uqcrc2_noRT" "non-targeting_noRT"
"28470" "AC140267.1" 0 NA NA NA NA 0 0 "Uqcrc2_noRT" "non-targeting_noRT"
"28471" "Cacna1i" 0 NA NA NA NA 0 0 "Uqcrc2_noRT" "non-targeting_noRT"
"28472" "Gm31369" 0 NA NA NA NA 0 0 "Uqcrc2_noRT" "non-targeting_noRT"
"28473" "Enthd1" 0 NA NA NA NA 0 0 "Uqcrc2_noRT" "non-targeting_noRT"
"28474" "Grap2" 0 NA NA NA NA 0 0 "Uqcrc2_noRT" "non-targeting_noRT"
"28475" "Fam83f" 0 NA NA NA NA 0 0 "Uqcrc2_noRT" "non-targeting_noRT"
"28476" "A430088P11Rik" 0 NA NA NA NA 0 0 "Uqcrc2_noRT" "non-targeting_noRT"
"28477" "Gm49512" 0 NA NA NA NA 0 0 "Uqcrc2_noRT" "non-targeting_noRT"
"28478" "Gm31462" 0 NA NA NA NA 0 0 "Uqcrc2_noRT" "non-targeting_noRT"
"28479" "4930483J18Rik" 0 NA NA NA NA 0 0 "Uqcrc2_noRT" "non-targeting_noRT"
"28480" "Mchr1" 0 NA NA NA NA 0 0 "Uqcrc2_noRT" "non-targeting_noRT"
"28481" "8430426J06Rik" 0 NA NA NA NA 0 0 "Uqcrc2_noRT" "non-targeting_noRT"
"28482" "Dnajb7" 0 NA NA NA NA 0 0 "Uqcrc2_noRT" "non-targeting_noRT"
"28483" "Gm17025" 0 NA NA NA NA 0 0 "Uqcrc2_noRT" "non-targeting_noRT"
"28484" "Gm49476" 0 NA NA NA NA 0 0 "Uqcrc2_noRT" "non-targeting_noRT"
"28485" "1700029P11Rik" 0 NA NA NA NA 0 0 "Uqcrc2_noRT" "non-targeting_noRT"
"28486" "4930407I10Rik" 0 NA NA NA NA 0 0 "Uqcrc2_noRT" "non-targeting_noRT"
"28487" "Mei1" 0 NA NA NA NA 0 0 "Uqcrc2_noRT" "non-targeting_noRT"
"28488" "Gm49503" 0 NA NA NA NA 0 0 "Uqcrc2_noRT" "non-targeting_noRT"
"28489" "Wbp2nl" 0 NA NA NA NA 0 0 "Uqcrc2_noRT" "non-targeting_noRT"
"28490" "Pheta2" 0 NA NA NA NA 0 0 "Uqcrc2_noRT" "non-targeting_noRT"
"28491" "Cyp2d22" 0 NA NA NA NA 0 0 "Uqcrc2_noRT" "non-targeting_noRT"
"28492" "Cyp2d11" 0 NA NA NA NA 0 0 "Uqcrc2_noRT" "non-targeting_noRT"
"28493" "Cyp2d10" 0 NA NA NA NA 0 0 "Uqcrc2_noRT" "non-targeting_noRT"
"28494" "Cyp2d9" 0 NA NA NA NA 0 0 "Uqcrc2_noRT" "non-targeting_noRT"
"28495" "Cyp2d12" 0 NA NA NA NA 0 0 "Uqcrc2_noRT" "non-targeting_noRT"
"28496" "Cyp2d34" 0 NA NA NA NA 0 0 "Uqcrc2_noRT" "non-targeting_noRT"
"28497" "Gm49431" 0 NA NA NA NA 0 0 "Uqcrc2_noRT" "non-targeting_noRT"
"28498" "Cyp2d40" 0 NA NA NA NA 0 0 "Uqcrc2_noRT" "non-targeting_noRT"
"28499" "Cyp2d26" 0 NA NA NA NA 0 0 "Uqcrc2_noRT" "non-targeting_noRT"
"28500" "Gm29019" 0 NA NA NA NA 0 0 "Uqcrc2_noRT" "non-targeting_noRT"
"28501" "Nfam1" 0 NA NA NA NA 0 0 "Uqcrc2_noRT" "non-targeting_noRT"
"28502" "Gm17206" 0 NA NA NA NA 0 0 "Uqcrc2_noRT" "non-targeting_noRT"
"28503" "Scube1" 0 NA NA NA NA 0 0 "Uqcrc2_noRT" "non-targeting_noRT"
"28504" "Mpped1" 0 NA NA NA NA 0 0 "Uqcrc2_noRT" "non-targeting_noRT"
"28505" "Efcab6" 0 NA NA NA NA 0 0 "Uqcrc2_noRT" "non-targeting_noRT"
"28506" "Sult4a1" 0 NA NA NA NA 0 0 "Uqcrc2_noRT" "non-targeting_noRT"
"28507" "Gm46526" 0 NA NA NA NA 0 0 "Uqcrc2_noRT" "non-targeting_noRT"
"28508" "Pnpla5" 0 NA NA NA NA 0 0 "Uqcrc2_noRT" "non-targeting_noRT"
"28509" "Gm33432" 0 NA NA NA NA 0 0 "Uqcrc2_noRT" "non-targeting_noRT"
"28510" "Pnpla3" 0 NA NA NA NA 0 0 "Uqcrc2_noRT" "non-targeting_noRT"
"28511" "Shisal1" 0 NA NA NA NA 0 0 "Uqcrc2_noRT" "non-targeting_noRT"
"28512" "Rtl6" 0 NA NA NA NA 0 0 "Uqcrc2_noRT" "non-targeting_noRT"
"28513" "Gm34095" 0 NA NA NA NA 0 0 "Uqcrc2_noRT" "non-targeting_noRT"
"28514" "Prr5" 0 NA NA NA NA 0 0 "Uqcrc2_noRT" "non-targeting_noRT"
"28515" "Gm20556" 0 NA NA NA NA 0 0 "Uqcrc2_noRT" "non-targeting_noRT"
"28516" "Arhgap8" 0 NA NA NA NA 0 0 "Uqcrc2_noRT" "non-targeting_noRT"
"28517" "Phf21b" 0 NA NA NA NA 0 0 "Uqcrc2_noRT" "non-targeting_noRT"
"28518" "4930513L16Rik" 0 NA NA NA NA 0 0 "Uqcrc2_noRT" "non-targeting_noRT"
"28519" "Upk3a" 0 NA NA NA NA 0 0 "Uqcrc2_noRT" "non-targeting_noRT"
"28520" "Smc1b" 0 NA NA NA NA 0 0 "Uqcrc2_noRT" "non-targeting_noRT"
"28521" "Ribc2" 0 NA NA NA NA 0 0 "Uqcrc2_noRT" "non-targeting_noRT"
"28522" "Gm19277" 0 NA NA NA NA 0 0 "Uqcrc2_noRT" "non-targeting_noRT"
"28523" "7530416G11Rik" 0 NA NA NA NA 0 0 "Uqcrc2_noRT" "non-targeting_noRT"
"28524" "Pkdrej" 0 NA NA NA NA 0 0 "Uqcrc2_noRT" "non-targeting_noRT"
"28525" "Gm49548" 0 NA NA NA NA 0 0 "Uqcrc2_noRT" "non-targeting_noRT"
"28526" "Celsr1" 0 NA NA NA NA 0 0 "Uqcrc2_noRT" "non-targeting_noRT"
"28527" "Gm15722" 0 NA NA NA NA 0 0 "Uqcrc2_noRT" "non-targeting_noRT"
"28528" "Gm15569" 0 NA NA NA NA 0 0 "Uqcrc2_noRT" "non-targeting_noRT"
"28529" "Gm49464" 0 NA NA NA NA 0 0 "Uqcrc2_noRT" "non-targeting_noRT"
"28530" "4930543I03Rik" 0 NA NA NA NA 0 0 "Uqcrc2_noRT" "non-targeting_noRT"
"28531" "Gm49466" 0 NA NA NA NA 0 0 "Uqcrc2_noRT" "non-targeting_noRT"
"28532" "Gm49468" 0 NA NA NA NA 0 0 "Uqcrc2_noRT" "non-targeting_noRT"
"28533" "Gm49469" 0 NA NA NA NA 0 0 "Uqcrc2_noRT" "non-targeting_noRT"
"28534" "Gm49470" 0 NA NA NA NA 0 0 "Uqcrc2_noRT" "non-targeting_noRT"
"28535" "A930027H12Rik" 0 NA NA NA NA 0 0 "Uqcrc2_noRT" "non-targeting_noRT"
"28536" "Gm49472" 0 NA NA NA NA 0 0 "Uqcrc2_noRT" "non-targeting_noRT"
"28537" "Gm35772" 0 NA NA NA NA 0 0 "Uqcrc2_noRT" "non-targeting_noRT"
"28538" "4930445N06Rik" 0 NA NA NA NA 0 0 "Uqcrc2_noRT" "non-targeting_noRT"
"28539" "B230214G05Rik" 0 NA NA NA NA 0 0 "Uqcrc2_noRT" "non-targeting_noRT"
"28540" "Zdhhc25" 0 NA NA NA NA 0 0 "Uqcrc2_noRT" "non-targeting_noRT"
"28541" "Gm20621" 0 NA NA NA NA 0 0 "Uqcrc2_noRT" "non-targeting_noRT"
"28542" "Ttll8" 0 NA NA NA NA 0 0 "Uqcrc2_noRT" "non-targeting_noRT"
"28543" "Mlc1" 0 NA NA NA NA 0 0 "Uqcrc2_noRT" "non-targeting_noRT"
"28544" "Mov10l1" 0 NA NA NA NA 0 0 "Uqcrc2_noRT" "non-targeting_noRT"
"28545" "Panx2" 0 NA NA NA NA 0 0 "Uqcrc2_noRT" "non-targeting_noRT"
"28546" "Miox" 0 NA NA NA NA 0 0 "Uqcrc2_noRT" "non-targeting_noRT"
"28547" "Odf3b" 0 NA NA NA NA 0 0 "Uqcrc2_noRT" "non-targeting_noRT"
"28548" "Syce3" 0 NA NA NA NA 0 0 "Uqcrc2_noRT" "non-targeting_noRT"
"28549" "C230037L18Rik" 0 NA NA NA NA 0 0 "Uqcrc2_noRT" "non-targeting_noRT"
"28550" "AC137513.1" 0 NA NA NA NA 0 0 "Uqcrc2_noRT" "non-targeting_noRT"
"28551" "Shank3" 0 NA NA NA NA 0 0 "Uqcrc2_noRT" "non-targeting_noRT"
"28552" "Gm15609" 0 NA NA NA NA 0 0 "Uqcrc2_noRT" "non-targeting_noRT"
"28553" "Acr" 0 NA NA NA NA 0 0 "Uqcrc2_noRT" "non-targeting_noRT"
"28554" "Syt10" 0 NA NA NA NA 0 0 "Uqcrc2_noRT" "non-targeting_noRT"
"28555" "Gm36330" 0 NA NA NA NA 0 0 "Uqcrc2_noRT" "non-targeting_noRT"
"28556" "Gm36480" 0 NA NA NA NA 0 0 "Uqcrc2_noRT" "non-targeting_noRT"
"28557" "Cpne8" 0 NA NA NA NA 0 0 "Uqcrc2_noRT" "non-targeting_noRT"
"28558" "Gm36618" 0 NA NA NA NA 0 0 "Uqcrc2_noRT" "non-targeting_noRT"
"28559" "CN725425" 0 NA NA NA NA 0 0 "Uqcrc2_noRT" "non-targeting_noRT"
"28560" "Slc2a13" 0 NA NA NA NA 0 0 "Uqcrc2_noRT" "non-targeting_noRT"
"28561" "4933438A12Rik" 0 NA NA NA NA 0 0 "Uqcrc2_noRT" "non-targeting_noRT"
"28562" "Smgc" 0 NA NA NA NA 0 0 "Uqcrc2_noRT" "non-targeting_noRT"
"28563" "Muc19" 0 NA NA NA NA 0 0 "Uqcrc2_noRT" "non-targeting_noRT"
"28564" "Gm26760" 0 NA NA NA NA 0 0 "Uqcrc2_noRT" "non-targeting_noRT"
"28565" "Pdzrn4" 0 NA NA NA NA 0 0 "Uqcrc2_noRT" "non-targeting_noRT"
"28566" "4930588J15Rik" 0 NA NA NA NA 0 0 "Uqcrc2_noRT" "non-targeting_noRT"
"28567" "Gm49418" 0 NA NA NA NA 0 0 "Uqcrc2_noRT" "non-targeting_noRT"
"28568" "Gm30085" 0 NA NA NA NA 0 0 "Uqcrc2_noRT" "non-targeting_noRT"
"28569" "Gm49420" 0 NA NA NA NA 0 0 "Uqcrc2_noRT" "non-targeting_noRT"
"28570" "Prickle1" 0 NA NA NA NA 0 0 "Uqcrc2_noRT" "non-targeting_noRT"
"28571" "Gm41386" 0 NA NA NA NA 0 0 "Uqcrc2_noRT" "non-targeting_noRT"
"28572" "Gm30339" 0 NA NA NA NA 0 0 "Uqcrc2_noRT" "non-targeting_noRT"
"28573" "Gm49445" 0 NA NA NA NA 0 0 "Uqcrc2_noRT" "non-targeting_noRT"
"28574" "9430014N10Rik" 0 NA NA NA NA 0 0 "Uqcrc2_noRT" "non-targeting_noRT"
"28575" "Gm30564" 0 NA NA NA NA 0 0 "Uqcrc2_noRT" "non-targeting_noRT"
"28576" "1700129L04Rik" 0 NA NA NA NA 0 0 "Uqcrc2_noRT" "non-targeting_noRT"
"28577" "Dbx2" 0 NA NA NA NA 0 0 "Uqcrc2_noRT" "non-targeting_noRT"
"28578" "Gm49173" 0 NA NA NA NA 0 0 "Uqcrc2_noRT" "non-targeting_noRT"
"28579" "Gm17546" 0 NA NA NA NA 0 0 "Uqcrc2_noRT" "non-targeting_noRT"
"28580" "Gm49172" 0 NA NA NA NA 0 0 "Uqcrc2_noRT" "non-targeting_noRT"
"28581" "D030018L15Rik" 0 NA NA NA NA 0 0 "Uqcrc2_noRT" "non-targeting_noRT"
"28582" "4833422M21Rik" 0 NA NA NA NA 0 0 "Uqcrc2_noRT" "non-targeting_noRT"
"28583" "Gm41392" 0 NA NA NA NA 0 0 "Uqcrc2_noRT" "non-targeting_noRT"
"28584" "Gm41392.1" 0 NA NA NA NA 0 0 "Uqcrc2_noRT" "non-targeting_noRT"
"28585" "Slc38a4" 0 NA NA NA NA 0 0 "Uqcrc2_noRT" "non-targeting_noRT"
"28586" "Amigo2" 0 NA NA NA NA 0 0 "Uqcrc2_noRT" "non-targeting_noRT"
"28587" "Endou" 0 NA NA NA NA 0 0 "Uqcrc2_noRT" "non-targeting_noRT"
"28588" "Rapgef3os1" 0 NA NA NA NA 0 0 "Uqcrc2_noRT" "non-targeting_noRT"
"28589" "Rapgef3os2" 0 NA NA NA NA 0 0 "Uqcrc2_noRT" "non-targeting_noRT"
"28590" "Vdr" 0 NA NA NA NA 0 0 "Uqcrc2_noRT" "non-targeting_noRT"
"28591" "Gm26513" 0 NA NA NA NA 0 0 "Uqcrc2_noRT" "non-targeting_noRT"
"28592" "Ccdc184" 0 NA NA NA NA 0 0 "Uqcrc2_noRT" "non-targeting_noRT"
"28593" "Olfr288" 0 NA NA NA NA 0 0 "Uqcrc2_noRT" "non-targeting_noRT"
"28594" "Olfr287" 0 NA NA NA NA 0 0 "Uqcrc2_noRT" "non-targeting_noRT"
"28595" "Olfr286" 0 NA NA NA NA 0 0 "Uqcrc2_noRT" "non-targeting_noRT"
"28596" "H1fnt" 0 NA NA NA NA 0 0 "Uqcrc2_noRT" "non-targeting_noRT"
"28597" "Zfp641" 0 NA NA NA NA 0 0 "Uqcrc2_noRT" "non-targeting_noRT"
"28598" "Olfr285" 0 NA NA NA NA 0 0 "Uqcrc2_noRT" "non-targeting_noRT"
"28599" "Olfr284" 0 NA NA NA NA 0 0 "Uqcrc2_noRT" "non-targeting_noRT"
"28600" "Olfr283" 0 NA NA NA NA 0 0 "Uqcrc2_noRT" "non-targeting_noRT"
"28601" "Olfr282" 0 NA NA NA NA 0 0 "Uqcrc2_noRT" "non-targeting_noRT"
"28602" "Olfr281" 0 NA NA NA NA 0 0 "Uqcrc2_noRT" "non-targeting_noRT"
"28603" "OR5BS1P" 0 NA NA NA NA 0 0 "Uqcrc2_noRT" "non-targeting_noRT"
"28604" "Lalba" 0 NA NA NA NA 0 0 "Uqcrc2_noRT" "non-targeting_noRT"
"28605" "Olfr279" 0 NA NA NA NA 0 0 "Uqcrc2_noRT" "non-targeting_noRT"
"28606" "Gm29331" 0 NA NA NA NA 0 0 "Uqcrc2_noRT" "non-targeting_noRT"
"28607" "Gm34152" 0 NA NA NA NA 0 0 "Uqcrc2_noRT" "non-targeting_noRT"
"28608" "Ccdc65" 0 NA NA NA NA 0 0 "Uqcrc2_noRT" "non-targeting_noRT"
"28609" "Wnt10b" 0 NA NA NA NA 0 0 "Uqcrc2_noRT" "non-targeting_noRT"
"28610" "Wnt1" 0 NA NA NA NA 0 0 "Uqcrc2_noRT" "non-targeting_noRT"
"28611" "Gm49442" 0 NA NA NA NA 0 0 "Uqcrc2_noRT" "non-targeting_noRT"
"28612" "Gm34284" 0 NA NA NA NA 0 0 "Uqcrc2_noRT" "non-targeting_noRT"
"28613" "C1ql4" 0 NA NA NA NA 0 0 "Uqcrc2_noRT" "non-targeting_noRT"
"28614" "Kcnh3" 0 NA NA NA NA 0 0 "Uqcrc2_noRT" "non-targeting_noRT"
"28615" "Nckap5los" 0 NA NA NA NA 0 0 "Uqcrc2_noRT" "non-targeting_noRT"
"28616" "Gm49484" 0 NA NA NA NA 0 0 "Uqcrc2_noRT" "non-targeting_noRT"
"28617" "Aqp2" 0 NA NA NA NA 0 0 "Uqcrc2_noRT" "non-targeting_noRT"
"28618" "Aqp5" 0 NA NA NA NA 0 0 "Uqcrc2_noRT" "non-targeting_noRT"
"28619" "Aqp6" 0 NA NA NA NA 0 0 "Uqcrc2_noRT" "non-targeting_noRT"
"28620" "Gm34939" 0 NA NA NA NA 0 0 "Uqcrc2_noRT" "non-targeting_noRT"
"28621" "Fam186a" 0 NA NA NA NA 0 0 "Uqcrc2_noRT" "non-targeting_noRT"
"28622" "Gm21917" 0 NA NA NA NA 0 0 "Uqcrc2_noRT" "non-targeting_noRT"
"28623" "4930478M13Rik" 0 NA NA NA NA 0 0 "Uqcrc2_noRT" "non-targeting_noRT"
"28624" "Gm49475" 0 NA NA NA NA 0 0 "Uqcrc2_noRT" "non-targeting_noRT"
"28625" "Tmprss12" 0 NA NA NA NA 0 0 "Uqcrc2_noRT" "non-targeting_noRT"
"28626" "Mettl7a3" 0 NA NA NA NA 0 0 "Uqcrc2_noRT" "non-targeting_noRT"
"28627" "Mettl7a2" 0 NA NA NA NA 0 0 "Uqcrc2_noRT" "non-targeting_noRT"
"28628" "Higd1c" 0 NA NA NA NA 0 0 "Uqcrc2_noRT" "non-targeting_noRT"
"28629" "Gm5475" 0 NA NA NA NA 0 0 "Uqcrc2_noRT" "non-targeting_noRT"
"28630" "Gm27209" 0 NA NA NA NA 0 0 "Uqcrc2_noRT" "non-targeting_noRT"
"28631" "Gm49492" 0 NA NA NA NA 0 0 "Uqcrc2_noRT" "non-targeting_noRT"
"28632" "Bin2" 0 NA NA NA NA 0 0 "Uqcrc2_noRT" "non-targeting_noRT"
"28633" "Galnt6" 0 NA NA NA NA 0 0 "Uqcrc2_noRT" "non-targeting_noRT"
"28634" "Galnt6os" 0 NA NA NA NA 0 0 "Uqcrc2_noRT" "non-targeting_noRT"
"28635" "Gm35569" 0 NA NA NA NA 0 0 "Uqcrc2_noRT" "non-targeting_noRT"
"28636" "Scn8a" 0 NA NA NA NA 0 0 "Uqcrc2_noRT" "non-targeting_noRT"
"28637" "Gm47841" 0 NA NA NA NA 0 0 "Uqcrc2_noRT" "non-targeting_noRT"
"28638" "Ankrd33" 0 NA NA NA NA 0 0 "Uqcrc2_noRT" "non-targeting_noRT"
"28639" "Acvrl1" 0 NA NA NA NA 0 0 "Uqcrc2_noRT" "non-targeting_noRT"
"28640" "Gm16031" 0 NA NA NA NA 0 0 "Uqcrc2_noRT" "non-targeting_noRT"
"28641" "AU021063" 0 NA NA NA NA 0 0 "Uqcrc2_noRT" "non-targeting_noRT"
"28642" "Gm35853" 0 NA NA NA NA 0 0 "Uqcrc2_noRT" "non-targeting_noRT"
"28643" "Krt80" 0 NA NA NA NA 0 0 "Uqcrc2_noRT" "non-targeting_noRT"
"28644" "Gm671" 0 NA NA NA NA 0 0 "Uqcrc2_noRT" "non-targeting_noRT"
"28645" "Krt7" 0 NA NA NA NA 0 0 "Uqcrc2_noRT" "non-targeting_noRT"
"28646" "Krt87" 0 NA NA NA NA 0 0 "Uqcrc2_noRT" "non-targeting_noRT"
"28647" "Krt88" 0 NA NA NA NA 0 0 "Uqcrc2_noRT" "non-targeting_noRT"
"28648" "Krt81" 0 NA NA NA NA 0 0 "Uqcrc2_noRT" "non-targeting_noRT"
"28649" "Krt86" 0 NA NA NA NA 0 0 "Uqcrc2_noRT" "non-targeting_noRT"
"28650" "Gm49501" 0 NA NA NA NA 0 0 "Uqcrc2_noRT" "non-targeting_noRT"
"28651" "Krt83" 0 NA NA NA NA 0 0 "Uqcrc2_noRT" "non-targeting_noRT"
"28652" "Gm49425" 0 NA NA NA NA 0 0 "Uqcrc2_noRT" "non-targeting_noRT"
"28653" "Krt84" 0 NA NA NA NA 0 0 "Uqcrc2_noRT" "non-targeting_noRT"
"28654" "Krt82" 0 NA NA NA NA 0 0 "Uqcrc2_noRT" "non-targeting_noRT"
"28655" "Krt90" 0 NA NA NA NA 0 0 "Uqcrc2_noRT" "non-targeting_noRT"
"28656" "Krt75" 0 NA NA NA NA 0 0 "Uqcrc2_noRT" "non-targeting_noRT"
"28657" "Gm5414" 0 NA NA NA NA 0 0 "Uqcrc2_noRT" "non-targeting_noRT"
"28658" "Gm5478" 0 NA NA NA NA 0 0 "Uqcrc2_noRT" "non-targeting_noRT"
"28659" "Krt6b" 0 NA NA NA NA 0 0 "Uqcrc2_noRT" "non-targeting_noRT"
"28660" "Krt6a" 0 NA NA NA NA 0 0 "Uqcrc2_noRT" "non-targeting_noRT"
"28661" "Gm49428" 0 NA NA NA NA 0 0 "Uqcrc2_noRT" "non-targeting_noRT"
"28662" "Krt5" 0 NA NA NA NA 0 0 "Uqcrc2_noRT" "non-targeting_noRT"
"28663" "Krt71" 0 NA NA NA NA 0 0 "Uqcrc2_noRT" "non-targeting_noRT"
"28664" "Krt72" 0 NA NA NA NA 0 0 "Uqcrc2_noRT" "non-targeting_noRT"
"28665" "Krt73" 0 NA NA NA NA 0 0 "Uqcrc2_noRT" "non-targeting_noRT"
"28666" "Krt2" 0 NA NA NA NA 0 0 "Uqcrc2_noRT" "non-targeting_noRT"
"28667" "Krt1" 0 NA NA NA NA 0 0 "Uqcrc2_noRT" "non-targeting_noRT"
"28668" "Krt77" 0 NA NA NA NA 0 0 "Uqcrc2_noRT" "non-targeting_noRT"
"28669" "Krt76" 0 NA NA NA NA 0 0 "Uqcrc2_noRT" "non-targeting_noRT"
"28670" "Krt4" 0 NA NA NA NA 0 0 "Uqcrc2_noRT" "non-targeting_noRT"
"28671" "Krt79" 0 NA NA NA NA 0 0 "Uqcrc2_noRT" "non-targeting_noRT"
"28672" "Krt78" 0 NA NA NA NA 0 0 "Uqcrc2_noRT" "non-targeting_noRT"
"28673" "Gm36026" 0 NA NA NA NA 0 0 "Uqcrc2_noRT" "non-targeting_noRT"
"28674" "Gm9918" 0 NA NA NA NA 0 0 "Uqcrc2_noRT" "non-targeting_noRT"
"28675" "Gm36246" 0 NA NA NA NA 0 0 "Uqcrc2_noRT" "non-targeting_noRT"
"28676" "Sp7" 0 NA NA NA NA 0 0 "Uqcrc2_noRT" "non-targeting_noRT"
"28677" "Gm10337" 0 NA NA NA NA 0 0 "Uqcrc2_noRT" "non-targeting_noRT"
"28678" "Gm36560" 0 NA NA NA NA 0 0 "Uqcrc2_noRT" "non-targeting_noRT"
"28679" "Hoxc13" 0 NA NA NA NA 0 0 "Uqcrc2_noRT" "non-targeting_noRT"
"28680" "Hoxc12" 0 NA NA NA NA 0 0 "Uqcrc2_noRT" "non-targeting_noRT"
"28681" "Hotair" 0 NA NA NA NA 0 0 "Uqcrc2_noRT" "non-targeting_noRT"
"28682" "Hoxc11" 0 NA NA NA NA 0 0 "Uqcrc2_noRT" "non-targeting_noRT"
"28683" "Hoxc10" 0 NA NA NA NA 0 0 "Uqcrc2_noRT" "non-targeting_noRT"
"28684" "Hoxc5" 0 NA NA NA NA 0 0 "Uqcrc2_noRT" "non-targeting_noRT"
"28685" "Hoxc9" 0 NA NA NA NA 0 0 "Uqcrc2_noRT" "non-targeting_noRT"
"28686" "Hoxc8" 0 NA NA NA NA 0 0 "Uqcrc2_noRT" "non-targeting_noRT"
"28687" "Hoxc6" 0 NA NA NA NA 0 0 "Uqcrc2_noRT" "non-targeting_noRT"
"28688" "Hoxc4" 0 NA NA NA NA 0 0 "Uqcrc2_noRT" "non-targeting_noRT"
"28689" "Gm28876" 0 NA NA NA NA 0 0 "Uqcrc2_noRT" "non-targeting_noRT"
"28690" "Gm10830" 0 NA NA NA NA 0 0 "Uqcrc2_noRT" "non-targeting_noRT"
"28691" "Gm28265" 0 NA NA NA NA 0 0 "Uqcrc2_noRT" "non-targeting_noRT"
"28692" "Gm49477" 0 NA NA NA NA 0 0 "Uqcrc2_noRT" "non-targeting_noRT"
"28693" "Nfe2" 0 NA NA NA NA 0 0 "Uqcrc2_noRT" "non-targeting_noRT"
"28694" "Gm49482" 0 NA NA NA NA 0 0 "Uqcrc2_noRT" "non-targeting_noRT"
"28695" "Gpr84" 0 NA NA NA NA 0 0 "Uqcrc2_noRT" "non-targeting_noRT"
"28696" "Gtsf1" 0 NA NA NA NA 0 0 "Uqcrc2_noRT" "non-targeting_noRT"
"28697" "Gtsf2" 0 NA NA NA NA 0 0 "Uqcrc2_noRT" "non-targeting_noRT"
"28698" "Ppp1r1a" 0 NA NA NA NA 0 0 "Uqcrc2_noRT" "non-targeting_noRT"
"28699" "Glycam1" 0 NA NA NA NA 0 0 "Uqcrc2_noRT" "non-targeting_noRT"
"28700" "Gm49272" 0 NA NA NA NA 0 0 "Uqcrc2_noRT" "non-targeting_noRT"
"28701" "Mucl1" 0 NA NA NA NA 0 0 "Uqcrc2_noRT" "non-targeting_noRT"
"28702" "Mucl2" 0 NA NA NA NA 0 0 "Uqcrc2_noRT" "non-targeting_noRT"
"28703" "Gm35912" 0 NA NA NA NA 0 0 "Uqcrc2_noRT" "non-targeting_noRT"
"28704" "Gm49504" 0 NA NA NA NA 0 0 "Uqcrc2_noRT" "non-targeting_noRT"
"28705" "Gm49507" 0 NA NA NA NA 0 0 "Uqcrc2_noRT" "non-targeting_noRT"
"28706" "Gm35974" 0 NA NA NA NA 0 0 "Uqcrc2_noRT" "non-targeting_noRT"
"28707" "Olfr161" 0 NA NA NA NA 0 0 "Uqcrc2_noRT" "non-targeting_noRT"
"28708" "Mefv" 0 NA NA NA NA 0 0 "Uqcrc2_noRT" "non-targeting_noRT"
"28709" "Gm41409" 0 NA NA NA NA 0 0 "Uqcrc2_noRT" "non-targeting_noRT"
"28710" "Olfr15" 0 NA NA NA NA 0 0 "Uqcrc2_noRT" "non-targeting_noRT"
"28711" "Zfp174" 0 NA NA NA NA 0 0 "Uqcrc2_noRT" "non-targeting_noRT"
"28712" "Gm15537" 0 NA NA NA NA 0 0 "Uqcrc2_noRT" "non-targeting_noRT"
"28713" "Gm15879" 0 NA NA NA NA 0 0 "Uqcrc2_noRT" "non-targeting_noRT"
"28714" "Dnase1" 0 NA NA NA NA 0 0 "Uqcrc2_noRT" "non-targeting_noRT"
"28715" "Glis2" 0 NA NA NA NA 0 0 "Uqcrc2_noRT" "non-targeting_noRT"
"28716" "Gm15859" 0 NA NA NA NA 0 0 "Uqcrc2_noRT" "non-targeting_noRT"
"28717" "4930562C15Rik" 0 NA NA NA NA 0 0 "Uqcrc2_noRT" "non-targeting_noRT"
"28718" "Sept12" 0 NA NA NA NA 0 0 "Uqcrc2_noRT" "non-targeting_noRT"
"28719" "Smim22" 0 NA NA NA NA 0 0 "Uqcrc2_noRT" "non-targeting_noRT"
"28720" "Gm42477" 0 NA NA NA NA 0 0 "Uqcrc2_noRT" "non-targeting_noRT"
"28721" "AU021092" 0 NA NA NA NA 0 0 "Uqcrc2_noRT" "non-targeting_noRT"
"28722" "Gm15983" 0 NA NA NA NA 0 0 "Uqcrc2_noRT" "non-targeting_noRT"
"28723" "Gm41414" 0 NA NA NA NA 0 0 "Uqcrc2_noRT" "non-targeting_noRT"
"28724" "Rbfox1" 0 NA NA NA NA 0 0 "Uqcrc2_noRT" "non-targeting_noRT"
"28725" "1700123O21Rik" 0 NA NA NA NA 0 0 "Uqcrc2_noRT" "non-targeting_noRT"
"28726" "Gm49534" 0 NA NA NA NA 0 0 "Uqcrc2_noRT" "non-targeting_noRT"
"28727" "Tmem114" 0 NA NA NA NA 0 0 "Uqcrc2_noRT" "non-targeting_noRT"
"28728" "Gm5767" 0 NA NA NA NA 0 0 "Uqcrc2_noRT" "non-targeting_noRT"
"28729" "Gm30371" 0 NA NA NA NA 0 0 "Uqcrc2_noRT" "non-targeting_noRT"
"28730" "Gm30567" 0 NA NA NA NA 0 0 "Uqcrc2_noRT" "non-targeting_noRT"
"28731" "Gm49448" 0 NA NA NA NA 0 0 "Uqcrc2_noRT" "non-targeting_noRT"
"28732" "Gm49451" 0 NA NA NA NA 0 0 "Uqcrc2_noRT" "non-targeting_noRT"
"28733" "Grin2a" 0 NA NA NA NA 0 0 "Uqcrc2_noRT" "non-targeting_noRT"
"28734" "Rpl39l" 0 NA NA NA NA 0 0 "Uqcrc2_noRT" "non-targeting_noRT"
"28735" "Gm49455" 0 NA NA NA NA 0 0 "Uqcrc2_noRT" "non-targeting_noRT"
"28736" "Atf7ip2" 0 NA NA NA NA 0 0 "Uqcrc2_noRT" "non-targeting_noRT"
"28737" "Emp2" 0 NA NA NA NA 0 0 "Uqcrc2_noRT" "non-targeting_noRT"
"28738" "Gm1600" 0 NA NA NA NA 0 0 "Uqcrc2_noRT" "non-targeting_noRT"
"28739" "Tekt5" 0 NA NA NA NA 0 0 "Uqcrc2_noRT" "non-targeting_noRT"
"28740" "Prm2" 0 NA NA NA NA 0 0 "Uqcrc2_noRT" "non-targeting_noRT"
"28741" "Gm46563" 0 NA NA NA NA 0 0 "Uqcrc2_noRT" "non-targeting_noRT"
"28742" "Gm11172" 0 NA NA NA NA 0 0 "Uqcrc2_noRT" "non-targeting_noRT"
"28743" "Gm26822" 0 NA NA NA NA 0 0 "Uqcrc2_noRT" "non-targeting_noRT"
"28744" "Gm21859" 0 NA NA NA NA 0 0 "Uqcrc2_noRT" "non-targeting_noRT"
"28745" "Gm10832" 0 NA NA NA NA 0 0 "Uqcrc2_noRT" "non-targeting_noRT"
"28746" "Tnfrsf17" 0 NA NA NA NA 0 0 "Uqcrc2_noRT" "non-targeting_noRT"
"28747" "Gm4279" 0 NA NA NA NA 0 0 "Uqcrc2_noRT" "non-targeting_noRT"
"28748" "4833415N18Rik" 0 NA NA NA NA 0 0 "Uqcrc2_noRT" "non-targeting_noRT"
"28749" "Gm9961" 0 NA NA NA NA 0 0 "Uqcrc2_noRT" "non-targeting_noRT"
"28750" "Shisa9" 0 NA NA NA NA 0 0 "Uqcrc2_noRT" "non-targeting_noRT"
"28751" "4930414F18Rik" 0 NA NA NA NA 0 0 "Uqcrc2_noRT" "non-targeting_noRT"
"28752" "Gm38619" 0 NA NA NA NA 0 0 "Uqcrc2_noRT" "non-targeting_noRT"
"28753" "Gm38619.1" 0 NA NA NA NA 0 0 "Uqcrc2_noRT" "non-targeting_noRT"
"28754" "1700003L19Rik" 0 NA NA NA NA 0 0 "Uqcrc2_noRT" "non-targeting_noRT"
"28755" "Gm15738" 0 NA NA NA NA 0 0 "Uqcrc2_noRT" "non-targeting_noRT"
"28756" "Gm32817" 0 NA NA NA NA 0 0 "Uqcrc2_noRT" "non-targeting_noRT"
"28757" "2310015D24Rik" 0 NA NA NA NA 0 0 "Uqcrc2_noRT" "non-targeting_noRT"
"28758" "Pla2g10" 0 NA NA NA NA 0 0 "Uqcrc2_noRT" "non-targeting_noRT"
"28759" "Pla2g10os" 0 NA NA NA NA 0 0 "Uqcrc2_noRT" "non-targeting_noRT"
"28760" "Gm49432" 0 NA NA NA NA 0 0 "Uqcrc2_noRT" "non-targeting_noRT"
"28761" "Ifitm7" 0 NA NA NA NA 0 0 "Uqcrc2_noRT" "non-targeting_noRT"
"28762" "Bmerb1" 0 NA NA NA NA 0 0 "Uqcrc2_noRT" "non-targeting_noRT"
"28763" "Myh11" 0 NA NA NA NA 0 0 "Uqcrc2_noRT" "non-targeting_noRT"
"28764" "Gm15868" 0 NA NA NA NA 0 0 "Uqcrc2_noRT" "non-targeting_noRT"
"28765" "A630010A05Rik" 0 NA NA NA NA 0 0 "Uqcrc2_noRT" "non-targeting_noRT"
"28766" "Snai2" 0 NA NA NA NA 0 0 "Uqcrc2_noRT" "non-targeting_noRT"
"28767" "Gm33696" 0 NA NA NA NA 0 0 "Uqcrc2_noRT" "non-targeting_noRT"
"28768" "Efcab1" 0 NA NA NA NA 0 0 "Uqcrc2_noRT" "non-targeting_noRT"
"28769" "Gm21897" 0 NA NA NA NA 0 0 "Uqcrc2_noRT" "non-targeting_noRT"
"28770" "Gm49521" 0 NA NA NA NA 0 0 "Uqcrc2_noRT" "non-targeting_noRT"
"28771" "Olfr19" 0 NA NA NA NA 0 0 "Uqcrc2_noRT" "non-targeting_noRT"
"28772" "4933404G15Rik" 0 NA NA NA NA 0 0 "Uqcrc2_noRT" "non-targeting_noRT"
"28773" "Spag6l" 0 NA NA NA NA 0 0 "Uqcrc2_noRT" "non-targeting_noRT"
"28774" "Igll1" 0 NA NA NA NA 0 0 "Uqcrc2_noRT" "non-targeting_noRT"
"28775" "Vpreb1" 0 NA NA NA NA 0 0 "Uqcrc2_noRT" "non-targeting_noRT"
"28776" "Gm49595" 0 NA NA NA NA 0 0 "Uqcrc2_noRT" "non-targeting_noRT"
"28777" "Gm49584" 0 NA NA NA NA 0 0 "Uqcrc2_noRT" "non-targeting_noRT"
"28778" "Ccdc116" 0 NA NA NA NA 0 0 "Uqcrc2_noRT" "non-targeting_noRT"
"28779" "Serpind1" 0 NA NA NA NA 0 0 "Uqcrc2_noRT" "non-targeting_noRT"
"28780" "Lrrc74b" 0 NA NA NA NA 0 0 "Uqcrc2_noRT" "non-targeting_noRT"
"28781" "P2rx6" 0 NA NA NA NA 0 0 "Uqcrc2_noRT" "non-targeting_noRT"
"28782" "Scarf2" 0 NA NA NA NA 0 0 "Uqcrc2_noRT" "non-targeting_noRT"
"28783" "B830017H08Rik" 0 NA NA NA NA 0 0 "Uqcrc2_noRT" "non-targeting_noRT"
"28784" "Tssk1" 0 NA NA NA NA 0 0 "Uqcrc2_noRT" "non-targeting_noRT"
"28785" "Tssk2" 0 NA NA NA NA 0 0 "Uqcrc2_noRT" "non-targeting_noRT"
"28786" "Gsc2" 0 NA NA NA NA 0 0 "Uqcrc2_noRT" "non-targeting_noRT"
"28787" "Vpreb2" 0 NA NA NA NA 0 0 "Uqcrc2_noRT" "non-targeting_noRT"
"28788" "Gm49580" 0 NA NA NA NA 0 0 "Uqcrc2_noRT" "non-targeting_noRT"
"28789" "Rtn4r" 0 NA NA NA NA 0 0 "Uqcrc2_noRT" "non-targeting_noRT"
"28790" "4933432I09Rik" 0 NA NA NA NA 0 0 "Uqcrc2_noRT" "non-targeting_noRT"
"28791" "4930483P17Rik" 0 NA NA NA NA 0 0 "Uqcrc2_noRT" "non-targeting_noRT"
"28792" "Ccdc188" 0 NA NA NA NA 0 0 "Uqcrc2_noRT" "non-targeting_noRT"
"28793" "Gm15764" 0 NA NA NA NA 0 0 "Uqcrc2_noRT" "non-targeting_noRT"
"28794" "Rtl10" 0 NA NA NA NA 0 0 "Uqcrc2_noRT" "non-targeting_noRT"
"28795" "4930588K23Rik" 0 NA NA NA NA 0 0 "Uqcrc2_noRT" "non-targeting_noRT"
"28796" "Gp1bb" 0 NA NA NA NA 0 0 "Uqcrc2_noRT" "non-targeting_noRT"
"28797" "Cldn5" 0 NA NA NA NA 0 0 "Uqcrc2_noRT" "non-targeting_noRT"
"28798" "2010309G21Rik" 0 NA NA NA NA 0 0 "Uqcrc2_noRT" "non-targeting_noRT"
"28799" "Iglc1" 0 NA NA NA NA 0 0 "Uqcrc2_noRT" "non-targeting_noRT"
"28800" "Iglj1" 0 NA NA NA NA 0 0 "Uqcrc2_noRT" "non-targeting_noRT"
"28801" "Iglc3" 0 NA NA NA NA 0 0 "Uqcrc2_noRT" "non-targeting_noRT"
"28802" "Iglj3p" 0 NA NA NA NA 0 0 "Uqcrc2_noRT" "non-targeting_noRT"
"28803" "Iglj3" 0 NA NA NA NA 0 0 "Uqcrc2_noRT" "non-targeting_noRT"
"28804" "Iglv1" 0 NA NA NA NA 0 0 "Uqcrc2_noRT" "non-targeting_noRT"
"28805" "Iglc4" 0 NA NA NA NA 0 0 "Uqcrc2_noRT" "non-targeting_noRT"
"28806" "Iglj4" 0 NA NA NA NA 0 0 "Uqcrc2_noRT" "non-targeting_noRT"
"28807" "Iglc2" 0 NA NA NA NA 0 0 "Uqcrc2_noRT" "non-targeting_noRT"
"28808" "Iglj2" 0 NA NA NA NA 0 0 "Uqcrc2_noRT" "non-targeting_noRT"
"28809" "Gm43388" 0 NA NA NA NA 0 0 "Uqcrc2_noRT" "non-targeting_noRT"
"28810" "Iglv3" 0 NA NA NA NA 0 0 "Uqcrc2_noRT" "non-targeting_noRT"
"28811" "Iglv2" 0 NA NA NA NA 0 0 "Uqcrc2_noRT" "non-targeting_noRT"
"28812" "Olfr164" 0 NA NA NA NA 0 0 "Uqcrc2_noRT" "non-targeting_noRT"
"28813" "Olfr165" 0 NA NA NA NA 0 0 "Uqcrc2_noRT" "non-targeting_noRT"
"28814" "Olfr166" 0 NA NA NA NA 0 0 "Uqcrc2_noRT" "non-targeting_noRT"
"28815" "Olfr167" 0 NA NA NA NA 0 0 "Uqcrc2_noRT" "non-targeting_noRT"
"28816" "Olfr168" 0 NA NA NA NA 0 0 "Uqcrc2_noRT" "non-targeting_noRT"
"28817" "Olfr169" 0 NA NA NA NA 0 0 "Uqcrc2_noRT" "non-targeting_noRT"
"28818" "Olfr170" 0 NA NA NA NA 0 0 "Uqcrc2_noRT" "non-targeting_noRT"
"28819" "Olfr171" 0 NA NA NA NA 0 0 "Uqcrc2_noRT" "non-targeting_noRT"
"28820" "Lamp3" 0 NA NA NA NA 0 0 "Uqcrc2_noRT" "non-targeting_noRT"
"28821" "Gm49598" 0 NA NA NA NA 0 0 "Uqcrc2_noRT" "non-targeting_noRT"
"28822" "Klhl6" 0 NA NA NA NA 0 0 "Uqcrc2_noRT" "non-targeting_noRT"
"28823" "Map6d1" 0 NA NA NA NA 0 0 "Uqcrc2_noRT" "non-targeting_noRT"
"28824" "Gm49566" 0 NA NA NA NA 0 0 "Uqcrc2_noRT" "non-targeting_noRT"
"28825" "Cyp2ab1" 0 NA NA NA NA 0 0 "Uqcrc2_noRT" "non-targeting_noRT"
"28826" "Gm16618" 0 NA NA NA NA 0 0 "Uqcrc2_noRT" "non-targeting_noRT"
"28827" "Vwa5b2" 0 NA NA NA NA 0 0 "Uqcrc2_noRT" "non-targeting_noRT"
"28828" "Gm49748" 0 NA NA NA NA 0 0 "Uqcrc2_noRT" "non-targeting_noRT"
"28829" "Fam131a" 0 NA NA NA NA 0 0 "Uqcrc2_noRT" "non-targeting_noRT"
"28830" "Thpo" 0 NA NA NA NA 0 0 "Uqcrc2_noRT" "non-targeting_noRT"
"28831" "Chrd" 0 NA NA NA NA 0 0 "Uqcrc2_noRT" "non-targeting_noRT"
"28832" "4833419O12Rik" 0 NA NA NA NA 0 0 "Uqcrc2_noRT" "non-targeting_noRT"
"28833" "Gm49742" 0 NA NA NA NA 0 0 "Uqcrc2_noRT" "non-targeting_noRT"
"28834" "Teddm3" 0 NA NA NA NA 0 0 "Uqcrc2_noRT" "non-targeting_noRT"
"28835" "Gm49750" 0 NA NA NA NA 0 0 "Uqcrc2_noRT" "non-targeting_noRT"
"28836" "Gm16863" 0 NA NA NA NA 0 0 "Uqcrc2_noRT" "non-targeting_noRT"
"28837" "Gm26744" 0 NA NA NA NA 0 0 "Uqcrc2_noRT" "non-targeting_noRT"
"28838" "Liph" 0 NA NA NA NA 0 0 "Uqcrc2_noRT" "non-targeting_noRT"
"28839" "Dgkg" 0 NA NA NA NA 0 0 "Uqcrc2_noRT" "non-targeting_noRT"
"28840" "9230117E06Rik" 0 NA NA NA NA 0 0 "Uqcrc2_noRT" "non-targeting_noRT"
"28841" "Crygs" 0 NA NA NA NA 0 0 "Uqcrc2_noRT" "non-targeting_noRT"
"28842" "Gm30505" 0 NA NA NA NA 0 0 "Uqcrc2_noRT" "non-targeting_noRT"
"28843" "Ahsg" 0 NA NA NA NA 0 0 "Uqcrc2_noRT" "non-targeting_noRT"
"28844" "Hrg" 0 NA NA NA NA 0 0 "Uqcrc2_noRT" "non-targeting_noRT"
"28845" "Kng2" 0 NA NA NA NA 0 0 "Uqcrc2_noRT" "non-targeting_noRT"
"28846" "Kng1" 0 NA NA NA NA 0 0 "Uqcrc2_noRT" "non-targeting_noRT"
"28847" "Adipoq" 0 NA NA NA NA 0 0 "Uqcrc2_noRT" "non-targeting_noRT"
"28848" "B630019A10Rik" 0 NA NA NA NA 0 0 "Uqcrc2_noRT" "non-targeting_noRT"
"28849" "BC106179" 0 NA NA NA NA 0 0 "Uqcrc2_noRT" "non-targeting_noRT"
"28850" "Rtp1" 0 NA NA NA NA 0 0 "Uqcrc2_noRT" "non-targeting_noRT"
"28851" "Masp1" 0 NA NA NA NA 0 0 "Uqcrc2_noRT" "non-targeting_noRT"
"28852" "Gm45338" 0 NA NA NA NA 0 0 "Uqcrc2_noRT" "non-targeting_noRT"
"28853" "Sst" 0 NA NA NA NA 0 0 "Uqcrc2_noRT" "non-targeting_noRT"
"28854" "Rtp2" 0 NA NA NA NA 0 0 "Uqcrc2_noRT" "non-targeting_noRT"
"28855" "Gm37419" 0 NA NA NA NA 0 0 "Uqcrc2_noRT" "non-targeting_noRT"
"28856" "Gm49518" 0 NA NA NA NA 0 0 "Uqcrc2_noRT" "non-targeting_noRT"
"28857" "Gm46545" 0 NA NA NA NA 0 0 "Uqcrc2_noRT" "non-targeting_noRT"
"28858" "Gm31583" 0 NA NA NA NA 0 0 "Uqcrc2_noRT" "non-targeting_noRT"
"28859" "Gm32126" 0 NA NA NA NA 0 0 "Uqcrc2_noRT" "non-targeting_noRT"
"28860" "Gm31814" 0 NA NA NA NA 0 0 "Uqcrc2_noRT" "non-targeting_noRT"
"28861" "Tprg" 0 NA NA NA NA 0 0 "Uqcrc2_noRT" "non-targeting_noRT"
"28862" "Trp63" 0 NA NA NA NA 0 0 "Uqcrc2_noRT" "non-targeting_noRT"
"28863" "Gm4524" 0 NA NA NA NA 0 0 "Uqcrc2_noRT" "non-targeting_noRT"
"28864" "Cldn1" 0 NA NA NA NA 0 0 "Uqcrc2_noRT" "non-targeting_noRT"
"28865" "Cldn16" 0 NA NA NA NA 0 0 "Uqcrc2_noRT" "non-targeting_noRT"
"28866" "Tmem207" 0 NA NA NA NA 0 0 "Uqcrc2_noRT" "non-targeting_noRT"
"28867" "Gm20319" 0 NA NA NA NA 0 0 "Uqcrc2_noRT" "non-targeting_noRT"
"28868" "Gmnc" 0 NA NA NA NA 0 0 "Uqcrc2_noRT" "non-targeting_noRT"
"28869" "Gm32312" 0 NA NA NA NA 0 0 "Uqcrc2_noRT" "non-targeting_noRT"
"28870" "Uts2b" 0 NA NA NA NA 0 0 "Uqcrc2_noRT" "non-targeting_noRT"
"28871" "Gm10823" 0 NA NA NA NA 0 0 "Uqcrc2_noRT" "non-targeting_noRT"
"28872" "Fgf12" 0 NA NA NA NA 0 0 "Uqcrc2_noRT" "non-targeting_noRT"
"28873" "Plaat1" 0 NA NA NA NA 0 0 "Uqcrc2_noRT" "non-targeting_noRT"
"28874" "Atp13a4" 0 NA NA NA NA 0 0 "Uqcrc2_noRT" "non-targeting_noRT"
"28875" "Gm49636" 0 NA NA NA NA 0 0 "Uqcrc2_noRT" "non-targeting_noRT"
"28876" "Gm26834" 0 NA NA NA NA 0 0 "Uqcrc2_noRT" "non-targeting_noRT"
"28877" "Gm32679" 0 NA NA NA NA 0 0 "Uqcrc2_noRT" "non-targeting_noRT"
"28878" "Gm1968" 0 NA NA NA NA 0 0 "Uqcrc2_noRT" "non-targeting_noRT"
"28879" "4632428C04Rik" 0 NA NA NA NA 0 0 "Uqcrc2_noRT" "non-targeting_noRT"
"28880" "9030404E10Rik" 0 NA NA NA NA 0 0 "Uqcrc2_noRT" "non-targeting_noRT"
"28881" "1700025H01Rik" 0 NA NA NA NA 0 0 "Uqcrc2_noRT" "non-targeting_noRT"
"28882" "Cpn2" 0 NA NA NA NA 0 0 "Uqcrc2_noRT" "non-targeting_noRT"
"28883" "Lrrc15" 0 NA NA NA NA 0 0 "Uqcrc2_noRT" "non-targeting_noRT"
"28884" "Fam43a" 0 NA NA NA NA 0 0 "Uqcrc2_noRT" "non-targeting_noRT"
"28885" "Gm49754" 0 NA NA NA NA 0 0 "Uqcrc2_noRT" "non-targeting_noRT"
"28886" "Gm49755" 0 NA NA NA NA 0 0 "Uqcrc2_noRT" "non-targeting_noRT"
"28887" "Gm46565" 0 NA NA NA NA 0 0 "Uqcrc2_noRT" "non-targeting_noRT"
"28888" "Gm15742" 0 NA NA NA NA 0 0 "Uqcrc2_noRT" "non-targeting_noRT"
"28889" "Gm49767" 0 NA NA NA NA 0 0 "Uqcrc2_noRT" "non-targeting_noRT"
"28890" "AV205837" 0 NA NA NA NA 0 0 "Uqcrc2_noRT" "non-targeting_noRT"
"28891" "Gm49736" 0 NA NA NA NA 0 0 "Uqcrc2_noRT" "non-targeting_noRT"
"28892" "Gm15743" 0 NA NA NA NA 0 0 "Uqcrc2_noRT" "non-targeting_noRT"
"28893" "Gm49695" 0 NA NA NA NA 0 0 "Uqcrc2_noRT" "non-targeting_noRT"
"28894" "Gm46560" 0 NA NA NA NA 0 0 "Uqcrc2_noRT" "non-targeting_noRT"
"28895" "Gm34256" 0 NA NA NA NA 0 0 "Uqcrc2_noRT" "non-targeting_noRT"
"28896" "Gm49733" 0 NA NA NA NA 0 0 "Uqcrc2_noRT" "non-targeting_noRT"
"28897" "Gm15729" 0 NA NA NA NA 0 0 "Uqcrc2_noRT" "non-targeting_noRT"
"28898" "Bex6" 0 NA NA NA NA 0 0 "Uqcrc2_noRT" "non-targeting_noRT"
"28899" "Smco1" 0 NA NA NA NA 0 0 "Uqcrc2_noRT" "non-targeting_noRT"
"28900" "2210020O09Rik" 0 NA NA NA NA 0 0 "Uqcrc2_noRT" "non-targeting_noRT"
"28901" "Slc51a" 0 NA NA NA NA 0 0 "Uqcrc2_noRT" "non-targeting_noRT"
"28902" "Zdhhc19" 0 NA NA NA NA 0 0 "Uqcrc2_noRT" "non-targeting_noRT"
"28903" "Gm34680" 0 NA NA NA NA 0 0 "Uqcrc2_noRT" "non-targeting_noRT"
"28904" "Tnk2os" 0 NA NA NA NA 0 0 "Uqcrc2_noRT" "non-targeting_noRT"
"28905" "Muc20" 0 NA NA NA NA 0 0 "Uqcrc2_noRT" "non-targeting_noRT"
"28906" "Smbd1" 0 NA NA NA NA 0 0 "Uqcrc2_noRT" "non-targeting_noRT"
"28907" "Gm26769" 0 NA NA NA NA 0 0 "Uqcrc2_noRT" "non-targeting_noRT"
"28908" "Gm17106" 0 NA NA NA NA 0 0 "Uqcrc2_noRT" "non-targeting_noRT"
"28909" "Slc12a8" 0 NA NA NA NA 0 0 "Uqcrc2_noRT" "non-targeting_noRT"
"28910" "Gm15657" 0 NA NA NA NA 0 0 "Uqcrc2_noRT" "non-targeting_noRT"
"28911" "Gm15829" 0 NA NA NA NA 0 0 "Uqcrc2_noRT" "non-targeting_noRT"
"28912" "Kalrn" 0 NA NA NA NA 0 0 "Uqcrc2_noRT" "non-targeting_noRT"
"28913" "Ropn1" 0 NA NA NA NA 0 0 "Uqcrc2_noRT" "non-targeting_noRT"
"28914" "Mylk" 0 NA NA NA NA 0 0 "Uqcrc2_noRT" "non-targeting_noRT"
"28915" "1700119H24Rik" 0 NA NA NA NA 0 0 "Uqcrc2_noRT" "non-targeting_noRT"
"28916" "E130310I04Rik" 0 NA NA NA NA 0 0 "Uqcrc2_noRT" "non-targeting_noRT"
"28917" "Gm21691" 0 NA NA NA NA 0 0 "Uqcrc2_noRT" "non-targeting_noRT"
"28918" "Adcy5" 0 NA NA NA NA 0 0 "Uqcrc2_noRT" "non-targeting_noRT"
"28919" "1600019K03Rik" 0 NA NA NA NA 0 0 "Uqcrc2_noRT" "non-targeting_noRT"
"28920" "Sema5b" 0 NA NA NA NA 0 0 "Uqcrc2_noRT" "non-targeting_noRT"
"28921" "Gm26838" 0 NA NA NA NA 0 0 "Uqcrc2_noRT" "non-targeting_noRT"
"28922" "Gm15564" 0 NA NA NA NA 0 0 "Uqcrc2_noRT" "non-targeting_noRT"
"28923" "Csta1" 0 NA NA NA NA 0 0 "Uqcrc2_noRT" "non-targeting_noRT"
"28924" "Stfa2l1" 0 NA NA NA NA 0 0 "Uqcrc2_noRT" "non-targeting_noRT"
"28925" "Cstdc4" 0 NA NA NA NA 0 0 "Uqcrc2_noRT" "non-targeting_noRT"
"28926" "Csta3" 0 NA NA NA NA 0 0 "Uqcrc2_noRT" "non-targeting_noRT"
"28927" "Cstdc6" 0 NA NA NA NA 0 0 "Uqcrc2_noRT" "non-targeting_noRT"
"28928" "Cstdc5" 0 NA NA NA NA 0 0 "Uqcrc2_noRT" "non-targeting_noRT"
"28929" "Gm15845" 0 NA NA NA NA 0 0 "Uqcrc2_noRT" "non-targeting_noRT"
"28930" "Stfa2" 0 NA NA NA NA 0 0 "Uqcrc2_noRT" "non-targeting_noRT"
"28931" "Stfa3" 0 NA NA NA NA 0 0 "Uqcrc2_noRT" "non-targeting_noRT"
"28932" "Casr" 0 NA NA NA NA 0 0 "Uqcrc2_noRT" "non-targeting_noRT"
"28933" "Gm49662" 0 NA NA NA NA 0 0 "Uqcrc2_noRT" "non-targeting_noRT"
"28934" "Cd86" 0 NA NA NA NA 0 0 "Uqcrc2_noRT" "non-targeting_noRT"
"28935" "Ildr1" 0 NA NA NA NA 0 0 "Uqcrc2_noRT" "non-targeting_noRT"
"28936" "Hcls1" 0 NA NA NA NA 0 0 "Uqcrc2_noRT" "non-targeting_noRT"
"28937" "Fbxo40" 0 NA NA NA NA 0 0 "Uqcrc2_noRT" "non-targeting_noRT"
"28938" "Hgd" 0 NA NA NA NA 0 0 "Uqcrc2_noRT" "non-targeting_noRT"
"28939" "Gm46559" 0 NA NA NA NA 0 0 "Uqcrc2_noRT" "non-targeting_noRT"
"28940" "Gm36028" 0 NA NA NA NA 0 0 "Uqcrc2_noRT" "non-targeting_noRT"
"28941" "Gpr156" 0 NA NA NA NA 0 0 "Uqcrc2_noRT" "non-targeting_noRT"
"28942" "Nr1i2" 0 NA NA NA NA 0 0 "Uqcrc2_noRT" "non-targeting_noRT"
"28943" "Maats1os" 0 NA NA NA NA 0 0 "Uqcrc2_noRT" "non-targeting_noRT"
"28944" "Popdc2" 0 NA NA NA NA 0 0 "Uqcrc2_noRT" "non-targeting_noRT"
"28945" "Cd80" 0 NA NA NA NA 0 0 "Uqcrc2_noRT" "non-targeting_noRT"
"28946" "Upk1b" 0 NA NA NA NA 0 0 "Uqcrc2_noRT" "non-targeting_noRT"
"28947" "Tex55" 0 NA NA NA NA 0 0 "Uqcrc2_noRT" "non-targeting_noRT"
"28948" "Gm15802" 0 NA NA NA NA 0 0 "Uqcrc2_noRT" "non-targeting_noRT"
"28949" "Gm36742" 0 NA NA NA NA 0 0 "Uqcrc2_noRT" "non-targeting_noRT"
"28950" "Gm36903" 0 NA NA NA NA 0 0 "Uqcrc2_noRT" "non-targeting_noRT"
"28951" "Lsamp" 0 NA NA NA NA 0 0 "Uqcrc2_noRT" "non-targeting_noRT"
"28952" "Gm28750" 0 NA NA NA NA 0 0 "Uqcrc2_noRT" "non-targeting_noRT"
"28953" "Gap43" 0 NA NA NA NA 0 0 "Uqcrc2_noRT" "non-targeting_noRT"
"28954" "4932412D23Rik" 0 NA NA NA NA 0 0 "Uqcrc2_noRT" "non-targeting_noRT"
"28955" "Gm19522" 0 NA NA NA NA 0 0 "Uqcrc2_noRT" "non-targeting_noRT"
"28956" "Gm9968" 0 NA NA NA NA 0 0 "Uqcrc2_noRT" "non-targeting_noRT"
"28957" "Gm15713" 0 NA NA NA NA 0 0 "Uqcrc2_noRT" "non-targeting_noRT"
"28958" "Tigit" 0 NA NA NA NA 0 0 "Uqcrc2_noRT" "non-targeting_noRT"
"28959" "Gm49735" 0 NA NA NA NA 0 0 "Uqcrc2_noRT" "non-targeting_noRT"
"28960" "Drd3" 0 NA NA NA NA 0 0 "Uqcrc2_noRT" "non-targeting_noRT"
"28961" "Gramd1c" 0 NA NA NA NA 0 0 "Uqcrc2_noRT" "non-targeting_noRT"
"28962" "Sidt1" 0 NA NA NA NA 0 0 "Uqcrc2_noRT" "non-targeting_noRT"
"28963" "Cfap44" 0 NA NA NA NA 0 0 "Uqcrc2_noRT" "non-targeting_noRT"
"28964" "Boc" 0 NA NA NA NA 0 0 "Uqcrc2_noRT" "non-targeting_noRT"
"28965" "Cd200r1" 0 NA NA NA NA 0 0 "Uqcrc2_noRT" "non-targeting_noRT"
"28966" "Cd200r4" 0 NA NA NA NA 0 0 "Uqcrc2_noRT" "non-targeting_noRT"
"28967" "Cd200r2" 0 NA NA NA NA 0 0 "Uqcrc2_noRT" "non-targeting_noRT"
"28968" "Cd200r3" 0 NA NA NA NA 0 0 "Uqcrc2_noRT" "non-targeting_noRT"
"28969" "Ccdc80" 0 NA NA NA NA 0 0 "Uqcrc2_noRT" "non-targeting_noRT"
"28970" "Btla" 0 NA NA NA NA 0 0 "Uqcrc2_noRT" "non-targeting_noRT"
"28971" "Gm609" 0 NA NA NA NA 0 0 "Uqcrc2_noRT" "non-targeting_noRT"
"28972" "Gm17783" 0 NA NA NA NA 0 0 "Uqcrc2_noRT" "non-targeting_noRT"
"28973" "Slc9c1" 0 NA NA NA NA 0 0 "Uqcrc2_noRT" "non-targeting_noRT"
"28974" "Gcsam" 0 NA NA NA NA 0 0 "Uqcrc2_noRT" "non-targeting_noRT"
"28975" "BC016579" 0 NA NA NA NA 0 0 "Uqcrc2_noRT" "non-targeting_noRT"
"28976" "Gm15591" 0 NA NA NA NA 0 0 "Uqcrc2_noRT" "non-targeting_noRT"
"28977" "Gm15638" 0 NA NA NA NA 0 0 "Uqcrc2_noRT" "non-targeting_noRT"
"28978" "Cd96" 0 NA NA NA NA 0 0 "Uqcrc2_noRT" "non-targeting_noRT"
"28979" "6430553K19Rik" 0 NA NA NA NA 0 0 "Uqcrc2_noRT" "non-targeting_noRT"
"28980" "Gm5485" 0 NA NA NA NA 0 0 "Uqcrc2_noRT" "non-targeting_noRT"
"28981" "Morc1" 0 NA NA NA NA 0 0 "Uqcrc2_noRT" "non-targeting_noRT"
"28982" "Trat1" 0 NA NA NA NA 0 0 "Uqcrc2_noRT" "non-targeting_noRT"
"28983" "Retnlb" 0 NA NA NA NA 0 0 "Uqcrc2_noRT" "non-targeting_noRT"
"28984" "Retnla" 0 NA NA NA NA 0 0 "Uqcrc2_noRT" "non-targeting_noRT"
"28985" "Retnlg" 0 NA NA NA NA 0 0 "Uqcrc2_noRT" "non-targeting_noRT"
"28986" "Myh15" 0 NA NA NA NA 0 0 "Uqcrc2_noRT" "non-targeting_noRT"
"28987" "1700026J12Rik" 0 NA NA NA NA 0 0 "Uqcrc2_noRT" "non-targeting_noRT"
"28988" "Gm15518" 0 NA NA NA NA 0 0 "Uqcrc2_noRT" "non-targeting_noRT"
"28989" "Ccdc54" 0 NA NA NA NA 0 0 "Uqcrc2_noRT" "non-targeting_noRT"
"28990" "1700116B05Rik" 0 NA NA NA NA 0 0 "Uqcrc2_noRT" "non-targeting_noRT"
"28991" "Gm32431" 0 NA NA NA NA 0 0 "Uqcrc2_noRT" "non-targeting_noRT"
"28992" "Gm29686" 0 NA NA NA NA 0 0 "Uqcrc2_noRT" "non-targeting_noRT"
"28993" "4930404A05Rik" 0 NA NA NA NA 0 0 "Uqcrc2_noRT" "non-targeting_noRT"
"28994" "4930405D01Rik" 0 NA NA NA NA 0 0 "Uqcrc2_noRT" "non-targeting_noRT"
"28995" "Zpld1" 0 NA NA NA NA 0 0 "Uqcrc2_noRT" "non-targeting_noRT"
"28996" "Adgrg7" 0 NA NA NA NA 0 0 "Uqcrc2_noRT" "non-targeting_noRT"
"28997" "Tmem45a" 0 NA NA NA NA 0 0 "Uqcrc2_noRT" "non-targeting_noRT"
"28998" "Gm15839" 0 NA NA NA NA 0 0 "Uqcrc2_noRT" "non-targeting_noRT"
"28999" "Lnp1" 0 NA NA NA NA 0 0 "Uqcrc2_noRT" "non-targeting_noRT"
"29000" "Tmem45a2" 0 NA NA NA NA 0 0 "Uqcrc2_noRT" "non-targeting_noRT"
"29001" "Gm16892" 0 NA NA NA NA 0 0 "Uqcrc2_noRT" "non-targeting_noRT"
"29002" "Gm26800" 0 NA NA NA NA 0 0 "Uqcrc2_noRT" "non-targeting_noRT"
"29003" "4921517D16Rik" 0 NA NA NA NA 0 0 "Uqcrc2_noRT" "non-targeting_noRT"
"29004" "Gm49579" 0 NA NA NA NA 0 0 "Uqcrc2_noRT" "non-targeting_noRT"
"29005" "Col8a1" 0 NA NA NA NA 0 0 "Uqcrc2_noRT" "non-targeting_noRT"
"29006" "Gm49575" 0 NA NA NA NA 0 0 "Uqcrc2_noRT" "non-targeting_noRT"
"29007" "Gm49576" 0 NA NA NA NA 0 0 "Uqcrc2_noRT" "non-targeting_noRT"
"29008" "Gm49574" 0 NA NA NA NA 0 0 "Uqcrc2_noRT" "non-targeting_noRT"
"29009" "E330017A01Rik" 0 NA NA NA NA 0 0 "Uqcrc2_noRT" "non-targeting_noRT"
"29010" "Gm49701" 0 NA NA NA NA 0 0 "Uqcrc2_noRT" "non-targeting_noRT"
"29011" "Gpr15" 0 NA NA NA NA 0 0 "Uqcrc2_noRT" "non-targeting_noRT"
"29012" "Olfr172" 0 NA NA NA NA 0 0 "Uqcrc2_noRT" "non-targeting_noRT"
"29013" "Olfr173" 0 NA NA NA NA 0 0 "Uqcrc2_noRT" "non-targeting_noRT"
"29014" "Olfr175-ps1" 0 NA NA NA NA 0 0 "Uqcrc2_noRT" "non-targeting_noRT"
"29015" "Olfr177" 0 NA NA NA NA 0 0 "Uqcrc2_noRT" "non-targeting_noRT"
"29016" "Olfr178" 0 NA NA NA NA 0 0 "Uqcrc2_noRT" "non-targeting_noRT"
"29017" "Olfr180" 0 NA NA NA NA 0 0 "Uqcrc2_noRT" "non-targeting_noRT"
"29018" "Olfr181" 0 NA NA NA NA 0 0 "Uqcrc2_noRT" "non-targeting_noRT"
"29019" "Olfr183" 0 NA NA NA NA 0 0 "Uqcrc2_noRT" "non-targeting_noRT"
"29020" "Olfr186" 0 NA NA NA NA 0 0 "Uqcrc2_noRT" "non-targeting_noRT"
"29021" "Olfr187" 0 NA NA NA NA 0 0 "Uqcrc2_noRT" "non-targeting_noRT"
"29022" "Olfr190" 0 NA NA NA NA 0 0 "Uqcrc2_noRT" "non-targeting_noRT"
"29023" "Olfr191" 0 NA NA NA NA 0 0 "Uqcrc2_noRT" "non-targeting_noRT"
"29024" "Olfr193" 0 NA NA NA NA 0 0 "Uqcrc2_noRT" "non-targeting_noRT"
"29025" "Olfr194" 0 NA NA NA NA 0 0 "Uqcrc2_noRT" "non-targeting_noRT"
"29026" "Olfr195" 0 NA NA NA NA 0 0 "Uqcrc2_noRT" "non-targeting_noRT"
"29027" "Olfr196" 0 NA NA NA NA 0 0 "Uqcrc2_noRT" "non-targeting_noRT"
"29028" "Olfr198" 0 NA NA NA NA 0 0 "Uqcrc2_noRT" "non-targeting_noRT"
"29029" "Olfr199" 0 NA NA NA NA 0 0 "Uqcrc2_noRT" "non-targeting_noRT"
"29030" "Olfr201" 0 NA NA NA NA 0 0 "Uqcrc2_noRT" "non-targeting_noRT"
"29031" "Olfr202" 0 NA NA NA NA 0 0 "Uqcrc2_noRT" "non-targeting_noRT"
"29032" "Olfr203" 0 NA NA NA NA 0 0 "Uqcrc2_noRT" "non-targeting_noRT"
"29033" "Olfr204" 0 NA NA NA NA 0 0 "Uqcrc2_noRT" "non-targeting_noRT"
"29034" "Olfr205" 0 NA NA NA NA 0 0 "Uqcrc2_noRT" "non-targeting_noRT"
"29035" "Olfr206" 0 NA NA NA NA 0 0 "Uqcrc2_noRT" "non-targeting_noRT"
"29036" "Olfr209" 0 NA NA NA NA 0 0 "Uqcrc2_noRT" "non-targeting_noRT"
"29037" "Gabrr3" 0 NA NA NA NA 0 0 "Uqcrc2_noRT" "non-targeting_noRT"
"29038" "1700022E09Rik" 0 NA NA NA NA 0 0 "Uqcrc2_noRT" "non-targeting_noRT"
"29039" "4930547E14Rik" 0 NA NA NA NA 0 0 "Uqcrc2_noRT" "non-targeting_noRT"
"29040" "Epha6" 0 NA NA NA NA 0 0 "Uqcrc2_noRT" "non-targeting_noRT"
"29041" "Gm9017" 0 NA NA NA NA 0 0 "Uqcrc2_noRT" "non-targeting_noRT"
"29042" "Gm49615" 0 NA NA NA NA 0 0 "Uqcrc2_noRT" "non-targeting_noRT"
"29043" "Stx19" 0 NA NA NA NA 0 0 "Uqcrc2_noRT" "non-targeting_noRT"
"29044" "Gm18870" 0 NA NA NA NA 0 0 "Uqcrc2_noRT" "non-targeting_noRT"
"29045" "Gm33912" 0 NA NA NA NA 0 0 "Uqcrc2_noRT" "non-targeting_noRT"
"29046" "Gm49622" 0 NA NA NA NA 0 0 "Uqcrc2_noRT" "non-targeting_noRT"
"29047" "Epha3" 0 NA NA NA NA 0 0 "Uqcrc2_noRT" "non-targeting_noRT"
"29048" "Csnka2ip" 0 NA NA NA NA 0 0 "Uqcrc2_noRT" "non-targeting_noRT"
"29049" "Htr1f" 0 NA NA NA NA 0 0 "Uqcrc2_noRT" "non-targeting_noRT"
"29050" "Gm49631" 0 NA NA NA NA 0 0 "Uqcrc2_noRT" "non-targeting_noRT"
"29051" "1700010K23Rik" 0 NA NA NA NA 0 0 "Uqcrc2_noRT" "non-targeting_noRT"
"29052" "4933411O13Rik" 0 NA NA NA NA 0 0 "Uqcrc2_noRT" "non-targeting_noRT"
"29053" "Gm49648" 0 NA NA NA NA 0 0 "Uqcrc2_noRT" "non-targeting_noRT"
"29054" "4930428D20Rik" 0 NA NA NA NA 0 0 "Uqcrc2_noRT" "non-targeting_noRT"
"29055" "Speer2" 0 NA NA NA NA 0 0 "Uqcrc2_noRT" "non-targeting_noRT"
"29056" "Gm49655" 0 NA NA NA NA 0 0 "Uqcrc2_noRT" "non-targeting_noRT"
"29057" "D16Ertd519e" 0 NA NA NA NA 0 0 "Uqcrc2_noRT" "non-targeting_noRT"
"29058" "Gm29823" 0 NA NA NA NA 0 0 "Uqcrc2_noRT" "non-targeting_noRT"
"29059" "4931420L22Rik" 0 NA NA NA NA 0 0 "Uqcrc2_noRT" "non-targeting_noRT"
"29060" "4930567J20Rik" 0 NA NA NA NA 0 0 "Uqcrc2_noRT" "non-targeting_noRT"
"29061" "8030451O07Rik" 0 NA NA NA NA 0 0 "Uqcrc2_noRT" "non-targeting_noRT"
"29062" "Robo1" 0 NA NA NA NA 0 0 "Uqcrc2_noRT" "non-targeting_noRT"
"29063" "4930500H12Rik" 0 NA NA NA NA 0 0 "Uqcrc2_noRT" "non-targeting_noRT"
"29064" "Robo2" 0 NA NA NA NA 0 0 "Uqcrc2_noRT" "non-targeting_noRT"
"29065" "Gm49678" 0 NA NA NA NA 0 0 "Uqcrc2_noRT" "non-targeting_noRT"
"29066" "Lipi" 0 NA NA NA NA 0 0 "Uqcrc2_noRT" "non-targeting_noRT"
"29067" "Rbm11" 0 NA NA NA NA 0 0 "Uqcrc2_noRT" "non-targeting_noRT"
"29068" "Samsn1" 0 NA NA NA NA 0 0 "Uqcrc2_noRT" "non-targeting_noRT"
"29069" "Gm15555" 0 NA NA NA NA 0 0 "Uqcrc2_noRT" "non-targeting_noRT"
"29070" "4930578N18Rik" 0 NA NA NA NA 0 0 "Uqcrc2_noRT" "non-targeting_noRT"
"29071" "Gm49587" 0 NA NA NA NA 0 0 "Uqcrc2_noRT" "non-targeting_noRT"
"29072" "Gm45030" 0 NA NA NA NA 0 0 "Uqcrc2_noRT" "non-targeting_noRT"
"29073" "Gm30726" 0 NA NA NA NA 0 0 "Uqcrc2_noRT" "non-targeting_noRT"
"29074" "Gm45029" 0 NA NA NA NA 0 0 "Uqcrc2_noRT" "non-targeting_noRT"
"29075" "1700041M19Rik" 0 NA NA NA NA 0 0 "Uqcrc2_noRT" "non-targeting_noRT"
"29076" "Gm11146" 0 NA NA NA NA 0 0 "Uqcrc2_noRT" "non-targeting_noRT"
"29077" "Gm17333" 0 NA NA NA NA 0 0 "Uqcrc2_noRT" "non-targeting_noRT"
"29078" "E330011O21Rik" 0 NA NA NA NA 0 0 "Uqcrc2_noRT" "non-targeting_noRT"
"29079" "4930478L05Rik" 0 NA NA NA NA 0 0 "Uqcrc2_noRT" "non-targeting_noRT"
"29080" "4930570E03Rik" 0 NA NA NA NA 0 0 "Uqcrc2_noRT" "non-targeting_noRT"
"29081" "Chodl" 0 NA NA NA NA 0 0 "Uqcrc2_noRT" "non-targeting_noRT"
"29082" "Tmprss15" 0 NA NA NA NA 0 0 "Uqcrc2_noRT" "non-targeting_noRT"
"29083" "1700066C05Rik" 0 NA NA NA NA 0 0 "Uqcrc2_noRT" "non-targeting_noRT"
"29084" "Gm49560" 0 NA NA NA NA 0 0 "Uqcrc2_noRT" "non-targeting_noRT"
"29085" "Gm41480" 0 NA NA NA NA 0 0 "Uqcrc2_noRT" "non-targeting_noRT"
"29086" "Gm21833" 0 NA NA NA NA 0 0 "Uqcrc2_noRT" "non-targeting_noRT"
"29087" "Gm41481" 0 NA NA NA NA 0 0 "Uqcrc2_noRT" "non-targeting_noRT"
"29088" "4930553E22Rik" 0 NA NA NA NA 0 0 "Uqcrc2_noRT" "non-targeting_noRT"
"29089" "A730009L09Rik" 0 NA NA NA NA 0 0 "Uqcrc2_noRT" "non-targeting_noRT"
"29090" "4930551I23Rik" 0 NA NA NA NA 0 0 "Uqcrc2_noRT" "non-targeting_noRT"
"29091" "Mir155hg" 0 NA NA NA NA 0 0 "Uqcrc2_noRT" "non-targeting_noRT"
"29092" "Gm49227" 0 NA NA NA NA 0 0 "Uqcrc2_noRT" "non-targeting_noRT"
"29093" "Gm49226" 0 NA NA NA NA 0 0 "Uqcrc2_noRT" "non-targeting_noRT"
"29094" "Cyyr1" 0 NA NA NA NA 0 0 "Uqcrc2_noRT" "non-targeting_noRT"
"29095" "4930556C24Rik" 0 NA NA NA NA 0 0 "Uqcrc2_noRT" "non-targeting_noRT"
"29096" "1700007H22Rik" 0 NA NA NA NA 0 0 "Uqcrc2_noRT" "non-targeting_noRT"
"29097" "Gm32357" 0 NA NA NA NA 0 0 "Uqcrc2_noRT" "non-targeting_noRT"
"29098" "Gm32461" 0 NA NA NA NA 0 0 "Uqcrc2_noRT" "non-targeting_noRT"
"29099" "Gm32624" 0 NA NA NA NA 0 0 "Uqcrc2_noRT" "non-targeting_noRT"
"29100" "Gm32865" 0 NA NA NA NA 0 0 "Uqcrc2_noRT" "non-targeting_noRT"
"29101" "Map3k7cl" 0 NA NA NA NA 0 0 "Uqcrc2_noRT" "non-targeting_noRT"
"29102" "2810407A14Rik" 0 NA NA NA NA 0 0 "Uqcrc2_noRT" "non-targeting_noRT"
"29103" "Grik1" 0 NA NA NA NA 0 0 "Uqcrc2_noRT" "non-targeting_noRT"
"29104" "Gm33255" 0 NA NA NA NA 0 0 "Uqcrc2_noRT" "non-targeting_noRT"
"29105" "4930420G21Rik" 0 NA NA NA NA 0 0 "Uqcrc2_noRT" "non-targeting_noRT"
"29106" "Cldn17" 0 NA NA NA NA 0 0 "Uqcrc2_noRT" "non-targeting_noRT"
"29107" "Cldn8" 0 NA NA NA NA 0 0 "Uqcrc2_noRT" "non-targeting_noRT"
"29108" "Gm49688" 0 NA NA NA NA 0 0 "Uqcrc2_noRT" "non-targeting_noRT"
"29109" "Krtap24-1" 0 NA NA NA NA 0 0 "Uqcrc2_noRT" "non-targeting_noRT"
"29110" "2310079G19Rik" 0 NA NA NA NA 0 0 "Uqcrc2_noRT" "non-targeting_noRT"
"29111" "Krtap26-1" 0 NA NA NA NA 0 0 "Uqcrc2_noRT" "non-targeting_noRT"
"29112" "Krtap27-1" 0 NA NA NA NA 0 0 "Uqcrc2_noRT" "non-targeting_noRT"
"29113" "2310061N02Rik" 0 NA NA NA NA 0 0 "Uqcrc2_noRT" "non-targeting_noRT"
"29114" "Krtap13-1" 0 NA NA NA NA 0 0 "Uqcrc2_noRT" "non-targeting_noRT"
"29115" "Krtap13" 0 NA NA NA NA 0 0 "Uqcrc2_noRT" "non-targeting_noRT"
"29116" "2310034C09Rik" 0 NA NA NA NA 0 0 "Uqcrc2_noRT" "non-targeting_noRT"
"29117" "2310057N15Rik" 0 NA NA NA NA 0 0 "Uqcrc2_noRT" "non-targeting_noRT"
"29118" "Gm5965" 0 NA NA NA NA 0 0 "Uqcrc2_noRT" "non-targeting_noRT"
"29119" "4930553J12Rik" 0 NA NA NA NA 0 0 "Uqcrc2_noRT" "non-targeting_noRT"
"29120" "Gm20741" 0 NA NA NA NA 0 0 "Uqcrc2_noRT" "non-targeting_noRT"
"29121" "Krtap14" 0 NA NA NA NA 0 0 "Uqcrc2_noRT" "non-targeting_noRT"
"29122" "Krtap15" 0 NA NA NA NA 0 0 "Uqcrc2_noRT" "non-targeting_noRT"
"29123" "Krtap19-1" 0 NA NA NA NA 0 0 "Uqcrc2_noRT" "non-targeting_noRT"
"29124" "Krtap19-2" 0 NA NA NA NA 0 0 "Uqcrc2_noRT" "non-targeting_noRT"
"29125" "Krtap19-3" 0 NA NA NA NA 0 0 "Uqcrc2_noRT" "non-targeting_noRT"
"29126" "Krtap19-4" 0 NA NA NA NA 0 0 "Uqcrc2_noRT" "non-targeting_noRT"
"29127" "Krtap19-5" 0 NA NA NA NA 0 0 "Uqcrc2_noRT" "non-targeting_noRT"
"29128" "Krtap19-9b" 0 NA NA NA NA 0 0 "Uqcrc2_noRT" "non-targeting_noRT"
"29129" "Krtap16-3" 0 NA NA NA NA 0 0 "Uqcrc2_noRT" "non-targeting_noRT"
"29130" "Krtap22-2" 0 NA NA NA NA 0 0 "Uqcrc2_noRT" "non-targeting_noRT"
"29131" "Gm10229" 0 NA NA NA NA 0 0 "Uqcrc2_noRT" "non-targeting_noRT"
"29132" "Krtap6-1" 0 NA NA NA NA 0 0 "Uqcrc2_noRT" "non-targeting_noRT"
"29133" "Gm10228" 0 NA NA NA NA 0 0 "Uqcrc2_noRT" "non-targeting_noRT"
"29134" "Krtap6-5" 0 NA NA NA NA 0 0 "Uqcrc2_noRT" "non-targeting_noRT"
"29135" "1110025L11Rik" 0 NA NA NA NA 0 0 "Uqcrc2_noRT" "non-targeting_noRT"
"29136" "Krtap6-3" 0 NA NA NA NA 0 0 "Uqcrc2_noRT" "non-targeting_noRT"
"29137" "Gm6358" 0 NA NA NA NA 0 0 "Uqcrc2_noRT" "non-targeting_noRT"
"29138" "Gm10061" 0 NA NA NA NA 0 0 "Uqcrc2_noRT" "non-targeting_noRT"
"29139" "Gm9789" 0 NA NA NA NA 0 0 "Uqcrc2_noRT" "non-targeting_noRT"
"29140" "Gm7735" 0 NA NA NA NA 0 0 "Uqcrc2_noRT" "non-targeting_noRT"
"29141" "1110057P08Rik" 0 NA NA NA NA 0 0 "Uqcrc2_noRT" "non-targeting_noRT"
"29142" "Krtap20-2" 0 NA NA NA NA 0 0 "Uqcrc2_noRT" "non-targeting_noRT"
"29143" "Krtap21-1" 0 NA NA NA NA 0 0 "Uqcrc2_noRT" "non-targeting_noRT"
"29144" "Krtap6-2" 0 NA NA NA NA 0 0 "Uqcrc2_noRT" "non-targeting_noRT"
"29145" "Krtap8-1" 0 NA NA NA NA 0 0 "Uqcrc2_noRT" "non-targeting_noRT"
"29146" "Krtap7-1" 0 NA NA NA NA 0 0 "Uqcrc2_noRT" "non-targeting_noRT"
"29147" "Krtap11-1" 0 NA NA NA NA 0 0 "Uqcrc2_noRT" "non-targeting_noRT"
"29148" "Gm49696" 0 NA NA NA NA 0 0 "Uqcrc2_noRT" "non-targeting_noRT"
"29149" "Gm49707" 0 NA NA NA NA 0 0 "Uqcrc2_noRT" "non-targeting_noRT"
"29150" "Gm49709" 0 NA NA NA NA 0 0 "Uqcrc2_noRT" "non-targeting_noRT"
"29151" "Gm49710" 0 NA NA NA NA 0 0 "Uqcrc2_noRT" "non-targeting_noRT"
"29152" "Hunk" 0 NA NA NA NA 0 0 "Uqcrc2_noRT" "non-targeting_noRT"
"29153" "Gm36001" 0 NA NA NA NA 0 0 "Uqcrc2_noRT" "non-targeting_noRT"
"29154" "1110008E08Rik" 0 NA NA NA NA 0 0 "Uqcrc2_noRT" "non-targeting_noRT"
"29155" "Gm49714" 0 NA NA NA NA 0 0 "Uqcrc2_noRT" "non-targeting_noRT"
"29156" "Gm36169" 0 NA NA NA NA 0 0 "Uqcrc2_noRT" "non-targeting_noRT"
"29157" "Gm49715" 0 NA NA NA NA 0 0 "Uqcrc2_noRT" "non-targeting_noRT"
"29158" "Mrap" 0 NA NA NA NA 0 0 "Uqcrc2_noRT" "non-targeting_noRT"
"29159" "Gm36363" 0 NA NA NA NA 0 0 "Uqcrc2_noRT" "non-targeting_noRT"
"29160" "4930534H18Rik" 0 NA NA NA NA 0 0 "Uqcrc2_noRT" "non-targeting_noRT"
"29161" "4930404I05Rik" 0 NA NA NA NA 0 0 "Uqcrc2_noRT" "non-targeting_noRT"
"29162" "4931406G06Rik" 0 NA NA NA NA 0 0 "Uqcrc2_noRT" "non-targeting_noRT"
"29163" "Gm15966" 0 NA NA NA NA 0 0 "Uqcrc2_noRT" "non-targeting_noRT"
"29164" "Gm49625" 0 NA NA NA NA 0 0 "Uqcrc2_noRT" "non-targeting_noRT"
"29165" "A930006K02Rik" 0 NA NA NA NA 0 0 "Uqcrc2_noRT" "non-targeting_noRT"
"29166" "Gm15964" 0 NA NA NA NA 0 0 "Uqcrc2_noRT" "non-targeting_noRT"
"29167" "Gm15976" 0 NA NA NA NA 0 0 "Uqcrc2_noRT" "non-targeting_noRT"
"29168" "D430001F17Rik" 0 NA NA NA NA 0 0 "Uqcrc2_noRT" "non-targeting_noRT"
"29169" "Gm41496" 0 NA NA NA NA 0 0 "Uqcrc2_noRT" "non-targeting_noRT"
"29170" "Gm41495" 0 NA NA NA NA 0 0 "Uqcrc2_noRT" "non-targeting_noRT"
"29171" "Gm29880" 0 NA NA NA NA 0 0 "Uqcrc2_noRT" "non-targeting_noRT"
"29172" "Kcne2" 0 NA NA NA NA 0 0 "Uqcrc2_noRT" "non-targeting_noRT"
"29173" "1700048M11Rik" 0 NA NA NA NA 0 0 "Uqcrc2_noRT" "non-targeting_noRT"
"29174" "Fam243" 0 NA NA NA NA 0 0 "Uqcrc2_noRT" "non-targeting_noRT"
"29175" "Kcne1" 0 NA NA NA NA 0 0 "Uqcrc2_noRT" "non-targeting_noRT"
"29176" "Gm29805" 0 NA NA NA NA 0 0 "Uqcrc2_noRT" "non-targeting_noRT"
"29177" "Gm46555" 0 NA NA NA NA 0 0 "Uqcrc2_noRT" "non-targeting_noRT"
"29178" "2410124H12Rik" 0 NA NA NA NA 0 0 "Uqcrc2_noRT" "non-targeting_noRT"
"29179" "Clic6" 0 NA NA NA NA 0 0 "Uqcrc2_noRT" "non-targeting_noRT"
"29180" "Gm49722" 0 NA NA NA NA 0 0 "Uqcrc2_noRT" "non-targeting_noRT"
"29181" "Gm26626" 0 NA NA NA NA 0 0 "Uqcrc2_noRT" "non-targeting_noRT"
"29182" "Gm49723" 0 NA NA NA NA 0 0 "Uqcrc2_noRT" "non-targeting_noRT"
"29183" "1810053B23Rik" 0 NA NA NA NA 0 0 "Uqcrc2_noRT" "non-targeting_noRT"
"29184" "1810044K17Rik" 0 NA NA NA NA 0 0 "Uqcrc2_noRT" "non-targeting_noRT"
"29185" "1700029J03Rik" 0 NA NA NA NA 0 0 "Uqcrc2_noRT" "non-targeting_noRT"
"29186" "Gm30695" 0 NA NA NA NA 0 0 "Uqcrc2_noRT" "non-targeting_noRT"
"29187" "Gm49725" 0 NA NA NA NA 0 0 "Uqcrc2_noRT" "non-targeting_noRT"
"29188" "Gm49961" 0 NA NA NA NA 0 0 "Uqcrc2_noRT" "non-targeting_noRT"
"29189" "Cbr1" 0 NA NA NA NA 0 0 "Uqcrc2_noRT" "non-targeting_noRT"
"29190" "Gm5678" 0 NA NA NA NA 0 0 "Uqcrc2_noRT" "non-targeting_noRT"
"29191" "2310043M15Rik" 0 NA NA NA NA 0 0 "Uqcrc2_noRT" "non-targeting_noRT"
"29192" "Gm30881" 0 NA NA NA NA 0 0 "Uqcrc2_noRT" "non-targeting_noRT"
"29193" "Gm49617" 0 NA NA NA NA 0 0 "Uqcrc2_noRT" "non-targeting_noRT"
"29194" "Gm49618" 0 NA NA NA NA 0 0 "Uqcrc2_noRT" "non-targeting_noRT"
"29195" "2410003I16Rik" 0 NA NA NA NA 0 0 "Uqcrc2_noRT" "non-targeting_noRT"
"29196" "Gm49620" 0 NA NA NA NA 0 0 "Uqcrc2_noRT" "non-targeting_noRT"
"29197" "Sim2" 0 NA NA NA NA 0 0 "Uqcrc2_noRT" "non-targeting_noRT"
"29198" "Gm48984" 0 NA NA NA NA 0 0 "Uqcrc2_noRT" "non-targeting_noRT"
"29199" "Ripply3" 0 NA NA NA NA 0 0 "Uqcrc2_noRT" "non-targeting_noRT"
"29200" "Gm31323" 0 NA NA NA NA 0 0 "Uqcrc2_noRT" "non-targeting_noRT"
"29201" "Gm41505" 0 NA NA NA NA 0 0 "Uqcrc2_noRT" "non-targeting_noRT"
"29202" "Kcnj6" 0 NA NA NA NA 0 0 "Uqcrc2_noRT" "non-targeting_noRT"
"29203" "Gm31641" 0 NA NA NA NA 0 0 "Uqcrc2_noRT" "non-targeting_noRT"
"29204" "Kcnj15" 0 NA NA NA NA 0 0 "Uqcrc2_noRT" "non-targeting_noRT"
"29205" "Gm49643" 0 NA NA NA NA 0 0 "Uqcrc2_noRT" "non-targeting_noRT"
"29206" "Erg" 0 NA NA NA NA 0 0 "Uqcrc2_noRT" "non-targeting_noRT"
"29207" "2810404F17Rik" 0 NA NA NA NA 0 0 "Uqcrc2_noRT" "non-targeting_noRT"
"29208" "Gm15340" 0 NA NA NA NA 0 0 "Uqcrc2_noRT" "non-targeting_noRT"
"29209" "Gm15342" 0 NA NA NA NA 0 0 "Uqcrc2_noRT" "non-targeting_noRT"
"29210" "1700093J21Rik" 0 NA NA NA NA 0 0 "Uqcrc2_noRT" "non-targeting_noRT"
"29211" "Gm49953" 0 NA NA NA NA 0 0 "Uqcrc2_noRT" "non-targeting_noRT"
"29212" "Gm49928" 0 NA NA NA NA 0 0 "Uqcrc2_noRT" "non-targeting_noRT"
"29213" "Sh3bgr" 0 NA NA NA NA 0 0 "Uqcrc2_noRT" "non-targeting_noRT"
"29214" "B3galt5" 0 NA NA NA NA 0 0 "Uqcrc2_noRT" "non-targeting_noRT"
"29215" "Igsf5" 0 NA NA NA NA 0 0 "Uqcrc2_noRT" "non-targeting_noRT"
"29216" "Itgb2l" 0 NA NA NA NA 0 0 "Uqcrc2_noRT" "non-targeting_noRT"
"29217" "Pcp4" 0 NA NA NA NA 0 0 "Uqcrc2_noRT" "non-targeting_noRT"
"29218" "Dscam" 0 NA NA NA NA 0 0 "Uqcrc2_noRT" "non-targeting_noRT"
"29219" "Gm49907" 0 NA NA NA NA 0 0 "Uqcrc2_noRT" "non-targeting_noRT"
"29220" "Gm32509" 0 NA NA NA NA 0 0 "Uqcrc2_noRT" "non-targeting_noRT"
"29221" "Gm32432" 0 NA NA NA NA 0 0 "Uqcrc2_noRT" "non-targeting_noRT"
"29222" "Bace2" 0 NA NA NA NA 0 0 "Uqcrc2_noRT" "non-targeting_noRT"
"29223" "Fam3b" 0 NA NA NA NA 0 0 "Uqcrc2_noRT" "non-targeting_noRT"
"29224" "Tmprss2" 0 NA NA NA NA 0 0 "Uqcrc2_noRT" "non-targeting_noRT"
"29225" "Ripk4" 0 NA NA NA NA 0 0 "Uqcrc2_noRT" "non-targeting_noRT"
"29226" "C2cd2" 0 NA NA NA NA 0 0 "Uqcrc2_noRT" "non-targeting_noRT"
"29227" "Gm34035" 0 NA NA NA NA 0 0 "Uqcrc2_noRT" "non-targeting_noRT"
"29228" "Cldn20" 0 NA NA NA NA 0 0 "Uqcrc2_noRT" "non-targeting_noRT"
"29229" "Nox3" 0 NA NA NA NA 0 0 "Uqcrc2_noRT" "non-targeting_noRT"
"29230" "4930470H14Rik" 0 NA NA NA NA 0 0 "Uqcrc2_noRT" "non-targeting_noRT"
"29231" "4930548J01Rik" 0 NA NA NA NA 0 0 "Uqcrc2_noRT" "non-targeting_noRT"
"29232" "4930517M08Rik" 0 NA NA NA NA 0 0 "Uqcrc2_noRT" "non-targeting_noRT"
"29233" "4930579D07Rik" 0 NA NA NA NA 0 0 "Uqcrc2_noRT" "non-targeting_noRT"
"29234" "Gm41517" 0 NA NA NA NA 0 0 "Uqcrc2_noRT" "non-targeting_noRT"
"29235" "Gm29050" 0 NA NA NA NA 0 0 "Uqcrc2_noRT" "non-targeting_noRT"
"29236" "Sytl3" 0 NA NA NA NA 0 0 "Uqcrc2_noRT" "non-targeting_noRT"
"29237" "4933426B08Rik" 0 NA NA NA NA 0 0 "Uqcrc2_noRT" "non-targeting_noRT"
"29238" "1700122H20Rik" 0 NA NA NA NA 0 0 "Uqcrc2_noRT" "non-targeting_noRT"
"29239" "Gm49719" 0 NA NA NA NA 0 0 "Uqcrc2_noRT" "non-targeting_noRT"
"29240" "Gm1604b" 0 NA NA NA NA 0 0 "Uqcrc2_noRT" "non-targeting_noRT"
"29241" "Rps6ka2" 0 NA NA NA NA 0 0 "Uqcrc2_noRT" "non-targeting_noRT"
"29242" "Tcp10a" 0 NA NA NA NA 0 0 "Uqcrc2_noRT" "non-targeting_noRT"
"29243" "Ttll2" 0 NA NA NA NA 0 0 "Uqcrc2_noRT" "non-targeting_noRT"
"29244" "Unc93a2" 0 NA NA NA NA 0 0 "Uqcrc2_noRT" "non-targeting_noRT"
"29245" "Gm33086" 0 NA NA NA NA 0 0 "Uqcrc2_noRT" "non-targeting_noRT"
"29246" "Gm49632" 0 NA NA NA NA 0 0 "Uqcrc2_noRT" "non-targeting_noRT"
"29247" "Fndc1" 0 NA NA NA NA 0 0 "Uqcrc2_noRT" "non-targeting_noRT"
"29248" "E430024P14Rik" 0 NA NA NA NA 0 0 "Uqcrc2_noRT" "non-targeting_noRT"
"29249" "Tagap" 0 NA NA NA NA 0 0 "Uqcrc2_noRT" "non-targeting_noRT"
"29250" "Gm1604a" 0 NA NA NA NA 0 0 "Uqcrc2_noRT" "non-targeting_noRT"
"29251" "Ccr6" 0 NA NA NA NA 0 0 "Uqcrc2_noRT" "non-targeting_noRT"
"29252" "T2" 0 NA NA NA NA 0 0 "Uqcrc2_noRT" "non-targeting_noRT"
"29253" "T" 0 NA NA NA NA 0 0 "Uqcrc2_noRT" "non-targeting_noRT"
"29254" "Gm17087" 0 NA NA NA NA 0 0 "Uqcrc2_noRT" "non-targeting_noRT"
"29255" "6530411M01Rik" 0 NA NA NA NA 0 0 "Uqcrc2_noRT" "non-targeting_noRT"
"29256" "C87487" 0 NA NA NA NA 0 0 "Uqcrc2_noRT" "non-targeting_noRT"
"29257" "Gm17728" 0 NA NA NA NA 0 0 "Uqcrc2_noRT" "non-targeting_noRT"
"29258" "Gm49807" 0 NA NA NA NA 0 0 "Uqcrc2_noRT" "non-targeting_noRT"
"29259" "Pabpc6" 0 NA NA NA NA 0 0 "Uqcrc2_noRT" "non-targeting_noRT"
"29260" "Gm34684" 0 NA NA NA NA 0 0 "Uqcrc2_noRT" "non-targeting_noRT"
"29261" "Gm49808" 0 NA NA NA NA 0 0 "Uqcrc2_noRT" "non-targeting_noRT"
"29262" "Gm34799" 0 NA NA NA NA 0 0 "Uqcrc2_noRT" "non-targeting_noRT"
"29263" "1700110C19Rik" 0 NA NA NA NA 0 0 "Uqcrc2_noRT" "non-targeting_noRT"
"29264" "Pacrg" 0 NA NA NA NA 0 0 "Uqcrc2_noRT" "non-targeting_noRT"
"29265" "A230009B12Rik" 0 NA NA NA NA 0 0 "Uqcrc2_noRT" "non-targeting_noRT"
"29266" "Gm16168" 0 NA NA NA NA 0 0 "Uqcrc2_noRT" "non-targeting_noRT"
"29267" "Gm16169" 0 NA NA NA NA 0 0 "Uqcrc2_noRT" "non-targeting_noRT"
"29268" "Gm28505" 0 NA NA NA NA 0 0 "Uqcrc2_noRT" "non-targeting_noRT"
"29269" "Gm49964" 0 NA NA NA NA 0 0 "Uqcrc2_noRT" "non-targeting_noRT"
"29270" "Plg" 0 NA NA NA NA 0 0 "Uqcrc2_noRT" "non-targeting_noRT"
"29271" "Slc22a3" 0 NA NA NA NA 0 0 "Uqcrc2_noRT" "non-targeting_noRT"
"29272" "C030013G03Rik" 0 NA NA NA NA 0 0 "Uqcrc2_noRT" "non-targeting_noRT"
"29273" "Slc22a2" 0 NA NA NA NA 0 0 "Uqcrc2_noRT" "non-targeting_noRT"
"29274" "Slc22a1" 0 NA NA NA NA 0 0 "Uqcrc2_noRT" "non-targeting_noRT"
"29275" "Gm49959" 0 NA NA NA NA 0 0 "Uqcrc2_noRT" "non-targeting_noRT"
"29276" "Gm49958" 0 NA NA NA NA 0 0 "Uqcrc2_noRT" "non-targeting_noRT"
"29277" "Mas1" 0 NA NA NA NA 0 0 "Uqcrc2_noRT" "non-targeting_noRT"
"29278" "Mrgprh" 0 NA NA NA NA 0 0 "Uqcrc2_noRT" "non-targeting_noRT"
"29279" "Pnldc1" 0 NA NA NA NA 0 0 "Uqcrc2_noRT" "non-targeting_noRT"
"29280" "Gm49926" 0 NA NA NA NA 0 0 "Uqcrc2_noRT" "non-targeting_noRT"
"29281" "Acat3" 0 NA NA NA NA 0 0 "Uqcrc2_noRT" "non-targeting_noRT"
"29282" "Gpr31b" 0 NA NA NA NA 0 0 "Uqcrc2_noRT" "non-targeting_noRT"
"29283" "Tcp10b" 0 NA NA NA NA 0 0 "Uqcrc2_noRT" "non-targeting_noRT"
"29284" "Unc93a" 0 NA NA NA NA 0 0 "Uqcrc2_noRT" "non-targeting_noRT"
"29285" "Gm49898" 0 NA NA NA NA 0 0 "Uqcrc2_noRT" "non-targeting_noRT"
"29286" "Smok2a" 0 NA NA NA NA 0 0 "Uqcrc2_noRT" "non-targeting_noRT"
"29287" "Smok2b" 0 NA NA NA NA 0 0 "Uqcrc2_noRT" "non-targeting_noRT"
"29288" "Gm36684" 0 NA NA NA NA 0 0 "Uqcrc2_noRT" "non-targeting_noRT"
"29289" "Tcp10c" 0 NA NA NA NA 0 0 "Uqcrc2_noRT" "non-targeting_noRT"
"29290" "Gm16050" 0 NA NA NA NA 0 0 "Uqcrc2_noRT" "non-targeting_noRT"
"29291" "Gm16046" 0 NA NA NA NA 0 0 "Uqcrc2_noRT" "non-targeting_noRT"
"29292" "Gm7168" 0 NA NA NA NA 0 0 "Uqcrc2_noRT" "non-targeting_noRT"
"29293" "Gm7356" 0 NA NA NA NA 0 0 "Uqcrc2_noRT" "non-targeting_noRT"
"29294" "Gm7358" 0 NA NA NA NA 0 0 "Uqcrc2_noRT" "non-targeting_noRT"
"29295" "Dact2" 0 NA NA NA NA 0 0 "Uqcrc2_noRT" "non-targeting_noRT"
"29296" "Gm34510" 0 NA NA NA NA 0 0 "Uqcrc2_noRT" "non-targeting_noRT"
"29297" "Gm34567" 0 NA NA NA NA 0 0 "Uqcrc2_noRT" "non-targeting_noRT"
"29298" "Smoc2" 0 NA NA NA NA 0 0 "Uqcrc2_noRT" "non-targeting_noRT"
"29299" "4930474M22Rik" 0 NA NA NA NA 0 0 "Uqcrc2_noRT" "non-targeting_noRT"
"29300" "Gm38551" 0 NA NA NA NA 0 0 "Uqcrc2_noRT" "non-targeting_noRT"
"29301" "Gm35455" 0 NA NA NA NA 0 0 "Uqcrc2_noRT" "non-targeting_noRT"
"29302" "Gm5091" 0 NA NA NA NA 0 0 "Uqcrc2_noRT" "non-targeting_noRT"
"29303" "Gm35576" 0 NA NA NA NA 0 0 "Uqcrc2_noRT" "non-targeting_noRT"
"29304" "Gm49668" 0 NA NA NA NA 0 0 "Uqcrc2_noRT" "non-targeting_noRT"
"29305" "4933401D09Rik" 0 NA NA NA NA 0 0 "Uqcrc2_noRT" "non-targeting_noRT"
"29306" "Gm49778" 0 NA NA NA NA 0 0 "Uqcrc2_noRT" "non-targeting_noRT"
"29307" "AC154200.1" 0 NA NA NA NA 0 0 "Uqcrc2_noRT" "non-targeting_noRT"
"29308" "Gm26873" 0 NA NA NA NA 0 0 "Uqcrc2_noRT" "non-targeting_noRT"
"29309" "Vmn2r90" 0 NA NA NA NA 0 0 "Uqcrc2_noRT" "non-targeting_noRT"
"29310" "Has1" 0 NA NA NA NA 0 0 "Uqcrc2_noRT" "non-targeting_noRT"
"29311" "Fpr1" 0 NA NA NA NA 0 0 "Uqcrc2_noRT" "non-targeting_noRT"
"29312" "Fpr2" 0 NA NA NA NA 0 0 "Uqcrc2_noRT" "non-targeting_noRT"
"29313" "Fpr3" 0 NA NA NA NA 0 0 "Uqcrc2_noRT" "non-targeting_noRT"
"29314" "Fpr-rs4" 0 NA NA NA NA 0 0 "Uqcrc2_noRT" "non-targeting_noRT"
"29315" "Vmn2r91" 0 NA NA NA NA 0 0 "Uqcrc2_noRT" "non-targeting_noRT"
"29316" "Vmn2r92" 0 NA NA NA NA 0 0 "Uqcrc2_noRT" "non-targeting_noRT"
"29317" "Vmn2r94" 0 NA NA NA NA 0 0 "Uqcrc2_noRT" "non-targeting_noRT"
"29318" "Vmn2r93" 0 NA NA NA NA 0 0 "Uqcrc2_noRT" "non-targeting_noRT"
"29319" "Vmn2r95" 0 NA NA NA NA 0 0 "Uqcrc2_noRT" "non-targeting_noRT"
"29320" "Vmn2r96" 0 NA NA NA NA 0 0 "Uqcrc2_noRT" "non-targeting_noRT"
"29321" "Vmn2r97" 0 NA NA NA NA 0 0 "Uqcrc2_noRT" "non-targeting_noRT"
"29322" "Vmn2r98" 0 NA NA NA NA 0 0 "Uqcrc2_noRT" "non-targeting_noRT"
"29323" "Gm49753" 0 NA NA NA NA 0 0 "Uqcrc2_noRT" "non-targeting_noRT"
"29324" "Vmn2r99" 0 NA NA NA NA 0 0 "Uqcrc2_noRT" "non-targeting_noRT"
"29325" "4930549P19Rik" 0 NA NA NA NA 0 0 "Uqcrc2_noRT" "non-targeting_noRT"
"29326" "Vmn2r100" 0 NA NA NA NA 0 0 "Uqcrc2_noRT" "non-targeting_noRT"
"29327" "Vmn2r101" 0 NA NA NA NA 0 0 "Uqcrc2_noRT" "non-targeting_noRT"
"29328" "Vmn2r102" 0 NA NA NA NA 0 0 "Uqcrc2_noRT" "non-targeting_noRT"
"29329" "Vmn2r103" 0 NA NA NA NA 0 0 "Uqcrc2_noRT" "non-targeting_noRT"
"29330" "Vmn2r104" 0 NA NA NA NA 0 0 "Uqcrc2_noRT" "non-targeting_noRT"
"29331" "Fpr-rs7" 0 NA NA NA NA 0 0 "Uqcrc2_noRT" "non-targeting_noRT"
"29332" "Fpr-rs6" 0 NA NA NA NA 0 0 "Uqcrc2_noRT" "non-targeting_noRT"
"29333" "Vmn2r105" 0 NA NA NA NA 0 0 "Uqcrc2_noRT" "non-targeting_noRT"
"29334" "Vmn2r106" 0 NA NA NA NA 0 0 "Uqcrc2_noRT" "non-targeting_noRT"
"29335" "Vmn2r107" 0 NA NA NA NA 0 0 "Uqcrc2_noRT" "non-targeting_noRT"
"29336" "Vmn1r224" 0 NA NA NA NA 0 0 "Uqcrc2_noRT" "non-targeting_noRT"
"29337" "Vmn2r108" 0 NA NA NA NA 0 0 "Uqcrc2_noRT" "non-targeting_noRT"
"29338" "Vmn1r225" 0 NA NA NA NA 0 0 "Uqcrc2_noRT" "non-targeting_noRT"
"29339" "Vmn2r109" 0 NA NA NA NA 0 0 "Uqcrc2_noRT" "non-targeting_noRT"
"29340" "Vmn2r110" 0 NA NA NA NA 0 0 "Uqcrc2_noRT" "non-targeting_noRT"
"29341" "Fpr-rs3" 0 NA NA NA NA 0 0 "Uqcrc2_noRT" "non-targeting_noRT"
"29342" "Vmn1r226" 0 NA NA NA NA 0 0 "Uqcrc2_noRT" "non-targeting_noRT"
"29343" "Vmn1r227" 0 NA NA NA NA 0 0 "Uqcrc2_noRT" "non-targeting_noRT"
"29344" "Vmn1r228" 0 NA NA NA NA 0 0 "Uqcrc2_noRT" "non-targeting_noRT"
"29345" "Vmn1r229" 0 NA NA NA NA 0 0 "Uqcrc2_noRT" "non-targeting_noRT"
"29346" "Vmn1r230" 0 NA NA NA NA 0 0 "Uqcrc2_noRT" "non-targeting_noRT"
"29347" "Vmn1r231" 0 NA NA NA NA 0 0 "Uqcrc2_noRT" "non-targeting_noRT"
"29348" "Gm49761" 0 NA NA NA NA 0 0 "Uqcrc2_noRT" "non-targeting_noRT"
"29349" "Vmn1r232" 0 NA NA NA NA 0 0 "Uqcrc2_noRT" "non-targeting_noRT"
"29350" "Vmn1r233" 0 NA NA NA NA 0 0 "Uqcrc2_noRT" "non-targeting_noRT"
"29351" "Gm5092" 0 NA NA NA NA 0 0 "Uqcrc2_noRT" "non-targeting_noRT"
"29352" "Vmn1r234" 0 NA NA NA NA 0 0 "Uqcrc2_noRT" "non-targeting_noRT"
"29353" "Vmn1r235" 0 NA NA NA NA 0 0 "Uqcrc2_noRT" "non-targeting_noRT"
"29354" "Vmn1r236" 0 NA NA NA NA 0 0 "Uqcrc2_noRT" "non-targeting_noRT"
"29355" "Vmn1r237" 0 NA NA NA NA 0 0 "Uqcrc2_noRT" "non-targeting_noRT"
"29356" "Gm49691" 0 NA NA NA NA 0 0 "Uqcrc2_noRT" "non-targeting_noRT"
"29357" "9330136K24Rik" 0 NA NA NA NA 0 0 "Uqcrc2_noRT" "non-targeting_noRT"
"29358" "Gm41541" 0 NA NA NA NA 0 0 "Uqcrc2_noRT" "non-targeting_noRT"
"29359" "Gm10226" 0 NA NA NA NA 0 0 "Uqcrc2_noRT" "non-targeting_noRT"
"29360" "Zfp820" 0 NA NA NA NA 0 0 "Uqcrc2_noRT" "non-targeting_noRT"
"29361" "Zfp995" 0 NA NA NA NA 0 0 "Uqcrc2_noRT" "non-targeting_noRT"
"29362" "Zfp947" 0 NA NA NA NA 0 0 "Uqcrc2_noRT" "non-targeting_noRT"
"29363" "Vmn2r111" 0 NA NA NA NA 0 0 "Uqcrc2_noRT" "non-targeting_noRT"
"29364" "Vmn2r112" 0 NA NA NA NA 0 0 "Uqcrc2_noRT" "non-targeting_noRT"
"29365" "Gm5493" 0 NA NA NA NA 0 0 "Uqcrc2_noRT" "non-targeting_noRT"
"29366" "Vmn2r113" 0 NA NA NA NA 0 0 "Uqcrc2_noRT" "non-targeting_noRT"
"29367" "Vmn2r-ps130" 0 NA NA NA NA 0 0 "Uqcrc2_noRT" "non-targeting_noRT"
"29368" "Vmn2r114" 0 NA NA NA NA 0 0 "Uqcrc2_noRT" "non-targeting_noRT"
"29369" "Vmn2r115" 0 NA NA NA NA 0 0 "Uqcrc2_noRT" "non-targeting_noRT"
"29370" "Vmn2r116" 0 NA NA NA NA 0 0 "Uqcrc2_noRT" "non-targeting_noRT"
"29371" "Vmn2r117" 0 NA NA NA NA 0 0 "Uqcrc2_noRT" "non-targeting_noRT"
"29372" "Gm49092" 0 NA NA NA NA 0 0 "Uqcrc2_noRT" "non-targeting_noRT"
"29373" "Zscan10" 0 NA NA NA NA 0 0 "Uqcrc2_noRT" "non-targeting_noRT"
"29374" "Mmp25" 0 NA NA NA NA 0 0 "Uqcrc2_noRT" "non-targeting_noRT"
"29375" "Bicdl2" 0 NA NA NA NA 0 0 "Uqcrc2_noRT" "non-targeting_noRT"
"29376" "Cldn6" 0 NA NA NA NA 0 0 "Uqcrc2_noRT" "non-targeting_noRT"
"29377" "1520401A03Rik" 0 NA NA NA NA 0 0 "Uqcrc2_noRT" "non-targeting_noRT"
"29378" "Kremen2" 0 NA NA NA NA 0 0 "Uqcrc2_noRT" "non-targeting_noRT"
"29379" "Gm49163" 0 NA NA NA NA 0 0 "Uqcrc2_noRT" "non-targeting_noRT"
"29380" "Gm16275" 0 NA NA NA NA 0 0 "Uqcrc2_noRT" "non-targeting_noRT"
"29381" "Prss33" 0 NA NA NA NA 0 0 "Uqcrc2_noRT" "non-targeting_noRT"
"29382" "Prss41" 0 NA NA NA NA 0 0 "Uqcrc2_noRT" "non-targeting_noRT"
"29383" "Prss32" 0 NA NA NA NA 0 0 "Uqcrc2_noRT" "non-targeting_noRT"
"29384" "Gm15947" 0 NA NA NA NA 0 0 "Uqcrc2_noRT" "non-targeting_noRT"
"29385" "Prss21" 0 NA NA NA NA 0 0 "Uqcrc2_noRT" "non-targeting_noRT"
"29386" "Dcpp1" 0 NA NA NA NA 0 0 "Uqcrc2_noRT" "non-targeting_noRT"
"29387" "Dcpp2" 0 NA NA NA NA 0 0 "Uqcrc2_noRT" "non-targeting_noRT"
"29388" "Gm50057" 0 NA NA NA NA 0 0 "Uqcrc2_noRT" "non-targeting_noRT"
"29389" "Gm41545" 0 NA NA NA NA 0 0 "Uqcrc2_noRT" "non-targeting_noRT"
"29390" "Dcpp3" 0 NA NA NA NA 0 0 "Uqcrc2_noRT" "non-targeting_noRT"
"29391" "Sbp" 0 NA NA NA NA 0 0 "Uqcrc2_noRT" "non-targeting_noRT"
"29392" "Sbpl" 0 NA NA NA NA 0 0 "Uqcrc2_noRT" "non-targeting_noRT"
"29393" "Prss30" 0 NA NA NA NA 0 0 "Uqcrc2_noRT" "non-targeting_noRT"
"29394" "Prss27" 0 NA NA NA NA 0 0 "Uqcrc2_noRT" "non-targeting_noRT"
"29395" "Gm50070" 0 NA NA NA NA 0 0 "Uqcrc2_noRT" "non-targeting_noRT"
"29396" "Abca17" 0 NA NA NA NA 0 0 "Uqcrc2_noRT" "non-targeting_noRT"
"29397" "Gm50062" 0 NA NA NA NA 0 0 "Uqcrc2_noRT" "non-targeting_noRT"
"29398" "Gm33508" 0 NA NA NA NA 0 0 "Uqcrc2_noRT" "non-targeting_noRT"
"29399" "Rnf151" 0 NA NA NA NA 0 0 "Uqcrc2_noRT" "non-targeting_noRT"
"29400" "Gm50022" 0 NA NA NA NA 0 0 "Uqcrc2_noRT" "non-targeting_noRT"
"29401" "Igfals" 0 NA NA NA NA 0 0 "Uqcrc2_noRT" "non-targeting_noRT"
"29402" "Nme3" 0 NA NA NA NA 0 0 "Uqcrc2_noRT" "non-targeting_noRT"
"29403" "Tmem204" 0 NA NA NA NA 0 0 "Uqcrc2_noRT" "non-targeting_noRT"
"29404" "Ptx4" 0 NA NA NA NA 0 0 "Uqcrc2_noRT" "non-targeting_noRT"
"29405" "Ccdc154" 0 NA NA NA NA 0 0 "Uqcrc2_noRT" "non-targeting_noRT"
"29406" "Gm38655" 0 NA NA NA NA 0 0 "Uqcrc2_noRT" "non-targeting_noRT"
"29407" "Baiap3" 0 NA NA NA NA 0 0 "Uqcrc2_noRT" "non-targeting_noRT"
"29408" "Prss34" 0 NA NA NA NA 0 0 "Uqcrc2_noRT" "non-targeting_noRT"
"29409" "Prss28" 0 NA NA NA NA 0 0 "Uqcrc2_noRT" "non-targeting_noRT"
"29410" "Prss29" 0 NA NA NA NA 0 0 "Uqcrc2_noRT" "non-targeting_noRT"
"29411" "Tpsab1" 0 NA NA NA NA 0 0 "Uqcrc2_noRT" "non-targeting_noRT"
"29412" "Tpsb2" 0 NA NA NA NA 0 0 "Uqcrc2_noRT" "non-targeting_noRT"
"29413" "Tpsg1" 0 NA NA NA NA 0 0 "Uqcrc2_noRT" "non-targeting_noRT"
"29414" "Cacna1h" 0 NA NA NA NA 0 0 "Uqcrc2_noRT" "non-targeting_noRT"
"29415" "Tekt4" 0 NA NA NA NA 0 0 "Uqcrc2_noRT" "non-targeting_noRT"
"29416" "Sstr5" 0 NA NA NA NA 0 0 "Uqcrc2_noRT" "non-targeting_noRT"
"29417" "Gm33727" 0 NA NA NA NA 0 0 "Uqcrc2_noRT" "non-targeting_noRT"
"29418" "Gm50025" 0 NA NA NA NA 0 0 "Uqcrc2_noRT" "non-targeting_noRT"
"29419" "Gm33801" 0 NA NA NA NA 0 0 "Uqcrc2_noRT" "non-targeting_noRT"
"29420" "Gm50026" 0 NA NA NA NA 0 0 "Uqcrc2_noRT" "non-targeting_noRT"
"29421" "4930541O19Rik" 0 NA NA NA NA 0 0 "Uqcrc2_noRT" "non-targeting_noRT"
"29422" "Gm50312" 0 NA NA NA NA 0 0 "Uqcrc2_noRT" "non-targeting_noRT"
"29423" "Mslnl" 0 NA NA NA NA 0 0 "Uqcrc2_noRT" "non-targeting_noRT"
"29424" "1700080C20Rik" 0 NA NA NA NA 0 0 "Uqcrc2_noRT" "non-targeting_noRT"
"29425" "Jmjd8" 0 NA NA NA NA 0 0 "Uqcrc2_noRT" "non-targeting_noRT"
"29426" "Wfikkn1" 0 NA NA NA NA 0 0 "Uqcrc2_noRT" "non-targeting_noRT"
"29427" "Gm16278" 0 NA NA NA NA 0 0 "Uqcrc2_noRT" "non-targeting_noRT"
"29428" "Nhlrc4" 0 NA NA NA NA 0 0 "Uqcrc2_noRT" "non-targeting_noRT"
"29429" "A930017K11Rik" 0 NA NA NA NA 0 0 "Uqcrc2_noRT" "non-targeting_noRT"
"29430" "D630044L22Rik" 0 NA NA NA NA 0 0 "Uqcrc2_noRT" "non-targeting_noRT"
"29431" "Pdia2" 0 NA NA NA NA 0 0 "Uqcrc2_noRT" "non-targeting_noRT"
"29432" "Gm50013" 0 NA NA NA NA 0 0 "Uqcrc2_noRT" "non-targeting_noRT"
"29433" "Gm50015" 0 NA NA NA NA 0 0 "Uqcrc2_noRT" "non-targeting_noRT"
"29434" "Neurl1b" 0 NA NA NA NA 0 0 "Uqcrc2_noRT" "non-targeting_noRT"
"29435" "Gm50269" 0 NA NA NA NA 0 0 "Uqcrc2_noRT" "non-targeting_noRT"
"29436" "Gm50275" 0 NA NA NA NA 0 0 "Uqcrc2_noRT" "non-targeting_noRT"
"29437" "Gm17218" 0 NA NA NA NA 0 0 "Uqcrc2_noRT" "non-targeting_noRT"
"29438" "Nkx2-5" 0 NA NA NA NA 0 0 "Uqcrc2_noRT" "non-targeting_noRT"
"29439" "Gm17382" 0 NA NA NA NA 0 0 "Uqcrc2_noRT" "non-targeting_noRT"
"29440" "Gm41555" 0 NA NA NA NA 0 0 "Uqcrc2_noRT" "non-targeting_noRT"
"29441" "Ggnbp1" 0 NA NA NA NA 0 0 "Uqcrc2_noRT" "non-targeting_noRT"
"29442" "Gm50295" 0 NA NA NA NA 0 0 "Uqcrc2_noRT" "non-targeting_noRT"
"29443" "Itpr3os" 0 NA NA NA NA 0 0 "Uqcrc2_noRT" "non-targeting_noRT"
"29444" "Gm50316" 0 NA NA NA NA 0 0 "Uqcrc2_noRT" "non-targeting_noRT"
"29445" "9630028I04Rik" 0 NA NA NA NA 0 0 "Uqcrc2_noRT" "non-targeting_noRT"
"29446" "Gm50328" 0 NA NA NA NA 0 0 "Uqcrc2_noRT" "non-targeting_noRT"
"29447" "Gm49793" 0 NA NA NA NA 0 0 "Uqcrc2_noRT" "non-targeting_noRT"
"29448" "Gm10505" 0 NA NA NA NA 0 0 "Uqcrc2_noRT" "non-targeting_noRT"
"29449" "Gm49795" 0 NA NA NA NA 0 0 "Uqcrc2_noRT" "non-targeting_noRT"
"29450" "Gm49794" 0 NA NA NA NA 0 0 "Uqcrc2_noRT" "non-targeting_noRT"
"29451" "Gm49796" 0 NA NA NA NA 0 0 "Uqcrc2_noRT" "non-targeting_noRT"
"29452" "Grm4" 0 NA NA NA NA 0 0 "Uqcrc2_noRT" "non-targeting_noRT"
"29453" "Spdef" 0 NA NA NA NA 0 0 "Uqcrc2_noRT" "non-targeting_noRT"
"29454" "Gm15458" 0 NA NA NA NA 0 0 "Uqcrc2_noRT" "non-targeting_noRT"
"29455" "Gm15597" 0 NA NA NA NA 0 0 "Uqcrc2_noRT" "non-targeting_noRT"
"29456" "Gm49802" 0 NA NA NA NA 0 0 "Uqcrc2_noRT" "non-targeting_noRT"
"29457" "Tcp11" 0 NA NA NA NA 0 0 "Uqcrc2_noRT" "non-targeting_noRT"
"29458" "Scube3" 0 NA NA NA NA 0 0 "Uqcrc2_noRT" "non-targeting_noRT"
"29459" "C230013L11Rik" 0 NA NA NA NA 0 0 "Uqcrc2_noRT" "non-targeting_noRT"
"29460" "Gm49886" 0 NA NA NA NA 0 0 "Uqcrc2_noRT" "non-targeting_noRT"
"29461" "Gm49889" 0 NA NA NA NA 0 0 "Uqcrc2_noRT" "non-targeting_noRT"
"29462" "Gm49838" 0 NA NA NA NA 0 0 "Uqcrc2_noRT" "non-targeting_noRT"
"29463" "Gm22146" 0 NA NA NA NA 0 0 "Uqcrc2_noRT" "non-targeting_noRT"
"29464" "Gm20109" 0 NA NA NA NA 0 0 "Uqcrc2_noRT" "non-targeting_noRT"
"29465" "E230001N04Rik" 0 NA NA NA NA 0 0 "Uqcrc2_noRT" "non-targeting_noRT"
"29466" "Gm41506" 0 NA NA NA NA 0 0 "Uqcrc2_noRT" "non-targeting_noRT"
"29467" "Armc12" 0 NA NA NA NA 0 0 "Uqcrc2_noRT" "non-targeting_noRT"
"29468" "Clpsl2" 0 NA NA NA NA 0 0 "Uqcrc2_noRT" "non-targeting_noRT"
"29469" "Clps" 0 NA NA NA NA 0 0 "Uqcrc2_noRT" "non-targeting_noRT"
"29470" "Slc26a8" 0 NA NA NA NA 0 0 "Uqcrc2_noRT" "non-targeting_noRT"
"29471" "Mapk13" 0 NA NA NA NA 0 0 "Uqcrc2_noRT" "non-targeting_noRT"
"29472" "Gm49864" 0 NA NA NA NA 0 0 "Uqcrc2_noRT" "non-targeting_noRT"
"29473" "Gm35883" 0 NA NA NA NA 0 0 "Uqcrc2_noRT" "non-targeting_noRT"
"29474" "Pnpla1os" 0 NA NA NA NA 0 0 "Uqcrc2_noRT" "non-targeting_noRT"
"29475" "Pnpla1" 0 NA NA NA NA 0 0 "Uqcrc2_noRT" "non-targeting_noRT"
"29476" "4930539E08Rik" 0 NA NA NA NA 0 0 "Uqcrc2_noRT" "non-targeting_noRT"
"29477" "1700030A11Rik" 0 NA NA NA NA 0 0 "Uqcrc2_noRT" "non-targeting_noRT"
"29478" "Gm16191" 0 NA NA NA NA 0 0 "Uqcrc2_noRT" "non-targeting_noRT"
"29479" "Gm16195" 0 NA NA NA NA 0 0 "Uqcrc2_noRT" "non-targeting_noRT"
"29480" "Gm41556" 0 NA NA NA NA 0 0 "Uqcrc2_noRT" "non-targeting_noRT"
"29481" "Cpne5" 0 NA NA NA NA 0 0 "Uqcrc2_noRT" "non-targeting_noRT"
"29482" "Gm50068" 0 NA NA NA NA 0 0 "Uqcrc2_noRT" "non-targeting_noRT"
"29483" "Gm46603" 0 NA NA NA NA 0 0 "Uqcrc2_noRT" "non-targeting_noRT"
"29484" "Gm36486" 0 NA NA NA NA 0 0 "Uqcrc2_noRT" "non-targeting_noRT"
"29485" "Gm36199" 0 NA NA NA NA 0 0 "Uqcrc2_noRT" "non-targeting_noRT"
"29486" "Tmem217" 0 NA NA NA NA 0 0 "Uqcrc2_noRT" "non-targeting_noRT"
"29487" "Tbc1d22bos" 0 NA NA NA NA 0 0 "Uqcrc2_noRT" "non-targeting_noRT"
"29488" "Gm20161" 0 NA NA NA NA 0 0 "Uqcrc2_noRT" "non-targeting_noRT"
"29489" "1810014P07Rik" 0 NA NA NA NA 0 0 "Uqcrc2_noRT" "non-targeting_noRT"
"29490" "Gm50016" 0 NA NA NA NA 0 0 "Uqcrc2_noRT" "non-targeting_noRT"
"29491" "Mdga1" 0 NA NA NA NA 0 0 "Uqcrc2_noRT" "non-targeting_noRT"
"29492" "Gm16758" 0 NA NA NA NA 0 0 "Uqcrc2_noRT" "non-targeting_noRT"
"29493" "Gm50017" 0 NA NA NA NA 0 0 "Uqcrc2_noRT" "non-targeting_noRT"
"29494" "Gm50250" 0 NA NA NA NA 0 0 "Uqcrc2_noRT" "non-targeting_noRT"
"29495" "1700097N02Rik" 0 NA NA NA NA 0 0 "Uqcrc2_noRT" "non-targeting_noRT"
"29496" "Dnah8" 0 NA NA NA NA 0 0 "Uqcrc2_noRT" "non-targeting_noRT"
"29497" "Gm41561" 0 NA NA NA NA 0 0 "Uqcrc2_noRT" "non-targeting_noRT"
"29498" "Gm9937" 0 NA NA NA NA 0 0 "Uqcrc2_noRT" "non-targeting_noRT"
"29499" "Gm50242" 0 NA NA NA NA 0 0 "Uqcrc2_noRT" "non-targeting_noRT"
"29500" "Glp1r" 0 NA NA NA NA 0 0 "Uqcrc2_noRT" "non-targeting_noRT"
"29501" "Gm10503" 0 NA NA NA NA 0 0 "Uqcrc2_noRT" "non-targeting_noRT"
"29502" "Gm41562" 0 NA NA NA NA 0 0 "Uqcrc2_noRT" "non-targeting_noRT"
"29503" "Umodl1" 0 NA NA NA NA 0 0 "Uqcrc2_noRT" "non-targeting_noRT"
"29504" "Gm50249" 0 NA NA NA NA 0 0 "Uqcrc2_noRT" "non-targeting_noRT"
"29505" "Abcg1" 0 NA NA NA NA 0 0 "Uqcrc2_noRT" "non-targeting_noRT"
"29506" "Tff3" 0 NA NA NA NA 0 0 "Uqcrc2_noRT" "non-targeting_noRT"
"29507" "Tff2" 0 NA NA NA NA 0 0 "Uqcrc2_noRT" "non-targeting_noRT"
"29508" "Gm15318" 0 NA NA NA NA 0 0 "Uqcrc2_noRT" "non-targeting_noRT"
"29509" "Tff1" 0 NA NA NA NA 0 0 "Uqcrc2_noRT" "non-targeting_noRT"
"29510" "Tmprss3" 0 NA NA NA NA 0 0 "Uqcrc2_noRT" "non-targeting_noRT"
"29511" "Gm9902" 0 NA NA NA NA 0 0 "Uqcrc2_noRT" "non-targeting_noRT"
"29512" "Gm50138" 0 NA NA NA NA 0 0 "Uqcrc2_noRT" "non-targeting_noRT"
"29513" "Gm50105" 0 NA NA NA NA 0 0 "Uqcrc2_noRT" "non-targeting_noRT"
"29514" "4833413E03Rik" 0 NA NA NA NA 0 0 "Uqcrc2_noRT" "non-targeting_noRT"
"29515" "Gm50107" 0 NA NA NA NA 0 0 "Uqcrc2_noRT" "non-targeting_noRT"
"29516" "Gm50222" 0 NA NA NA NA 0 0 "Uqcrc2_noRT" "non-targeting_noRT"
"29517" "Cryaa" 0 NA NA NA NA 0 0 "Uqcrc2_noRT" "non-targeting_noRT"
"29518" "Gm50225" 0 NA NA NA NA 0 0 "Uqcrc2_noRT" "non-targeting_noRT"
"29519" "Gm49999" 0 NA NA NA NA 0 0 "Uqcrc2_noRT" "non-targeting_noRT"
"29520" "Gm50000" 0 NA NA NA NA 0 0 "Uqcrc2_noRT" "non-targeting_noRT"
"29521" "2310015A16Rik" 0 NA NA NA NA 0 0 "Uqcrc2_noRT" "non-targeting_noRT"
"29522" "Notch3" 0 NA NA NA NA 0 0 "Uqcrc2_noRT" "non-targeting_noRT"
"29523" "Rasal3" 0 NA NA NA NA 0 0 "Uqcrc2_noRT" "non-targeting_noRT"
"29524" "A530088E08Rik" 0 NA NA NA NA 0 0 "Uqcrc2_noRT" "non-targeting_noRT"
"29525" "Pglyrp2" 0 NA NA NA NA 0 0 "Uqcrc2_noRT" "non-targeting_noRT"
"29526" "Cyp4f39" 0 NA NA NA NA 0 0 "Uqcrc2_noRT" "non-targeting_noRT"
"29527" "Cyp4f37" 0 NA NA NA NA 0 0 "Uqcrc2_noRT" "non-targeting_noRT"
"29528" "Cyp4f15" 0 NA NA NA NA 0 0 "Uqcrc2_noRT" "non-targeting_noRT"
"29529" "Gm50046" 0 NA NA NA NA 0 0 "Uqcrc2_noRT" "non-targeting_noRT"
"29530" "Gm17115" 0 NA NA NA NA 0 0 "Uqcrc2_noRT" "non-targeting_noRT"
"29531" "Zfp811" 0 NA NA NA NA 0 0 "Uqcrc2_noRT" "non-targeting_noRT"
"29532" "Gm26693" 0 NA NA NA NA 0 0 "Uqcrc2_noRT" "non-targeting_noRT"
"29533" "Gm50050" 0 NA NA NA NA 0 0 "Uqcrc2_noRT" "non-targeting_noRT"
"29534" "Gm50051" 0 NA NA NA NA 0 0 "Uqcrc2_noRT" "non-targeting_noRT"
"29535" "Cyp4f14" 0 NA NA NA NA 0 0 "Uqcrc2_noRT" "non-targeting_noRT"
"29536" "Morc2b" 0 NA NA NA NA 0 0 "Uqcrc2_noRT" "non-targeting_noRT"
"29537" "Olfr55" 0 NA NA NA NA 0 0 "Uqcrc2_noRT" "non-targeting_noRT"
"29538" "Olfr239" 0 NA NA NA NA 0 0 "Uqcrc2_noRT" "non-targeting_noRT"
"29539" "Olfr1564" 0 NA NA NA NA 0 0 "Uqcrc2_noRT" "non-targeting_noRT"
"29540" "Olfr63" 0 NA NA NA NA 0 0 "Uqcrc2_noRT" "non-targeting_noRT"
"29541" "Actl9" 0 NA NA NA NA 0 0 "Uqcrc2_noRT" "non-targeting_noRT"
"29542" "Gm4125" 0 NA NA NA NA 0 0 "Uqcrc2_noRT" "non-targeting_noRT"
"29543" "Myo1f" 0 NA NA NA NA 0 0 "Uqcrc2_noRT" "non-targeting_noRT"
"29544" "Pram1" 0 NA NA NA NA 0 0 "Uqcrc2_noRT" "non-targeting_noRT"
"29545" "4931413I07Rik" 0 NA NA NA NA 0 0 "Uqcrc2_noRT" "non-targeting_noRT"
"29546" "Smim40-ps" 0 NA NA NA NA 0 0 "Uqcrc2_noRT" "non-targeting_noRT"
"29547" "Gm50037" 0 NA NA NA NA 0 0 "Uqcrc2_noRT" "non-targeting_noRT"
"29548" "Gm26940" 0 NA NA NA NA 0 0 "Uqcrc2_noRT" "non-targeting_noRT"
"29549" "BC051537" 0 NA NA NA NA 0 0 "Uqcrc2_noRT" "non-targeting_noRT"
"29550" "H2-Oa" 0 NA NA NA NA 0 0 "Uqcrc2_noRT" "non-targeting_noRT"
"29551" "Gm50333" 0 NA NA NA NA 0 0 "Uqcrc2_noRT" "non-targeting_noRT"
"29552" "Gm50336" 0 NA NA NA NA 0 0 "Uqcrc2_noRT" "non-targeting_noRT"
"29553" "Gm50335" 0 NA NA NA NA 0 0 "Uqcrc2_noRT" "non-targeting_noRT"
"29554" "Gm20496" 0 NA NA NA NA 0 0 "Uqcrc2_noRT" "non-targeting_noRT"
"29555" "Gm15821" 0 NA NA NA NA 0 0 "Uqcrc2_noRT" "non-targeting_noRT"
"29556" "Btnl2" 0 NA NA NA NA 0 0 "Uqcrc2_noRT" "non-targeting_noRT"
"29557" "Btnl1" 0 NA NA NA NA 0 0 "Uqcrc2_noRT" "non-targeting_noRT"
"29558" "BC051142" 0 NA NA NA NA 0 0 "Uqcrc2_noRT" "non-targeting_noRT"
"29559" "Btnl4" 0 NA NA NA NA 0 0 "Uqcrc2_noRT" "non-targeting_noRT"
"29560" "Btnl6" 0 NA NA NA NA 0 0 "Uqcrc2_noRT" "non-targeting_noRT"
"29561" "Notch4" 0 NA NA NA NA 0 0 "Uqcrc2_noRT" "non-targeting_noRT"
"29562" "Ager" 0 NA NA NA NA 0 0 "Uqcrc2_noRT" "non-targeting_noRT"
"29563" "Prrt1" 0 NA NA NA NA 0 0 "Uqcrc2_noRT" "non-targeting_noRT"
"29564" "Gm20461" 0 NA NA NA NA 0 0 "Uqcrc2_noRT" "non-targeting_noRT"
"29565" "Cyp21a1" 0 NA NA NA NA 0 0 "Uqcrc2_noRT" "non-targeting_noRT"
"29566" "Cfb" 0 NA NA NA NA 0 0 "Uqcrc2_noRT" "non-targeting_noRT"
"29567" "Slc44a4" 0 NA NA NA NA 0 0 "Uqcrc2_noRT" "non-targeting_noRT"
"29568" "Hspa1b" 0 NA NA NA NA 0 0 "Uqcrc2_noRT" "non-targeting_noRT"
"29569" "Hspa1a" 0 NA NA NA NA 0 0 "Uqcrc2_noRT" "non-targeting_noRT"
"29570" "Gm20481" 0 NA NA NA NA 0 0 "Uqcrc2_noRT" "non-targeting_noRT"
"29571" "Hspa1l" 0 NA NA NA NA 0 0 "Uqcrc2_noRT" "non-targeting_noRT"
"29572" "Vwa7" 0 NA NA NA NA 0 0 "Uqcrc2_noRT" "non-targeting_noRT"
"29573" "Mpig6b" 0 NA NA NA NA 0 0 "Uqcrc2_noRT" "non-targeting_noRT"
"29574" "Ly6g6c" 0 NA NA NA NA 0 0 "Uqcrc2_noRT" "non-targeting_noRT"
"29575" "Ly6g6f" 0 NA NA NA NA 0 0 "Uqcrc2_noRT" "non-targeting_noRT"
"29576" "Ly6g5c" 0 NA NA NA NA 0 0 "Uqcrc2_noRT" "non-targeting_noRT"
"29577" "Apom" 0 NA NA NA NA 0 0 "Uqcrc2_noRT" "non-targeting_noRT"
"29578" "Gm17705" 0 NA NA NA NA 0 0 "Uqcrc2_noRT" "non-targeting_noRT"
"29579" "Lst1" 0 NA NA NA NA 0 0 "Uqcrc2_noRT" "non-targeting_noRT"
"29580" "Ltb" 0 NA NA NA NA 0 0 "Uqcrc2_noRT" "non-targeting_noRT"
"29581" "Tnf" 0 NA NA NA NA 0 0 "Uqcrc2_noRT" "non-targeting_noRT"
"29582" "Lta" 0 NA NA NA NA 0 0 "Uqcrc2_noRT" "non-targeting_noRT"
"29583" "Gm16181" 0 NA NA NA NA 0 0 "Uqcrc2_noRT" "non-targeting_noRT"
"29584" "H2-Q2" 0 NA NA NA NA 0 0 "Uqcrc2_noRT" "non-targeting_noRT"
"29585" "H2-Q6" 0 NA NA NA NA 0 0 "Uqcrc2_noRT" "non-targeting_noRT"
"29586" "Gm19553" 0 NA NA NA NA 0 0 "Uqcrc2_noRT" "non-targeting_noRT"
"29587" "Psors1c2" 0 NA NA NA NA 0 0 "Uqcrc2_noRT" "non-targeting_noRT"
"29588" "Sfta2" 0 NA NA NA NA 0 0 "Uqcrc2_noRT" "non-targeting_noRT"
"29589" "Gm9573" 0 NA NA NA NA 0 0 "Uqcrc2_noRT" "non-targeting_noRT"
"29590" "Gm20483" 0 NA NA NA NA 0 0 "Uqcrc2_noRT" "non-targeting_noRT"
"29591" "Gm4577" 0 NA NA NA NA 0 0 "Uqcrc2_noRT" "non-targeting_noRT"
"29592" "Gm20442" 0 NA NA NA NA 0 0 "Uqcrc2_noRT" "non-targeting_noRT"
"29593" "4833427F10Rik" 0 NA NA NA NA 0 0 "Uqcrc2_noRT" "non-targeting_noRT"
"29594" "Gm20508" 0 NA NA NA NA 0 0 "Uqcrc2_noRT" "non-targeting_noRT"
"29595" "Gm6034" 0 NA NA NA NA 0 0 "Uqcrc2_noRT" "non-targeting_noRT"
"29596" "Gm7030" 0 NA NA NA NA 0 0 "Uqcrc2_noRT" "non-targeting_noRT"
"29597" "Gm8909" 0 NA NA NA NA 0 0 "Uqcrc2_noRT" "non-targeting_noRT"
"29598" "Gm20546" 0 NA NA NA NA 0 0 "Uqcrc2_noRT" "non-targeting_noRT"
"29599" "H2-M10.2" 0 NA NA NA NA 0 0 "Uqcrc2_noRT" "non-targeting_noRT"
"29600" "H2-M10.3" 0 NA NA NA NA 0 0 "Uqcrc2_noRT" "non-targeting_noRT"
"29601" "H2-M10.4" 0 NA NA NA NA 0 0 "Uqcrc2_noRT" "non-targeting_noRT"
"29602" "H2-M11" 0 NA NA NA NA 0 0 "Uqcrc2_noRT" "non-targeting_noRT"
"29603" "H2-M9" 0 NA NA NA NA 0 0 "Uqcrc2_noRT" "non-targeting_noRT"
"29604" "H2-M1" 0 NA NA NA NA 0 0 "Uqcrc2_noRT" "non-targeting_noRT"
"29605" "H2-M10.5" 0 NA NA NA NA 0 0 "Uqcrc2_noRT" "non-targeting_noRT"
"29606" "H2-M10.6" 0 NA NA NA NA 0 0 "Uqcrc2_noRT" "non-targeting_noRT"
"29607" "Trim15" 0 NA NA NA NA 0 0 "Uqcrc2_noRT" "non-targeting_noRT"
"29608" "Trim10" 0 NA NA NA NA 0 0 "Uqcrc2_noRT" "non-targeting_noRT"
"29609" "Trim40" 0 NA NA NA NA 0 0 "Uqcrc2_noRT" "non-targeting_noRT"
"29610" "Trim31" 0 NA NA NA NA 0 0 "Uqcrc2_noRT" "non-targeting_noRT"
"29611" "1700031A10Rik" 0 NA NA NA NA 0 0 "Uqcrc2_noRT" "non-targeting_noRT"
"29612" "Rnf39" 0 NA NA NA NA 0 0 "Uqcrc2_noRT" "non-targeting_noRT"
"29613" "2410137M14Rik" 0 NA NA NA NA 0 0 "Uqcrc2_noRT" "non-targeting_noRT"
"29614" "H2-M5" 0 NA NA NA NA 0 0 "Uqcrc2_noRT" "non-targeting_noRT"
"29615" "Olfr90" 0 NA NA NA NA 0 0 "Uqcrc2_noRT" "non-targeting_noRT"
"29616" "Olfr91" 0 NA NA NA NA 0 0 "Uqcrc2_noRT" "non-targeting_noRT"
"29617" "Olfr92" 0 NA NA NA NA 0 0 "Uqcrc2_noRT" "non-targeting_noRT"
"29618" "Olfr93" 0 NA NA NA NA 0 0 "Uqcrc2_noRT" "non-targeting_noRT"
"29619" "Olfr95" 0 NA NA NA NA 0 0 "Uqcrc2_noRT" "non-targeting_noRT"
"29620" "Olfr96" 0 NA NA NA NA 0 0 "Uqcrc2_noRT" "non-targeting_noRT"
"29621" "Olfr97" 0 NA NA NA NA 0 0 "Uqcrc2_noRT" "non-targeting_noRT"
"29622" "Gm20429" 0 NA NA NA NA 0 0 "Uqcrc2_noRT" "non-targeting_noRT"
"29623" "Olfr98" 0 NA NA NA NA 0 0 "Uqcrc2_noRT" "non-targeting_noRT"
"29624" "Olfr99" 0 NA NA NA NA 0 0 "Uqcrc2_noRT" "non-targeting_noRT"
"29625" "Olfr101" 0 NA NA NA NA 0 0 "Uqcrc2_noRT" "non-targeting_noRT"
"29626" "Olfr102" 0 NA NA NA NA 0 0 "Uqcrc2_noRT" "non-targeting_noRT"
"29627" "Olfr103" 0 NA NA NA NA 0 0 "Uqcrc2_noRT" "non-targeting_noRT"
"29628" "Olfr104-ps" 0 NA NA NA NA 0 0 "Uqcrc2_noRT" "non-targeting_noRT"
"29629" "Olfr105-ps" 0 NA NA NA NA 0 0 "Uqcrc2_noRT" "non-targeting_noRT"
"29630" "Olfr106-ps" 0 NA NA NA NA 0 0 "Uqcrc2_noRT" "non-targeting_noRT"
"29631" "Olfr107" 0 NA NA NA NA 0 0 "Uqcrc2_noRT" "non-targeting_noRT"
"29632" "Olfr108" 0 NA NA NA NA 0 0 "Uqcrc2_noRT" "non-targeting_noRT"
"29633" "Olfr109" 0 NA NA NA NA 0 0 "Uqcrc2_noRT" "non-targeting_noRT"
"29634" "H2-M2" 0 NA NA NA NA 0 0 "Uqcrc2_noRT" "non-targeting_noRT"
"29635" "Olfr110" 0 NA NA NA NA 0 0 "Uqcrc2_noRT" "non-targeting_noRT"
"29636" "Olfr111" 0 NA NA NA NA 0 0 "Uqcrc2_noRT" "non-targeting_noRT"
"29637" "Olfr112" 0 NA NA NA NA 0 0 "Uqcrc2_noRT" "non-targeting_noRT"
"29638" "Olfr113" 0 NA NA NA NA 0 0 "Uqcrc2_noRT" "non-targeting_noRT"
"29639" "Olfr114" 0 NA NA NA NA 0 0 "Uqcrc2_noRT" "non-targeting_noRT"
"29640" "Olfr115" 0 NA NA NA NA 0 0 "Uqcrc2_noRT" "non-targeting_noRT"
"29641" "Olfr116" 0 NA NA NA NA 0 0 "Uqcrc2_noRT" "non-targeting_noRT"
"29642" "Olfr117" 0 NA NA NA NA 0 0 "Uqcrc2_noRT" "non-targeting_noRT"
"29643" "Olfr118" 0 NA NA NA NA 0 0 "Uqcrc2_noRT" "non-targeting_noRT"
"29644" "Olfr119" 0 NA NA NA NA 0 0 "Uqcrc2_noRT" "non-targeting_noRT"
"29645" "Olfr120" 0 NA NA NA NA 0 0 "Uqcrc2_noRT" "non-targeting_noRT"
"29646" "Olfr121" 0 NA NA NA NA 0 0 "Uqcrc2_noRT" "non-targeting_noRT"
"29647" "Olfr122" 0 NA NA NA NA 0 0 "Uqcrc2_noRT" "non-targeting_noRT"
"29648" "Olfr123" 0 NA NA NA NA 0 0 "Uqcrc2_noRT" "non-targeting_noRT"
"29649" "Olfr124" 0 NA NA NA NA 0 0 "Uqcrc2_noRT" "non-targeting_noRT"
"29650" "Olfr125" 0 NA NA NA NA 0 0 "Uqcrc2_noRT" "non-targeting_noRT"
"29651" "Olfr126" 0 NA NA NA NA 0 0 "Uqcrc2_noRT" "non-targeting_noRT"
"29652" "Olfr127" 0 NA NA NA NA 0 0 "Uqcrc2_noRT" "non-targeting_noRT"
"29653" "Olfr128" 0 NA NA NA NA 0 0 "Uqcrc2_noRT" "non-targeting_noRT"
"29654" "Olfr761" 0 NA NA NA NA 0 0 "Uqcrc2_noRT" "non-targeting_noRT"
"29655" "Olfr129" 0 NA NA NA NA 0 0 "Uqcrc2_noRT" "non-targeting_noRT"
"29656" "Olfr130" 0 NA NA NA NA 0 0 "Uqcrc2_noRT" "non-targeting_noRT"
"29657" "Olfr131" 0 NA NA NA NA 0 0 "Uqcrc2_noRT" "non-targeting_noRT"
"29658" "Olfr132" 0 NA NA NA NA 0 0 "Uqcrc2_noRT" "non-targeting_noRT"
"29659" "Olfr133" 0 NA NA NA NA 0 0 "Uqcrc2_noRT" "non-targeting_noRT"
"29660" "Olfr134" 0 NA NA NA NA 0 0 "Uqcrc2_noRT" "non-targeting_noRT"
"29661" "Olfr135" 0 NA NA NA NA 0 0 "Uqcrc2_noRT" "non-targeting_noRT"
"29662" "Olfr138" 0 NA NA NA NA 0 0 "Uqcrc2_noRT" "non-targeting_noRT"
"29663" "Olfr137" 0 NA NA NA NA 0 0 "Uqcrc2_noRT" "non-targeting_noRT"
"29664" "Olfr136" 0 NA NA NA NA 0 0 "Uqcrc2_noRT" "non-targeting_noRT"
"29665" "Esp36" 0 NA NA NA NA 0 0 "Uqcrc2_noRT" "non-targeting_noRT"
"29666" "Esp34" 0 NA NA NA NA 0 0 "Uqcrc2_noRT" "non-targeting_noRT"
"29667" "Esp31" 0 NA NA NA NA 0 0 "Uqcrc2_noRT" "non-targeting_noRT"
"29668" "Esp24" 0 NA NA NA NA 0 0 "Uqcrc2_noRT" "non-targeting_noRT"
"29669" "Gm21903" 0 NA NA NA NA 0 0 "Uqcrc2_noRT" "non-targeting_noRT"
"29670" "Esp23" 0 NA NA NA NA 0 0 "Uqcrc2_noRT" "non-targeting_noRT"
"29671" "Esp22" 0 NA NA NA NA 0 0 "Uqcrc2_noRT" "non-targeting_noRT"
"29672" "Esp18" 0 NA NA NA NA 0 0 "Uqcrc2_noRT" "non-targeting_noRT"
"29673" "Esp16" 0 NA NA NA NA 0 0 "Uqcrc2_noRT" "non-targeting_noRT"
"29674" "Esp15" 0 NA NA NA NA 0 0 "Uqcrc2_noRT" "non-targeting_noRT"
"29675" "Esp38" 0 NA NA NA NA 0 0 "Uqcrc2_noRT" "non-targeting_noRT"
"29676" "Gm49835" 0 NA NA NA NA 0 0 "Uqcrc2_noRT" "non-targeting_noRT"
"29677" "Pgk2" 0 NA NA NA NA 0 0 "Uqcrc2_noRT" "non-targeting_noRT"
"29678" "Crisp3" 0 NA NA NA NA 0 0 "Uqcrc2_noRT" "non-targeting_noRT"
"29679" "Crisp1" 0 NA NA NA NA 0 0 "Uqcrc2_noRT" "non-targeting_noRT"
"29680" "Esp8" 0 NA NA NA NA 0 0 "Uqcrc2_noRT" "non-targeting_noRT"
"29681" "Esp6" 0 NA NA NA NA 0 0 "Uqcrc2_noRT" "non-targeting_noRT"
"29682" "Gm44501" 0 NA NA NA NA 0 0 "Uqcrc2_noRT" "non-targeting_noRT"
"29683" "Esp4" 0 NA NA NA NA 0 0 "Uqcrc2_noRT" "non-targeting_noRT"
"29684" "Esp3" 0 NA NA NA NA 0 0 "Uqcrc2_noRT" "non-targeting_noRT"
"29685" "Esp1" 0 NA NA NA NA 0 0 "Uqcrc2_noRT" "non-targeting_noRT"
"29686" "Crisp2" 0 NA NA NA NA 0 0 "Uqcrc2_noRT" "non-targeting_noRT"
"29687" "Rhag" 0 NA NA NA NA 0 0 "Uqcrc2_noRT" "non-targeting_noRT"
"29688" "9130008F23Rik" 0 NA NA NA NA 0 0 "Uqcrc2_noRT" "non-targeting_noRT"
"29689" "Glyatl3" 0 NA NA NA NA 0 0 "Uqcrc2_noRT" "non-targeting_noRT"
"29690" "Gm49857" 0 NA NA NA NA 0 0 "Uqcrc2_noRT" "non-targeting_noRT"
"29691" "Ptchd4" 0 NA NA NA NA 0 0 "Uqcrc2_noRT" "non-targeting_noRT"
"29692" "Opn5" 0 NA NA NA NA 0 0 "Uqcrc2_noRT" "non-targeting_noRT"
"29693" "Adgrf4" 0 NA NA NA NA 0 0 "Uqcrc2_noRT" "non-targeting_noRT"
"29694" "Adgrf2" 0 NA NA NA NA 0 0 "Uqcrc2_noRT" "non-targeting_noRT"
"29695" "Tnfrsf21" 0 NA NA NA NA 0 0 "Uqcrc2_noRT" "non-targeting_noRT"
"29696" "E130008D07Rik" 0 NA NA NA NA 0 0 "Uqcrc2_noRT" "non-targeting_noRT"
"29697" "Adgrf1" 0 NA NA NA NA 0 0 "Uqcrc2_noRT" "non-targeting_noRT"
"29698" "Adgrf5" 0 NA NA NA NA 0 0 "Uqcrc2_noRT" "non-targeting_noRT"
"29699" "Mep1a" 0 NA NA NA NA 0 0 "Uqcrc2_noRT" "non-targeting_noRT"
"29700" "Ankrd66" 0 NA NA NA NA 0 0 "Uqcrc2_noRT" "non-targeting_noRT"
"29701" "1700071M16Rik" 0 NA NA NA NA 0 0 "Uqcrc2_noRT" "non-targeting_noRT"
"29702" "Rcan2" 0 NA NA NA NA 0 0 "Uqcrc2_noRT" "non-targeting_noRT"
"29703" "Gm49872" 0 NA NA NA NA 0 0 "Uqcrc2_noRT" "non-targeting_noRT"
"29704" "Runx2os3" 0 NA NA NA NA 0 0 "Uqcrc2_noRT" "non-targeting_noRT"
"29705" "Runx2os1" 0 NA NA NA NA 0 0 "Uqcrc2_noRT" "non-targeting_noRT"
"29706" "Gm35097" 0 NA NA NA NA 0 0 "Uqcrc2_noRT" "non-targeting_noRT"
"29707" "Tcte1" 0 NA NA NA NA 0 0 "Uqcrc2_noRT" "non-targeting_noRT"
"29708" "Tmem151b" 0 NA NA NA NA 0 0 "Uqcrc2_noRT" "non-targeting_noRT"
"29709" "Gm17080" 0 NA NA NA NA 0 0 "Uqcrc2_noRT" "non-targeting_noRT"
"29710" "Mymx" 0 NA NA NA NA 0 0 "Uqcrc2_noRT" "non-targeting_noRT"
"29711" "Capn11" 0 NA NA NA NA 0 0 "Uqcrc2_noRT" "non-targeting_noRT"
"29712" "Gm16172" 0 NA NA NA NA 0 0 "Uqcrc2_noRT" "non-targeting_noRT"
"29713" "F630040K05Rik" 0 NA NA NA NA 0 0 "Uqcrc2_noRT" "non-targeting_noRT"
"29714" "Gm35692" 0 NA NA NA NA 0 0 "Uqcrc2_noRT" "non-targeting_noRT"
"29715" "4930542M03Rik" 0 NA NA NA NA 0 0 "Uqcrc2_noRT" "non-targeting_noRT"
"29716" "Gm41584" 0 NA NA NA NA 0 0 "Uqcrc2_noRT" "non-targeting_noRT"
"29717" "Gm49805" 0 NA NA NA NA 0 0 "Uqcrc2_noRT" "non-targeting_noRT"
"29718" "Gm36200" 0 NA NA NA NA 0 0 "Uqcrc2_noRT" "non-targeting_noRT"
"29719" "Rsph9" 0 NA NA NA NA 0 0 "Uqcrc2_noRT" "non-targeting_noRT"
"29720" "Crip3" 0 NA NA NA NA 0 0 "Uqcrc2_noRT" "non-targeting_noRT"
"29721" "Slc22a7" 0 NA NA NA NA 0 0 "Uqcrc2_noRT" "non-targeting_noRT"
"29722" "Gm47119" 0 NA NA NA NA 0 0 "Uqcrc2_noRT" "non-targeting_noRT"
"29723" "Prph2" 0 NA NA NA NA 0 0 "Uqcrc2_noRT" "non-targeting_noRT"
"29724" "1700001C19Rik" 0 NA NA NA NA 0 0 "Uqcrc2_noRT" "non-targeting_noRT"
"29725" "AI661453" 0 NA NA NA NA 0 0 "Uqcrc2_noRT" "non-targeting_noRT"
"29726" "Tomm6os" 0 NA NA NA NA 0 0 "Uqcrc2_noRT" "non-targeting_noRT"
"29727" "Prickle4" 0 NA NA NA NA 0 0 "Uqcrc2_noRT" "non-targeting_noRT"
"29728" "Frs3os" 0 NA NA NA NA 0 0 "Uqcrc2_noRT" "non-targeting_noRT"
"29729" "Pgc" 0 NA NA NA NA 0 0 "Uqcrc2_noRT" "non-targeting_noRT"
"29730" "Gm15556" 0 NA NA NA NA 0 0 "Uqcrc2_noRT" "non-targeting_noRT"
"29731" "1700122O11Rik" 0 NA NA NA NA 0 0 "Uqcrc2_noRT" "non-targeting_noRT"
"29732" "A730006G06Rik" 0 NA NA NA NA 0 0 "Uqcrc2_noRT" "non-targeting_noRT"
"29733" "1700067P10Rik" 0 NA NA NA NA 0 0 "Uqcrc2_noRT" "non-targeting_noRT"
"29734" "Gm49946" 0 NA NA NA NA 0 0 "Uqcrc2_noRT" "non-targeting_noRT"
"29735" "9830107B12Rik" 0 NA NA NA NA 0 0 "Uqcrc2_noRT" "non-targeting_noRT"
"29736" "A530064D06Rik" 0 NA NA NA NA 0 0 "Uqcrc2_noRT" "non-targeting_noRT"
"29737" "Trem1" 0 NA NA NA NA 0 0 "Uqcrc2_noRT" "non-targeting_noRT"
"29738" "Trem3" 0 NA NA NA NA 0 0 "Uqcrc2_noRT" "non-targeting_noRT"
"29739" "Treml4" 0 NA NA NA NA 0 0 "Uqcrc2_noRT" "non-targeting_noRT"
"29740" "Treml2" 0 NA NA NA NA 0 0 "Uqcrc2_noRT" "non-targeting_noRT"
"29741" "B430306N03Rik" 0 NA NA NA NA 0 0 "Uqcrc2_noRT" "non-targeting_noRT"
"29742" "Trem2" 0 NA NA NA NA 0 0 "Uqcrc2_noRT" "non-targeting_noRT"
"29743" "Treml1" 0 NA NA NA NA 0 0 "Uqcrc2_noRT" "non-targeting_noRT"
"29744" "Gm49893" 0 NA NA NA NA 0 0 "Uqcrc2_noRT" "non-targeting_noRT"
"29745" "Tspo2" 0 NA NA NA NA 0 0 "Uqcrc2_noRT" "non-targeting_noRT"
"29746" "Unc5cl" 0 NA NA NA NA 0 0 "Uqcrc2_noRT" "non-targeting_noRT"
"29747" "Gm49896" 0 NA NA NA NA 0 0 "Uqcrc2_noRT" "non-targeting_noRT"
"29748" "Gm45330" 0 NA NA NA NA 0 0 "Uqcrc2_noRT" "non-targeting_noRT"
"29749" "Lrfn2" 0 NA NA NA NA 0 0 "Uqcrc2_noRT" "non-targeting_noRT"
"29750" "1700008K24Rik" 0 NA NA NA NA 0 0 "Uqcrc2_noRT" "non-targeting_noRT"
"29751" "Gm17830" 0 NA NA NA NA 0 0 "Uqcrc2_noRT" "non-targeting_noRT"
"29752" "Gm20540" 0 NA NA NA NA 0 0 "Uqcrc2_noRT" "non-targeting_noRT"
"29753" "Gm16555" 0 NA NA NA NA 0 0 "Uqcrc2_noRT" "non-targeting_noRT"
"29754" "Gm16554" 0 NA NA NA NA 0 0 "Uqcrc2_noRT" "non-targeting_noRT"
"29755" "Rftn1" 0 NA NA NA NA 0 0 "Uqcrc2_noRT" "non-targeting_noRT"
"29756" "Gm49901" 0 NA NA NA NA 0 0 "Uqcrc2_noRT" "non-targeting_noRT"
"29757" "Gm37173" 0 NA NA NA NA 0 0 "Uqcrc2_noRT" "non-targeting_noRT"
"29758" "Gm41597" 0 NA NA NA NA 0 0 "Uqcrc2_noRT" "non-targeting_noRT"
"29759" "AY702103" 0 NA NA NA NA 0 0 "Uqcrc2_noRT" "non-targeting_noRT"
"29760" "Dazl" 0 NA NA NA NA 0 0 "Uqcrc2_noRT" "non-targeting_noRT"
"29761" "Gm49906" 0 NA NA NA NA 0 0 "Uqcrc2_noRT" "non-targeting_noRT"
"29762" "Plcl2" 0 NA NA NA NA 0 0 "Uqcrc2_noRT" "non-targeting_noRT"
"29763" "C330011F03Rik" 0 NA NA NA NA 0 0 "Uqcrc2_noRT" "non-targeting_noRT"
"29764" "Gm31143" 0 NA NA NA NA 0 0 "Uqcrc2_noRT" "non-targeting_noRT"
"29765" "Satb1" 0 NA NA NA NA 0 0 "Uqcrc2_noRT" "non-targeting_noRT"
"29766" "Gm20098" 0 NA NA NA NA 0 0 "Uqcrc2_noRT" "non-targeting_noRT"
"29767" "Gm19585" 0 NA NA NA NA 0 0 "Uqcrc2_noRT" "non-targeting_noRT"
"29768" "Gm41600" 0 NA NA NA NA 0 0 "Uqcrc2_noRT" "non-targeting_noRT"
"29769" "Gm49912" 0 NA NA NA NA 0 0 "Uqcrc2_noRT" "non-targeting_noRT"
"29770" "Gm5094" 0 NA NA NA NA 0 0 "Uqcrc2_noRT" "non-targeting_noRT"
"29771" "Gm27217" 0 NA NA NA NA 0 0 "Uqcrc2_noRT" "non-targeting_noRT"
"29772" "Kcnh8" 0 NA NA NA NA 0 0 "Uqcrc2_noRT" "non-targeting_noRT"
"29773" "Gm49915" 0 NA NA NA NA 0 0 "Uqcrc2_noRT" "non-targeting_noRT"
"29774" "Pp2d1" 0 NA NA NA NA 0 0 "Uqcrc2_noRT" "non-targeting_noRT"
"29775" "Sult1c2" 0 NA NA NA NA 0 0 "Uqcrc2_noRT" "non-targeting_noRT"
"29776" "Sult1c1" 0 NA NA NA NA 0 0 "Uqcrc2_noRT" "non-targeting_noRT"
"29777" "Slc5a7" 0 NA NA NA NA 0 0 "Uqcrc2_noRT" "non-targeting_noRT"
"29778" "1700025K24Rik" 0 NA NA NA NA 0 0 "Uqcrc2_noRT" "non-targeting_noRT"
"29779" "Gm32055" 0 NA NA NA NA 0 0 "Uqcrc2_noRT" "non-targeting_noRT"
"29780" "St6gal2" 0 NA NA NA NA 0 0 "Uqcrc2_noRT" "non-targeting_noRT"
"29781" "Vmn2r118" 0 NA NA NA NA 0 0 "Uqcrc2_noRT" "non-targeting_noRT"
"29782" "Adgre4" 0 NA NA NA NA 0 0 "Uqcrc2_noRT" "non-targeting_noRT"
"29783" "Gm16712" 0 NA NA NA NA 0 0 "Uqcrc2_noRT" "non-targeting_noRT"
"29784" "Plin4" 0 NA NA NA NA 0 0 "Uqcrc2_noRT" "non-targeting_noRT"
"29785" "Plin5" 0 NA NA NA NA 0 0 "Uqcrc2_noRT" "non-targeting_noRT"
"29786" "Lrg1" 0 NA NA NA NA 0 0 "Uqcrc2_noRT" "non-targeting_noRT"
"29787" "A230051N06Rik" 0 NA NA NA NA 0 0 "Uqcrc2_noRT" "non-targeting_noRT"
"29788" "Arrdc5" 0 NA NA NA NA 0 0 "Uqcrc2_noRT" "non-targeting_noRT"
"29789" "Znrf4" 0 NA NA NA NA 0 0 "Uqcrc2_noRT" "non-targeting_noRT"
"29790" "Catsperd" 0 NA NA NA NA 0 0 "Uqcrc2_noRT" "non-targeting_noRT"
"29791" "Prr22" 0 NA NA NA NA 0 0 "Uqcrc2_noRT" "non-targeting_noRT"
"29792" "Rfx2" 0 NA NA NA NA 0 0 "Uqcrc2_noRT" "non-targeting_noRT"
"29793" "Acer1" 0 NA NA NA NA 0 0 "Uqcrc2_noRT" "non-targeting_noRT"
"29794" "Gm49887" 0 NA NA NA NA 0 0 "Uqcrc2_noRT" "non-targeting_noRT"
"29795" "Pspn" 0 NA NA NA NA 0 0 "Uqcrc2_noRT" "non-targeting_noRT"
"29796" "Gm17949" 0 NA NA NA NA 0 0 "Uqcrc2_noRT" "non-targeting_noRT"
"29797" "Slc25a41" 0 NA NA NA NA 0 0 "Uqcrc2_noRT" "non-targeting_noRT"
"29798" "Gm17168" 0 NA NA NA NA 0 0 "Uqcrc2_noRT" "non-targeting_noRT"
"29799" "Crb3" 0 NA NA NA NA 0 0 "Uqcrc2_noRT" "non-targeting_noRT"
"29800" "Dennd1c" 0 NA NA NA NA 0 0 "Uqcrc2_noRT" "non-targeting_noRT"
"29801" "Gm49888" 0 NA NA NA NA 0 0 "Uqcrc2_noRT" "non-targeting_noRT"
"29802" "Cd70" 0 NA NA NA NA 0 0 "Uqcrc2_noRT" "non-targeting_noRT"
"29803" "Tnfsf14" 0 NA NA NA NA 0 0 "Uqcrc2_noRT" "non-targeting_noRT"
"29804" "Vav1" 0 NA NA NA NA 0 0 "Uqcrc2_noRT" "non-targeting_noRT"
"29805" "Adgre1" 0 NA NA NA NA 0 0 "Uqcrc2_noRT" "non-targeting_noRT"
"29806" "Vmn2r120" 0 NA NA NA NA 0 0 "Uqcrc2_noRT" "non-targeting_noRT"
"29807" "Gm21834" 0 NA NA NA NA 0 0 "Uqcrc2_noRT" "non-targeting_noRT"
"29808" "Cntnap5c" 0 NA NA NA NA 0 0 "Uqcrc2_noRT" "non-targeting_noRT"
"29809" "A330072L02Rik" 0 NA NA NA NA 0 0 "Uqcrc2_noRT" "non-targeting_noRT"
"29810" "Pdzph1" 0 NA NA NA NA 0 0 "Uqcrc2_noRT" "non-targeting_noRT"
"29811" "Nudt12os" 0 NA NA NA NA 0 0 "Uqcrc2_noRT" "non-targeting_noRT"
"29812" "Nudt12" 0 NA NA NA NA 0 0 "Uqcrc2_noRT" "non-targeting_noRT"
"29813" "Gm49853" 0 NA NA NA NA 0 0 "Uqcrc2_noRT" "non-targeting_noRT"
"29814" "Gm29051" 0 NA NA NA NA 0 0 "Uqcrc2_noRT" "non-targeting_noRT"
"29815" "Gm33890" 0 NA NA NA NA 0 0 "Uqcrc2_noRT" "non-targeting_noRT"
"29816" "4930405O22Rik" 0 NA NA NA NA 0 0 "Uqcrc2_noRT" "non-targeting_noRT"
"29817" "A930002H24Rik" 0 NA NA NA NA 0 0 "Uqcrc2_noRT" "non-targeting_noRT"
"29818" "AU016765" 0 NA NA NA NA 0 0 "Uqcrc2_noRT" "non-targeting_noRT"
"29819" "Gm17133" 0 NA NA NA NA 0 0 "Uqcrc2_noRT" "non-targeting_noRT"
"29820" "Dreh" 0 NA NA NA NA 0 0 "Uqcrc2_noRT" "non-targeting_noRT"
"29821" "4930583I09Rik" 0 NA NA NA NA 0 0 "Uqcrc2_noRT" "non-targeting_noRT"
"29822" "Tmem232" 0 NA NA NA NA 0 0 "Uqcrc2_noRT" "non-targeting_noRT"
"29823" "Txndc2" 0 NA NA NA NA 0 0 "Uqcrc2_noRT" "non-targeting_noRT"
"29824" "Gm49871" 0 NA NA NA NA 0 0 "Uqcrc2_noRT" "non-targeting_noRT"
"29825" "Gm35550" 0 NA NA NA NA 0 0 "Uqcrc2_noRT" "non-targeting_noRT"
"29826" "Gm20742" 0 NA NA NA NA 0 0 "Uqcrc2_noRT" "non-targeting_noRT"
"29827" "Gm49937" 0 NA NA NA NA 0 0 "Uqcrc2_noRT" "non-targeting_noRT"
"29828" "Gm49938" 0 NA NA NA NA 0 0 "Uqcrc2_noRT" "non-targeting_noRT"
"29829" "Themis3" 0 NA NA NA NA 0 0 "Uqcrc2_noRT" "non-targeting_noRT"
"29830" "Ptprm" 0 NA NA NA NA 0 0 "Uqcrc2_noRT" "non-targeting_noRT"
"29831" "1700016K05Rik" 0 NA NA NA NA 0 0 "Uqcrc2_noRT" "non-targeting_noRT"
"29832" "Gm47471" 0 NA NA NA NA 0 0 "Uqcrc2_noRT" "non-targeting_noRT"
"29833" "Gm9984" 0 NA NA NA NA 0 0 "Uqcrc2_noRT" "non-targeting_noRT"
"29834" "Gm36201" 0 NA NA NA NA 0 0 "Uqcrc2_noRT" "non-targeting_noRT"
"29835" "Lrrc30" 0 NA NA NA NA 0 0 "Uqcrc2_noRT" "non-targeting_noRT"
"29836" "Lama1" 0 NA NA NA NA 0 0 "Uqcrc2_noRT" "non-targeting_noRT"
"29837" "Gm49944" 0 NA NA NA NA 0 0 "Uqcrc2_noRT" "non-targeting_noRT"
"29838" "Gm49945" 0 NA NA NA NA 0 0 "Uqcrc2_noRT" "non-targeting_noRT"
"29839" "Gm36252" 0 NA NA NA NA 0 0 "Uqcrc2_noRT" "non-targeting_noRT"
"29840" "L3mbtl4" 0 NA NA NA NA 0 0 "Uqcrc2_noRT" "non-targeting_noRT"
"29841" "Tmem200c" 0 NA NA NA NA 0 0 "Uqcrc2_noRT" "non-targeting_noRT"
"29842" "Gm38593" 0 NA NA NA NA 0 0 "Uqcrc2_noRT" "non-targeting_noRT"
"29843" "2410021H03Rik" 0 NA NA NA NA 0 0 "Uqcrc2_noRT" "non-targeting_noRT"
"29844" "Gm36487" 0 NA NA NA NA 0 0 "Uqcrc2_noRT" "non-targeting_noRT"
"29845" "Gm49894" 0 NA NA NA NA 0 0 "Uqcrc2_noRT" "non-targeting_noRT"
"29846" "Akain1" 0 NA NA NA NA 0 0 "Uqcrc2_noRT" "non-targeting_noRT"
"29847" "A730049N16Rik" 0 NA NA NA NA 0 0 "Uqcrc2_noRT" "non-targeting_noRT"
"29848" "Gm49895" 0 NA NA NA NA 0 0 "Uqcrc2_noRT" "non-targeting_noRT"
"29849" "Gm36594" 0 NA NA NA NA 0 0 "Uqcrc2_noRT" "non-targeting_noRT"
"29850" "Gm20703" 0 NA NA NA NA 0 0 "Uqcrc2_noRT" "non-targeting_noRT"
"29851" "1600022D10Rik" 0 NA NA NA NA 0 0 "Uqcrc2_noRT" "non-targeting_noRT"
"29852" "4930471L23Rik" 0 NA NA NA NA 0 0 "Uqcrc2_noRT" "non-targeting_noRT"
"29853" "Gm4566" 0 NA NA NA NA 0 0 "Uqcrc2_noRT" "non-targeting_noRT"
"29854" "Trmt61b" 0 NA NA NA NA 0 0 "Uqcrc2_noRT" "non-targeting_noRT"
"29855" "Togaram2" 0 NA NA NA NA 0 0 "Uqcrc2_noRT" "non-targeting_noRT"
"29856" "Gm15641" 0 NA NA NA NA 0 0 "Uqcrc2_noRT" "non-targeting_noRT"
"29857" "Pcare" 0 NA NA NA NA 0 0 "Uqcrc2_noRT" "non-targeting_noRT"
"29858" "Clip4" 0 NA NA NA NA 0 0 "Uqcrc2_noRT" "non-targeting_noRT"
"29859" "Alk" 0 NA NA NA NA 0 0 "Uqcrc2_noRT" "non-targeting_noRT"
"29860" "Gm30420" 0 NA NA NA NA 0 0 "Uqcrc2_noRT" "non-targeting_noRT"
"29861" "Capn13" 0 NA NA NA NA 0 0 "Uqcrc2_noRT" "non-targeting_noRT"
"29862" "Galnt14" 0 NA NA NA NA 0 0 "Uqcrc2_noRT" "non-targeting_noRT"
"29863" "Gm49876" 0 NA NA NA NA 0 0 "Uqcrc2_noRT" "non-targeting_noRT"
"29864" "Gm49878" 0 NA NA NA NA 0 0 "Uqcrc2_noRT" "non-targeting_noRT"
"29865" "D630014O11Rik" 0 NA NA NA NA 0 0 "Uqcrc2_noRT" "non-targeting_noRT"
"29866" "Xdh" 0 NA NA NA NA 0 0 "Uqcrc2_noRT" "non-targeting_noRT"
"29867" "Srd5a2" 0 NA NA NA NA 0 0 "Uqcrc2_noRT" "non-targeting_noRT"
"29868" "Gm31084" 0 NA NA NA NA 0 0 "Uqcrc2_noRT" "non-targeting_noRT"
"29869" "Gm50020" 0 NA NA NA NA 0 0 "Uqcrc2_noRT" "non-targeting_noRT"
"29870" "Gm50021" 0 NA NA NA NA 0 0 "Uqcrc2_noRT" "non-targeting_noRT"
"29871" "Gm31759" 0 NA NA NA NA 0 0 "Uqcrc2_noRT" "non-targeting_noRT"
"29872" "Gm31818" 0 NA NA NA NA 0 0 "Uqcrc2_noRT" "non-targeting_noRT"
"29873" "Rasgrp3" 0 NA NA NA NA 0 0 "Uqcrc2_noRT" "non-targeting_noRT"
"29874" "Gm4710" 0 NA NA NA NA 0 0 "Uqcrc2_noRT" "non-targeting_noRT"
"29875" "Gm50028" 0 NA NA NA NA 0 0 "Uqcrc2_noRT" "non-targeting_noRT"
"29876" "Gm32282" 0 NA NA NA NA 0 0 "Uqcrc2_noRT" "non-targeting_noRT"
"29877" "Gm50034" 0 NA NA NA NA 0 0 "Uqcrc2_noRT" "non-targeting_noRT"
"29878" "Vit" 0 NA NA NA NA 0 0 "Uqcrc2_noRT" "non-targeting_noRT"
"29879" "Cdc42ep3" 0 NA NA NA NA 0 0 "Uqcrc2_noRT" "non-targeting_noRT"
"29880" "Cyp1b1" 0 NA NA NA NA 0 0 "Uqcrc2_noRT" "non-targeting_noRT"
"29881" "Gm33055" 0 NA NA NA NA 0 0 "Uqcrc2_noRT" "non-targeting_noRT"
"29882" "Gm49984" 0 NA NA NA NA 0 0 "Uqcrc2_noRT" "non-targeting_noRT"
"29883" "1700106O07Rik" 0 NA NA NA NA 0 0 "Uqcrc2_noRT" "non-targeting_noRT"
"29884" "Gm49985" 0 NA NA NA NA 0 0 "Uqcrc2_noRT" "non-targeting_noRT"
"29885" "Gm41625" 0 NA NA NA NA 0 0 "Uqcrc2_noRT" "non-targeting_noRT"
"29886" "Ttc39d" 0 NA NA NA NA 0 0 "Uqcrc2_noRT" "non-targeting_noRT"
"29887" "Gm50087" 0 NA NA NA NA 0 0 "Uqcrc2_noRT" "non-targeting_noRT"
"29888" "Arhgef33" 0 NA NA NA NA 0 0 "Uqcrc2_noRT" "non-targeting_noRT"
"29889" "Gm10190" 0 NA NA NA NA 0 0 "Uqcrc2_noRT" "non-targeting_noRT"
"29890" "Cdkl4" 0 NA NA NA NA 0 0 "Uqcrc2_noRT" "non-targeting_noRT"
"29891" "Gm33373" 0 NA NA NA NA 0 0 "Uqcrc2_noRT" "non-targeting_noRT"
"29892" "C230072F16Rik" 0 NA NA NA NA 0 0 "Uqcrc2_noRT" "non-targeting_noRT"
"29893" "Tmem178" 0 NA NA NA NA 0 0 "Uqcrc2_noRT" "non-targeting_noRT"
"29894" "Gm50044" 0 NA NA NA NA 0 0 "Uqcrc2_noRT" "non-targeting_noRT"
"29895" "Slc8a1" 0 NA NA NA NA 0 0 "Uqcrc2_noRT" "non-targeting_noRT"
"29896" "Gm11096" 0 NA NA NA NA 0 0 "Uqcrc2_noRT" "non-targeting_noRT"
"29897" "Gm19689" 0 NA NA NA NA 0 0 "Uqcrc2_noRT" "non-targeting_noRT"
"29898" "Gm29052" 0 NA NA NA NA 0 0 "Uqcrc2_noRT" "non-targeting_noRT"
"29899" "Gm46606" 0 NA NA NA NA 0 0 "Uqcrc2_noRT" "non-targeting_noRT"
"29900" "Kcng3" 0 NA NA NA NA 0 0 "Uqcrc2_noRT" "non-targeting_noRT"
"29901" "Haao" 0 NA NA NA NA 0 0 "Uqcrc2_noRT" "non-targeting_noRT"
"29902" "C430042M11Rik" 0 NA NA NA NA 0 0 "Uqcrc2_noRT" "non-targeting_noRT"
"29903" "1810073O08Rik" 0 NA NA NA NA 0 0 "Uqcrc2_noRT" "non-targeting_noRT"
"29904" "Gm41639" 0 NA NA NA NA 0 0 "Uqcrc2_noRT" "non-targeting_noRT"
"29905" "Gm35229" 0 NA NA NA NA 0 0 "Uqcrc2_noRT" "non-targeting_noRT"
"29906" "Gm41638" 0 NA NA NA NA 0 0 "Uqcrc2_noRT" "non-targeting_noRT"
"29907" "8430430B14Rik" 0 NA NA NA NA 0 0 "Uqcrc2_noRT" "non-targeting_noRT"
"29908" "Gm49967" 0 NA NA NA NA 0 0 "Uqcrc2_noRT" "non-targeting_noRT"
"29909" "4933433H22Rik" 0 NA NA NA NA 0 0 "Uqcrc2_noRT" "non-targeting_noRT"
"29910" "Gm19696" 0 NA NA NA NA 0 0 "Uqcrc2_noRT" "non-targeting_noRT"
"29911" "Gm36279" 0 NA NA NA NA 0 0 "Uqcrc2_noRT" "non-targeting_noRT"
"29912" "4930500A05Rik" 0 NA NA NA NA 0 0 "Uqcrc2_noRT" "non-targeting_noRT"
"29913" "Gm49969" 0 NA NA NA NA 0 0 "Uqcrc2_noRT" "non-targeting_noRT"
"29914" "Abcg5" 0 NA NA NA NA 0 0 "Uqcrc2_noRT" "non-targeting_noRT"
"29915" "Abcg8" 0 NA NA NA NA 0 0 "Uqcrc2_noRT" "non-targeting_noRT"
"29916" "Gm49981" 0 NA NA NA NA 0 0 "Uqcrc2_noRT" "non-targeting_noRT"
"29917" "Slc3a1" 0 NA NA NA NA 0 0 "Uqcrc2_noRT" "non-targeting_noRT"
"29918" "Six3os1" 0 NA NA NA NA 0 0 "Uqcrc2_noRT" "non-targeting_noRT"
"29919" "Six3" 0 NA NA NA NA 0 0 "Uqcrc2_noRT" "non-targeting_noRT"
"29920" "Gm28528" 0 NA NA NA NA 0 0 "Uqcrc2_noRT" "non-targeting_noRT"
"29921" "CJ186046Rik" 0 NA NA NA NA 0 0 "Uqcrc2_noRT" "non-targeting_noRT"
"29922" "Gm29418" 0 NA NA NA NA 0 0 "Uqcrc2_noRT" "non-targeting_noRT"
"29923" "Gm30117" 0 NA NA NA NA 0 0 "Uqcrc2_noRT" "non-targeting_noRT"
"29924" "2010106C02Rik" 0 NA NA NA NA 0 0 "Uqcrc2_noRT" "non-targeting_noRT"
"29925" "Gm10309" 0 NA NA NA NA 0 0 "Uqcrc2_noRT" "non-targeting_noRT"
"29926" "Epas1" 0 NA NA NA NA 0 0 "Uqcrc2_noRT" "non-targeting_noRT"
"29927" "Gm29168" 0 NA NA NA NA 0 0 "Uqcrc2_noRT" "non-targeting_noRT"
"29928" "Tmem247" 0 NA NA NA NA 0 0 "Uqcrc2_noRT" "non-targeting_noRT"
"29929" "Gm50011" 0 NA NA NA NA 0 0 "Uqcrc2_noRT" "non-targeting_noRT"
"29930" "Atp6v1e2" 0 NA NA NA NA 0 0 "Uqcrc2_noRT" "non-targeting_noRT"
"29931" "C330024C12Rik" 0 NA NA NA NA 0 0 "Uqcrc2_noRT" "non-targeting_noRT"
"29932" "Gm15978" 0 NA NA NA NA 0 0 "Uqcrc2_noRT" "non-targeting_noRT"
"29933" "0610012D04Rik" 0 NA NA NA NA 0 0 "Uqcrc2_noRT" "non-targeting_noRT"
"29934" "Gm30794" 0 NA NA NA NA 0 0 "Uqcrc2_noRT" "non-targeting_noRT"
"29935" "Gm28676" 0 NA NA NA NA 0 0 "Uqcrc2_noRT" "non-targeting_noRT"
"29936" "Gm30984" 0 NA NA NA NA 0 0 "Uqcrc2_noRT" "non-targeting_noRT"
"29937" "Gm46587" 0 NA NA NA NA 0 0 "Uqcrc2_noRT" "non-targeting_noRT"
"29938" "Kcnk12" 0 NA NA NA NA 0 0 "Uqcrc2_noRT" "non-targeting_noRT"
"29939" "Gm50039" 0 NA NA NA NA 0 0 "Uqcrc2_noRT" "non-targeting_noRT"
"29940" "Rpl36-ps4" 0 NA NA NA NA 0 0 "Uqcrc2_noRT" "non-targeting_noRT"
"29941" "Gm26612" 0 NA NA NA NA 0 0 "Uqcrc2_noRT" "non-targeting_noRT"
"29942" "Gm31499" 0 NA NA NA NA 0 0 "Uqcrc2_noRT" "non-targeting_noRT"
"29943" "Gm31615" 0 NA NA NA NA 0 0 "Uqcrc2_noRT" "non-targeting_noRT"
"29944" "1700116H05Rik" 0 NA NA NA NA 0 0 "Uqcrc2_noRT" "non-targeting_noRT"
"29945" "Gm50056" 0 NA NA NA NA 0 0 "Uqcrc2_noRT" "non-targeting_noRT"
"29946" "Gtf2a1l" 0 NA NA NA NA 0 0 "Uqcrc2_noRT" "non-targeting_noRT"
"29947" "Lhcgr" 0 NA NA NA NA 0 0 "Uqcrc2_noRT" "non-targeting_noRT"
"29948" "Fshr" 0 NA NA NA NA 0 0 "Uqcrc2_noRT" "non-targeting_noRT"
"29949" "4933400B14Rik" 0 NA NA NA NA 0 0 "Uqcrc2_noRT" "non-targeting_noRT"
"29950" "Gm4719" 0 NA NA NA NA 0 0 "Uqcrc2_noRT" "non-targeting_noRT"
"29951" "Gm50061" 0 NA NA NA NA 0 0 "Uqcrc2_noRT" "non-targeting_noRT"
"29952" "Gm41653" 0 NA NA NA NA 0 0 "Uqcrc2_noRT" "non-targeting_noRT"
"29953" "4930480K15Rik" 0 NA NA NA NA 0 0 "Uqcrc2_noRT" "non-targeting_noRT"
"29954" "Gm10308" 0 NA NA NA NA 0 0 "Uqcrc2_noRT" "non-targeting_noRT"
"29955" "Gm15404" 0 NA NA NA NA 0 0 "Uqcrc2_noRT" "non-targeting_noRT"
"29956" "Gm49991" 0 NA NA NA NA 0 0 "Uqcrc2_noRT" "non-targeting_noRT"
"29957" "Gm41654" 0 NA NA NA NA 0 0 "Uqcrc2_noRT" "non-targeting_noRT"
"29958" "Adcyap1" 0 NA NA NA NA 0 0 "Uqcrc2_noRT" "non-targeting_noRT"
"29959" "Vmn1r238" 0 NA NA NA NA 0 0 "Uqcrc2_noRT" "non-targeting_noRT"
"29960" "Lyzl1" 0 NA NA NA NA 0 0 "Uqcrc2_noRT" "non-targeting_noRT"
"29961" "4833419F23Rik" 0 NA NA NA NA 0 0 "Uqcrc2_noRT" "non-targeting_noRT"
"29962" "Gm26865" 0 NA NA NA NA 0 0 "Uqcrc2_noRT" "non-targeting_noRT"
"29963" "Gm50023" 0 NA NA NA NA 0 0 "Uqcrc2_noRT" "non-targeting_noRT"
"29964" "Gm50024" 0 NA NA NA NA 0 0 "Uqcrc2_noRT" "non-targeting_noRT"
"29965" "Gm10556" 0 NA NA NA NA 0 0 "Uqcrc2_noRT" "non-targeting_noRT"
"29966" "Gm26682" 0 NA NA NA NA 0 0 "Uqcrc2_noRT" "non-targeting_noRT"
"29967" "Gm50064" 0 NA NA NA NA 0 0 "Uqcrc2_noRT" "non-targeting_noRT"
"29968" "Gm50065" 0 NA NA NA NA 0 0 "Uqcrc2_noRT" "non-targeting_noRT"
"29969" "Gm34804" 0 NA NA NA NA 0 0 "Uqcrc2_noRT" "non-targeting_noRT"
"29970" "Gm17036" 0 NA NA NA NA 0 0 "Uqcrc2_noRT" "non-targeting_noRT"
"29971" "Gm41664" 0 NA NA NA NA 0 0 "Uqcrc2_noRT" "non-targeting_noRT"
"29972" "4921524L21Rik" 0 NA NA NA NA 0 0 "Uqcrc2_noRT" "non-targeting_noRT"
"29973" "Gm50081" 0 NA NA NA NA 0 0 "Uqcrc2_noRT" "non-targeting_noRT"
"29974" "Gm2350" 0 NA NA NA NA 0 0 "Uqcrc2_noRT" "non-targeting_noRT"
"29975" "Mkx" 0 NA NA NA NA 0 0 "Uqcrc2_noRT" "non-targeting_noRT"
"29976" "Gm46633" 0 NA NA NA NA 0 0 "Uqcrc2_noRT" "non-targeting_noRT"
"29977" "Armc4" 0 NA NA NA NA 0 0 "Uqcrc2_noRT" "non-targeting_noRT"
"29978" "Gm35031" 0 NA NA NA NA 0 0 "Uqcrc2_noRT" "non-targeting_noRT"
"29979" "Fzd8" 0 NA NA NA NA 0 0 "Uqcrc2_noRT" "non-targeting_noRT"
"29980" "Gjd4" 0 NA NA NA NA 0 0 "Uqcrc2_noRT" "non-targeting_noRT"
"29981" "Cetn1" 0 NA NA NA NA 0 0 "Uqcrc2_noRT" "non-targeting_noRT"
"29982" "4930563E18Rik" 0 NA NA NA NA 0 0 "Uqcrc2_noRT" "non-targeting_noRT"
"29983" "Mir133a-1hg" 0 NA NA NA NA 0 0 "Uqcrc2_noRT" "non-targeting_noRT"
"29984" "Cables1" 0 NA NA NA NA 0 0 "Uqcrc2_noRT" "non-targeting_noRT"
"29985" "Lama3" 0 NA NA NA NA 0 0 "Uqcrc2_noRT" "non-targeting_noRT"
"29986" "Gm29200" 0 NA NA NA NA 0 0 "Uqcrc2_noRT" "non-targeting_noRT"
"29987" "Gm50063" 0 NA NA NA NA 0 0 "Uqcrc2_noRT" "non-targeting_noRT"
"29988" "Gm41668" 0 NA NA NA NA 0 0 "Uqcrc2_noRT" "non-targeting_noRT"
"29989" "Cabyr" 0 NA NA NA NA 0 0 "Uqcrc2_noRT" "non-targeting_noRT"
"29990" "Gm49970" 0 NA NA NA NA 0 0 "Uqcrc2_noRT" "non-targeting_noRT"
"29991" "Hrh4" 0 NA NA NA NA 0 0 "Uqcrc2_noRT" "non-targeting_noRT"
"29992" "Gm41669" 0 NA NA NA NA 0 0 "Uqcrc2_noRT" "non-targeting_noRT"
"29993" "AC103362.1" 0 NA NA NA NA 0 0 "Uqcrc2_noRT" "non-targeting_noRT"
"29994" "8430422H06Rik" 0 NA NA NA NA 0 0 "Uqcrc2_noRT" "non-targeting_noRT"
"29995" "Gm29992" 0 NA NA NA NA 0 0 "Uqcrc2_noRT" "non-targeting_noRT"
"29996" "Gm50097" 0 NA NA NA NA 0 0 "Uqcrc2_noRT" "non-targeting_noRT"
"29997" "Psma8" 0 NA NA NA NA 0 0 "Uqcrc2_noRT" "non-targeting_noRT"
"29998" "4933424G05Rik" 0 NA NA NA NA 0 0 "Uqcrc2_noRT" "non-targeting_noRT"
"29999" "Gm2629" 0 NA NA NA NA 0 0 "Uqcrc2_noRT" "non-targeting_noRT"
"30000" "Gm50035" 0 NA NA NA NA 0 0 "Uqcrc2_noRT" "non-targeting_noRT"
"30001" "E430002N23Rik" 0 NA NA NA NA 0 0 "Uqcrc2_noRT" "non-targeting_noRT"
"30002" "A830021F12Rik" 0 NA NA NA NA 0 0 "Uqcrc2_noRT" "non-targeting_noRT"
"30003" "Aqp4" 0 NA NA NA NA 0 0 "Uqcrc2_noRT" "non-targeting_noRT"
"30004" "Gm50048" 0 NA NA NA NA 0 0 "Uqcrc2_noRT" "non-targeting_noRT"
"30005" "Chst9" 0 NA NA NA NA 0 0 "Uqcrc2_noRT" "non-targeting_noRT"
"30006" "Gm50076" 0 NA NA NA NA 0 0 "Uqcrc2_noRT" "non-targeting_noRT"
"30007" "Gm15485" 0 NA NA NA NA 0 0 "Uqcrc2_noRT" "non-targeting_noRT"
"30008" "Gm15328" 0 NA NA NA NA 0 0 "Uqcrc2_noRT" "non-targeting_noRT"
"30009" "1700001G01Rik" 0 NA NA NA NA 0 0 "Uqcrc2_noRT" "non-targeting_noRT"
"30010" "Gm50084" 0 NA NA NA NA 0 0 "Uqcrc2_noRT" "non-targeting_noRT"
"30011" "Gm31086" 0 NA NA NA NA 0 0 "Uqcrc2_noRT" "non-targeting_noRT"
"30012" "Dsc3" 0 NA NA NA NA 0 0 "Uqcrc2_noRT" "non-targeting_noRT"
"30013" "Dsc2" 0 NA NA NA NA 0 0 "Uqcrc2_noRT" "non-targeting_noRT"
"30014" "Dsc1" 0 NA NA NA NA 0 0 "Uqcrc2_noRT" "non-targeting_noRT"
"30015" "Dsg1c" 0 NA NA NA NA 0 0 "Uqcrc2_noRT" "non-targeting_noRT"
"30016" "Dsg1a" 0 NA NA NA NA 0 0 "Uqcrc2_noRT" "non-targeting_noRT"
"30017" "Dsg1b" 0 NA NA NA NA 0 0 "Uqcrc2_noRT" "non-targeting_noRT"
"30018" "Dsg4" 0 NA NA NA NA 0 0 "Uqcrc2_noRT" "non-targeting_noRT"
"30019" "Dsg3" 0 NA NA NA NA 0 0 "Uqcrc2_noRT" "non-targeting_noRT"
"30020" "Dsg2" 0 NA NA NA NA 0 0 "Uqcrc2_noRT" "non-targeting_noRT"
"30021" "Gm16090" 0 NA NA NA NA 0 0 "Uqcrc2_noRT" "non-targeting_noRT"
"30022" "Ttr" 0 NA NA NA NA 0 0 "Uqcrc2_noRT" "non-targeting_noRT"
"30023" "Mep1b" 0 NA NA NA NA 0 0 "Uqcrc2_noRT" "non-targeting_noRT"
"30024" "Gm50049" 0 NA NA NA NA 0 0 "Uqcrc2_noRT" "non-targeting_noRT"
"30025" "Klhl14" 0 NA NA NA NA 0 0 "Uqcrc2_noRT" "non-targeting_noRT"
"30026" "4930426D05Rik" 0 NA NA NA NA 0 0 "Uqcrc2_noRT" "non-targeting_noRT"
"30027" "Ccdc178" 0 NA NA NA NA 0 0 "Uqcrc2_noRT" "non-targeting_noRT"
"30028" "Nol4" 0 NA NA NA NA 0 0 "Uqcrc2_noRT" "non-targeting_noRT"
"30029" "Gm47898" 0 NA NA NA NA 0 0 "Uqcrc2_noRT" "non-targeting_noRT"
"30030" "Gm15972" 0 NA NA NA NA 0 0 "Uqcrc2_noRT" "non-targeting_noRT"
"30031" "Gm38410" 0 NA NA NA NA 0 0 "Uqcrc2_noRT" "non-targeting_noRT"
"30032" "Mocos" 0 NA NA NA NA 0 0 "Uqcrc2_noRT" "non-targeting_noRT"
"30033" "Fhod3" 0 NA NA NA NA 0 0 "Uqcrc2_noRT" "non-targeting_noRT"
"30034" "Gm9955" 0 NA NA NA NA 0 0 "Uqcrc2_noRT" "non-targeting_noRT"
"30035" "Gm3227" 0 NA NA NA NA 0 0 "Uqcrc2_noRT" "non-targeting_noRT"
"30036" "0710001A04Rik" 0 NA NA NA NA 0 0 "Uqcrc2_noRT" "non-targeting_noRT"
"30037" "Gm50304" 0 NA NA NA NA 0 0 "Uqcrc2_noRT" "non-targeting_noRT"
"30038" "Gm33228" 0 NA NA NA NA 0 0 "Uqcrc2_noRT" "non-targeting_noRT"
"30039" "Gm49976" 0 NA NA NA NA 0 0 "Uqcrc2_noRT" "non-targeting_noRT"
"30040" "Gm49978" 0 NA NA NA NA 0 0 "Uqcrc2_noRT" "non-targeting_noRT"
"30041" "Gm33674" 0 NA NA NA NA 0 0 "Uqcrc2_noRT" "non-targeting_noRT"
"30042" "BC051408" 0 NA NA NA NA 0 0 "Uqcrc2_noRT" "non-targeting_noRT"
"30043" "Gm33948" 0 NA NA NA NA 0 0 "Uqcrc2_noRT" "non-targeting_noRT"
"30044" "4930578E11Rik" 0 NA NA NA NA 0 0 "Uqcrc2_noRT" "non-targeting_noRT"
"30045" "4930527G23Rik" 0 NA NA NA NA 0 0 "Uqcrc2_noRT" "non-targeting_noRT"
"30046" "Rit2" 0 NA NA NA NA 0 0 "Uqcrc2_noRT" "non-targeting_noRT"
"30047" "4933435E02Rik" 0 NA NA NA NA 0 0 "Uqcrc2_noRT" "non-targeting_noRT"
"30048" "Proc" 0 NA NA NA NA 0 0 "Uqcrc2_noRT" "non-targeting_noRT"
"30049" "A830052D11Rik" 0 NA NA NA NA 0 0 "Uqcrc2_noRT" "non-targeting_noRT"
"30050" "Gm35060" 0 NA NA NA NA 0 0 "Uqcrc2_noRT" "non-targeting_noRT"
"30051" "Gm44577" 0 NA NA NA NA 0 0 "Uqcrc2_noRT" "non-targeting_noRT"
"30052" "Gypc" 0 NA NA NA NA 0 0 "Uqcrc2_noRT" "non-targeting_noRT"
"30053" "2310026I22Rik" 0 NA NA NA NA 0 0 "Uqcrc2_noRT" "non-targeting_noRT"
"30054" "Camk4" 0 NA NA NA NA 0 0 "Uqcrc2_noRT" "non-targeting_noRT"
"30055" "Nrep" 0 NA NA NA NA 0 0 "Uqcrc2_noRT" "non-targeting_noRT"
"30056" "Gm10549" 0 NA NA NA NA 0 0 "Uqcrc2_noRT" "non-targeting_noRT"
"30057" "Gm50265" 0 NA NA NA NA 0 0 "Uqcrc2_noRT" "non-targeting_noRT"
"30058" "Wnt8a" 0 NA NA NA NA 0 0 "Uqcrc2_noRT" "non-targeting_noRT"
"30059" "Nme5" 0 NA NA NA NA 0 0 "Uqcrc2_noRT" "non-targeting_noRT"
"30060" "Gfra3" 0 NA NA NA NA 0 0 "Uqcrc2_noRT" "non-targeting_noRT"
"30061" "Reep2" 0 NA NA NA NA 0 0 "Uqcrc2_noRT" "non-targeting_noRT"
"30062" "Gm36037" 0 NA NA NA NA 0 0 "Uqcrc2_noRT" "non-targeting_noRT"
"30063" "Gm3587" 0 NA NA NA NA 0 0 "Uqcrc2_noRT" "non-targeting_noRT"
"30064" "Lrrtm2" 0 NA NA NA NA 0 0 "Uqcrc2_noRT" "non-targeting_noRT"
"30065" "Gm50146" 0 NA NA NA NA 0 0 "Uqcrc2_noRT" "non-targeting_noRT"
"30066" "Gm50145" 0 NA NA NA NA 0 0 "Uqcrc2_noRT" "non-targeting_noRT"
"30067" "Snhg4.1" 0 NA NA NA NA 0 0 "Uqcrc2_noRT" "non-targeting_noRT"
"30068" "Gm50163" 0 NA NA NA NA 0 0 "Uqcrc2_noRT" "non-targeting_noRT"
"30069" "Slc23a1" 0 NA NA NA NA 0 0 "Uqcrc2_noRT" "non-targeting_noRT"
"30070" "Mzb1" 0 NA NA NA NA 0 0 "Uqcrc2_noRT" "non-targeting_noRT"
"30071" "Prob1" 0 NA NA NA NA 0 0 "Uqcrc2_noRT" "non-targeting_noRT"
"30072" "Gm29417" 0 NA NA NA NA 0 0 "Uqcrc2_noRT" "non-targeting_noRT"
"30073" "Gm50399" 0 NA NA NA NA 0 0 "Uqcrc2_noRT" "non-targeting_noRT"
"30074" "Gm41693" 0 NA NA NA NA 0 0 "Uqcrc2_noRT" "non-targeting_noRT"
"30075" "Gm36315" 0 NA NA NA NA 0 0 "Uqcrc2_noRT" "non-targeting_noRT"
"30076" "C330008A17Rik" 0 NA NA NA NA 0 0 "Uqcrc2_noRT" "non-targeting_noRT"
"30077" "Gm50405" 0 NA NA NA NA 0 0 "Uqcrc2_noRT" "non-targeting_noRT"
"30078" "Psd2" 0 NA NA NA NA 0 0 "Uqcrc2_noRT" "non-targeting_noRT"
"30079" "Nrg2" 0 NA NA NA NA 0 0 "Uqcrc2_noRT" "non-targeting_noRT"
"30080" "4930471G03Rik" 0 NA NA NA NA 0 0 "Uqcrc2_noRT" "non-targeting_noRT"
"30081" "Gm50199" 0 NA NA NA NA 0 0 "Uqcrc2_noRT" "non-targeting_noRT"
"30082" "Slc4a9" 0 NA NA NA NA 0 0 "Uqcrc2_noRT" "non-targeting_noRT"
"30083" "Pcdha1" 0 NA NA NA NA 0 0 "Uqcrc2_noRT" "non-targeting_noRT"
"30084" "Gm37751" 0 NA NA NA NA 0 0 "Uqcrc2_noRT" "non-targeting_noRT"
"30085" "Pcdha2" 0 NA NA NA NA 0 0 "Uqcrc2_noRT" "non-targeting_noRT"
"30086" "Pcdha3" 0 NA NA NA NA 0 0 "Uqcrc2_noRT" "non-targeting_noRT"
"30087" "Pcdha4" 0 NA NA NA NA 0 0 "Uqcrc2_noRT" "non-targeting_noRT"
"30088" "Gm38225" 0 NA NA NA NA 0 0 "Uqcrc2_noRT" "non-targeting_noRT"
"30089" "Pcdha5" 0 NA NA NA NA 0 0 "Uqcrc2_noRT" "non-targeting_noRT"
"30090" "Gm37753" 0 NA NA NA NA 0 0 "Uqcrc2_noRT" "non-targeting_noRT"
"30091" "Pcdha6" 0 NA NA NA NA 0 0 "Uqcrc2_noRT" "non-targeting_noRT"
"30092" "Pcdha7" 0 NA NA NA NA 0 0 "Uqcrc2_noRT" "non-targeting_noRT"
"30093" "Pcdha8" 0 NA NA NA NA 0 0 "Uqcrc2_noRT" "non-targeting_noRT"
"30094" "Pcdha9" 0 NA NA NA NA 0 0 "Uqcrc2_noRT" "non-targeting_noRT"
"30095" "Pcdha11" 0 NA NA NA NA 0 0 "Uqcrc2_noRT" "non-targeting_noRT"
"30096" "Gm10545" 0 NA NA NA NA 0 0 "Uqcrc2_noRT" "non-targeting_noRT"
"30097" "Pcdha11.1" 0 NA NA NA NA 0 0 "Uqcrc2_noRT" "non-targeting_noRT"
"30098" "Pcdha12" 0 NA NA NA NA 0 0 "Uqcrc2_noRT" "non-targeting_noRT"
"30099" "Pcdhac1" 0 NA NA NA NA 0 0 "Uqcrc2_noRT" "non-targeting_noRT"
"30100" "Pcdhac2" 0 NA NA NA NA 0 0 "Uqcrc2_noRT" "non-targeting_noRT"
"30101" "Gm10544" 0 NA NA NA NA 0 0 "Uqcrc2_noRT" "non-targeting_noRT"
"30102" "Gm38097" 0 NA NA NA NA 0 0 "Uqcrc2_noRT" "non-targeting_noRT"
"30103" "Pcdhb1" 0 NA NA NA NA 0 0 "Uqcrc2_noRT" "non-targeting_noRT"
"30104" "Pcdhb2" 0 NA NA NA NA 0 0 "Uqcrc2_noRT" "non-targeting_noRT"
"30105" "Pcdhb3" 0 NA NA NA NA 0 0 "Uqcrc2_noRT" "non-targeting_noRT"
"30106" "Pcdhb4" 0 NA NA NA NA 0 0 "Uqcrc2_noRT" "non-targeting_noRT"
"30107" "Pcdhb5" 0 NA NA NA NA 0 0 "Uqcrc2_noRT" "non-targeting_noRT"
"30108" "Pcdhb6" 0 NA NA NA NA 0 0 "Uqcrc2_noRT" "non-targeting_noRT"
"30109" "Pcdhb8" 0 NA NA NA NA 0 0 "Uqcrc2_noRT" "non-targeting_noRT"
"30110" "Pcdhb9" 0 NA NA NA NA 0 0 "Uqcrc2_noRT" "non-targeting_noRT"
"30111" "Pcdhb10" 0 NA NA NA NA 0 0 "Uqcrc2_noRT" "non-targeting_noRT"
"30112" "Pcdhb11" 0 NA NA NA NA 0 0 "Uqcrc2_noRT" "non-targeting_noRT"
"30113" "Gm37446" 0 NA NA NA NA 0 0 "Uqcrc2_noRT" "non-targeting_noRT"
"30114" "Pcdhb12" 0 NA NA NA NA 0 0 "Uqcrc2_noRT" "non-targeting_noRT"
"30115" "Pcdhb13" 0 NA NA NA NA 0 0 "Uqcrc2_noRT" "non-targeting_noRT"
"30116" "Pcdhb17" 0 NA NA NA NA 0 0 "Uqcrc2_noRT" "non-targeting_noRT"
"30117" "Pcdhb18" 0 NA NA NA NA 0 0 "Uqcrc2_noRT" "non-targeting_noRT"
"30118" "Pcdhb19" 0 NA NA NA NA 0 0 "Uqcrc2_noRT" "non-targeting_noRT"
"30119" "4930517L18Rik" 0 NA NA NA NA 0 0 "Uqcrc2_noRT" "non-targeting_noRT"
"30120" "Slc25a2" 0 NA NA NA NA 0 0 "Uqcrc2_noRT" "non-targeting_noRT"
"30121" "Gm37118" 0 NA NA NA NA 0 0 "Uqcrc2_noRT" "non-targeting_noRT"
"30122" "Pcdhga2" 0 NA NA NA NA 0 0 "Uqcrc2_noRT" "non-targeting_noRT"
"30123" "Pcdhga4" 0 NA NA NA NA 0 0 "Uqcrc2_noRT" "non-targeting_noRT"
"30124" "Gm37165" 0 NA NA NA NA 0 0 "Uqcrc2_noRT" "non-targeting_noRT"
"30125" "Pcdhga9" 0 NA NA NA NA 0 0 "Uqcrc2_noRT" "non-targeting_noRT"
"30126" "Gm26672" 0 NA NA NA NA 0 0 "Uqcrc2_noRT" "non-targeting_noRT"
"30127" "Pcdhgb7" 0 NA NA NA NA 0 0 "Uqcrc2_noRT" "non-targeting_noRT"
"30128" "Pcdhga11" 0 NA NA NA NA 0 0 "Uqcrc2_noRT" "non-targeting_noRT"
"30129" "Gm30093" 0 NA NA NA NA 0 0 "Uqcrc2_noRT" "non-targeting_noRT"
"30130" "2010320O07Rik" 0 NA NA NA NA 0 0 "Uqcrc2_noRT" "non-targeting_noRT"
"30131" "Pcdh12" 0 NA NA NA NA 0 0 "Uqcrc2_noRT" "non-targeting_noRT"
"30132" "Gm5820" 0 NA NA NA NA 0 0 "Uqcrc2_noRT" "non-targeting_noRT"
"30133" "Gm15334" 0 NA NA NA NA 0 0 "Uqcrc2_noRT" "non-targeting_noRT"
"30134" "Gm15336" 0 NA NA NA NA 0 0 "Uqcrc2_noRT" "non-targeting_noRT"
"30135" "Gm50397" 0 NA NA NA NA 0 0 "Uqcrc2_noRT" "non-targeting_noRT"
"30136" "Gm30961" 0 NA NA NA NA 0 0 "Uqcrc2_noRT" "non-targeting_noRT"
"30137" "Pabpc2" 0 NA NA NA NA 0 0 "Uqcrc2_noRT" "non-targeting_noRT"
"30138" "Gm41708" 0 NA NA NA NA 0 0 "Uqcrc2_noRT" "non-targeting_noRT"
"30139" "Gm50395" 0 NA NA NA NA 0 0 "Uqcrc2_noRT" "non-targeting_noRT"
"30140" "Gm50396" 0 NA NA NA NA 0 0 "Uqcrc2_noRT" "non-targeting_noRT"
"30141" "Gm31087" 0 NA NA NA NA 0 0 "Uqcrc2_noRT" "non-targeting_noRT"
"30142" "Kctd16" 0 NA NA NA NA 0 0 "Uqcrc2_noRT" "non-targeting_noRT"
"30143" "Gm31019" 0 NA NA NA NA 0 0 "Uqcrc2_noRT" "non-targeting_noRT"
"30144" "C030017B01Rik" 0 NA NA NA NA 0 0 "Uqcrc2_noRT" "non-targeting_noRT"
"30145" "Gm31205" 0 NA NA NA NA 0 0 "Uqcrc2_noRT" "non-targeting_noRT"
"30146" "Gm50410" 0 NA NA NA NA 0 0 "Uqcrc2_noRT" "non-targeting_noRT"
"30147" "Grxcr2" 0 NA NA NA NA 0 0 "Uqcrc2_noRT" "non-targeting_noRT"
"30148" "Sh3rf2" 0 NA NA NA NA 0 0 "Uqcrc2_noRT" "non-targeting_noRT"
"30149" "Plac8l1" 0 NA NA NA NA 0 0 "Uqcrc2_noRT" "non-targeting_noRT"
"30150" "Pou4f3" 0 NA NA NA NA 0 0 "Uqcrc2_noRT" "non-targeting_noRT"
"30151" "Gpr151" 0 NA NA NA NA 0 0 "Uqcrc2_noRT" "non-targeting_noRT"
"30152" "Gm50214" 0 NA NA NA NA 0 0 "Uqcrc2_noRT" "non-targeting_noRT"
"30153" "C030004G16Rik" 0 NA NA NA NA 0 0 "Uqcrc2_noRT" "non-targeting_noRT"
"30154" "4933407I08Rik" 0 NA NA NA NA 0 0 "Uqcrc2_noRT" "non-targeting_noRT"
"30155" "4930588A03Rik" 0 NA NA NA NA 0 0 "Uqcrc2_noRT" "non-targeting_noRT"
"30156" "AC156546.1" 0 NA NA NA NA 0 0 "Uqcrc2_noRT" "non-targeting_noRT"
"30157" "Spink1" 0 NA NA NA NA 0 0 "Uqcrc2_noRT" "non-targeting_noRT"
"30158" "Scgb3a2" 0 NA NA NA NA 0 0 "Uqcrc2_noRT" "non-targeting_noRT"
"30159" "Gm94" 0 NA NA NA NA 0 0 "Uqcrc2_noRT" "non-targeting_noRT"
"30160" "Gm41715" 0 NA NA NA NA 0 0 "Uqcrc2_noRT" "non-targeting_noRT"
"30161" "Gm50207" 0 NA NA NA NA 0 0 "Uqcrc2_noRT" "non-targeting_noRT"
"30162" "Spink5" 0 NA NA NA NA 0 0 "Uqcrc2_noRT" "non-targeting_noRT"
"30163" "Spink14" 0 NA NA NA NA 0 0 "Uqcrc2_noRT" "non-targeting_noRT"
"30164" "Spink6" 0 NA NA NA NA 0 0 "Uqcrc2_noRT" "non-targeting_noRT"
"30165" "Spink12" 0 NA NA NA NA 0 0 "Uqcrc2_noRT" "non-targeting_noRT"
"30166" "Gm37797" 0 NA NA NA NA 0 0 "Uqcrc2_noRT" "non-targeting_noRT"
"30167" "Gm10267" 0 NA NA NA NA 0 0 "Uqcrc2_noRT" "non-targeting_noRT"
"30168" "Spinkl" 0 NA NA NA NA 0 0 "Uqcrc2_noRT" "non-targeting_noRT"
"30169" "Spink11" 0 NA NA NA NA 0 0 "Uqcrc2_noRT" "non-targeting_noRT"
"30170" "Gm10542" 0 NA NA NA NA 0 0 "Uqcrc2_noRT" "non-targeting_noRT"
"30171" "Npy6r" 0 NA NA NA NA 0 0 "Uqcrc2_noRT" "non-targeting_noRT"
"30172" "Gm41717" 0 NA NA NA NA 0 0 "Uqcrc2_noRT" "non-targeting_noRT"
"30173" "Myot" 0 NA NA NA NA 0 0 "Uqcrc2_noRT" "non-targeting_noRT"
"30174" "A930012L18Rik" 0 NA NA NA NA 0 0 "Uqcrc2_noRT" "non-targeting_noRT"
"30175" "Gm31706" 0 NA NA NA NA 0 0 "Uqcrc2_noRT" "non-targeting_noRT"
"30176" "Kcnn2" 0 NA NA NA NA 0 0 "Uqcrc2_noRT" "non-targeting_noRT"
"30177" "A330093E20Rik" 0 NA NA NA NA 0 0 "Uqcrc2_noRT" "non-targeting_noRT"
"30178" "Trim36" 0 NA NA NA NA 0 0 "Uqcrc2_noRT" "non-targeting_noRT"
"30179" "Gm4107" 0 NA NA NA NA 0 0 "Uqcrc2_noRT" "non-targeting_noRT"
"30180" "Ticam2" 0 NA NA NA NA 0 0 "Uqcrc2_noRT" "non-targeting_noRT"
"30181" "Gm3734" 0 NA NA NA NA 0 0 "Uqcrc2_noRT" "non-targeting_noRT"
"30182" "Lvrn" 0 NA NA NA NA 0 0 "Uqcrc2_noRT" "non-targeting_noRT"
"30183" "Arl14epl" 0 NA NA NA NA 0 0 "Uqcrc2_noRT" "non-targeting_noRT"
"30184" "Gm49974" 0 NA NA NA NA 0 0 "Uqcrc2_noRT" "non-targeting_noRT"
"30185" "Gm49975" 0 NA NA NA NA 0 0 "Uqcrc2_noRT" "non-targeting_noRT"
"30186" "Gm50086" 0 NA NA NA NA 0 0 "Uqcrc2_noRT" "non-targeting_noRT"
"30187" "Gm5095" 0 NA NA NA NA 0 0 "Uqcrc2_noRT" "non-targeting_noRT"
"30188" "Gm41720" 0 NA NA NA NA 0 0 "Uqcrc2_noRT" "non-targeting_noRT"
"30189" "Gm4146" 0 NA NA NA NA 0 0 "Uqcrc2_noRT" "non-targeting_noRT"
"30190" "G630055G22Rik" 0 NA NA NA NA 0 0 "Uqcrc2_noRT" "non-targeting_noRT"
"30191" "Gm50229" 0 NA NA NA NA 0 0 "Uqcrc2_noRT" "non-targeting_noRT"
"30192" "1700044K03Rik" 0 NA NA NA NA 0 0 "Uqcrc2_noRT" "non-targeting_noRT"
"30193" "1700065O20Rik" 0 NA NA NA NA 0 0 "Uqcrc2_noRT" "non-targeting_noRT"
"30194" "Fam170a" 0 NA NA NA NA 0 0 "Uqcrc2_noRT" "non-targeting_noRT"
"30195" "Pudp" 0 NA NA NA NA 0 0 "Uqcrc2_noRT" "non-targeting_noRT"
"30196" "Prr16" 0 NA NA NA NA 0 0 "Uqcrc2_noRT" "non-targeting_noRT"
"30197" "Gm50446" 0 NA NA NA NA 0 0 "Uqcrc2_noRT" "non-targeting_noRT"
"30198" "Ftmt" 0 NA NA NA NA 0 0 "Uqcrc2_noRT" "non-targeting_noRT"
"30199" "Lox" 0 NA NA NA NA 0 0 "Uqcrc2_noRT" "non-targeting_noRT"
"30200" "Zfp474" 0 NA NA NA NA 0 0 "Uqcrc2_noRT" "non-targeting_noRT"
"30201" "1700034E13Rik" 0 NA NA NA NA 0 0 "Uqcrc2_noRT" "non-targeting_noRT"
"30202" "Gykl1" 0 NA NA NA NA 0 0 "Uqcrc2_noRT" "non-targeting_noRT"
"30203" "Ancv1r" 0 NA NA NA NA 0 0 "Uqcrc2_noRT" "non-targeting_noRT"
"30204" "Gm19466" 0 NA NA NA NA 0 0 "Uqcrc2_noRT" "non-targeting_noRT"
"30205" "Redrum" 0 NA NA NA NA 0 0 "Uqcrc2_noRT" "non-targeting_noRT"
"30206" "Gm50361" 0 NA NA NA NA 0 0 "Uqcrc2_noRT" "non-targeting_noRT"
"30207" "4933434P08Rik" 0 NA NA NA NA 0 0 "Uqcrc2_noRT" "non-targeting_noRT"
"30208" "9330117O12Rik" 0 NA NA NA NA 0 0 "Uqcrc2_noRT" "non-targeting_noRT"
"30209" "Gm33732" 0 NA NA NA NA 0 0 "Uqcrc2_noRT" "non-targeting_noRT"
"30210" "AC163347.1" 0 NA NA NA NA 0 0 "Uqcrc2_noRT" "non-targeting_noRT"
"30211" "Gm4230" 0 NA NA NA NA 0 0 "Uqcrc2_noRT" "non-targeting_noRT"
"30212" "Tex43" 0 NA NA NA NA 0 0 "Uqcrc2_noRT" "non-targeting_noRT"
"30213" "Gm50288" 0 NA NA NA NA 0 0 "Uqcrc2_noRT" "non-targeting_noRT"
"30214" "Gm15345" 0 NA NA NA NA 0 0 "Uqcrc2_noRT" "non-targeting_noRT"
"30215" "Gm50201" 0 NA NA NA NA 0 0 "Uqcrc2_noRT" "non-targeting_noRT"
"30216" "4930511M06Rik" 0 NA NA NA NA 0 0 "Uqcrc2_noRT" "non-targeting_noRT"
"30217" "Ctxn3" 0 NA NA NA NA 0 0 "Uqcrc2_noRT" "non-targeting_noRT"
"30218" "1700066O22Rik" 0 NA NA NA NA 0 0 "Uqcrc2_noRT" "non-targeting_noRT"
"30219" "2210409D07Rik" 0 NA NA NA NA 0 0 "Uqcrc2_noRT" "non-targeting_noRT"
"30220" "Gm19519" 0 NA NA NA NA 0 0 "Uqcrc2_noRT" "non-targeting_noRT"
"30221" "Gm50227" 0 NA NA NA NA 0 0 "Uqcrc2_noRT" "non-targeting_noRT"
"30222" "Adamts19" 0 NA NA NA NA 0 0 "Uqcrc2_noRT" "non-targeting_noRT"
"30223" "Minar2" 0 NA NA NA NA 0 0 "Uqcrc2_noRT" "non-targeting_noRT"
"30224" "Gm38695" 0 NA NA NA NA 0 0 "Uqcrc2_noRT" "non-targeting_noRT"
"30225" "Gm50237" 0 NA NA NA NA 0 0 "Uqcrc2_noRT" "non-targeting_noRT"
"30226" "Myoz3" 0 NA NA NA NA 0 0 "Uqcrc2_noRT" "non-targeting_noRT"
"30227" "Arsi" 0 NA NA NA NA 0 0 "Uqcrc2_noRT" "non-targeting_noRT"
"30228" "Camk2a" 0 NA NA NA NA 0 0 "Uqcrc2_noRT" "non-targeting_noRT"
"30229" "Slc6a7" 0 NA NA NA NA 0 0 "Uqcrc2_noRT" "non-targeting_noRT"
"30230" "Cdx1" 0 NA NA NA NA 0 0 "Uqcrc2_noRT" "non-targeting_noRT"
"30231" "Pdgfrb" 0 NA NA NA NA 0 0 "Uqcrc2_noRT" "non-targeting_noRT"
"30232" "Pde6a" 0 NA NA NA NA 0 0 "Uqcrc2_noRT" "non-targeting_noRT"
"30233" "Lncbate10" 0 NA NA NA NA 0 0 "Uqcrc2_noRT" "non-targeting_noRT"
"30234" "Gm46637" 0 NA NA NA NA 0 0 "Uqcrc2_noRT" "non-targeting_noRT"
"30235" "Arhgef37" 0 NA NA NA NA 0 0 "Uqcrc2_noRT" "non-targeting_noRT"
"30236" "Carmn" 0 NA NA NA NA 0 0 "Uqcrc2_noRT" "non-targeting_noRT"
"30237" "Gm38165" 0 NA NA NA NA 0 0 "Uqcrc2_noRT" "non-targeting_noRT"
"30238" "Gm41750" 0 NA NA NA NA 0 0 "Uqcrc2_noRT" "non-targeting_noRT"
"30239" "Adrb2" 0 NA NA NA NA 0 0 "Uqcrc2_noRT" "non-targeting_noRT"
"30240" "Gm9949" 0 NA NA NA NA 0 0 "Uqcrc2_noRT" "non-targeting_noRT"
"30241" "Htr4" 0 NA NA NA NA 0 0 "Uqcrc2_noRT" "non-targeting_noRT"
"30242" "Gm36368" 0 NA NA NA NA 0 0 "Uqcrc2_noRT" "non-targeting_noRT"
"30243" "Spink7" 0 NA NA NA NA 0 0 "Uqcrc2_noRT" "non-targeting_noRT"
"30244" "Spink13" 0 NA NA NA NA 0 0 "Uqcrc2_noRT" "non-targeting_noRT"
"30245" "2700046A07Rik" 0 NA NA NA NA 0 0 "Uqcrc2_noRT" "non-targeting_noRT"
"30246" "Gm50128" 0 NA NA NA NA 0 0 "Uqcrc2_noRT" "non-targeting_noRT"
"30247" "Apcdd1" 0 NA NA NA NA 0 0 "Uqcrc2_noRT" "non-targeting_noRT"
"30248" "Gm26972" 0 NA NA NA NA 0 0 "Uqcrc2_noRT" "non-targeting_noRT"
"30249" "Gm50106" 0 NA NA NA NA 0 0 "Uqcrc2_noRT" "non-targeting_noRT"
"30250" "St8sia3os" 0 NA NA NA NA 0 0 "Uqcrc2_noRT" "non-targeting_noRT"
"30251" "St8sia3" 0 NA NA NA NA 0 0 "Uqcrc2_noRT" "non-targeting_noRT"
"30252" "Atp8b1" 0 NA NA NA NA 0 0 "Uqcrc2_noRT" "non-targeting_noRT"
"30253" "Gm50353" 0 NA NA NA NA 0 0 "Uqcrc2_noRT" "non-targeting_noRT"
"30254" "Gm29860" 0 NA NA NA NA 0 0 "Uqcrc2_noRT" "non-targeting_noRT"
"30255" "Gm50368" 0 NA NA NA NA 0 0 "Uqcrc2_noRT" "non-targeting_noRT"
"30256" "Gm29966" 0 NA NA NA NA 0 0 "Uqcrc2_noRT" "non-targeting_noRT"
"30257" "F730048M01Rik" 0 NA NA NA NA 0 0 "Uqcrc2_noRT" "non-targeting_noRT"
"30258" "Gm41757" 0 NA NA NA NA 0 0 "Uqcrc2_noRT" "non-targeting_noRT"
"30259" "Gm50221" 0 NA NA NA NA 0 0 "Uqcrc2_noRT" "non-targeting_noRT"
"30260" "Gm50228" 0 NA NA NA NA 0 0 "Uqcrc2_noRT" "non-targeting_noRT"
"30261" "Gm30018" 0 NA NA NA NA 0 0 "Uqcrc2_noRT" "non-targeting_noRT"
"30262" "Gm50115" 0 NA NA NA NA 0 0 "Uqcrc2_noRT" "non-targeting_noRT"
"30263" "Oacyl" 0 NA NA NA NA 0 0 "Uqcrc2_noRT" "non-targeting_noRT"
"30264" "Gm30094" 0 NA NA NA NA 0 0 "Uqcrc2_noRT" "non-targeting_noRT"
"30265" "Grp" 0 NA NA NA NA 0 0 "Uqcrc2_noRT" "non-targeting_noRT"
"30266" "Raxos1" 0 NA NA NA NA 0 0 "Uqcrc2_noRT" "non-targeting_noRT"
"30267" "Cplx4" 0 NA NA NA NA 0 0 "Uqcrc2_noRT" "non-targeting_noRT"
"30268" "Gm50142" 0 NA NA NA NA 0 0 "Uqcrc2_noRT" "non-targeting_noRT"
"30269" "Ccbe1" 0 NA NA NA NA 0 0 "Uqcrc2_noRT" "non-targeting_noRT"
"30270" "Gm50143" 0 NA NA NA NA 0 0 "Uqcrc2_noRT" "non-targeting_noRT"
"30271" "Gm15958" 0 NA NA NA NA 0 0 "Uqcrc2_noRT" "non-targeting_noRT"
"30272" "Pmaip1" 0 NA NA NA NA 0 0 "Uqcrc2_noRT" "non-targeting_noRT"
"30273" "Gm9926" 0 NA NA NA NA 0 0 "Uqcrc2_noRT" "non-targeting_noRT"
"30274" "Gm50161" 0 NA NA NA NA 0 0 "Uqcrc2_noRT" "non-targeting_noRT"
"30275" "Gm30190" 0 NA NA NA NA 0 0 "Uqcrc2_noRT" "non-targeting_noRT"
"30276" "Gm22219" 0 NA NA NA NA 0 0 "Uqcrc2_noRT" "non-targeting_noRT"
"30277" "Gm50162" 0 NA NA NA NA 0 0 "Uqcrc2_noRT" "non-targeting_noRT"
"30278" "Mc4r" 0 NA NA NA NA 0 0 "Uqcrc2_noRT" "non-targeting_noRT"
"30279" "Gm19784" 0 NA NA NA NA 0 0 "Uqcrc2_noRT" "non-targeting_noRT"
"30280" "Gm50164" 0 NA NA NA NA 0 0 "Uqcrc2_noRT" "non-targeting_noRT"
"30281" "Gm50165" 0 NA NA NA NA 0 0 "Uqcrc2_noRT" "non-targeting_noRT"
"30282" "Gm50166" 0 NA NA NA NA 0 0 "Uqcrc2_noRT" "non-targeting_noRT"
"30283" "Gnal" 0 NA NA NA NA 0 0 "Uqcrc2_noRT" "non-targeting_noRT"
"30284" "Gm50169" 0 NA NA NA NA 0 0 "Uqcrc2_noRT" "non-targeting_noRT"
"30285" "B430212C06Rik" 0 NA NA NA NA 0 0 "Uqcrc2_noRT" "non-targeting_noRT"
"30286" "4930549G23Rik" 0 NA NA NA NA 0 0 "Uqcrc2_noRT" "non-targeting_noRT"
"30287" "Mc5r" 0 NA NA NA NA 0 0 "Uqcrc2_noRT" "non-targeting_noRT"
"30288" "Mc2r" 0 NA NA NA NA 0 0 "Uqcrc2_noRT" "non-targeting_noRT"
"30289" "Gm29677" 0 NA NA NA NA 0 0 "Uqcrc2_noRT" "non-targeting_noRT"
"30290" "Gm30641" 0 NA NA NA NA 0 0 "Uqcrc2_noRT" "non-targeting_noRT"
"30291" "4930546C10Rik" 0 NA NA NA NA 0 0 "Uqcrc2_noRT" "non-targeting_noRT"
"30292" "Gm31294" 0 NA NA NA NA 0 0 "Uqcrc2_noRT" "non-targeting_noRT"
"30293" "A730085E03Rik" 0 NA NA NA NA 0 0 "Uqcrc2_noRT" "non-targeting_noRT"
"30294" "Gm4402" 0 NA NA NA NA 0 0 "Uqcrc2_noRT" "non-targeting_noRT"
"30295" "Gm50215" 0 NA NA NA NA 0 0 "Uqcrc2_noRT" "non-targeting_noRT"
"30296" "Ccdc68" 0 NA NA NA NA 0 0 "Uqcrc2_noRT" "non-targeting_noRT"
"30297" "1700061H18Rik" 0 NA NA NA NA 0 0 "Uqcrc2_noRT" "non-targeting_noRT"
"30298" "4930448D08Rik" 0 NA NA NA NA 0 0 "Uqcrc2_noRT" "non-targeting_noRT"
"30299" "Dynap" 0 NA NA NA NA 0 0 "Uqcrc2_noRT" "non-targeting_noRT"
"30300" "AC124764.1" 0 NA NA NA NA 0 0 "Uqcrc2_noRT" "non-targeting_noRT"
"30301" "Gm50261" 0 NA NA NA NA 0 0 "Uqcrc2_noRT" "non-targeting_noRT"
"30302" "Dcc" 0 NA NA NA NA 0 0 "Uqcrc2_noRT" "non-targeting_noRT"
"30303" "Gm31819" 0 NA NA NA NA 0 0 "Uqcrc2_noRT" "non-targeting_noRT"
"30304" "Gm31908" 0 NA NA NA NA 0 0 "Uqcrc2_noRT" "non-targeting_noRT"
"30305" "Gm32548" 0 NA NA NA NA 0 0 "Uqcrc2_noRT" "non-targeting_noRT"
"30306" "Mro" 0 NA NA NA NA 0 0 "Uqcrc2_noRT" "non-targeting_noRT"
"30307" "Mapk4" 0 NA NA NA NA 0 0 "Uqcrc2_noRT" "non-targeting_noRT"
"30308" "D730045A05Rik" 0 NA NA NA NA 0 0 "Uqcrc2_noRT" "non-targeting_noRT"
"30309" "Gm9925" 0 NA NA NA NA 0 0 "Uqcrc2_noRT" "non-targeting_noRT"
"30310" "Cfap53" 0 NA NA NA NA 0 0 "Uqcrc2_noRT" "non-targeting_noRT"
"30311" "1700120E14Rik" 0 NA NA NA NA 0 0 "Uqcrc2_noRT" "non-targeting_noRT"
"30312" "9030625G05Rik" 0 NA NA NA NA 0 0 "Uqcrc2_noRT" "non-targeting_noRT"
"30313" "Gm20544" 0 NA NA NA NA 0 0 "Uqcrc2_noRT" "non-targeting_noRT"
"30314" "Gm10532" 0 NA NA NA NA 0 0 "Uqcrc2_noRT" "non-targeting_noRT"
"30315" "1700034B16Rik" 0 NA NA NA NA 0 0 "Uqcrc2_noRT" "non-targeting_noRT"
"30316" "Zbtb7c" 0 NA NA NA NA 0 0 "Uqcrc2_noRT" "non-targeting_noRT"
"30317" "1700003O11Rik" 0 NA NA NA NA 0 0 "Uqcrc2_noRT" "non-targeting_noRT"
"30318" "2900057B20Rik" 0 NA NA NA NA 0 0 "Uqcrc2_noRT" "non-targeting_noRT"
"30319" "Gm31933" 0 NA NA NA NA 0 0 "Uqcrc2_noRT" "non-targeting_noRT"
"30320" "Skor2" 0 NA NA NA NA 0 0 "Uqcrc2_noRT" "non-targeting_noRT"
"30321" "Gm7276" 0 NA NA NA NA 0 0 "Uqcrc2_noRT" "non-targeting_noRT"
"30322" "St8sia5" 0 NA NA NA NA 0 0 "Uqcrc2_noRT" "non-targeting_noRT"
"30323" "Gm50284" 0 NA NA NA NA 0 0 "Uqcrc2_noRT" "non-targeting_noRT"
"30324" "Loxhd1" 0 NA NA NA NA 0 0 "Uqcrc2_noRT" "non-targeting_noRT"
"30325" "Rnf165" 0 NA NA NA NA 0 0 "Uqcrc2_noRT" "non-targeting_noRT"
"30326" "A330094K24Rik" 0 NA NA NA NA 0 0 "Uqcrc2_noRT" "non-targeting_noRT"
"30327" "F830208F22Rik" 0 NA NA NA NA 0 0 "Uqcrc2_noRT" "non-targeting_noRT"
"30328" "Siglec15" 0 NA NA NA NA 0 0 "Uqcrc2_noRT" "non-targeting_noRT"
"30329" "Slc14a1" 0 NA NA NA NA 0 0 "Uqcrc2_noRT" "non-targeting_noRT"
"30330" "Slc14a2" 0 NA NA NA NA 0 0 "Uqcrc2_noRT" "non-targeting_noRT"
"30331" "4931439C15Rik" 0 NA NA NA NA 0 0 "Uqcrc2_noRT" "non-targeting_noRT"
"30332" "Setbp1" 0 NA NA NA NA 0 0 "Uqcrc2_noRT" "non-targeting_noRT"
"30333" "Gm21886" 0 NA NA NA NA 0 0 "Uqcrc2_noRT" "non-targeting_noRT"
"30334" "Gm41787" 0 NA NA NA NA 0 0 "Uqcrc2_noRT" "non-targeting_noRT"
"30335" "Hsbp1l1" 0 NA NA NA NA 0 0 "Uqcrc2_noRT" "non-targeting_noRT"
"30336" "Kcng2" 0 NA NA NA NA 0 0 "Uqcrc2_noRT" "non-targeting_noRT"
"30337" "Gm26676" 0 NA NA NA NA 0 0 "Uqcrc2_noRT" "non-targeting_noRT"
"30338" "Gm50209" 0 NA NA NA NA 0 0 "Uqcrc2_noRT" "non-targeting_noRT"
"30339" "Gm41790" 0 NA NA NA NA 0 0 "Uqcrc2_noRT" "non-targeting_noRT"
"30340" "Gm50211" 0 NA NA NA NA 0 0 "Uqcrc2_noRT" "non-targeting_noRT"
"30341" "Gm47272" 0 NA NA NA NA 0 0 "Uqcrc2_noRT" "non-targeting_noRT"
"30342" "Gm27239" 0 NA NA NA NA 0 0 "Uqcrc2_noRT" "non-targeting_noRT"
"30343" "Gm50424" 0 NA NA NA NA 0 0 "Uqcrc2_noRT" "non-targeting_noRT"
"30344" "Gm50423" 0 NA NA NA NA 0 0 "Uqcrc2_noRT" "non-targeting_noRT"
"30345" "4930594M17Rik" 0 NA NA NA NA 0 0 "Uqcrc2_noRT" "non-targeting_noRT"
"30346" "Gm30192" 0 NA NA NA NA 0 0 "Uqcrc2_noRT" "non-targeting_noRT"
"30347" "Gm30288" 0 NA NA NA NA 0 0 "Uqcrc2_noRT" "non-targeting_noRT"
"30348" "Gm50412" 0 NA NA NA NA 0 0 "Uqcrc2_noRT" "non-targeting_noRT"
"30349" "Gm41792" 0 NA NA NA NA 0 0 "Uqcrc2_noRT" "non-targeting_noRT"
"30350" "Gm50414" 0 NA NA NA NA 0 0 "Uqcrc2_noRT" "non-targeting_noRT"
"30351" "Gm50290" 0 NA NA NA NA 0 0 "Uqcrc2_noRT" "non-targeting_noRT"
"30352" "Gm50291" 0 NA NA NA NA 0 0 "Uqcrc2_noRT" "non-targeting_noRT"
"30353" "Gm46614" 0 NA NA NA NA 0 0 "Uqcrc2_noRT" "non-targeting_noRT"
"30354" "Gm30454" 0 NA NA NA NA 0 0 "Uqcrc2_noRT" "non-targeting_noRT"
"30355" "Gm50292" 0 NA NA NA NA 0 0 "Uqcrc2_noRT" "non-targeting_noRT"
"30356" "Gm30593" 0 NA NA NA NA 0 0 "Uqcrc2_noRT" "non-targeting_noRT"
"30357" "Gm50294" 0 NA NA NA NA 0 0 "Uqcrc2_noRT" "non-targeting_noRT"
"30358" "Gm50298" 0 NA NA NA NA 0 0 "Uqcrc2_noRT" "non-targeting_noRT"
"30359" "Galr1" 0 NA NA NA NA 0 0 "Uqcrc2_noRT" "non-targeting_noRT"
"30360" "Gm50350" 0 NA NA NA NA 0 0 "Uqcrc2_noRT" "non-targeting_noRT"
"30361" "Gm50351" 0 NA NA NA NA 0 0 "Uqcrc2_noRT" "non-targeting_noRT"
"30362" "2210420H20Rik" 0 NA NA NA NA 0 0 "Uqcrc2_noRT" "non-targeting_noRT"
"30363" "Gm50356" 0 NA NA NA NA 0 0 "Uqcrc2_noRT" "non-targeting_noRT"
"30364" "4930592I03Rik" 0 NA NA NA NA 0 0 "Uqcrc2_noRT" "non-targeting_noRT"
"30365" "AC142100.1" 0 NA NA NA NA 0 0 "Uqcrc2_noRT" "non-targeting_noRT"
"30366" "Gm50437" 0 NA NA NA NA 0 0 "Uqcrc2_noRT" "non-targeting_noRT"
"30367" "1700095A13Rik" 0 NA NA NA NA 0 0 "Uqcrc2_noRT" "non-targeting_noRT"
"30368" "4921531P14Rik" 0 NA NA NA NA 0 0 "Uqcrc2_noRT" "non-targeting_noRT"
"30369" "Gm31503" 0 NA NA NA NA 0 0 "Uqcrc2_noRT" "non-targeting_noRT"
"30370" "Gm50413" 0 NA NA NA NA 0 0 "Uqcrc2_noRT" "non-targeting_noRT"
"30371" "4933401L05Rik" 0 NA NA NA NA 0 0 "Uqcrc2_noRT" "non-targeting_noRT"
"30372" "Gm50415" 0 NA NA NA NA 0 0 "Uqcrc2_noRT" "non-targeting_noRT"
"30373" "Gm50416" 0 NA NA NA NA 0 0 "Uqcrc2_noRT" "non-targeting_noRT"
"30374" "Gm50417" 0 NA NA NA NA 0 0 "Uqcrc2_noRT" "non-targeting_noRT"
"30375" "Gm50418" 0 NA NA NA NA 0 0 "Uqcrc2_noRT" "non-targeting_noRT"
"30376" "Gm31621" 0 NA NA NA NA 0 0 "Uqcrc2_noRT" "non-targeting_noRT"
"30377" "Gm50419" 0 NA NA NA NA 0 0 "Uqcrc2_noRT" "non-targeting_noRT"
"30378" "Gm31854" 0 NA NA NA NA 0 0 "Uqcrc2_noRT" "non-targeting_noRT"
"30379" "Gm50309" 0 NA NA NA NA 0 0 "Uqcrc2_noRT" "non-targeting_noRT"
"30380" "Gm50311" 0 NA NA NA NA 0 0 "Uqcrc2_noRT" "non-targeting_noRT"
"30381" "Cndp1" 0 NA NA NA NA 0 0 "Uqcrc2_noRT" "non-targeting_noRT"
"30382" "Gm50314" 0 NA NA NA NA 0 0 "Uqcrc2_noRT" "non-targeting_noRT"
"30383" "D030046N08Rik" 0 NA NA NA NA 0 0 "Uqcrc2_noRT" "non-targeting_noRT"
"30384" "Dipk1c" 0 NA NA NA NA 0 0 "Uqcrc2_noRT" "non-targeting_noRT"
"30385" "Gm38576" 0 NA NA NA NA 0 0 "Uqcrc2_noRT" "non-targeting_noRT"
"30386" "Gm17266" 0 NA NA NA NA 0 0 "Uqcrc2_noRT" "non-targeting_noRT"
"30387" "Gm16146" 0 NA NA NA NA 0 0 "Uqcrc2_noRT" "non-targeting_noRT"
"30388" "Gm50370" 0 NA NA NA NA 0 0 "Uqcrc2_noRT" "non-targeting_noRT"
"30389" "Gm50384" 0 NA NA NA NA 0 0 "Uqcrc2_noRT" "non-targeting_noRT"
"30390" "Gm50386" 0 NA NA NA NA 0 0 "Uqcrc2_noRT" "non-targeting_noRT"
"30391" "Cbln2" 0 NA NA NA NA 0 0 "Uqcrc2_noRT" "non-targeting_noRT"
"30392" "Gm5096" 0 NA NA NA NA 0 0 "Uqcrc2_noRT" "non-targeting_noRT"
"30393" "Gm50401" 0 NA NA NA NA 0 0 "Uqcrc2_noRT" "non-targeting_noRT"
"30394" "Cd226" 0 NA NA NA NA 0 0 "Uqcrc2_noRT" "non-targeting_noRT"
"30395" "Dok6" 0 NA NA NA NA 0 0 "Uqcrc2_noRT" "non-targeting_noRT"
"30396" "Gm18280" 0 NA NA NA NA 0 0 "Uqcrc2_noRT" "non-targeting_noRT"
"30397" "1700030N03Rik" 0 NA NA NA NA 0 0 "Uqcrc2_noRT" "non-targeting_noRT"
"30398" "Gm50428" 0 NA NA NA NA 0 0 "Uqcrc2_noRT" "non-targeting_noRT"
"30399" "Gm50427" 0 NA NA NA NA 0 0 "Uqcrc2_noRT" "non-targeting_noRT"
"30400" "Gm50426" 0 NA NA NA NA 0 0 "Uqcrc2_noRT" "non-targeting_noRT"
"30401" "Tesmin" 0 NA NA NA NA 0 0 "Uqcrc2_noRT" "non-targeting_noRT"
"30402" "Gal" 0 NA NA NA NA 0 0 "Uqcrc2_noRT" "non-targeting_noRT"
"30403" "Gm48696" 0 NA NA NA NA 0 0 "Uqcrc2_noRT" "non-targeting_noRT"
"30404" "Gm48683" 0 NA NA NA NA 0 0 "Uqcrc2_noRT" "non-targeting_noRT"
"30405" "Gm36787" 0 NA NA NA NA 0 0 "Uqcrc2_noRT" "non-targeting_noRT"
"30406" "Gm50375" 0 NA NA NA NA 0 0 "Uqcrc2_noRT" "non-targeting_noRT"
"30407" "Gm16066" 0 NA NA NA NA 0 0 "Uqcrc2_noRT" "non-targeting_noRT"
"30408" "Gm50383" 0 NA NA NA NA 0 0 "Uqcrc2_noRT" "non-targeting_noRT"
"30409" "Aldh3b3" 0 NA NA NA NA 0 0 "Uqcrc2_noRT" "non-targeting_noRT"
"30410" "Aldh3b2" 0 NA NA NA NA 0 0 "Uqcrc2_noRT" "non-targeting_noRT"
"30411" "Tbx10" 0 NA NA NA NA 0 0 "Uqcrc2_noRT" "non-targeting_noRT"
"30412" "Gm16312" 0 NA NA NA NA 0 0 "Uqcrc2_noRT" "non-targeting_noRT"
"30413" "Cabp2" 0 NA NA NA NA 0 0 "Uqcrc2_noRT" "non-targeting_noRT"
"30414" "Cabp4" 0 NA NA NA NA 0 0 "Uqcrc2_noRT" "non-targeting_noRT"
"30415" "Gpr152" 0 NA NA NA NA 0 0 "Uqcrc2_noRT" "non-targeting_noRT"
"30416" "Ptprcap" 0 NA NA NA NA 0 0 "Uqcrc2_noRT" "non-targeting_noRT"
"30417" "Gm17552" 0 NA NA NA NA 0 0 "Uqcrc2_noRT" "non-targeting_noRT"
"30418" "Gm50251" 0 NA NA NA NA 0 0 "Uqcrc2_noRT" "non-targeting_noRT"
"30419" "Gm30082" 0 NA NA NA NA 0 0 "Uqcrc2_noRT" "non-targeting_noRT"
"30420" "1500032F14Rik" 0 NA NA NA NA 0 0 "Uqcrc2_noRT" "non-targeting_noRT"
"30421" "Gm50152" 0 NA NA NA NA 0 0 "Uqcrc2_noRT" "non-targeting_noRT"
"30422" "Syt12" 0 NA NA NA NA 0 0 "Uqcrc2_noRT" "non-targeting_noRT"
"30423" "2010003K11Rik" 0 NA NA NA NA 0 0 "Uqcrc2_noRT" "non-targeting_noRT"
"30424" "Gm960" 0 NA NA NA NA 0 0 "Uqcrc2_noRT" "non-targeting_noRT"
"30425" "Sptbn2" 0 NA NA NA NA 0 0 "Uqcrc2_noRT" "non-targeting_noRT"
"30426" "Gm21844" 0 NA NA NA NA 0 0 "Uqcrc2_noRT" "non-targeting_noRT"
"30427" "Ccdc87" 0 NA NA NA NA 0 0 "Uqcrc2_noRT" "non-targeting_noRT"
"30428" "Actn3" 0 NA NA NA NA 0 0 "Uqcrc2_noRT" "non-targeting_noRT"
"30429" "Bbs1" 0 NA NA NA NA 0 0 "Uqcrc2_noRT" "non-targeting_noRT"
"30430" "Npas4" 0 NA NA NA NA 0 0 "Uqcrc2_noRT" "non-targeting_noRT"
"30431" "Cd248" 0 NA NA NA NA 0 0 "Uqcrc2_noRT" "non-targeting_noRT"
"30432" "Gm46658" 0 NA NA NA NA 0 0 "Uqcrc2_noRT" "non-targeting_noRT"
"30433" "Cnih2" 0 NA NA NA NA 0 0 "Uqcrc2_noRT" "non-targeting_noRT"
"30434" "Gm10817" 0 NA NA NA NA 0 0 "Uqcrc2_noRT" "non-targeting_noRT"
"30435" "Gal3st3" 0 NA NA NA NA 0 0 "Uqcrc2_noRT" "non-targeting_noRT"
"30436" "Gm42064" 0 NA NA NA NA 0 0 "Uqcrc2_noRT" "non-targeting_noRT"
"30437" "Catsper1" 0 NA NA NA NA 0 0 "Uqcrc2_noRT" "non-targeting_noRT"
"30438" "4930481A15Rik" 0 NA NA NA NA 0 0 "Uqcrc2_noRT" "non-targeting_noRT"
"30439" "Ctsw" 0 NA NA NA NA 0 0 "Uqcrc2_noRT" "non-targeting_noRT"
"30440" "Ovol1" 0 NA NA NA NA 0 0 "Uqcrc2_noRT" "non-targeting_noRT"
"30441" "1810058N15Rik" 0 NA NA NA NA 0 0 "Uqcrc2_noRT" "non-targeting_noRT"
"30442" "Gm50315" 0 NA NA NA NA 0 0 "Uqcrc2_noRT" "non-targeting_noRT"
"30443" "Kcnk7" 0 NA NA NA NA 0 0 "Uqcrc2_noRT" "non-targeting_noRT"
"30444" "Ehbp1l1" 0 NA NA NA NA 0 0 "Uqcrc2_noRT" "non-targeting_noRT"
"30445" "Gm16538" 0 NA NA NA NA 0 0 "Uqcrc2_noRT" "non-targeting_noRT"
"30446" "Slc22a20" 0 NA NA NA NA 0 0 "Uqcrc2_noRT" "non-targeting_noRT"
"30447" "Gm10814" 0 NA NA NA NA 0 0 "Uqcrc2_noRT" "non-targeting_noRT"
"30448" "Tmem262" 0 NA NA NA NA 0 0 "Uqcrc2_noRT" "non-targeting_noRT"
"30449" "Gm550" 0 NA NA NA NA 0 0 "Uqcrc2_noRT" "non-targeting_noRT"
"30450" "Naaladl1" 0 NA NA NA NA 0 0 "Uqcrc2_noRT" "non-targeting_noRT"
"30451" "Gpha2" 0 NA NA NA NA 0 0 "Uqcrc2_noRT" "non-targeting_noRT"
"30452" "Gm14963" 0 NA NA NA NA 0 0 "Uqcrc2_noRT" "non-targeting_noRT"
"30453" "Pygm" 0 NA NA NA NA 0 0 "Uqcrc2_noRT" "non-targeting_noRT"
"30454" "Rasgrp2" 0 NA NA NA NA 0 0 "Uqcrc2_noRT" "non-targeting_noRT"
"30455" "Gm14965" 0 NA NA NA NA 0 0 "Uqcrc2_noRT" "non-targeting_noRT"
"30456" "Nrxn2" 0 NA NA NA NA 0 0 "Uqcrc2_noRT" "non-targeting_noRT"
"30457" "Gm14964" 0 NA NA NA NA 0 0 "Uqcrc2_noRT" "non-targeting_noRT"
"30458" "Slc22a12" 0 NA NA NA NA 0 0 "Uqcrc2_noRT" "non-targeting_noRT"
"30459" "2410152P15Rik" 0 NA NA NA NA 0 0 "Uqcrc2_noRT" "non-targeting_noRT"
"30460" "Gm14968" 0 NA NA NA NA 0 0 "Uqcrc2_noRT" "non-targeting_noRT"
"30461" "CAAA01066123.1" 0 NA NA NA NA 0 0 "Uqcrc2_noRT" "non-targeting_noRT"
"30462" "Kcnk4" 0 NA NA NA NA 0 0 "Uqcrc2_noRT" "non-targeting_noRT"
"30463" "AC109619.1" 0 NA NA NA NA 0 0 "Uqcrc2_noRT" "non-targeting_noRT"
"30464" "Lgals12" 0 NA NA NA NA 0 0 "Uqcrc2_noRT" "non-targeting_noRT"
"30465" "Plaat5" 0 NA NA NA NA 0 0 "Uqcrc2_noRT" "non-targeting_noRT"
"30466" "Slc22a19" 0 NA NA NA NA 0 0 "Uqcrc2_noRT" "non-targeting_noRT"
"30467" "Slc22a26" 0 NA NA NA NA 0 0 "Uqcrc2_noRT" "non-targeting_noRT"
"30468" "Slc22a27" 0 NA NA NA NA 0 0 "Uqcrc2_noRT" "non-targeting_noRT"
"30469" "Slc22a28" 0 NA NA NA NA 0 0 "Uqcrc2_noRT" "non-targeting_noRT"
"30470" "Slc22a29" 0 NA NA NA NA 0 0 "Uqcrc2_noRT" "non-targeting_noRT"
"30471" "Gm41804" 0 NA NA NA NA 0 0 "Uqcrc2_noRT" "non-targeting_noRT"
"30472" "Slc22a30" 0 NA NA NA NA 0 0 "Uqcrc2_noRT" "non-targeting_noRT"
"30473" "Slc22a8" 0 NA NA NA NA 0 0 "Uqcrc2_noRT" "non-targeting_noRT"
"30474" "Slc22a6" 0 NA NA NA NA 0 0 "Uqcrc2_noRT" "non-targeting_noRT"
"30475" "9830166K06Rik" 0 NA NA NA NA 0 0 "Uqcrc2_noRT" "non-targeting_noRT"
"30476" "Chrm1" 0 NA NA NA NA 0 0 "Uqcrc2_noRT" "non-targeting_noRT"
"30477" "1700092M07Rik" 0 NA NA NA NA 0 0 "Uqcrc2_noRT" "non-targeting_noRT"
"30478" "Gm49403" 0 NA NA NA NA 0 0 "Uqcrc2_noRT" "non-targeting_noRT"
"30479" "Scgb1a1" 0 NA NA NA NA 0 0 "Uqcrc2_noRT" "non-targeting_noRT"
"30480" "Gm9750" 0 NA NA NA NA 0 0 "Uqcrc2_noRT" "non-targeting_noRT"
"30481" "Scgb2a2" 0 NA NA NA NA 0 0 "Uqcrc2_noRT" "non-targeting_noRT"
"30482" "Gm50322" 0 NA NA NA NA 0 0 "Uqcrc2_noRT" "non-targeting_noRT"
"30483" "Gm10143" 0 NA NA NA NA 0 0 "Uqcrc2_noRT" "non-targeting_noRT"
"30484" "Dagla" 0 NA NA NA NA 0 0 "Uqcrc2_noRT" "non-targeting_noRT"
"30485" "Gm30042" 0 NA NA NA NA 0 0 "Uqcrc2_noRT" "non-targeting_noRT"
"30486" "Syt7" 0 NA NA NA NA 0 0 "Uqcrc2_noRT" "non-targeting_noRT"
"30487" "Lrrc10b" 0 NA NA NA NA 0 0 "Uqcrc2_noRT" "non-targeting_noRT"
"30488" "Ppp1r32" 0 NA NA NA NA 0 0 "Uqcrc2_noRT" "non-targeting_noRT"
"30489" "Pga5" 0 NA NA NA NA 0 0 "Uqcrc2_noRT" "non-targeting_noRT"
"30490" "2210404E10Rik" 0 NA NA NA NA 0 0 "Uqcrc2_noRT" "non-targeting_noRT"
"30491" "Cd5" 0 NA NA NA NA 0 0 "Uqcrc2_noRT" "non-targeting_noRT"
"30492" "A430093F15Rik" 0 NA NA NA NA 0 0 "Uqcrc2_noRT" "non-targeting_noRT"
"30493" "Cd6" 0 NA NA NA NA 0 0 "Uqcrc2_noRT" "non-targeting_noRT"
"30494" "Slc15a3" 0 NA NA NA NA 0 0 "Uqcrc2_noRT" "non-targeting_noRT"
"30495" "Gm10802" 0 NA NA NA NA 0 0 "Uqcrc2_noRT" "non-targeting_noRT"
"30496" "Zp1" 0 NA NA NA NA 0 0 "Uqcrc2_noRT" "non-targeting_noRT"
"30497" "Ptgdr2" 0 NA NA NA NA 0 0 "Uqcrc2_noRT" "non-targeting_noRT"
"30498" "Ms4a10" 0 NA NA NA NA 0 0 "Uqcrc2_noRT" "non-targeting_noRT"
"30499" "Ms4a18" 0 NA NA NA NA 0 0 "Uqcrc2_noRT" "non-targeting_noRT"
"30500" "Gm28347" 0 NA NA NA NA 0 0 "Uqcrc2_noRT" "non-targeting_noRT"
"30501" "Ms4a8a" 0 NA NA NA NA 0 0 "Uqcrc2_noRT" "non-targeting_noRT"
"30502" "1700017D01Rik" 0 NA NA NA NA 0 0 "Uqcrc2_noRT" "non-targeting_noRT"
"30503" "1700025F22Rik" 0 NA NA NA NA 0 0 "Uqcrc2_noRT" "non-targeting_noRT"
"30504" "Ms4a13" 0 NA NA NA NA 0 0 "Uqcrc2_noRT" "non-targeting_noRT"
"30505" "4930526L06Rik" 0 NA NA NA NA 0 0 "Uqcrc2_noRT" "non-targeting_noRT"
"30506" "Ms4a12" 0 NA NA NA NA 0 0 "Uqcrc2_noRT" "non-targeting_noRT"
"30507" "Ms4a1" 0 NA NA NA NA 0 0 "Uqcrc2_noRT" "non-targeting_noRT"
"30508" "Ms4a5" 0 NA NA NA NA 0 0 "Uqcrc2_noRT" "non-targeting_noRT"
"30509" "Ms4a14" 0 NA NA NA NA 0 0 "Uqcrc2_noRT" "non-targeting_noRT"
"30510" "Ms4a7" 0 NA NA NA NA 0 0 "Uqcrc2_noRT" "non-targeting_noRT"
"30511" "Gm28935" 0 NA NA NA NA 0 0 "Uqcrc2_noRT" "non-targeting_noRT"
"30512" "Ms4a4a" 0 NA NA NA NA 0 0 "Uqcrc2_noRT" "non-targeting_noRT"
"30513" "BE692007" 0 NA NA NA NA 0 0 "Uqcrc2_noRT" "non-targeting_noRT"
"30514" "Gm19261" 0 NA NA NA NA 0 0 "Uqcrc2_noRT" "non-targeting_noRT"
"30515" "Ms4a6b" 0 NA NA NA NA 0 0 "Uqcrc2_noRT" "non-targeting_noRT"
"30516" "Ms4a2" 0 NA NA NA NA 0 0 "Uqcrc2_noRT" "non-targeting_noRT"
"30517" "Ms4a3" 0 NA NA NA NA 0 0 "Uqcrc2_noRT" "non-targeting_noRT"
"30518" "Oosp2" 0 NA NA NA NA 0 0 "Uqcrc2_noRT" "non-targeting_noRT"
"30519" "Oosp1" 0 NA NA NA NA 0 0 "Uqcrc2_noRT" "non-targeting_noRT"
"30520" "Oosp3" 0 NA NA NA NA 0 0 "Uqcrc2_noRT" "non-targeting_noRT"
"30521" "Cblif" 0 NA NA NA NA 0 0 "Uqcrc2_noRT" "non-targeting_noRT"
"30522" "Olfr1417" 0 NA NA NA NA 0 0 "Uqcrc2_noRT" "non-targeting_noRT"
"30523" "Olfr1418" 0 NA NA NA NA 0 0 "Uqcrc2_noRT" "non-targeting_noRT"
"30524" "Olfr1419" 0 NA NA NA NA 0 0 "Uqcrc2_noRT" "non-targeting_noRT"
"30525" "Olfr1420" 0 NA NA NA NA 0 0 "Uqcrc2_noRT" "non-targeting_noRT"
"30526" "Olfr1424" 0 NA NA NA NA 0 0 "Uqcrc2_noRT" "non-targeting_noRT"
"30527" "Olfr1425" 0 NA NA NA NA 0 0 "Uqcrc2_noRT" "non-targeting_noRT"
"30528" "Olfr1426" 0 NA NA NA NA 0 0 "Uqcrc2_noRT" "non-targeting_noRT"
"30529" "Olfr1427" 0 NA NA NA NA 0 0 "Uqcrc2_noRT" "non-targeting_noRT"
"30530" "Olfr1428" 0 NA NA NA NA 0 0 "Uqcrc2_noRT" "non-targeting_noRT"
"30531" "Olfr76" 0 NA NA NA NA 0 0 "Uqcrc2_noRT" "non-targeting_noRT"
"30532" "Olfr1555-ps1" 0 NA NA NA NA 0 0 "Uqcrc2_noRT" "non-targeting_noRT"
"30533" "Olfr1431" 0 NA NA NA NA 0 0 "Uqcrc2_noRT" "non-targeting_noRT"
"30534" "Olfr1432" 0 NA NA NA NA 0 0 "Uqcrc2_noRT" "non-targeting_noRT"
"30535" "Olfr262" 0 NA NA NA NA 0 0 "Uqcrc2_noRT" "non-targeting_noRT"
"30536" "Olfr235" 0 NA NA NA NA 0 0 "Uqcrc2_noRT" "non-targeting_noRT"
"30537" "Olfr1434" 0 NA NA NA NA 0 0 "Uqcrc2_noRT" "non-targeting_noRT"
"30538" "Olfr1436" 0 NA NA NA NA 0 0 "Uqcrc2_noRT" "non-targeting_noRT"
"30539" "Olfr1437" 0 NA NA NA NA 0 0 "Uqcrc2_noRT" "non-targeting_noRT"
"30540" "Olfr1438-ps1" 0 NA NA NA NA 0 0 "Uqcrc2_noRT" "non-targeting_noRT"
"30541" "Olfr1440" 0 NA NA NA NA 0 0 "Uqcrc2_noRT" "non-targeting_noRT"
"30542" "Olfr1441" 0 NA NA NA NA 0 0 "Uqcrc2_noRT" "non-targeting_noRT"
"30543" "Pfpl" 0 NA NA NA NA 0 0 "Uqcrc2_noRT" "non-targeting_noRT"
"30544" "A330040F15Rik" 0 NA NA NA NA 0 0 "Uqcrc2_noRT" "non-targeting_noRT"
"30545" "Gm47243" 0 NA NA NA NA 0 0 "Uqcrc2_noRT" "non-targeting_noRT"
"30546" "Gm47242" 0 NA NA NA NA 0 0 "Uqcrc2_noRT" "non-targeting_noRT"
"30547" "Gm4952" 0 NA NA NA NA 0 0 "Uqcrc2_noRT" "non-targeting_noRT"
"30548" "Glyat" 0 NA NA NA NA 0 0 "Uqcrc2_noRT" "non-targeting_noRT"
"30549" "Olfr1442" 0 NA NA NA NA 0 0 "Uqcrc2_noRT" "non-targeting_noRT"
"30550" "Olfr1443" 0 NA NA NA NA 0 0 "Uqcrc2_noRT" "non-targeting_noRT"
"30551" "Keg1" 0 NA NA NA NA 0 0 "Uqcrc2_noRT" "non-targeting_noRT"
"30552" "Gm15962" 0 NA NA NA NA 0 0 "Uqcrc2_noRT" "non-targeting_noRT"
"30553" "Gm5244" 0 NA NA NA NA 0 0 "Uqcrc2_noRT" "non-targeting_noRT"
"30554" "Olfr1444" 0 NA NA NA NA 0 0 "Uqcrc2_noRT" "non-targeting_noRT"
"30555" "Olfr1445" 0 NA NA NA NA 0 0 "Uqcrc2_noRT" "non-targeting_noRT"
"30556" "Olfr1446" 0 NA NA NA NA 0 0 "Uqcrc2_noRT" "non-targeting_noRT"
"30557" "Olfr1447" 0 NA NA NA NA 0 0 "Uqcrc2_noRT" "non-targeting_noRT"
"30558" "Olfr1448" 0 NA NA NA NA 0 0 "Uqcrc2_noRT" "non-targeting_noRT"
"30559" "Olfr1449" 0 NA NA NA NA 0 0 "Uqcrc2_noRT" "non-targeting_noRT"
"30560" "Olfr1450" 0 NA NA NA NA 0 0 "Uqcrc2_noRT" "non-targeting_noRT"
"30561" "Olfr1451" 0 NA NA NA NA 0 0 "Uqcrc2_noRT" "non-targeting_noRT"
"30562" "Olfr1453" 0 NA NA NA NA 0 0 "Uqcrc2_noRT" "non-targeting_noRT"
"30563" "Olfr1454" 0 NA NA NA NA 0 0 "Uqcrc2_noRT" "non-targeting_noRT"
"30564" "Olfr1457" 0 NA NA NA NA 0 0 "Uqcrc2_noRT" "non-targeting_noRT"
"30565" "Olfr1458" 0 NA NA NA NA 0 0 "Uqcrc2_noRT" "non-targeting_noRT"
"30566" "Olfr1461" 0 NA NA NA NA 0 0 "Uqcrc2_noRT" "non-targeting_noRT"
"30567" "Olfr1462" 0 NA NA NA NA 0 0 "Uqcrc2_noRT" "non-targeting_noRT"
"30568" "Olfr1463" 0 NA NA NA NA 0 0 "Uqcrc2_noRT" "non-targeting_noRT"
"30569" "Olfr1465" 0 NA NA NA NA 0 0 "Uqcrc2_noRT" "non-targeting_noRT"
"30570" "Olfr1466" 0 NA NA NA NA 0 0 "Uqcrc2_noRT" "non-targeting_noRT"
"30571" "Olfr1467" 0 NA NA NA NA 0 0 "Uqcrc2_noRT" "non-targeting_noRT"
"30572" "Olfr1469" 0 NA NA NA NA 0 0 "Uqcrc2_noRT" "non-targeting_noRT"
"30573" "Olfr1471" 0 NA NA NA NA 0 0 "Uqcrc2_noRT" "non-targeting_noRT"
"30574" "Olfr1472" 0 NA NA NA NA 0 0 "Uqcrc2_noRT" "non-targeting_noRT"
"30575" "Olfr1474" 0 NA NA NA NA 0 0 "Uqcrc2_noRT" "non-targeting_noRT"
"30576" "Olfr1475" 0 NA NA NA NA 0 0 "Uqcrc2_noRT" "non-targeting_noRT"
"30577" "Olfr1477" 0 NA NA NA NA 0 0 "Uqcrc2_noRT" "non-targeting_noRT"
"30578" "Olfr1480" 0 NA NA NA NA 0 0 "Uqcrc2_noRT" "non-targeting_noRT"
"30579" "Olfr1484" 0 NA NA NA NA 0 0 "Uqcrc2_noRT" "non-targeting_noRT"
"30580" "Olfr1487" 0 NA NA NA NA 0 0 "Uqcrc2_noRT" "non-targeting_noRT"
"30581" "Olfr1489" 0 NA NA NA NA 0 0 "Uqcrc2_noRT" "non-targeting_noRT"
"30582" "Olfr1490" 0 NA NA NA NA 0 0 "Uqcrc2_noRT" "non-targeting_noRT"
"30583" "Olfr1491" 0 NA NA NA NA 0 0 "Uqcrc2_noRT" "non-targeting_noRT"
"30584" "Olfr1493-ps1" 0 NA NA NA NA 0 0 "Uqcrc2_noRT" "non-targeting_noRT"
"30585" "Olfr1494" 0 NA NA NA NA 0 0 "Uqcrc2_noRT" "non-targeting_noRT"
"30586" "Olfr1495" 0 NA NA NA NA 0 0 "Uqcrc2_noRT" "non-targeting_noRT"
"30587" "Olfr1496" 0 NA NA NA NA 0 0 "Uqcrc2_noRT" "non-targeting_noRT"
"30588" "Olfr1497" 0 NA NA NA NA 0 0 "Uqcrc2_noRT" "non-targeting_noRT"
"30589" "Olfr1499" 0 NA NA NA NA 0 0 "Uqcrc2_noRT" "non-targeting_noRT"
"30590" "Olfr1500" 0 NA NA NA NA 0 0 "Uqcrc2_noRT" "non-targeting_noRT"
"30591" "Olfr1501" 0 NA NA NA NA 0 0 "Uqcrc2_noRT" "non-targeting_noRT"
"30592" "Olfr1502" 0 NA NA NA NA 0 0 "Uqcrc2_noRT" "non-targeting_noRT"
"30593" "Olfr1504" 0 NA NA NA NA 0 0 "Uqcrc2_noRT" "non-targeting_noRT"
"30594" "Olfr1505" 0 NA NA NA NA 0 0 "Uqcrc2_noRT" "non-targeting_noRT"
"30595" "Gm50348" 0 NA NA NA NA 0 0 "Uqcrc2_noRT" "non-targeting_noRT"
"30596" "C130060C02Rik" 0 NA NA NA NA 0 0 "Uqcrc2_noRT" "non-targeting_noRT"
"30597" "Gm50362" 0 NA NA NA NA 0 0 "Uqcrc2_noRT" "non-targeting_noRT"
"30598" "Gna14" 0 NA NA NA NA 0 0 "Uqcrc2_noRT" "non-targeting_noRT"
"30599" "Gm32341" 0 NA NA NA NA 0 0 "Uqcrc2_noRT" "non-targeting_noRT"
"30600" "Foxb2" 0 NA NA NA NA 0 0 "Uqcrc2_noRT" "non-targeting_noRT"
"30601" "Gm50277" 0 NA NA NA NA 0 0 "Uqcrc2_noRT" "non-targeting_noRT"
"30602" "Gcnt1" 0 NA NA NA NA 0 0 "Uqcrc2_noRT" "non-targeting_noRT"
"30603" "Pcsk5" 0 NA NA NA NA 0 0 "Uqcrc2_noRT" "non-targeting_noRT"
"30604" "Gm50181" 0 NA NA NA NA 0 0 "Uqcrc2_noRT" "non-targeting_noRT"
"30605" "Gm50182" 0 NA NA NA NA 0 0 "Uqcrc2_noRT" "non-targeting_noRT"
"30606" "Gm50202" 0 NA NA NA NA 0 0 "Uqcrc2_noRT" "non-targeting_noRT"
"30607" "Gm50212" 0 NA NA NA NA 0 0 "Uqcrc2_noRT" "non-targeting_noRT"
"30608" "Gm41815" 0 NA NA NA NA 0 0 "Uqcrc2_noRT" "non-targeting_noRT"
"30609" "Gm50216" 0 NA NA NA NA 0 0 "Uqcrc2_noRT" "non-targeting_noRT"
"30610" "Gm3728" 0 NA NA NA NA 0 0 "Uqcrc2_noRT" "non-targeting_noRT"
"30611" "Gm32629" 0 NA NA NA NA 0 0 "Uqcrc2_noRT" "non-targeting_noRT"
"30612" "C730002L08Rik" 0 NA NA NA NA 0 0 "Uqcrc2_noRT" "non-targeting_noRT"
"30613" "Aldh1a7" 0 NA NA NA NA 0 0 "Uqcrc2_noRT" "non-targeting_noRT"
"30614" "Tmc1" 0 NA NA NA NA 0 0 "Uqcrc2_noRT" "non-targeting_noRT"
"30615" "Gm32750" 0 NA NA NA NA 0 0 "Uqcrc2_noRT" "non-targeting_noRT"
"30616" "AC106834.1" 0 NA NA NA NA 0 0 "Uqcrc2_noRT" "non-targeting_noRT"
"30617" "Gm50236" 0 NA NA NA NA 0 0 "Uqcrc2_noRT" "non-targeting_noRT"
"30618" "Gm50255" 0 NA NA NA NA 0 0 "Uqcrc2_noRT" "non-targeting_noRT"
"30619" "Gda" 0 NA NA NA NA 0 0 "Uqcrc2_noRT" "non-targeting_noRT"
"30620" "Gm50130" 0 NA NA NA NA 0 0 "Uqcrc2_noRT" "non-targeting_noRT"
"30621" "Gm50133" 0 NA NA NA NA 0 0 "Uqcrc2_noRT" "non-targeting_noRT"
"30622" "Gm41819" 0 NA NA NA NA 0 0 "Uqcrc2_noRT" "non-targeting_noRT"
"30623" "Gm50134" 0 NA NA NA NA 0 0 "Uqcrc2_noRT" "non-targeting_noRT"
"30624" "Gm27151" 0 NA NA NA NA 0 0 "Uqcrc2_noRT" "non-targeting_noRT"
"30625" "C330002G04Rik" 0 NA NA NA NA 0 0 "Uqcrc2_noRT" "non-targeting_noRT"
"30626" "Gm50136" 0 NA NA NA NA 0 0 "Uqcrc2_noRT" "non-targeting_noRT"
"30627" "Gm41821" 0 NA NA NA NA 0 0 "Uqcrc2_noRT" "non-targeting_noRT"
"30628" "Gm50445" 0 NA NA NA NA 0 0 "Uqcrc2_noRT" "non-targeting_noRT"
"30629" "1700028P14Rik" 0 NA NA NA NA 0 0 "Uqcrc2_noRT" "non-targeting_noRT"
"30630" "Gm50299" 0 NA NA NA NA 0 0 "Uqcrc2_noRT" "non-targeting_noRT"
"30631" "Apba1" 0 NA NA NA NA 0 0 "Uqcrc2_noRT" "non-targeting_noRT"
"30632" "Gm50301" 0 NA NA NA NA 0 0 "Uqcrc2_noRT" "non-targeting_noRT"
"30633" "Fam189a2" 0 NA NA NA NA 0 0 "Uqcrc2_noRT" "non-targeting_noRT"
"30634" "1700021P04Rik" 0 NA NA NA NA 0 0 "Uqcrc2_noRT" "non-targeting_noRT"
"30635" "Pip5k1b" 0 NA NA NA NA 0 0 "Uqcrc2_noRT" "non-targeting_noRT"
"30636" "Pip5k1bos" 0 NA NA NA NA 0 0 "Uqcrc2_noRT" "non-targeting_noRT"
"30637" "Gm50341" 0 NA NA NA NA 0 0 "Uqcrc2_noRT" "non-targeting_noRT"
"30638" "Tmem252" 0 NA NA NA NA 0 0 "Uqcrc2_noRT" "non-targeting_noRT"
"30639" "Foxd4" 0 NA NA NA NA 0 0 "Uqcrc2_noRT" "non-targeting_noRT"
"30640" "Dmrt1" 0 NA NA NA NA 0 0 "Uqcrc2_noRT" "non-targeting_noRT"
"30641" "Dmrt3" 0 NA NA NA NA 0 0 "Uqcrc2_noRT" "non-targeting_noRT"
"30642" "1700048O14Rik" 0 NA NA NA NA 0 0 "Uqcrc2_noRT" "non-targeting_noRT"
"30643" "Gm50376" 0 NA NA NA NA 0 0 "Uqcrc2_noRT" "non-targeting_noRT"
"30644" "Gm50377" 0 NA NA NA NA 0 0 "Uqcrc2_noRT" "non-targeting_noRT"
"30645" "Gm50378" 0 NA NA NA NA 0 0 "Uqcrc2_noRT" "non-targeting_noRT"
"30646" "Gm34808" 0 NA NA NA NA 0 0 "Uqcrc2_noRT" "non-targeting_noRT"
"30647" "Gm48775" 0 NA NA NA NA 0 0 "Uqcrc2_noRT" "non-targeting_noRT"
"30648" "4931403E22Rik" 0 NA NA NA NA 0 0 "Uqcrc2_noRT" "non-targeting_noRT"
"30649" "Gm815" 0 NA NA NA NA 0 0 "Uqcrc2_noRT" "non-targeting_noRT"
"30650" "Gm35438" 0 NA NA NA NA 0 0 "Uqcrc2_noRT" "non-targeting_noRT"
"30651" "Gm35438.1" 0 NA NA NA NA 0 0 "Uqcrc2_noRT" "non-targeting_noRT"
"30652" "Gm50114" 0 NA NA NA NA 0 0 "Uqcrc2_noRT" "non-targeting_noRT"
"30653" "Kcnv2" 0 NA NA NA NA 0 0 "Uqcrc2_noRT" "non-targeting_noRT"
"30654" "Gm35554" 0 NA NA NA NA 0 0 "Uqcrc2_noRT" "non-targeting_noRT"
"30655" "Gm20407" 0 NA NA NA NA 0 0 "Uqcrc2_noRT" "non-targeting_noRT"
"30656" "Gm28228" 0 NA NA NA NA 0 0 "Uqcrc2_noRT" "non-targeting_noRT"
"30657" "D930032P07Rik" 0 NA NA NA NA 0 0 "Uqcrc2_noRT" "non-targeting_noRT"
"30658" "1700018L02Rik" 0 NA NA NA NA 0 0 "Uqcrc2_noRT" "non-targeting_noRT"
"30659" "Pdcd1lg2" 0 NA NA NA NA 0 0 "Uqcrc2_noRT" "non-targeting_noRT"
"30660" "Mlana" 0 NA NA NA NA 0 0 "Uqcrc2_noRT" "non-targeting_noRT"
"30661" "Gm50373" 0 NA NA NA NA 0 0 "Uqcrc2_noRT" "non-targeting_noRT"
"30662" "Trpd52l3" 0 NA NA NA NA 0 0 "Uqcrc2_noRT" "non-targeting_noRT"
"30663" "Mbl2" 0 NA NA NA NA 0 0 "Uqcrc2_noRT" "non-targeting_noRT"
"30664" "Dkk1" 0 NA NA NA NA 0 0 "Uqcrc2_noRT" "non-targeting_noRT"
"30665" "A1cf" 0 NA NA NA NA 0 0 "Uqcrc2_noRT" "non-targeting_noRT"
"30666" "9130016M20Rik" 0 NA NA NA NA 0 0 "Uqcrc2_noRT" "non-targeting_noRT"
"30667" "Gm50210" 0 NA NA NA NA 0 0 "Uqcrc2_noRT" "non-targeting_noRT"
"30668" "Gm36419" 0 NA NA NA NA 0 0 "Uqcrc2_noRT" "non-targeting_noRT"
"30669" "Gm36860" 0 NA NA NA NA 0 0 "Uqcrc2_noRT" "non-targeting_noRT"
"30670" "Gm29863" 0 NA NA NA NA 0 0 "Uqcrc2_noRT" "non-targeting_noRT"
"30671" "Gm29946" 0 NA NA NA NA 0 0 "Uqcrc2_noRT" "non-targeting_noRT"
"30672" "Lipo4" 0 NA NA NA NA 0 0 "Uqcrc2_noRT" "non-targeting_noRT"
"30673" "Lipo3" 0 NA NA NA NA 0 0 "Uqcrc2_noRT" "non-targeting_noRT"
"30674" "Gm8978" 0 NA NA NA NA 0 0 "Uqcrc2_noRT" "non-targeting_noRT"
"30675" "Lipo2" 0 NA NA NA NA 0 0 "Uqcrc2_noRT" "non-targeting_noRT"
"30676" "Lipo1" 0 NA NA NA NA 0 0 "Uqcrc2_noRT" "non-targeting_noRT"
"30677" "Lipf" 0 NA NA NA NA 0 0 "Uqcrc2_noRT" "non-targeting_noRT"
"30678" "Lipk" 0 NA NA NA NA 0 0 "Uqcrc2_noRT" "non-targeting_noRT"
"30679" "Lipn" 0 NA NA NA NA 0 0 "Uqcrc2_noRT" "non-targeting_noRT"
"30680" "Lipm" 0 NA NA NA NA 0 0 "Uqcrc2_noRT" "non-targeting_noRT"
"30681" "Ankrd22" 0 NA NA NA NA 0 0 "Uqcrc2_noRT" "non-targeting_noRT"
"30682" "Ch25h" 0 NA NA NA NA 0 0 "Uqcrc2_noRT" "non-targeting_noRT"
"30683" "Gm26902" 0 NA NA NA NA 0 0 "Uqcrc2_noRT" "non-targeting_noRT"
"30684" "Slc16a12" 0 NA NA NA NA 0 0 "Uqcrc2_noRT" "non-targeting_noRT"
"30685" "Gm50137" 0 NA NA NA NA 0 0 "Uqcrc2_noRT" "non-targeting_noRT"
"30686" "Gm50140" 0 NA NA NA NA 0 0 "Uqcrc2_noRT" "non-targeting_noRT"
"30687" "Gm41836" 0 NA NA NA NA 0 0 "Uqcrc2_noRT" "non-targeting_noRT"
"30688" "A830019P07Rik" 0 NA NA NA NA 0 0 "Uqcrc2_noRT" "non-targeting_noRT"
"30689" "Htr7" 0 NA NA NA NA 0 0 "Uqcrc2_noRT" "non-targeting_noRT"
"30690" "Ankrd1" 0 NA NA NA NA 0 0 "Uqcrc2_noRT" "non-targeting_noRT"
"30691" "Gm32081" 0 NA NA NA NA 0 0 "Uqcrc2_noRT" "non-targeting_noRT"
"30692" "Gm32027" 0 NA NA NA NA 0 0 "Uqcrc2_noRT" "non-targeting_noRT"
"30693" "Gm50147" 0 NA NA NA NA 0 0 "Uqcrc2_noRT" "non-targeting_noRT"
"30694" "Gm47735" 0 NA NA NA NA 0 0 "Uqcrc2_noRT" "non-targeting_noRT"
"30695" "F530104D19Rik" 0 NA NA NA NA 0 0 "Uqcrc2_noRT" "non-targeting_noRT"
"30696" "Hectd2os" 0 NA NA NA NA 0 0 "Uqcrc2_noRT" "non-targeting_noRT"
"30697" "Ppp1r3c" 0 NA NA NA NA 0 0 "Uqcrc2_noRT" "non-targeting_noRT"
"30698" "A330032B11Rik" 0 NA NA NA NA 0 0 "Uqcrc2_noRT" "non-targeting_noRT"
"30699" "1700122C19Rik" 0 NA NA NA NA 0 0 "Uqcrc2_noRT" "non-targeting_noRT"
"30700" "Cyp26c1" 0 NA NA NA NA 0 0 "Uqcrc2_noRT" "non-targeting_noRT"
"30701" "Cyp26a1" 0 NA NA NA NA 0 0 "Uqcrc2_noRT" "non-targeting_noRT"
"30702" "I830134H01Rik" 0 NA NA NA NA 0 0 "Uqcrc2_noRT" "non-targeting_noRT"
"30703" "Ffar4" 0 NA NA NA NA 0 0 "Uqcrc2_noRT" "non-targeting_noRT"
"30704" "Rbp4" 0 NA NA NA NA 0 0 "Uqcrc2_noRT" "non-targeting_noRT"
"30705" "Pde6c" 0 NA NA NA NA 0 0 "Uqcrc2_noRT" "non-targeting_noRT"
"30706" "Lgi1" 0 NA NA NA NA 0 0 "Uqcrc2_noRT" "non-targeting_noRT"
"30707" "Gm42723" 0 NA NA NA NA 0 0 "Uqcrc2_noRT" "non-targeting_noRT"
"30708" "Gm28991" 0 NA NA NA NA 0 0 "Uqcrc2_noRT" "non-targeting_noRT"
"30709" "Cyp2c55" 0 NA NA NA NA 0 0 "Uqcrc2_noRT" "non-targeting_noRT"
"30710" "Cyp2c65" 0 NA NA NA NA 0 0 "Uqcrc2_noRT" "non-targeting_noRT"
"30711" "Cyp2c66" 0 NA NA NA NA 0 0 "Uqcrc2_noRT" "non-targeting_noRT"
"30712" "Cyp2c29" 0 NA NA NA NA 0 0 "Uqcrc2_noRT" "non-targeting_noRT"
"30713" "Cyp2c38" 0 NA NA NA NA 0 0 "Uqcrc2_noRT" "non-targeting_noRT"
"30714" "Cyp2c39" 0 NA NA NA NA 0 0 "Uqcrc2_noRT" "non-targeting_noRT"
"30715" "Cyp2c67" 0 NA NA NA NA 0 0 "Uqcrc2_noRT" "non-targeting_noRT"
"30716" "Cyp2c68" 0 NA NA NA NA 0 0 "Uqcrc2_noRT" "non-targeting_noRT"
"30717" "Cyp2c40" 0 NA NA NA NA 0 0 "Uqcrc2_noRT" "non-targeting_noRT"
"30718" "Cyp2c69" 0 NA NA NA NA 0 0 "Uqcrc2_noRT" "non-targeting_noRT"
"30719" "Cyp2c37" 0 NA NA NA NA 0 0 "Uqcrc2_noRT" "non-targeting_noRT"
"30720" "Cyp2c54" 0 NA NA NA NA 0 0 "Uqcrc2_noRT" "non-targeting_noRT"
"30721" "Cyp2c50" 0 NA NA NA NA 0 0 "Uqcrc2_noRT" "non-targeting_noRT"
"30722" "Cyp2c70" 0 NA NA NA NA 0 0 "Uqcrc2_noRT" "non-targeting_noRT"
"30723" "A930028N01Rik" 0 NA NA NA NA 0 0 "Uqcrc2_noRT" "non-targeting_noRT"
"30724" "Entpd1" 0 NA NA NA NA 0 0 "Uqcrc2_noRT" "non-targeting_noRT"
"30725" "Gm50132" 0 NA NA NA NA 0 0 "Uqcrc2_noRT" "non-targeting_noRT"
"30726" "Cc2d2b" 0 NA NA NA NA 0 0 "Uqcrc2_noRT" "non-targeting_noRT"
"30727" "E030044B06Rik" 0 NA NA NA NA 0 0 "Uqcrc2_noRT" "non-targeting_noRT"
"30728" "Zfp518a" 0 NA NA NA NA 0 0 "Uqcrc2_noRT" "non-targeting_noRT"
"30729" "Blnk" 0 NA NA NA NA 0 0 "Uqcrc2_noRT" "non-targeting_noRT"
"30730" "Dntt" 0 NA NA NA NA 0 0 "Uqcrc2_noRT" "non-targeting_noRT"
"30731" "Tll2" 0 NA NA NA NA 0 0 "Uqcrc2_noRT" "non-targeting_noRT"
"30732" "Slit1" 0 NA NA NA NA 0 0 "Uqcrc2_noRT" "non-targeting_noRT"
"30733" "Ankrd2" 0 NA NA NA NA 0 0 "Uqcrc2_noRT" "non-targeting_noRT"
"30734" "4933411K16Rik" 0 NA NA NA NA 0 0 "Uqcrc2_noRT" "non-targeting_noRT"
"30735" "Sfrp5" 0 NA NA NA NA 0 0 "Uqcrc2_noRT" "non-targeting_noRT"
"30736" "Golga7b" 0 NA NA NA NA 0 0 "Uqcrc2_noRT" "non-targeting_noRT"
"30737" "Crtac1" 0 NA NA NA NA 0 0 "Uqcrc2_noRT" "non-targeting_noRT"
"30738" "Gm34299" 0 NA NA NA NA 0 0 "Uqcrc2_noRT" "non-targeting_noRT"
"30739" "Gm16541" 0 NA NA NA NA 0 0 "Uqcrc2_noRT" "non-targeting_noRT"
"30740" "Loxl4" 0 NA NA NA NA 0 0 "Uqcrc2_noRT" "non-targeting_noRT"
"30741" "Gm19437" 0 NA NA NA NA 0 0 "Uqcrc2_noRT" "non-targeting_noRT"
"30742" "Hpse2" 0 NA NA NA NA 0 0 "Uqcrc2_noRT" "non-targeting_noRT"
"30743" "Gm34517" 0 NA NA NA NA 0 0 "Uqcrc2_noRT" "non-targeting_noRT"
"30744" "Gm47936" 0 NA NA NA NA 0 0 "Uqcrc2_noRT" "non-targeting_noRT"
"30745" "Gm47938" 0 NA NA NA NA 0 0 "Uqcrc2_noRT" "non-targeting_noRT"
"30746" "Gm50194" 0 NA NA NA NA 0 0 "Uqcrc2_noRT" "non-targeting_noRT"
"30747" "Gm34636" 0 NA NA NA NA 0 0 "Uqcrc2_noRT" "non-targeting_noRT"
"30748" "Gm20467" 0 NA NA NA NA 0 0 "Uqcrc2_noRT" "non-targeting_noRT"
"30749" "Nkx2-3" 0 NA NA NA NA 0 0 "Uqcrc2_noRT" "non-targeting_noRT"
"30750" "Gm34922" 0 NA NA NA NA 0 0 "Uqcrc2_noRT" "non-targeting_noRT"
"30751" "Gm50217" 0 NA NA NA NA 0 0 "Uqcrc2_noRT" "non-targeting_noRT"
"30752" "Cpn1" 0 NA NA NA NA 0 0 "Uqcrc2_noRT" "non-targeting_noRT"
"30753" "Cyp2c23" 0 NA NA NA NA 0 0 "Uqcrc2_noRT" "non-targeting_noRT"
"30754" "Pkd2l1" 0 NA NA NA NA 0 0 "Uqcrc2_noRT" "non-targeting_noRT"
"30755" "Gm50323" 0 NA NA NA NA 0 0 "Uqcrc2_noRT" "non-targeting_noRT"
"30756" "Scd4" 0 NA NA NA NA 0 0 "Uqcrc2_noRT" "non-targeting_noRT"
"30757" "Gm50337" 0 NA NA NA NA 0 0 "Uqcrc2_noRT" "non-targeting_noRT"
"30758" "Gm35406" 0 NA NA NA NA 0 0 "Uqcrc2_noRT" "non-targeting_noRT"
"30759" "Wnt8b" 0 NA NA NA NA 0 0 "Uqcrc2_noRT" "non-targeting_noRT"
"30760" "Sec31b" 0 NA NA NA NA 0 0 "Uqcrc2_noRT" "non-targeting_noRT"
"30761" "Gm35460" 0 NA NA NA NA 0 0 "Uqcrc2_noRT" "non-targeting_noRT"
"30762" "Gm26644" 0 NA NA NA NA 0 0 "Uqcrc2_noRT" "non-targeting_noRT"
"30763" "Gm35610" 0 NA NA NA NA 0 0 "Uqcrc2_noRT" "non-targeting_noRT"
"30764" "Pax2" 0 NA NA NA NA 0 0 "Uqcrc2_noRT" "non-targeting_noRT"
"30765" "Gm20395" 0 NA NA NA NA 0 0 "Uqcrc2_noRT" "non-targeting_noRT"
"30766" "1700039E22Rik" 0 NA NA NA NA 0 0 "Uqcrc2_noRT" "non-targeting_noRT"
"30767" "4930414N06Rik" 0 NA NA NA NA 0 0 "Uqcrc2_noRT" "non-targeting_noRT"
"30768" "Tlx1" 0 NA NA NA NA 0 0 "Uqcrc2_noRT" "non-targeting_noRT"
"30769" "Tlx1os" 0 NA NA NA NA 0 0 "Uqcrc2_noRT" "non-targeting_noRT"
"30770" "Lbx1" 0 NA NA NA NA 0 0 "Uqcrc2_noRT" "non-targeting_noRT"
"30771" "Gm29594" 0 NA NA NA NA 0 0 "Uqcrc2_noRT" "non-targeting_noRT"
"30772" "1700016H03Rik" 0 NA NA NA NA 0 0 "Uqcrc2_noRT" "non-targeting_noRT"
"30773" "Kcnip2" 0 NA NA NA NA 0 0 "Uqcrc2_noRT" "non-targeting_noRT"
"30774" "Gm50306" 0 NA NA NA NA 0 0 "Uqcrc2_noRT" "non-targeting_noRT"
"30775" "Pitx3" 0 NA NA NA NA 0 0 "Uqcrc2_noRT" "non-targeting_noRT"
"30776" "Gm16726" 0 NA NA NA NA 0 0 "Uqcrc2_noRT" "non-targeting_noRT"
"30777" "Gm36602" 0 NA NA NA NA 0 0 "Uqcrc2_noRT" "non-targeting_noRT"
"30778" "Cyp17a1" 0 NA NA NA NA 0 0 "Uqcrc2_noRT" "non-targeting_noRT"
"30779" "Ina" 0 NA NA NA NA 0 0 "Uqcrc2_noRT" "non-targeting_noRT"
"30780" "Calhm1" 0 NA NA NA NA 0 0 "Uqcrc2_noRT" "non-targeting_noRT"
"30781" "Calhm3" 0 NA NA NA NA 0 0 "Uqcrc2_noRT" "non-targeting_noRT"
"30782" "Gm36693" 0 NA NA NA NA 0 0 "Uqcrc2_noRT" "non-targeting_noRT"
"30783" "Gm50339" 0 NA NA NA NA 0 0 "Uqcrc2_noRT" "non-targeting_noRT"
"30784" "Gm16068" 0 NA NA NA NA 0 0 "Uqcrc2_noRT" "non-targeting_noRT"
"30785" "Col17a1" 0 NA NA NA NA 0 0 "Uqcrc2_noRT" "non-targeting_noRT"
"30786" "Gm50281" 0 NA NA NA NA 0 0 "Uqcrc2_noRT" "non-targeting_noRT"
"30787" "Gm50282" 0 NA NA NA NA 0 0 "Uqcrc2_noRT" "non-targeting_noRT"
"30788" "Cfap43" 0 NA NA NA NA 0 0 "Uqcrc2_noRT" "non-targeting_noRT"
"30789" "Gm50430" 0 NA NA NA NA 0 0 "Uqcrc2_noRT" "non-targeting_noRT"
"30790" "Gm50441" 0 NA NA NA NA 0 0 "Uqcrc2_noRT" "non-targeting_noRT"
"30791" "Gm50442" 0 NA NA NA NA 0 0 "Uqcrc2_noRT" "non-targeting_noRT"
"30792" "Gm45352" 0 NA NA NA NA 0 0 "Uqcrc2_noRT" "non-targeting_noRT"
"30793" "Gm26629" 0 NA NA NA NA 0 0 "Uqcrc2_noRT" "non-targeting_noRT"
"30794" "Gm50302" 0 NA NA NA NA 0 0 "Uqcrc2_noRT" "non-targeting_noRT"
"30795" "Gm50329" 0 NA NA NA NA 0 0 "Uqcrc2_noRT" "non-targeting_noRT"
"30796" "Ins1" 0 NA NA NA NA 0 0 "Uqcrc2_noRT" "non-targeting_noRT"
"30797" "Gm50331" 0 NA NA NA NA 0 0 "Uqcrc2_noRT" "non-targeting_noRT"
"30798" "Gm50332" 0 NA NA NA NA 0 0 "Uqcrc2_noRT" "non-targeting_noRT"
"30799" "AA387883" 0 NA NA NA NA 0 0 "Uqcrc2_noRT" "non-targeting_noRT"
"30800" "1700054A03Rik" 0 NA NA NA NA 0 0 "Uqcrc2_noRT" "non-targeting_noRT"
"30801" "Gm30381" 0 NA NA NA NA 0 0 "Uqcrc2_noRT" "non-targeting_noRT"
"30802" "Gm10197" 0 NA NA NA NA 0 0 "Uqcrc2_noRT" "non-targeting_noRT"
"30803" "4833407H14Rik" 0 NA NA NA NA 0 0 "Uqcrc2_noRT" "non-targeting_noRT"
"30804" "Rbm20" 0 NA NA NA NA 0 0 "Uqcrc2_noRT" "non-targeting_noRT"
"30805" "Gm16299" 0 NA NA NA NA 0 0 "Uqcrc2_noRT" "non-targeting_noRT"
"30806" "4930484I04Rik" 0 NA NA NA NA 0 0 "Uqcrc2_noRT" "non-targeting_noRT"
"30807" "Gm50186" 0 NA NA NA NA 0 0 "Uqcrc2_noRT" "non-targeting_noRT"
"30808" "Gm50191" 0 NA NA NA NA 0 0 "Uqcrc2_noRT" "non-targeting_noRT"
"30809" "Gm31356" 0 NA NA NA NA 0 0 "Uqcrc2_noRT" "non-targeting_noRT"
"30810" "Tectb" 0 NA NA NA NA 0 0 "Uqcrc2_noRT" "non-targeting_noRT"
"30811" "Ppnr" 0 NA NA NA NA 0 0 "Uqcrc2_noRT" "non-targeting_noRT"
"30812" "D730002M21Rik" 0 NA NA NA NA 0 0 "Uqcrc2_noRT" "non-targeting_noRT"
"30813" "Gm31912" 0 NA NA NA NA 0 0 "Uqcrc2_noRT" "non-targeting_noRT"
"30814" "Habp2" 0 NA NA NA NA 0 0 "Uqcrc2_noRT" "non-targeting_noRT"
"30815" "Gm17197" 0 NA NA NA NA 0 0 "Uqcrc2_noRT" "non-targeting_noRT"
"30816" "Plekhs1" 0 NA NA NA NA 0 0 "Uqcrc2_noRT" "non-targeting_noRT"
"30817" "Gm32441" 0 NA NA NA NA 0 0 "Uqcrc2_noRT" "non-targeting_noRT"
"30818" "Gm32492" 0 NA NA NA NA 0 0 "Uqcrc2_noRT" "non-targeting_noRT"
"30819" "Gm50100" 0 NA NA NA NA 0 0 "Uqcrc2_noRT" "non-targeting_noRT"
"30820" "Tdrd1" 0 NA NA NA NA 0 0 "Uqcrc2_noRT" "non-targeting_noRT"
"30821" "Vwa2" 0 NA NA NA NA 0 0 "Uqcrc2_noRT" "non-targeting_noRT"
"30822" "Ablim1" 0 NA NA NA NA 0 0 "Uqcrc2_noRT" "non-targeting_noRT"
"30823" "4930449E18Rik" 0 NA NA NA NA 0 0 "Uqcrc2_noRT" "non-targeting_noRT"
"30824" "B230217O12Rik" 0 NA NA NA NA 0 0 "Uqcrc2_noRT" "non-targeting_noRT"
"30825" "Gm50270" 0 NA NA NA NA 0 0 "Uqcrc2_noRT" "non-targeting_noRT"
"30826" "Gm50271" 0 NA NA NA NA 0 0 "Uqcrc2_noRT" "non-targeting_noRT"
"30827" "6720468P15Rik" 0 NA NA NA NA 0 0 "Uqcrc2_noRT" "non-targeting_noRT"
"30828" "Gm32932" 0 NA NA NA NA 0 0 "Uqcrc2_noRT" "non-targeting_noRT"
"30829" "Gm50285" 0 NA NA NA NA 0 0 "Uqcrc2_noRT" "non-targeting_noRT"
"30830" "Gm50287" 0 NA NA NA NA 0 0 "Uqcrc2_noRT" "non-targeting_noRT"
"30831" "Gm16277" 0 NA NA NA NA 0 0 "Uqcrc2_noRT" "non-targeting_noRT"
"30832" "Ccdc172" 0 NA NA NA NA 0 0 "Uqcrc2_noRT" "non-targeting_noRT"
"30833" "1810007D17Rik" 0 NA NA NA NA 0 0 "Uqcrc2_noRT" "non-targeting_noRT"
"30834" "Pnlip" 0 NA NA NA NA 0 0 "Uqcrc2_noRT" "non-targeting_noRT"
"30835" "1810035K13Rik" 0 NA NA NA NA 0 0 "Uqcrc2_noRT" "non-targeting_noRT"
"30836" "Pnliprp1" 0 NA NA NA NA 0 0 "Uqcrc2_noRT" "non-targeting_noRT"
"30837" "Pnliprp2" 0 NA NA NA NA 0 0 "Uqcrc2_noRT" "non-targeting_noRT"
"30838" "1700019N19Rik" 0 NA NA NA NA 0 0 "Uqcrc2_noRT" "non-targeting_noRT"
"30839" "Shtn1" 0 NA NA NA NA 0 0 "Uqcrc2_noRT" "non-targeting_noRT"
"30840" "Vax1" 0 NA NA NA NA 0 0 "Uqcrc2_noRT" "non-targeting_noRT"
"30841" "Kcnk18" 0 NA NA NA NA 0 0 "Uqcrc2_noRT" "non-targeting_noRT"
"30842" "Gm29261" 0 NA NA NA NA 0 0 "Uqcrc2_noRT" "non-targeting_noRT"
"30843" "Slc18a2" 0 NA NA NA NA 0 0 "Uqcrc2_noRT" "non-targeting_noRT"
"30844" "Gm33756" 0 NA NA NA NA 0 0 "Uqcrc2_noRT" "non-targeting_noRT"
"30845" "Emx2os" 0 NA NA NA NA 0 0 "Uqcrc2_noRT" "non-targeting_noRT"
"30846" "Emx2" 0 NA NA NA NA 0 0 "Uqcrc2_noRT" "non-targeting_noRT"
"30847" "2700089I24Rik" 0 NA NA NA NA 0 0 "Uqcrc2_noRT" "non-targeting_noRT"
"30848" "Gm19956" 0 NA NA NA NA 0 0 "Uqcrc2_noRT" "non-targeting_noRT"
"30849" "Gm50411" 0 NA NA NA NA 0 0 "Uqcrc2_noRT" "non-targeting_noRT"
"30850" "Gm17203" 0 NA NA NA NA 0 0 "Uqcrc2_noRT" "non-targeting_noRT"
"30851" "Gm4219" 0 NA NA NA NA 0 0 "Uqcrc2_noRT" "non-targeting_noRT"
"30852" "E330013P04Rik" 0 NA NA NA NA 0 0 "Uqcrc2_noRT" "non-targeting_noRT"
"30853" "Gm28351" 0 NA NA NA NA 0 0 "Uqcrc2_noRT" "non-targeting_noRT"
"30854" "Prlhr" 0 NA NA NA NA 0 0 "Uqcrc2_noRT" "non-targeting_noRT"
"30855" "Gm6020" 0 NA NA NA NA 0 0 "Uqcrc2_noRT" "non-targeting_noRT"
"30856" "Csf2ra" 0 NA NA NA NA 0 0 "Uqcrc2_noRT" "non-targeting_noRT"
"30857" "Gm21060" 0 NA NA NA NA 0 0 "Uqcrc2_noRT" "non-targeting_noRT"
"30858" "Btbd35f23" 0 NA NA NA NA 0 0 "Uqcrc2_noRT" "non-targeting_noRT"
"30859" "Btbd35f24" 0 NA NA NA NA 0 0 "Uqcrc2_noRT" "non-targeting_noRT"
"30860" "Btbd35f11" 0 NA NA NA NA 0 0 "Uqcrc2_noRT" "non-targeting_noRT"
"30861" "Btbd35f18" 0 NA NA NA NA 0 0 "Uqcrc2_noRT" "non-targeting_noRT"
"30862" "Btbd35f10" 0 NA NA NA NA 0 0 "Uqcrc2_noRT" "non-targeting_noRT"
"30863" "Btbd35f16" 0 NA NA NA NA 0 0 "Uqcrc2_noRT" "non-targeting_noRT"
"30864" "Btbd35f3" 0 NA NA NA NA 0 0 "Uqcrc2_noRT" "non-targeting_noRT"
"30865" "Btbd35f28" 0 NA NA NA NA 0 0 "Uqcrc2_noRT" "non-targeting_noRT"
"30866" "Btbd35f20" 0 NA NA NA NA 0 0 "Uqcrc2_noRT" "non-targeting_noRT"
"30867" "Btbd35f17" 0 NA NA NA NA 0 0 "Uqcrc2_noRT" "non-targeting_noRT"
"30868" "Btbd35f4" 0 NA NA NA NA 0 0 "Uqcrc2_noRT" "non-targeting_noRT"
"30869" "Btbd35f27" 0 NA NA NA NA 0 0 "Uqcrc2_noRT" "non-targeting_noRT"
"30870" "Mycs" 0 NA NA NA NA 0 0 "Uqcrc2_noRT" "non-targeting_noRT"
"30871" "Btbd35f7" 0 NA NA NA NA 0 0 "Uqcrc2_noRT" "non-targeting_noRT"
"30872" "Gm26618" 0 NA NA NA NA 0 0 "Uqcrc2_noRT" "non-targeting_noRT"
"30873" "Nudt11" 0 NA NA NA NA 0 0 "Uqcrc2_noRT" "non-targeting_noRT"
"30874" "AU022751" 0 NA NA NA NA 0 0 "Uqcrc2_noRT" "non-targeting_noRT"
"30875" "Nudt10" 0 NA NA NA NA 0 0 "Uqcrc2_noRT" "non-targeting_noRT"
"30876" "Dgkk" 0 NA NA NA NA 0 0 "Uqcrc2_noRT" "non-targeting_noRT"
"30877" "Ccnb3" 0 NA NA NA NA 0 0 "Uqcrc2_noRT" "non-targeting_noRT"
"30878" "Akap4" 0 NA NA NA NA 0 0 "Uqcrc2_noRT" "non-targeting_noRT"
"30879" "Gm14379" 0 NA NA NA NA 0 0 "Uqcrc2_noRT" "non-targeting_noRT"
"30880" "Foxp3" 0 NA NA NA NA 0 0 "Uqcrc2_noRT" "non-targeting_noRT"
"30881" "Cacna1f" 0 NA NA NA NA 0 0 "Uqcrc2_noRT" "non-targeting_noRT"
"30882" "Gm14703" 0 NA NA NA NA 0 0 "Uqcrc2_noRT" "non-targeting_noRT"
"30883" "Magix" 0 NA NA NA NA 0 0 "Uqcrc2_noRT" "non-targeting_noRT"
"30884" "Kcnd1" 0 NA NA NA NA 0 0 "Uqcrc2_noRT" "non-targeting_noRT"
"30885" "Gm10491" 0 NA NA NA NA 0 0 "Uqcrc2_noRT" "non-targeting_noRT"
"30886" "Gm10490" 0 NA NA NA NA 0 0 "Uqcrc2_noRT" "non-targeting_noRT"
"30887" "Eras" 0 NA NA NA NA 0 0 "Uqcrc2_noRT" "non-targeting_noRT"
"30888" "Gata1" 0 NA NA NA NA 0 0 "Uqcrc2_noRT" "non-targeting_noRT"
"30889" "Gm14820" 0 NA NA NA NA 0 0 "Uqcrc2_noRT" "non-targeting_noRT"
"30890" "Was" 0 NA NA NA NA 0 0 "Uqcrc2_noRT" "non-targeting_noRT"
"30891" "Slc38a5" 0 NA NA NA NA 0 0 "Uqcrc2_noRT" "non-targeting_noRT"
"30892" "Ssxb10" 0 NA NA NA NA 0 0 "Uqcrc2_noRT" "non-targeting_noRT"
"30893" "Ssxb9" 0 NA NA NA NA 0 0 "Uqcrc2_noRT" "non-targeting_noRT"
"30894" "Ssxb1" 0 NA NA NA NA 0 0 "Uqcrc2_noRT" "non-targeting_noRT"
"30895" "Ssxb2" 0 NA NA NA NA 0 0 "Uqcrc2_noRT" "non-targeting_noRT"
"30896" "Gm14459" 0 NA NA NA NA 0 0 "Uqcrc2_noRT" "non-targeting_noRT"
"30897" "Ssxb6" 0 NA NA NA NA 0 0 "Uqcrc2_noRT" "non-targeting_noRT"
"30898" "Ssxb3" 0 NA NA NA NA 0 0 "Uqcrc2_noRT" "non-targeting_noRT"
"30899" "Ssxb8" 0 NA NA NA NA 0 0 "Uqcrc2_noRT" "non-targeting_noRT"
"30900" "Ssx9" 0 NA NA NA NA 0 0 "Uqcrc2_noRT" "non-targeting_noRT"
"30901" "Ssxb5" 0 NA NA NA NA 0 0 "Uqcrc2_noRT" "non-targeting_noRT"
"30902" "Gm6592" 0 NA NA NA NA 0 0 "Uqcrc2_noRT" "non-targeting_noRT"
"30903" "Gm5751" 0 NA NA NA NA 0 0 "Uqcrc2_noRT" "non-targeting_noRT"
"30904" "Fthl17b" 0 NA NA NA NA 0 0 "Uqcrc2_noRT" "non-targeting_noRT"
"30905" "Fthl17c" 0 NA NA NA NA 0 0 "Uqcrc2_noRT" "non-targeting_noRT"
"30906" "Fthl17d" 0 NA NA NA NA 0 0 "Uqcrc2_noRT" "non-targeting_noRT"
"30907" "Fthl17e" 0 NA NA NA NA 0 0 "Uqcrc2_noRT" "non-targeting_noRT"
"30908" "Fthl17f" 0 NA NA NA NA 0 0 "Uqcrc2_noRT" "non-targeting_noRT"
"30909" "4930402K13Rik" 0 NA NA NA NA 0 0 "Uqcrc2_noRT" "non-targeting_noRT"
"30910" "Lancl3" 0 NA NA NA NA 0 0 "Uqcrc2_noRT" "non-targeting_noRT"
"30911" "Gm14862" 0 NA NA NA NA 0 0 "Uqcrc2_noRT" "non-targeting_noRT"
"30912" "H2al1m" 0 NA NA NA NA 0 0 "Uqcrc2_noRT" "non-targeting_noRT"
"30913" "H2al1k" 0 NA NA NA NA 0 0 "Uqcrc2_noRT" "non-targeting_noRT"
"30914" "Cybb" 0 NA NA NA NA 0 0 "Uqcrc2_noRT" "non-targeting_noRT"
"30915" "H2al1o" 0 NA NA NA NA 0 0 "Uqcrc2_noRT" "non-targeting_noRT"
"30916" "Hypm" 0 NA NA NA NA 0 0 "Uqcrc2_noRT" "non-targeting_noRT"
"30917" "H2al3" 0 NA NA NA NA 0 0 "Uqcrc2_noRT" "non-targeting_noRT"
"30918" "Sytl5" 0 NA NA NA NA 0 0 "Uqcrc2_noRT" "non-targeting_noRT"
"30919" "Srpx" 0 NA NA NA NA 0 0 "Uqcrc2_noRT" "non-targeting_noRT"
"30920" "Otc" 0 NA NA NA NA 0 0 "Uqcrc2_noRT" "non-targeting_noRT"
"30921" "Gm14493" 0 NA NA NA NA 0 0 "Uqcrc2_noRT" "non-targeting_noRT"
"30922" "H2al1a" 0 NA NA NA NA 0 0 "Uqcrc2_noRT" "non-targeting_noRT"
"30923" "H2al1b" 0 NA NA NA NA 0 0 "Uqcrc2_noRT" "non-targeting_noRT"
"30924" "H2al1c" 0 NA NA NA NA 0 0 "Uqcrc2_noRT" "non-targeting_noRT"
"30925" "H2al1d" 0 NA NA NA NA 0 0 "Uqcrc2_noRT" "non-targeting_noRT"
"30926" "H2al1e" 0 NA NA NA NA 0 0 "Uqcrc2_noRT" "non-targeting_noRT"
"30927" "H2al1f" 0 NA NA NA NA 0 0 "Uqcrc2_noRT" "non-targeting_noRT"
"30928" "H2al1g" 0 NA NA NA NA 0 0 "Uqcrc2_noRT" "non-targeting_noRT"
"30929" "H2al1h" 0 NA NA NA NA 0 0 "Uqcrc2_noRT" "non-targeting_noRT"
"30930" "H2al1i" 0 NA NA NA NA 0 0 "Uqcrc2_noRT" "non-targeting_noRT"
"30931" "H2al1j" 0 NA NA NA NA 0 0 "Uqcrc2_noRT" "non-targeting_noRT"
"30932" "Gm14635" 0 NA NA NA NA 0 0 "Uqcrc2_noRT" "non-targeting_noRT"
"30933" "Gm14634" 0 NA NA NA NA 0 0 "Uqcrc2_noRT" "non-targeting_noRT"
"30934" "5730405O15Rik" 0 NA NA NA NA 0 0 "Uqcrc2_noRT" "non-targeting_noRT"
"30935" "Nyx" 0 NA NA NA NA 0 0 "Uqcrc2_noRT" "non-targeting_noRT"
"30936" "Gpr34" 0 NA NA NA NA 0 0 "Uqcrc2_noRT" "non-targeting_noRT"
"30937" "Gpr82" 0 NA NA NA NA 0 0 "Uqcrc2_noRT" "non-targeting_noRT"
"30938" "H2al1n" 0 NA NA NA NA 0 0 "Uqcrc2_noRT" "non-targeting_noRT"
"30939" "Gm14505" 0 NA NA NA NA 0 0 "Uqcrc2_noRT" "non-targeting_noRT"
"30940" "Drr1" 0 NA NA NA NA 0 0 "Uqcrc2_noRT" "non-targeting_noRT"
"30941" "Cypt1" 0 NA NA NA NA 0 0 "Uqcrc2_noRT" "non-targeting_noRT"
"30942" "Ndp" 0 NA NA NA NA 0 0 "Uqcrc2_noRT" "non-targeting_noRT"
"30943" "Efhc2" 0 NA NA NA NA 0 0 "Uqcrc2_noRT" "non-targeting_noRT"
"30944" "Dusp21" 0 NA NA NA NA 0 0 "Uqcrc2_noRT" "non-targeting_noRT"
"30945" "Dipk2b" 0 NA NA NA NA 0 0 "Uqcrc2_noRT" "non-targeting_noRT"
"30946" "Gm26652" 0 NA NA NA NA 0 0 "Uqcrc2_noRT" "non-targeting_noRT"
"30947" "Tex13c3" 0 NA NA NA NA 0 0 "Uqcrc2_noRT" "non-targeting_noRT"
"30948" "Chst7" 0 NA NA NA NA 0 0 "Uqcrc2_noRT" "non-targeting_noRT"
"30949" "Slc9a7" 0 NA NA NA NA 0 0 "Uqcrc2_noRT" "non-targeting_noRT"
"30950" "Rgn" 0 NA NA NA NA 0 0 "Uqcrc2_noRT" "non-targeting_noRT"
"30951" "Spaca5" 0 NA NA NA NA 0 0 "Uqcrc2_noRT" "non-targeting_noRT"
"30952" "Zfp300" 0 NA NA NA NA 0 0 "Uqcrc2_noRT" "non-targeting_noRT"
"30953" "Ssxa1" 0 NA NA NA NA 0 0 "Uqcrc2_noRT" "non-targeting_noRT"
"30954" "Gm21876" 0 NA NA NA NA 0 0 "Uqcrc2_noRT" "non-targeting_noRT"
"30955" "4930453H23Rik" 0 NA NA NA NA 0 0 "Uqcrc2_noRT" "non-targeting_noRT"
"30956" "Gm6938" 0 NA NA NA NA 0 0 "Uqcrc2_noRT" "non-targeting_noRT"
"30957" "Agtr2" 0 NA NA NA NA 0 0 "Uqcrc2_noRT" "non-targeting_noRT"
"30958" "Slc6a14" 0 NA NA NA NA 0 0 "Uqcrc2_noRT" "non-targeting_noRT"
"30959" "Gm28269" 0 NA NA NA NA 0 0 "Uqcrc2_noRT" "non-targeting_noRT"
"30960" "Gm28268" 0 NA NA NA NA 0 0 "Uqcrc2_noRT" "non-targeting_noRT"
"30961" "Gm4985" 0 NA NA NA NA 0 0 "Uqcrc2_noRT" "non-targeting_noRT"
"30962" "Gm27192" 0 NA NA NA NA 0 0 "Uqcrc2_noRT" "non-targeting_noRT"
"30963" "Gm5935" 0 NA NA NA NA 0 0 "Uqcrc2_noRT" "non-targeting_noRT"
"30964" "Gm1993" 0 NA NA NA NA 0 0 "Uqcrc2_noRT" "non-targeting_noRT"
"30965" "E330010L02Rik" 0 NA NA NA NA 0 0 "Uqcrc2_noRT" "non-targeting_noRT"
"30966" "Gm5168" 0 NA NA NA NA 0 0 "Uqcrc2_noRT" "non-targeting_noRT"
"30967" "Gm2012" 0 NA NA NA NA 0 0 "Uqcrc2_noRT" "non-targeting_noRT"
"30968" "Slx" 0 NA NA NA NA 0 0 "Uqcrc2_noRT" "non-targeting_noRT"
"30969" "Gm14525" 0 NA NA NA NA 0 0 "Uqcrc2_noRT" "non-targeting_noRT"
"30970" "Gm2101" 0 NA NA NA NA 0 0 "Uqcrc2_noRT" "non-targeting_noRT"
"30971" "Gm10058" 0 NA NA NA NA 0 0 "Uqcrc2_noRT" "non-targeting_noRT"
"30972" "Gm2117" 0 NA NA NA NA 0 0 "Uqcrc2_noRT" "non-targeting_noRT"
"30973" "Gm4836" 0 NA NA NA NA 0 0 "Uqcrc2_noRT" "non-targeting_noRT"
"30974" "Gm10147" 0 NA NA NA NA 0 0 "Uqcrc2_noRT" "non-targeting_noRT"
"30975" "Gm2165" 0 NA NA NA NA 0 0 "Uqcrc2_noRT" "non-targeting_noRT"
"30976" "Gm10096" 0 NA NA NA NA 0 0 "Uqcrc2_noRT" "non-targeting_noRT"
"30977" "Gm2200" 0 NA NA NA NA 0 0 "Uqcrc2_noRT" "non-targeting_noRT"
"30978" "Gm3669" 0 NA NA NA NA 0 0 "Uqcrc2_noRT" "non-targeting_noRT"
"30979" "Gm10488" 0 NA NA NA NA 0 0 "Uqcrc2_noRT" "non-targeting_noRT"
"30980" "E330016L19Rik" 0 NA NA NA NA 0 0 "Uqcrc2_noRT" "non-targeting_noRT"
"30981" "Gm14632" 0 NA NA NA NA 0 0 "Uqcrc2_noRT" "non-targeting_noRT"
"30982" "Gm7437" 0 NA NA NA NA 0 0 "Uqcrc2_noRT" "non-targeting_noRT"
"30983" "Gm14974" 0 NA NA NA NA 0 0 "Uqcrc2_noRT" "non-targeting_noRT"
"30984" "Gm10487" 0 NA NA NA NA 0 0 "Uqcrc2_noRT" "non-targeting_noRT"
"30985" "Btbd35f29" 0 NA NA NA NA 0 0 "Uqcrc2_noRT" "non-targeting_noRT"
"30986" "Spin2f" 0 NA NA NA NA 0 0 "Uqcrc2_noRT" "non-targeting_noRT"
"30987" "Btbd35f26" 0 NA NA NA NA 0 0 "Uqcrc2_noRT" "non-targeting_noRT"
"30988" "CT867961.1" 0 NA NA NA NA 0 0 "Uqcrc2_noRT" "non-targeting_noRT"
"30989" "Spin2e" 0 NA NA NA NA 0 0 "Uqcrc2_noRT" "non-targeting_noRT"
"30990" "Btbd35f25" 0 NA NA NA NA 0 0 "Uqcrc2_noRT" "non-targeting_noRT"
"30991" "Gm21637" 0 NA NA NA NA 0 0 "Uqcrc2_noRT" "non-targeting_noRT"
"30992" "CT868697.1" 0 NA NA NA NA 0 0 "Uqcrc2_noRT" "non-targeting_noRT"
"30993" "Btbd35f2" 0 NA NA NA NA 0 0 "Uqcrc2_noRT" "non-targeting_noRT"
"30994" "Btbd35f1" 0 NA NA NA NA 0 0 "Uqcrc2_noRT" "non-targeting_noRT"
"30995" "Gm5926" 0 NA NA NA NA 0 0 "Uqcrc2_noRT" "non-targeting_noRT"
"30996" "Btbd35f21" 0 NA NA NA NA 0 0 "Uqcrc2_noRT" "non-targeting_noRT"
"30997" "FQ976806.1" 0 NA NA NA NA 0 0 "Uqcrc2_noRT" "non-targeting_noRT"
"30998" "Btbd35f1.1" 0 NA NA NA NA 0 0 "Uqcrc2_noRT" "non-targeting_noRT"
"30999" "Btbd35f12" 0 NA NA NA NA 0 0 "Uqcrc2_noRT" "non-targeting_noRT"
"31000" "Btbd35f15" 0 NA NA NA NA 0 0 "Uqcrc2_noRT" "non-targeting_noRT"
"31001" "Btbd35f13" 0 NA NA NA NA 0 0 "Uqcrc2_noRT" "non-targeting_noRT"
"31002" "Btbd35f14" 0 NA NA NA NA 0 0 "Uqcrc2_noRT" "non-targeting_noRT"
"31003" "Btbd35f6" 0 NA NA NA NA 0 0 "Uqcrc2_noRT" "non-targeting_noRT"
"31004" "CU019598.1" 0 NA NA NA NA 0 0 "Uqcrc2_noRT" "non-targeting_noRT"
"31005" "Spin2g" 0 NA NA NA NA 0 0 "Uqcrc2_noRT" "non-targeting_noRT"
"31006" "Btbd35f8" 0 NA NA NA NA 0 0 "Uqcrc2_noRT" "non-targeting_noRT"
"31007" "Gm14552" 0 NA NA NA NA 0 0 "Uqcrc2_noRT" "non-targeting_noRT"
"31008" "Gm10486" 0 NA NA NA NA 0 0 "Uqcrc2_noRT" "non-targeting_noRT"
"31009" "Gm2309" 0 NA NA NA NA 0 0 "Uqcrc2_noRT" "non-targeting_noRT"
"31010" "Gm14553" 0 NA NA NA NA 0 0 "Uqcrc2_noRT" "non-targeting_noRT"
"31011" "Gm14819" 0 NA NA NA NA 0 0 "Uqcrc2_noRT" "non-targeting_noRT"
"31012" "Zcchc12" 0 NA NA NA NA 0 0 "Uqcrc2_noRT" "non-targeting_noRT"
"31013" "Lonrf3" 0 NA NA NA NA 0 0 "Uqcrc2_noRT" "non-targeting_noRT"
"31014" "Gm6268" 0 NA NA NA NA 0 0 "Uqcrc2_noRT" "non-targeting_noRT"
"31015" "Gm14569" 0 NA NA NA NA 0 0 "Uqcrc2_noRT" "non-targeting_noRT"
"31016" "Gm14549" 0 NA NA NA NA 0 0 "Uqcrc2_noRT" "non-targeting_noRT"
"31017" "Gm15008" 0 NA NA NA NA 0 0 "Uqcrc2_noRT" "non-targeting_noRT"
"31018" "Sowahd" 0 NA NA NA NA 0 0 "Uqcrc2_noRT" "non-targeting_noRT"
"31019" "Gm9" 0 NA NA NA NA 0 0 "Uqcrc2_noRT" "non-targeting_noRT"
"31020" "Rhox1" 0 NA NA NA NA 0 0 "Uqcrc2_noRT" "non-targeting_noRT"
"31021" "Rhox2a" 0 NA NA NA NA 0 0 "Uqcrc2_noRT" "non-targeting_noRT"
"31022" "Rhox3a" 0 NA NA NA NA 0 0 "Uqcrc2_noRT" "non-targeting_noRT"
"31023" "Rhox4a" 0 NA NA NA NA 0 0 "Uqcrc2_noRT" "non-targeting_noRT"
"31024" "Rhox3a2" 0 NA NA NA NA 0 0 "Uqcrc2_noRT" "non-targeting_noRT"
"31025" "Rhox4a2" 0 NA NA NA NA 0 0 "Uqcrc2_noRT" "non-targeting_noRT"
"31026" "Rhox2b" 0 NA NA NA NA 0 0 "Uqcrc2_noRT" "non-targeting_noRT"
"31027" "Rhox4b" 0 NA NA NA NA 0 0 "Uqcrc2_noRT" "non-targeting_noRT"
"31028" "Rhox2c" 0 NA NA NA NA 0 0 "Uqcrc2_noRT" "non-targeting_noRT"
"31029" "Rhox3c" 0 NA NA NA NA 0 0 "Uqcrc2_noRT" "non-targeting_noRT"
"31030" "Rhox4c" 0 NA NA NA NA 0 0 "Uqcrc2_noRT" "non-targeting_noRT"
"31031" "Rhox2d" 0 NA NA NA NA 0 0 "Uqcrc2_noRT" "non-targeting_noRT"
"31032" "Rhox4d" 0 NA NA NA NA 0 0 "Uqcrc2_noRT" "non-targeting_noRT"
"31033" "Rhox2e" 0 NA NA NA NA 0 0 "Uqcrc2_noRT" "non-targeting_noRT"
"31034" "Rhox3e" 0 NA NA NA NA 0 0 "Uqcrc2_noRT" "non-targeting_noRT"
"31035" "Rhox4e" 0 NA NA NA NA 0 0 "Uqcrc2_noRT" "non-targeting_noRT"
"31036" "Rhox2f" 0 NA NA NA NA 0 0 "Uqcrc2_noRT" "non-targeting_noRT"
"31037" "Rhox3f" 0 NA NA NA NA 0 0 "Uqcrc2_noRT" "non-targeting_noRT"
"31038" "Rhox4g" 0 NA NA NA NA 0 0 "Uqcrc2_noRT" "non-targeting_noRT"
"31039" "Rhox3h" 0 NA NA NA NA 0 0 "Uqcrc2_noRT" "non-targeting_noRT"
"31040" "Rhox6" 0 NA NA NA NA 0 0 "Uqcrc2_noRT" "non-targeting_noRT"
"31041" "Rhox7a" 0 NA NA NA NA 0 0 "Uqcrc2_noRT" "non-targeting_noRT"
"31042" "Rhox8" 0 NA NA NA NA 0 0 "Uqcrc2_noRT" "non-targeting_noRT"
"31043" "Rhox7b" 0 NA NA NA NA 0 0 "Uqcrc2_noRT" "non-targeting_noRT"
"31044" "Rhox9" 0 NA NA NA NA 0 0 "Uqcrc2_noRT" "non-targeting_noRT"
"31045" "Btg1-ps1" 0 NA NA NA NA 0 0 "Uqcrc2_noRT" "non-targeting_noRT"
"31046" "Btg1-ps2" 0 NA NA NA NA 0 0 "Uqcrc2_noRT" "non-targeting_noRT"
"31047" "Rhox10" 0 NA NA NA NA 0 0 "Uqcrc2_noRT" "non-targeting_noRT"
"31048" "Rhox11" 0 NA NA NA NA 0 0 "Uqcrc2_noRT" "non-targeting_noRT"
"31049" "Rhox12" 0 NA NA NA NA 0 0 "Uqcrc2_noRT" "non-targeting_noRT"
"31050" "Rhox13" 0 NA NA NA NA 0 0 "Uqcrc2_noRT" "non-targeting_noRT"
"31051" "Atp1b4" 0 NA NA NA NA 0 0 "Uqcrc2_noRT" "non-targeting_noRT"
"31052" "Gm7598" 0 NA NA NA NA 0 0 "Uqcrc2_noRT" "non-targeting_noRT"
"31053" "Gm14565" 0 NA NA NA NA 0 0 "Uqcrc2_noRT" "non-targeting_noRT"
"31054" "6030498E09Rik" 0 NA NA NA NA 0 0 "Uqcrc2_noRT" "non-targeting_noRT"
"31055" "Cypt15" 0 NA NA NA NA 0 0 "Uqcrc2_noRT" "non-targeting_noRT"
"31056" "Cypt14" 0 NA NA NA NA 0 0 "Uqcrc2_noRT" "non-targeting_noRT"
"31057" "Gm14643" 0 NA NA NA NA 0 0 "Uqcrc2_noRT" "non-targeting_noRT"
"31058" "Gria3" 0 NA NA NA NA 0 0 "Uqcrc2_noRT" "non-targeting_noRT"
"31059" "Tex13c2" 0 NA NA NA NA 0 0 "Uqcrc2_noRT" "non-targeting_noRT"
"31060" "Sh2d1a" 0 NA NA NA NA 0 0 "Uqcrc2_noRT" "non-targeting_noRT"
"31061" "Tenm1" 0 NA NA NA NA 0 0 "Uqcrc2_noRT" "non-targeting_noRT"
"31062" "Tex13c1" 0 NA NA NA NA 0 0 "Uqcrc2_noRT" "non-targeting_noRT"
"31063" "Dcaf12l2" 0 NA NA NA NA 0 0 "Uqcrc2_noRT" "non-targeting_noRT"
"31064" "Dcaf12l1" 0 NA NA NA NA 0 0 "Uqcrc2_noRT" "non-targeting_noRT"
"31065" "Prr32" 0 NA NA NA NA 0 0 "Uqcrc2_noRT" "non-targeting_noRT"
"31066" "4930515L19Rik" 0 NA NA NA NA 0 0 "Uqcrc2_noRT" "non-targeting_noRT"
"31067" "Actrt1" 0 NA NA NA NA 0 0 "Uqcrc2_noRT" "non-targeting_noRT"
"31068" "Gm29242" 0 NA NA NA NA 0 0 "Uqcrc2_noRT" "non-targeting_noRT"
"31069" "Smarca1" 0 NA NA NA NA 0 0 "Uqcrc2_noRT" "non-targeting_noRT"
"31070" "Apln" 0 NA NA NA NA 0 0 "Uqcrc2_noRT" "non-targeting_noRT"
"31071" "Xpnpep2" 0 NA NA NA NA 0 0 "Uqcrc2_noRT" "non-targeting_noRT"
"31072" "Sash3" 0 NA NA NA NA 0 0 "Uqcrc2_noRT" "non-targeting_noRT"
"31073" "Rab33a" 0 NA NA NA NA 0 0 "Uqcrc2_noRT" "non-targeting_noRT"
"31074" "Gpr119" 0 NA NA NA NA 0 0 "Uqcrc2_noRT" "non-targeting_noRT"
"31075" "Gm595" 0 NA NA NA NA 0 0 "Uqcrc2_noRT" "non-targeting_noRT"
"31076" "Gm14696" 0 NA NA NA NA 0 0 "Uqcrc2_noRT" "non-targeting_noRT"
"31077" "Gm14697" 0 NA NA NA NA 0 0 "Uqcrc2_noRT" "non-targeting_noRT"
"31078" "Arhgap36" 0 NA NA NA NA 0 0 "Uqcrc2_noRT" "non-targeting_noRT"
"31079" "Olfr1320" 0 NA NA NA NA 0 0 "Uqcrc2_noRT" "non-targeting_noRT"
"31080" "Olfr1321" 0 NA NA NA NA 0 0 "Uqcrc2_noRT" "non-targeting_noRT"
"31081" "Igsf1" 0 NA NA NA NA 0 0 "Uqcrc2_noRT" "non-targeting_noRT"
"31082" "Olfr1322" 0 NA NA NA NA 0 0 "Uqcrc2_noRT" "non-targeting_noRT"
"31083" "Olfr1323" 0 NA NA NA NA 0 0 "Uqcrc2_noRT" "non-targeting_noRT"
"31084" "Olfr1324" 0 NA NA NA NA 0 0 "Uqcrc2_noRT" "non-targeting_noRT"
"31085" "Stk26" 0 NA NA NA NA 0 0 "Uqcrc2_noRT" "non-targeting_noRT"
"31086" "Frmd7" 0 NA NA NA NA 0 0 "Uqcrc2_noRT" "non-targeting_noRT"
"31087" "Mbnl3" 0 NA NA NA NA 0 0 "Uqcrc2_noRT" "non-targeting_noRT"
"31088" "Hs6st2" 0 NA NA NA NA 0 0 "Uqcrc2_noRT" "non-targeting_noRT"
"31089" "Usp26" 0 NA NA NA NA 0 0 "Uqcrc2_noRT" "non-targeting_noRT"
"31090" "1700080O16Rik" 0 NA NA NA NA 0 0 "Uqcrc2_noRT" "non-targeting_noRT"
"31091" "Gpc4" 0 NA NA NA NA 0 0 "Uqcrc2_noRT" "non-targeting_noRT"
"31092" "Gpc3" 0 NA NA NA NA 0 0 "Uqcrc2_noRT" "non-targeting_noRT"
"31093" "Gm14582" 0 NA NA NA NA 0 0 "Uqcrc2_noRT" "non-targeting_noRT"
"31094" "A630012P03Rik" 0 NA NA NA NA 0 0 "Uqcrc2_noRT" "non-targeting_noRT"
"31095" "Kis2" 0 NA NA NA NA 0 0 "Uqcrc2_noRT" "non-targeting_noRT"
"31096" "Ccdc160" 0 NA NA NA NA 0 0 "Uqcrc2_noRT" "non-targeting_noRT"
"31097" "Gm28730" 0 NA NA NA NA 0 0 "Uqcrc2_noRT" "non-targeting_noRT"
"31098" "Fam122c" 0 NA NA NA NA 0 0 "Uqcrc2_noRT" "non-targeting_noRT"
"31099" "Etd" 0 NA NA NA NA 0 0 "Uqcrc2_noRT" "non-targeting_noRT"
"31100" "Gm14597" 0 NA NA NA NA 0 0 "Uqcrc2_noRT" "non-targeting_noRT"
"31101" "Rtl8c" 0 NA NA NA NA 0 0 "Uqcrc2_noRT" "non-targeting_noRT"
"31102" "1700013H16Rik" 0 NA NA NA NA 0 0 "Uqcrc2_noRT" "non-targeting_noRT"
"31103" "Zfp36l3" 0 NA NA NA NA 0 0 "Uqcrc2_noRT" "non-targeting_noRT"
"31104" "Gm15482" 0 NA NA NA NA 0 0 "Uqcrc2_noRT" "non-targeting_noRT"
"31105" "Gm16405" 0 NA NA NA NA 0 0 "Uqcrc2_noRT" "non-targeting_noRT"
"31106" "Gm16430" 0 NA NA NA NA 0 0 "Uqcrc2_noRT" "non-targeting_noRT"
"31107" "1600025M17Rik" 0 NA NA NA NA 0 0 "Uqcrc2_noRT" "non-targeting_noRT"
"31108" "Gm2155" 0 NA NA NA NA 0 0 "Uqcrc2_noRT" "non-targeting_noRT"
"31109" "Smim10l2a" 0 NA NA NA NA 0 0 "Uqcrc2_noRT" "non-targeting_noRT"
"31110" "Gm2174" 0 NA NA NA NA 0 0 "Uqcrc2_noRT" "non-targeting_noRT"
"31111" "Fhl1" 0 NA NA NA NA 0 0 "Uqcrc2_noRT" "non-targeting_noRT"
"31112" "Map7d3" 0 NA NA NA NA 0 0 "Uqcrc2_noRT" "non-targeting_noRT"
"31113" "Adgrg4" 0 NA NA NA NA 0 0 "Uqcrc2_noRT" "non-targeting_noRT"
"31114" "Brs3" 0 NA NA NA NA 0 0 "Uqcrc2_noRT" "non-targeting_noRT"
"31115" "Vgll1" 0 NA NA NA NA 0 0 "Uqcrc2_noRT" "non-targeting_noRT"
"31116" "Gm14718" 0 NA NA NA NA 0 0 "Uqcrc2_noRT" "non-targeting_noRT"
"31117" "Cd40lg" 0 NA NA NA NA 0 0 "Uqcrc2_noRT" "non-targeting_noRT"
"31118" "Gpr101" 0 NA NA NA NA 0 0 "Uqcrc2_noRT" "non-targeting_noRT"
"31119" "Zic3" 0 NA NA NA NA 0 0 "Uqcrc2_noRT" "non-targeting_noRT"
"31120" "Fgf13" 0 NA NA NA NA 0 0 "Uqcrc2_noRT" "non-targeting_noRT"
"31121" "F9" 0 NA NA NA NA 0 0 "Uqcrc2_noRT" "non-targeting_noRT"
"31122" "Mcf2" 0 NA NA NA NA 0 0 "Uqcrc2_noRT" "non-targeting_noRT"
"31123" "Gm7073" 0 NA NA NA NA 0 0 "Uqcrc2_noRT" "non-targeting_noRT"
"31124" "Gm14661" 0 NA NA NA NA 0 0 "Uqcrc2_noRT" "non-targeting_noRT"
"31125" "Sox3" 0 NA NA NA NA 0 0 "Uqcrc2_noRT" "non-targeting_noRT"
"31126" "Gm14662" 0 NA NA NA NA 0 0 "Uqcrc2_noRT" "non-targeting_noRT"
"31127" "Gm14664" 0 NA NA NA NA 0 0 "Uqcrc2_noRT" "non-targeting_noRT"
"31128" "Cdr1os" 0 NA NA NA NA 0 0 "Uqcrc2_noRT" "non-targeting_noRT"
"31129" "Cdr1" 0 NA NA NA NA 0 0 "Uqcrc2_noRT" "non-targeting_noRT"
"31130" "Ldoc1" 0 NA NA NA NA 0 0 "Uqcrc2_noRT" "non-targeting_noRT"
"31131" "4933402E13Rik" 0 NA NA NA NA 0 0 "Uqcrc2_noRT" "non-targeting_noRT"
"31132" "4931400O07Rik" 0 NA NA NA NA 0 0 "Uqcrc2_noRT" "non-targeting_noRT"
"31133" "Gm6760" 0 NA NA NA NA 0 0 "Uqcrc2_noRT" "non-targeting_noRT"
"31134" "3830417A13Rik" 0 NA NA NA NA 0 0 "Uqcrc2_noRT" "non-targeting_noRT"
"31135" "Slitrk4" 0 NA NA NA NA 0 0 "Uqcrc2_noRT" "non-targeting_noRT"
"31136" "Ctag2" 0 NA NA NA NA 0 0 "Uqcrc2_noRT" "non-targeting_noRT"
"31137" "4930447F04Rik" 0 NA NA NA NA 0 0 "Uqcrc2_noRT" "non-targeting_noRT"
"31138" "Slitrk2" 0 NA NA NA NA 0 0 "Uqcrc2_noRT" "non-targeting_noRT"
"31139" "1700036O09Rik" 0 NA NA NA NA 0 0 "Uqcrc2_noRT" "non-targeting_noRT"
"31140" "Gm1140" 0 NA NA NA NA 0 0 "Uqcrc2_noRT" "non-targeting_noRT"
"31141" "Gm14692" 0 NA NA NA NA 0 0 "Uqcrc2_noRT" "non-targeting_noRT"
"31142" "4933436I01Rik" 0 NA NA NA NA 0 0 "Uqcrc2_noRT" "non-targeting_noRT"
"31143" "Fmr1nb" 0 NA NA NA NA 0 0 "Uqcrc2_noRT" "non-targeting_noRT"
"31144" "Gm6812" 0 NA NA NA NA 0 0 "Uqcrc2_noRT" "non-targeting_noRT"
"31145" "Gm14705" 0 NA NA NA NA 0 0 "Uqcrc2_noRT" "non-targeting_noRT"
"31146" "1700111N16Rik" 0 NA NA NA NA 0 0 "Uqcrc2_noRT" "non-targeting_noRT"
"31147" "1700020N15Rik" 0 NA NA NA NA 0 0 "Uqcrc2_noRT" "non-targeting_noRT"
"31148" "4930567H17Rik" 0 NA NA NA NA 0 0 "Uqcrc2_noRT" "non-targeting_noRT"
"31149" "Gm16189" 0 NA NA NA NA 0 0 "Uqcrc2_noRT" "non-targeting_noRT"
"31150" "Gpr50" 0 NA NA NA NA 0 0 "Uqcrc2_noRT" "non-targeting_noRT"
"31151" "Gm1141" 0 NA NA NA NA 0 0 "Uqcrc2_noRT" "non-targeting_noRT"
"31152" "Prrg3" 0 NA NA NA NA 0 0 "Uqcrc2_noRT" "non-targeting_noRT"
"31153" "Fate1" 0 NA NA NA NA 0 0 "Uqcrc2_noRT" "non-targeting_noRT"
"31154" "Cnga2" 0 NA NA NA NA 0 0 "Uqcrc2_noRT" "non-targeting_noRT"
"31155" "Magea4" 0 NA NA NA NA 0 0 "Uqcrc2_noRT" "non-targeting_noRT"
"31156" "Gabre" 0 NA NA NA NA 0 0 "Uqcrc2_noRT" "non-targeting_noRT"
"31157" "Gabra3" 0 NA NA NA NA 0 0 "Uqcrc2_noRT" "non-targeting_noRT"
"31158" "Gabrq" 0 NA NA NA NA 0 0 "Uqcrc2_noRT" "non-targeting_noRT"
"31159" "Gm14684" 0 NA NA NA NA 0 0 "Uqcrc2_noRT" "non-targeting_noRT"
"31160" "Zfp185" 0 NA NA NA NA 0 0 "Uqcrc2_noRT" "non-targeting_noRT"
"31161" "Pnma3" 0 NA NA NA NA 0 0 "Uqcrc2_noRT" "non-targeting_noRT"
"31162" "Gm14685" 0 NA NA NA NA 0 0 "Uqcrc2_noRT" "non-targeting_noRT"
"31163" "DXBay18" 0 NA NA NA NA 0 0 "Uqcrc2_noRT" "non-targeting_noRT"
"31164" "Xlr5b" 0 NA NA NA NA 0 0 "Uqcrc2_noRT" "non-targeting_noRT"
"31165" "Spin2d" 0 NA NA NA NA 0 0 "Uqcrc2_noRT" "non-targeting_noRT"
"31166" "Xlr5c" 0 NA NA NA NA 0 0 "Uqcrc2_noRT" "non-targeting_noRT"
"31167" "Gm45015" 0 NA NA NA NA 0 0 "Uqcrc2_noRT" "non-targeting_noRT"
"31168" "Gm18336" 0 NA NA NA NA 0 0 "Uqcrc2_noRT" "non-targeting_noRT"
"31169" "Gm26726" 0 NA NA NA NA 0 0 "Uqcrc2_noRT" "non-targeting_noRT"
"31170" "Zfp92" 0 NA NA NA NA 0 0 "Uqcrc2_noRT" "non-targeting_noRT"
"31171" "Trex2" 0 NA NA NA NA 0 0 "Uqcrc2_noRT" "non-targeting_noRT"
"31172" "Bgn" 0 NA NA NA NA 0 0 "Uqcrc2_noRT" "non-targeting_noRT"
"31173" "Atp2b3" 0 NA NA NA NA 0 0 "Uqcrc2_noRT" "non-targeting_noRT"
"31174" "Dusp9" 0 NA NA NA NA 0 0 "Uqcrc2_noRT" "non-targeting_noRT"
"31175" "Gm14817" 0 NA NA NA NA 0 0 "Uqcrc2_noRT" "non-targeting_noRT"
"31176" "Avpr2" 0 NA NA NA NA 0 0 "Uqcrc2_noRT" "non-targeting_noRT"
"31177" "Opn1mw" 0 NA NA NA NA 0 0 "Uqcrc2_noRT" "non-targeting_noRT"
"31178" "Tex28" 0 NA NA NA NA 0 0 "Uqcrc2_noRT" "non-targeting_noRT"
"31179" "Gm6880" 0 NA NA NA NA 0 0 "Uqcrc2_noRT" "non-targeting_noRT"
"31180" "Olfr1326-ps1" 0 NA NA NA NA 0 0 "Uqcrc2_noRT" "non-targeting_noRT"
"31181" "Olfr1325" 0 NA NA NA NA 0 0 "Uqcrc2_noRT" "non-targeting_noRT"
"31182" "Gm5640" 0 NA NA NA NA 0 0 "Uqcrc2_noRT" "non-targeting_noRT"
"31183" "Gm6890" 0 NA NA NA NA 0 0 "Uqcrc2_noRT" "non-targeting_noRT"
"31184" "Gm5936" 0 NA NA NA NA 0 0 "Uqcrc2_noRT" "non-targeting_noRT"
"31185" "Smim9" 0 NA NA NA NA 0 0 "Uqcrc2_noRT" "non-targeting_noRT"
"31186" "Gm15384" 0 NA NA NA NA 0 0 "Uqcrc2_noRT" "non-targeting_noRT"
"31187" "Gm14715" 0 NA NA NA NA 0 0 "Uqcrc2_noRT" "non-targeting_noRT"
"31188" "Gm14707" 0 NA NA NA NA 0 0 "Uqcrc2_noRT" "non-targeting_noRT"
"31189" "Gm14717" 0 NA NA NA NA 0 0 "Uqcrc2_noRT" "non-targeting_noRT"
"31190" "Cldn34b3" 0 NA NA NA NA 0 0 "Uqcrc2_noRT" "non-targeting_noRT"
"31191" "Cldn34b4" 0 NA NA NA NA 0 0 "Uqcrc2_noRT" "non-targeting_noRT"
"31192" "Cldn34d" 0 NA NA NA NA 0 0 "Uqcrc2_noRT" "non-targeting_noRT"
"31193" "Gm14742" 0 NA NA NA NA 0 0 "Uqcrc2_noRT" "non-targeting_noRT"
"31194" "Pbsn" 0 NA NA NA NA 0 0 "Uqcrc2_noRT" "non-targeting_noRT"
"31195" "Gm14744" 0 NA NA NA NA 0 0 "Uqcrc2_noRT" "non-targeting_noRT"
"31196" "5430402E10Rik" 0 NA NA NA NA 0 0 "Uqcrc2_noRT" "non-targeting_noRT"
"31197" "Obp1a" 0 NA NA NA NA 0 0 "Uqcrc2_noRT" "non-targeting_noRT"
"31198" "Gm5938" 0 NA NA NA NA 0 0 "Uqcrc2_noRT" "non-targeting_noRT"
"31199" "Obp1b" 0 NA NA NA NA 0 0 "Uqcrc2_noRT" "non-targeting_noRT"
"31200" "Gm14743" 0 NA NA NA NA 0 0 "Uqcrc2_noRT" "non-targeting_noRT"
"31201" "4930480E11Rik" 0 NA NA NA NA 0 0 "Uqcrc2_noRT" "non-targeting_noRT"
"31202" "Fam47c" 0 NA NA NA NA 0 0 "Uqcrc2_noRT" "non-targeting_noRT"
"31203" "Cfap47" 0 NA NA NA NA 0 0 "Uqcrc2_noRT" "non-targeting_noRT"
"31204" "Mageb16" 0 NA NA NA NA 0 0 "Uqcrc2_noRT" "non-targeting_noRT"
"31205" "Tmem47" 0 NA NA NA NA 0 0 "Uqcrc2_noRT" "non-targeting_noRT"
"31206" "4930595M18Rik" 0 NA NA NA NA 0 0 "Uqcrc2_noRT" "non-targeting_noRT"
"31207" "Tsga8" 0 NA NA NA NA 0 0 "Uqcrc2_noRT" "non-targeting_noRT"
"31208" "Fthl17a" 0 NA NA NA NA 0 0 "Uqcrc2_noRT" "non-targeting_noRT"
"31209" "Gm14764" 0 NA NA NA NA 0 0 "Uqcrc2_noRT" "non-targeting_noRT"
"31210" "Gm14762" 0 NA NA NA NA 0 0 "Uqcrc2_noRT" "non-targeting_noRT"
"31211" "5430427O19Rik" 0 NA NA NA NA 0 0 "Uqcrc2_noRT" "non-targeting_noRT"
"31212" "Samt3" 0 NA NA NA NA 0 0 "Uqcrc2_noRT" "non-targeting_noRT"
"31213" "Nr0b1" 0 NA NA NA NA 0 0 "Uqcrc2_noRT" "non-targeting_noRT"
"31214" "Mageb4" 0 NA NA NA NA 0 0 "Uqcrc2_noRT" "non-targeting_noRT"
"31215" "Gm27000" 0 NA NA NA NA 0 0 "Uqcrc2_noRT" "non-targeting_noRT"
"31216" "4932429P05Rik" 0 NA NA NA NA 0 0 "Uqcrc2_noRT" "non-targeting_noRT"
"31217" "4930415L06Rik" 0 NA NA NA NA 0 0 "Uqcrc2_noRT" "non-targeting_noRT"
"31218" "Gm44" 0 NA NA NA NA 0 0 "Uqcrc2_noRT" "non-targeting_noRT"
"31219" "Gm14773" 0 NA NA NA NA 0 0 "Uqcrc2_noRT" "non-targeting_noRT"
"31220" "Mageb2" 0 NA NA NA NA 0 0 "Uqcrc2_noRT" "non-targeting_noRT"
"31221" "Gm5072" 0 NA NA NA NA 0 0 "Uqcrc2_noRT" "non-targeting_noRT"
"31222" "Gm8914" 0 NA NA NA NA 0 0 "Uqcrc2_noRT" "non-targeting_noRT"
"31223" "1700084M14Rik" 0 NA NA NA NA 0 0 "Uqcrc2_noRT" "non-targeting_noRT"
"31224" "Gm14781" 0 NA NA NA NA 0 0 "Uqcrc2_noRT" "non-targeting_noRT"
"31225" "Mageb5" 0 NA NA NA NA 0 0 "Uqcrc2_noRT" "non-targeting_noRT"
"31226" "Mageb1" 0 NA NA NA NA 0 0 "Uqcrc2_noRT" "non-targeting_noRT"
"31227" "Gm5941" 0 NA NA NA NA 0 0 "Uqcrc2_noRT" "non-targeting_noRT"
"31228" "1700003E24Rik" 0 NA NA NA NA 0 0 "Uqcrc2_noRT" "non-targeting_noRT"
"31229" "BC061195" 0 NA NA NA NA 0 0 "Uqcrc2_noRT" "non-targeting_noRT"
"31230" "Arx" 0 NA NA NA NA 0 0 "Uqcrc2_noRT" "non-targeting_noRT"
"31231" "AU015836" 0 NA NA NA NA 0 0 "Uqcrc2_noRT" "non-targeting_noRT"
"31232" "Gm14798" 0 NA NA NA NA 0 0 "Uqcrc2_noRT" "non-targeting_noRT"
"31233" "Fam90a1b" 0 NA NA NA NA 0 0 "Uqcrc2_noRT" "non-targeting_noRT"
"31234" "Fam90a1b.1" 0 NA NA NA NA 0 0 "Uqcrc2_noRT" "non-targeting_noRT"
"31235" "Gm14827" 0 NA NA NA NA 0 0 "Uqcrc2_noRT" "non-targeting_noRT"
"31236" "Asb12" 0 NA NA NA NA 0 0 "Uqcrc2_noRT" "non-targeting_noRT"
"31237" "Pfn5" 0 NA NA NA NA 0 0 "Uqcrc2_noRT" "non-targeting_noRT"
"31238" "1700010D01Rik" 0 NA NA NA NA 0 0 "Uqcrc2_noRT" "non-targeting_noRT"
"31239" "F630028O10Rik" 0 NA NA NA NA 0 0 "Uqcrc2_noRT" "non-targeting_noRT"
"31240" "Vsig4" 0 NA NA NA NA 0 0 "Uqcrc2_noRT" "non-targeting_noRT"
"31241" "Heph" 0 NA NA NA NA 0 0 "Uqcrc2_noRT" "non-targeting_noRT"
"31242" "Gpr165" 0 NA NA NA NA 0 0 "Uqcrc2_noRT" "non-targeting_noRT"
"31243" "Pgr15l" 0 NA NA NA NA 0 0 "Uqcrc2_noRT" "non-targeting_noRT"
"31244" "Eda2r" 0 NA NA NA NA 0 0 "Uqcrc2_noRT" "non-targeting_noRT"
"31245" "Ar" 0 NA NA NA NA 0 0 "Uqcrc2_noRT" "non-targeting_noRT"
"31246" "Gm14812" 0 NA NA NA NA 0 0 "Uqcrc2_noRT" "non-targeting_noRT"
"31247" "Gm14809" 0 NA NA NA NA 0 0 "Uqcrc2_noRT" "non-targeting_noRT"
"31248" "Gm14808" 0 NA NA NA NA 0 0 "Uqcrc2_noRT" "non-targeting_noRT"
"31249" "Tmem28" 0 NA NA NA NA 0 0 "Uqcrc2_noRT" "non-targeting_noRT"
"31250" "Eda" 0 NA NA NA NA 0 0 "Uqcrc2_noRT" "non-targeting_noRT"
"31251" "Awat2" 0 NA NA NA NA 0 0 "Uqcrc2_noRT" "non-targeting_noRT"
"31252" "Otud6a" 0 NA NA NA NA 0 0 "Uqcrc2_noRT" "non-targeting_noRT"
"31253" "Dgat2l6" 0 NA NA NA NA 0 0 "Uqcrc2_noRT" "non-targeting_noRT"
"31254" "Awat1" 0 NA NA NA NA 0 0 "Uqcrc2_noRT" "non-targeting_noRT"
"31255" "P2ry4" 0 NA NA NA NA 0 0 "Uqcrc2_noRT" "non-targeting_noRT"
"31256" "Arr3" 0 NA NA NA NA 0 0 "Uqcrc2_noRT" "non-targeting_noRT"
"31257" "Gdpd2" 0 NA NA NA NA 0 0 "Uqcrc2_noRT" "non-targeting_noRT"
"31258" "Gm14866" 0 NA NA NA NA 0 0 "Uqcrc2_noRT" "non-targeting_noRT"
"31259" "Gm14902" 0 NA NA NA NA 0 0 "Uqcrc2_noRT" "non-targeting_noRT"
"31260" "Tex11" 0 NA NA NA NA 0 0 "Uqcrc2_noRT" "non-targeting_noRT"
"31261" "Gm614" 0 NA NA NA NA 0 0 "Uqcrc2_noRT" "non-targeting_noRT"
"31262" "Il2rg" 0 NA NA NA NA 0 0 "Uqcrc2_noRT" "non-targeting_noRT"
"31263" "Cxcr3" 0 NA NA NA NA 0 0 "Uqcrc2_noRT" "non-targeting_noRT"
"31264" "Gm4779" 0 NA NA NA NA 0 0 "Uqcrc2_noRT" "non-targeting_noRT"
"31265" "8030474K03Rik" 0 NA NA NA NA 0 0 "Uqcrc2_noRT" "non-targeting_noRT"
"31266" "Nhsl2" 0 NA NA NA NA 0 0 "Uqcrc2_noRT" "non-targeting_noRT"
"31267" "Rtl5" 0 NA NA NA NA 0 0 "Uqcrc2_noRT" "non-targeting_noRT"
"31268" "Gm14858" 0 NA NA NA NA 0 0 "Uqcrc2_noRT" "non-targeting_noRT"
"31269" "Gm3880" 0 NA NA NA NA 0 0 "Uqcrc2_noRT" "non-targeting_noRT"
"31270" "Gm9112" 0 NA NA NA NA 0 0 "Uqcrc2_noRT" "non-targeting_noRT"
"31271" "Dmrtc1b" 0 NA NA NA NA 0 0 "Uqcrc2_noRT" "non-targeting_noRT"
"31272" "Dmrtc1c1" 0 NA NA NA NA 0 0 "Uqcrc2_noRT" "non-targeting_noRT"
"31273" "Dmrtc1c2" 0 NA NA NA NA 0 0 "Uqcrc2_noRT" "non-targeting_noRT"
"31274" "1700031F05Rik" 0 NA NA NA NA 0 0 "Uqcrc2_noRT" "non-targeting_noRT"
"31275" "Dmrtc1a" 0 NA NA NA NA 0 0 "Uqcrc2_noRT" "non-targeting_noRT"
"31276" "1700011M02Rik" 0 NA NA NA NA 0 0 "Uqcrc2_noRT" "non-targeting_noRT"
"31277" "1700018G05Rik" 0 NA NA NA NA 0 0 "Uqcrc2_noRT" "non-targeting_noRT"
"31278" "Nap1l2" 0 NA NA NA NA 0 0 "Uqcrc2_noRT" "non-targeting_noRT"
"31279" "Cdx4" 0 NA NA NA NA 0 0 "Uqcrc2_noRT" "non-targeting_noRT"
"31280" "Gm26952" 0 NA NA NA NA 0 0 "Uqcrc2_noRT" "non-targeting_noRT"
"31281" "Tsx" 0 NA NA NA NA 0 0 "Uqcrc2_noRT" "non-targeting_noRT"
"31282" "Tsix" 0 NA NA NA NA 0 0 "Uqcrc2_noRT" "non-targeting_noRT"
"31283" "Nexmif" 0 NA NA NA NA 0 0 "Uqcrc2_noRT" "non-targeting_noRT"
"31284" "1700121L16Rik" 0 NA NA NA NA 0 0 "Uqcrc2_noRT" "non-targeting_noRT"
"31285" "Magee2" 0 NA NA NA NA 0 0 "Uqcrc2_noRT" "non-targeting_noRT"
"31286" "Cypt2" 0 NA NA NA NA 0 0 "Uqcrc2_noRT" "non-targeting_noRT"
"31287" "Fgf16" 0 NA NA NA NA 0 0 "Uqcrc2_noRT" "non-targeting_noRT"
"31288" "Tlr13" 0 NA NA NA NA 0 0 "Uqcrc2_noRT" "non-targeting_noRT"
"31289" "Fnd3c2" 0 NA NA NA NA 0 0 "Uqcrc2_noRT" "non-targeting_noRT"
"31290" "Cysltr1" 0 NA NA NA NA 0 0 "Uqcrc2_noRT" "non-targeting_noRT"
"31291" "Gm5127" 0 NA NA NA NA 0 0 "Uqcrc2_noRT" "non-targeting_noRT"
"31292" "Rtl3" 0 NA NA NA NA 0 0 "Uqcrc2_noRT" "non-targeting_noRT"
"31293" "Gpr174" 0 NA NA NA NA 0 0 "Uqcrc2_noRT" "non-targeting_noRT"
"31294" "Tbx22" 0 NA NA NA NA 0 0 "Uqcrc2_noRT" "non-targeting_noRT"
"31295" "Gm732" 0 NA NA NA NA 0 0 "Uqcrc2_noRT" "non-targeting_noRT"
"31296" "Gm6377" 0 NA NA NA NA 0 0 "Uqcrc2_noRT" "non-targeting_noRT"
"31297" "Gm44593" 0 NA NA NA NA 0 0 "Uqcrc2_noRT" "non-targeting_noRT"
"31298" "Pou3f4" 0 NA NA NA NA 0 0 "Uqcrc2_noRT" "non-targeting_noRT"
"31299" "Cylc1" 0 NA NA NA NA 0 0 "Uqcrc2_noRT" "non-targeting_noRT"
"31300" "Gm45194" 0 NA NA NA NA 0 0 "Uqcrc2_noRT" "non-targeting_noRT"
"31301" "Tex16" 0 NA NA NA NA 0 0 "Uqcrc2_noRT" "non-targeting_noRT"
"31302" "4933403O08Rik" 0 NA NA NA NA 0 0 "Uqcrc2_noRT" "non-targeting_noRT"
"31303" "Satl1" 0 NA NA NA NA 0 0 "Uqcrc2_noRT" "non-targeting_noRT"
"31304" "2010106E10Rik" 0 NA NA NA NA 0 0 "Uqcrc2_noRT" "non-targeting_noRT"
"31305" "Zfp711" 0 NA NA NA NA 0 0 "Uqcrc2_noRT" "non-targeting_noRT"
"31306" "Pof1b" 0 NA NA NA NA 0 0 "Uqcrc2_noRT" "non-targeting_noRT"
"31307" "Gm14936" 0 NA NA NA NA 0 0 "Uqcrc2_noRT" "non-targeting_noRT"
"31308" "Klhl4" 0 NA NA NA NA 0 0 "Uqcrc2_noRT" "non-targeting_noRT"
"31309" "Ube2dnl1" 0 NA NA NA NA 0 0 "Uqcrc2_noRT" "non-targeting_noRT"
"31310" "Ube2dnl2" 0 NA NA NA NA 0 0 "Uqcrc2_noRT" "non-targeting_noRT"
"31311" "4930555B12Rik" 0 NA NA NA NA 0 0 "Uqcrc2_noRT" "non-targeting_noRT"
"31312" "Cpxcr1" 0 NA NA NA NA 0 0 "Uqcrc2_noRT" "non-targeting_noRT"
"31313" "H2afb2" 0 NA NA NA NA 0 0 "Uqcrc2_noRT" "non-targeting_noRT"
"31314" "H2afb1" 0 NA NA NA NA 0 0 "Uqcrc2_noRT" "non-targeting_noRT"
"31315" "Gm28579" 0 NA NA NA NA 0 0 "Uqcrc2_noRT" "non-targeting_noRT"
"31316" "Tgif2lx2" 0 NA NA NA NA 0 0 "Uqcrc2_noRT" "non-targeting_noRT"
"31317" "Tgif2lx1" 0 NA NA NA NA 0 0 "Uqcrc2_noRT" "non-targeting_noRT"
"31318" "Gm14929" 0 NA NA NA NA 0 0 "Uqcrc2_noRT" "non-targeting_noRT"
"31319" "Pabpc5" 0 NA NA NA NA 0 0 "Uqcrc2_noRT" "non-targeting_noRT"
"31320" "Pcdh11x" 0 NA NA NA NA 0 0 "Uqcrc2_noRT" "non-targeting_noRT"
"31321" "H2afb3" 0 NA NA NA NA 0 0 "Uqcrc2_noRT" "non-targeting_noRT"
"31322" "Nap1l3" 0 NA NA NA NA 0 0 "Uqcrc2_noRT" "non-targeting_noRT"
"31323" "Gm17521" 0 NA NA NA NA 0 0 "Uqcrc2_noRT" "non-targeting_noRT"
"31324" "Astx6" 0 NA NA NA NA 0 0 "Uqcrc2_noRT" "non-targeting_noRT"
"31325" "Gm17577" 0 NA NA NA NA 0 0 "Uqcrc2_noRT" "non-targeting_noRT"
"31326" "Gm14951" 0 NA NA NA NA 0 0 "Uqcrc2_noRT" "non-targeting_noRT"
"31327" "BX088531.1" 0 NA NA NA NA 0 0 "Uqcrc2_noRT" "non-targeting_noRT"
"31328" "Astx2" 0 NA NA NA NA 0 0 "Uqcrc2_noRT" "non-targeting_noRT"
"31329" "Gm17412" 0 NA NA NA NA 0 0 "Uqcrc2_noRT" "non-targeting_noRT"
"31330" "Cldn34c2" 0 NA NA NA NA 0 0 "Uqcrc2_noRT" "non-targeting_noRT"
"31331" "Gm14950" 0 NA NA NA NA 0 0 "Uqcrc2_noRT" "non-targeting_noRT"
"31332" "Gm17467" 0 NA NA NA NA 0 0 "Uqcrc2_noRT" "non-targeting_noRT"
"31333" "Astx5" 0 NA NA NA NA 0 0 "Uqcrc2_noRT" "non-targeting_noRT"
"31334" "BX571804.1" 0 NA NA NA NA 0 0 "Uqcrc2_noRT" "non-targeting_noRT"
"31335" "Vmn2r121" 0 NA NA NA NA 0 0 "Uqcrc2_noRT" "non-targeting_noRT"
"31336" "Astx1a" 0 NA NA NA NA 0 0 "Uqcrc2_noRT" "non-targeting_noRT"
"31337" "CR974424.1" 0 NA NA NA NA 0 0 "Uqcrc2_noRT" "non-targeting_noRT"
"31338" "Astx4a" 0 NA NA NA NA 0 0 "Uqcrc2_noRT" "non-targeting_noRT"
"31339" "CR974480.1" 0 NA NA NA NA 0 0 "Uqcrc2_noRT" "non-targeting_noRT"
"31340" "Astx4b" 0 NA NA NA NA 0 0 "Uqcrc2_noRT" "non-targeting_noRT"
"31341" "CR628363.1" 0 NA NA NA NA 0 0 "Uqcrc2_noRT" "non-targeting_noRT"
"31342" "Astx1b" 0 NA NA NA NA 0 0 "Uqcrc2_noRT" "non-targeting_noRT"
"31343" "CR628363.2" 0 NA NA NA NA 0 0 "Uqcrc2_noRT" "non-targeting_noRT"
"31344" "CU041232.1" 0 NA NA NA NA 0 0 "Uqcrc2_noRT" "non-targeting_noRT"
"31345" "CU041232.2" 0 NA NA NA NA 0 0 "Uqcrc2_noRT" "non-targeting_noRT"
"31346" "BX571788.1" 0 NA NA NA NA 0 0 "Uqcrc2_noRT" "non-targeting_noRT"
"31347" "Astx4c" 0 NA NA NA NA 0 0 "Uqcrc2_noRT" "non-targeting_noRT"
"31348" "BX571788.2" 0 NA NA NA NA 0 0 "Uqcrc2_noRT" "non-targeting_noRT"
"31349" "Astx1c" 0 NA NA NA NA 0 0 "Uqcrc2_noRT" "non-targeting_noRT"
"31350" "CR974488.1" 0 NA NA NA NA 0 0 "Uqcrc2_noRT" "non-targeting_noRT"
"31351" "Gm17522" 0 NA NA NA NA 0 0 "Uqcrc2_noRT" "non-targeting_noRT"
"31352" "Astx4d" 0 NA NA NA NA 0 0 "Uqcrc2_noRT" "non-targeting_noRT"
"31353" "BX119993.1" 0 NA NA NA NA 0 0 "Uqcrc2_noRT" "non-targeting_noRT"
"31354" "Astx3" 0 NA NA NA NA 0 0 "Uqcrc2_noRT" "non-targeting_noRT"
"31355" "4932411N23Rik" 0 NA NA NA NA 0 0 "Uqcrc2_noRT" "non-targeting_noRT"
"31356" "Gm382" 0 NA NA NA NA 0 0 "Uqcrc2_noRT" "non-targeting_noRT"
"31357" "4921511C20Rik" 0 NA NA NA NA 0 0 "Uqcrc2_noRT" "non-targeting_noRT"
"31358" "Cldn34c4" 0 NA NA NA NA 0 0 "Uqcrc2_noRT" "non-targeting_noRT"
"31359" "4930558G05Rik" 0 NA NA NA NA 0 0 "Uqcrc2_noRT" "non-targeting_noRT"
"31360" "Pcdh19" 0 NA NA NA NA 0 0 "Uqcrc2_noRT" "non-targeting_noRT"
"31361" "Tnmd" 0 NA NA NA NA 0 0 "Uqcrc2_noRT" "non-targeting_noRT"
"31362" "4930570D08Rik" 0 NA NA NA NA 0 0 "Uqcrc2_noRT" "non-targeting_noRT"
"31363" "Srpx2" 0 NA NA NA NA 0 0 "Uqcrc2_noRT" "non-targeting_noRT"
"31364" "Sytl4" 0 NA NA NA NA 0 0 "Uqcrc2_noRT" "non-targeting_noRT"
"31365" "Xkrx" 0 NA NA NA NA 0 0 "Uqcrc2_noRT" "non-targeting_noRT"
"31366" "Arl13a" 0 NA NA NA NA 0 0 "Uqcrc2_noRT" "non-targeting_noRT"
"31367" "Taf7l" 0 NA NA NA NA 0 0 "Uqcrc2_noRT" "non-targeting_noRT"
"31368" "Btk" 0 NA NA NA NA 0 0 "Uqcrc2_noRT" "non-targeting_noRT"
"31369" "3632454L22Rik" 0 NA NA NA NA 0 0 "Uqcrc2_noRT" "non-targeting_noRT"
"31370" "Gm15020" 0 NA NA NA NA 0 0 "Uqcrc2_noRT" "non-targeting_noRT"
"31371" "Gm15023" 0 NA NA NA NA 0 0 "Uqcrc2_noRT" "non-targeting_noRT"
"31372" "Tceal6" 0 NA NA NA NA 0 0 "Uqcrc2_noRT" "non-targeting_noRT"
"31373" "Pramel3" 0 NA NA NA NA 0 0 "Uqcrc2_noRT" "non-targeting_noRT"
"31374" "Gm15017" 0 NA NA NA NA 0 0 "Uqcrc2_noRT" "non-targeting_noRT"
"31375" "Gm5128" 0 NA NA NA NA 0 0 "Uqcrc2_noRT" "non-targeting_noRT"
"31376" "Gm7903" 0 NA NA NA NA 0 0 "Uqcrc2_noRT" "non-targeting_noRT"
"31377" "AV320801" 0 NA NA NA NA 0 0 "Uqcrc2_noRT" "non-targeting_noRT"
"31378" "Gm15015" 0 NA NA NA NA 0 0 "Uqcrc2_noRT" "non-targeting_noRT"
"31379" "Nxf7" 0 NA NA NA NA 0 0 "Uqcrc2_noRT" "non-targeting_noRT"
"31380" "Prame" 0 NA NA NA NA 0 0 "Uqcrc2_noRT" "non-targeting_noRT"
"31381" "Tcp11x2" 0 NA NA NA NA 0 0 "Uqcrc2_noRT" "non-targeting_noRT"
"31382" "Tmsb15a" 0 NA NA NA NA 0 0 "Uqcrc2_noRT" "non-targeting_noRT"
"31383" "5730412P04Rik" 0 NA NA NA NA 0 0 "Uqcrc2_noRT" "non-targeting_noRT"
"31384" "Tceal5" 0 NA NA NA NA 0 0 "Uqcrc2_noRT" "non-targeting_noRT"
"31385" "Tceal7" 0 NA NA NA NA 0 0 "Uqcrc2_noRT" "non-targeting_noRT"
"31386" "Kir3dl2" 0 NA NA NA NA 0 0 "Uqcrc2_noRT" "non-targeting_noRT"
"31387" "Kir3dl1" 0 NA NA NA NA 0 0 "Uqcrc2_noRT" "non-targeting_noRT"
"31388" "Tceal3" 0 NA NA NA NA 0 0 "Uqcrc2_noRT" "non-targeting_noRT"
"31389" "Glra4" 0 NA NA NA NA 0 0 "Uqcrc2_noRT" "non-targeting_noRT"
"31390" "Rab9b" 0 NA NA NA NA 0 0 "Uqcrc2_noRT" "non-targeting_noRT"
"31391" "H2bfm" 0 NA NA NA NA 0 0 "Uqcrc2_noRT" "non-targeting_noRT"
"31392" "Tmsb15b2" 0 NA NA NA NA 0 0 "Uqcrc2_noRT" "non-targeting_noRT"
"31393" "Slc25a53" 0 NA NA NA NA 0 0 "Uqcrc2_noRT" "non-targeting_noRT"
"31394" "Esx1" 0 NA NA NA NA 0 0 "Uqcrc2_noRT" "non-targeting_noRT"
"31395" "Il1rapl2" 0 NA NA NA NA 0 0 "Uqcrc2_noRT" "non-targeting_noRT"
"31396" "Tex13a" 0 NA NA NA NA 0 0 "Uqcrc2_noRT" "non-targeting_noRT"
"31397" "Nrk" 0 NA NA NA NA 0 0 "Uqcrc2_noRT" "non-targeting_noRT"
"31398" "Serpina7" 0 NA NA NA NA 0 0 "Uqcrc2_noRT" "non-targeting_noRT"
"31399" "4930513O06Rik" 0 NA NA NA NA 0 0 "Uqcrc2_noRT" "non-targeting_noRT"
"31400" "4933428M09Rik" 0 NA NA NA NA 0 0 "Uqcrc2_noRT" "non-targeting_noRT"
"31401" "Pwwp3b" 0 NA NA NA NA 0 0 "Uqcrc2_noRT" "non-targeting_noRT"
"31402" "Platr21" 0 NA NA NA NA 0 0 "Uqcrc2_noRT" "non-targeting_noRT"
"31403" "Trap1a" 0 NA NA NA NA 0 0 "Uqcrc2_noRT" "non-targeting_noRT"
"31404" "Radx" 0 NA NA NA NA 0 0 "Uqcrc2_noRT" "non-targeting_noRT"
"31405" "Ripply1" 0 NA NA NA NA 0 0 "Uqcrc2_noRT" "non-targeting_noRT"
"31406" "Cldn2" 0 NA NA NA NA 0 0 "Uqcrc2_noRT" "non-targeting_noRT"
"31407" "Nup62cl" 0 NA NA NA NA 0 0 "Uqcrc2_noRT" "non-targeting_noRT"
"31408" "Pih1h3b" 0 NA NA NA NA 0 0 "Uqcrc2_noRT" "non-targeting_noRT"
"31409" "Gm15046" 0 NA NA NA NA 0 0 "Uqcrc2_noRT" "non-targeting_noRT"
"31410" "Frmpd3" 0 NA NA NA NA 0 0 "Uqcrc2_noRT" "non-targeting_noRT"
"31411" "Eif2c5" 0 NA NA NA NA 0 0 "Uqcrc2_noRT" "non-targeting_noRT"
"31412" "Tex13b" 0 NA NA NA NA 0 0 "Uqcrc2_noRT" "non-targeting_noRT"
"31413" "Vsig1" 0 NA NA NA NA 0 0 "Uqcrc2_noRT" "non-targeting_noRT"
"31414" "Col4a6" 0 NA NA NA NA 0 0 "Uqcrc2_noRT" "non-targeting_noRT"
"31415" "Irs4" 0 NA NA NA NA 0 0 "Uqcrc2_noRT" "non-targeting_noRT"
"31416" "Gm15295" 0 NA NA NA NA 0 0 "Uqcrc2_noRT" "non-targeting_noRT"
"31417" "Gm15294" 0 NA NA NA NA 0 0 "Uqcrc2_noRT" "non-targeting_noRT"
"31418" "Gm15298" 0 NA NA NA NA 0 0 "Uqcrc2_noRT" "non-targeting_noRT"
"31419" "Gucy2f" 0 NA NA NA NA 0 0 "Uqcrc2_noRT" "non-targeting_noRT"
"31420" "Kcne1l" 0 NA NA NA NA 0 0 "Uqcrc2_noRT" "non-targeting_noRT"
"31421" "Chrdl1" 0 NA NA NA NA 0 0 "Uqcrc2_noRT" "non-targeting_noRT"
"31422" "Dcx" 0 NA NA NA NA 0 0 "Uqcrc2_noRT" "non-targeting_noRT"
"31423" "A730046J19Rik" 0 NA NA NA NA 0 0 "Uqcrc2_noRT" "non-targeting_noRT"
"31424" "Trpc5" 0 NA NA NA NA 0 0 "Uqcrc2_noRT" "non-targeting_noRT"
"31425" "Trpc5os" 0 NA NA NA NA 0 0 "Uqcrc2_noRT" "non-targeting_noRT"
"31426" "Rtl4" 0 NA NA NA NA 0 0 "Uqcrc2_noRT" "non-targeting_noRT"
"31427" "Lhfpl1" 0 NA NA NA NA 0 0 "Uqcrc2_noRT" "non-targeting_noRT"
"31428" "Htr2c" 0 NA NA NA NA 0 0 "Uqcrc2_noRT" "non-targeting_noRT"
"31429" "Il13ra2" 0 NA NA NA NA 0 0 "Uqcrc2_noRT" "non-targeting_noRT"
"31430" "Vmn1r239-ps" 0 NA NA NA NA 0 0 "Uqcrc2_noRT" "non-targeting_noRT"
"31431" "Lrch2" 0 NA NA NA NA 0 0 "Uqcrc2_noRT" "non-targeting_noRT"
"31432" "Gm15114" 0 NA NA NA NA 0 0 "Uqcrc2_noRT" "non-targeting_noRT"
"31433" "Gm8334" 0 NA NA NA NA 0 0 "Uqcrc2_noRT" "non-targeting_noRT"
"31434" "Gm15099" 0 NA NA NA NA 0 0 "Uqcrc2_noRT" "non-targeting_noRT"
"31435" "Ott" 0 NA NA NA NA 0 0 "Uqcrc2_noRT" "non-targeting_noRT"
"31436" "Gm15092" 0 NA NA NA NA 0 0 "Uqcrc2_noRT" "non-targeting_noRT"
"31437" "Gm15093" 0 NA NA NA NA 0 0 "Uqcrc2_noRT" "non-targeting_noRT"
"31438" "Gm15100" 0 NA NA NA NA 0 0 "Uqcrc2_noRT" "non-targeting_noRT"
"31439" "Gm15085" 0 NA NA NA NA 0 0 "Uqcrc2_noRT" "non-targeting_noRT"
"31440" "Gm15086" 0 NA NA NA NA 0 0 "Uqcrc2_noRT" "non-targeting_noRT"
"31441" "Gm15104" 0 NA NA NA NA 0 0 "Uqcrc2_noRT" "non-targeting_noRT"
"31442" "Alas2" 0 NA NA NA NA 0 0 "Uqcrc2_noRT" "non-targeting_noRT"
"31443" "Gm27191" 0 NA NA NA NA 0 0 "Uqcrc2_noRT" "non-targeting_noRT"
"31444" "Cldn34a" 0 NA NA NA NA 0 0 "Uqcrc2_noRT" "non-targeting_noRT"
"31445" "Gpr143" 0 NA NA NA NA 0 0 "Uqcrc2_noRT" "non-targeting_noRT"
"31446" "Foxr2" 0 NA NA NA NA 0 0 "Uqcrc2_noRT" "non-targeting_noRT"
"31447" "Cypt3" 0 NA NA NA NA 0 0 "Uqcrc2_noRT" "non-targeting_noRT"
"31448" "Kctd12b" 0 NA NA NA NA 0 0 "Uqcrc2_noRT" "non-targeting_noRT"
"31449" "Gm45022" 0 NA NA NA NA 0 0 "Uqcrc2_noRT" "non-targeting_noRT"
"31450" "Samt1" 0 NA NA NA NA 0 0 "Uqcrc2_noRT" "non-targeting_noRT"
"31451" "4921511M17Rik" 0 NA NA NA NA 0 0 "Uqcrc2_noRT" "non-targeting_noRT"
"31452" "Gm10057" 0 NA NA NA NA 0 0 "Uqcrc2_noRT" "non-targeting_noRT"
"31453" "Gm15140" 0 NA NA NA NA 0 0 "Uqcrc2_noRT" "non-targeting_noRT"
"31454" "4930524N10Rik" 0 NA NA NA NA 0 0 "Uqcrc2_noRT" "non-targeting_noRT"
"31455" "Samt4" 0 NA NA NA NA 0 0 "Uqcrc2_noRT" "non-targeting_noRT"
"31456" "Samt2" 0 NA NA NA NA 0 0 "Uqcrc2_noRT" "non-targeting_noRT"
"31457" "Cldn34b1" 0 NA NA NA NA 0 0 "Uqcrc2_noRT" "non-targeting_noRT"
"31458" "Magea6" 0 NA NA NA NA 0 0 "Uqcrc2_noRT" "non-targeting_noRT"
"31459" "Magea3" 0 NA NA NA NA 0 0 "Uqcrc2_noRT" "non-targeting_noRT"
"31460" "Magea2" 0 NA NA NA NA 0 0 "Uqcrc2_noRT" "non-targeting_noRT"
"31461" "Magea5" 0 NA NA NA NA 0 0 "Uqcrc2_noRT" "non-targeting_noRT"
"31462" "Magea1" 0 NA NA NA NA 0 0 "Uqcrc2_noRT" "non-targeting_noRT"
"31463" "Cldn34b2" 0 NA NA NA NA 0 0 "Uqcrc2_noRT" "non-targeting_noRT"
"31464" "Ptchd1" 0 NA NA NA NA 0 0 "Uqcrc2_noRT" "non-targeting_noRT"
"31465" "Gm15156" 0 NA NA NA NA 0 0 "Uqcrc2_noRT" "non-targeting_noRT"
"31466" "Gm15155" 0 NA NA NA NA 0 0 "Uqcrc2_noRT" "non-targeting_noRT"
"31467" "Yy2" 0 NA NA NA NA 0 0 "Uqcrc2_noRT" "non-targeting_noRT"
"31468" "Smpx" 0 NA NA NA NA 0 0 "Uqcrc2_noRT" "non-targeting_noRT"
"31469" "Klhl34" 0 NA NA NA NA 0 0 "Uqcrc2_noRT" "non-targeting_noRT"
"31470" "Cnksr2" 0 NA NA NA NA 0 0 "Uqcrc2_noRT" "non-targeting_noRT"
"31471" "Adgrg2" 0 NA NA NA NA 0 0 "Uqcrc2_noRT" "non-targeting_noRT"
"31472" "Gm15241" 0 NA NA NA NA 0 0 "Uqcrc2_noRT" "non-targeting_noRT"
"31473" "Gm15243" 0 NA NA NA NA 0 0 "Uqcrc2_noRT" "non-targeting_noRT"
"31474" "Rs1" 0 NA NA NA NA 0 0 "Uqcrc2_noRT" "non-targeting_noRT"
"31475" "Gja6" 0 NA NA NA NA 0 0 "Uqcrc2_noRT" "non-targeting_noRT"
"31476" "Gm15262" 0 NA NA NA NA 0 0 "Uqcrc2_noRT" "non-targeting_noRT"
"31477" "Rai2" 0 NA NA NA NA 0 0 "Uqcrc2_noRT" "non-targeting_noRT"
"31478" "Gm15202" 0 NA NA NA NA 0 0 "Uqcrc2_noRT" "non-targeting_noRT"
"31479" "Gm15201" 0 NA NA NA NA 0 0 "Uqcrc2_noRT" "non-targeting_noRT"
"31480" "S100g" 0 NA NA NA NA 0 0 "Uqcrc2_noRT" "non-targeting_noRT"
"31481" "Grpr" 0 NA NA NA NA 0 0 "Uqcrc2_noRT" "non-targeting_noRT"
"31482" "Rnf138rt1" 0 NA NA NA NA 0 0 "Uqcrc2_noRT" "non-targeting_noRT"
"31483" "Cltrn" 0 NA NA NA NA 0 0 "Uqcrc2_noRT" "non-targeting_noRT"
"31484" "Ace2" 0 NA NA NA NA 0 0 "Uqcrc2_noRT" "non-targeting_noRT"
"31485" "Asb9" 0 NA NA NA NA 0 0 "Uqcrc2_noRT" "non-targeting_noRT"
"31486" "Gm17604" 0 NA NA NA NA 0 0 "Uqcrc2_noRT" "non-targeting_noRT"
"31487" "Glra2" 0 NA NA NA NA 0 0 "Uqcrc2_noRT" "non-targeting_noRT"
"31488" "Egfl6" 0 NA NA NA NA 0 0 "Uqcrc2_noRT" "non-targeting_noRT"
"31489" "Gm15226" 0 NA NA NA NA 0 0 "Uqcrc2_noRT" "non-targeting_noRT"
"31490" "Gm1720" 0 NA NA NA NA 0 0 "Uqcrc2_noRT" "non-targeting_noRT"
"31491" "Gm15230" 0 NA NA NA NA 0 0 "Uqcrc2_noRT" "non-targeting_noRT"
"31492" "Gm8817" 0 NA NA NA NA 0 0 "Uqcrc2_noRT" "non-targeting_noRT"
"31493" "Gm15232" 0 NA NA NA NA 0 0 "Uqcrc2_noRT" "non-targeting_noRT"
"31494" "Gm15228" 0 NA NA NA NA 0 0 "Uqcrc2_noRT" "non-targeting_noRT"
"31495" "Tlr8" 0 NA NA NA NA 0 0 "Uqcrc2_noRT" "non-targeting_noRT"
"31496" "Tlr7" 0 NA NA NA NA 0 0 "Uqcrc2_noRT" "non-targeting_noRT"
"31497" "Gm15239" 0 NA NA NA NA 0 0 "Uqcrc2_noRT" "non-targeting_noRT"
"31498" "Frmpd4" 0 NA NA NA NA 0 0 "Uqcrc2_noRT" "non-targeting_noRT"
"31499" "Amelx" 0 NA NA NA NA 0 0 "Uqcrc2_noRT" "non-targeting_noRT"
"31500" "Gm15245" 0 NA NA NA NA 0 0 "Uqcrc2_noRT" "non-targeting_noRT"
"31501" "4933400A11Rik" 0 NA NA NA NA 0 0 "Uqcrc2_noRT" "non-targeting_noRT"
"31502" "Asmt" 0 NA NA NA NA 0 0 "Uqcrc2_noRT" "non-targeting_noRT"
"31503" "Gm29277" 0 NA NA NA NA 0 0 "Uqcrc2_noRT" "non-targeting_noRT"
"31504" "Gm29089" 0 NA NA NA NA 0 0 "Uqcrc2_noRT" "non-targeting_noRT"
"31505" "Zfy1" 0 NA NA NA NA 0 0 "Uqcrc2_noRT" "non-targeting_noRT"
"31506" "Uba1y" 0 NA NA NA NA 0 0 "Uqcrc2_noRT" "non-targeting_noRT"
"31507" "Gm28588" 0 NA NA NA NA 0 0 "Uqcrc2_noRT" "non-targeting_noRT"
"31508" "Gm28587" 0 NA NA NA NA 0 0 "Uqcrc2_noRT" "non-targeting_noRT"
"31509" "Kdm5d" 0 NA NA NA NA 0 0 "Uqcrc2_noRT" "non-targeting_noRT"
"31510" "Eif2s3y" 0 NA NA NA NA 0 0 "Uqcrc2_noRT" "non-targeting_noRT"
"31511" "Gm29650" 0 NA NA NA NA 0 0 "Uqcrc2_noRT" "non-targeting_noRT"
"31512" "Uty" 0 NA NA NA NA 0 0 "Uqcrc2_noRT" "non-targeting_noRT"
"31513" "Ddx3y" 0 NA NA NA NA 0 0 "Uqcrc2_noRT" "non-targeting_noRT"
"31514" "Usp9y" 0 NA NA NA NA 0 0 "Uqcrc2_noRT" "non-targeting_noRT"
"31515" "Zfy2" 0 NA NA NA NA 0 0 "Uqcrc2_noRT" "non-targeting_noRT"
"31516" "H2al2c" 0 NA NA NA NA 0 0 "Uqcrc2_noRT" "non-targeting_noRT"
"31517" "Sry" 0 NA NA NA NA 0 0 "Uqcrc2_noRT" "non-targeting_noRT"
"31518" "H2al2b" 0 NA NA NA NA 0 0 "Uqcrc2_noRT" "non-targeting_noRT"
"31519" "Gm4064" 0 NA NA NA NA 0 0 "Uqcrc2_noRT" "non-targeting_noRT"
"31520" "Rbmy" 0 NA NA NA NA 0 0 "Uqcrc2_noRT" "non-targeting_noRT"
"31521" "Gm10256" 0 NA NA NA NA 0 0 "Uqcrc2_noRT" "non-targeting_noRT"
"31522" "Gm10352" 0 NA NA NA NA 0 0 "Uqcrc2_noRT" "non-targeting_noRT"
"31523" "Gm29289" 0 NA NA NA NA 0 0 "Uqcrc2_noRT" "non-targeting_noRT"
"31524" "Gm21677" 0 NA NA NA NA 0 0 "Uqcrc2_noRT" "non-targeting_noRT"
"31525" "Gm21693" 0 NA NA NA NA 0 0 "Uqcrc2_noRT" "non-targeting_noRT"
"31526" "Gm21704" 0 NA NA NA NA 0 0 "Uqcrc2_noRT" "non-targeting_noRT"
"31527" "Gm21708" 0 NA NA NA NA 0 0 "Uqcrc2_noRT" "non-targeting_noRT"
"31528" "Gm3376" 0 NA NA NA NA 0 0 "Uqcrc2_noRT" "non-targeting_noRT"
"31529" "Gm28242" 0 NA NA NA NA 0 0 "Uqcrc2_noRT" "non-targeting_noRT"
"31530" "Gm28357" 0 NA NA NA NA 0 0 "Uqcrc2_noRT" "non-targeting_noRT"
"31531" "Gm29351" 0 NA NA NA NA 0 0 "Uqcrc2_noRT" "non-targeting_noRT"
"31532" "Gm29349" 0 NA NA NA NA 0 0 "Uqcrc2_noRT" "non-targeting_noRT"
"31533" "Gm20918" 0 NA NA NA NA 0 0 "Uqcrc2_noRT" "non-targeting_noRT"
"31534" "Gm29353" 0 NA NA NA NA 0 0 "Uqcrc2_noRT" "non-targeting_noRT"
"31535" "Gm21820" 0 NA NA NA NA 0 0 "Uqcrc2_noRT" "non-targeting_noRT"
"31536" "Gm29158" 0 NA NA NA NA 0 0 "Uqcrc2_noRT" "non-targeting_noRT"
"31537" "Gm21854" 0 NA NA NA NA 0 0 "Uqcrc2_noRT" "non-targeting_noRT"
"31538" "Gm20914" 0 NA NA NA NA 0 0 "Uqcrc2_noRT" "non-targeting_noRT"
"31539" "Gm28171" 0 NA NA NA NA 0 0 "Uqcrc2_noRT" "non-targeting_noRT"
"31540" "Gm28173" 0 NA NA NA NA 0 0 "Uqcrc2_noRT" "non-targeting_noRT"
"31541" "Gm29194" 0 NA NA NA NA 0 0 "Uqcrc2_noRT" "non-targeting_noRT"
"31542" "Gm21778" 0 NA NA NA NA 0 0 "Uqcrc2_noRT" "non-targeting_noRT"
"31543" "Gm29198" 0 NA NA NA NA 0 0 "Uqcrc2_noRT" "non-targeting_noRT"
"31544" "Gm29193" 0 NA NA NA NA 0 0 "Uqcrc2_noRT" "non-targeting_noRT"
"31545" "Gm28430" 0 NA NA NA NA 0 0 "Uqcrc2_noRT" "non-targeting_noRT"
"31546" "Gm28593" 0 NA NA NA NA 0 0 "Uqcrc2_noRT" "non-targeting_noRT"
"31547" "Gm20873" 0 NA NA NA NA 0 0 "Uqcrc2_noRT" "non-targeting_noRT"
"31548" "Gm28919" 0 NA NA NA NA 0 0 "Uqcrc2_noRT" "non-targeting_noRT"
"31549" "Gm21719" 0 NA NA NA NA 0 0 "Uqcrc2_noRT" "non-targeting_noRT"
"31550" "Gm28444" 0 NA NA NA NA 0 0 "Uqcrc2_noRT" "non-targeting_noRT"
"31551" "Gm20830" 0 NA NA NA NA 0 0 "Uqcrc2_noRT" "non-targeting_noRT"
"31552" "Gm28442" 0 NA NA NA NA 0 0 "Uqcrc2_noRT" "non-targeting_noRT"
"31553" "Gm28445" 0 NA NA NA NA 0 0 "Uqcrc2_noRT" "non-targeting_noRT"
"31554" "Gm28999" 0 NA NA NA NA 0 0 "Uqcrc2_noRT" "non-targeting_noRT"
"31555" "Gm21244" 0 NA NA NA NA 0 0 "Uqcrc2_noRT" "non-targeting_noRT"
"31556" "Gm28998" 0 NA NA NA NA 0 0 "Uqcrc2_noRT" "non-targeting_noRT"
"31557" "Gm28398" 0 NA NA NA NA 0 0 "Uqcrc2_noRT" "non-targeting_noRT"
"31558" "Gm28395" 0 NA NA NA NA 0 0 "Uqcrc2_noRT" "non-targeting_noRT"
"31559" "Gm28394" 0 NA NA NA NA 0 0 "Uqcrc2_noRT" "non-targeting_noRT"
"31560" "Gm28393" 0 NA NA NA NA 0 0 "Uqcrc2_noRT" "non-targeting_noRT"
"31561" "Gm20826" 0 NA NA NA NA 0 0 "Uqcrc2_noRT" "non-targeting_noRT"
"31562" "Gm28576" 0 NA NA NA NA 0 0 "Uqcrc2_noRT" "non-targeting_noRT"
"31563" "Gm28575" 0 NA NA NA NA 0 0 "Uqcrc2_noRT" "non-targeting_noRT"
"31564" "Gm28571" 0 NA NA NA NA 0 0 "Uqcrc2_noRT" "non-targeting_noRT"
"31565" "Gm28570" 0 NA NA NA NA 0 0 "Uqcrc2_noRT" "non-targeting_noRT"
"31566" "Gm29049" 0 NA NA NA NA 0 0 "Uqcrc2_noRT" "non-targeting_noRT"
"31567" "Gm20825" 0 NA NA NA NA 0 0 "Uqcrc2_noRT" "non-targeting_noRT"
"31568" "Gm29046" 0 NA NA NA NA 0 0 "Uqcrc2_noRT" "non-targeting_noRT"
"31569" "Gm29043" 0 NA NA NA NA 0 0 "Uqcrc2_noRT" "non-targeting_noRT"
"31570" "Gm29044" 0 NA NA NA NA 0 0 "Uqcrc2_noRT" "non-targeting_noRT"
"31571" "Gm20824" 0 NA NA NA NA 0 0 "Uqcrc2_noRT" "non-targeting_noRT"
"31572" "Gm28147" 0 NA NA NA NA 0 0 "Uqcrc2_noRT" "non-targeting_noRT"
"31573" "Gm28331" 0 NA NA NA NA 0 0 "Uqcrc2_noRT" "non-targeting_noRT"
"31574" "Gm20815" 0 NA NA NA NA 0 0 "Uqcrc2_noRT" "non-targeting_noRT"
"31575" "Gm29364" 0 NA NA NA NA 0 0 "Uqcrc2_noRT" "non-targeting_noRT"
"31576" "Gm29363" 0 NA NA NA NA 0 0 "Uqcrc2_noRT" "non-targeting_noRT"
"31577" "Gm21292" 0 NA NA NA NA 0 0 "Uqcrc2_noRT" "non-targeting_noRT"
"31578" "Gm21721" 0 NA NA NA NA 0 0 "Uqcrc2_noRT" "non-targeting_noRT"
"31579" "Gm29329" 0 NA NA NA NA 0 0 "Uqcrc2_noRT" "non-targeting_noRT"
"31580" "Gm21812" 0 NA NA NA NA 0 0 "Uqcrc2_noRT" "non-targeting_noRT"
"31581" "Gm21874" 0 NA NA NA NA 0 0 "Uqcrc2_noRT" "non-targeting_noRT"
"31582" "Gm20821" 0 NA NA NA NA 0 0 "Uqcrc2_noRT" "non-targeting_noRT"
"31583" "Gm21310" 0 NA NA NA NA 0 0 "Uqcrc2_noRT" "non-targeting_noRT"
"31584" "Gm28509" 0 NA NA NA NA 0 0 "Uqcrc2_noRT" "non-targeting_noRT"
"31585" "Gm20834" 0 NA NA NA NA 0 0 "Uqcrc2_noRT" "non-targeting_noRT"
"31586" "Gm28510" 0 NA NA NA NA 0 0 "Uqcrc2_noRT" "non-targeting_noRT"
"31587" "Gm20737" 0 NA NA NA NA 0 0 "Uqcrc2_noRT" "non-targeting_noRT"
"31588" "Gm29527" 0 NA NA NA NA 0 0 "Uqcrc2_noRT" "non-targeting_noRT"
"31589" "Gm29522" 0 NA NA NA NA 0 0 "Uqcrc2_noRT" "non-targeting_noRT"
"31590" "Gm20777" 0 NA NA NA NA 0 0 "Uqcrc2_noRT" "non-targeting_noRT"
"31591" "Gm28955" 0 NA NA NA NA 0 0 "Uqcrc2_noRT" "non-targeting_noRT"
"31592" "Gm28954" 0 NA NA NA NA 0 0 "Uqcrc2_noRT" "non-targeting_noRT"
"31593" "Gm20828" 0 NA NA NA NA 0 0 "Uqcrc2_noRT" "non-targeting_noRT"
"31594" "Gm28656" 0 NA NA NA NA 0 0 "Uqcrc2_noRT" "non-targeting_noRT"
"31595" "Gm29554" 0 NA NA NA NA 0 0 "Uqcrc2_noRT" "non-targeting_noRT"
"31596" "Gm20812" 0 NA NA NA NA 0 0 "Uqcrc2_noRT" "non-targeting_noRT"
"31597" "Gm37739" 0 NA NA NA NA 0 0 "Uqcrc2_noRT" "non-targeting_noRT"
"31598" "Gm20807" 0 NA NA NA NA 0 0 "Uqcrc2_noRT" "non-targeting_noRT"
"31599" "Gm38084" 0 NA NA NA NA 0 0 "Uqcrc2_noRT" "non-targeting_noRT"
"31600" "Gm37231" 0 NA NA NA NA 0 0 "Uqcrc2_noRT" "non-targeting_noRT"
"31601" "Gm21891" 0 NA NA NA NA 0 0 "Uqcrc2_noRT" "non-targeting_noRT"
"31602" "Gm21425" 0 NA NA NA NA 0 0 "Uqcrc2_noRT" "non-targeting_noRT"
"31603" "Gm37252" 0 NA NA NA NA 0 0 "Uqcrc2_noRT" "non-targeting_noRT"
"31604" "Gm21828" 0 NA NA NA NA 0 0 "Uqcrc2_noRT" "non-targeting_noRT"
"31605" "Gm21440" 0 NA NA NA NA 0 0 "Uqcrc2_noRT" "non-targeting_noRT"
"31606" "Gm21454" 0 NA NA NA NA 0 0 "Uqcrc2_noRT" "non-targeting_noRT"
"31607" "Gm37147" 0 NA NA NA NA 0 0 "Uqcrc2_noRT" "non-targeting_noRT"
"31608" "Gm38159" 0 NA NA NA NA 0 0 "Uqcrc2_noRT" "non-targeting_noRT"
"31609" "Gm21725" 0 NA NA NA NA 0 0 "Uqcrc2_noRT" "non-targeting_noRT"
"31610" "Gm37870" 0 NA NA NA NA 0 0 "Uqcrc2_noRT" "non-targeting_noRT"
"31611" "Gm37378" 0 NA NA NA NA 0 0 "Uqcrc2_noRT" "non-targeting_noRT"
"31612" "Gm21866" 0 NA NA NA NA 0 0 "Uqcrc2_noRT" "non-targeting_noRT"
"31613" "Gm20773" 0 NA NA NA NA 0 0 "Uqcrc2_noRT" "non-targeting_noRT"
"31614" "Gm37561" 0 NA NA NA NA 0 0 "Uqcrc2_noRT" "non-targeting_noRT"
"31615" "Gm37263" 0 NA NA NA NA 0 0 "Uqcrc2_noRT" "non-targeting_noRT"
"31616" "Gm21767" 0 NA NA NA NA 0 0 "Uqcrc2_noRT" "non-targeting_noRT"
"31617" "Gm37130" 0 NA NA NA NA 0 0 "Uqcrc2_noRT" "non-targeting_noRT"
"31618" "Gm37467" 0 NA NA NA NA 0 0 "Uqcrc2_noRT" "non-targeting_noRT"
"31619" "Gm38363" 0 NA NA NA NA 0 0 "Uqcrc2_noRT" "non-targeting_noRT"
"31620" "Gm30174" 0 NA NA NA NA 0 0 "Uqcrc2_noRT" "non-targeting_noRT"
"31621" "Gm30353" 0 NA NA NA NA 0 0 "Uqcrc2_noRT" "non-targeting_noRT"
"31622" "Gm30686" 0 NA NA NA NA 0 0 "Uqcrc2_noRT" "non-targeting_noRT"
"31623" "Gm30737" 0 NA NA NA NA 0 0 "Uqcrc2_noRT" "non-targeting_noRT"
"31624" "Gm37654" 0 NA NA NA NA 0 0 "Uqcrc2_noRT" "non-targeting_noRT"
"31625" "Gm37572" 0 NA NA NA NA 0 0 "Uqcrc2_noRT" "non-targeting_noRT"
"31626" "Gm37344" 0 NA NA NA NA 0 0 "Uqcrc2_noRT" "non-targeting_noRT"
"31627" "Gm37059" 0 NA NA NA NA 0 0 "Uqcrc2_noRT" "non-targeting_noRT"
"31628" "Gm31942" 0 NA NA NA NA 0 0 "Uqcrc2_noRT" "non-targeting_noRT"
"31629" "Gm37440" 0 NA NA NA NA 0 0 "Uqcrc2_noRT" "non-targeting_noRT"
"31630" "Gm37577" 0 NA NA NA NA 0 0 "Uqcrc2_noRT" "non-targeting_noRT"
"31631" "Gm20822" 0 NA NA NA NA 0 0 "Uqcrc2_noRT" "non-targeting_noRT"
"31632" "Gm21809" 0 NA NA NA NA 0 0 "Uqcrc2_noRT" "non-targeting_noRT"
"31633" "Gm20877" 0 NA NA NA NA 0 0 "Uqcrc2_noRT" "non-targeting_noRT"
"31634" "Gm38003" 0 NA NA NA NA 0 0 "Uqcrc2_noRT" "non-targeting_noRT"
"31635" "Rbm31y" 0 NA NA NA NA 0 0 "Uqcrc2_noRT" "non-targeting_noRT"
"31636" "Gm37865" 0 NA NA NA NA 0 0 "Uqcrc2_noRT" "non-targeting_noRT"
"31637" "Gm36941" 0 NA NA NA NA 0 0 "Uqcrc2_noRT" "non-targeting_noRT"
"31638" "Gm21904" 0 NA NA NA NA 0 0 "Uqcrc2_noRT" "non-targeting_noRT"
"31639" "Gm37937" 0 NA NA NA NA 0 0 "Uqcrc2_noRT" "non-targeting_noRT"
"31640" "Gm20772" 0 NA NA NA NA 0 0 "Uqcrc2_noRT" "non-targeting_noRT"
"31641" "Gm20831" 0 NA NA NA NA 0 0 "Uqcrc2_noRT" "non-targeting_noRT"
"31642" "Gm37286" 0 NA NA NA NA 0 0 "Uqcrc2_noRT" "non-targeting_noRT"
"31643" "Srsy" 0 NA NA NA NA 0 0 "Uqcrc2_noRT" "non-targeting_noRT"
"31644" "Gm38028" 0 NA NA NA NA 0 0 "Uqcrc2_noRT" "non-targeting_noRT"
"31645" "Gm21764" 0 NA NA NA NA 0 0 "Uqcrc2_noRT" "non-targeting_noRT"
"31646" "Ssty1" 0 NA NA NA NA 0 0 "Uqcrc2_noRT" "non-targeting_noRT"
"31647" "Gm38072" 0 NA NA NA NA 0 0 "Uqcrc2_noRT" "non-targeting_noRT"
"31648" "Gm37473" 0 NA NA NA NA 0 0 "Uqcrc2_noRT" "non-targeting_noRT"
"31649" "Gm37656" 0 NA NA NA NA 0 0 "Uqcrc2_noRT" "non-targeting_noRT"
"31650" "Gm38127" 0 NA NA NA NA 0 0 "Uqcrc2_noRT" "non-targeting_noRT"
"31651" "Gm38361" 0 NA NA NA NA 0 0 "Uqcrc2_noRT" "non-targeting_noRT"
"31652" "Gm38209" 0 NA NA NA NA 0 0 "Uqcrc2_noRT" "non-targeting_noRT"
"31653" "Gm21822" 0 NA NA NA NA 0 0 "Uqcrc2_noRT" "non-targeting_noRT"
"31654" "Gm37734" 0 NA NA NA NA 0 0 "Uqcrc2_noRT" "non-targeting_noRT"
"31655" "Gm38013" 0 NA NA NA NA 0 0 "Uqcrc2_noRT" "non-targeting_noRT"
"31656" "Gm37948" 0 NA NA NA NA 0 0 "Uqcrc2_noRT" "non-targeting_noRT"
"31657" "Gm34550" 0 NA NA NA NA 0 0 "Uqcrc2_noRT" "non-targeting_noRT"
"31658" "Gm37544" 0 NA NA NA NA 0 0 "Uqcrc2_noRT" "non-targeting_noRT"
"31659" "Gm34716" 0 NA NA NA NA 0 0 "Uqcrc2_noRT" "non-targeting_noRT"
"31660" "Gm37635" 0 NA NA NA NA 0 0 "Uqcrc2_noRT" "non-targeting_noRT"
"31661" "Gm35070" 0 NA NA NA NA 0 0 "Uqcrc2_noRT" "non-targeting_noRT"
"31662" "Gm35134" 0 NA NA NA NA 0 0 "Uqcrc2_noRT" "non-targeting_noRT"
"31663" "Gm37998" 0 NA NA NA NA 0 0 "Uqcrc2_noRT" "non-targeting_noRT"
"31664" "Gm38168" 0 NA NA NA NA 0 0 "Uqcrc2_noRT" "non-targeting_noRT"
"31665" "Gm37740" 0 NA NA NA NA 0 0 "Uqcrc2_noRT" "non-targeting_noRT"
"31666" "Gm36261" 0 NA NA NA NA 0 0 "Uqcrc2_noRT" "non-targeting_noRT"
"31667" "Gm37898" 0 NA NA NA NA 0 0 "Uqcrc2_noRT" "non-targeting_noRT"
"31668" "Gm36467" 0 NA NA NA NA 0 0 "Uqcrc2_noRT" "non-targeting_noRT"
"31669" "Gm37927" 0 NA NA NA NA 0 0 "Uqcrc2_noRT" "non-targeting_noRT"
"31670" "Gm36929" 0 NA NA NA NA 0 0 "Uqcrc2_noRT" "non-targeting_noRT"
"31671" "Gm38174" 0 NA NA NA NA 0 0 "Uqcrc2_noRT" "non-targeting_noRT"
"31672" "Gm29866" 0 NA NA NA NA 0 0 "Uqcrc2_noRT" "non-targeting_noRT"
"31673" "Gm36950" 0 NA NA NA NA 0 0 "Uqcrc2_noRT" "non-targeting_noRT"
"31674" "Gm20909" 0 NA NA NA NA 0 0 "Uqcrc2_noRT" "non-targeting_noRT"
"31675" "Gm20865" 0 NA NA NA NA 0 0 "Uqcrc2_noRT" "non-targeting_noRT"
"31676" "Gm37462" 0 NA NA NA NA 0 0 "Uqcrc2_noRT" "non-targeting_noRT"
"31677" "Gm38370" 0 NA NA NA NA 0 0 "Uqcrc2_noRT" "non-targeting_noRT"
"31678" "Gm38054" 0 NA NA NA NA 0 0 "Uqcrc2_noRT" "non-targeting_noRT"
"31679" "Gm37690" 0 NA NA NA NA 0 0 "Uqcrc2_noRT" "non-targeting_noRT"
"31680" "Gm31571" 0 NA NA NA NA 0 0 "Uqcrc2_noRT" "non-targeting_noRT"
"31681" "Gm32114" 0 NA NA NA NA 0 0 "Uqcrc2_noRT" "non-targeting_noRT"
"31682" "Gm37075" 0 NA NA NA NA 0 0 "Uqcrc2_noRT" "non-targeting_noRT"
"31683" "Gm38371" 0 NA NA NA NA 0 0 "Uqcrc2_noRT" "non-targeting_noRT"
"31684" "Gm37657" 0 NA NA NA NA 0 0 "Uqcrc2_noRT" "non-targeting_noRT"
"31685" "Gm37721" 0 NA NA NA NA 0 0 "Uqcrc2_noRT" "non-targeting_noRT"
"31686" "Gm21366" 0 NA NA NA NA 0 0 "Uqcrc2_noRT" "non-targeting_noRT"
"31687" "Gm33954" 0 NA NA NA NA 0 0 "Uqcrc2_noRT" "non-targeting_noRT"
"31688" "Gm37538" 0 NA NA NA NA 0 0 "Uqcrc2_noRT" "non-targeting_noRT"
"31689" "Gm34217" 0 NA NA NA NA 0 0 "Uqcrc2_noRT" "non-targeting_noRT"
"31690" "Gm37952" 0 NA NA NA NA 0 0 "Uqcrc2_noRT" "non-targeting_noRT"
"31691" "Gm37454" 0 NA NA NA NA 0 0 "Uqcrc2_noRT" "non-targeting_noRT"
"31692" "Gm37840" 0 NA NA NA NA 0 0 "Uqcrc2_noRT" "non-targeting_noRT"
"31693" "Gm37574" 0 NA NA NA NA 0 0 "Uqcrc2_noRT" "non-targeting_noRT"
"31694" "Gm35670" 0 NA NA NA NA 0 0 "Uqcrc2_noRT" "non-targeting_noRT"
"31695" "Gm37687" 0 NA NA NA NA 0 0 "Uqcrc2_noRT" "non-targeting_noRT"
"31696" "Gm38296" 0 NA NA NA NA 0 0 "Uqcrc2_noRT" "non-targeting_noRT"
"31697" "Gm36345" 0 NA NA NA NA 0 0 "Uqcrc2_noRT" "non-targeting_noRT"
"31698" "Gm37157" 0 NA NA NA NA 0 0 "Uqcrc2_noRT" "non-targeting_noRT"
"31699" "Gm20809" 0 NA NA NA NA 0 0 "Uqcrc2_noRT" "non-targeting_noRT"
"31700" "Gm37434" 0 NA NA NA NA 0 0 "Uqcrc2_noRT" "non-targeting_noRT"
"31701" "Gm30045" 0 NA NA NA NA 0 0 "Uqcrc2_noRT" "non-targeting_noRT"
"31702" "Gm21921" 0 NA NA NA NA 0 0 "Uqcrc2_noRT" "non-targeting_noRT"
"31703" "Gm37112" 0 NA NA NA NA 0 0 "Uqcrc2_noRT" "non-targeting_noRT"
"31704" "Gm37071" 0 NA NA NA NA 0 0 "Uqcrc2_noRT" "non-targeting_noRT"
"31705" "Gm37547" 0 NA NA NA NA 0 0 "Uqcrc2_noRT" "non-targeting_noRT"
"31706" "Gm30705" 0 NA NA NA NA 0 0 "Uqcrc2_noRT" "non-targeting_noRT"
"31707" "Gm21773" 0 NA NA NA NA 0 0 "Uqcrc2_noRT" "non-targeting_noRT"
"31708" "Gm37451" 0 NA NA NA NA 0 0 "Uqcrc2_noRT" "non-targeting_noRT"
"31709" "Gm37875" 0 NA NA NA NA 0 0 "Uqcrc2_noRT" "non-targeting_noRT"
"31710" "Gm31422" 0 NA NA NA NA 0 0 "Uqcrc2_noRT" "non-targeting_noRT"
"31711" "Gm37798" 0 NA NA NA NA 0 0 "Uqcrc2_noRT" "non-targeting_noRT"
"31712" "Gm37346" 0 NA NA NA NA 0 0 "Uqcrc2_noRT" "non-targeting_noRT"
"31713" "Gm38136" 0 NA NA NA NA 0 0 "Uqcrc2_noRT" "non-targeting_noRT"
"31714" "Gm37808" 0 NA NA NA NA 0 0 "Uqcrc2_noRT" "non-targeting_noRT"
"31715" "Gm32181" 0 NA NA NA NA 0 0 "Uqcrc2_noRT" "non-targeting_noRT"
"31716" "Gm28853" 0 NA NA NA NA 0 0 "Uqcrc2_noRT" "non-targeting_noRT"
"31717" "Gm28852" 0 NA NA NA NA 0 0 "Uqcrc2_noRT" "non-targeting_noRT"
"31718" "Gm28858" 0 NA NA NA NA 0 0 "Uqcrc2_noRT" "non-targeting_noRT"
"31719" "Gm20890" 0 NA NA NA NA 0 0 "Uqcrc2_noRT" "non-targeting_noRT"
"31720" "Gm28245" 0 NA NA NA NA 0 0 "Uqcrc2_noRT" "non-targeting_noRT"
"31721" "Gm28246" 0 NA NA NA NA 0 0 "Uqcrc2_noRT" "non-targeting_noRT"
"31722" "Gm28249" 0 NA NA NA NA 0 0 "Uqcrc2_noRT" "non-targeting_noRT"
"31723" "Gm28250" 0 NA NA NA NA 0 0 "Uqcrc2_noRT" "non-targeting_noRT"
"31724" "Gm28244" 0 NA NA NA NA 0 0 "Uqcrc2_noRT" "non-targeting_noRT"
"31725" "Gm29021" 0 NA NA NA NA 0 0 "Uqcrc2_noRT" "non-targeting_noRT"
"31726" "Gm28880" 0 NA NA NA NA 0 0 "Uqcrc2_noRT" "non-targeting_noRT"
"31727" "Gm21488" 0 NA NA NA NA 0 0 "Uqcrc2_noRT" "non-targeting_noRT"
"31728" "Gm28454" 0 NA NA NA NA 0 0 "Uqcrc2_noRT" "non-targeting_noRT"
"31729" "Gm28878" 0 NA NA NA NA 0 0 "Uqcrc2_noRT" "non-targeting_noRT"
"31730" "Gm29399" 0 NA NA NA NA 0 0 "Uqcrc2_noRT" "non-targeting_noRT"
"31731" "Gm28799" 0 NA NA NA NA 0 0 "Uqcrc2_noRT" "non-targeting_noRT"
"31732" "Gm28798" 0 NA NA NA NA 0 0 "Uqcrc2_noRT" "non-targeting_noRT"
"31733" "Gm20894" 0 NA NA NA NA 0 0 "Uqcrc2_noRT" "non-targeting_noRT"
"31734" "Gm28938" 0 NA NA NA NA 0 0 "Uqcrc2_noRT" "non-targeting_noRT"
"31735" "Gm29122" 0 NA NA NA NA 0 0 "Uqcrc2_noRT" "non-targeting_noRT"
"31736" "Gm28985" 0 NA NA NA NA 0 0 "Uqcrc2_noRT" "non-targeting_noRT"
"31737" "Gm28725" 0 NA NA NA NA 0 0 "Uqcrc2_noRT" "non-targeting_noRT"
"31738" "Gm28984" 0 NA NA NA NA 0 0 "Uqcrc2_noRT" "non-targeting_noRT"
"31739" "Gm28987" 0 NA NA NA NA 0 0 "Uqcrc2_noRT" "non-targeting_noRT"
"31740" "Gm28986" 0 NA NA NA NA 0 0 "Uqcrc2_noRT" "non-targeting_noRT"
"31741" "Gm28129" 0 NA NA NA NA 0 0 "Uqcrc2_noRT" "non-targeting_noRT"
"31742" "Gm28127" 0 NA NA NA NA 0 0 "Uqcrc2_noRT" "non-targeting_noRT"
"31743" "Gm28128" 0 NA NA NA NA 0 0 "Uqcrc2_noRT" "non-targeting_noRT"
"31744" "Gm28132" 0 NA NA NA NA 0 0 "Uqcrc2_noRT" "non-targeting_noRT"
"31745" "Gm28130" 0 NA NA NA NA 0 0 "Uqcrc2_noRT" "non-targeting_noRT"
"31746" "Gm28131" 0 NA NA NA NA 0 0 "Uqcrc2_noRT" "non-targeting_noRT"
"31747" "Gm29316" 0 NA NA NA NA 0 0 "Uqcrc2_noRT" "non-targeting_noRT"
"31748" "Gm29315" 0 NA NA NA NA 0 0 "Uqcrc2_noRT" "non-targeting_noRT"
"31749" "Gm28216" 0 NA NA NA NA 0 0 "Uqcrc2_noRT" "non-targeting_noRT"
"31750" "Gm28217" 0 NA NA NA NA 0 0 "Uqcrc2_noRT" "non-targeting_noRT"
"31751" "Gm28092" 0 NA NA NA NA 0 0 "Uqcrc2_noRT" "non-targeting_noRT"
"31752" "Gm28091" 0 NA NA NA NA 0 0 "Uqcrc2_noRT" "non-targeting_noRT"
"31753" "Gm29580" 0 NA NA NA NA 0 0 "Uqcrc2_noRT" "non-targeting_noRT"
"31754" "Gm28089" 0 NA NA NA NA 0 0 "Uqcrc2_noRT" "non-targeting_noRT"
"31755" "Gm28088" 0 NA NA NA NA 0 0 "Uqcrc2_noRT" "non-targeting_noRT"
"31756" "Gm29579" 0 NA NA NA NA 0 0 "Uqcrc2_noRT" "non-targeting_noRT"
"31757" "Gm29582" 0 NA NA NA NA 0 0 "Uqcrc2_noRT" "non-targeting_noRT"
"31758" "Gm21529" 0 NA NA NA NA 0 0 "Uqcrc2_noRT" "non-targeting_noRT"
"31759" "Gm29581" 0 NA NA NA NA 0 0 "Uqcrc2_noRT" "non-targeting_noRT"
"31760" "Gm21539" 0 NA NA NA NA 0 0 "Uqcrc2_noRT" "non-targeting_noRT"
"31761" "Gm29578" 0 NA NA NA NA 0 0 "Uqcrc2_noRT" "non-targeting_noRT"
"31762" "Gm21780" 0 NA NA NA NA 0 0 "Uqcrc2_noRT" "non-targeting_noRT"
"31763" "Gm28486" 0 NA NA NA NA 0 0 "Uqcrc2_noRT" "non-targeting_noRT"
"31764" "Gm28487" 0 NA NA NA NA 0 0 "Uqcrc2_noRT" "non-targeting_noRT"
"31765" "Gm28488" 0 NA NA NA NA 0 0 "Uqcrc2_noRT" "non-targeting_noRT"
"31766" "Gm28491" 0 NA NA NA NA 0 0 "Uqcrc2_noRT" "non-targeting_noRT"
"31767" "Gm28490" 0 NA NA NA NA 0 0 "Uqcrc2_noRT" "non-targeting_noRT"
"31768" "Gm21562" 0 NA NA NA NA 0 0 "Uqcrc2_noRT" "non-targeting_noRT"
"31769" "Gm28298" 0 NA NA NA NA 0 0 "Uqcrc2_noRT" "non-targeting_noRT"
"31770" "Gm21572" 0 NA NA NA NA 0 0 "Uqcrc2_noRT" "non-targeting_noRT"
"31771" "Gm28297" 0 NA NA NA NA 0 0 "Uqcrc2_noRT" "non-targeting_noRT"
"31772" "Gm21723" 0 NA NA NA NA 0 0 "Uqcrc2_noRT" "non-targeting_noRT"
"31773" "Gm28296" 0 NA NA NA NA 0 0 "Uqcrc2_noRT" "non-targeting_noRT"
"31774" "Gm21821" 0 NA NA NA NA 0 0 "Uqcrc2_noRT" "non-targeting_noRT"
"31775" "Gm28295" 0 NA NA NA NA 0 0 "Uqcrc2_noRT" "non-targeting_noRT"
"31776" "Gm21842" 0 NA NA NA NA 0 0 "Uqcrc2_noRT" "non-targeting_noRT"
"31777" "Gm28170" 0 NA NA NA NA 0 0 "Uqcrc2_noRT" "non-targeting_noRT"
"31778" "Gm28764" 0 NA NA NA NA 0 0 "Uqcrc2_noRT" "non-targeting_noRT"
"31779" "Gm28762" 0 NA NA NA NA 0 0 "Uqcrc2_noRT" "non-targeting_noRT"
"31780" "Gm28763" 0 NA NA NA NA 0 0 "Uqcrc2_noRT" "non-targeting_noRT"
"31781" "Gm21094" 0 NA NA NA NA 0 0 "Uqcrc2_noRT" "non-targeting_noRT"
"31782" "Gm21588" 0 NA NA NA NA 0 0 "Uqcrc2_noRT" "non-targeting_noRT"
"31783" "Gm28761" 0 NA NA NA NA 0 0 "Uqcrc2_noRT" "non-targeting_noRT"
"31784" "Gm21599" 0 NA NA NA NA 0 0 "Uqcrc2_noRT" "non-targeting_noRT"
"31785" "Gm28765" 0 NA NA NA NA 0 0 "Uqcrc2_noRT" "non-targeting_noRT"
"31786" "Gm21916" 0 NA NA NA NA 0 0 "Uqcrc2_noRT" "non-targeting_noRT"
"31787" "Gm29191" 0 NA NA NA NA 0 0 "Uqcrc2_noRT" "non-targeting_noRT"
"31788" "Gm28210" 0 NA NA NA NA 0 0 "Uqcrc2_noRT" "non-targeting_noRT"
"31789" "Gm29074" 0 NA NA NA NA 0 0 "Uqcrc2_noRT" "non-targeting_noRT"
"31790" "Gm28518" 0 NA NA NA NA 0 0 "Uqcrc2_noRT" "non-targeting_noRT"
"31791" "Gm28519" 0 NA NA NA NA 0 0 "Uqcrc2_noRT" "non-targeting_noRT"
"31792" "Gm28520" 0 NA NA NA NA 0 0 "Uqcrc2_noRT" "non-targeting_noRT"
"31793" "Gm20838" 0 NA NA NA NA 0 0 "Uqcrc2_noRT" "non-targeting_noRT"
"31794" "Gm21626" 0 NA NA NA NA 0 0 "Uqcrc2_noRT" "non-targeting_noRT"
"31795" "Gm28521" 0 NA NA NA NA 0 0 "Uqcrc2_noRT" "non-targeting_noRT"
"31796" "Gm21633" 0 NA NA NA NA 0 0 "Uqcrc2_noRT" "non-targeting_noRT"
"31797" "Gm28522" 0 NA NA NA NA 0 0 "Uqcrc2_noRT" "non-targeting_noRT"
"31798" "Gm28517" 0 NA NA NA NA 0 0 "Uqcrc2_noRT" "non-targeting_noRT"
"31799" "Gm29532" 0 NA NA NA NA 0 0 "Uqcrc2_noRT" "non-targeting_noRT"
"31800" "Gm29531" 0 NA NA NA NA 0 0 "Uqcrc2_noRT" "non-targeting_noRT"
"31801" "Gm28464" 0 NA NA NA NA 0 0 "Uqcrc2_noRT" "non-targeting_noRT"
"31802" "Gm29656" 0 NA NA NA NA 0 0 "Uqcrc2_noRT" "non-targeting_noRT"
"31803" "Gm29655" 0 NA NA NA NA 0 0 "Uqcrc2_noRT" "non-targeting_noRT"
"31804" "Gm29653" 0 NA NA NA NA 0 0 "Uqcrc2_noRT" "non-targeting_noRT"
"31805" "Gm29654" 0 NA NA NA NA 0 0 "Uqcrc2_noRT" "non-targeting_noRT"
"31806" "Gm29080" 0 NA NA NA NA 0 0 "Uqcrc2_noRT" "non-targeting_noRT"
"31807" "Gm29081" 0 NA NA NA NA 0 0 "Uqcrc2_noRT" "non-targeting_noRT"
"31808" "Gm29077" 0 NA NA NA NA 0 0 "Uqcrc2_noRT" "non-targeting_noRT"
"31809" "Gm29078" 0 NA NA NA NA 0 0 "Uqcrc2_noRT" "non-targeting_noRT"
"31810" "Gm29225" 0 NA NA NA NA 0 0 "Uqcrc2_noRT" "non-targeting_noRT"
"31811" "Gm29226" 0 NA NA NA NA 0 0 "Uqcrc2_noRT" "non-targeting_noRT"
"31812" "Gm20855" 0 NA NA NA NA 0 0 "Uqcrc2_noRT" "non-targeting_noRT"
"31813" "Gm29386" 0 NA NA NA NA 0 0 "Uqcrc2_noRT" "non-targeting_noRT"
"31814" "Gm29384" 0 NA NA NA NA 0 0 "Uqcrc2_noRT" "non-targeting_noRT"
"31815" "Gm28260" 0 NA NA NA NA 0 0 "Uqcrc2_noRT" "non-targeting_noRT"
"31816" "Gm28264" 0 NA NA NA NA 0 0 "Uqcrc2_noRT" "non-targeting_noRT"
"31817" "Gm28463" 0 NA NA NA NA 0 0 "Uqcrc2_noRT" "non-targeting_noRT"
"31818" "Gm28585" 0 NA NA NA NA 0 0 "Uqcrc2_noRT" "non-targeting_noRT"
"31819" "Gm20896" 0 NA NA NA NA 0 0 "Uqcrc2_noRT" "non-targeting_noRT"
"31820" "Gm28470" 0 NA NA NA NA 0 0 "Uqcrc2_noRT" "non-targeting_noRT"
"31821" "Gm28469" 0 NA NA NA NA 0 0 "Uqcrc2_noRT" "non-targeting_noRT"
"31822" "Gm28332" 0 NA NA NA NA 0 0 "Uqcrc2_noRT" "non-targeting_noRT"
"31823" "Gm28333" 0 NA NA NA NA 0 0 "Uqcrc2_noRT" "non-targeting_noRT"
"31824" "Gm28336" 0 NA NA NA NA 0 0 "Uqcrc2_noRT" "non-targeting_noRT"
"31825" "Gm28338" 0 NA NA NA NA 0 0 "Uqcrc2_noRT" "non-targeting_noRT"
"31826" "Gm28811" 0 NA NA NA NA 0 0 "Uqcrc2_noRT" "non-targeting_noRT"
"31827" "Gm28810" 0 NA NA NA NA 0 0 "Uqcrc2_noRT" "non-targeting_noRT"
"31828" "Gm20835" 0 NA NA NA NA 0 0 "Uqcrc2_noRT" "non-targeting_noRT"
"31829" "Gm29027" 0 NA NA NA NA 0 0 "Uqcrc2_noRT" "non-targeting_noRT"
"31830" "Gm29028" 0 NA NA NA NA 0 0 "Uqcrc2_noRT" "non-targeting_noRT"
"31831" "Gm29023" 0 NA NA NA NA 0 0 "Uqcrc2_noRT" "non-targeting_noRT"
"31832" "Gm29025" 0 NA NA NA NA 0 0 "Uqcrc2_noRT" "non-targeting_noRT"
"31833" "Gm28212" 0 NA NA NA NA 0 0 "Uqcrc2_noRT" "non-targeting_noRT"
"31834" "Gm20905" 0 NA NA NA NA 0 0 "Uqcrc2_noRT" "non-targeting_noRT"
"31835" "Gm28820" 0 NA NA NA NA 0 0 "Uqcrc2_noRT" "non-targeting_noRT"
"31836" "Gm29671" 0 NA NA NA NA 0 0 "Uqcrc2_noRT" "non-targeting_noRT"
"31837" "Gm20738" 0 NA NA NA NA 0 0 "Uqcrc2_noRT" "non-targeting_noRT"
"31838" "Gm28545" 0 NA NA NA NA 0 0 "Uqcrc2_noRT" "non-targeting_noRT"
"31839" "Gm28547" 0 NA NA NA NA 0 0 "Uqcrc2_noRT" "non-targeting_noRT"
"31840" "Gm28771" 0 NA NA NA NA 0 0 "Uqcrc2_noRT" "non-targeting_noRT"
"31841" "Gm28772" 0 NA NA NA NA 0 0 "Uqcrc2_noRT" "non-targeting_noRT"
"31842" "Gm20897" 0 NA NA NA NA 0 0 "Uqcrc2_noRT" "non-targeting_noRT"
"31843" "Gm28774" 0 NA NA NA NA 0 0 "Uqcrc2_noRT" "non-targeting_noRT"
"31844" "Gm28775" 0 NA NA NA NA 0 0 "Uqcrc2_noRT" "non-targeting_noRT"
"31845" "Gm28176" 0 NA NA NA NA 0 0 "Uqcrc2_noRT" "non-targeting_noRT"
"31846" "Gm28786" 0 NA NA NA NA 0 0 "Uqcrc2_noRT" "non-targeting_noRT"
"31847" "Gm29360" 0 NA NA NA NA 0 0 "Uqcrc2_noRT" "non-targeting_noRT"
"31848" "Gm29497" 0 NA NA NA NA 0 0 "Uqcrc2_noRT" "non-targeting_noRT"
"31849" "Gm29498" 0 NA NA NA NA 0 0 "Uqcrc2_noRT" "non-targeting_noRT"
"31850" "Gm36782" 0 NA NA NA NA 0 0 "Uqcrc2_noRT" "non-targeting_noRT"
"31851" "Gm29839" 0 NA NA NA NA 0 0 "Uqcrc2_noRT" "non-targeting_noRT"
"31852" "Gm28595" 0 NA NA NA NA 0 0 "Uqcrc2_noRT" "non-targeting_noRT"
"31853" "Gm21865" 0 NA NA NA NA 0 0 "Uqcrc2_noRT" "non-targeting_noRT"
"31854" "Gm29433" 0 NA NA NA NA 0 0 "Uqcrc2_noRT" "non-targeting_noRT"
"31855" "Gm29215" 0 NA NA NA NA 0 0 "Uqcrc2_noRT" "non-targeting_noRT"
"31856" "Gm21882" 0 NA NA NA NA 0 0 "Uqcrc2_noRT" "non-targeting_noRT"
"31857" "Gm21801" 0 NA NA NA NA 0 0 "Uqcrc2_noRT" "non-targeting_noRT"
"31858" "Gm28850" 0 NA NA NA NA 0 0 "Uqcrc2_noRT" "non-targeting_noRT"
"31859" "Gm21914" 0 NA NA NA NA 0 0 "Uqcrc2_noRT" "non-targeting_noRT"
"31860" "Gm28617" 0 NA NA NA NA 0 0 "Uqcrc2_noRT" "non-targeting_noRT"
"31861" "Gm28619" 0 NA NA NA NA 0 0 "Uqcrc2_noRT" "non-targeting_noRT"
"31862" "Gm28993" 0 NA NA NA NA 0 0 "Uqcrc2_noRT" "non-targeting_noRT"
"31863" "Gm28994" 0 NA NA NA NA 0 0 "Uqcrc2_noRT" "non-targeting_noRT"
"31864" "Gm21797" 0 NA NA NA NA 0 0 "Uqcrc2_noRT" "non-targeting_noRT"
"31865" "Gm20795" 0 NA NA NA NA 0 0 "Uqcrc2_noRT" "non-targeting_noRT"
"31866" "Gm28427" 0 NA NA NA NA 0 0 "Uqcrc2_noRT" "non-targeting_noRT"
"31867" "Gm21800" 0 NA NA NA NA 0 0 "Uqcrc2_noRT" "non-targeting_noRT"
"31868" "Gm28426" 0 NA NA NA NA 0 0 "Uqcrc2_noRT" "non-targeting_noRT"
"31869" "Gm28425" 0 NA NA NA NA 0 0 "Uqcrc2_noRT" "non-targeting_noRT"
"31870" "Gm28834" 0 NA NA NA NA 0 0 "Uqcrc2_noRT" "non-targeting_noRT"
"31871" "Gm29537" 0 NA NA NA NA 0 0 "Uqcrc2_noRT" "non-targeting_noRT"
"31872" "Gm29274" 0 NA NA NA NA 0 0 "Uqcrc2_noRT" "non-targeting_noRT"
"31873" "Gm29275" 0 NA NA NA NA 0 0 "Uqcrc2_noRT" "non-targeting_noRT"
"31874" "Gm29276" 0 NA NA NA NA 0 0 "Uqcrc2_noRT" "non-targeting_noRT"
"31875" "Gm29645" 0 NA NA NA NA 0 0 "Uqcrc2_noRT" "non-targeting_noRT"
"31876" "Gm28312" 0 NA NA NA NA 0 0 "Uqcrc2_noRT" "non-targeting_noRT"
"31877" "Gm29042" 0 NA NA NA NA 0 0 "Uqcrc2_noRT" "non-targeting_noRT"
"31878" "Gm28311" 0 NA NA NA NA 0 0 "Uqcrc2_noRT" "non-targeting_noRT"
"31879" "Gm28310" 0 NA NA NA NA 0 0 "Uqcrc2_noRT" "non-targeting_noRT"
"31880" "Gm28568" 0 NA NA NA NA 0 0 "Uqcrc2_noRT" "non-targeting_noRT"
"31881" "Gm29286" 0 NA NA NA NA 0 0 "Uqcrc2_noRT" "non-targeting_noRT"
"31882" "Gm29285" 0 NA NA NA NA 0 0 "Uqcrc2_noRT" "non-targeting_noRT"
"31883" "Gm28280" 0 NA NA NA NA 0 0 "Uqcrc2_noRT" "non-targeting_noRT"
"31884" "Gm28278" 0 NA NA NA NA 0 0 "Uqcrc2_noRT" "non-targeting_noRT"
"31885" "Gm28279" 0 NA NA NA NA 0 0 "Uqcrc2_noRT" "non-targeting_noRT"
"31886" "Gm21739" 0 NA NA NA NA 0 0 "Uqcrc2_noRT" "non-targeting_noRT"
"31887" "Gm28886" 0 NA NA NA NA 0 0 "Uqcrc2_noRT" "non-targeting_noRT"
"31888" "Gm29426" 0 NA NA NA NA 0 0 "Uqcrc2_noRT" "non-targeting_noRT"
"31889" "Gm28887" 0 NA NA NA NA 0 0 "Uqcrc2_noRT" "non-targeting_noRT"
"31890" "Gm29444" 0 NA NA NA NA 0 0 "Uqcrc2_noRT" "non-targeting_noRT"
"31891" "Gm29445" 0 NA NA NA NA 0 0 "Uqcrc2_noRT" "non-targeting_noRT"
"31892" "Gm28457" 0 NA NA NA NA 0 0 "Uqcrc2_noRT" "non-targeting_noRT"
"31893" "Gm28458" 0 NA NA NA NA 0 0 "Uqcrc2_noRT" "non-targeting_noRT"
"31894" "Gm28461" 0 NA NA NA NA 0 0 "Uqcrc2_noRT" "non-targeting_noRT"
"31895" "Gm28460" 0 NA NA NA NA 0 0 "Uqcrc2_noRT" "non-targeting_noRT"
"31896" "Gm28851" 0 NA NA NA NA 0 0 "Uqcrc2_noRT" "non-targeting_noRT"
"31897" "Gm28456" 0 NA NA NA NA 0 0 "Uqcrc2_noRT" "non-targeting_noRT"
"31898" "Gm29648" 0 NA NA NA NA 0 0 "Uqcrc2_noRT" "non-targeting_noRT"
"31899" "Gm29646" 0 NA NA NA NA 0 0 "Uqcrc2_noRT" "non-targeting_noRT"
"31900" "Gm28549" 0 NA NA NA NA 0 0 "Uqcrc2_noRT" "non-targeting_noRT"
"31901" "Gm29210" 0 NA NA NA NA 0 0 "Uqcrc2_noRT" "non-targeting_noRT"
"31902" "Gm29213" 0 NA NA NA NA 0 0 "Uqcrc2_noRT" "non-targeting_noRT"
"31903" "Gm28550" 0 NA NA NA NA 0 0 "Uqcrc2_noRT" "non-targeting_noRT"
"31904" "Gm28604" 0 NA NA NA NA 0 0 "Uqcrc2_noRT" "non-targeting_noRT"
"31905" "Gm28565" 0 NA NA NA NA 0 0 "Uqcrc2_noRT" "non-targeting_noRT"
"31906" "Gm28566" 0 NA NA NA NA 0 0 "Uqcrc2_noRT" "non-targeting_noRT"
"31907" "Gm28697" 0 NA NA NA NA 0 0 "Uqcrc2_noRT" "non-targeting_noRT"
"31908" "Gm28554" 0 NA NA NA NA 0 0 "Uqcrc2_noRT" "non-targeting_noRT"
"31909" "Gm21256" 0 NA NA NA NA 0 0 "Uqcrc2_noRT" "non-targeting_noRT"
"31910" "Gm29056" 0 NA NA NA NA 0 0 "Uqcrc2_noRT" "non-targeting_noRT"
"31911" "Gm29098" 0 NA NA NA NA 0 0 "Uqcrc2_noRT" "non-targeting_noRT"
"31912" "Gm29373" 0 NA NA NA NA 0 0 "Uqcrc2_noRT" "non-targeting_noRT"
"31913" "Gm29370" 0 NA NA NA NA 0 0 "Uqcrc2_noRT" "non-targeting_noRT"
"31914" "Gm29166" 0 NA NA NA NA 0 0 "Uqcrc2_noRT" "non-targeting_noRT"
"31915" "Gm28194" 0 NA NA NA NA 0 0 "Uqcrc2_noRT" "non-targeting_noRT"
"31916" "Gm20792" 0 NA NA NA NA 0 0 "Uqcrc2_noRT" "non-targeting_noRT"
"31917" "Gm28754" 0 NA NA NA NA 0 0 "Uqcrc2_noRT" "non-targeting_noRT"
"31918" "Gm28753" 0 NA NA NA NA 0 0 "Uqcrc2_noRT" "non-targeting_noRT"
"31919" "Gm29070" 0 NA NA NA NA 0 0 "Uqcrc2_noRT" "non-targeting_noRT"
"31920" "Gm28553" 0 NA NA NA NA 0 0 "Uqcrc2_noRT" "non-targeting_noRT"
"31921" "Gm28726" 0 NA NA NA NA 0 0 "Uqcrc2_noRT" "non-targeting_noRT"
"31922" "Gm29270" 0 NA NA NA NA 0 0 "Uqcrc2_noRT" "non-targeting_noRT"
"31923" "Gm29271" 0 NA NA NA NA 0 0 "Uqcrc2_noRT" "non-targeting_noRT"
"31924" "Gm21209" 0 NA NA NA NA 0 0 "Uqcrc2_noRT" "non-targeting_noRT"
"31925" "Gm28681" 0 NA NA NA NA 0 0 "Uqcrc2_noRT" "non-targeting_noRT"
"31926" "Gm28684" 0 NA NA NA NA 0 0 "Uqcrc2_noRT" "non-targeting_noRT"
"31927" "Gm28679" 0 NA NA NA NA 0 0 "Uqcrc2_noRT" "non-targeting_noRT"
"31928" "Gm28870" 0 NA NA NA NA 0 0 "Uqcrc2_noRT" "non-targeting_noRT"
"31929" "Gm29511" 0 NA NA NA NA 0 0 "Uqcrc2_noRT" "non-targeting_noRT"
"31930" "Gm29117" 0 NA NA NA NA 0 0 "Uqcrc2_noRT" "non-targeting_noRT"
"31931" "Gm20883" 0 NA NA NA NA 0 0 "Uqcrc2_noRT" "non-targeting_noRT"
"31932" "Gm29116" 0 NA NA NA NA 0 0 "Uqcrc2_noRT" "non-targeting_noRT"
"31933" "Gm29321" 0 NA NA NA NA 0 0 "Uqcrc2_noRT" "non-targeting_noRT"
"31934" "Gm21117" 0 NA NA NA NA 0 0 "Uqcrc2_noRT" "non-targeting_noRT"
"31935" "Gm28317" 0 NA NA NA NA 0 0 "Uqcrc2_noRT" "non-targeting_noRT"
"31936" "Gm28318" 0 NA NA NA NA 0 0 "Uqcrc2_noRT" "non-targeting_noRT"
"31937" "Gm28313" 0 NA NA NA NA 0 0 "Uqcrc2_noRT" "non-targeting_noRT"
"31938" "Gm28315" 0 NA NA NA NA 0 0 "Uqcrc2_noRT" "non-targeting_noRT"
"31939" "Gm28316" 0 NA NA NA NA 0 0 "Uqcrc2_noRT" "non-targeting_noRT"
"31940" "Gm28944" 0 NA NA NA NA 0 0 "Uqcrc2_noRT" "non-targeting_noRT"
"31941" "Gm28945" 0 NA NA NA NA 0 0 "Uqcrc2_noRT" "non-targeting_noRT"
"31942" "Gm28947" 0 NA NA NA NA 0 0 "Uqcrc2_noRT" "non-targeting_noRT"
"31943" "Gm20920" 0 NA NA NA NA 0 0 "Uqcrc2_noRT" "non-targeting_noRT"
"31944" "Gm28948" 0 NA NA NA NA 0 0 "Uqcrc2_noRT" "non-targeting_noRT"
"31945" "Gm28950" 0 NA NA NA NA 0 0 "Uqcrc2_noRT" "non-targeting_noRT"
"31946" "Gm29063" 0 NA NA NA NA 0 0 "Uqcrc2_noRT" "non-targeting_noRT"
"31947" "Gm28197" 0 NA NA NA NA 0 0 "Uqcrc2_noRT" "non-targeting_noRT"
"31948" "Gm28735" 0 NA NA NA NA 0 0 "Uqcrc2_noRT" "non-targeting_noRT"
"31949" "Gm21258" 0 NA NA NA NA 0 0 "Uqcrc2_noRT" "non-targeting_noRT"
"31950" "Gm28732" 0 NA NA NA NA 0 0 "Uqcrc2_noRT" "non-targeting_noRT"
"31951" "Gm28733" 0 NA NA NA NA 0 0 "Uqcrc2_noRT" "non-targeting_noRT"
"31952" "Gm28233" 0 NA NA NA NA 0 0 "Uqcrc2_noRT" "non-targeting_noRT"
"31953" "Gm28235" 0 NA NA NA NA 0 0 "Uqcrc2_noRT" "non-targeting_noRT"
"31954" "Gm28236" 0 NA NA NA NA 0 0 "Uqcrc2_noRT" "non-targeting_noRT"
"31955" "Gm20747" 0 NA NA NA NA 0 0 "Uqcrc2_noRT" "non-targeting_noRT"
"31956" "Gm29250" 0 NA NA NA NA 0 0 "Uqcrc2_noRT" "non-targeting_noRT"
"31957" "Gm29252" 0 NA NA NA NA 0 0 "Uqcrc2_noRT" "non-targeting_noRT"
"31958" "Gm29248" 0 NA NA NA NA 0 0 "Uqcrc2_noRT" "non-targeting_noRT"
"31959" "Gm28908" 0 NA NA NA NA 0 0 "Uqcrc2_noRT" "non-targeting_noRT"
"31960" "Gm20929" 0 NA NA NA NA 0 0 "Uqcrc2_noRT" "non-targeting_noRT"
"31961" "Gm28276" 0 NA NA NA NA 0 0 "Uqcrc2_noRT" "non-targeting_noRT"
"31962" "Gm28274" 0 NA NA NA NA 0 0 "Uqcrc2_noRT" "non-targeting_noRT"
"31963" "Gm28291" 0 NA NA NA NA 0 0 "Uqcrc2_noRT" "non-targeting_noRT"
"31964" "Gm28293" 0 NA NA NA NA 0 0 "Uqcrc2_noRT" "non-targeting_noRT"
"31965" "Gm29305" 0 NA NA NA NA 0 0 "Uqcrc2_noRT" "non-targeting_noRT"
"31966" "Gm29303" 0 NA NA NA NA 0 0 "Uqcrc2_noRT" "non-targeting_noRT"
"31967" "Gm29557" 0 NA NA NA NA 0 0 "Uqcrc2_noRT" "non-targeting_noRT"
"31968" "Gm29301" 0 NA NA NA NA 0 0 "Uqcrc2_noRT" "non-targeting_noRT"
"31969" "Gm20931" 0 NA NA NA NA 0 0 "Uqcrc2_noRT" "non-targeting_noRT"
"31970" "Gm29555" 0 NA NA NA NA 0 0 "Uqcrc2_noRT" "non-targeting_noRT"
"31971" "Gm28355" 0 NA NA NA NA 0 0 "Uqcrc2_noRT" "non-targeting_noRT"
"31972" "Gm28352" 0 NA NA NA NA 0 0 "Uqcrc2_noRT" "non-targeting_noRT"
"31973" "Gm21858" 0 NA NA NA NA 0 0 "Uqcrc2_noRT" "non-targeting_noRT"
"31974" "Gm28201" 0 NA NA NA NA 0 0 "Uqcrc2_noRT" "non-targeting_noRT"
"31975" "Gm28202" 0 NA NA NA NA 0 0 "Uqcrc2_noRT" "non-targeting_noRT"
"31976" "Gm28206" 0 NA NA NA NA 0 0 "Uqcrc2_noRT" "non-targeting_noRT"
"31977" "Gm28207" 0 NA NA NA NA 0 0 "Uqcrc2_noRT" "non-targeting_noRT"
"31978" "Gm28208" 0 NA NA NA NA 0 0 "Uqcrc2_noRT" "non-targeting_noRT"
"31979" "Gm29222" 0 NA NA NA NA 0 0 "Uqcrc2_noRT" "non-targeting_noRT"
"31980" "Gm29221" 0 NA NA NA NA 0 0 "Uqcrc2_noRT" "non-targeting_noRT"
"31981" "Gm29220" 0 NA NA NA NA 0 0 "Uqcrc2_noRT" "non-targeting_noRT"
"31982" "Gm29405" 0 NA NA NA NA 0 0 "Uqcrc2_noRT" "non-targeting_noRT"
"31983" "Gm29406" 0 NA NA NA NA 0 0 "Uqcrc2_noRT" "non-targeting_noRT"
"31984" "Gm29404" 0 NA NA NA NA 0 0 "Uqcrc2_noRT" "non-targeting_noRT"
"31985" "Gm28964" 0 NA NA NA NA 0 0 "Uqcrc2_noRT" "non-targeting_noRT"
"31986" "Sly" 0 NA NA NA NA 0 0 "Uqcrc2_noRT" "non-targeting_noRT"
"31987" "Gm28709" 0 NA NA NA NA 0 0 "Uqcrc2_noRT" "non-targeting_noRT"
"31988" "Gm28965" 0 NA NA NA NA 0 0 "Uqcrc2_noRT" "non-targeting_noRT"
"31989" "Gm21943" 0 NA NA NA NA 0 0 "Uqcrc2_noRT" "non-targeting_noRT"
"31990" "Gm28532" 0 NA NA NA NA 0 0 "Uqcrc2_noRT" "non-targeting_noRT"
"31991" "Gm28966" 0 NA NA NA NA 0 0 "Uqcrc2_noRT" "non-targeting_noRT"
"31992" "Gm28961" 0 NA NA NA NA 0 0 "Uqcrc2_noRT" "non-targeting_noRT"
"31993" "Gm28962" 0 NA NA NA NA 0 0 "Uqcrc2_noRT" "non-targeting_noRT"
"31994" "Gm28963" 0 NA NA NA NA 0 0 "Uqcrc2_noRT" "non-targeting_noRT"
"31995" "Gm29466" 0 NA NA NA NA 0 0 "Uqcrc2_noRT" "non-targeting_noRT"
"31996" "Gm29467" 0 NA NA NA NA 0 0 "Uqcrc2_noRT" "non-targeting_noRT"
"31997" "Gm20963" 0 NA NA NA NA 0 0 "Uqcrc2_noRT" "non-targeting_noRT"
"31998" "Gm28326" 0 NA NA NA NA 0 0 "Uqcrc2_noRT" "non-targeting_noRT"
"31999" "Gm28325" 0 NA NA NA NA 0 0 "Uqcrc2_noRT" "non-targeting_noRT"
"32000" "Gm28284" 0 NA NA NA NA 0 0 "Uqcrc2_noRT" "non-targeting_noRT"
"32001" "Gm29368" 0 NA NA NA NA 0 0 "Uqcrc2_noRT" "non-targeting_noRT"
"32002" "Gm21861" 0 NA NA NA NA 0 0 "Uqcrc2_noRT" "non-targeting_noRT"
"32003" "Gm21413" 0 NA NA NA NA 0 0 "Uqcrc2_noRT" "non-targeting_noRT"
"32004" "Gm28073" 0 NA NA NA NA 0 0 "Uqcrc2_noRT" "non-targeting_noRT"
"32005" "Gm21419" 0 NA NA NA NA 0 0 "Uqcrc2_noRT" "non-targeting_noRT"
"32006" "Gm28074" 0 NA NA NA NA 0 0 "Uqcrc2_noRT" "non-targeting_noRT"
"32007" "Gm21428" 0 NA NA NA NA 0 0 "Uqcrc2_noRT" "non-targeting_noRT"
"32008" "Gm28072" 0 NA NA NA NA 0 0 "Uqcrc2_noRT" "non-targeting_noRT"
"32009" "Gm29672" 0 NA NA NA NA 0 0 "Uqcrc2_noRT" "non-targeting_noRT"
"32010" "Gm29131" 0 NA NA NA NA 0 0 "Uqcrc2_noRT" "non-targeting_noRT"
"32011" "Gm29130" 0 NA NA NA NA 0 0 "Uqcrc2_noRT" "non-targeting_noRT"
"32012" "Gm20978" 0 NA NA NA NA 0 0 "Uqcrc2_noRT" "non-targeting_noRT"
"32013" "Gm29132" 0 NA NA NA NA 0 0 "Uqcrc2_noRT" "non-targeting_noRT"
"32014" "Gm21450" 0 NA NA NA NA 0 0 "Uqcrc2_noRT" "non-targeting_noRT"
"32015" "Gm28889" 0 NA NA NA NA 0 0 "Uqcrc2_noRT" "non-targeting_noRT"
"32016" "Gm28890" 0 NA NA NA NA 0 0 "Uqcrc2_noRT" "non-targeting_noRT"
"32017" "Gm28891" 0 NA NA NA NA 0 0 "Uqcrc2_noRT" "non-targeting_noRT"
"32018" "Gm28691" 0 NA NA NA NA 0 0 "Uqcrc2_noRT" "non-targeting_noRT"
"32019" "Gm28692" 0 NA NA NA NA 0 0 "Uqcrc2_noRT" "non-targeting_noRT"
"32020" "Gm28690" 0 NA NA NA NA 0 0 "Uqcrc2_noRT" "non-targeting_noRT"
"32021" "Gm28689" 0 NA NA NA NA 0 0 "Uqcrc2_noRT" "non-targeting_noRT"
"32022" "Gm28687" 0 NA NA NA NA 0 0 "Uqcrc2_noRT" "non-targeting_noRT"
"32023" "Gm20987" 0 NA NA NA NA 0 0 "Uqcrc2_noRT" "non-targeting_noRT"
"32024" "1700040F15Rik" 0 NA NA NA NA 0 0 "Uqcrc2_noRT" "non-targeting_noRT"
"32025" "Gm29207" 0 NA NA NA NA 0 0 "Uqcrc2_noRT" "non-targeting_noRT"
"32026" "Gm29204" 0 NA NA NA NA 0 0 "Uqcrc2_noRT" "non-targeting_noRT"
"32027" "Gm29206" 0 NA NA NA NA 0 0 "Uqcrc2_noRT" "non-targeting_noRT"
"32028" "Gm29203" 0 NA NA NA NA 0 0 "Uqcrc2_noRT" "non-targeting_noRT"
"32029" "Gm21497" 0 NA NA NA NA 0 0 "Uqcrc2_noRT" "non-targeting_noRT"
"32030" "Gm29612" 0 NA NA NA NA 0 0 "Uqcrc2_noRT" "non-targeting_noRT"
"32031" "Gm29343" 0 NA NA NA NA 0 0 "Uqcrc2_noRT" "non-targeting_noRT"
"32032" "Gm29342" 0 NA NA NA NA 0 0 "Uqcrc2_noRT" "non-targeting_noRT"
"32033" "Gm28600" 0 NA NA NA NA 0 0 "Uqcrc2_noRT" "non-targeting_noRT"
"32034" "Gm21518" 0 NA NA NA NA 0 0 "Uqcrc2_noRT" "non-targeting_noRT"
"32035" "Gm20823" 0 NA NA NA NA 0 0 "Uqcrc2_noRT" "non-targeting_noRT"
"32036" "Gm29547" 0 NA NA NA NA 0 0 "Uqcrc2_noRT" "non-targeting_noRT"
"32037" "Gm29209" 0 NA NA NA NA 0 0 "Uqcrc2_noRT" "non-targeting_noRT"
"32038" "Gm29549" 0 NA NA NA NA 0 0 "Uqcrc2_noRT" "non-targeting_noRT"
"32039" "Gm29421" 0 NA NA NA NA 0 0 "Uqcrc2_noRT" "non-targeting_noRT"
"32040" "Gm21627" 0 NA NA NA NA 0 0 "Uqcrc2_noRT" "non-targeting_noRT"
"32041" "Gm29060" 0 NA NA NA NA 0 0 "Uqcrc2_noRT" "non-targeting_noRT"
"32042" "Gm29061" 0 NA NA NA NA 0 0 "Uqcrc2_noRT" "non-targeting_noRT"
"32043" "Gm29625" 0 NA NA NA NA 0 0 "Uqcrc2_noRT" "non-targeting_noRT"
"32044" "Gm29628" 0 NA NA NA NA 0 0 "Uqcrc2_noRT" "non-targeting_noRT"
"32045" "Gm29622" 0 NA NA NA NA 0 0 "Uqcrc2_noRT" "non-targeting_noRT"
"32046" "Gm29265" 0 NA NA NA NA 0 0 "Uqcrc2_noRT" "non-targeting_noRT"
"32047" "Gm20908" 0 NA NA NA NA 0 0 "Uqcrc2_noRT" "non-targeting_noRT"
"32048" "Gm28252" 0 NA NA NA NA 0 0 "Uqcrc2_noRT" "non-targeting_noRT"
"32049" "Gm28254" 0 NA NA NA NA 0 0 "Uqcrc2_noRT" "non-targeting_noRT"
"32050" "Gm20924" 0 NA NA NA NA 0 0 "Uqcrc2_noRT" "non-targeting_noRT"
"32051" "Gm29457" 0 NA NA NA NA 0 0 "Uqcrc2_noRT" "non-targeting_noRT"
"32052" "Gm20736" 0 NA NA NA NA 0 0 "Uqcrc2_noRT" "non-targeting_noRT"
"32053" "Gm28561" 0 NA NA NA NA 0 0 "Uqcrc2_noRT" "non-targeting_noRT"
"32054" "Gm29584" 0 NA NA NA NA 0 0 "Uqcrc2_noRT" "non-targeting_noRT"
"32055" "Gm28134" 0 NA NA NA NA 0 0 "Uqcrc2_noRT" "non-targeting_noRT"
"32056" "Gm28135" 0 NA NA NA NA 0 0 "Uqcrc2_noRT" "non-targeting_noRT"
"32057" "Gm28133" 0 NA NA NA NA 0 0 "Uqcrc2_noRT" "non-targeting_noRT"
"32058" "Gm28137" 0 NA NA NA NA 0 0 "Uqcrc2_noRT" "non-targeting_noRT"
"32059" "Gm28138" 0 NA NA NA NA 0 0 "Uqcrc2_noRT" "non-targeting_noRT"
"32060" "Gm29379" 0 NA NA NA NA 0 0 "Uqcrc2_noRT" "non-targeting_noRT"
"32061" "Gm29380" 0 NA NA NA NA 0 0 "Uqcrc2_noRT" "non-targeting_noRT"
"32062" "Gm29381" 0 NA NA NA NA 0 0 "Uqcrc2_noRT" "non-targeting_noRT"
"32063" "Gm20852" 0 NA NA NA NA 0 0 "Uqcrc2_noRT" "non-targeting_noRT"
"32064" "Gm29003" 0 NA NA NA NA 0 0 "Uqcrc2_noRT" "non-targeting_noRT"
"32065" "Ssty2" 0 NA NA NA NA 0 0 "Uqcrc2_noRT" "non-targeting_noRT"
"32066" "Gm28612" 0 NA NA NA NA 0 0 "Uqcrc2_noRT" "non-targeting_noRT"
"32067" "Gm28613" 0 NA NA NA NA 0 0 "Uqcrc2_noRT" "non-targeting_noRT"
"32068" "Gm29219" 0 NA NA NA NA 0 0 "Uqcrc2_noRT" "non-targeting_noRT"
"32069" "Gm29632" 0 NA NA NA NA 0 0 "Uqcrc2_noRT" "non-targeting_noRT"
"32070" "Gm29082" 0 NA NA NA NA 0 0 "Uqcrc2_noRT" "non-targeting_noRT"
"32071" "Gm29217" 0 NA NA NA NA 0 0 "Uqcrc2_noRT" "non-targeting_noRT"
"32072" "Gm29636" 0 NA NA NA NA 0 0 "Uqcrc2_noRT" "non-targeting_noRT"
"32073" "Gm29662" 0 NA NA NA NA 0 0 "Uqcrc2_noRT" "non-targeting_noRT"
"32074" "Gm29660" 0 NA NA NA NA 0 0 "Uqcrc2_noRT" "non-targeting_noRT"
"32075" "Gm20937" 0 NA NA NA NA 0 0 "Uqcrc2_noRT" "non-targeting_noRT"
"32076" "Gm29450" 0 NA NA NA NA 0 0 "Uqcrc2_noRT" "non-targeting_noRT"
"32077" "Gm29449" 0 NA NA NA NA 0 0 "Uqcrc2_noRT" "non-targeting_noRT"
"32078" "Gm20816" 0 NA NA NA NA 0 0 "Uqcrc2_noRT" "non-targeting_noRT"
"32079" "Gm29447" 0 NA NA NA NA 0 0 "Uqcrc2_noRT" "non-targeting_noRT"
"32080" "Gm29446" 0 NA NA NA NA 0 0 "Uqcrc2_noRT" "non-targeting_noRT"
"32081" "Gm20817" 0 NA NA NA NA 0 0 "Uqcrc2_noRT" "non-targeting_noRT"
"32082" "Gm28633" 0 NA NA NA NA 0 0 "Uqcrc2_noRT" "non-targeting_noRT"
"32083" "Gm28462" 0 NA NA NA NA 0 0 "Uqcrc2_noRT" "non-targeting_noRT"
"32084" "Gm29409" 0 NA NA NA NA 0 0 "Uqcrc2_noRT" "non-targeting_noRT"
"32085" "Gm28632" 0 NA NA NA NA 0 0 "Uqcrc2_noRT" "non-targeting_noRT"
"32086" "Gm33815" 0 NA NA NA NA 0 0 "Uqcrc2_noRT" "non-targeting_noRT"
"32087" "Gm28824" 0 NA NA NA NA 0 0 "Uqcrc2_noRT" "non-targeting_noRT"
"32088" "Gm28081" 0 NA NA NA NA 0 0 "Uqcrc2_noRT" "non-targeting_noRT"
"32089" "Gm28079" 0 NA NA NA NA 0 0 "Uqcrc2_noRT" "non-targeting_noRT"
"32090" "Gm28082" 0 NA NA NA NA 0 0 "Uqcrc2_noRT" "non-targeting_noRT"
"32091" "Gm21118" 0 NA NA NA NA 0 0 "Uqcrc2_noRT" "non-targeting_noRT"
"32092" "Gm29423" 0 NA NA NA NA 0 0 "Uqcrc2_noRT" "non-targeting_noRT"
"32093" "Gm29425" 0 NA NA NA NA 0 0 "Uqcrc2_noRT" "non-targeting_noRT"
"32094" "Gm20888" 0 NA NA NA NA 0 0 "Uqcrc2_noRT" "non-targeting_noRT"
"32095" "Gm28238" 0 NA NA NA NA 0 0 "Uqcrc2_noRT" "non-targeting_noRT"
"32096" "Gm28431" 0 NA NA NA NA 0 0 "Uqcrc2_noRT" "non-targeting_noRT"
"32097" "Gm28432" 0 NA NA NA NA 0 0 "Uqcrc2_noRT" "non-targeting_noRT"
"32098" "Gm28842" 0 NA NA NA NA 0 0 "Uqcrc2_noRT" "non-targeting_noRT"
"32099" "Gm28839" 0 NA NA NA NA 0 0 "Uqcrc2_noRT" "non-targeting_noRT"
"32100" "Gm28668" 0 NA NA NA NA 0 0 "Uqcrc2_noRT" "non-targeting_noRT"
"32101" "Gm20869" 0 NA NA NA NA 0 0 "Uqcrc2_noRT" "non-targeting_noRT"
"32102" "Gm28482" 0 NA NA NA NA 0 0 "Uqcrc2_noRT" "non-targeting_noRT"
"32103" "Gm28485" 0 NA NA NA NA 0 0 "Uqcrc2_noRT" "non-targeting_noRT"
"32104" "Gm20870" 0 NA NA NA NA 0 0 "Uqcrc2_noRT" "non-targeting_noRT"
"32105" "Gm20843" 0 NA NA NA NA 0 0 "Uqcrc2_noRT" "non-targeting_noRT"
"32106" "Gm29182" 0 NA NA NA NA 0 0 "Uqcrc2_noRT" "non-targeting_noRT"
"32107" "Gm29255" 0 NA NA NA NA 0 0 "Uqcrc2_noRT" "non-targeting_noRT"
"32108" "Gm20903" 0 NA NA NA NA 0 0 "Uqcrc2_noRT" "non-targeting_noRT"
"32109" "Gm28259" 0 NA NA NA NA 0 0 "Uqcrc2_noRT" "non-targeting_noRT"
"32110" "Gm29616" 0 NA NA NA NA 0 0 "Uqcrc2_noRT" "non-targeting_noRT"
"32111" "Gm29108" 0 NA NA NA NA 0 0 "Uqcrc2_noRT" "non-targeting_noRT"
"32112" "Gm29110" 0 NA NA NA NA 0 0 "Uqcrc2_noRT" "non-targeting_noRT"
"32113" "Gm21913" 0 NA NA NA NA 0 0 "Uqcrc2_noRT" "non-targeting_noRT"
"32114" "Gm28174" 0 NA NA NA NA 0 0 "Uqcrc2_noRT" "non-targeting_noRT"
"32115" "Gm29416" 0 NA NA NA NA 0 0 "Uqcrc2_noRT" "non-targeting_noRT"
"32116" "Gm28789" 0 NA NA NA NA 0 0 "Uqcrc2_noRT" "non-targeting_noRT"
"32117" "Gm20814" 0 NA NA NA NA 0 0 "Uqcrc2_noRT" "non-targeting_noRT"
"32118" "Gm29278" 0 NA NA NA NA 0 0 "Uqcrc2_noRT" "non-targeting_noRT"
"32119" "Gm28606" 0 NA NA NA NA 0 0 "Uqcrc2_noRT" "non-targeting_noRT"
"32120" "Gm20850" 0 NA NA NA NA 0 0 "Uqcrc2_noRT" "non-targeting_noRT"
"32121" "Gm21776" 0 NA NA NA NA 0 0 "Uqcrc2_noRT" "non-targeting_noRT"
"32122" "Gm21173" 0 NA NA NA NA 0 0 "Uqcrc2_noRT" "non-targeting_noRT"
"32123" "Gm29313" 0 NA NA NA NA 0 0 "Uqcrc2_noRT" "non-targeting_noRT"
"32124" "Gm29311" 0 NA NA NA NA 0 0 "Uqcrc2_noRT" "non-targeting_noRT"
"32125" "Gm29309" 0 NA NA NA NA 0 0 "Uqcrc2_noRT" "non-targeting_noRT"
"32126" "Gm28702" 0 NA NA NA NA 0 0 "Uqcrc2_noRT" "non-targeting_noRT"
"32127" "Gm28701" 0 NA NA NA NA 0 0 "Uqcrc2_noRT" "non-targeting_noRT"
"32128" "Gm28704" 0 NA NA NA NA 0 0 "Uqcrc2_noRT" "non-targeting_noRT"
"32129" "Gm28540" 0 NA NA NA NA 0 0 "Uqcrc2_noRT" "non-targeting_noRT"
"32130" "Gm21650" 0 NA NA NA NA 0 0 "Uqcrc2_noRT" "non-targeting_noRT"
"32131" "Gm28541" 0 NA NA NA NA 0 0 "Uqcrc2_noRT" "non-targeting_noRT"
"32132" "Gm28538" 0 NA NA NA NA 0 0 "Uqcrc2_noRT" "non-targeting_noRT"
"32133" "Gm29569" 0 NA NA NA NA 0 0 "Uqcrc2_noRT" "non-targeting_noRT"
"32134" "Gm20867" 0 NA NA NA NA 0 0 "Uqcrc2_noRT" "non-targeting_noRT"
"32135" "Gm29568" 0 NA NA NA NA 0 0 "Uqcrc2_noRT" "non-targeting_noRT"
"32136" "Gm29566" 0 NA NA NA NA 0 0 "Uqcrc2_noRT" "non-targeting_noRT"
"32137" "Gm29565" 0 NA NA NA NA 0 0 "Uqcrc2_noRT" "non-targeting_noRT"
"32138" "Gm29564" 0 NA NA NA NA 0 0 "Uqcrc2_noRT" "non-targeting_noRT"
"32139" "Gm29146" 0 NA NA NA NA 0 0 "Uqcrc2_noRT" "non-targeting_noRT"
"32140" "Gm28664" 0 NA NA NA NA 0 0 "Uqcrc2_noRT" "non-targeting_noRT"
"32141" "Gm28663" 0 NA NA NA NA 0 0 "Uqcrc2_noRT" "non-targeting_noRT"
"32142" "Gm28817" 0 NA NA NA NA 0 0 "Uqcrc2_noRT" "non-targeting_noRT"
"32143" "Gm28816" 0 NA NA NA NA 0 0 "Uqcrc2_noRT" "non-targeting_noRT"
"32144" "Gm20806" 0 NA NA NA NA 0 0 "Uqcrc2_noRT" "non-targeting_noRT"
"32145" "Gm28813" 0 NA NA NA NA 0 0 "Uqcrc2_noRT" "non-targeting_noRT"
"32146" "Gm20917" 0 NA NA NA NA 0 0 "Uqcrc2_noRT" "non-targeting_noRT"
"32147" "Gm28421" 0 NA NA NA NA 0 0 "Uqcrc2_noRT" "non-targeting_noRT"
"32148" "Gm28422" 0 NA NA NA NA 0 0 "Uqcrc2_noRT" "non-targeting_noRT"
"32149" "Gm20916" 0 NA NA NA NA 0 0 "Uqcrc2_noRT" "non-targeting_noRT"
"32150" "Gm29606" 0 NA NA NA NA 0 0 "Uqcrc2_noRT" "non-targeting_noRT"
"32151" "Gm29190" 0 NA NA NA NA 0 0 "Uqcrc2_noRT" "non-targeting_noRT"
"32152" "Gm21760" 0 NA NA NA NA 0 0 "Uqcrc2_noRT" "non-targeting_noRT"
"32153" "Gm28157" 0 NA NA NA NA 0 0 "Uqcrc2_noRT" "non-targeting_noRT"
"32154" "Gm28696" 0 NA NA NA NA 0 0 "Uqcrc2_noRT" "non-targeting_noRT"
"32155" "Gm28898" 0 NA NA NA NA 0 0 "Uqcrc2_noRT" "non-targeting_noRT"
"32156" "Gm28897" 0 NA NA NA NA 0 0 "Uqcrc2_noRT" "non-targeting_noRT"
"32157" "Gm29324" 0 NA NA NA NA 0 0 "Uqcrc2_noRT" "non-targeting_noRT"
"32158" "Gm20911" 0 NA NA NA NA 0 0 "Uqcrc2_noRT" "non-targeting_noRT"
"32159" "Gm28741" 0 NA NA NA NA 0 0 "Uqcrc2_noRT" "non-targeting_noRT"
"32160" "Gm28743" 0 NA NA NA NA 0 0 "Uqcrc2_noRT" "non-targeting_noRT"
"32161" "Gm28124" 0 NA NA NA NA 0 0 "Uqcrc2_noRT" "non-targeting_noRT"
"32162" "Gm28126" 0 NA NA NA NA 0 0 "Uqcrc2_noRT" "non-targeting_noRT"
"32163" "Gm21317" 0 NA NA NA NA 0 0 "Uqcrc2_noRT" "non-targeting_noRT"
"32164" "Gm29472" 0 NA NA NA NA 0 0 "Uqcrc2_noRT" "non-targeting_noRT"
"32165" "Gm29473" 0 NA NA NA NA 0 0 "Uqcrc2_noRT" "non-targeting_noRT"
"32166" "Gm28226" 0 NA NA NA NA 0 0 "Uqcrc2_noRT" "non-targeting_noRT"
"32167" "Gm28225" 0 NA NA NA NA 0 0 "Uqcrc2_noRT" "non-targeting_noRT"
"32168" "Gm28827" 0 NA NA NA NA 0 0 "Uqcrc2_noRT" "non-targeting_noRT"
"32169" "Gm28832" 0 NA NA NA NA 0 0 "Uqcrc2_noRT" "non-targeting_noRT"
"32170" "Gm28472" 0 NA NA NA NA 0 0 "Uqcrc2_noRT" "non-targeting_noRT"
"32171" "Gm21095" 0 NA NA NA NA 0 0 "Uqcrc2_noRT" "non-targeting_noRT"
"32172" "Gm28475" 0 NA NA NA NA 0 0 "Uqcrc2_noRT" "non-targeting_noRT"
"32173" "Gm21394" 0 NA NA NA NA 0 0 "Uqcrc2_noRT" "non-targeting_noRT"
"32174" "Gm29338" 0 NA NA NA NA 0 0 "Uqcrc2_noRT" "non-targeting_noRT"
"32175" "Gm21409" 0 NA NA NA NA 0 0 "Uqcrc2_noRT" "non-targeting_noRT"
"32176" "Gm28758" 0 NA NA NA NA 0 0 "Uqcrc2_noRT" "non-targeting_noRT"
"32177" "Gm29071" 0 NA NA NA NA 0 0 "Uqcrc2_noRT" "non-targeting_noRT"
"32178" "Gm28348" 0 NA NA NA NA 0 0 "Uqcrc2_noRT" "non-targeting_noRT"
"32179" "Gm28972" 0 NA NA NA NA 0 0 "Uqcrc2_noRT" "non-targeting_noRT"
"32180" "Gm28970" 0 NA NA NA NA 0 0 "Uqcrc2_noRT" "non-targeting_noRT"
"32181" "Gm28971" 0 NA NA NA NA 0 0 "Uqcrc2_noRT" "non-targeting_noRT"
"32182" "Gm20854" 0 NA NA NA NA 0 0 "Uqcrc2_noRT" "non-targeting_noRT"
"32183" "Gm28346" 0 NA NA NA NA 0 0 "Uqcrc2_noRT" "non-targeting_noRT"
"32184" "Gm28345" 0 NA NA NA NA 0 0 "Uqcrc2_noRT" "non-targeting_noRT"
"32185" "Gm29090" 0 NA NA NA NA 0 0 "Uqcrc2_noRT" "non-targeting_noRT"
"32186" "Gm28152" 0 NA NA NA NA 0 0 "Uqcrc2_noRT" "non-targeting_noRT"
"32187" "Gm28823" 0 NA NA NA NA 0 0 "Uqcrc2_noRT" "non-targeting_noRT"
"32188" "Gm28220" 0 NA NA NA NA 0 0 "Uqcrc2_noRT" "non-targeting_noRT"
"32189" "Gm20820" 0 NA NA NA NA 0 0 "Uqcrc2_noRT" "non-targeting_noRT"
"32190" "Gm28218" 0 NA NA NA NA 0 0 "Uqcrc2_noRT" "non-targeting_noRT"
"32191" "Gm29302" 0 NA NA NA NA 0 0 "Uqcrc2_noRT" "non-targeting_noRT"
"32192" "Gm28440" 0 NA NA NA NA 0 0 "Uqcrc2_noRT" "non-targeting_noRT"
"32193" "Gm29091" 0 NA NA NA NA 0 0 "Uqcrc2_noRT" "non-targeting_noRT"
"32194" "Gm29297" 0 NA NA NA NA 0 0 "Uqcrc2_noRT" "non-targeting_noRT"
"32195" "Gm28365" 0 NA NA NA NA 0 0 "Uqcrc2_noRT" "non-targeting_noRT"
"32196" "Gm21477" 0 NA NA NA NA 0 0 "Uqcrc2_noRT" "non-targeting_noRT"
"32197" "Gm28367" 0 NA NA NA NA 0 0 "Uqcrc2_noRT" "non-targeting_noRT"
"32198" "Gm20906" 0 NA NA NA NA 0 0 "Uqcrc2_noRT" "non-targeting_noRT"
"32199" "Gm28109" 0 NA NA NA NA 0 0 "Uqcrc2_noRT" "non-targeting_noRT"
"32200" "Gm28108" 0 NA NA NA NA 0 0 "Uqcrc2_noRT" "non-targeting_noRT"
"32201" "Gm28104" 0 NA NA NA NA 0 0 "Uqcrc2_noRT" "non-targeting_noRT"
"32202" "Gm28103" 0 NA NA NA NA 0 0 "Uqcrc2_noRT" "non-targeting_noRT"
"32203" "Gm28102" 0 NA NA NA NA 0 0 "Uqcrc2_noRT" "non-targeting_noRT"
"32204" "Gm28718" 0 NA NA NA NA 0 0 "Uqcrc2_noRT" "non-targeting_noRT"
"32205" "Gm29162" 0 NA NA NA NA 0 0 "Uqcrc2_noRT" "non-targeting_noRT"
"32206" "Gm28866" 0 NA NA NA NA 0 0 "Uqcrc2_noRT" "non-targeting_noRT"
"32207" "Gm28405" 0 NA NA NA NA 0 0 "Uqcrc2_noRT" "non-targeting_noRT"
"32208" "Gm28406" 0 NA NA NA NA 0 0 "Uqcrc2_noRT" "non-targeting_noRT"
"32209" "Gm29436" 0 NA NA NA NA 0 0 "Uqcrc2_noRT" "non-targeting_noRT"
"32210" "Gm28977" 0 NA NA NA NA 0 0 "Uqcrc2_noRT" "non-targeting_noRT"
"32211" "Gm28407" 0 NA NA NA NA 0 0 "Uqcrc2_noRT" "non-targeting_noRT"
"32212" "Gm29392" 0 NA NA NA NA 0 0 "Uqcrc2_noRT" "non-targeting_noRT"
"32213" "Gm29393" 0 NA NA NA NA 0 0 "Uqcrc2_noRT" "non-targeting_noRT"
"32214" "Gm21294" 0 NA NA NA NA 0 0 "Uqcrc2_noRT" "non-targeting_noRT"
"32215" "Gm28672" 0 NA NA NA NA 0 0 "Uqcrc2_noRT" "non-targeting_noRT"
"32216" "Gm28670" 0 NA NA NA NA 0 0 "Uqcrc2_noRT" "non-targeting_noRT"
"32217" "Gm28673" 0 NA NA NA NA 0 0 "Uqcrc2_noRT" "non-targeting_noRT"
"32218" "Gm28674" 0 NA NA NA NA 0 0 "Uqcrc2_noRT" "non-targeting_noRT"
"32219" "Gm21996" 0 NA NA NA NA 0 0 "Uqcrc2_noRT" "non-targeting_noRT"
"32220" "Gm28930" 0 NA NA NA NA 0 0 "Uqcrc2_noRT" "non-targeting_noRT"
"32221" "Gm29504" 0 NA NA NA NA 0 0 "Uqcrc2_noRT" "non-targeting_noRT"
"32222" "Gm20837" 0 NA NA NA NA 0 0 "Uqcrc2_noRT" "non-targeting_noRT"
"32223" "Gm28300" 0 NA NA NA NA 0 0 "Uqcrc2_noRT" "non-targeting_noRT"
"32224" "Gm28301" 0 NA NA NA NA 0 0 "Uqcrc2_noRT" "non-targeting_noRT"
"32225" "Gm21860" 0 NA NA NA NA 0 0 "Uqcrc2_noRT" "non-targeting_noRT"
"32226" "Gm21748" 0 NA NA NA NA 0 0 "Uqcrc2_noRT" "non-targeting_noRT"
"32227" "AC125149.5" 0 NA NA NA NA 0 0 "Uqcrc2_noRT" "non-targeting_noRT"
"32228" "AC125149.1" 0 NA NA NA NA 0 0 "Uqcrc2_noRT" "non-targeting_noRT"
"32229" "AC125149.4" 0 NA NA NA NA 0 0 "Uqcrc2_noRT" "non-targeting_noRT"
"32230" "AC133103.4" 0 NA NA NA NA 0 0 "Uqcrc2_noRT" "non-targeting_noRT"
"32231" "AC133103.6" 0 NA NA NA NA 0 0 "Uqcrc2_noRT" "non-targeting_noRT"
"32232" "AC133103.7" 0 NA NA NA NA 0 0 "Uqcrc2_noRT" "non-targeting_noRT"
"32233" "AC133103.5" 0 NA NA NA NA 0 0 "Uqcrc2_noRT" "non-targeting_noRT"
"32234" "Vmn1r186" 0 NA NA NA NA 0 0 "Uqcrc2_noRT" "non-targeting_noRT"
"32235" "AC102264.1" 0 NA NA NA NA 0 0 "Uqcrc2_noRT" "non-targeting_noRT"
"32236" "AC132444.1" 0 NA NA NA NA 0 0 "Uqcrc2_noRT" "non-targeting_noRT"
"32237" "AC132444.3" 0 NA NA NA NA 0 0 "Uqcrc2_noRT" "non-targeting_noRT"
"32238" "AC132444.4" 0 NA NA NA NA 0 0 "Uqcrc2_noRT" "non-targeting_noRT"
"32239" "AC132444.2" 0 NA NA NA NA 0 0 "Uqcrc2_noRT" "non-targeting_noRT"
"32240" "AC132444.6" 0 NA NA NA NA 0 0 "Uqcrc2_noRT" "non-targeting_noRT"
"32241" "CAAA01165726.1" 0 NA NA NA NA 0 0 "Uqcrc2_noRT" "non-targeting_noRT"
"32242" "Ccl21b.1" 0 NA NA NA NA 0 0 "Uqcrc2_noRT" "non-targeting_noRT"
"32243" "AC087559.3" 0 NA NA NA NA 0 0 "Uqcrc2_noRT" "non-targeting_noRT"
"32244" "Fam205a4.1" 0 NA NA NA NA 0 0 "Uqcrc2_noRT" "non-targeting_noRT"
"32245" "AC087559.2" 0 NA NA NA NA 0 0 "Uqcrc2_noRT" "non-targeting_noRT"
"32246" "Ccl21c" 0 NA NA NA NA 0 0 "Uqcrc2_noRT" "non-targeting_noRT"
"32247" "AC140325.2" 0 NA NA NA NA 0 0 "Uqcrc2_noRT" "non-targeting_noRT"
"32248" "AC140325.1" 0 NA NA NA NA 0 0 "Uqcrc2_noRT" "non-targeting_noRT"
"32249" "Gm3286.1" 0 NA NA NA NA 0 0 "Uqcrc2_noRT" "non-targeting_noRT"
"32250" "AC140325.3" 0 NA NA NA NA 0 0 "Uqcrc2_noRT" "non-targeting_noRT"
"32251" "AC140325.4" 0 NA NA NA NA 0 0 "Uqcrc2_noRT" "non-targeting_noRT"
"32252" "Vmn2r122" 0 NA NA NA NA 0 0 "Uqcrc2_noRT" "non-targeting_noRT"
"32253" "Il11ra2.1" 0 NA NA NA NA 0 0 "Uqcrc2_noRT" "non-targeting_noRT"
"32254" "Ccl27a.1" 0 NA NA NA NA 0 0 "Uqcrc2_noRT" "non-targeting_noRT"
"32255" "CR974586.2" 0 NA NA NA NA 0 0 "Uqcrc2_noRT" "non-targeting_noRT"
"32256" "Ccl21c.1" 0 NA NA NA NA 0 0 "Uqcrc2_noRT" "non-targeting_noRT"
"32257" "CR974586.3" 0 NA NA NA NA 0 0 "Uqcrc2_noRT" "non-targeting_noRT"
"32258" "CR974586.5" 0 NA NA NA NA 0 0 "Uqcrc2_noRT" "non-targeting_noRT"
"32259" "4933409K07Rik" 0 NA NA NA NA 0 0 "Uqcrc2_noRT" "non-targeting_noRT"
"32260" "CR974586.1" 0 NA NA NA NA 0 0 "Uqcrc2_noRT" "non-targeting_noRT"
"32261" "Ccl27a.2" 0 NA NA NA NA 0 0 "Uqcrc2_noRT" "non-targeting_noRT"
"32262" "Il11ra2.2" 0 NA NA NA NA 0 0 "Uqcrc2_noRT" "non-targeting_noRT"
"32263" "Ccl19.1" 0 NA NA NA NA 0 0 "Uqcrc2_noRT" "non-targeting_noRT"
"32264" "Ccl21a.1" 0 NA NA NA NA 0 0 "Uqcrc2_noRT" "non-targeting_noRT"
"32265" "Gm10931" 0 NA NA NA NA 0 0 "Uqcrc2_noRT" "non-targeting_noRT"
"32266" "CT868723.1" 0 NA NA NA NA 0 0 "Uqcrc2_noRT" "non-targeting_noRT"
"32267" "AC164084.2" 0 NA NA NA NA 0 0 "Uqcrc2_noRT" "non-targeting_noRT"
"32268" "AC164084.3" 0 NA NA NA NA 0 0 "Uqcrc2_noRT" "non-targeting_noRT"
"32269" "AC164084.1" 0 NA NA NA NA 0 0 "Uqcrc2_noRT" "non-targeting_noRT"
"32270" "AC165294.1" 0 NA NA NA NA 0 0 "Uqcrc2_noRT" "non-targeting_noRT"
"32271" "AC165294.2" 0 NA NA NA NA 0 0 "Uqcrc2_noRT" "non-targeting_noRT"
"32272" "AC165294.3" 0 NA NA NA NA 0 0 "Uqcrc2_noRT" "non-targeting_noRT"
"32273" "AC125178.1" 0 NA NA NA NA 0 0 "Uqcrc2_noRT" "non-targeting_noRT"
"32274" "AC125178.3" 0 NA NA NA NA 0 0 "Uqcrc2_noRT" "non-targeting_noRT"
"32275" "AC125178.2" 0 NA NA NA NA 0 0 "Uqcrc2_noRT" "non-targeting_noRT"
"32276" "AC123873.3" 0 NA NA NA NA 0 0 "Uqcrc2_noRT" "non-targeting_noRT"
"32277" "AC123873.1" 0 NA NA NA NA 0 0 "Uqcrc2_noRT" "non-targeting_noRT"
"32278" "AC123873.2" 0 NA NA NA NA 0 0 "Uqcrc2_noRT" "non-targeting_noRT"
"32279" "AC126035.1" 0 NA NA NA NA 0 0 "Uqcrc2_noRT" "non-targeting_noRT"
"32280" "Gm16367" 0 NA NA NA NA 0 0 "Uqcrc2_noRT" "non-targeting_noRT"
"32281" "AC163611.1" 0 NA NA NA NA 0 0 "Uqcrc2_noRT" "non-targeting_noRT"
"32282" "AC163611.2" 0 NA NA NA NA 0 0 "Uqcrc2_noRT" "non-targeting_noRT"
"32283" "AC140365.1" 0 NA NA NA NA 0 0 "Uqcrc2_noRT" "non-targeting_noRT"
"32284" "AC124606.2" 0 NA NA NA NA 0 0 "Uqcrc2_noRT" "non-targeting_noRT"
"32285" "AC124606.1" 0 NA NA NA NA 0 0 "Uqcrc2_noRT" "non-targeting_noRT"
"32286" "AC133095.2" 0 NA NA NA NA 0 0 "Uqcrc2_noRT" "non-targeting_noRT"
"32287" "AC133095.1" 0 NA NA NA NA 0 0 "Uqcrc2_noRT" "non-targeting_noRT"
"32288" "AC234645.1" 0 NA NA NA NA 0 0 "Uqcrc2_noRT" "non-targeting_noRT"
"32289" "RFP" 0 NA NA NA NA 0 0 "Uqcrc2_noRT" "non-targeting_noRT"
